Car -1 -1 -4.5142 390.0394 182.2765 419.3750 201.9530 1.4938 1.5692 3.8247 -16.6681 2.2849 58.6309 -4.7904 0.7944
Car -1 -1 -4.4748 391.3257 182.4657 422.3208 202.0573 1.4846 1.5401 3.9341 -16.4916 2.2918 58.6248 -4.7482 0.6801
Car -1 -1 -4.5036 388.8661 182.4930 418.5503 201.8178 1.4584 1.5645 3.7309 -16.6486 2.2621 58.2759 -4.7810 0.6719
Car -1 -1 -4.5618 388.3952 182.3678 416.1355 202.2395 1.5033 1.5876 3.9674 -16.8676 2.3034 58.6340 -4.8411 0.6486
Car -1 -1 -7.8538 768.2535 171.3849 808.0440 209.7114 1.4610 1.4817 3.5452 7.2011 1.4047 29.4014 -7.6164 0.6202
Car -1 -1 -4.1762 242.2513 182.7525 301.1106 207.3142 1.5740 1.7571 4.2998 -23.5141 2.2937 50.2602 -4.6120 0.5917
Car -1 -1 -7.3257 762.1535 168.9680 854.9501 210.1684 1.5534 1.6948 4.3276 8.0844 1.4066 29.3263 -7.0598 0.5875
Car -1 -1 -4.5455 387.1039 181.6050 418.2539 202.0105 1.5464 1.7229 4.5000 -16.9325 2.2902 59.0144 -4.8241 0.4632
Car -1 -1 -4.3933 387.0797 181.2013 425.4834 201.9483 1.5812 1.7224 4.4210 -16.6395 2.2900 59.0463 -4.6672 0.4493
Car -1 -1 -7.5804 766.0063 171.0574 824.8981 210.1785 1.4792 1.4844 3.2475 7.4669 1.4110 29.0595 -7.3318 0.4134
Car -1 -1 -4.5643 386.7333 182.8609 414.1013 202.3774 1.4686 1.5889 3.7178 -16.9070 2.3031 58.2421 -4.8459 0.3898
Car -1 -1 -4.4174 390.3861 182.3210 423.9526 201.7354 1.4638 1.5593 3.8308 -16.3478 2.2526 58.2170 -4.6903 0.3842
Car -1 -1 -4.4835 764.6470 167.9503 826.4384 208.5903 1.5382 1.5961 3.9518 7.5835 1.3523 29.4314 -4.2342 0.3076
Car -1 -1 -4.1658 241.6395 182.8716 299.7742 207.2531 1.5687 1.7618 4.1608 -23.6365 2.2978 50.3672 -4.6028 0.3050
Car -1 -1 -7.1335 755.4312 170.3053 848.8441 209.3049 1.4782 1.6319 3.6594 7.7132 1.3813 29.0479 -6.8770 0.3026
Car -1 -1 -4.3366 389.6363 180.7125 430.2733 201.6934 1.6005 1.6908 4.4429 -16.3415 2.2685 59.0627 -4.6057 0.3006
Car -1 -1 -4.7110 388.4011 181.7338 411.2491 201.9247 1.5311 1.7355 4.5111 -17.2749 2.2895 59.2404 -4.9939 0.3006
Car -1 -1 -7.7989 767.0877 173.7096 809.3864 211.7690 1.4261 1.4817 3.1201 7.1122 1.4620 28.8203 -7.5598 0.2930
Car -1 -1 -7.0691 761.4026 169.5920 867.5065 210.1097 1.5301 1.7031 4.1105 8.1928 1.4067 29.0004 -6.7969 0.2695
Car -1 -1 -4.3181 392.0111 181.9806 430.8049 201.6428 1.4850 1.5770 4.1166 -16.1098 2.2533 58.6250 -4.5855 0.2460
Cyclist -1 -1 -8.1402 675.5237 166.9399 689.9753 194.7732 1.7414 0.4303 1.7741 4.6012 1.3711 46.0553 -8.0416 0.2455
Car -1 -1 -4.5705 383.8606 182.4241 412.8072 202.4702 1.4922 1.6856 3.9023 -16.9183 2.2847 57.7205 -4.8548 0.2372
Car -1 -1 -4.3133 391.6777 181.5934 432.2435 201.6279 1.5182 1.6446 4.3106 -16.1300 2.2582 58.8802 -4.5799 0.2274
Car -1 -1 -4.5680 386.3053 182.2893 415.4846 202.2941 1.4797 1.6705 4.0058 -16.6326 2.2580 57.4454 -4.8489 0.2265
Car -1 -1 -7.9248 763.4246 172.2401 807.0793 210.2062 1.4467 1.4583 3.5079 7.0270 1.4231 29.3434 -7.6925 0.2237
Car -1 -1 -4.6196 386.3485 182.1893 412.4124 202.3109 1.5211 1.6607 4.1182 -17.1349 2.3090 58.7453 -4.9025 0.2219
Cyclist -1 -1 -8.1159 675.9496 166.7114 690.4455 194.9033 1.7543 0.4574 1.8156 4.6067 1.3718 45.8323 -8.0167 0.1501
Car -1 -1 -4.1751 206.1566 185.3384 276.9759 217.3993 1.5888 1.6232 3.9898 -20.0596 2.3056 39.3959 -4.6436 0.1416
Car -1 -1 -7.8443 763.2036 173.8244 804.9256 212.3315 1.4330 1.5244 3.2255 6.8790 1.4737 28.6882 -7.6118 0.1407
Car -1 -1 -3.7076 751.5715 170.1717 855.0237 208.8060 1.4691 1.6097 3.7010 7.6476 1.3668 28.7676 -3.4507 0.1388
Car -1 -1 -6.6295 766.3943 170.5686 881.9410 209.3498 1.4826 1.6442 4.0620 8.3699 1.3949 28.5354 -6.3475 0.1269
Car -1 -1 -4.5733 388.9260 181.6485 418.4182 201.8735 1.4895 1.6835 4.1822 -16.3475 2.2134 57.2289 -4.8507 0.1213
Car -1 -1 -4.2764 390.7379 181.6872 431.3144 201.5369 1.4860 1.5914 4.0290 -15.9746 2.2219 58.0206 -4.5443 0.1175
Car -1 -1 -4.1767 204.3691 187.6717 273.0749 218.3453 1.4976 1.6080 3.7488 -20.0230 2.3378 39.0062 -4.6484 0.1151
Car -1 -1 -6.4244 770.0767 171.4501 885.0816 210.7992 1.4781 1.5942 4.1091 8.3684 1.4250 28.1868 -6.1391 0.1075
Car -1 -1 -7.8657 772.4905 175.8465 811.7429 215.6334 1.4342 1.3949 3.4618 7.0185 1.5582 28.1300 -7.6242 0.1015
Car -1 -1 -4.5492 380.9001 183.0060 409.3091 202.5854 1.4711 1.6175 3.6692 -17.3002 2.3156 58.1248 -4.8376 0.0979
Pedestrian -1 -1 -7.8951 677.6473 166.0343 688.1693 194.4073 1.7908 0.6298 0.8779 4.6105 1.3601 45.9981 -7.7962 0.0971
Car -1 -1 -4.5211 759.4880 176.7607 811.4272 215.7251 1.3940 1.3759 3.2194 6.7854 1.5543 27.9147 -4.2856 0.0947
Car -1 -1 -7.0794 53.6677 190.9231 152.9287 225.1329 1.5207 1.6862 4.1544 -25.5923 2.4911 36.5734 -7.6868 0.0843
Car -1 -1 -6.7728 41.5758 191.1815 141.6530 225.5135 1.5018 1.6055 3.7051 -25.6215 2.4603 35.7317 -7.3915 0.0743
Car -1 -1 -4.1899 201.5641 187.5525 272.1537 218.3453 1.5028 1.6356 3.9641 -20.1955 2.3414 39.1613 -4.6635 0.0701
Car -1 -1 -2.6821 781.6733 169.3907 919.5772 214.7890 1.5740 1.6266 4.6981 8.9371 1.4536 27.2384 -2.3688 0.0671
Car -1 -1 -7.1942 49.3225 190.8162 145.4078 225.0642 1.5245 1.6789 4.3024 -25.9046 2.4899 36.6026 -7.8069 0.0650
Car -1 -1 -6.2492 769.9466 169.9212 900.4703 211.8743 1.5310 1.6953 4.6788 8.6159 1.4237 27.8917 -5.9531 0.0616
Car -1 -1 -6.8671 36.9773 191.2388 140.5238 226.3966 1.5356 1.7370 3.8452 -25.8129 2.5017 35.8232 -7.4881 0.0614
Car -1 -1 -4.5071 83.8987 190.5296 141.9957 223.9778 1.5189 1.6883 3.9203 -25.5487 2.4811 37.1547 -5.1064 0.0595
Car -1 -1 -3.4614 760.8608 170.7278 866.4108 208.5637 1.4455 1.5684 3.6958 7.9320 1.3639 28.4426 -3.1926 0.0561
Car -1 -1 -3.3198 741.2623 173.3418 837.2278 210.4666 1.4164 1.4465 3.4548 6.9489 1.4358 28.3735 -3.0825 0.0517
Car -1 -1 -3.4790 691.3079 176.1586 816.9786 217.7769 1.5417 1.6030 4.5100 5.5135 1.6749 28.0275 -3.2874 0.0512
Car -1 -1 -4.5516 377.0811 182.4262 409.7834 202.9799 1.4905 1.8002 4.2332 -16.9668 2.2705 56.6036 -4.8419 0.0500
Cyclist -1 -1 -8.2469 670.5577 168.3086 687.5576 195.4984 1.7068 0.4246 1.7965 4.3797 1.4211 46.2135 -8.1534 0.0492
Car -1 -1 -4.3931 200.1862 187.4715 259.7445 218.5938 1.5042 1.6337 4.1177 -20.5272 2.3393 39.0699 -4.8743 0.0491
Car -1 -1 -4.1194 200.8517 186.4466 279.9156 217.5171 1.5277 1.7271 4.3559 -20.2765 2.3185 39.7281 -4.5889 0.0474
Car -1 -1 -3.2737 737.4938 173.7055 828.0193 209.4332 1.3644 1.6131 3.2928 6.7337 1.3990 28.5628 -3.0450 0.0434
Car -1 -1 -6.3242 769.6015 171.1850 885.8138 211.6772 1.4984 1.5975 4.1998 8.3164 1.4363 27.9835 -6.0387 0.0388
Car -1 -1 -4.5561 377.3875 180.8802 408.1203 202.4617 1.5338 1.6057 4.2388 -16.5808 2.1714 55.1312 -4.8472 0.0369
Car -1 -1 -4.5796 199.7449 188.2176 244.6420 219.4420 1.4824 1.5860 4.0021 -20.6780 2.3482 38.5254 -5.0696 0.0369
Car -1 -1 -4.5534 642.4504 170.3191 668.7521 189.9583 1.6094 1.6170 4.0200 3.8800 1.4014 61.2690 -4.4908 0.0338
Car -1 -1 -4.6770 100.2251 190.2942 141.9263 222.2732 1.4696 1.6480 4.0187 -25.4793 2.4307 37.6349 -5.2691 0.0334
Car -1 -1 -6.3381 728.7141 170.5543 829.9657 207.9098 1.4358 1.7637 3.8397 6.6648 1.3471 28.9243 -6.1143 0.0281
Car -1 -1 -4.3226 195.8587 187.8844 263.6727 219.4085 1.5049 1.7484 4.1783 -20.3128 2.3551 38.6653 -4.8038 0.0270
Car -1 -1 -4.8369 393.7896 181.1100 420.6459 201.5414 1.4857 1.5317 3.9997 -15.8896 2.1545 56.3370 -5.1109 0.0258
Car -1 -1 -4.5292 634.4307 173.1978 665.8232 193.4312 1.6055 1.7234 5.0239 3.3593 1.6351 59.9882 -4.4739 0.0253
Car -1 -1 -4.6227 387.9156 181.7862 412.9161 201.6643 1.4326 1.5100 3.9899 -16.2550 2.1514 55.9905 -4.9043 0.0229
Car -1 -1 -4.4861 379.1530 181.6171 412.0867 202.3333 1.4943 1.5705 4.0670 -16.5835 2.1979 55.8802 -4.7737 0.0188
Car -1 -1 -6.1005 768.9549 171.8638 904.7511 215.2916 1.5550 1.7172 4.7440 8.6303 1.5192 27.6948 -5.8020 0.0185
Car -1 -1 -3.2030 715.8117 174.9322 821.8339 212.1654 1.4138 1.4582 3.9994 6.1620 1.4986 28.5288 -2.9930 0.0171
Car -1 -1 -4.8827 194.2122 186.9276 242.2446 218.7105 1.5275 1.5730 4.2400 -21.1100 2.3247 38.7357 -5.3791 0.0165
Car -1 -1 -4.2727 364.1805 180.7845 410.6720 203.7026 1.6310 1.7010 4.3631 -16.9925 2.2625 55.2070 -4.5703 0.0161
Car -1 -1 -4.5019 372.7025 181.4330 407.0991 203.5677 1.5917 1.7201 4.0754 -16.9445 2.2778 55.6198 -4.7966 0.0148
Car -1 -1 -3.4161 704.6490 176.5677 815.3984 215.5675 1.4668 1.5503 3.9683 5.7778 1.6165 28.2348 -3.2169 0.0100
Pedestrian -1 -1 -5.0976 928.3786 161.4095 964.4131 233.2187 1.5056 0.5567 0.4719 7.1091 1.2653 15.3748 -4.6722 0.0057
Pedestrian -1 -1 -8.9044 825.9062 162.2217 847.8159 200.2012 1.6170 0.6082 0.6933 9.7599 1.1640 31.1809 -8.6041 0.0054
Car -1 -1 -4.2281 218.7224 189.1661 271.5668 212.0843 1.3394 1.5937 3.4786 -23.4438 2.4282 46.4204 -4.6938 0.0048
Car -1 -1 -6.1445 766.8867 172.6008 895.4301 215.3133 1.5343 1.6114 4.5263 8.3941 1.5249 27.5955 -5.8527 0.0044
Car -1 -1 -3.5458 713.4091 176.8274 822.4619 215.6818 1.4360 1.4394 3.8763 6.0517 1.5957 27.9683 -3.3355 0.0043
Cyclist -1 -1 -8.2315 679.6734 166.8368 698.7560 194.3096 1.6982 0.5305 1.9021 4.9596 1.3260 45.5896 -8.1242 0.0043
Cyclist -1 -1 -4.4796 66.8249 187.8826 89.3145 227.6200 1.7576 0.4532 1.7095 -24.6897 2.4723 33.4522 -5.1118 0.0042
Car -1 -1 -4.2324 218.0647 186.5973 279.9477 210.7747 1.4160 1.7493 4.4372 -23.4713 2.3542 47.0351 -4.6933 0.0041
Cyclist -1 -1 -7.6950 72.3023 190.8604 90.7828 225.6373 1.5732 0.4721 1.5004 -25.0932 2.4462 34.2186 -8.3242 0.0038
Car -1 -1 -4.7257 336.2103 178.2932 356.7862 195.9417 1.4948 1.6803 4.4092 -23.7585 2.0017 64.9266 -5.0755 0.0034
Car -1 -1 -4.3980 336.7263 178.5979 365.6314 196.1976 1.5074 1.4315 3.4842 -23.1997 2.0363 64.7111 -4.7412 0.0032
Car -1 -1 -5.9833 763.2829 173.1858 899.5498 215.8294 1.4922 1.5562 4.6636 8.2467 1.5053 27.2230 -5.6926 0.0031
Car -1 -1 -5.9438 760.4955 173.0758 909.4401 217.5779 1.5530 1.6993 5.1253 8.4126 1.5618 27.4032 -5.6495 0.0029
Pedestrian -1 -1 -6.4621 824.4391 165.2739 843.9307 202.6875 1.5951 0.5996 0.7044 9.6158 1.2717 31.1020 -6.1653 0.0027
Car -1 -1 -4.6220 327.8120 176.2977 353.1371 198.1675 1.6654 1.5568 3.7796 -21.5119 1.9497 57.6118 -4.9781 0.0024
Pedestrian -1 -1 -5.5816 1127.0338 163.1038 1176.8661 246.9550 1.3799 0.5138 0.4463 9.0668 1.2191 12.1514 -4.9524 0.0017
Car -1 -1 -4.4303 334.4449 178.2715 364.9849 196.1673 1.5308 1.6053 3.7208 -23.3520 2.0313 64.7833 -4.7752 0.0017
Car -1 -1 -4.6695 346.1444 179.1130 366.0327 197.6180 1.5763 1.5245 3.7658 -22.8176 2.1562 64.8556 -5.0068 0.0014
Car -1 -1 -4.6157 341.8808 179.2246 364.8553 198.1078 1.6104 1.5687 4.0456 -23.1559 2.2042 65.1377 -4.9562 0.0013
Pedestrian -1 -1 -5.8368 199.1748 178.7499 210.2623 208.0668 1.9150 0.6880 0.3778 -26.7842 2.3069 47.6308 -6.3469 0.0012
Car -1 -1 -4.4155 347.2208 177.9091 378.9251 197.3664 1.6704 1.5967 4.0153 -22.2334 2.1400 65.0324 -4.7439 0.0010
Pedestrian -1 -1 -5.5635 195.8084 178.0347 208.0007 208.6589 2.0002 0.6920 0.3246 -26.9659 2.3445 47.6235 -6.0765 0.0008
Cyclist -1 -1 -4.5475 23.4921 187.2043 45.6215 229.6227 1.7736 0.5146 1.4795 -25.1237 2.4144 31.4632 -5.2173 0.0008
Pedestrian -1 -1 -3.9060 334.8006 174.5623 350.5255 202.6361 2.1463 0.7319 0.8779 -20.6944 2.2794 55.7848 -4.2600 0.0008
Pedestrian -1 -1 -7.2136 62.7196 189.2211 83.7505 226.8452 1.6834 0.6241 0.4428 -24.3643 2.4298 32.6989 -7.8503 0.0007
Pedestrian -1 -1 -3.9612 335.2505 173.5081 351.4163 199.8578 2.0226 0.7142 0.9596 -20.7193 2.0736 55.9952 -4.3143 0.0004
Pedestrian -1 -1 -3.3279 1192.7955 151.0865 1232.1539 237.7590 1.7922 0.6602 0.5217 12.7396 1.3418 15.3340 -2.6444 0.0004
Pedestrian -1 -1 -6.5158 1200.8203 146.3600 1235.6472 224.2585 1.5902 0.6254 0.4179 12.6687 1.0491 15.1021 -5.8275 0.0003
