Car -1 -1 -8.0161 661.7567 193.5172 748.8608 258.4453 1.4169 1.6039 4.1091 2.3587 2.0251 19.1609 -7.8966 0.9994
Car -1 -1 -8.0169 660.7725 194.4341 748.6678 259.4847 1.4199 1.6253 4.1684 2.3550 2.0593 19.2727 -7.8982 0.8143
Car -1 -1 -4.8812 660.5053 191.6379 746.1485 256.6930 1.4404 1.5875 3.7553 2.2979 1.9846 18.9984 -4.7638 0.7526
Car -1 -1 -4.8845 664.2852 191.8286 754.3485 257.3381 1.4496 1.6855 3.7900 2.4515 2.0002 19.0179 -4.7593 0.6219
Car -1 -1 -7.4976 568.7180 173.5543 601.7662 200.1670 2.1607 1.6982 3.3899 -2.0724 2.2210 60.5575 -7.5321 0.1657
Pedestrian -1 -1 -4.0706 675.1705 177.1806 688.0110 213.5578 1.7688 0.5361 0.3313 3.4772 1.9830 35.4592 -3.9743 0.0834
Car -1 -1 -4.2376 563.2849 173.0288 602.2731 199.5393 2.1485 1.8092 3.6343 -2.2747 2.1634 60.5317 -4.2755 0.0702
Pedestrian -1 -1 -2.9259 656.0393 184.2349 666.3161 214.4704 1.8958 0.6820 0.5201 3.2263 2.6264 45.9424 -2.8569 0.0644
Car -1 -1 -4.2842 562.8226 173.9481 600.4446 201.1781 2.1876 1.7399 3.7464 -2.3553 2.2817 60.1949 -4.3237 0.0529
Pedestrian -1 -1 -3.8610 679.2760 175.9103 691.9645 212.3896 1.7737 0.5276 0.3615 3.6745 1.9250 35.4565 -3.7593 0.0519
Pedestrian -1 -1 -6.9849 674.1683 175.7920 689.1244 213.0117 1.7973 0.5466 0.4900 3.4601 1.9421 35.2642 -6.8885 0.0471
Pedestrian -1 -1 -6.5657 714.0302 177.3146 736.6708 231.1395 1.6588 0.5917 0.5556 3.5639 1.8004 22.6204 -6.4122 0.0376
Pedestrian -1 -1 -3.4962 658.2176 183.4593 667.9908 215.1591 1.9936 0.6278 0.4287 3.3484 2.6745 45.9808 -3.4246 0.0330
Pedestrian -1 -1 -4.8393 668.7995 176.3339 683.5161 214.9701 1.8835 0.6668 0.4541 3.2084 2.0554 35.4573 -4.7505 0.0293
Car -1 -1 -4.2424 558.2723 171.0909 600.6385 200.0056 2.3208 1.8061 4.2487 -2.5289 2.1790 60.2199 -4.2846 0.0279
Pedestrian -1 -1 -3.9398 673.9193 176.1177 687.0078 212.9383 1.8039 0.5413 0.3683 3.4484 1.9667 35.7321 -3.8450 0.0276
Pedestrian -1 -1 -3.4225 717.9814 175.7596 740.2449 228.9763 1.6395 0.5750 0.5472 3.6758 1.7315 22.5833 -3.2640 0.0267
Car -1 -1 -4.4224 558.1434 173.1054 593.0544 201.6982 2.2716 1.7308 4.2892 -2.8246 2.2929 59.6547 -4.4699 0.0252
Pedestrian -1 -1 -7.1143 763.2535 173.9530 798.1108 265.7578 2.0206 0.5734 0.5061 3.7942 2.0456 16.2695 -6.8904 0.0244
Pedestrian -1 -1 -3.9565 689.6063 171.6635 706.5451 216.3725 1.7817 0.5388 0.4163 3.5061 1.7339 29.0940 -3.8384 0.0228
Pedestrian -1 -1 -7.6335 666.5016 183.0218 678.3417 213.0741 1.8421 0.6620 0.3907 3.8335 2.4758 44.7067 -7.5491 0.0198
Car -1 -1 -4.2073 553.6840 170.3881 598.1724 199.8229 2.3504 1.7972 4.3870 -2.8095 2.1532 59.9804 -4.2543 0.0150
Car -1 -1 -7.4657 560.5231 170.8604 597.3185 198.7885 2.2619 1.6752 4.0697 -2.5954 2.1002 60.6368 -7.5087 0.0146
Cyclist -1 -1 -7.8158 525.5925 186.5646 533.0419 217.2439 1.6645 0.3628 1.4475 -4.5667 2.4485 40.5391 -7.9278 0.0105
Car -1 -1 -6.6416 711.9125 158.9582 843.0292 209.4089 1.8576 1.9088 4.5419 6.3544 1.3456 27.8213 -6.4198 0.0093
Pedestrian -1 -1 -3.6069 681.7852 175.5542 695.5340 212.0225 1.7547 0.5077 0.4879 3.7830 1.8869 35.0879 -3.5010 0.0088
Pedestrian -1 -1 -3.8259 522.3546 184.3963 537.1348 217.3793 1.8127 0.6003 0.5705 -4.5264 2.4646 40.3571 -3.9375 0.0083
Car -1 -1 -3.3041 705.4756 158.7397 816.3765 207.8253 1.8408 1.8532 3.9645 5.7471 1.3112 28.0577 -3.1045 0.0082
Car -1 -1 -4.9396 580.6674 184.5828 609.0209 205.9885 1.4962 1.3634 3.5618 -1.2023 2.4111 54.4044 -4.9621 0.0081
Car -1 -1 -6.2184 597.6501 186.5081 652.0407 209.8665 1.6661 1.5988 3.9427 1.0961 2.6974 53.5530 -6.1987 0.0081
Car -1 -1 -4.5427 586.7797 185.0978 613.3298 208.4692 1.6307 1.4014 3.6673 -0.7458 2.5839 54.2749 -4.5569 0.0079
Car -1 -1 -6.6107 596.6605 187.6875 656.2432 211.0010 1.6441 1.6376 4.1587 1.1977 2.7846 54.0831 -6.5893 0.0078
Pedestrian -1 -1 -3.3198 779.4983 166.5847 816.8379 271.0642 2.0795 0.5785 0.6373 3.7648 1.9544 14.6709 -3.0746 0.0078
Car -1 -1 -6.0428 590.6785 185.3569 647.4023 206.9708 1.4959 1.7013 3.8535 0.6445 2.4322 52.7493 -6.0312 0.0073
Pedestrian -1 -1 -4.5521 688.4694 168.3273 703.2305 216.3845 1.9404 0.5337 0.4525 3.4582 1.7573 29.4238 -4.4369 0.0071
Car -1 -1 -5.6278 586.4009 183.9591 650.9480 208.4170 1.6319 1.8037 4.4925 0.5662 2.4663 52.1422 -5.6175 0.0069
Cyclist -1 -1 -7.7509 524.5072 184.4616 534.2314 217.9806 1.8292 0.3845 1.6048 -4.5841 2.4972 40.7364 -7.8628 0.0068
Pedestrian -1 -1 -8.2712 545.1042 185.7276 560.1345 214.3781 1.6857 0.7176 0.5978 -3.4783 2.4653 43.2767 -8.3515 0.0062
Car -1 -1 -5.7697 587.9238 182.3318 648.8148 206.1306 1.6250 1.7382 4.1009 0.5669 2.3371 52.4604 -5.7595 0.0059
Car -1 -1 -6.2790 595.3961 186.4203 657.2086 211.1735 1.7594 1.7570 4.4849 1.1729 2.7777 53.2445 -6.2578 0.0055
Pedestrian -1 -1 -7.3217 654.7068 185.3869 667.9996 209.1571 1.7188 0.7135 0.7158 3.7572 2.6511 53.1950 -7.2522 0.0055
Pedestrian -1 -1 -3.4513 712.8760 179.4916 737.6061 233.9378 1.6595 0.5936 0.6042 3.5274 1.8685 22.4156 -3.2981 0.0055
Car -1 -1 -6.1933 596.9777 183.4476 651.1291 206.4440 1.6222 1.7199 3.8353 1.0255 2.4147 52.9390 -6.1746 0.0053
Car -1 -1 -5.5289 582.1176 183.3831 638.7893 206.5546 1.5618 1.7338 4.0207 -0.0263 2.3564 52.4656 -5.5300 0.0052
Car -1 -1 -5.0417 572.6715 183.5459 607.9659 205.8141 1.5468 1.4273 4.0090 -1.5496 2.3825 54.2891 -5.0706 0.0052
Car -1 -1 -6.2807 593.4161 185.6814 648.2010 207.0910 1.5172 1.7175 3.9654 0.7649 2.4766 53.0910 -6.2669 0.0050
Pedestrian -1 -1 -6.9138 695.4080 165.6985 721.5906 222.1528 1.9944 0.6965 0.6456 3.4934 1.7413 25.9499 -6.7822 0.0049
Car -1 -1 -3.3506 701.3693 157.5119 823.1532 211.5513 2.0010 1.9877 4.2508 5.7236 1.4326 27.7281 -3.1496 0.0049
Pedestrian -1 -1 -7.2192 652.1775 185.1677 665.6279 209.4713 1.7581 0.7185 0.6931 3.5759 2.6740 53.1939 -7.1531 0.0047
Car -1 -1 -4.1534 1190.9067 154.8259 1241.0000 374.0000 1.4949 1.6706 4.0903 5.5486 1.4272 3.6572 -3.2020 0.0039
Car -1 -1 -6.1181 592.2068 181.8961 656.4828 208.0021 1.8229 1.8260 4.4458 1.0373 2.4980 52.5903 -6.0991 0.0039
Pedestrian -1 -1 -6.2582 648.7265 183.6621 656.2585 207.3666 1.7632 0.6977 0.5508 3.1752 2.5830 54.3782 -6.2008 0.0035
Pedestrian -1 -1 -7.1198 652.4615 185.3757 665.1273 209.2186 1.7149 0.6924 0.6141 3.5434 2.6396 52.8433 -7.0539 0.0034
Car -1 -1 -4.1668 1241.0000 133.0258 1241.0000 374.0000 1.4950 1.6545 3.9821 6.1169 1.3442 3.5969 -3.1628 0.0032
Car -1 -1 -5.7127 1227.5322 100.6344 1241.0000 374.0000 1.5666 1.5815 3.6669 3.8681 1.5629 1.9066 -4.6601 0.0030
Car -1 -1 -5.8200 1241.0000 175.1230 1241.0000 374.0000 1.5321 1.6015 3.6660 6.2010 1.5454 2.4372 -4.6645 0.0030
Car -1 -1 -9.0433 0.0000 0.0000 1241.0000 374.0000 1.5409 1.6034 3.6141 5.4235 1.6103 1.3891 -7.7737 0.0030
Car -1 -1 -8.9519 0.0000 0.0000 1241.0000 374.0000 1.5435 1.5911 3.5847 3.8704 1.5948 1.2952 -7.7713 0.0030
Car -1 -1 -4.1569 1241.0000 124.3248 1241.0000 374.0000 1.5374 1.6538 3.9480 5.7454 1.3802 3.1821 -3.1305 0.0030
Car -1 -1 -8.8326 0.0000 0.0000 1241.0000 374.0000 1.5586 1.5809 3.5510 2.6834 1.5859 1.2007 -7.7713 0.0030
Car -1 -1 -5.7993 1241.0000 154.4807 1241.0000 374.0000 1.5445 1.5846 3.6560 4.9908 1.5404 2.0158 -4.6625 0.0030
Car -1 -1 -9.0578 0.0000 0.0000 1241.0000 374.0000 1.5509 1.6060 3.6411 5.7940 1.5956 1.4162 -7.7743 0.0030
Car -1 -1 -5.7810 1241.0000 175.3056 1241.0000 374.0000 1.5543 1.5870 3.6647 4.6526 1.5670 1.9540 -4.6609 0.0030
Car -1 -1 -5.8283 1241.0000 176.3355 1241.0000 374.0000 1.5412 1.5926 3.6766 5.4259 1.5597 2.0265 -4.6621 0.0030
Car -1 -1 -7.6663 0.0000 0.0000 1241.0000 374.0000 1.5274 1.5703 3.4510 -0.1387 1.5602 1.1791 -7.7703 0.0030
Car -1 -1 -4.1606 1111.9121 158.1092 1241.0000 374.0000 1.5346 1.6755 4.0953 4.7229 1.4899 3.1768 -3.2244 0.0030
Car -1 -1 -8.6783 0.0000 0.0000 1241.0000 374.0000 1.5596 1.5764 3.5381 1.8824 1.5797 1.1697 -7.7709 0.0030
Car -1 -1 -7.4301 1241.0000 126.0495 1241.0000 374.0000 1.5399 1.6683 3.9804 6.4808 1.3940 3.2237 -6.3569 0.0030
Car -1 -1 -7.3307 1241.0000 111.5307 1241.0000 374.0000 1.5724 1.6655 3.9608 5.4711 1.4050 2.8117 -6.2766 0.0030
Car -1 -1 -5.6622 1148.2161 7.1591 1241.0000 374.0000 1.5698 1.5767 3.6625 3.4526 1.5600 1.9105 -4.6608 0.0030
Car -1 -1 -8.5525 0.0000 0.0000 1230.6067 374.0000 1.5542 1.5799 3.5303 1.4812 1.5749 1.1860 -7.7703 0.0030
Car -1 -1 -7.3818 1241.0000 109.9337 1241.0000 374.0000 1.5408 1.6588 3.9558 6.1465 1.3650 2.8423 -6.2830 0.0030
Car -1 -1 -7.9366 0.0000 0.0000 1241.0000 374.0000 1.5458 1.5701 3.4721 0.2561 1.5783 1.1531 -7.7709 0.0030
Car -1 -1 -8.4056 0.0000 0.0000 1136.8201 374.0000 1.5531 1.5710 3.4911 1.0680 1.5747 1.1413 -7.7711 0.0030
Car -1 -1 -9.0723 0.0000 0.0000 1241.0000 374.0000 1.5646 1.6122 3.6818 6.2105 1.6247 1.4423 -7.7743 0.0030
Car -1 -1 -8.8776 0.0000 0.0000 1241.0000 374.0000 1.5537 1.5885 3.5812 3.0942 1.5896 1.2499 -7.7705 0.0030
Car -1 -1 -9.0264 0.0000 0.0000 1241.0000 374.0000 1.5494 1.5956 3.5843 5.0231 1.5958 1.3540 -7.7729 0.0030
Car -1 -1 -8.9233 0.0000 0.0000 1241.0000 374.0000 1.5547 1.5853 3.5555 3.4577 1.5951 1.2451 -7.7721 0.0030
Car -1 -1 -8.9831 0.0000 0.0000 1241.0000 374.0000 1.5503 1.5901 3.5634 4.2453 1.6007 1.3010 -7.7721 0.0030
Car -1 -1 -9.0039 0.0000 0.0000 1241.0000 374.0000 1.5378 1.5955 3.5877 4.6484 1.6025 1.3430 -7.7721 0.0030
Car -1 -1 -8.7568 0.0000 0.0000 1241.0000 374.0000 1.5610 1.5857 3.5705 2.2900 1.5864 1.2151 -7.7704 0.0030
Car -1 -1 -8.1931 0.0000 0.0000 1032.3037 374.0000 1.5439 1.5753 3.4805 0.6708 1.5731 1.1697 -7.7706 0.0030
Car -1 -1 -5.7895 1241.0000 172.2754 1241.0000 374.0000 1.5435 1.5993 3.6673 5.7618 1.5427 2.4577 -4.6647 0.0030
Car -1 -1 -5.7442 1241.0000 132.9085 1241.0000 374.0000 1.5562 1.5792 3.6443 4.2153 1.5513 1.9420 -4.6618 0.0030
Car -1 -1 -3.1788 594.1421 184.8904 652.3353 208.5054 1.7198 1.7068 4.3180 0.9364 2.6413 54.3595 -3.1623 0.0030
Pedestrian -1 -1 -3.0742 643.6935 183.7853 650.5739 204.5047 1.7123 0.7326 0.5287 3.0869 2.6337 60.4416 -3.0240 0.0030
Car -1 -1 -4.9358 588.7614 184.3309 620.0725 207.7953 1.5818 1.5285 3.4935 -0.4683 2.4441 52.3524 -4.9453 0.0029
Car -1 -1 -3.3739 681.6140 163.8150 807.5131 218.4416 1.9959 1.9252 4.3749 4.9992 1.6653 27.4431 -3.1962 0.0028
Pedestrian -1 -1 -3.1503 643.3515 185.5120 649.9435 205.4263 1.6380 0.6669 0.5416 3.0271 2.6987 60.1315 -3.1008 0.0022
Pedestrian -1 -1 -4.9563 1187.8937 147.0160 1241.0000 337.0656 1.9289 0.6161 0.6560 6.6316 1.6663 7.7516 -4.2680 0.0019
Pedestrian -1 -1 -5.7897 326.3448 189.9762 367.5851 277.9956 1.4505 0.4642 0.4976 -4.5185 1.7474 12.2599 -6.1366 0.0018
Car -1 -1 -4.6842 583.5950 184.6488 607.2219 207.5257 1.5473 1.6206 3.5320 -1.0611 2.4326 52.4016 -4.7049 0.0017
Car -1 -1 -6.5937 591.6144 187.0810 650.1908 210.0020 1.6072 1.5865 4.0618 0.7742 2.6909 53.6244 -6.5799 0.0017
Pedestrian -1 -1 -2.9438 349.1687 190.3766 384.3871 282.2130 1.5546 0.4502 0.5021 -4.2842 1.8657 12.5661 -3.2667 0.0015
Car -1 -1 -2.9737 595.8398 185.9337 652.1346 209.4656 1.6846 1.5839 4.0118 1.0351 2.6855 54.0819 -2.9553 0.0014
Car -1 -1 -4.6765 589.6149 183.4734 613.2397 207.1579 1.6254 1.6101 3.5846 -0.6299 2.4311 52.9511 -4.6889 0.0013
Pedestrian -1 -1 -3.4603 644.9644 182.1890 653.6729 204.4101 1.8382 0.7977 0.5036 3.2706 2.6267 60.5175 -3.4071 0.0011
Pedestrian -1 -1 -2.8512 339.4599 189.8983 380.4897 284.5789 1.5680 0.4485 0.5536 -4.2994 1.8630 12.2691 -3.1824 0.0010
Pedestrian -1 -1 -5.8263 589.4302 172.4949 599.8177 197.3916 2.1797 0.7655 0.6451 -1.3782 2.1480 63.6535 -5.8483 0.0002
Pedestrian -1 -1 -3.0747 646.9596 180.7201 653.7906 204.2937 1.8358 0.7948 0.4872 3.1581 2.4604 56.8976 -3.0200 0.0001
