Car -1 -1 -4.6197 0.0000 214.1492 93.4813 295.6638 1.4497 1.5424 3.7821 -13.2138 2.5305 16.8794 -5.2765 0.9728
Car -1 -1 -4.6617 0.0000 211.3443 35.8146 350.6355 1.4766 1.7565 4.2006 -9.9719 2.1827 11.0505 -5.3839 0.9159
Car -1 -1 -4.7061 0.0000 214.9408 86.1552 294.1306 1.4205 1.5182 3.4243 -13.1690 2.5005 16.6992 -5.3663 0.8429
Car -1 -1 -4.6805 0.0000 208.1494 40.4917 347.4056 1.5057 1.7917 4.3420 -10.0851 2.1622 11.1838 -5.4025 0.7372
Car -1 -1 -4.6890 0.0000 204.5818 38.5849 347.0288 1.5334 1.7601 4.6020 -10.0833 2.1248 11.1296 -5.4133 0.7168
Car -1 -1 -4.6634 0.0000 212.1268 87.9652 294.3517 1.4600 1.6542 3.9659 -13.3455 2.4946 16.9149 -5.3239 0.7094
Car -1 -1 -4.6545 0.0000 212.2287 39.7521 349.1630 1.4412 1.6877 4.0796 -9.8030 2.1545 10.9468 -5.3728 0.6984
Car -1 -1 -4.6263 0.0000 215.6516 95.2379 294.6942 1.3759 1.5468 3.6407 -12.9714 2.4772 16.6219 -5.2814 0.5456
Pedestrian -1 -1 -6.2316 273.6358 193.4178 291.0103 230.9122 1.7966 0.6903 0.7439 -16.1712 2.8220 35.5317 -6.6563 0.3968
Pedestrian -1 -1 -6.8767 274.2793 193.2767 296.6845 231.1291 1.8085 0.7236 0.7254 -16.0097 2.8274 35.5101 -7.2979 0.3875
Car -1 -1 -5.0344 0.0000 206.3428 72.5436 337.8121 1.5274 1.6501 4.1761 -10.2571 2.1188 11.0097 -5.7724 0.3259
Pedestrian -1 -1 -2.7651 102.8335 192.6577 187.9938 374.0000 1.8000 0.5696 0.4713 -4.2704 1.9889 6.5716 -3.3237 0.0554
Pedestrian -1 -1 -2.6726 50.7685 184.7280 161.0557 374.0000 1.8873 0.5793 0.6242 -4.6153 2.0004 6.5587 -3.2674 0.0488
Car -1 -1 -8.0133 880.7075 147.3013 930.8057 188.4695 1.8733 1.6551 3.6561 14.1545 0.7102 34.7981 -7.6300 0.0306
Car -1 -1 -6.3127 0.0000 195.8370 88.3234 229.2475 1.6204 1.6646 3.9233 -31.0750 2.9383 39.4923 -6.9763 0.0170
Car -1 -1 -4.5668 238.5100 193.3034 276.1574 219.9521 1.6922 1.8047 4.3892 -25.2932 3.2274 51.8124 -5.0192 0.0129
Cyclist -1 -1 -5.9092 24.2183 201.6219 253.0084 374.0000 1.7611 0.5546 1.6574 -4.2804 2.0395 6.5662 -6.4692 0.0125
Car -1 -1 -3.5826 0.0000 196.6637 69.5875 229.8697 1.5704 1.6376 3.6358 -31.7159 2.9220 38.9748 -4.2624 0.0117
Car -1 -1 -7.7685 924.0244 166.9180 965.4077 200.7318 1.7049 1.7074 3.6115 17.7949 1.4053 38.3724 -7.3376 0.0117
Car -1 -1 -2.3608 0.0000 198.2873 40.6900 229.9679 1.5846 1.6747 4.0670 -33.1723 2.9819 38.6616 -3.0667 0.0115
Car -1 -1 -4.8259 0.0000 196.6710 41.6923 230.9424 1.6540 1.7026 4.0888 -32.7147 3.0308 39.6859 -5.5122 0.0114
Car -1 -1 -2.1459 0.0000 198.0495 44.3194 229.9516 1.5789 1.6304 3.5798 -32.8260 2.9890 39.0838 -2.8413 0.0113
Pedestrian -1 -1 -6.1622 0.0000 198.0509 13.9769 231.9255 1.7277 0.6666 0.6769 -31.8761 3.0689 37.9535 -6.8575 0.0108
Car -1 -1 -2.2828 0.0000 199.3863 45.3249 230.9333 1.5650 1.7201 4.2067 -33.1441 3.0405 38.9558 -2.9845 0.0105
Car -1 -1 -1.9806 0.0000 198.6186 44.9177 231.3810 1.5891 1.6634 4.2006 -32.9387 3.0538 39.3400 -2.6745 0.0096
Car -1 -1 -6.5280 0.0000 196.2269 75.7604 230.0062 1.6348 1.5720 3.2469 -31.2209 2.9592 39.1297 -7.1983 0.0087
Car -1 -1 -2.8142 0.0000 198.1339 34.4748 231.6600 1.5825 1.7209 4.3745 -33.4514 2.9753 38.1368 -3.5309 0.0080
Car -1 -1 -4.6688 0.0000 196.9282 35.7235 231.5833 1.6658 1.5575 3.9781 -32.6270 3.0555 39.6020 -5.3548 0.0079
Car -1 -1 -2.4445 0.0000 199.2718 43.4802 229.6439 1.5256 1.7393 4.4003 -33.3069 2.9746 38.6893 -3.1520 0.0078
Car -1 -1 -2.6095 0.0000 199.4803 40.0098 230.4131 1.5075 1.7117 4.1544 -33.2654 2.9709 38.4557 -3.3193 0.0077
Car -1 -1 -4.6925 243.2682 193.1023 269.3847 219.6886 1.6743 1.5703 4.1058 -24.9762 3.1659 50.9721 -5.1464 0.0073
Car -1 -1 -7.7446 0.0000 196.4916 40.3374 230.2685 1.6252 1.6695 3.6215 -32.4571 2.9820 39.4526 -8.4298 0.0072
Car -1 -1 -7.7292 0.0000 192.1920 47.1747 224.3690 1.5697 1.6410 4.1809 -32.6062 2.7024 40.0641 -8.4092 0.0070
Car -1 -1 -4.6682 0.0000 197.1006 39.7589 230.4235 1.6028 1.5433 3.8507 -32.4148 3.0016 39.6299 -5.3506 0.0066
Car -1 -1 -3.9707 0.0000 195.1354 65.8200 229.9743 1.6903 1.7349 3.7602 -32.1111 2.9663 39.4039 -4.6513 0.0066
Car -1 -1 -2.9185 982.7446 164.9250 1072.9706 196.1816 1.4474 1.5946 3.5476 20.3053 1.0799 35.1985 -2.3991 0.0065
Car -1 -1 -7.7241 239.7203 201.8959 274.5436 232.0989 1.6381 1.4786 3.6719 -21.9492 3.5248 44.9078 -8.1768 0.0064
Car -1 -1 -6.6330 0.0000 196.0473 81.3162 229.3654 1.6080 1.6631 3.6859 -31.5726 2.9457 39.6203 -7.3028 0.0064
Car -1 -1 -5.9579 0.0000 197.4590 77.3095 230.1232 1.5937 1.6176 4.3635 -31.7159 2.9750 39.0019 -6.6374 0.0063
Car -1 -1 -2.9821 0.0000 197.0584 31.1568 232.8557 1.6405 1.7198 4.7416 -33.4676 2.9733 37.7506 -3.7040 0.0062
Car -1 -1 -7.5424 0.0000 197.7459 40.0291 231.7473 1.5928 1.6714 4.1743 -32.8878 3.0272 39.3406 -8.2355 0.0062
Car -1 -1 -4.7067 246.9962 193.5403 272.7607 218.7593 1.5838 1.5801 3.9992 -24.7466 3.1065 50.9777 -5.1569 0.0061
Cyclist -1 -1 -4.0891 37.3823 191.6516 227.7618 374.0000 1.7672 0.5093 1.6981 -4.2453 1.9586 6.4937 -4.6501 0.0056
Car -1 -1 -6.1189 0.0000 193.9786 93.8258 227.9848 1.6751 1.7164 3.9819 -30.7541 2.8769 39.3588 -6.7791 0.0054
Car -1 -1 -6.2057 0.0000 196.3841 78.0260 229.3706 1.6003 1.7153 3.6655 -31.2694 2.9354 39.2142 -6.8757 0.0054
Pedestrian -1 -1 -8.0412 265.2701 192.0016 285.8615 229.0980 1.7940 0.8108 0.7286 -16.7158 2.7625 35.9755 -8.4737 0.0053
Car -1 -1 -2.9601 991.0378 161.2094 1076.1371 191.3250 1.3880 1.6442 3.3181 20.4544 0.8510 34.9570 -2.4345 0.0053
Car -1 -1 -5.9329 0.0000 197.1347 77.8363 227.3680 1.4926 1.7376 3.7212 -31.5613 2.8627 39.3093 -6.6063 0.0051
Car -1 -1 -6.6059 0.0000 192.9308 95.6009 228.8549 1.7497 1.7005 3.8917 -30.8517 2.9086 39.5692 -7.2650 0.0049
Car -1 -1 -3.3070 0.0000 195.6712 91.3383 228.6474 1.5850 1.6653 4.1834 -31.3071 2.9068 39.7008 -3.9717 0.0041
Car -1 -1 -6.4267 0.0000 195.7454 82.4490 229.6967 1.6538 1.6032 3.5797 -31.2690 2.9650 39.4899 -7.0933 0.0041
Car -1 -1 -7.9700 0.0000 197.4887 36.4224 231.1189 1.5982 1.7274 4.3503 -32.9355 3.0203 39.5347 -8.6614 0.0040
Car -1 -1 -8.0748 910.3408 163.1843 958.6855 198.5159 1.9930 1.6980 4.3300 19.2227 1.4473 42.9909 -7.6572 0.0039
Car -1 -1 -6.4484 0.0000 192.6205 91.6153 227.8144 1.7189 1.6622 4.1529 -31.2598 2.8630 39.6833 -7.1125 0.0039
Car -1 -1 -7.9069 922.1417 161.5077 958.4293 199.4100 2.1338 1.7101 4.4553 19.5906 1.4947 43.0070 -7.4824 0.0039
Car -1 -1 -7.7948 927.0869 161.8169 963.2067 198.5460 2.0613 1.6966 4.5290 19.9262 1.4416 42.8906 -7.3628 0.0038
Car -1 -1 -6.6716 2.6467 194.5353 88.4253 228.9861 1.6778 1.5720 3.3334 -30.7111 2.9133 39.2883 -7.3320 0.0032
Car -1 -1 -4.3421 0.0000 195.4891 59.0401 230.4857 1.6845 1.6124 3.9365 -32.0611 2.9928 39.5925 -5.0196 0.0031
Car -1 -1 -2.2877 0.0000 192.4505 70.4130 224.1238 1.6127 1.8331 3.5672 -31.9045 2.7172 39.4608 -2.9645 0.0028
Car -1 -1 -3.3482 898.3198 167.9150 982.7928 200.1510 1.6210 1.6721 3.7213 17.0699 1.3724 37.5013 -2.9243 0.0028
Car -1 -1 -6.0526 992.0742 161.3278 1091.0575 195.0103 1.5398 1.8221 3.8046 20.8239 1.0126 34.9593 -5.5193 0.0027
Car -1 -1 -5.9802 1009.4757 163.3909 1099.2400 194.8639 1.4271 1.5450 3.3464 21.1495 0.9977 34.4842 -5.4340 0.0026
Car -1 -1 -7.5398 3.6781 192.6102 66.7434 224.6607 1.5745 1.5951 3.9492 -31.9671 2.7331 40.1981 -8.2086 0.0026
Car -1 -1 -5.4277 1010.9529 161.3691 1092.4546 192.6544 1.4019 1.5542 3.1949 20.7147 0.8869 34.0386 -4.8849 0.0024
Pedestrian -1 -1 -6.7603 1220.8378 159.0026 1241.0000 235.5226 1.5598 0.6078 0.4436 13.1321 1.2772 15.0547 -6.0529 0.0023
Car -1 -1 -3.6249 0.0000 194.2832 69.4050 231.6418 1.7168 1.7384 4.1298 -31.2625 2.9108 37.9695 -4.3104 0.0023
Car -1 -1 -4.6456 237.2364 202.4005 267.5840 232.0801 1.5695 1.4066 4.0065 -22.0424 3.4781 44.4961 -5.1036 0.0022
Car -1 -1 -4.0718 0.0000 189.6077 79.1060 229.8293 1.8765 2.0018 4.2653 -30.2482 2.8002 37.6308 -4.7456 0.0022
Car -1 -1 -6.0794 1006.4080 159.9676 1106.7087 193.0166 1.4961 1.7814 3.8154 21.3386 0.9125 34.6180 -5.5309 0.0021
Car -1 -1 -7.4006 4.6342 192.0580 78.0949 224.4286 1.5971 1.6330 3.9683 -31.6230 2.7233 40.2148 -8.0640 0.0021
Car -1 -1 -4.4589 0.1491 191.4440 59.3522 224.7041 1.6410 1.5824 4.1084 -32.3199 2.7345 40.2551 -5.1323 0.0020
Car -1 -1 -4.3461 0.0000 192.8221 62.6117 228.8322 1.7710 1.5462 3.9039 -32.0441 2.9330 39.9031 -5.0197 0.0020
Pedestrian -1 -1 -4.3731 3.7650 191.5691 24.0584 226.7792 1.8796 0.6106 0.8432 -32.7041 2.9181 39.5494 -5.0609 0.0020
Car -1 -1 -5.9863 1005.7318 159.2146 1106.0587 193.0436 1.5287 1.7689 3.7406 21.2795 0.9121 34.5916 -5.4388 0.0020
Car -1 -1 -5.0818 1009.6124 166.5846 1077.7328 195.7413 1.3485 1.5825 3.7786 21.1210 1.0582 35.3648 -4.5473 0.0020
Car -1 -1 -9.0646 988.1761 166.0341 1075.3625 195.4040 1.3590 1.5477 3.3381 20.4677 1.0431 35.1671 -8.5413 0.0019
Car -1 -1 -5.8688 0.0000 195.7500 81.4159 229.4186 1.6642 1.6333 3.8034 -30.9303 2.9313 38.6689 -6.5402 0.0018
Car -1 -1 -3.7914 0.0000 190.5720 77.4973 231.2205 1.8697 2.0750 4.4290 -30.7817 2.8534 37.6751 -4.4732 0.0018
Car -1 -1 -5.8337 1000.6353 159.1746 1102.2119 192.8568 1.5224 1.7649 3.7702 21.0949 0.9038 34.6741 -5.2910 0.0017
Pedestrian -1 -1 -7.2260 1227.7012 155.3599 1241.0000 236.0008 1.6401 0.7165 0.5366 13.4496 1.2840 15.0839 -6.5078 0.0017
Car -1 -1 -6.3617 1010.1757 161.1093 1101.2792 194.1124 1.6109 1.6988 3.8251 22.6152 1.0373 36.8391 -5.8149 0.0017
Car -1 -1 -5.9136 997.7808 159.8943 1097.9285 193.6915 1.5317 1.7560 3.7381 20.9603 0.9441 34.7147 -5.3743 0.0016
Car -1 -1 -5.9432 0.0000 196.5556 79.7026 230.0007 1.6603 1.5663 3.4432 -30.9977 2.9822 38.9553 -6.6122 0.0015
Car -1 -1 -3.1475 998.5331 162.4171 1073.1354 191.7053 1.4488 1.6370 3.2496 21.8689 0.9322 37.2116 -2.6198 0.0015
Car -1 -1 -6.3453 1002.5388 156.9460 1095.5763 190.4839 1.5411 1.8924 3.7152 21.0556 0.8098 34.8490 -5.8056 0.0015
Car -1 -1 -6.6976 0.0000 193.9442 85.8596 230.2427 1.7193 1.6675 3.8861 -30.7831 2.9126 38.7311 -7.3660 0.0014
Pedestrian -1 -1 -4.2934 9.9281 192.8005 31.1089 225.4611 1.7392 0.5994 0.8600 -32.3160 2.8450 39.5178 -4.9758 0.0013
Cyclist -1 -1 -5.1226 1210.7058 155.7321 1241.0000 238.4857 1.6634 0.6218 1.5475 13.4741 1.3190 15.3349 -4.4115 0.0013
Pedestrian -1 -1 -3.6556 1218.2383 156.3706 1241.0000 232.8260 1.5944 0.5942 0.4413 13.3539 1.2503 15.3801 -2.9503 0.0012
Car -1 -1 -5.7114 1012.6972 160.9317 1110.5692 193.9201 1.4668 1.6138 3.6121 21.1909 0.9364 34.0598 -5.1589 0.0012
Car -1 -1 -5.9032 1014.1876 157.3366 1130.0026 195.2093 1.6634 1.8105 4.2147 21.5927 0.9816 33.9277 -5.3405 0.0012
Car -1 -1 -4.5910 225.5278 200.1257 264.7247 230.9812 1.6389 1.6633 4.0962 -22.4467 3.4017 44.4377 -5.0567 0.0012
Pedestrian -1 -1 -3.8359 1212.4711 155.7082 1241.0000 236.8422 1.6950 0.5647 0.4366 13.2244 1.3365 15.3580 -3.1348 0.0011
Car -1 -1 -5.3347 1011.0357 162.0326 1101.0521 195.3201 1.5122 1.6034 4.0800 21.3937 1.0203 34.8725 -4.7884 0.0009
Car -1 -1 -4.0247 0.0000 188.5955 83.2151 226.5818 1.7831 1.9931 4.1705 -30.1133 2.6514 37.7128 -4.6952 0.0009
Car -1 -1 -8.6760 994.7356 164.7990 1077.5397 193.5424 1.3318 1.5533 3.2983 20.6919 0.9583 35.2357 -8.1488 0.0008
Cyclist -1 -1 -7.8858 851.4266 153.0091 862.0552 193.2861 1.7025 0.3825 1.4428 10.6364 0.8634 31.2459 -7.5608 0.0004
Pedestrian -1 -1 -3.9065 263.4814 182.9182 280.3283 215.5024 1.9899 0.6242 0.7136 -21.0171 2.6205 44.7843 -4.3433 0.0003
Car -1 -1 -7.7003 229.1676 184.6566 276.4411 219.2550 2.1174 2.1466 4.6645 -23.9297 2.9511 48.4408 -8.1572 0.0002
Car -1 -1 -7.5485 230.2465 184.5518 289.1012 218.7817 2.1024 2.1663 4.9895 -23.5875 2.9348 48.7349 -7.9975 0.0001
