Pedestrian -1 -1 -2.2284 125.1554 154.5224 228.1726 315.5933 1.8311 0.5605 1.0158 -5.1903 1.5362 8.4874 -2.7590 0.9644
Pedestrian -1 -1 -2.0989 129.9188 159.1372 218.8061 317.4721 1.7821 0.5062 0.9392 -5.1753 1.5421 8.4080 -2.6322 0.4381
Cyclist -1 -1 -6.9903 51.2361 173.3300 148.4728 267.6921 1.6635 0.3678 1.6322 -9.4988 1.5375 13.3005 -7.5975 0.0928
Pedestrian -1 -1 -3.3361 80.8025 173.5686 118.3207 262.4990 1.6222 0.4924 0.4900 -9.5156 1.4962 13.2450 -3.9460 0.0711
Pedestrian -1 -1 -3.3093 59.0111 184.6670 88.4588 263.1288 1.4028 0.4042 0.3726 -9.7747 1.4811 12.9450 -3.9425 0.0434
Pedestrian -1 -1 -2.8383 65.7603 172.1119 102.6189 264.9414 1.6587 0.4398 0.4273 -9.5498 1.5092 12.9095 -3.4617 0.0230
Cyclist -1 -1 -7.0436 62.2881 173.0950 161.0304 267.7794 1.6978 0.3817 1.7696 -9.4673 1.5654 13.5834 -7.6397 0.0212
Car -1 -1 -5.1403 584.0131 173.3532 626.5022 194.5246 1.4500 1.6332 3.7234 -0.0215 0.9606 50.4572 -5.1390 0.0159
Car -1 -1 -5.1123 581.1403 174.9583 621.4906 195.1701 1.3858 1.6192 3.5602 -0.2996 1.0059 50.4345 -5.1165 0.0143
Car -1 -1 -4.9401 579.0363 174.6300 611.4077 195.9239 1.4687 1.5216 3.7224 -0.7379 1.0638 50.7549 -4.9529 0.0129
Car -1 -1 -4.8101 581.7743 174.9769 609.3253 196.0694 1.4432 1.5995 3.7847 -0.7072 1.0654 50.3481 -4.8223 0.0122
Car -1 -1 -3.9103 0.0000 180.0221 20.5389 221.2874 1.4275 1.5531 4.0332 -24.4786 1.4113 26.5223 -4.6479 0.0117
Cyclist -1 -1 -7.3546 50.9611 175.7517 122.3693 266.4333 1.6064 0.3594 1.5800 -9.7797 1.5227 13.3311 -7.9744 0.0105
Car -1 -1 -5.2335 577.5057 169.4651 624.8194 193.5629 1.6554 1.6630 3.9132 -0.3166 0.8974 50.6816 -5.2380 0.0098
Car -1 -1 -3.6879 0.0000 179.2268 20.5468 220.5159 1.4301 1.5875 4.0730 -24.8344 1.3863 26.6667 -4.4300 0.0097
Car -1 -1 -5.2920 581.5772 172.1719 630.8463 195.3480 1.5911 1.6495 3.9207 0.0463 1.0194 50.6346 -5.2894 0.0085
Car -1 -1 -3.5114 0.0000 177.3989 20.2881 218.7166 1.4410 1.6434 4.1346 -25.1376 1.3331 26.8761 -4.2557 0.0084
Car -1 -1 -4.3890 571.3695 172.2291 607.3818 194.6049 1.5395 1.5408 3.4901 -1.0794 0.9705 50.5419 -4.4085 0.0075
Car -1 -1 -6.8182 554.3543 169.1239 607.9707 190.7861 1.5108 1.5798 3.5504 -1.7048 0.7174 50.9310 -6.8497 0.0074
Car -1 -1 -6.2200 563.2977 169.9360 615.4254 191.1785 1.5223 1.5985 3.7044 -1.1114 0.7652 51.5468 -6.2396 0.0072
Car -1 -1 -4.8084 582.2443 170.1831 605.0840 189.0316 1.3464 1.3732 3.3517 -0.8602 0.6094 52.2463 -4.8229 0.0063
Cyclist -1 -1 -7.4859 65.5347 174.7625 131.7944 267.6355 1.6597 0.3886 1.8156 -9.7168 1.5576 13.5636 -8.0947 0.0060
Car -1 -1 -4.9855 578.1699 172.1420 612.1303 192.5839 1.4255 1.5057 3.7615 -0.7513 0.8427 51.3225 -4.9983 0.0058
Car -1 -1 -6.8673 0.0000 174.8728 107.6310 225.9636 1.5808 1.6470 3.8184 -19.3492 1.4070 23.9472 -7.5387 0.0058
Car -1 -1 -4.0544 0.0000 178.5848 70.7225 228.3262 1.4490 1.7272 3.9102 -19.3840 1.3935 22.5869 -4.7549 0.0058
Car -1 -1 -6.7466 559.1884 168.8579 612.9660 191.7852 1.6099 1.6148 3.5442 -1.3638 0.7924 51.1910 -6.7713 0.0054
Car -1 -1 -3.9691 0.0000 181.1463 69.2332 232.1268 1.4684 1.5921 3.6759 -19.1566 1.4908 22.2824 -4.6704 0.0052
Car -1 -1 -4.4935 573.5424 170.5020 605.7800 193.3253 1.5846 1.5396 3.7858 -1.0681 0.8905 51.0991 -4.5126 0.0052
Car -1 -1 -4.6883 588.7893 169.6515 609.4893 189.9205 1.4439 1.4391 3.4494 -0.4039 0.6711 52.1068 -4.6942 0.0050
Car -1 -1 -4.9431 586.6854 166.8819 640.8094 203.3346 1.4956 1.5713 3.6401 0.2970 0.9371 30.9570 -4.9318 0.0050
Car -1 -1 -5.2138 579.3327 171.2443 623.7106 193.4937 1.5458 1.5746 3.8078 -0.2903 0.9028 51.1698 -5.2177 0.0050
Car -1 -1 -4.8530 578.4913 170.9206 603.5557 189.7081 1.3269 1.3660 3.4390 -1.0485 0.6504 51.7440 -4.8713 0.0049
Car -1 -1 -3.3656 551.5005 168.2500 609.0821 189.8300 1.5199 1.6552 3.8886 -1.7963 0.6572 51.0943 -3.3987 0.0048
Cyclist -1 -1 -7.7099 841.7192 171.0562 880.2307 258.6463 1.4861 0.4409 1.6339 4.6108 1.3262 12.8220 -7.3707 0.0048
Pedestrian -1 -1 -3.6020 53.7877 180.0403 95.7651 264.3489 1.4681 0.4335 0.4565 -9.5053 1.4605 12.6149 -4.2338 0.0047
Car -1 -1 -2.8938 555.5916 169.0273 607.3424 189.6744 1.4726 1.5711 3.4933 -1.6998 0.6543 51.5700 -2.9248 0.0046
Car -1 -1 -2.2937 557.7031 167.5878 610.5615 187.8580 1.4399 1.6694 4.0115 -1.5728 0.5227 52.2607 -2.3218 0.0046
Pedestrian -1 -1 -4.6774 781.7665 184.5518 809.4404 254.6798 1.2232 0.4664 0.4338 3.3617 1.2976 12.6394 -4.4218 0.0044
Car -1 -1 -4.4310 561.7421 167.9842 615.7523 202.9158 1.4496 1.4949 3.3826 -0.6857 0.9304 31.1686 -4.4509 0.0043
Pedestrian -1 -1 -8.3129 838.3305 174.6163 872.1631 232.8788 1.4458 0.6892 0.4153 6.2524 1.3001 17.7942 -7.9789 0.0041
Cyclist -1 -1 -7.9557 775.3358 170.0307 815.6796 252.8371 1.4247 0.5365 1.6415 3.4352 1.2450 13.0170 -7.7018 0.0040
Car -1 -1 -3.7140 0.0000 184.7203 29.2746 224.0253 1.3860 1.5231 3.6655 -24.7712 1.5610 27.3235 -4.4430 0.0038
Car -1 -1 -2.4435 556.6049 165.5229 609.1116 188.9911 1.6677 1.6522 3.6553 -1.6443 0.6034 52.0252 -2.4731 0.0038
Car -1 -1 -7.7041 566.1119 162.0839 615.2131 197.4528 1.5332 1.7312 3.6367 -0.6242 0.7351 32.5668 -7.7212 0.0038
Car -1 -1 -8.9847 0.0000 0.0000 1223.0000 369.0000 1.5938 1.6157 3.5951 4.2184 1.5237 1.2404 -7.7673 0.0037
Car -1 -1 -8.0511 574.7400 162.8421 606.8185 187.3797 1.7513 1.6750 3.7687 -1.0898 0.4910 52.4841 -8.0700 0.0037
Car -1 -1 -8.9750 0.0000 0.0000 1223.0000 369.0000 1.5918 1.5989 3.6024 3.8601 1.5304 1.1676 -7.7713 0.0037
Car -1 -1 -7.0962 0.0000 181.3347 110.7936 228.2862 1.4516 1.5679 3.8584 -19.0078 1.4825 23.9254 -7.7593 0.0036
Car -1 -1 -7.0105 0.0000 180.9462 99.0630 232.5776 1.5516 1.6887 3.8781 -19.1492 1.5678 23.3336 -7.6894 0.0035
Car -1 -1 -8.1927 567.1534 165.5274 605.4006 187.0639 1.5324 1.6661 3.7957 -1.4237 0.4671 52.3794 -8.2178 0.0034
Car -1 -1 -8.9549 0.0000 0.0000 1223.0000 369.0000 1.5705 1.5699 3.5185 3.4470 1.5176 1.1396 -7.7839 0.0034
Car -1 -1 -8.9075 0.0000 0.0000 1223.0000 369.0000 1.5719 1.5828 3.5347 3.0720 1.5322 1.1212 -7.7746 0.0032
Car -1 -1 -7.7934 579.8543 163.1966 605.2784 187.8263 1.7631 1.6553 3.8463 -0.8871 0.5245 52.5726 -7.8084 0.0031
Car -1 -1 -4.4982 559.7179 163.7027 613.4722 198.1514 1.4391 1.6337 3.7280 -0.7807 0.7376 31.5233 -4.5208 0.0030
Car -1 -1 -6.5112 0.0000 0.0000 1223.0000 369.0000 1.5332 1.5809 3.5787 -5.0074 1.6647 1.2791 -7.7706 0.0030
Car -1 -1 -9.0889 0.0000 0.0000 1223.0000 369.0000 1.5099 1.6080 3.8230 3.4075 1.5618 0.4242 -7.7325 0.0030
Car -1 -1 -9.0393 0.0000 0.0000 1223.0000 369.0000 1.5024 1.6091 3.8159 2.6128 1.5852 0.3877 -7.7327 0.0030
Car -1 -1 -6.4869 0.0000 0.0000 1223.0000 369.0000 1.5491 1.5913 3.6627 -5.8146 1.7028 1.3853 -7.7703 0.0030
Car -1 -1 -6.4870 0.0000 0.0000 1223.0000 369.0000 1.5395 1.5821 3.5852 -5.4152 1.6681 1.2645 -7.7709 0.0030
Car -1 -1 -6.5113 0.0000 0.0000 1223.0000 369.0000 1.5692 1.6168 3.6812 -4.2373 1.6584 0.9608 -7.7862 0.0030
Car -1 -1 -4.2296 460.5415 158.4867 588.0720 226.3742 1.7873 1.8947 4.4559 -2.2829 1.2081 21.0355 -4.3343 0.0030
Pedestrian -1 -1 -4.4502 776.9479 174.9184 806.1216 249.1494 1.3301 0.4182 0.4480 3.3751 1.2305 12.9674 -4.1997 0.0028
Car -1 -1 -8.3930 658.0444 170.2087 744.9562 214.1575 1.6250 1.6145 3.9866 3.7408 1.2448 28.2938 -8.2613 0.0026
Car -1 -1 -5.5017 0.0000 183.8630 130.9301 230.2741 1.4254 1.7383 4.1844 -18.0434 1.5404 23.0004 -6.1585 0.0024
Car -1 -1 -8.0373 574.4233 167.6431 601.8170 189.4519 1.5637 1.4592 3.2760 -1.2769 0.6419 52.4475 -8.0597 0.0023
Car -1 -1 -5.1888 667.9800 165.3637 751.6304 210.5457 1.6606 1.6283 3.9914 4.0471 1.1046 28.1393 -5.0458 0.0022
Car -1 -1 -5.3535 0.0000 188.0898 112.3681 232.0210 1.3052 1.5810 3.7801 -18.0684 1.5627 22.7012 -6.0172 0.0021
Pedestrian -1 -1 -6.7553 1166.6956 152.1919 1208.8801 216.4599 1.6303 0.5511 0.6607 15.0109 0.9125 18.2735 -6.0744 0.0020
Car -1 -1 -5.1505 663.3261 168.5954 740.5286 211.1653 1.5886 1.5609 3.8948 3.7877 1.1446 28.4779 -5.0180 0.0019
Car -1 -1 -5.1727 0.0000 188.0244 91.8828 232.0311 1.2768 1.5071 3.3996 -18.1209 1.5304 22.3994 -5.8442 0.0019
Pedestrian -1 -1 -4.5564 72.1125 193.6529 93.3413 238.0530 1.2655 0.4448 0.3577 -15.2259 1.6532 20.5666 -5.1846 0.0017
Car -1 -1 -6.9632 0.0000 182.7576 106.4591 231.5403 1.4776 1.5439 3.6231 -18.9028 1.5592 23.5321 -7.6317 0.0016
Car -1 -1 -5.9021 623.2800 169.0128 747.9536 213.0935 1.6339 1.6157 4.6388 3.1321 1.2084 28.0167 -5.7903 0.0016
Pedestrian -1 -1 -6.0780 745.6685 157.0261 753.9568 182.9147 2.1653 0.6504 0.5631 12.2096 0.2019 59.5463 -5.8750 0.0016
Pedestrian -1 -1 -4.0213 375.7660 205.7829 411.3018 274.1761 1.0593 0.4145 0.3588 -3.4515 1.4755 11.3805 -4.3063 0.0016
Pedestrian -1 -1 -8.2485 847.5645 170.5465 882.8570 232.2820 1.5319 0.7210 0.4317 6.4959 1.2852 17.7772 -7.9022 0.0015
Car -1 -1 -2.3164 646.2529 169.6268 753.6630 214.7494 1.6437 1.7372 4.3209 3.6392 1.2479 28.0216 -2.1870 0.0013
Car -1 -1 -4.9843 644.4910 174.5287 707.2720 213.2875 1.4023 1.4626 3.7671 2.6576 1.1865 27.5634 -4.8875 0.0013
Car -1 -1 -5.3723 673.7739 164.7524 769.0749 210.9761 1.6476 1.5102 3.9547 4.3735 1.0866 27.2995 -5.2135 0.0012
Pedestrian -1 -1 -5.9482 745.5916 158.0889 755.0136 182.3255 2.0173 0.6506 0.5928 12.1961 0.1519 59.2826 -5.7445 0.0012
Pedestrian -1 -1 -3.5857 38.7426 180.1500 75.5802 266.6436 1.5095 0.3912 0.3913 -9.8116 1.5038 12.6034 -4.2332 0.0009
Car -1 -1 -5.1893 656.0388 169.3188 736.5455 209.0112 1.4794 1.4791 4.1251 3.5623 1.0629 28.5445 -5.0647 0.0009
Car -1 -1 -5.0393 652.4957 168.2526 721.9802 210.9753 1.5673 1.4795 4.1278 3.1502 1.1182 28.1121 -4.9272 0.0008
Car -1 -1 -2.3617 639.1989 167.2626 747.2820 212.0474 1.6487 1.7005 4.3326 3.4089 1.1617 28.2555 -2.2412 0.0008
Pedestrian -1 -1 -4.3561 403.4786 203.8397 431.8696 266.1690 1.0025 0.3623 0.3257 -3.1433 1.3947 11.6880 -4.6102 0.0007
Pedestrian -1 -1 -4.4871 61.1141 192.0951 87.4739 242.3623 1.4297 0.5271 0.4357 -15.4606 1.7720 20.5548 -5.1230 0.0007
Car -1 -1 -2.7290 623.9183 172.1611 747.0505 215.4911 1.5912 1.6876 4.5154 3.1041 1.2852 27.8255 -2.6174 0.0007
Car -1 -1 -5.3336 657.0178 168.3817 737.7878 209.2790 1.5176 1.4624 3.4075 3.5761 1.0682 28.0835 -5.2066 0.0006
Pedestrian -1 -1 -2.8045 0.0000 159.2501 29.4207 226.8934 1.5869 0.6440 0.4394 -14.2563 1.0887 16.9653 -3.4921 0.0005
Cyclist -1 -1 -7.5718 6.6715 167.3160 45.7169 230.4779 1.4901 0.3302 1.4928 -14.2920 1.1794 17.4326 -8.2476 0.0004
Pedestrian -1 -1 -6.4343 7.2635 162.2158 42.1905 227.7439 1.5293 0.6633 0.5585 -13.9381 1.1029 16.9307 -7.1119 0.0004
Pedestrian -1 -1 -5.4896 1108.9847 209.8193 1221.3019 369.0000 1.2405 0.4561 0.4900 4.1876 1.4754 5.3798 -4.8545 0.0004
Car -1 -1 -5.1171 659.3143 169.7533 725.9967 209.8253 1.4731 1.4368 3.2122 3.3465 1.0783 27.7345 -4.9966 0.0004
Cyclist -1 -1 -8.1467 564.2261 179.4812 598.7980 243.1979 1.4206 0.3942 1.4801 -0.6079 1.3982 16.5278 -8.1810 0.0004
Pedestrian -1 -1 -6.1910 0.0000 165.4199 16.0326 232.7378 1.5512 0.5175 0.4555 -14.2246 1.2040 16.6343 -6.8871 0.0004
Car -1 -1 -5.0858 650.3198 173.4236 719.6741 212.1829 1.4102 1.5187 3.4635 3.0209 1.1529 27.5940 -4.9762 0.0003
Car -1 -1 -4.8008 663.8192 164.3929 716.5546 208.4748 1.5745 1.6633 3.8634 3.1759 0.9994 27.2085 -4.6841 0.0003
Cyclist -1 -1 -8.1656 590.4254 170.0657 628.9645 242.1818 1.5332 0.4168 1.5023 0.0430 1.3117 15.8112 -8.1611 0.0003
Cyclist -1 -1 -7.0523 320.3509 179.2741 426.2352 275.3899 1.3634 0.5103 1.6516 -3.5699 1.3464 10.8775 -7.3589 0.0002
Pedestrian -1 -1 -4.3148 382.0768 202.9206 418.1890 272.2080 1.1052 0.4521 0.3976 -3.4202 1.4820 11.6477 -4.5913 0.0001
