Car -1 -1 -6.1064 36.5811 184.5148 223.6265 241.9326 1.4329 1.6066 4.0476 -12.7018 1.5221 19.6096 -6.6803 0.9993
Car -1 -1 -7.4841 505.9545 169.8057 575.4175 209.4891 1.6284 1.7012 4.0901 -2.6114 1.1489 31.6779 -7.5708 0.9993
Car -1 -1 -7.2577 325.6716 180.0081 399.2504 209.1562 1.4631 1.6913 4.1470 -12.6514 1.3884 38.2824 -7.5799 0.9434
Car -1 -1 -7.6655 604.5358 168.6650 630.7804 187.3262 1.5402 1.5900 3.7055 1.4410 0.4807 61.2641 -7.6470 0.7495
Car -1 -1 -7.2186 326.6837 180.3912 397.7292 209.2233 1.4464 1.6103 3.8552 -12.6227 1.3910 38.1185 -7.5414 0.7461
Car -1 -1 -7.8385 556.4398 170.1923 580.4491 194.0614 1.5479 1.5564 3.5269 -2.1953 0.8146 48.3733 -7.8886 0.7456
Car -1 -1 -7.6170 579.0594 168.5371 607.1152 186.9492 1.6246 1.7096 3.8888 -0.6941 0.4806 65.4685 -7.6325 0.7141
Car -1 -1 -7.5631 579.4548 168.5420 609.4796 187.1253 1.6368 1.6910 3.9419 -0.5663 0.4952 65.3960 -7.5765 0.6971
Car -1 -1 -7.7632 556.1342 170.1186 583.4626 193.8403 1.5344 1.5412 3.4938 -2.0838 0.7982 48.2426 -7.8111 0.6933
Car -1 -1 -7.6650 605.1843 167.9966 632.9659 187.3974 1.6012 1.6391 4.1994 1.5745 0.4866 61.5102 -7.6444 0.6672
Car -1 -1 -7.6849 579.2516 168.5530 604.1245 186.8959 1.6191 1.6624 3.8344 -0.8238 0.4760 65.4280 -7.7023 0.5912
Car -1 -1 -7.7112 605.1337 169.7269 628.5532 187.4505 1.4615 1.5397 3.3933 1.3614 0.4905 61.0322 -7.6939 0.5748
Car -1 -1 -4.1546 323.8256 179.6125 393.7523 208.4097 1.4458 1.6860 3.9660 -12.8215 1.3513 38.1887 -4.4815 0.5651
Car -1 -1 -7.8809 553.9716 169.0678 578.7107 193.5238 1.5881 1.5498 3.5511 -2.3892 0.7808 48.4789 -7.9348 0.5603
Car -1 -1 -7.9788 548.7850 169.7307 577.9862 194.1790 1.5826 1.5159 3.5172 -2.5858 0.8208 48.3673 -8.0368 0.5323
Car -1 -1 -4.0982 323.8733 180.0899 391.3872 208.8670 1.4322 1.6109 3.5467 -12.7260 1.3622 37.6785 -4.4269 0.4370
Car -1 -1 -7.9634 550.3547 170.3183 579.6535 194.4469 1.5474 1.5418 3.6633 -2.4607 0.8303 48.0013 -8.0192 0.4184
Pedestrian -1 -1 -6.2565 814.8399 139.5228 927.4765 329.5022 1.8535 0.4927 1.0556 2.7224 1.4446 7.4251 -5.9221 0.4176
Car -1 -1 -7.7518 603.2307 169.4374 626.1230 187.7675 1.5139 1.6154 3.5372 1.1814 0.5174 61.1769 -7.7374 0.4168
Car -1 -1 -4.5548 47.2916 188.9276 107.7265 226.6183 1.4278 1.4824 3.6665 -21.7843 1.7582 29.9561 -5.1846 0.3926
Car -1 -1 -7.5390 604.8348 168.8643 635.9883 187.5189 1.5368 1.5707 3.8026 1.6780 0.4957 61.2301 -7.5165 0.3890
Car -1 -1 -7.5132 623.0688 164.9621 655.8862 183.9318 1.7612 1.7861 4.4511 3.7369 0.2255 69.0912 -7.4642 0.3519
Car -1 -1 -7.5966 621.9872 166.5151 649.8723 184.4980 1.6723 1.6857 4.1908 3.3885 0.2785 69.0522 -7.5526 0.3313
Car -1 -1 -4.4492 42.7691 187.4929 113.5450 224.2044 1.4212 1.5552 3.5325 -22.0422 1.6909 30.3647 -5.0781 0.3188
Car -1 -1 -7.8031 604.3743 168.5600 625.1754 187.6242 1.5771 1.6030 3.9092 1.1957 0.5065 61.4283 -7.7886 0.2990
Pedestrian -1 -1 -6.2228 829.8036 130.3122 946.2034 329.8707 1.9226 0.4955 1.0743 2.8782 1.4302 7.3640 -5.8678 0.2948
Car -1 -1 -3.5807 31.7009 186.5513 150.0926 223.7424 1.4588 1.5927 3.8251 -21.7960 1.6901 30.7908 -4.1978 0.2922
Car -1 -1 -7.5486 605.1769 169.5234 634.9029 187.2789 1.4609 1.5591 3.5013 1.6362 0.4753 61.0128 -7.5267 0.2845
Car -1 -1 -4.5925 45.1101 188.6753 102.8298 226.6456 1.4403 1.5104 3.7376 -21.9673 1.7602 30.0009 -5.2255 0.2842
Car -1 -1 -4.0735 310.0822 181.4035 383.7412 210.0720 1.3982 1.6814 3.7570 -13.0654 1.3937 37.0759 -4.4152 0.2381
Car -1 -1 -7.7045 621.5660 167.1752 644.8768 184.7717 1.6374 1.6579 4.1625 3.1243 0.3041 69.0424 -7.6643 0.2301
Car -1 -1 -8.0225 542.6307 170.0817 575.9630 194.8910 1.6055 1.6203 3.7340 -2.8736 0.8666 48.4892 -8.0863 0.2289
Car -1 -1 -4.4587 41.2408 186.8005 112.4035 223.8927 1.4557 1.6018 3.6303 -22.3682 1.6974 30.7389 -5.0888 0.2158
Car -1 -1 -3.9462 30.2809 187.5745 136.4503 224.3741 1.4429 1.5445 3.7150 -22.0703 1.7197 30.7551 -4.5698 0.1798
Car -1 -1 -4.8568 545.0982 170.1340 577.0740 193.9625 1.5194 1.5598 3.8881 -2.7197 0.7947 47.8655 -4.9182 0.1692
Car -1 -1 -3.9030 41.6355 187.1954 149.0270 224.0833 1.4428 1.5519 3.7017 -21.5005 1.7018 30.6685 -4.5155 0.1499
Pedestrian -1 -1 -6.6237 1120.4171 125.6070 1140.9048 195.0870 1.8069 0.4840 0.2847 13.9253 0.3539 18.9532 -6.0015 0.1313
Car -1 -1 -2.7893 18.7421 187.0636 138.1439 223.9317 1.4756 1.6912 3.7441 -22.0934 1.7221 30.4725 -3.4177 0.1276
Cyclist -1 -1 -7.6715 154.6822 176.1971 191.6917 249.4473 1.6477 0.4547 1.6940 -10.1686 1.5290 17.0321 -8.2083 0.1252
Car -1 -1 -4.8842 48.1723 189.5385 113.5433 227.4808 1.4271 1.5347 3.9168 -21.6101 1.7817 29.7428 -5.5135 0.1243
Car -1 -1 -4.2666 40.5937 187.7053 129.0431 225.1225 1.4377 1.5925 3.6710 -21.6126 1.7157 30.1932 -4.8889 0.1203
Car -1 -1 -7.8521 604.2977 170.2291 622.7261 188.1996 1.4780 1.5157 3.2569 1.0403 0.5508 60.7187 -7.8399 0.1152
Car -1 -1 -2.9191 0.0000 188.4158 111.1369 224.8065 1.4202 1.5591 3.5660 -22.8023 1.7235 30.0319 -3.5694 0.0986
Car -1 -1 -3.8755 33.8490 187.1517 141.8410 223.8808 1.4353 1.5620 3.6358 -21.7835 1.6917 30.6121 -4.4951 0.0984
Car -1 -1 -5.3400 25.7288 188.9927 129.0941 226.3213 1.4656 1.5747 3.7779 -21.9380 1.7933 30.0646 -5.9713 0.0827
Car -1 -1 -4.5408 39.5122 189.3214 102.7099 227.4706 1.4082 1.4368 3.9291 -21.6661 1.7517 29.4452 -5.1761 0.0811
Car -1 -1 -2.8676 14.2565 187.4325 134.3264 224.4891 1.4659 1.5756 3.7967 -22.1115 1.7277 30.2666 -3.4995 0.0796
Car -1 -1 -5.9878 0.0000 186.6524 119.1430 224.5376 1.4985 1.5792 3.7556 -22.6995 1.7252 30.1759 -6.6337 0.0725
Car -1 -1 -3.3727 148.0431 187.9036 224.3418 213.5578 1.4687 1.5654 3.7816 -25.3489 1.8769 43.9220 -3.8987 0.0705
Car -1 -1 -4.8230 544.7897 173.9076 578.9009 200.0318 1.4843 1.5829 3.9282 -2.4057 1.0530 42.8834 -4.8837 0.0699
Car -1 -1 -4.8096 551.1547 173.3211 584.1915 199.6385 1.4957 1.5726 3.8922 -2.0559 1.0310 42.8675 -4.8623 0.0649
Car -1 -1 -4.8683 555.2795 173.5036 591.9999 198.8799 1.4346 1.5674 3.9002 -1.6960 0.9827 42.6770 -4.9128 0.0622
Car -1 -1 -4.6590 51.7695 189.1250 104.6085 227.0070 1.4022 1.5475 4.0314 -21.4655 1.7385 29.5495 -5.2882 0.0599
Car -1 -1 -5.2254 18.3742 188.9527 112.9634 226.7974 1.4657 1.5373 3.6801 -22.2739 1.7906 29.8357 -5.8677 0.0590
Car -1 -1 -5.0357 543.2319 173.6468 589.1340 199.3008 1.4498 1.5402 3.9081 -2.1441 1.0062 42.6972 -5.0905 0.0581
Car -1 -1 -4.9840 538.8175 174.3730 581.0908 199.7480 1.4321 1.4988 3.8616 -2.5070 1.0300 42.6118 -5.0474 0.0559
Car -1 -1 -4.9553 535.2871 173.5780 578.0405 200.2513 1.5097 1.6089 3.9734 -2.7159 1.0615 42.7961 -5.0233 0.0537
Car -1 -1 -3.4059 152.4290 187.4001 231.1887 213.2904 1.4877 1.6002 3.9210 -25.1092 1.8661 44.1150 -3.9259 0.0534
Car -1 -1 -2.9930 0.0000 189.2387 107.5031 227.0219 1.4560 1.4774 3.4587 -22.6621 1.7929 29.7674 -3.6446 0.0467
Pedestrian -1 -1 -5.1514 198.8725 177.5947 217.7768 215.9700 1.7109 0.6163 0.4477 -17.7482 1.5371 32.4074 -5.6541 0.0464
Car -1 -1 -5.5389 30.0622 189.1402 148.8060 225.5046 1.4479 1.5240 4.0935 -21.3856 1.7785 30.0365 -6.1587 0.0460
Car -1 -1 -6.2784 21.9288 187.7848 139.9167 225.6182 1.4730 1.4746 3.9527 -21.8729 1.7536 30.2974 -6.9047 0.0450
Car -1 -1 -6.0592 31.7390 187.0923 155.1679 224.5448 1.4836 1.4896 4.0297 -21.3517 1.7315 30.3451 -6.6735 0.0448
Car -1 -1 -4.7297 559.7184 172.9027 587.7397 199.2759 1.4987 1.5745 3.9050 -1.6881 1.0103 42.8168 -4.7738 0.0444
Car -1 -1 -5.0859 525.0281 173.9755 576.0615 200.6580 1.5074 1.6301 4.0856 -3.0829 1.0825 42.7762 -5.1624 0.0439
Pedestrian -1 -1 -4.4768 157.2135 195.3866 182.8654 248.9178 1.1850 0.4064 0.4499 -9.8338 1.5063 16.3193 -5.0173 0.0414
Car -1 -1 -5.8102 3.5261 188.8764 125.3889 226.1946 1.4850 1.5035 3.8227 -22.4029 1.8049 30.0653 -6.4516 0.0347
Car -1 -1 -2.9371 592.4222 170.1455 637.8174 187.8700 1.4645 1.5588 3.5855 1.1905 0.5261 60.5029 -2.9224 0.0335
Car -1 -1 -2.9159 3.2386 188.8236 119.4873 226.0121 1.4509 1.4954 3.6417 -22.4633 1.7716 30.0066 -3.5595 0.0330
Car -1 -1 -4.5685 561.3290 173.6566 595.7692 199.0847 1.4443 1.5361 3.8270 -1.3192 0.9989 42.7856 -4.6041 0.0290
Car -1 -1 -6.0208 596.5363 169.9442 647.8094 187.5528 1.4446 1.5300 4.0417 1.7706 0.4964 60.2380 -5.9964 0.0278
Car -1 -1 -5.9592 371.1352 180.8393 454.8302 208.7895 1.3893 1.5482 3.8341 -9.5734 1.3567 36.6025 -6.2183 0.0275
Car -1 -1 -2.9218 592.3253 169.9426 641.4279 187.7063 1.4609 1.5494 3.8793 1.3319 0.5102 60.2859 -2.9047 0.0268
Car -1 -1 -2.8612 0.0000 188.3383 102.2214 225.7949 1.4501 1.5371 3.7422 -23.1103 1.7469 29.7330 -3.5227 0.0185
Car -1 -1 -2.7246 0.0000 187.9882 105.1881 223.8700 1.4202 1.5593 3.6128 -23.1637 1.7026 30.0483 -3.3822 0.0176
Car -1 -1 -5.8930 368.9070 180.5396 451.3669 208.5686 1.3929 1.5676 3.7605 -9.7546 1.3454 36.7133 -6.1560 0.0173
Car -1 -1 -2.8572 586.6927 170.0871 634.2378 188.1392 1.4871 1.5480 3.7186 0.7928 0.5468 60.4537 -2.8490 0.0173
Car -1 -1 -3.4464 153.2121 187.3393 226.7146 213.4688 1.5060 1.5560 3.6153 -25.2096 1.8795 44.0858 -3.9684 0.0168
Car -1 -1 -2.8463 578.8185 169.5939 631.3954 188.3060 1.5442 1.5526 4.1679 0.3412 0.5615 60.6312 -2.8456 0.0162
Pedestrian -1 -1 -6.9253 160.2365 185.6415 179.0740 217.0504 1.8491 0.7763 0.6214 -25.7464 2.0986 42.8371 -7.4689 0.0154
Car -1 -1 -2.9632 588.1873 170.1577 635.0235 188.2234 1.4855 1.5403 3.7133 0.8909 0.5527 60.1704 -2.9533 0.0146
Car -1 -1 -7.4130 453.6434 172.0439 489.0274 190.6016 1.7107 1.6626 4.2920 -12.3232 0.8387 68.5036 -7.5953 0.0120
Car -1 -1 -7.3614 485.2263 177.5812 542.5479 205.8983 1.3293 1.3547 3.4587 -4.2916 1.1456 35.5775 -7.4856 0.0032
Car -1 -1 -7.4350 489.4817 175.9599 548.7767 205.8726 1.4004 1.5620 3.7044 -4.0292 1.1413 35.6304 -7.5518 0.0030
Car -1 -1 -6.9068 144.2157 188.0995 224.2408 214.6966 1.5211 1.7040 4.0448 -25.6803 1.9489 44.3640 -7.4340 0.0024
Car -1 -1 -7.6021 497.4087 177.8355 543.7066 207.8561 1.4059 1.4683 3.4615 -3.9501 1.2345 35.4542 -7.7173 0.0019
Car -1 -1 -3.1926 151.3226 188.2749 217.9308 214.7697 1.5288 1.7715 3.4392 -25.5145 1.9597 43.9918 -3.7207 0.0016
Car -1 -1 -3.2016 158.4511 189.5110 226.5695 214.3032 1.4344 1.7202 3.5550 -25.2300 1.9479 44.3459 -3.7214 0.0014
Car -1 -1 -7.4340 493.5680 173.0058 554.3070 203.1867 1.4150 1.6061 3.8001 -3.7987 1.0170 35.7318 -7.5442 0.0014
Cyclist -1 -1 -6.5401 507.9343 171.1103 546.3122 209.1616 1.7674 0.6794 1.6876 -3.5284 1.2851 33.9828 -6.6479 0.0012
Cyclist -1 -1 -7.8241 774.0817 164.5540 781.2557 191.0418 1.4350 0.3511 1.5382 9.7402 0.5171 39.7042 -7.5900 0.0011
Cyclist -1 -1 -7.9163 777.2764 165.0047 786.5585 194.1091 1.5795 0.3711 1.8477 10.0216 0.6845 39.9262 -7.6769 0.0010
Cyclist -1 -1 -6.6899 504.4984 170.9748 544.0302 209.2070 1.7707 0.7132 1.7193 -3.6625 1.2835 34.0057 -6.8014 0.0008
Pedestrian -1 -1 -3.0665 156.5703 175.3504 164.1314 209.5928 1.9555 0.5897 0.3298 -25.3960 1.6044 41.3592 -3.6194 0.0007
Cyclist -1 -1 -2.3898 474.7594 172.1823 510.8469 206.3286 1.5820 0.6755 1.6779 -5.1636 1.1505 34.0307 -2.5443 0.0007
Cyclist -1 -1 -8.0660 487.5727 172.2819 510.0033 209.1067 1.7122 0.6922 1.7856 -4.9326 1.2839 34.3571 -8.2126 0.0005
Cyclist -1 -1 -7.8488 773.9634 164.7371 780.5196 192.9436 1.5320 0.3461 1.7537 9.7606 0.6217 39.9082 -7.6154 0.0005
Pedestrian -1 -1 -6.8955 515.4814 173.7894 534.2871 209.6099 1.6706 0.6316 0.6354 -3.6308 1.3113 33.9497 -7.0064 0.0004
Cyclist -1 -1 -8.2233 483.2200 172.0430 510.3307 209.3153 1.7296 0.7109 1.6849 -5.0115 1.2910 34.2414 -8.3726 0.0003
Pedestrian -1 -1 -8.0618 670.4037 171.2066 689.2142 204.4487 1.3708 0.6833 0.5190 3.2427 0.9467 29.9162 -7.9598 0.0003
