Car -1 -1 -8.0802 704.1680 186.5189 831.7669 272.5807 1.4012 1.5974 3.7303 2.9006 1.7063 14.2361 -7.8843 0.9998
Car -1 -1 -4.4211 174.7203 178.0437 433.6096 361.7427 1.5531 1.5822 3.5885 -3.1382 1.6239 8.0498 -4.7827 0.9998
Car -1 -1 -4.5629 443.4701 179.2955 522.8398 234.7810 1.3957 1.6463 3.9768 -3.5643 1.5974 20.6201 -4.7325 0.9997
Car -1 -1 -4.5741 498.0628 173.5244 550.0995 216.3884 1.5936 1.5636 3.6816 -3.4012 1.6217 28.7406 -4.6914 0.9931
Car -1 -1 -4.8500 652.6566 179.1201 706.0829 220.1235 1.5211 1.6242 3.8801 2.7070 1.7929 29.3479 -4.7596 0.9885
Car -1 -1 -4.6190 530.2930 174.5491 566.7760 206.1580 1.5717 1.5580 3.9408 -3.2320 1.6655 38.0661 -4.7036 0.9519
Car -1 -1 -4.6109 529.5964 175.1309 566.3017 205.6927 1.5187 1.5446 3.9100 -3.2674 1.6449 38.1166 -4.6963 0.8921
Car -1 -1 -4.5842 497.7060 173.1010 550.2451 216.6097 1.6217 1.6023 3.8707 -3.4151 1.6319 28.8592 -4.7015 0.8501
Car -1 -1 -4.6068 528.9587 175.3710 566.6089 206.6616 1.5515 1.5851 3.7972 -3.2664 1.6905 37.9990 -4.6925 0.8498
Car -1 -1 -4.8374 653.0070 178.5117 705.9231 219.7479 1.5316 1.6457 3.8854 2.7074 1.7766 29.3101 -4.7469 0.8487
Car -1 -1 -4.8460 653.5566 178.3592 708.5537 220.4012 1.5625 1.6770 4.1097 2.7790 1.8028 29.4496 -4.7535 0.7838
Car -1 -1 -4.7559 637.1566 176.2737 663.8241 201.2512 1.6008 1.6151 4.0903 2.6715 1.8418 48.8584 -4.7021 0.5504
Car -1 -1 -4.5389 532.7702 173.3065 574.2641 205.5094 1.6094 1.5517 3.7975 -2.9676 1.6342 38.0792 -4.6166 0.5198
Car -1 -1 -4.8584 630.4726 175.7521 662.4407 201.2013 1.6293 1.5731 4.0561 2.3885 1.8332 48.7654 -4.8103 0.4465
Car -1 -1 -4.8465 639.7609 175.9195 679.1857 208.7394 1.6415 1.6030 3.6366 2.5397 1.8119 38.3058 -4.7813 0.4436
Pedestrian -1 -1 -5.8157 221.8434 164.9236 236.6198 211.9954 1.8045 0.4931 0.3168 -14.7712 1.5002 27.9100 -6.2987 0.4284
Car -1 -1 -4.7988 643.6177 176.3157 680.2943 209.1403 1.6416 1.6143 3.7408 2.6768 1.8344 38.3669 -4.7302 0.4261
Car -1 -1 -4.8350 632.3680 175.9381 664.6544 201.0978 1.6169 1.6685 4.3061 2.5428 1.8360 49.1187 -4.7840 0.4137
Car -1 -1 -4.9218 625.9844 175.5445 662.7009 201.0939 1.6461 1.6458 4.2230 2.2587 1.8374 49.1716 -4.8767 0.4122
Car -1 -1 -7.8467 647.9969 176.6629 680.9775 208.6802 1.5948 1.6632 3.9525 2.8737 1.8083 38.4619 -7.7732 0.3990
Pedestrian -1 -1 -4.6900 746.5042 164.0077 760.8676 205.2346 1.9107 0.6471 0.7876 6.7112 1.5004 33.8938 -4.4966 0.3803
Car -1 -1 -4.6255 638.7064 176.5973 668.0073 201.0952 1.5597 1.6281 4.1495 2.9376 1.8237 48.7721 -4.5662 0.3778
Pedestrian -1 -1 -5.5256 222.4571 159.3422 243.0968 199.0380 1.8225 0.6072 0.5949 -17.5526 1.2018 33.4999 -6.0052 0.3341
Car -1 -1 -4.4360 635.7422 176.1167 675.4317 200.7751 1.5610 1.6463 3.9422 3.0672 1.7890 48.3730 -4.3735 0.3158
Car -1 -1 -7.8441 649.2490 176.8355 681.7729 208.3512 1.5654 1.6353 3.6586 2.9128 1.7864 38.2088 -7.7692 0.3143
Car -1 -1 -5.0213 618.2720 175.0773 660.2612 201.1730 1.6836 1.6338 4.2549 1.9104 1.8419 49.2055 -4.9832 0.2768
Car -1 -1 -4.6540 638.4833 175.9833 667.0651 200.8062 1.5920 1.6943 4.3969 2.9219 1.8147 49.1338 -4.5954 0.2711
Car -1 -1 -4.5029 638.4459 176.5382 676.1638 200.7880 1.5365 1.6837 4.3235 3.2107 1.7968 48.7287 -4.4379 0.2562
Pedestrian -1 -1 -5.4159 219.3063 158.8956 239.7227 198.8235 1.8328 0.5954 0.5951 -17.7095 1.1918 33.5089 -5.8989 0.2453
Car -1 -1 -4.5473 633.7449 176.1520 667.9164 200.7003 1.5516 1.6718 3.8690 2.7371 1.7813 48.2333 -4.4914 0.2276
Pedestrian -1 -1 -5.7811 224.2880 164.5467 240.9227 212.1665 1.8364 0.5430 0.3562 -14.7400 1.5158 28.1012 -6.2605 0.2119
Car -1 -1 -4.3265 634.4428 175.6776 679.7059 200.5691 1.5654 1.6953 3.8090 3.1366 1.7609 47.9340 -4.2620 0.2103
Pedestrian -1 -1 -7.5088 735.8309 178.7627 756.4731 220.4362 1.6660 0.6817 0.5479 5.4986 1.9096 29.3694 -7.3262 0.2064
Pedestrian -1 -1 -7.6695 217.7225 173.1534 245.5903 229.8449 1.8016 0.6921 0.6375 -12.2784 1.8111 23.3397 -8.1494 0.2042
Pedestrian -1 -1 -5.7525 274.6791 169.6385 291.6794 217.2217 1.7667 0.5106 0.3735 -12.3012 1.6470 27.0632 -6.1758 0.1985
Cyclist -1 -1 -6.1316 727.8922 176.3850 771.6743 219.7289 1.7225 0.6650 1.6695 5.6451 1.8688 29.3616 -5.9442 0.1974
Pedestrian -1 -1 -5.6562 226.7511 161.5315 244.6175 199.3508 1.7506 0.5943 0.4848 -17.5359 1.2262 33.7286 -6.1326 0.1661
Pedestrian -1 -1 -7.7665 217.8461 174.3659 243.7820 231.3040 1.7991 0.6864 0.6230 -12.2535 1.8483 23.2397 -8.2473 0.1532
Pedestrian -1 -1 -5.7522 217.3977 164.6065 232.9866 212.4129 1.8311 0.5105 0.3165 -14.9214 1.5149 27.8990 -6.2396 0.1398
Car -1 -1 -5.0216 621.5599 175.5031 661.6281 201.2240 1.6459 1.5596 3.9695 2.0539 1.8323 48.7286 -4.9802 0.1373
Pedestrian -1 -1 -5.4510 5.0501 153.0430 58.8948 263.9034 1.7672 0.5299 0.4387 -9.4990 1.4511 11.7992 -6.1179 0.1276
Pedestrian -1 -1 -5.5862 218.7579 161.1053 243.3212 201.2138 1.8280 0.6776 0.7417 -17.5242 1.2922 33.2945 -6.0676 0.1260
Car -1 -1 -4.7489 646.2231 176.0467 680.7331 208.0006 1.5695 1.6481 3.7917 2.7125 1.7447 37.7462 -4.6783 0.1252
Pedestrian -1 -1 -4.5033 737.9095 177.7070 758.1932 219.6682 1.6675 0.6976 0.6033 5.5409 1.8662 29.1812 -4.3182 0.1105
Pedestrian -1 -1 -2.4531 346.5099 170.5774 370.1951 224.5369 1.7212 0.5455 0.4887 -8.1910 1.6483 23.3564 -2.7873 0.1021
Pedestrian -1 -1 -5.4914 213.4081 161.4656 239.1585 201.7559 1.8310 0.7121 0.7703 -17.7183 1.3132 33.2462 -5.9779 0.0958
Car -1 -1 -4.7489 634.0967 177.0671 659.8948 200.9863 1.5058 1.5631 3.9905 2.3995 1.7983 48.1360 -4.6999 0.0870
Pedestrian -1 -1 -5.9450 224.8997 160.3383 238.8297 199.0847 1.7975 0.5977 0.4018 -17.7509 1.2166 33.7980 -6.4256 0.0808
Car -1 -1 -4.3317 637.7776 176.3140 686.8730 200.5400 1.5291 1.7259 4.5879 3.5551 1.7739 48.6799 -4.2597 0.0807
Car -1 -1 -4.2598 636.5145 176.3067 686.2407 200.8125 1.5446 1.6534 4.2073 3.4583 1.7863 48.3437 -4.1893 0.0805
Cyclist -1 -1 -5.9577 733.0668 172.1734 779.7817 217.6972 1.7883 0.7338 1.7007 5.8546 1.7613 29.0857 -5.7617 0.0718
Pedestrian -1 -1 -7.4346 741.8208 176.2599 764.4186 218.1883 1.6734 0.6897 0.6705 5.7779 1.8139 29.3463 -7.2428 0.0660
Cyclist -1 -1 -6.2547 734.5056 172.6346 777.9570 217.7574 1.7998 0.7284 1.7101 5.9022 1.7908 29.3256 -6.0587 0.0629
Car -1 -1 -7.7281 648.0728 176.5173 689.6992 209.0398 1.6105 1.7084 4.1409 3.1508 1.8165 38.4273 -7.6474 0.0608
Car -1 -1 -4.9585 634.3339 177.2537 671.1498 202.2641 1.5422 1.5272 3.7398 2.7176 1.8416 47.1686 -4.9018 0.0606
Cyclist -1 -1 -5.6248 734.2387 174.1779 778.8978 218.1728 1.7196 0.6989 1.6891 5.8584 1.7743 29.1208 -5.4289 0.0603
Car -1 -1 -4.5424 544.9385 176.6188 576.6700 199.6261 1.4785 1.5389 3.7386 -3.3299 1.7437 48.9394 -4.6104 0.0557
Pedestrian -1 -1 -5.6408 344.1922 172.8924 368.9646 224.3890 1.6315 0.5837 0.5024 -8.1981 1.6325 23.2147 -5.9771 0.0542
Car -1 -1 -4.2452 638.7722 176.2272 690.3434 200.1282 1.5045 1.6696 4.3507 3.6753 1.7410 48.3609 -4.1703 0.0444
Pedestrian -1 -1 -6.8988 774.9866 165.0999 803.0676 239.6137 1.7976 0.5485 0.4308 4.3472 1.6102 17.7410 -6.6631 0.0384
Car -1 -1 -4.6384 547.1153 175.5462 574.3995 198.8820 1.5125 1.5713 3.9373 -3.3523 1.7031 49.1931 -4.7065 0.0356
Car -1 -1 -4.5552 548.9949 176.7497 579.4052 199.6218 1.4758 1.5049 3.7192 -3.1133 1.7511 49.1321 -4.6185 0.0320
Cyclist -1 -1 -3.0321 717.8237 174.7759 761.6703 219.3738 1.7802 0.7251 1.6936 5.2525 1.8599 29.4367 -2.8579 0.0279
Car -1 -1 -4.7224 632.7845 176.3192 665.5773 208.7494 1.5998 1.6368 4.0392 2.0015 1.7923 38.0843 -4.6708 0.0265
Cyclist -1 -1 -5.3329 728.0396 178.9913 765.9202 220.5411 1.6283 0.6426 1.7044 5.5306 1.8863 29.4530 -5.1498 0.0258
Car -1 -1 -4.3698 629.4328 175.1075 667.0439 195.8112 1.4972 1.5932 4.0384 2.9172 1.6749 54.8209 -4.3174 0.0178
Pedestrian -1 -1 -4.7140 178.0197 166.3915 209.8305 256.7096 1.6271 0.5013 0.4487 -7.7300 1.5103 13.3175 -5.2316 0.0167
Car -1 -1 -4.9474 616.1663 174.7427 653.7847 200.8979 1.6795 1.6097 4.1614 1.6096 1.8128 48.8487 -4.9151 0.0151
Car -1 -1 -4.7456 634.3239 176.5288 656.2614 195.9116 1.3913 1.5153 4.0266 2.6103 1.6793 54.5840 -4.6985 0.0128
Cyclist -1 -1 -5.0465 637.9889 174.0073 658.7026 207.9382 1.7071 0.5385 1.6922 1.9295 1.7677 37.2485 -4.9957 0.0117
Car -1 -1 -4.4275 635.9202 177.5212 671.7919 196.8354 1.3699 1.6091 4.1362 3.3232 1.7362 54.4656 -4.3673 0.0099
Pedestrian -1 -1 -6.0728 483.9460 161.9828 500.0352 197.4905 2.0255 0.6115 0.8033 -6.8185 1.4051 41.4839 -6.2350 0.0095
Car -1 -1 -5.4850 630.4246 177.4371 686.2533 198.0522 1.4104 1.5505 4.1967 3.4379 1.7562 52.3959 -5.4203 0.0093
Pedestrian -1 -1 -3.5010 736.0176 165.0571 751.1944 191.5383 1.7158 0.5097 0.8480 8.6820 1.2103 47.0775 -3.3200 0.0086
Cyclist -1 -1 -5.3964 733.5058 174.6573 773.3351 218.2975 1.7193 0.7196 1.6284 5.7820 1.7946 29.3871 -5.2047 0.0076
Car -1 -1 -4.4553 633.5723 175.6631 667.4403 195.8056 1.4424 1.5828 4.0277 3.0661 1.6624 54.4314 -4.3998 0.0072
Car -1 -1 -4.6394 633.9451 175.5824 657.4877 195.0756 1.4124 1.5112 3.9292 2.7188 1.6273 54.8916 -4.5906 0.0069
Car -1 -1 -1.9520 0.0000 201.8686 245.3049 374.0000 1.3289 1.5823 3.9159 -4.0138 1.5358 3.6684 -2.7464 0.0064
Pedestrian -1 -1 -6.2784 248.8004 167.7976 269.9469 239.4964 1.5377 0.5296 0.4103 -7.7275 1.4289 15.8015 -6.7270 0.0058
Car -1 -1 -1.9702 0.0000 205.2594 314.8842 374.0000 1.3788 1.5651 3.7736 -3.5849 1.6137 3.7264 -2.7012 0.0055
Car -1 -1 -5.4786 629.5010 176.9540 683.6500 196.8929 1.3800 1.5865 4.0514 3.3424 1.6916 52.8424 -5.4162 0.0049
Pedestrian -1 -1 -3.2535 539.1614 173.4289 553.8552 213.2461 1.6508 0.5808 0.5516 -2.7091 1.6749 30.2638 -3.3426 0.0045
Cyclist -1 -1 -6.3807 744.7530 173.5252 793.3203 216.6118 1.7241 0.7309 1.8643 6.4106 1.7516 29.3571 -6.1684 0.0045
Cyclist -1 -1 -6.0452 743.3464 171.6417 795.3839 217.7997 1.8076 0.7701 1.9174 6.3627 1.7598 29.0206 -5.8321 0.0042
Car -1 -1 -5.5928 732.0046 178.9896 834.5765 215.8299 1.3320 1.6000 3.8229 6.7895 1.5934 28.7617 -5.3639 0.0034
Car -1 -1 -2.7279 729.8765 176.7902 818.8621 212.9747 1.3596 1.4568 3.1643 6.5326 1.5256 28.9658 -2.5088 0.0026
Car -1 -1 -5.5603 736.5551 174.4014 839.0331 215.1619 1.4990 1.5288 3.9199 6.9529 1.5647 28.7330 -5.3258 0.0017
Car -1 -1 -5.5939 635.4860 177.2759 706.6661 202.9292 1.5431 1.5438 4.6187 3.8341 1.8399 46.3104 -5.5123 0.0015
Cyclist -1 -1 -2.3394 202.4914 169.3885 256.2250 228.6227 1.8619 0.6799 1.5015 -12.3044 1.7527 23.2392 -2.8219 0.0011
Car -1 -1 -5.6569 733.5961 175.4553 847.4062 216.6853 1.5106 1.6115 4.2716 7.0869 1.6221 28.8547 -5.4190 0.0010
Pedestrian -1 -1 -5.6279 205.4436 150.0488 236.6099 224.8777 1.7809 0.5943 0.3814 -9.4780 1.2378 17.4965 -6.1183 0.0010
Cyclist -1 -1 -2.3764 202.9821 171.2606 256.9841 227.8326 1.7889 0.6662 1.5061 -12.3399 1.7382 23.3465 -2.8582 0.0010
Pedestrian -1 -1 -5.7740 211.0392 155.7921 239.8455 225.3091 1.6771 0.5548 0.4031 -9.4739 1.2652 17.6896 -6.2597 0.0007
Car -1 -1 -5.9484 734.2945 176.7408 847.8389 215.7460 1.4630 1.6222 4.1610 7.2572 1.6300 29.2373 -5.7080 0.0004
Cyclist -1 -1 -5.5772 211.4987 158.2720 251.7072 198.1402 1.8273 0.6214 1.6484 -17.6371 1.1587 33.5578 -6.0580 0.0003
Cyclist -1 -1 -4.4705 221.4726 160.3174 244.6676 197.9878 1.7088 0.5922 1.5822 -17.5644 1.1398 33.5687 -4.9495 0.0002
Car -1 -1 -7.1466 732.8017 176.8494 834.1598 214.1207 1.4406 1.6077 4.4960 7.2854 1.6189 30.2855 -6.9133 0.0002
Car -1 -1 -6.9361 732.8015 174.4403 837.5969 212.0465 1.4625 1.7120 3.9892 7.1912 1.5312 29.7886 -6.7020 0.0001
Cyclist -1 -1 -7.4585 211.8022 172.5152 250.9027 228.6402 1.7593 0.6145 1.4295 -12.2843 1.7484 23.3554 -7.9384 0.0001
Pedestrian -1 -1 -8.0976 771.7455 161.7124 793.6305 208.7334 1.8749 0.7003 0.7346 6.9250 1.4304 29.1428 -7.8671 0.0001
