Car -1 -1 -7.6106 336.4082 180.1545 483.5295 276.3895 1.4353 1.5906 3.6782 -3.2744 1.4306 12.3902 -7.8608 0.9998
Cyclist -1 -1 -6.5790 1085.8431 125.9654 1198.2457 214.1664 1.8158 0.6341 1.8107 11.4204 0.6934 15.1579 -5.9415 0.9807
Pedestrian -1 -1 -6.2657 568.6102 156.4505 591.7304 225.3678 1.8589 0.7775 0.6231 -0.7166 1.2105 19.4654 -6.3000 0.9573
Pedestrian -1 -1 -2.8087 239.5612 178.2794 274.1848 238.2162 1.6664 0.6352 0.7090 -9.8843 1.6049 20.0143 -3.2594 0.9450
Pedestrian -1 -1 -3.0003 207.5920 168.9104 250.7373 242.7365 1.8512 0.6485 0.8945 -9.6929 1.5609 18.1837 -3.4812 0.9210
Cyclist -1 -1 -6.7651 993.5583 137.9391 1071.9421 203.5405 1.8742 0.6058 1.8852 12.3774 0.6586 20.5545 -6.2281 0.9005
Pedestrian -1 -1 -2.8527 237.1050 177.9824 275.0818 238.3937 1.6749 0.6300 0.8150 -9.8878 1.6054 19.9792 -3.3043 0.8790
Cyclist -1 -1 -7.6643 865.0434 156.3990 887.3621 201.4978 1.6934 0.4752 1.8504 10.5147 0.7887 27.4613 -7.3007 0.8726
Car -1 -1 -4.6470 471.6583 168.3860 497.6752 191.0373 1.6285 1.6565 3.9294 -8.9568 0.7576 52.8716 -4.8120 0.8695
Car -1 -1 -4.6399 472.1685 168.5212 498.2874 190.7941 1.5939 1.6217 4.0478 -8.8830 0.7367 52.6889 -4.8042 0.8682
Cyclist -1 -1 -6.4512 278.1991 167.6969 356.0794 242.4178 1.7358 0.6385 1.6672 -7.0086 1.4387 17.1323 -6.8312 0.8576
Car -1 -1 -4.6027 471.8850 168.2902 500.7544 190.8337 1.6210 1.6888 4.0474 -8.8342 0.7431 52.9057 -4.7654 0.7876
Car -1 -1 -3.7524 1040.7153 153.2482 1157.3679 190.5793 1.4354 1.5134 3.5593 19.4433 0.3878 27.9549 -3.1483 0.7549
Pedestrian -1 -1 -2.7386 328.1607 163.7789 368.3881 232.8370 1.8863 0.6644 0.8594 -7.1725 1.4298 19.6699 -3.0813 0.7390
Pedestrian -1 -1 -6.2962 190.9818 178.5842 214.7526 236.8062 1.6932 0.5216 0.6057 -11.9467 1.6378 20.9400 -6.8065 0.7079
Pedestrian -1 -1 -6.2091 566.1854 154.9493 591.0320 225.0632 1.8920 0.7593 0.6297 -0.7597 1.2028 19.4708 -6.2456 0.6979
Pedestrian -1 -1 -6.3991 568.4023 156.0209 592.8284 226.1254 1.8949 0.7659 0.5890 -0.7188 1.2335 19.5336 -6.4335 0.6698
Pedestrian -1 -1 -3.0003 328.3430 163.5469 364.1220 233.3042 1.8991 0.6727 0.8460 -7.2253 1.4379 19.6638 -3.3454 0.6677
Cyclist -1 -1 -7.6713 864.3176 158.3114 885.5372 202.2242 1.6438 0.4540 1.7982 10.4233 0.8134 27.3538 -7.3093 0.6669
Cyclist -1 -1 -6.5485 1082.3711 126.8802 1194.7268 213.5807 1.7913 0.6368 1.8265 11.4014 0.6838 15.2345 -5.9142 0.6389
Car -1 -1 -6.9523 1042.6487 154.1293 1155.9200 191.5376 1.4395 1.5998 3.4459 19.5725 0.4250 28.1166 -6.3478 0.6368
Cyclist -1 -1 -6.4579 278.6115 168.5076 358.7018 244.2091 1.7619 0.6939 1.7144 -7.0000 1.4831 17.2017 -6.8362 0.6307
Cyclist -1 -1 -6.6049 1087.2650 126.4298 1199.2405 214.7689 1.8163 0.6248 1.7979 11.4151 0.7049 15.1141 -5.9663 0.6281
Pedestrian -1 -1 -3.1835 331.9327 163.7304 365.5603 233.4044 1.8836 0.6654 0.8513 -7.1403 1.4306 19.5832 -3.5262 0.6146
Pedestrian -1 -1 -8.0498 199.9432 176.9507 224.9658 236.6721 1.7656 0.5275 0.7584 -11.9001 1.6610 21.3638 -8.5500 0.5936
Pedestrian -1 -1 -5.0786 201.7434 176.5239 230.0564 235.6299 1.7686 0.5607 0.6602 -11.9148 1.6499 21.5842 -5.5752 0.5767
Cyclist -1 -1 -6.6783 790.4376 154.5921 834.5068 197.3545 1.8324 0.5739 1.7485 8.9717 0.7224 30.6796 -6.3948 0.5499
Car -1 -1 -4.7350 470.8680 168.3807 495.5826 191.4373 1.6560 1.7364 4.1224 -9.1517 0.7856 52.9719 -4.9033 0.5477
Cyclist -1 -1 -6.5745 277.5659 169.4241 357.7613 243.8203 1.7238 0.6332 1.6939 -6.9991 1.4675 17.1572 -6.9537 0.5472
Car -1 -1 -6.9882 1035.0581 152.8812 1151.5487 190.8065 1.4586 1.6129 3.6518 19.3895 0.3966 28.1887 -6.3892 0.5175
Cyclist -1 -1 -7.4995 859.6432 156.3679 891.1842 201.0048 1.6779 0.5281 1.8855 10.4859 0.7710 27.4621 -7.1368 0.5078
Car -1 -1 -4.6611 470.3456 169.6351 495.5824 191.8385 1.5767 1.6315 3.9032 -8.9773 0.8052 52.2411 -4.8285 0.5053
Car -1 -1 -6.9675 1031.4410 152.5478 1147.4827 191.1045 1.4717 1.5622 3.6111 19.0561 0.4050 27.9270 -6.3723 0.4862
Cyclist -1 -1 -7.9987 333.3472 163.9731 363.4656 236.2008 1.8737 0.5270 1.7707 -7.0388 1.4453 19.2476 -8.3422 0.4331
Car -1 -1 -6.8895 1041.0144 152.8077 1172.5164 191.9422 1.5032 1.6572 4.0230 19.7613 0.4397 27.9958 -6.2785 0.4065
Cyclist -1 -1 -7.5142 862.0955 156.9193 891.6479 201.7796 1.6875 0.4975 1.8221 10.5379 0.8007 27.4522 -7.1498 0.3937
Car -1 -1 -6.9923 1145.5981 144.3096 1223.0000 187.3411 1.6728 1.6723 3.8149 24.1797 0.2662 28.3342 -6.2897 0.3849
Pedestrian -1 -1 -6.0854 186.0114 179.0101 211.4397 237.3295 1.6987 0.4776 0.5674 -12.0468 1.6556 20.9098 -6.5999 0.3799
Car -1 -1 -6.9621 1041.5636 151.8700 1159.1088 190.4912 1.4730 1.5171 3.6557 19.4349 0.3813 27.8562 -6.3565 0.3692
Car -1 -1 -6.9597 1043.1323 151.2773 1173.7444 191.4655 1.5458 1.7176 4.0666 19.9708 0.4220 28.1817 -6.3468 0.3595
Pedestrian -1 -1 -6.1695 185.9408 180.9722 212.7672 238.3296 1.6565 0.4939 0.6296 -11.9507 1.6709 20.7760 -6.6833 0.3513
Car -1 -1 -4.7591 374.5720 179.6699 431.5114 229.3081 1.4665 1.5997 4.0275 -6.6859 1.4422 23.0521 -5.0360 0.3297
Cyclist -1 -1 -7.6409 861.4828 156.7239 886.1992 201.2611 1.6702 0.5063 1.9333 10.4253 0.7788 27.4638 -7.2802 0.3271
Car -1 -1 -4.7821 467.2379 168.9176 493.8999 191.4386 1.6036 1.6771 4.0381 -9.2699 0.7789 52.5053 -4.9541 0.3078
Car -1 -1 -3.5856 1045.5522 149.2730 1179.3599 189.6895 1.5245 1.6148 3.9650 19.8193 0.3469 27.8041 -2.9699 0.2889
Car -1 -1 -6.8917 1147.4490 144.8368 1223.0000 188.2377 1.6626 1.6895 3.8887 24.1872 0.2966 28.1161 -6.1852 0.2608
Cyclist -1 -1 -7.5276 191.8511 178.5638 229.7453 237.3225 1.6996 0.4663 1.7090 -11.9074 1.6439 21.3334 -8.0287 0.2557
Car -1 -1 -6.8026 1030.9491 151.2147 1147.7206 189.9397 1.4685 1.5158 3.4813 18.8715 0.3582 27.6981 -6.2081 0.2362
Car -1 -1 -4.6159 358.5437 178.5592 421.9696 228.3530 1.4856 1.5883 4.0168 -6.9907 1.4279 23.2168 -4.9029 0.2297
Pedestrian -1 -1 -6.7517 1158.2592 142.1758 1192.2164 189.4677 1.8360 0.5154 0.9026 22.3792 0.3484 27.7941 -6.0777 0.2061
Pedestrian -1 -1 -4.5964 1050.3354 143.8474 1072.1155 193.1108 1.8129 0.6023 0.7914 17.0817 0.4643 26.5170 -4.0278 0.2023
Pedestrian -1 -1 -6.4025 1167.5895 142.2808 1200.4608 189.4324 1.8097 0.5078 0.9362 22.5644 0.3431 27.6019 -5.7211 0.1575
Pedestrian -1 -1 -3.3596 966.2349 132.9462 1005.2025 241.7018 1.8143 0.5241 0.4799 6.4636 1.0214 12.1110 -2.8783 0.1429
Cyclist -1 -1 -7.4276 182.1382 177.6192 226.4879 238.1426 1.7249 0.4612 1.7390 -11.9309 1.6431 21.0362 -7.9354 0.1427
Pedestrian -1 -1 -6.0833 179.6252 181.9508 207.8432 239.1599 1.6507 0.4562 0.6358 -12.0916 1.6942 20.7338 -6.6030 0.1387
Pedestrian -1 -1 -4.6700 1053.4847 144.7370 1072.9900 193.1030 1.7734 0.5823 0.7907 17.0921 0.4624 26.4163 -4.0995 0.1376
Car -1 -1 -4.8147 380.6026 179.2958 446.1539 228.7999 1.4424 1.6267 4.1438 -6.2977 1.4076 22.8270 -5.0786 0.1321
Car -1 -1 -7.0771 1141.7924 143.4784 1223.0000 187.7376 1.7179 1.7166 4.0193 24.1875 0.2812 28.4868 -6.3769 0.1297
Pedestrian -1 -1 -7.6112 332.1085 170.7072 344.4974 197.7039 1.8002 0.5701 0.9395 -17.9706 1.1472 47.6465 -7.9679 0.1294
Car -1 -1 -4.6555 371.3908 176.4597 431.2320 227.1930 1.5300 1.6541 4.1735 -6.7216 1.4085 23.5390 -4.9283 0.1204
Pedestrian -1 -1 -7.4582 391.7545 157.8393 435.5400 239.5953 1.8904 0.6485 1.0652 -4.6070 1.3668 16.9204 -7.7175 0.1192
Car -1 -1 -4.4294 345.5939 176.7414 432.3137 226.6805 1.5096 1.6049 4.2528 -7.0853 1.3963 23.5033 -4.7167 0.1100
Pedestrian -1 -1 -4.4024 1056.7981 144.5190 1081.8721 193.4128 1.7897 0.5879 0.7319 17.2673 0.4729 26.3395 -3.8259 0.0949
Pedestrian -1 -1 -4.0673 1050.2922 143.4082 1080.0596 193.4495 1.8505 0.6104 0.7489 17.2539 0.4791 26.5617 -3.4949 0.0920
Car -1 -1 -4.3292 335.1412 175.6440 430.2010 226.2588 1.5438 1.5957 4.0971 -7.3462 1.3959 23.6757 -4.6246 0.0893
Car -1 -1 -4.7927 388.6916 177.0345 447.9638 226.2166 1.4864 1.5932 3.9387 -6.3028 1.3819 23.4903 -5.0498 0.0813
Pedestrian -1 -1 -4.4191 1145.3960 143.9033 1175.2739 189.8996 1.6829 0.6852 0.7712 20.6819 0.3442 26.3724 -3.7582 0.0701
Pedestrian -1 -1 -3.2516 958.8782 133.9316 996.1689 242.0409 1.7976 0.5307 0.5024 6.3141 1.0237 12.0940 -2.7792 0.0607
Pedestrian -1 -1 -6.3496 798.1652 153.7198 820.6088 196.5892 1.8345 0.6878 0.8898 8.8388 0.6887 30.6862 -6.0701 0.0547
Pedestrian -1 -1 -6.2975 796.4583 154.0686 818.9543 196.8484 1.8301 0.6524 0.9269 8.7646 0.6996 30.6821 -6.0201 0.0514
Pedestrian -1 -1 -7.9279 1143.7267 143.6902 1170.1664 188.8986 1.6640 0.7250 0.7406 20.6736 0.3094 26.5341 -7.2700 0.0441
Car -1 -1 -3.1301 320.9607 176.8203 443.0692 223.8694 1.5054 1.6501 3.8171 -7.5270 1.3879 23.9549 -3.4291 0.0419
Car -1 -1 -7.8137 382.2772 178.9274 437.3468 223.6079 1.4164 1.6640 3.7850 -6.7018 1.3668 24.4434 -8.0763 0.0379
Car -1 -1 -7.5098 343.5553 174.3646 435.7137 223.7894 1.5611 1.7340 4.1204 -7.3464 1.3676 24.4396 -7.7964 0.0375
Car -1 -1 -7.7888 370.6903 175.7796 426.1536 220.4789 1.4553 1.6321 3.5152 -7.2361 1.3019 24.9098 -8.0664 0.0340
Pedestrian -1 -1 -6.3669 1164.3558 141.8935 1193.8309 188.9379 1.8055 0.5280 0.8487 22.3653 0.3241 27.5922 -5.6897 0.0322
Car -1 -1 -8.2341 1043.7926 155.2172 1116.8383 190.6030 1.3514 1.4528 2.9246 19.1056 0.3861 28.5827 -7.6482 0.0308
Pedestrian -1 -1 -3.4319 976.4351 137.2082 1014.7869 246.5057 1.7935 0.5062 0.4326 6.5135 1.0835 11.8936 -2.9402 0.0274
Cyclist -1 -1 -8.0099 894.3658 159.9953 913.9009 203.1810 1.6056 0.4376 1.6108 11.4332 0.8435 27.1212 -7.6134 0.0268
Car -1 -1 -8.2177 1035.4596 154.2267 1116.2128 193.2061 1.4922 1.5536 3.6021 19.1696 0.4866 28.9925 -7.6368 0.0260
Cyclist -1 -1 -7.8635 804.0491 154.5889 818.0173 196.6225 1.7725 0.5608 1.7183 8.9173 0.6801 30.7176 -7.5819 0.0227
Car -1 -1 -5.1439 1206.8308 127.5009 1223.0000 241.0761 1.4603 1.5752 3.9782 11.3917 0.7793 11.2294 -4.3637 0.0211
Car -1 -1 -4.9745 1210.9229 131.3227 1223.0000 242.8594 1.4560 1.5215 3.8975 11.1425 0.8145 11.3040 -4.2085 0.0205
Cyclist -1 -1 -7.6608 857.6857 154.7134 881.2899 198.9376 1.6682 0.5150 1.8969 10.3123 0.6957 27.6146 -7.3054 0.0203
Car -1 -1 -8.4498 1022.6213 153.9606 1114.8079 190.4575 1.4012 1.4750 3.4024 18.7925 0.3825 28.8629 -7.8759 0.0160
Pedestrian -1 -1 -3.1199 965.0753 135.9638 996.0182 247.9852 1.8327 0.5283 0.4510 6.2755 1.1045 11.9074 -2.6440 0.0155
Car -1 -1 -8.3387 1026.1257 155.2553 1115.1974 192.3676 1.4239 1.5328 3.5897 18.9453 0.4556 28.9848 -7.7631 0.0152
Cyclist -1 -1 -2.4382 318.9367 164.8568 382.8865 232.4360 1.8250 0.5298 1.7486 -7.1044 1.4029 19.6524 -2.7782 0.0145
Car -1 -1 -7.7385 359.4366 175.5533 423.1246 220.8859 1.4796 1.7028 3.9578 -7.5465 1.3184 25.1724 -8.0245 0.0130
Car -1 -1 -8.5069 1002.4693 153.3747 1110.1317 192.7602 1.5115 1.6504 3.9766 18.4599 0.4707 29.1900 -7.9461 0.0117
Car -1 -1 -8.3776 1015.3536 154.6080 1111.1920 192.5674 1.4581 1.5728 3.8555 18.7140 0.4638 29.1195 -7.8096 0.0115
Pedestrian -1 -1 -3.3428 847.5001 153.3325 866.3409 199.0760 1.7790 0.5752 0.5934 9.8808 0.7227 27.8242 -3.0033 0.0081
Cyclist -1 -1 -8.1397 1183.1167 146.3552 1223.0000 227.9625 1.4630 0.4097 1.4618 11.4441 0.8513 13.4278 -7.4438 0.0074
Pedestrian -1 -1 -5.8277 0.0000 175.4556 14.3602 230.7492 1.8165 0.4615 0.2249 -19.9107 1.6510 23.4783 -6.5227 0.0061
Cyclist -1 -1 -2.3967 319.1573 165.9489 376.8274 234.3183 1.8488 0.4520 1.6367 -7.1853 1.4556 19.6470 -2.7404 0.0034
Car -1 -1 -6.2735 562.7607 169.9269 609.4022 191.5650 1.5403 1.5940 3.3210 -1.3578 0.7877 51.1540 -6.2981 0.0033
Cyclist -1 -1 -8.2745 1159.4362 140.7007 1223.0000 225.7056 1.5017 0.4703 1.5357 11.0350 0.7990 13.2934 -7.5916 0.0023
Pedestrian -1 -1 -3.2964 530.0536 168.3603 540.7144 191.1592 1.5385 0.4355 0.6616 -4.7300 0.7193 48.0057 -3.3921 0.0002
Cyclist -1 -1 -5.8988 553.8160 159.0980 610.3787 226.8737 1.8196 0.4204 1.5065 -0.6717 1.2453 19.4398 -5.9310 0.0001
Cyclist -1 -1 -5.8522 168.8716 180.2083 235.8396 237.6246 1.6742 0.5378 1.6531 -11.9522 1.6660 20.9501 -6.3625 0.0001
