Car -1 -1 -7.8791 581.9980 179.6160 654.8640 245.0712 1.6024 1.8304 4.1756 0.1193 1.8112 20.2047 -7.8742 0.9964
Cyclist -1 -1 -8.2613 785.7648 160.6596 835.9457 230.8939 1.8429 0.5791 1.9977 5.4742 1.5226 19.9628 -7.9981 0.9847
Car -1 -1 -7.9005 580.7215 183.3973 650.4051 246.1964 1.5137 1.7237 3.9113 0.0123 1.8356 20.0553 -7.9008 0.6790
Car -1 -1 -7.8281 581.8165 184.6196 648.0446 246.2714 1.5067 1.6942 4.1023 0.1387 1.8746 20.5029 -7.8224 0.5566
Pedestrian -1 -1 -1.9668 253.2379 154.9815 324.4259 289.1074 1.9430 0.6832 0.9485 -4.9675 1.6838 11.0267 -2.3817 0.5342
Cyclist -1 -1 -8.2359 790.3868 162.3627 837.4360 233.4065 1.8335 0.5332 1.9357 5.4623 1.5624 19.6134 -7.9689 0.4755
Pedestrian -1 -1 -4.7093 264.8272 154.0435 316.6697 285.3597 1.9301 0.7062 0.9394 -4.9918 1.6533 11.1766 -5.1211 0.3923
Car -1 -1 -7.5140 197.1697 170.0087 376.2425 288.4944 1.7445 1.6087 3.8244 -5.4489 1.7023 12.5817 -7.9156 0.2418
Pedestrian -1 -1 -8.2261 265.6791 154.0265 334.0425 289.5574 1.9676 0.6793 0.9074 -4.8035 1.6940 11.0369 -8.6285 0.2084
Pedestrian -1 -1 -6.0028 411.6484 169.2639 426.4978 212.8395 2.0094 0.6090 0.5200 -8.9247 1.8435 33.5816 -6.2610 0.1907
Car -1 -1 -7.5118 213.1825 170.2684 385.0303 285.4780 1.6927 1.5368 3.6574 -5.2028 1.6544 12.4631 -7.9003 0.1491
Pedestrian -1 -1 -6.2332 415.0417 169.4383 428.3775 212.3116 1.9731 0.6372 0.5695 -8.8000 1.8156 33.5755 -6.4881 0.1419
Car -1 -1 -7.7130 510.9797 178.2719 542.7826 202.5067 1.5070 1.5611 3.8708 -5.4855 1.8796 47.6982 -7.8273 0.1314
Car -1 -1 -7.6923 199.1296 173.1903 346.3034 294.8157 1.7529 1.6378 3.9520 -5.6955 1.7594 12.5300 -8.1116 0.1246
Car -1 -1 -7.8061 509.6798 178.0332 536.1839 202.2432 1.5059 1.5588 3.8266 -5.7512 1.8620 47.6852 -7.9259 0.1203
Pedestrian -1 -1 -6.3517 414.2168 170.3990 426.4299 211.5947 1.9050 0.6960 0.5064 -8.9228 1.7912 33.7767 -6.6084 0.1126
Car -1 -1 -4.0001 79.5273 191.2823 184.6702 231.5023 1.6014 1.8054 3.9829 -21.5925 2.4908 32.7407 -4.5796 0.0786
Car -1 -1 -7.5350 510.3039 178.3985 552.7807 202.8772 1.5111 1.6059 4.0315 -5.1614 1.8934 47.6511 -7.6428 0.0660
Car -1 -1 -2.3984 128.8132 164.3566 382.3472 286.4939 1.7770 1.7371 3.4863 -5.8116 1.6530 11.8355 -2.8465 0.0542
Car -1 -1 -4.8870 501.4124 178.1583 534.9663 202.6803 1.5132 1.5398 3.8459 -6.1124 1.8772 47.4833 -5.0147 0.0465
Car -1 -1 -4.9652 783.0470 175.0494 826.7693 202.3321 1.6008 1.6460 4.0091 11.9710 1.7426 44.6706 -4.7055 0.0460
Car -1 -1 -4.8265 506.9188 180.2648 534.8882 203.2493 1.3979 1.3813 3.8498 -5.8983 1.9036 47.2285 -4.9505 0.0292
Car -1 -1 -4.7992 783.8340 175.7316 814.7673 202.5100 1.5799 1.5430 3.5557 11.6933 1.7660 44.8565 -4.5463 0.0255
Car -1 -1 -2.8106 121.1418 166.8348 382.8033 284.3460 1.7027 1.6416 3.3652 -5.5590 1.6152 11.4589 -3.2537 0.0244
Car -1 -1 -5.1025 493.8537 180.2315 536.3996 203.8568 1.4354 1.4314 3.7394 -6.2574 1.9364 47.0517 -5.2344 0.0242
Car -1 -1 -5.0454 491.4547 178.4197 533.2543 202.6985 1.4968 1.5568 3.8215 -6.4981 1.8786 47.4823 -5.1811 0.0201
Car -1 -1 -2.7152 80.3995 170.1019 346.2188 285.3920 1.6918 1.6126 3.3426 -6.2070 1.6511 11.4927 -3.2012 0.0196
Car -1 -1 -7.3368 510.0782 178.0662 565.0891 202.4385 1.5013 1.6373 4.4595 -4.7684 1.8637 47.8308 -7.4360 0.0159
Car -1 -1 -6.9017 504.7035 178.8398 573.4132 203.0216 1.4931 1.6916 4.3378 -4.6791 1.9051 47.6346 -6.9995 0.0144
Car -1 -1 -5.8609 482.6214 179.4051 549.2596 203.8262 1.5182 1.5633 4.0058 -6.1385 1.9557 46.8926 -5.9908 0.0141
Car -1 -1 -5.8653 478.6365 179.5323 543.7582 203.0826 1.4656 1.5414 3.9058 -6.4488 1.9114 46.9144 -6.0016 0.0124
Car -1 -1 -5.9836 477.6478 180.5161 540.2820 203.6864 1.4432 1.5304 3.7291 -6.5521 1.9500 46.6932 -6.1227 0.0114
Car -1 -1 -5.2740 784.0332 174.9515 840.4854 202.1386 1.5384 1.5525 3.6060 11.9816 1.6690 43.0807 -5.0049 0.0104
Car -1 -1 -4.1141 128.9008 192.9452 198.1596 218.4736 1.4484 1.6504 4.3192 -28.7612 2.8065 46.5906 -4.6649 0.0100
Car -1 -1 -4.1438 464.3649 175.0849 558.4904 221.7873 1.7933 1.8491 4.3714 -4.0798 1.8940 30.3037 -4.2771 0.0100
Car -1 -1 -3.4670 498.7147 178.7053 567.2337 202.8872 1.5083 1.4943 4.2118 -5.0751 1.9044 47.3202 -3.5737 0.0098
Car -1 -1 -4.3710 484.8553 178.4874 550.3274 215.6866 1.5286 1.6601 4.0422 -4.1172 1.7985 32.4534 -4.4967 0.0095
Car -1 -1 -6.9741 508.5211 178.3855 577.5199 203.4620 1.5430 1.6568 4.5037 -4.3978 1.9238 47.5342 -7.0663 0.0095
Car -1 -1 -2.1653 0.0000 198.4095 425.0540 374.0000 1.3621 1.5954 4.1495 -3.2503 1.5372 3.6140 -2.8620 0.0089
Car -1 -1 -2.3062 0.0000 201.9569 569.2162 374.0000 1.3672 1.5773 3.9684 -2.4027 1.5667 3.6412 -2.8577 0.0076
Pedestrian -1 -1 -4.8168 1171.3301 160.6495 1215.5585 248.1699 1.6302 0.5970 0.5628 11.1227 1.4026 13.8368 -4.1505 0.0075
Car -1 -1 -3.5803 504.4420 178.7602 574.3226 204.1278 1.5744 1.5173 4.3312 -4.6463 1.9762 47.3590 -3.6780 0.0073
Car -1 -1 -4.6305 796.4963 176.6641 834.1710 206.6636 1.6047 1.7506 4.2831 11.8161 1.8357 41.4949 -4.3555 0.0073
Car -1 -1 -3.1330 502.4984 180.6500 572.8997 204.5650 1.5020 1.5156 4.4806 -4.7174 2.0188 46.9019 -3.2332 0.0071
Car -1 -1 -4.0938 125.5281 193.0309 192.8811 220.2400 1.5547 1.6798 3.9450 -28.8390 2.9042 46.2482 -4.6491 0.0067
Car -1 -1 -7.7037 531.5128 175.3049 586.8586 217.1671 1.6889 1.7807 4.3928 -2.1896 1.8037 31.6360 -7.7728 0.0066
Car -1 -1 -8.1425 474.9694 176.2160 542.5543 217.2124 1.6303 1.7774 4.1853 -4.5118 1.7866 31.3390 -8.2848 0.0062
Car -1 -1 -6.6682 511.8584 178.7124 581.7838 203.1387 1.5150 1.5978 4.2742 -4.1574 1.9119 47.2437 -6.7560 0.0059
Car -1 -1 -7.6880 496.0127 176.3828 549.6729 216.4077 1.6346 1.6703 4.3344 -3.8362 1.8018 32.0595 -7.8067 0.0058
Car -1 -1 -4.5970 502.3960 178.2387 547.5184 218.8384 1.6116 1.5373 3.3188 -3.6149 1.8531 30.7423 -4.7136 0.0055
Car -1 -1 -4.3200 126.8033 192.5543 185.3017 218.9224 1.4874 1.6566 4.2866 -29.0816 2.8131 46.3156 -4.8783 0.0054
Car -1 -1 -2.5835 442.1330 175.9567 548.5717 214.7410 1.5867 1.8796 4.2327 -5.0416 1.7290 31.4784 -2.7415 0.0054
Car -1 -1 -7.7444 530.0684 177.7207 575.4271 218.1049 1.6289 1.5584 3.9268 -2.4868 1.8549 31.5679 -7.8230 0.0054
Car -1 -1 -4.6335 127.3587 193.5351 164.1870 220.5592 1.5246 1.6691 3.8250 -29.5574 2.9015 45.9700 -5.2025 0.0054
Car -1 -1 -4.2220 596.0745 177.9256 662.5288 208.7431 1.4764 1.6922 4.1716 1.0290 1.7556 37.5324 -4.1953 0.0053
Pedestrian -1 -1 -3.3588 526.5560 176.9478 542.5947 222.3237 1.5837 0.4138 0.4856 -2.7141 1.7297 25.5053 -3.4643 0.0053
Car -1 -1 -4.6487 127.9964 194.3530 162.9602 222.6193 1.5862 1.6175 3.6553 -29.2839 3.0011 45.5080 -5.2181 0.0053
Pedestrian -1 -1 -6.3782 524.6376 180.2565 539.0319 224.5684 1.5464 0.4125 0.4683 -2.8120 1.8104 25.5129 -6.4876 0.0050
Pedestrian -1 -1 -2.9452 138.9574 175.9759 191.7846 261.7324 1.6839 0.4937 0.8261 -9.0172 1.7483 14.5687 -3.4915 0.0048
Car -1 -1 -3.1336 463.6564 179.2209 549.9588 215.1287 1.6075 1.6988 3.9021 -4.8527 1.9151 33.7938 -3.2756 0.0046
Car -1 -1 -4.2751 590.3831 178.7823 652.1132 209.6483 1.4750 1.6626 4.0207 0.6069 1.8005 37.4859 -4.2597 0.0046
Car -1 -1 -4.5459 495.9104 175.2069 547.0842 217.5972 1.6844 1.6158 3.3693 -3.7362 1.7894 30.5814 -4.6670 0.0045
Car -1 -1 -4.4988 126.2638 192.8518 173.9673 219.9544 1.5185 1.6843 4.3398 -29.3961 2.8629 46.1885 -5.0633 0.0044
Car -1 -1 -5.2534 785.9474 174.8092 843.5376 202.9663 1.5989 1.6574 3.6651 12.1712 1.7212 43.2362 -4.9812 0.0044
Car -1 -1 -7.9110 495.9536 178.0692 540.8044 217.7465 1.5726 1.6979 3.7153 -4.0444 1.8115 31.1021 -8.0398 0.0044
Car -1 -1 -4.3940 595.0426 178.6716 647.9854 208.0285 1.4349 1.6446 3.9877 0.6312 1.7605 38.2732 -4.3781 0.0043
Car -1 -1 -4.2123 604.5588 178.0799 668.1665 208.2389 1.4806 1.6575 4.0114 1.4184 1.7733 38.3139 -4.1762 0.0043
Car -1 -1 -7.8362 495.6945 175.2456 542.1171 219.6881 1.7848 1.8726 4.5155 -3.9857 1.8969 31.5743 -7.9613 0.0043
Cyclist -1 -1 -8.7154 1134.2083 162.1047 1227.4991 253.8006 1.6922 0.4428 1.4897 11.0500 1.4936 14.0904 -8.0610 0.0041
Car -1 -1 -4.2003 135.7354 191.5729 203.7505 217.3580 1.4642 1.7568 4.5042 -28.3365 2.7310 46.5615 -4.7447 0.0041
Car -1 -1 -4.6058 130.3484 195.5039 166.6491 224.3508 1.5821 1.4694 4.2145 -28.9300 3.0722 45.2639 -5.1720 0.0041
Car -1 -1 -4.4610 126.2635 193.2977 175.5030 221.4371 1.5872 1.6971 4.0113 -29.2421 2.9522 46.0191 -5.0247 0.0041
Car -1 -1 -4.8516 121.7375 194.3065 163.4810 221.3052 1.5122 1.6762 4.1212 -29.7758 2.9383 45.8687 -5.4249 0.0040
Car -1 -1 -7.8602 474.2256 175.6156 517.0670 214.0572 1.5370 1.7185 4.1007 -5.0192 1.6649 31.3232 -8.0183 0.0039
Car -1 -1 -4.1853 596.6063 178.3456 661.0704 208.1118 1.4616 1.6601 3.9584 1.0178 1.7692 38.3323 -4.1595 0.0036
Pedestrian -1 -1 -8.5006 1157.1117 161.2804 1208.1241 248.8208 1.6688 0.5230 0.5951 11.0898 1.4478 14.0548 -7.8432 0.0035
Car -1 -1 -9.0179 0.0000 0.0000 1241.0000 374.0000 1.5411 1.5912 3.5669 4.6686 1.5669 1.2768 -7.7719 0.0030
Car -1 -1 -6.6774 0.0000 0.0000 1241.0000 374.0000 1.5439 1.5760 3.5361 -3.0130 1.6025 1.2704 -7.7727 0.0030
Car -1 -1 -9.0485 0.0000 0.0000 1241.0000 374.0000 1.5313 1.5947 3.5889 5.4305 1.5660 1.3577 -7.7731 0.0030
Car -1 -1 -6.7804 0.0000 0.0000 1241.0000 374.0000 1.5462 1.5715 3.4868 -2.2268 1.5988 1.1718 -7.7737 0.0030
Car -1 -1 -9.0337 0.0000 0.0000 1241.0000 374.0000 1.5440 1.5890 3.5667 5.0432 1.5605 1.3176 -7.7724 0.0030
Car -1 -1 -8.9991 0.0000 0.0000 1241.0000 374.0000 1.5531 1.5857 3.5427 4.2625 1.5719 1.2319 -7.7724 0.0030
Car -1 -1 -6.7392 0.0000 0.0000 1241.0000 374.0000 1.5358 1.5778 3.5349 -2.6085 1.5901 1.2724 -7.7732 0.0030
Car -1 -1 -6.6473 0.0000 0.0000 1241.0000 374.0000 1.5404 1.5821 3.5674 -3.3964 1.6203 1.3429 -7.7719 0.0030
Car -1 -1 -9.0615 0.0000 0.0000 1241.0000 374.0000 1.5433 1.5968 3.6293 5.7992 1.5486 1.3945 -7.7742 0.0030
Car -1 -1 -8.9727 0.0000 0.0000 1241.0000 374.0000 1.5538 1.5893 3.5670 3.8930 1.5753 1.2118 -7.7714 0.0030
Car -1 -1 -2.7465 441.1112 176.4242 541.8337 214.1555 1.5396 1.8273 3.8694 -5.1095 1.6994 31.0289 -2.9089 0.0030
Car -1 -1 -7.8347 500.5170 177.0897 541.8985 215.2190 1.5387 1.6875 3.7495 -3.8814 1.7348 31.5032 -7.9569 0.0025
Car -1 -1 -7.5073 477.1153 177.4048 547.8516 218.7020 1.6004 1.6820 4.0848 -4.0922 1.8069 30.6158 -7.6396 0.0023
Car -1 -1 -7.6923 494.1939 178.4257 543.2871 215.2831 1.4560 1.5336 3.5163 -3.8836 1.7075 30.8278 -7.8171 0.0023
Car -1 -1 -3.2407 453.9604 174.2104 546.7213 215.7055 1.6390 1.7678 3.6399 -4.6131 1.6973 29.8941 -3.3930 0.0022
Car -1 -1 -2.9313 435.6530 175.9642 535.8701 216.2983 1.6458 1.8099 3.8930 -5.2512 1.7815 30.5772 -3.1004 0.0022
Car -1 -1 -3.1213 447.9865 174.3383 541.4967 217.6775 1.7478 1.7604 3.7679 -4.8499 1.8121 30.3054 -3.2791 0.0019
Car -1 -1 -7.7243 502.7698 177.9493 548.0338 217.0176 1.5789 1.5178 3.4697 -3.6659 1.8124 31.3611 -7.8403 0.0019
Pedestrian -1 -1 -3.6171 526.6609 174.1303 546.1406 225.2755 1.7987 0.5707 0.4839 -2.6760 1.8446 25.7648 -3.7202 0.0016
Cyclist -1 -1 -6.0724 86.3351 180.4456 116.2335 208.5181 1.7382 0.7370 1.4221 -32.1901 2.2244 45.6264 -6.6843 0.0008
Cyclist -1 -1 -7.7570 534.1483 181.0302 545.9500 224.9520 1.5418 0.3053 1.2942 -2.5825 1.8459 26.2166 -7.8549 0.0008
Cyclist -1 -1 -8.2058 517.9484 179.4781 541.8698 221.6105 1.4808 0.3090 1.6767 -2.9917 1.7307 26.4363 -8.3180 0.0007
Cyclist -1 -1 -2.6383 221.0682 152.6607 349.1400 283.3666 1.9307 0.6560 1.6837 -5.0118 1.6321 11.0573 -3.0554 0.0007
Cyclist -1 -1 -2.7522 82.2762 173.4044 121.4305 210.1778 2.2931 0.8036 1.8581 -32.1381 2.3281 45.6085 -3.3635 0.0005
