Car -1 -1 -7.9938 677.4753 184.1982 751.2213 239.8665 1.3875 1.5668 3.4609 2.8161 1.7356 20.4258 -7.8596 0.9999
Car -1 -1 -8.2644 785.2910 174.6596 1143.7773 374.0000 1.6441 1.5650 3.3877 2.7983 1.6647 6.6575 -7.8836 0.9998
Car -1 -1 -6.4911 734.5992 176.2642 848.6531 224.0523 1.6228 1.6894 3.6354 6.3091 1.7474 25.5316 -6.2522 0.9992
Car -1 -1 -2.6194 0.0000 159.7715 291.0736 304.4534 1.8960 1.6814 3.7777 -6.9069 1.7243 10.3950 -3.1945 0.9981
Car -1 -1 -5.9675 294.1422 183.6903 469.7377 247.7738 1.5056 1.5815 3.8888 -5.6635 1.7887 18.0495 -6.2680 0.9971
Car -1 -1 -5.6371 0.0000 183.2802 284.7639 347.2113 1.6123 1.6873 4.1444 -6.1469 1.7412 8.0728 -6.2723 0.9950
Car -1 -1 -5.8975 226.1568 186.7308 434.5225 257.7618 1.4448 1.5361 3.9724 -6.0761 1.7642 15.8095 -6.2594 0.9940
Car -1 -1 -5.9617 332.9308 178.4296 493.6468 232.4095 1.6259 1.6296 4.6399 -6.2102 1.8097 22.8787 -6.2244 0.9893
Car -1 -1 -5.9104 321.3499 179.7737 466.1725 238.2321 1.5690 1.5655 3.6245 -6.1368 1.7744 20.5208 -6.1980 0.9840
Car -1 -1 -7.9163 635.0103 180.5986 660.1872 201.5782 1.4774 1.6402 3.8936 2.7620 2.0799 54.2110 -7.8661 0.9817
Car -1 -1 -2.8271 403.7284 179.7810 505.8348 218.2195 1.5489 1.5765 3.9128 -6.5459 1.8501 30.4174 -3.0377 0.9621
Car -1 -1 -5.9766 294.5022 181.9540 467.9798 246.7159 1.5279 1.5467 3.8429 -5.6745 1.7648 18.0263 -6.2780 0.9362
Car -1 -1 -5.9271 319.3115 179.5412 467.4388 238.3159 1.5805 1.6565 3.6994 -6.1541 1.7797 20.5723 -6.2148 0.9237
Car -1 -1 -2.6307 93.9159 187.0108 345.7645 276.2216 1.4808 1.6083 3.7180 -7.0085 1.7544 13.1038 -3.1139 0.9187
Car -1 -1 -5.4619 0.0000 205.5471 163.9448 374.0000 1.4520 1.5812 3.7377 -5.8032 1.7396 5.5010 -6.2498 0.9117
Car -1 -1 -2.6083 96.5626 186.0328 345.7127 275.0723 1.4787 1.6303 3.6906 -7.0220 1.7353 13.1595 -3.0906 0.8947
Car -1 -1 -2.7837 359.8283 178.4458 478.0684 225.9779 1.6034 1.5537 3.7368 -6.7581 1.8084 25.5277 -3.0404 0.8786
Car -1 -1 -5.2724 934.2578 179.9865 1241.0000 310.1571 1.4413 1.6137 4.2595 6.4046 1.5647 10.3697 -4.7325 0.8736
Car -1 -1 -5.5163 0.0000 196.7559 160.7204 374.0000 1.5015 1.6466 3.9782 -5.9210 1.7092 5.3730 -6.3254 0.8367
Car -1 -1 -2.8789 355.9939 178.4702 474.7006 225.0996 1.5782 1.5611 3.7566 -6.8334 1.7817 25.3941 -3.1397 0.8191
Car -1 -1 -5.5288 0.0000 202.1020 163.6731 374.0000 1.4660 1.6087 3.9002 -5.8491 1.7201 5.3779 -6.3314 0.7917
Car -1 -1 -2.9111 405.4742 179.5824 505.9617 217.8734 1.5482 1.5499 3.8715 -6.4664 1.8378 30.2761 -3.1202 0.7894
Car -1 -1 -2.7911 312.5220 180.3263 469.5277 237.1369 1.5215 1.5544 3.9668 -6.1856 1.7423 20.4539 -3.0817 0.7615
Car -1 -1 -2.7965 313.7123 179.4851 461.7025 234.6257 1.4868 1.5717 3.7144 -6.3084 1.6834 20.5454 -3.0913 0.7527
Car -1 -1 -8.3234 882.4073 183.0603 1107.7792 290.9294 1.5216 1.6537 4.2605 6.4055 1.7315 12.7239 -7.8671 0.7423
Car -1 -1 -7.8724 637.2827 180.5444 660.0099 201.7080 1.4895 1.6227 3.7844 2.8379 2.0861 54.0929 -7.8207 0.7288
Car -1 -1 -2.7171 357.2769 178.8591 478.3095 225.7610 1.5755 1.5958 3.8374 -6.8328 1.7976 25.6234 -2.9757 0.7273
Car -1 -1 -7.8928 637.0236 179.5451 660.4216 201.4665 1.5515 1.5946 3.9882 2.8524 2.0733 54.2958 -7.8411 0.7221
Car -1 -1 -4.9323 509.7521 174.6395 547.5551 201.5542 1.7631 1.6774 4.3751 -5.7064 1.8921 49.9180 -5.0459 0.7182
Car -1 -1 -5.4866 0.0000 217.3255 172.3631 374.0000 1.3899 1.5917 3.4488 -5.5956 1.7807 5.5028 -6.2562 0.7070
Car -1 -1 -2.8439 379.8813 182.6641 501.7991 222.3615 1.4543 1.5416 4.3120 -6.5115 1.8445 27.8049 -3.0724 0.6850
Car -1 -1 -2.8182 213.0719 185.9321 421.9903 257.3994 1.4464 1.5536 3.9510 -6.3311 1.7485 15.8037 -3.1940 0.6640
Car -1 -1 -3.2964 680.5099 180.9293 755.3991 208.2270 1.4161 1.4444 3.7818 5.7014 1.8561 38.6083 -3.1514 0.6374
Car -1 -1 -6.4659 680.8359 181.2941 757.7841 208.7430 1.4198 1.5050 3.8624 5.7802 1.8812 38.6490 -6.3192 0.6199
Car -1 -1 -5.1891 929.9625 182.2612 1206.4418 308.2071 1.4457 1.5765 4.2377 6.3625 1.6137 10.7559 -4.6677 0.6083
Car -1 -1 -2.7126 386.3565 182.4371 503.5520 221.7899 1.4324 1.5659 4.1657 -6.4299 1.8203 28.0346 -2.9365 0.6081
Car -1 -1 -2.8769 348.3910 177.5246 469.3684 222.1561 1.5136 1.6366 3.8174 -7.0765 1.6835 25.4687 -3.1457 0.5945
Car -1 -1 -5.3756 0.0000 196.7023 162.3334 374.0000 1.4802 1.6634 4.1146 -6.0436 1.6997 5.6006 -6.1753 0.5750
Car -1 -1 -7.9463 633.8059 179.9007 660.0936 201.4839 1.5199 1.6255 3.6007 2.6958 2.0634 53.8424 -7.8970 0.5731
Car -1 -1 -7.7520 540.4733 175.5974 563.8538 197.5786 1.8541 1.6532 3.9711 -5.0706 2.1023 63.3630 -7.8320 0.5253
Pedestrian -1 -1 -7.7711 103.7096 153.9203 124.9572 201.7787 1.8867 0.6442 0.7007 -19.8967 1.1400 28.9086 -8.3698 0.4862
Car -1 -1 -4.8560 514.7067 174.1862 548.3347 202.2045 1.8389 1.7009 4.3332 -5.5016 1.9350 49.8865 -4.9657 0.4830
Pedestrian -1 -1 -6.5007 570.4733 175.2184 583.5519 199.0058 1.8310 0.4546 0.9367 -2.5868 2.0152 55.9488 -6.5472 0.4793
Car -1 -1 -6.4277 682.4956 177.5013 754.5741 206.6817 1.6137 1.5207 3.8582 6.0782 1.8818 40.9082 -6.2817 0.3975
Car -1 -1 -7.5965 539.7651 175.7793 569.1594 197.0860 1.7898 1.6474 3.8322 -4.8530 2.0540 63.2028 -7.6732 0.3795
Car -1 -1 -7.8181 539.2994 176.9596 559.8359 197.6662 1.7370 1.6600 3.8285 -5.2934 2.1077 63.2515 -7.9016 0.3759
Car -1 -1 -4.8622 514.6603 175.3737 546.8687 201.4369 1.7063 1.6512 3.7868 -5.5230 1.8866 49.6749 -4.9728 0.3520
Car -1 -1 -6.1098 431.4721 176.4860 526.0815 211.5575 1.7609 1.6926 4.5840 -6.7601 1.9525 37.2637 -6.2885 0.3303
Car -1 -1 -6.5427 682.6927 178.0461 760.0916 207.8712 1.6384 1.5855 4.0738 6.2622 1.9404 41.0000 -6.3928 0.3212
Car -1 -1 -6.4099 678.0521 176.1227 748.7127 205.7463 1.6425 1.6060 3.7989 5.7992 1.8318 41.0157 -6.2709 0.2959
Car -1 -1 -4.7338 521.7786 174.8005 547.1642 202.0135 1.7898 1.6529 3.7874 -5.2678 1.9290 49.7218 -4.8392 0.2895
Car -1 -1 -3.0149 376.4197 181.8519 499.7209 222.5897 1.4689 1.5699 4.4020 -6.5054 1.8238 27.4729 -3.2458 0.2825
Car -1 -1 -2.9146 424.4132 171.9489 511.2947 207.1424 1.7756 1.6752 4.1370 -7.3432 1.7296 37.3090 -3.1080 0.2578
Car -1 -1 -4.3291 540.3620 174.4368 576.8185 196.7988 1.8797 1.6980 4.3228 -4.4880 2.0233 63.2966 -4.4000 0.2254
Pedestrian -1 -1 -6.3940 818.3463 166.5891 831.1451 202.2362 1.7506 0.6543 0.5370 10.6123 1.4426 35.8033 -6.1085 0.2157
Car -1 -1 -4.5584 542.4576 176.5594 569.4467 197.2542 1.7327 1.7065 4.4675 -4.7416 2.0704 63.5270 -4.6330 0.1892
Car -1 -1 -3.0353 439.0442 176.8956 526.4141 211.2067 1.7051 1.7086 4.2649 -6.5208 1.9181 37.0861 -3.2086 0.1749
Pedestrian -1 -1 -6.5936 819.2655 167.1464 832.0452 203.8763 1.7956 0.5332 0.4607 10.5814 1.5163 35.5463 -6.3070 0.1715
Car -1 -1 -4.9399 508.8545 176.7491 545.0507 201.3864 1.5970 1.6623 3.7203 -5.7598 1.8746 49.4445 -5.0557 0.1603
Car -1 -1 -2.9779 433.3004 179.3796 514.7302 211.5543 1.4966 1.6067 3.6403 -6.5420 1.8182 34.7468 -3.1631 0.1040
Car -1 -1 -2.8529 430.6377 179.8645 516.3328 212.3194 1.5097 1.6014 3.7832 -6.6233 1.8589 34.9806 -3.0392 0.0983
Car -1 -1 -3.1283 439.0407 180.4853 516.5811 212.4092 1.4646 1.6258 3.5870 -6.3763 1.8432 34.7282 -3.3090 0.0743
Car -1 -1 -3.5744 431.7298 180.1542 519.2950 214.4253 1.5049 1.6012 3.7503 -6.3824 1.8678 34.1611 -3.7582 0.0545
Pedestrian -1 -1 -3.5898 987.7234 158.9319 1009.5212 221.4885 1.8660 0.5039 0.3978 11.6793 1.4504 21.7824 -3.1037 0.0390
Car -1 -1 -3.0221 432.9532 180.8999 517.6381 212.0723 1.4644 1.6120 3.9086 -6.5770 1.8681 35.3039 -3.2054 0.0299
Car -1 -1 -4.4214 687.5804 180.0421 736.7986 209.6444 1.4809 1.5794 3.9954 5.5760 1.8933 39.2824 -4.2820 0.0282
Car -1 -1 -3.2712 437.4165 180.5048 517.8329 213.0709 1.4688 1.6211 3.6003 -6.3805 1.8482 34.4875 -3.4533 0.0281
Pedestrian -1 -1 -3.5986 984.7126 158.3668 1006.5135 222.0090 1.8993 0.4944 0.4012 11.5902 1.4667 21.7855 -3.1157 0.0274
Car -1 -1 -4.6535 697.4088 180.6261 732.8480 210.1785 1.4625 1.6634 4.2539 5.7119 1.9081 39.1425 -4.5103 0.0255
Car -1 -1 -4.6958 968.2070 167.5050 994.1765 191.9541 1.6616 1.5811 3.9304 26.3028 1.2978 51.1443 -4.2234 0.0253
Car -1 -1 -4.7318 716.1076 177.8309 760.6671 218.7208 1.5453 1.6971 3.9802 5.2160 1.7655 29.8732 -4.5612 0.0250
Car -1 -1 -4.6034 713.6719 177.9444 763.7032 219.7938 1.6094 1.6690 3.8770 5.4260 1.8380 30.3514 -4.4288 0.0243
Car -1 -1 -4.8292 961.1479 167.7186 993.5821 191.8889 1.6443 1.5883 3.9227 25.9898 1.2946 51.2003 -4.3621 0.0236
Car -1 -1 -5.2779 702.2200 176.6566 794.5016 220.5589 1.6652 1.7685 4.2195 5.6148 1.8354 30.0516 -5.0956 0.0208
Car -1 -1 -4.5316 699.2323 177.6216 758.0239 218.3347 1.5343 1.7253 3.9462 4.9264 1.7454 29.8426 -4.3702 0.0180
Car -1 -1 -4.8699 714.2334 177.3695 771.1162 218.5460 1.5757 1.6991 4.0006 5.4055 1.7761 30.0676 -4.6944 0.0178
Car -1 -1 -6.1173 706.2215 179.5374 802.9722 215.5165 1.4151 1.7040 3.7689 6.0540 1.7097 30.3823 -5.9231 0.0176
Car -1 -1 -2.8974 502.5113 179.1774 557.3954 201.7747 1.5629 1.6133 3.6133 -5.7257 2.0233 51.5257 -3.0079 0.0169
Car -1 -1 -4.7633 723.9720 176.3930 770.0936 218.7115 1.6604 1.7124 3.6581 5.6985 1.8195 30.5579 -4.5813 0.0157
Car -1 -1 -4.8520 715.3228 176.4620 768.8688 218.7086 1.6531 1.6914 3.7871 5.4659 1.8148 30.4836 -4.6769 0.0154
Car -1 -1 -4.6712 704.4365 181.1846 747.5498 217.7477 1.3804 1.6348 3.6971 4.8467 1.7506 30.1145 -4.5138 0.0147
Car -1 -1 -7.6679 530.1556 178.3760 562.2385 201.5517 1.5895 1.6342 3.8864 -4.6277 2.0061 52.4591 -7.7559 0.0140
Car -1 -1 -4.5624 708.7318 178.2743 762.5785 219.3317 1.5593 1.6548 3.9024 5.2527 1.8007 30.0725 -4.3918 0.0139
Car -1 -1 -4.7485 714.3768 176.8405 756.4699 217.5335 1.5820 1.5903 3.7644 5.1845 1.7606 30.4068 -4.5818 0.0136
Car -1 -1 -6.6866 687.1353 180.1751 794.3487 217.9601 1.4967 1.7420 4.0888 5.4364 1.8181 30.4007 -6.5120 0.0120
Car -1 -1 -3.8996 691.8572 179.2496 780.1962 215.8852 1.4367 1.4605 3.6883 5.3082 1.7211 30.4949 -3.7295 0.0117
Car -1 -1 -7.8442 529.9009 178.5609 554.1212 201.8501 1.5963 1.6880 3.8625 -4.9519 2.0265 52.4304 -7.9383 0.0113
Car -1 -1 -7.8469 492.5354 178.4433 525.2788 209.7724 1.5503 1.6446 4.1813 -5.4398 1.8664 38.6638 -7.9863 0.0106
Pedestrian -1 -1 -4.8519 0.0000 155.2299 24.7402 223.6964 1.6153 0.5680 0.6172 -14.6186 1.1992 17.4408 -5.5421 0.0106
Car -1 -1 -4.1215 345.0351 166.7764 405.5281 192.2163 1.7244 1.8185 4.6361 -16.6641 1.3121 51.3868 -4.4338 0.0101
Car -1 -1 -7.0554 688.3845 176.9763 788.4158 217.5499 1.5757 1.7690 4.0521 5.3722 1.7590 30.2742 -6.8821 0.0093
Car -1 -1 -3.9694 685.4277 176.1296 786.6369 220.9997 1.7232 1.7993 4.1744 5.2337 1.8681 29.9881 -3.7990 0.0088
Car -1 -1 -6.9838 696.4566 180.3746 788.9502 215.5011 1.3748 1.5995 3.6940 5.5889 1.7097 30.5452 -6.8051 0.0080
Car -1 -1 -4.8388 716.0075 176.3544 766.0576 215.0024 1.5258 1.6255 3.6498 5.4643 1.6834 30.6839 -4.6648 0.0061
Car -1 -1 -5.3112 715.5746 179.0815 798.9138 218.3809 1.4991 1.6300 3.6382 6.0306 1.7762 30.1487 -5.1163 0.0056
Car -1 -1 -4.7556 728.9036 175.7391 775.1204 216.4948 1.6008 1.7390 3.7749 5.9185 1.7309 30.6162 -4.5670 0.0037
Car -1 -1 -4.3076 345.1400 165.8317 396.5284 192.3360 1.8019 1.8665 4.4469 -16.9760 1.3242 51.3510 -4.6256 0.0035
Car -1 -1 -7.4499 279.0058 163.3594 332.1390 194.8507 1.9564 1.6865 4.1346 -19.7449 1.3662 46.8987 -7.8466 0.0034
Car -1 -1 -7.7534 239.9358 174.2854 284.7246 205.0031 1.5559 1.7601 4.1993 -18.7750 1.6375 39.0317 -8.1993 0.0024
Car -1 -1 -4.5193 681.7688 178.2767 730.7797 208.8608 1.5530 1.8987 4.2837 5.3309 1.8693 39.7972 -4.3877 0.0021
