Car -1 -1 -4.5922 543.3035 197.1032 585.1907 234.0016 1.5407 1.5708 3.6659 -2.1748 2.7617 34.4660 -4.6555 0.9754
Car -1 -1 -4.5606 543.4480 196.3239 587.0623 232.0395 1.4922 1.5694 3.4228 -2.1160 2.6638 34.2535 -4.6227 0.6649
Pedestrian -1 -1 -7.7641 719.1177 188.7816 737.2063 233.0328 1.7307 0.6640 0.6182 4.6870 2.3763 28.8759 -7.6057 0.5332
Cyclist -1 -1 -5.2650 868.9764 180.3165 904.1989 223.3992 1.8151 0.6096 1.7442 12.0622 2.1514 31.6295 -4.9045 0.4008
Pedestrian -1 -1 -7.6169 719.1570 187.7198 739.3558 232.8531 1.7554 0.6710 0.6115 4.7086 2.3558 28.7456 -7.4571 0.3531
Pedestrian -1 -1 -3.4998 1074.9336 184.6535 1113.3929 257.1346 1.6917 0.6501 0.5711 11.5766 1.9813 17.3444 -2.9198 0.3436
Cyclist -1 -1 -5.2218 870.7959 180.9310 904.7255 224.3985 1.8344 0.5948 1.7728 12.1455 2.1994 31.7125 -4.8598 0.3042
Pedestrian -1 -1 -8.1149 908.3227 180.5290 929.9186 219.5888 1.7853 0.7503 0.7583 14.3357 2.1466 33.5740 -7.7152 0.2927
Pedestrian -1 -1 -2.9947 914.5289 180.8451 930.1145 218.5665 1.7335 0.7602 0.5689 14.6050 2.1132 33.8325 -2.5910 0.2015
Pedestrian -1 -1 -8.5123 851.9066 189.6875 871.9139 226.8668 1.6835 0.6763 0.5534 11.6091 2.4705 33.3772 -8.1811 0.1965
Pedestrian -1 -1 -8.8304 850.8326 188.9234 873.7176 226.1406 1.6662 0.7107 0.7217 11.5781 2.4173 33.2380 -8.4987 0.1892
Cyclist -1 -1 -7.2163 907.4260 181.9584 937.4938 218.1473 1.6535 0.3852 1.6635 14.6221 2.0877 33.8493 -6.8123 0.1833
Pedestrian -1 -1 -3.7050 1084.4832 180.5257 1124.4550 254.4526 1.7407 0.5771 0.5703 11.8279 1.9280 17.3467 -3.1152 0.1492
Cyclist -1 -1 -7.2034 904.8479 179.7476 936.7939 217.8091 1.7393 0.4913 1.6329 14.5287 2.0679 33.8133 -6.8014 0.1101
Cyclist -1 -1 -3.6564 1057.8342 180.7394 1145.1113 254.1582 1.7234 0.5847 1.6675 11.7545 1.9167 17.3639 -3.0700 0.0729
Pedestrian -1 -1 -7.3910 722.0663 187.1341 746.4193 232.9787 1.7781 0.7512 0.6395 4.9089 2.3566 28.7638 -7.2246 0.0723
Cyclist -1 -1 -7.5993 913.3216 182.0109 930.3475 218.2595 1.6476 0.3510 1.5964 14.6188 2.0869 33.9073 -7.1961 0.0703
Pedestrian -1 -1 -6.7377 907.6441 179.5362 930.2870 217.7787 1.7624 0.6944 0.7422 14.4044 2.0781 33.7481 -6.3381 0.0682
Pedestrian -1 -1 -5.6584 434.4450 177.3156 452.3947 236.2656 1.8819 0.4820 0.3510 -5.4410 2.0279 23.3684 -5.8853 0.0625
Pedestrian -1 -1 -4.3268 1154.4274 164.6436 1189.4559 246.7452 1.7128 0.4994 0.3371 11.9018 1.5412 15.3538 -3.6771 0.0590
Pedestrian -1 -1 -2.4285 433.1453 177.1780 452.0481 235.7524 1.8577 0.4681 0.3789 -5.4343 1.9983 23.2229 -2.6565 0.0555
Cyclist -1 -1 -7.5868 916.9421 181.5630 933.9292 217.2042 1.6376 0.3268 1.6330 14.9401 2.0597 34.2544 -7.1792 0.0547
Car -1 -1 -9.1021 1212.6022 180.0589 1241.0000 242.5798 1.5212 1.6295 3.9251 19.5559 1.7433 20.1594 -8.3397 0.0546
Car -1 -1 -6.3150 1215.1726 181.0375 1241.0000 242.9728 1.5518 1.6554 4.1615 19.9893 1.8080 20.6132 -5.5526 0.0506
Car -1 -1 -5.6993 1212.5394 184.9717 1241.0000 248.7792 1.4908 1.5970 4.0406 19.2280 1.8595 19.8214 -4.9370 0.0492
Car -1 -1 -6.1787 1216.6227 182.4506 1241.0000 245.1780 1.5306 1.6405 4.0913 19.8668 1.8286 20.3391 -5.4128 0.0443
Pedestrian -1 -1 -4.0134 1089.7782 178.7578 1133.3115 252.4842 1.7064 0.5965 0.6103 11.8485 1.8492 17.1288 -3.4169 0.0402
Car -1 -1 -9.2733 1214.7998 178.4926 1241.0000 244.2682 1.5866 1.7174 4.4047 19.8236 1.7609 20.0682 -8.5019 0.0382
Car -1 -1 -5.8525 1213.7277 184.2759 1241.0000 247.1217 1.5145 1.5778 3.6603 19.3620 1.8640 20.1046 -5.0937 0.0337
Car -1 -1 -5.5894 1213.0785 187.0296 1241.0000 250.5596 1.5223 1.5822 3.5963 19.0930 1.9521 20.0110 -4.8355 0.0301
Pedestrian -1 -1 -4.7747 1223.3336 183.3592 1241.0000 251.8584 1.6923 0.5388 0.3793 15.8177 1.9620 18.2351 -4.0688 0.0281
Car -1 -1 -3.3734 1206.1899 176.3735 1241.0000 236.4787 1.5805 1.7058 4.0682 20.0355 1.6909 20.9353 -2.6174 0.0266
Car -1 -1 -5.9124 1203.9373 185.4908 1241.0000 245.5373 1.4982 1.6141 3.2500 19.2404 1.8901 20.5802 -5.1683 0.0242
Car -1 -1 -3.4275 1204.2454 180.3120 1241.0000 238.3518 1.5446 1.6644 3.6128 19.8936 1.7790 21.1501 -2.6802 0.0241
Car -1 -1 -3.1624 1184.0066 192.2417 1241.0000 251.7790 1.4685 1.5238 3.9228 19.0947 2.0788 20.8664 -2.4290 0.0238
Pedestrian -1 -1 -7.7444 1145.0566 181.0655 1173.5522 249.2478 1.7764 0.5486 0.6107 14.6490 2.0005 19.3074 -7.1034 0.0191
Car -1 -1 -4.9585 1191.5651 186.3319 1241.0000 239.3171 1.4133 1.5322 3.5134 19.2378 1.8623 22.1343 -4.2501 0.0177
Car -1 -1 -3.8450 1206.8459 179.9315 1241.0000 233.4919 1.4899 1.6414 3.8378 20.1396 1.7067 21.2243 -3.0932 0.0171
Car -1 -1 -6.3588 1218.4669 184.4881 1241.0000 244.2227 1.5303 1.6182 3.4414 19.8164 1.8938 20.8578 -5.6066 0.0157
Car -1 -1 -6.1827 1215.6531 182.4497 1241.0000 244.5838 1.5413 1.6214 3.7499 19.7027 1.8389 20.4502 -5.4237 0.0156
Pedestrian -1 -1 -4.9863 1221.8505 185.4976 1241.0000 245.0976 1.6926 0.6961 0.5071 18.3102 2.0674 21.0278 -4.2775 0.0152
Car -1 -1 -5.5422 1170.6565 184.2106 1241.0000 243.6268 1.5584 1.6341 3.5917 19.0028 1.9263 21.5188 -4.8262 0.0149
Car -1 -1 -5.0592 1198.6770 180.8721 1241.0000 238.4599 1.5313 1.6055 3.7236 19.4380 1.7955 21.7763 -4.3377 0.0138
Car -1 -1 -3.8640 1191.9471 182.1066 1241.0000 233.8088 1.4782 1.5942 3.3873 19.8230 1.7670 21.7341 -3.1317 0.0124
Car -1 -1 -4.6507 1216.0939 183.4521 1241.0000 234.5733 1.3777 1.5652 3.5814 19.6657 1.7276 22.0217 -3.9289 0.0123
Cyclist -1 -1 -5.7194 1192.9235 182.3344 1241.0000 242.0968 1.6853 0.5632 1.5147 18.2607 1.9769 21.4105 -5.0206 0.0113
Pedestrian -1 -1 -5.1895 1116.6364 236.3074 1236.3828 374.0000 1.2321 0.4247 0.4505 3.4840 1.6533 4.5399 -4.5669 0.0112
Car -1 -1 -4.6492 1227.9220 181.2323 1241.0000 236.7909 1.4867 1.6014 4.0121 19.9686 1.7633 21.8787 -3.9166 0.0104
Car -1 -1 -6.1965 1218.8075 186.5615 1241.0000 248.0863 1.5180 1.4509 3.6154 19.6862 1.9412 20.4539 -5.4380 0.0100
Car -1 -1 -4.2428 1204.5582 179.5129 1241.0000 235.4121 1.5359 1.6899 4.4287 20.2691 1.7510 21.7670 -3.5002 0.0099
Cyclist -1 -1 -3.9960 1167.6371 171.6158 1241.0000 252.3615 1.7205 0.6396 1.7386 13.2276 1.6938 15.8353 -3.3098 0.0095
Cyclist -1 -1 -4.9528 1142.8143 186.0060 1186.6702 254.1597 1.7016 0.5300 1.6573 14.6968 2.0674 19.2155 -4.3080 0.0090
Car -1 -1 -6.2349 1209.8508 178.9286 1241.0000 241.4177 1.5751 1.6979 4.1179 19.9170 1.7663 20.6654 -5.4756 0.0089
Pedestrian -1 -1 -4.7328 1217.6324 186.4256 1241.0000 253.7942 1.6580 0.5374 0.4006 15.6432 2.0064 18.2130 -4.0318 0.0087
Cyclist -1 -1 -3.7731 1155.4312 171.3221 1241.0000 250.9250 1.7490 0.5793 1.7752 13.3054 1.7150 16.1843 -3.0945 0.0085
Car -1 -1 -4.6025 1217.1498 177.3767 1241.0000 234.0873 1.5399 1.7027 4.3336 19.9640 1.6905 22.0045 -3.8728 0.0084
Cyclist -1 -1 -8.9747 1174.5654 180.1213 1241.0000 244.2749 1.8207 0.6521 1.6353 17.9304 2.0464 21.5556 -8.2883 0.0074
Cyclist -1 -1 -5.7705 1203.4347 182.3252 1241.0000 246.3092 1.7617 0.5924 1.6624 18.3520 2.0487 21.0095 -5.0601 0.0073
Cyclist -1 -1 -8.1394 1194.5375 165.1885 1241.0000 248.6275 1.7312 0.5152 1.5660 13.3339 1.5719 15.7920 -7.4478 0.0072
Pedestrian -1 -1 -7.8781 1150.7673 181.4818 1180.9976 247.3452 1.6997 0.6162 0.5396 14.6745 1.9329 19.1239 -7.2317 0.0070
Cyclist -1 -1 -3.3694 1214.5807 173.9751 1241.0000 239.0924 1.8286 0.6106 1.6940 18.6722 1.8619 20.9549 -2.6490 0.0066
Pedestrian -1 -1 -4.9053 1214.8522 185.6724 1241.0000 246.8484 1.7354 0.6968 0.5172 18.0891 2.1157 21.0294 -4.2025 0.0061
Pedestrian -1 -1 -4.5787 1144.5829 188.3361 1175.6477 249.9551 1.5743 0.5870 0.5623 14.4694 1.9913 19.0447 -3.9371 0.0061
Car -1 -1 -3.4884 855.8008 181.8727 961.8991 225.4635 1.5400 1.4105 3.3269 10.9053 1.8815 26.5767 -3.1035 0.0055
Cyclist -1 -1 -6.6051 1204.8021 179.1482 1241.0000 245.1085 1.8538 0.6399 1.6916 18.4444 2.0422 21.0149 -5.8924 0.0052
Car -1 -1 -3.2502 862.1302 181.3781 962.9873 228.7833 1.6254 1.3929 3.2430 10.8866 1.9485 26.2585 -2.8618 0.0051
Car -1 -1 -7.9711 592.8942 172.3032 615.3332 190.3503 1.7008 1.6665 4.4909 -0.6260 1.6485 70.3302 -7.9803 0.0047
Car -1 -1 -4.6156 680.9426 183.8638 703.3576 203.4007 1.7294 1.7289 4.1582 7.8164 2.8093 68.5775 -4.5032 0.0039
Cyclist -1 -1 -3.9470 1183.6249 179.3806 1241.0000 245.3603 1.8728 0.7138 1.8174 17.8105 2.0668 21.0247 -3.2517 0.0034
Car -1 -1 -4.5054 681.7333 184.0313 708.3129 203.6895 1.7321 1.6706 4.2579 8.0787 2.8277 68.4575 -4.3890 0.0034
Car -1 -1 -4.8882 677.7412 184.9048 702.5504 203.8716 1.6796 1.6525 4.0524 7.5670 2.8599 68.6111 -4.7793 0.0033
Pedestrian -1 -1 -4.7129 1227.9019 191.7865 1241.0000 261.5850 1.5062 0.6060 0.4518 14.1685 1.9391 16.1395 -4.0022 0.0028
Car -1 -1 -7.8328 698.7629 183.1239 727.7370 216.5874 1.9180 1.7029 4.1558 6.4254 2.5877 44.8856 -7.6922 0.0027
Pedestrian -1 -1 -3.6756 919.4102 174.1767 992.7227 356.0313 1.5786 0.4889 0.3993 3.0639 1.5908 6.5328 -3.2554 0.0027
Car -1 -1 -7.8136 701.1556 182.4177 733.4005 215.5241 1.8865 1.8135 4.1374 6.6359 2.5063 44.5870 -7.6675 0.0026
Car -1 -1 -4.0896 593.4806 169.9077 635.1843 189.7587 1.8641 1.7650 4.4904 0.4390 1.5871 70.0911 -4.0837 0.0024
Pedestrian -1 -1 -5.4826 1222.4130 182.8777 1241.0000 260.8255 1.6759 0.6189 0.5014 13.9217 1.8995 15.8507 -4.7718 0.0023
Cyclist -1 -1 -8.3851 1212.4280 179.0055 1241.0000 267.7990 1.8617 0.5391 1.7140 14.2803 2.0066 16.1437 -7.6706 0.0022
Car -1 -1 -8.3448 665.2759 170.4844 712.8796 200.1055 2.2309 1.7256 4.6551 6.1398 2.0522 56.8246 -8.2382 0.0021
Pedestrian -1 -1 -6.6697 582.6572 180.8192 591.3044 208.6882 2.0944 0.6800 0.4318 -1.7799 2.7040 54.8508 -6.7026 0.0021
Pedestrian -1 -1 -4.9194 1151.9503 226.5164 1241.0000 374.0000 1.3996 0.4756 0.4885 3.6970 1.7604 4.5322 -4.2678 0.0021
Car -1 -1 -4.2611 593.7570 169.8496 629.2534 189.6940 1.8634 1.7333 4.3336 0.1654 1.5810 70.0807 -4.2591 0.0020
Cyclist -1 -1 -6.7102 1225.4557 171.0613 1241.0000 263.8775 1.9513 0.7106 1.7940 14.6782 1.9133 15.7828 -5.9710 0.0020
Car -1 -1 -4.4824 594.9217 167.6646 622.2371 188.7336 1.9815 1.7852 4.0141 -0.1241 1.4931 70.0163 -4.4845 0.0020
Cyclist -1 -1 -8.3508 1174.2266 176.2988 1241.0000 266.0119 1.9458 0.5460 1.8598 13.8484 2.0298 16.6882 -7.6675 0.0020
Pedestrian -1 -1 -5.0349 1207.4240 182.9826 1241.0000 262.5433 1.7373 0.6439 0.4833 13.8447 1.9691 16.1862 -4.3370 0.0020
Cyclist -1 -1 -8.8953 1218.3004 176.1235 1241.0000 268.8679 1.8917 0.4501 1.8510 14.3947 1.9670 15.7341 -8.1643 0.0019
Pedestrian -1 -1 -5.1075 1237.1531 185.6436 1241.0000 263.2627 1.6570 0.6411 0.5438 14.2825 1.9447 15.8830 -4.3850 0.0018
Car -1 -1 -8.1396 675.6584 170.5480 712.5297 199.9895 2.2233 1.7231 4.3177 6.5374 2.0489 56.7619 -8.0260 0.0018
Cyclist -1 -1 -8.0617 1207.5774 178.7851 1241.0000 264.0030 1.8645 0.4874 1.6925 14.3646 2.0091 16.7678 -7.3628 0.0017
Car -1 -1 -8.0155 682.2441 170.4992 713.4297 199.5910 2.1963 1.7079 4.5934 6.8388 2.0182 56.8040 -7.8967 0.0015
Car -1 -1 -4.7239 866.9342 176.2318 890.3471 198.3142 1.7674 1.7806 3.3618 22.3605 2.0578 60.2080 -4.3703 0.0013
Car -1 -1 -4.8523 918.3074 187.3297 972.5049 226.8516 1.6012 1.6754 3.9975 15.2012 2.3055 32.9659 -4.4243 0.0012
Car -1 -1 -4.9301 921.0482 188.0297 985.0825 231.3590 1.7333 1.7702 3.8986 15.2819 2.4590 32.4256 -4.4939 0.0012
Car -1 -1 -4.3114 595.6597 169.3268 627.6666 189.4535 1.8921 1.6226 4.1397 0.1773 1.5602 70.0537 -4.3092 0.0011
Car -1 -1 -4.8308 855.8120 178.6304 883.3026 199.2452 1.6371 1.7464 3.5160 21.6221 2.1347 60.2783 -4.4883 0.0009
Pedestrian -1 -1 -6.1061 873.5851 171.9555 881.6196 191.4987 1.7030 0.8198 0.5271 23.4768 1.6244 63.3605 -5.7531 0.0009
Car -1 -1 -4.6504 861.0481 177.0660 885.9852 198.8570 1.7394 1.7562 3.4060 21.9980 2.1019 60.2451 -4.3023 0.0006
Car -1 -1 -4.7982 931.2784 188.0639 981.1588 229.6445 1.6566 1.6494 4.2030 15.5486 2.3922 32.6548 -4.3580 0.0003
Pedestrian -1 -1 -6.7055 682.8080 183.0069 692.4521 205.8242 2.0895 0.8148 0.6087 7.1839 3.0386 66.9870 -6.5997 0.0002
