Car -1 -1 -4.4684 16.2191 190.1280 253.7144 352.2463 1.5680 1.6341 3.7622 -5.9443 1.8429 9.4532 -5.0175 0.9998
Car -1 -1 -4.5819 233.9572 192.6922 331.8257 275.8504 1.5213 1.4990 3.5843 -7.1984 2.0154 16.0516 -4.9978 0.9997
Car -1 -1 -4.6071 339.8052 193.0612 380.1758 226.9036 1.4458 1.4804 3.5344 -12.1040 2.4776 34.9674 -4.9385 0.9886
Car -1 -1 -3.4304 295.7075 188.8562 352.0135 209.6024 1.4815 1.5674 3.7777 -22.2376 2.7640 56.0585 -3.8068 0.8655
Car -1 -1 -4.5738 230.9609 193.2848 331.3564 275.7007 1.5069 1.5320 3.4795 -7.2180 2.0133 16.0101 -4.9918 0.8498
Car -1 -1 -4.6053 339.1580 192.8193 381.9916 226.6068 1.4411 1.5917 3.4002 -12.0080 2.4538 34.7760 -4.9359 0.7833
Car -1 -1 -4.5959 337.8589 193.0593 380.4361 226.9111 1.4447 1.5406 3.5534 -12.1396 2.4766 34.9616 -4.9282 0.7670
Car -1 -1 -3.3512 295.7234 187.5422 351.6158 209.2103 1.5595 1.5580 3.7868 -22.2069 2.7323 55.9287 -3.7279 0.7056
Car -1 -1 -4.4547 17.2899 189.5266 259.5976 350.1278 1.5371 1.6140 3.8075 -5.8461 1.8012 9.3867 -4.9995 0.6566
Car -1 -1 -3.5036 295.4389 188.2115 355.0774 209.4430 1.5085 1.6277 3.9901 -22.1044 2.7419 56.0190 -3.8781 0.6470
Car -1 -1 -3.4448 296.3022 188.8715 358.0830 209.9538 1.4991 1.7230 4.1631 -22.0593 2.7919 56.2786 -3.8171 0.5568
Car -1 -1 -3.3463 294.2533 189.1986 352.4599 210.3593 1.5129 1.7553 3.9408 -22.3434 2.8270 56.2081 -3.7234 0.4789
Car -1 -1 -3.5351 293.8152 189.0544 350.5853 210.3099 1.5133 1.6419 3.7640 -22.4040 2.8169 56.1703 -3.9134 0.4220
Car -1 -1 -2.2278 322.2633 194.1230 393.0452 227.2922 1.4285 1.5373 3.2492 -12.1428 2.4923 34.5687 -2.5636 0.1911
Pedestrian -1 -1 -7.4799 511.3614 183.7421 528.5845 223.4626 1.9030 0.6479 0.6304 -4.4257 2.4392 35.1657 -7.6048 0.1741
Car -1 -1 -4.4723 373.0034 190.1208 401.1217 208.3825 1.4907 1.5374 3.8225 -19.9274 3.0817 64.5445 -4.7710 0.1643
Pedestrian -1 -1 -7.5499 515.9494 182.3935 532.3896 222.2752 1.9175 0.6514 0.5866 -4.2260 2.3873 35.2062 -7.6692 0.1370
Car -1 -1 -4.6321 370.1273 190.2638 391.8856 208.4587 1.4723 1.5516 3.6889 -20.3456 3.0669 64.1282 -4.9386 0.1153
Car -1 -1 -4.6007 371.0428 190.4928 394.1409 208.8151 1.4866 1.5489 3.8510 -20.3209 3.1131 64.5070 -4.9051 0.0972
Pedestrian -1 -1 -7.6893 516.8137 183.0864 531.6021 222.1334 1.8839 0.6115 0.7185 -4.2437 2.3906 35.3798 -7.8085 0.0952
Car -1 -1 -4.5412 370.9120 189.4156 399.0313 207.8447 1.4923 1.6787 4.4542 -20.2209 3.0351 64.9093 -4.8424 0.0897
Car -1 -1 -6.3533 281.4908 189.8787 339.8423 211.2547 1.5223 1.7125 4.0534 -23.1360 2.8760 55.7144 -6.7455 0.0845
Pedestrian -1 -1 -3.6940 525.3185 182.6570 542.6247 222.0977 1.8657 0.6446 0.5767 -3.7064 2.3438 34.7777 -3.8000 0.0733
Car -1 -1 -4.3349 374.1770 189.8621 407.7048 208.3604 1.5088 1.5502 3.8699 -19.5646 3.0761 64.5094 -4.6286 0.0715
Car -1 -1 -4.4592 370.1099 188.8837 400.6925 207.7596 1.5268 1.6368 3.9811 -19.8493 2.9895 63.8307 -4.7599 0.0617
Car -1 -1 -6.3138 290.4762 189.8415 344.6786 211.2912 1.5436 1.7614 3.8459 -22.7270 2.8992 56.0095 -6.6980 0.0535
Pedestrian -1 -1 -3.7368 524.5020 181.3342 540.7383 221.3413 1.9066 0.6249 0.5213 -3.7914 2.3220 34.9653 -3.8446 0.0424
Car -1 -1 -4.7409 369.6582 191.1126 389.5266 209.5193 1.4781 1.5737 4.0642 -20.6233 3.1636 64.4405 -5.0499 0.0402
Pedestrian -1 -1 -3.3893 530.0333 180.6529 544.6661 220.0312 1.8671 0.6071 0.5689 -3.5414 2.2465 34.7463 -3.4907 0.0340
Car -1 -1 -4.2577 476.6913 191.1181 515.0145 213.8574 1.8075 1.6472 4.1802 -9.9738 3.4634 63.1915 -4.4141 0.0336
Pedestrian -1 -1 -4.4336 516.8148 184.4000 535.2093 223.8245 1.8650 0.7238 0.6716 -4.0826 2.4271 34.7515 -4.5503 0.0316
Car -1 -1 -3.8276 474.7499 192.7719 525.2204 213.2535 1.6100 1.8149 4.1494 -9.6036 3.4093 63.0444 -3.9787 0.0279
Car -1 -1 -4.1846 375.1064 190.1672 413.7597 208.6793 1.5005 1.5653 3.8798 -19.2250 3.0957 64.4253 -4.4739 0.0237
Car -1 -1 -4.3203 371.6864 189.0075 408.3309 208.1250 1.5401 1.6598 4.0971 -19.4345 3.0163 63.8291 -4.6151 0.0226
Car -1 -1 -4.8859 362.4442 191.3297 389.9234 209.8062 1.4753 1.6262 4.2183 -20.9026 3.1801 64.3459 -5.1991 0.0172
Car -1 -1 -4.1031 477.2842 191.6558 521.0948 213.5041 1.7222 1.6975 4.1751 -9.6525 3.4220 62.9937 -4.2551 0.0168
Car -1 -1 -4.5468 197.2578 193.3156 260.1566 235.8251 1.5489 1.7130 3.9077 -16.0465 2.4726 30.4582 -5.0284 0.0155
Car -1 -1 -4.5154 296.1685 190.0391 327.0672 210.8569 1.4822 1.5871 3.3981 -23.2282 2.8637 56.1967 -4.9060 0.0153
Car -1 -1 -4.4122 192.6744 194.1593 267.6066 237.7352 1.5703 1.7211 3.6876 -15.6792 2.5108 29.8931 -4.8919 0.0136
Car -1 -1 -6.0962 266.7698 188.1705 336.4170 211.2645 1.6771 1.8073 4.6815 -23.7320 2.8866 55.6126 -6.4981 0.0135
Car -1 -1 -4.3672 206.6984 196.5336 272.4376 233.5804 1.3769 1.4937 3.1502 -15.6732 2.4349 30.5909 -4.8375 0.0135
Car -1 -1 -6.3052 271.8045 189.5061 340.0855 212.0967 1.6004 1.7046 4.7695 -23.3672 2.9202 55.4469 -6.7026 0.0119
Car -1 -1 -4.7843 365.4143 189.4045 387.5183 208.4568 1.5335 1.5835 3.8939 -20.7052 3.0455 63.8290 -5.0972 0.0116
Car -1 -1 -4.0918 375.8048 189.9017 419.2159 208.9122 1.5323 1.5971 4.1527 -18.9278 3.1053 64.3678 -4.3771 0.0114
Car -1 -1 -4.4003 197.3410 195.0367 267.7715 235.2262 1.4683 1.5980 3.5542 -15.8153 2.4583 30.3257 -4.8778 0.0106
Car -1 -1 -4.9575 356.6020 190.4001 388.8418 209.3436 1.5156 1.6991 4.4690 -21.2370 3.1387 64.4123 -5.2751 0.0104
Car -1 -1 -4.5078 213.7865 192.9374 267.3538 232.2353 1.4991 1.4302 3.1390 -15.8351 2.4081 30.9666 -4.9774 0.0101
Car -1 -1 -4.3239 133.2629 193.7256 245.2278 251.9433 1.4534 1.5750 3.6237 -12.3076 2.1234 21.2743 -4.8433 0.0092
Car -1 -1 -3.3905 228.8249 180.2406 302.2351 206.7177 1.4967 1.7263 3.6997 -20.8542 1.9623 43.6626 -3.8340 0.0091
Car -1 -1 -3.3107 233.4234 180.7721 305.7099 207.2868 1.5082 1.7603 3.7372 -20.7320 2.0094 43.9025 -3.7498 0.0087
Car -1 -1 -4.3416 475.3823 191.9792 509.8690 214.3521 1.7797 1.6248 4.0555 -10.2658 3.5124 63.2288 -4.5025 0.0073
Cyclist -1 -1 -7.8100 250.1592 184.1034 264.4275 223.3391 1.6340 0.4873 1.5229 -15.3362 2.1342 31.3015 -8.2626 0.0073
Car -1 -1 -4.5718 0.0000 202.8003 12.7020 374.0000 1.4792 1.5814 3.6264 -7.8861 1.8920 8.0185 -5.3323 0.0068
Car -1 -1 -4.2216 0.0000 196.7335 39.4238 374.0000 1.5274 1.5894 3.9728 -8.1655 1.8588 7.8915 -5.0071 0.0062
Car -1 -1 -4.2241 178.2832 193.4899 268.6106 235.1641 1.4967 1.6768 3.8061 -15.8387 2.4004 29.7044 -4.7106 0.0061
Car -1 -1 -2.6160 442.2744 193.7466 498.3517 212.9192 1.5273 1.7305 4.5029 -12.1066 3.3797 62.4271 -2.8073 0.0060
Car -1 -1 -4.9560 357.9392 190.6899 388.1101 209.2853 1.4851 1.6005 4.0823 -21.0409 3.1179 63.9116 -5.2732 0.0059
Car -1 -1 -4.4257 154.9403 195.0051 247.7085 246.2555 1.3247 1.5587 3.3646 -12.4094 2.0563 22.0291 -4.9339 0.0056
Car -1 -1 -4.3772 216.4131 196.3979 276.9651 231.2374 1.3247 1.4324 2.9523 -15.6333 2.3896 31.0917 -4.8400 0.0054
Car -1 -1 -4.6150 0.0000 204.4691 0.0000 374.0000 1.4507 1.5916 3.9363 -7.6647 1.8745 7.6423 -5.3844 0.0051
Car -1 -1 -3.7860 372.7397 190.7246 425.2844 209.2553 1.4823 1.6213 4.4039 -18.7797 3.1304 64.3036 -4.0694 0.0049
Car -1 -1 -3.5663 474.6133 192.1710 526.6027 212.8740 1.6461 1.7405 4.1131 -9.5109 3.3730 62.6675 -3.7169 0.0049
Car -1 -1 -4.4784 0.0000 203.8145 11.9948 374.0000 1.4759 1.4947 3.9006 -7.8921 1.8998 7.8295 -5.2508 0.0048
Car -1 -1 -4.3682 152.0603 194.5087 250.7516 249.8662 1.3967 1.5245 3.1853 -11.9536 2.0843 21.2268 -4.8761 0.0047
Car -1 -1 -4.1053 371.9925 188.1367 417.4250 208.6787 1.6538 1.6577 4.3697 -19.0311 3.0563 63.8959 -4.3941 0.0046
Car -1 -1 -6.5950 0.0000 0.0000 1241.0000 374.0000 1.5514 1.5832 3.6100 -3.8056 1.6498 1.2996 -7.7717 0.0030
Car -1 -1 -8.8247 0.0000 0.0000 1241.0000 374.0000 1.5561 1.5827 3.5370 2.6582 1.6123 1.2152 -7.7717 0.0030
Car -1 -1 -8.9213 0.0000 0.0000 1241.0000 374.0000 1.5490 1.5839 3.5402 3.4476 1.6057 1.2484 -7.7720 0.0030
Car -1 -1 -6.6412 0.0000 0.0000 1241.0000 374.0000 1.5455 1.5831 3.6136 -3.3967 1.6449 1.3192 -7.7715 0.0030
Car -1 -1 -8.9516 0.0000 0.0000 1241.0000 374.0000 1.5381 1.5896 3.5754 3.8644 1.6120 1.2938 -7.7713 0.0030
Car -1 -1 -3.4822 0.0000 0.0000 1241.0000 374.0000 1.5744 1.6053 3.7996 -5.0471 1.6888 1.7971 -4.6621 0.0030
Car -1 -1 -9.0261 0.0000 0.0000 1241.0000 374.0000 1.5525 1.5946 3.5834 5.0290 1.6208 1.3544 -7.7724 0.0030
Car -1 -1 -8.8723 0.0000 0.0000 1241.0000 374.0000 1.5482 1.5887 3.5737 3.0782 1.6176 1.2626 -7.7708 0.0030
Car -1 -1 -3.5231 0.0000 195.7669 0.0000 374.0000 1.5569 1.5976 3.6524 -5.8017 1.6916 2.3886 -4.6625 0.0030
Car -1 -1 -8.9832 0.0000 0.0000 1241.0000 374.0000 1.5488 1.5879 3.5527 4.2410 1.6147 1.2976 -7.7719 0.0030
Car -1 -1 -6.5495 0.0000 0.0000 1241.0000 374.0000 1.5525 1.5931 3.6843 -4.6197 1.6678 1.3935 -7.7721 0.0030
Car -1 -1 -6.5810 0.0000 0.0000 1241.0000 374.0000 1.5462 1.5913 3.6751 -4.2065 1.6646 1.3976 -7.7717 0.0030
Car -1 -1 -3.4610 0.0000 0.0000 1241.0000 374.0000 1.5710 1.6063 3.8115 -5.4528 1.6970 1.8339 -4.6615 0.0030
Car -1 -1 -9.0045 0.0000 0.0000 1241.0000 374.0000 1.5384 1.5949 3.5881 4.6464 1.6243 1.3384 -7.7721 0.0030
Car -1 -1 -4.7944 333.2398 177.7801 353.5900 195.4787 1.6120 1.5269 3.6427 -25.4548 2.0948 68.7906 -5.1478 0.0030
Car -1 -1 -4.3802 473.6430 192.4047 506.3071 214.6900 1.7713 1.5903 4.0489 -10.4970 3.5416 63.2153 -4.5446 0.0029
Cyclist -1 -1 -4.6913 254.1938 188.6427 266.9999 228.6057 1.6445 0.4626 1.5269 -15.0996 2.3422 31.1069 -5.1402 0.0026
Car -1 -1 -4.7802 330.2267 177.3643 350.5253 195.6496 1.6677 1.5754 3.5233 -25.7061 2.1088 68.6896 -5.1373 0.0024
Car -1 -1 -6.3264 264.4686 184.9184 327.9405 210.9561 1.8717 1.8295 4.3880 -24.0720 2.8258 55.2994 -6.7355 0.0022
Car -1 -1 -4.5247 0.0000 197.1109 11.8436 374.0000 1.5078 1.5423 3.7633 -8.0514 1.8472 8.1077 -5.2902 0.0021
Cyclist -1 -1 -4.6373 249.3011 189.2705 266.0925 231.5568 1.7051 0.5028 1.8614 -15.0690 2.4273 30.7963 -5.0893 0.0019
Car -1 -1 -5.0661 319.5628 177.7405 351.1336 194.9762 1.5654 1.5924 3.7866 -26.1478 2.0428 68.5877 -5.4292 0.0018
Car -1 -1 -4.6004 334.0043 177.2552 356.9565 194.8669 1.6047 1.6295 3.8997 -25.2361 2.0372 68.8729 -4.9506 0.0017
Cyclist -1 -1 -7.7347 256.2833 182.1478 268.0229 218.5299 1.6007 0.3236 1.3209 -15.8342 2.0312 32.7689 -8.1819 0.0015
Car -1 -1 -4.9052 494.0898 188.8460 534.8471 221.1431 1.8901 1.7619 4.7319 -6.3444 2.9930 47.2492 -5.0386 0.0014
Cyclist -1 -1 -3.7217 302.5039 172.3234 338.0281 211.3620 2.2558 0.6128 1.9286 -17.1508 2.2248 42.6592 -4.1021 0.0010
Car -1 -1 -7.8486 254.7921 172.6534 284.0478 201.9353 2.1527 1.9606 4.7738 -26.2580 2.1377 55.6230 -8.2880 0.0007
Car -1 -1 -6.6453 374.5671 190.4652 429.1906 209.4132 1.5384 1.5822 4.3915 -18.5018 3.1515 64.1538 -6.9254 0.0007
Car -1 -1 -5.1100 515.5779 189.8414 587.1218 233.3481 1.7256 1.6300 4.4524 -2.7877 2.5530 32.8045 -5.1949 0.0007
Cyclist -1 -1 -4.2490 511.7683 182.9534 537.4147 223.0715 1.8859 0.5703 1.6438 -4.1983 2.3908 35.2260 -4.3674 0.0007
Car -1 -1 -4.6399 475.2943 192.9172 496.9985 214.5945 1.7135 1.5800 4.0554 -10.8076 3.5235 63.0078 -4.8096 0.0004
Pedestrian -1 -1 -3.8509 516.4810 181.3305 537.9530 231.3571 2.1697 0.7559 0.5949 -3.7066 2.5501 31.9301 -3.9663 0.0004
Cyclist -1 -1 -7.4848 512.6182 184.0519 534.9568 222.9813 1.8390 0.5363 1.6377 -4.2637 2.4020 35.4394 -7.6043 0.0004
Car -1 -1 -7.9551 254.9967 171.9107 288.0035 201.7760 2.2071 1.8738 4.3950 -26.1869 2.1371 55.6909 -8.3930 0.0003
Cyclist -1 -1 -2.0169 323.7563 175.4476 342.5942 198.9250 2.1529 0.8755 1.9778 -25.8784 2.3984 67.3843 -2.3825 0.0000
