Car -1 -1 -4.2098 60.4537 195.4924 268.1469 285.8672 1.4432 1.7438 4.1924 -8.8325 1.9709 14.7071 -4.7430 0.9998
Car -1 -1 -4.4705 402.8970 181.4073 454.0263 214.5175 1.6274 1.7146 4.0966 -9.6713 2.1087 38.5744 -4.7149 0.9829
Car -1 -1 -7.9496 585.0182 176.7538 616.0324 202.6059 1.5925 1.6467 3.9366 -0.6921 1.8579 47.1110 -7.9647 0.9173
Car -1 -1 -7.8170 549.5836 177.7165 571.3693 196.2562 1.4666 1.6696 3.8849 -4.1192 1.8844 60.0760 -7.8855 0.8869
Car -1 -1 -7.9568 584.1093 176.7773 615.8286 202.8026 1.6022 1.6561 4.0499 -0.7311 1.8698 47.1654 -7.9727 0.8595
Car -1 -1 -4.5864 466.8344 175.6938 492.5720 197.6058 1.8155 1.6950 4.0476 -11.2526 2.0689 62.3837 -4.7645 0.8438
Car -1 -1 -4.2368 65.4843 195.0495 266.7476 285.4742 1.4454 1.7466 4.0998 -8.7786 1.9605 14.6583 -4.7688 0.8157
Car -1 -1 -4.6691 467.0099 176.0789 489.1801 197.5948 1.7787 1.7158 3.9466 -11.3891 2.0663 62.3420 -4.8494 0.8095
Car -1 -1 -4.4587 403.0490 182.3929 454.5294 213.9015 1.5340 1.6787 4.1030 -9.6185 2.0690 38.4347 -4.7027 0.7890
Car -1 -1 -4.4831 401.6173 181.6315 453.3353 214.7028 1.6200 1.7646 4.2155 -9.7250 2.1149 38.5919 -4.7288 0.7488
Car -1 -1 -7.8648 589.5722 176.7862 616.0009 202.7477 1.6008 1.6531 4.0633 -0.5312 1.8687 47.1623 -7.8765 0.7265
Car -1 -1 -7.9881 581.9062 176.9075 615.3758 202.3776 1.5603 1.6574 3.9192 -0.8142 1.8352 46.9206 -8.0059 0.6460
Car -1 -1 -4.7820 546.8267 177.1429 571.0840 196.2582 1.5103 1.7218 4.2539 -4.3201 1.8813 60.2365 -4.8536 0.6338
Car -1 -1 -4.6320 550.3762 177.4567 574.0938 196.4056 1.5002 1.6607 3.9516 -3.9702 1.8958 60.0771 -4.6981 0.6271
Car -1 -1 -7.9124 587.6448 176.6588 616.0109 202.5853 1.5926 1.6186 3.6512 -0.5978 1.8487 46.7520 -7.9256 0.6090
Car -1 -1 -4.5673 466.0404 177.3294 492.2104 197.3219 1.6386 1.6798 3.7897 -11.2208 2.0343 61.9203 -4.7462 0.5968
Car -1 -1 -7.9186 546.5955 177.5508 569.3681 196.2890 1.4789 1.6401 3.7760 -4.3733 1.8815 59.9220 -7.9916 0.4550
Pedestrian -1 -1 -4.0975 1084.6093 152.7372 1110.5919 203.7083 1.8034 0.5728 0.5290 17.4473 1.0914 25.8911 -3.5100 0.4279
Car -1 -1 -4.7470 465.7745 175.9546 486.7641 197.0128 1.7406 1.6424 4.0759 -11.6240 2.0179 62.4446 -4.9306 0.4230
Car -1 -1 -4.6882 465.7953 177.2154 486.9514 196.9483 1.5992 1.6767 4.2112 -11.4124 1.9850 61.6655 -4.8707 0.4154
Car -1 -1 -4.8218 462.4481 176.5951 487.4804 197.2372 1.6892 1.6771 4.0734 -11.6635 2.0219 62.0339 -5.0072 0.4068
Car -1 -1 -4.7247 549.8512 177.3727 570.7858 196.0818 1.4660 1.6672 3.9388 -4.1526 1.8514 59.5519 -4.7944 0.3777
Car -1 -1 -4.5398 551.2673 177.2519 578.6309 196.1806 1.4954 1.6119 3.9985 -3.7384 1.8737 60.0423 -4.6021 0.3123
Car -1 -1 -4.7085 553.1411 177.4752 573.2289 196.3306 1.4807 1.6018 3.7533 -3.8820 1.8740 59.5268 -4.7737 0.3107
Car -1 -1 -7.9474 543.8417 177.1088 568.1304 196.2025 1.5018 1.6576 3.6900 -4.5145 1.8644 59.5843 -8.0231 0.2834
Car -1 -1 -7.5588 339.0915 182.1382 429.8438 235.1799 1.5441 1.7036 4.1648 -7.3617 1.8771 23.8189 -7.8559 0.1726
Car -1 -1 -4.4176 343.5684 181.8141 434.6535 234.9582 1.5276 1.6446 4.3396 -7.1497 1.8479 23.6453 -4.7086 0.1587
Car -1 -1 -4.8980 540.1262 177.5269 569.8656 197.1133 1.5425 1.7131 4.2437 -4.6507 1.9467 60.1802 -4.9752 0.1556
Car -1 -1 -4.8855 548.2269 177.0485 576.6563 196.7897 1.5140 1.5812 4.2855 -3.9241 1.8673 58.5686 -4.9525 0.1513
Car -1 -1 -4.4854 354.9825 182.4680 433.7177 235.0283 1.5113 1.5808 4.0312 -6.9766 1.8524 23.5587 -4.7708 0.1470
Car -1 -1 -4.7750 546.5624 176.1814 571.3112 196.0860 1.5430 1.7549 4.0296 -4.2164 1.8233 58.7529 -4.8467 0.1417
Car -1 -1 -4.8620 712.6818 174.8213 746.9393 199.8326 1.5517 1.5898 4.1848 7.7536 1.6858 47.1961 -4.7006 0.1397
Car -1 -1 -7.5186 332.0670 184.5535 429.0021 236.3256 1.4581 1.6746 4.2587 -7.3650 1.8730 23.4517 -7.8202 0.1266
Car -1 -1 -4.8092 715.6183 174.2393 748.0457 198.1352 1.4865 1.6660 4.4110 7.9200 1.5815 47.4023 -4.6451 0.1073
Car -1 -1 -4.5134 395.6214 183.6950 458.4337 224.9475 1.4889 1.6394 4.3836 -7.4128 1.9644 29.4398 -4.7584 0.1043
Car -1 -1 -4.8897 539.5157 177.3032 568.5990 197.4189 1.5791 1.7003 4.1052 -4.6989 1.9612 59.8150 -4.9681 0.0781
Car -1 -1 -7.6253 390.8625 182.3146 456.9746 224.8316 1.5114 1.6626 3.9932 -7.3174 1.9119 28.5577 -7.8744 0.0639
Car -1 -1 -4.8258 715.3000 174.3475 749.6872 198.8551 1.5045 1.6868 4.5008 7.8680 1.6060 46.8647 -4.6609 0.0560
Car -1 -1 -6.0677 533.3785 177.6347 583.2194 196.3664 1.5004 1.5705 3.8454 -4.2636 1.9005 59.3834 -6.1395 0.0556
Car -1 -1 -5.8696 532.7476 177.7162 582.8544 196.8837 1.5299 1.7146 3.7678 -4.3426 1.9419 59.7572 -5.9422 0.0540
Car -1 -1 -3.0009 901.5035 158.8457 974.9380 187.0039 1.4935 1.5731 3.5120 18.0866 0.7502 39.8741 -2.5779 0.0482
Car -1 -1 -6.0098 531.7971 177.5511 585.1910 196.1641 1.4777 1.6044 4.0797 -4.2295 1.8697 59.0802 -6.0813 0.0444
Car -1 -1 -3.6886 543.4959 177.3585 597.2615 196.5228 1.5097 1.7090 4.1526 -3.2812 1.8932 59.6045 -3.7437 0.0421
Car -1 -1 -5.8982 532.1197 178.0548 585.0563 196.9660 1.5147 1.7848 4.0201 -4.2971 1.9579 60.0677 -5.9697 0.0325
Car -1 -1 -4.9109 711.4647 173.5576 750.0432 199.1149 1.5765 1.6902 4.0010 7.7209 1.6237 46.6503 -4.7483 0.0307
Car -1 -1 -3.2240 541.2825 178.2346 588.5815 196.8589 1.4911 1.7340 3.7643 -3.7646 1.9433 59.5509 -3.2872 0.0240
Car -1 -1 -4.7686 447.4239 181.9808 484.5519 212.6619 1.5023 1.7220 4.2678 -7.8641 2.0239 38.9708 -4.9669 0.0240
Car -1 -1 -3.4247 544.1763 177.6532 598.5010 196.7559 1.5101 1.6542 4.1573 -3.2040 1.9137 59.2460 -3.4789 0.0211
Car -1 -1 -4.6449 490.6013 180.7910 522.0040 208.3100 1.5262 1.5929 4.1283 -6.2207 2.0262 43.3565 -4.7870 0.0195
Car -1 -1 -7.8766 453.3492 181.9420 486.6059 212.0820 1.4838 1.6651 3.9870 -7.6339 2.0006 38.9296 -8.0694 0.0174
Car -1 -1 -3.4096 540.6085 177.8831 595.1409 197.0103 1.5065 1.5964 4.1781 -3.4743 1.9274 59.0067 -3.4685 0.0165
Car -1 -1 -6.2322 537.5945 178.0641 588.1500 196.6752 1.5103 1.7804 4.1098 -3.9114 1.9498 59.9868 -6.2974 0.0153
Car -1 -1 -4.3343 427.7064 180.5001 487.4770 214.1763 1.5484 1.5892 3.9347 -7.6100 1.9536 36.1914 -4.5405 0.0131
Car -1 -1 -7.8321 936.0101 157.1520 968.3941 185.1488 1.4894 1.5702 3.5044 19.1044 0.6538 40.3034 -7.3923 0.0129
Car -1 -1 -7.6131 394.4893 181.6991 460.5437 223.7116 1.5216 1.6504 4.0336 -7.2869 1.9016 29.0022 -7.8576 0.0122
Car -1 -1 -4.2575 420.8211 180.3756 488.0908 215.9082 1.6226 1.6139 4.1808 -7.7399 2.0220 36.1142 -4.4676 0.0103
Car -1 -1 -7.7799 938.7096 154.4839 974.9767 183.7143 1.5482 1.5607 3.7668 19.3367 0.5749 40.2391 -7.3348 0.0093
Car -1 -1 -4.5716 362.3866 184.8863 402.6982 215.8593 1.6071 1.6052 4.4019 -13.0638 2.3377 41.5280 -4.8749 0.0093
Car -1 -1 -4.5165 371.9533 185.3209 412.8387 211.2520 1.3666 1.5610 3.7827 -12.6073 2.1235 41.8660 -4.8076 0.0086
Car -1 -1 -4.5553 402.2480 174.3036 427.7589 193.1346 1.6954 1.6757 4.1245 -18.2067 1.8349 67.4317 -4.8183 0.0080
Car -1 -1 -4.7545 373.8266 185.7916 405.0376 213.4679 1.4222 1.5353 4.0348 -12.6831 2.2003 41.2525 -5.0514 0.0078
Car -1 -1 -6.9368 0.0000 179.8183 44.7701 374.0000 1.5882 1.7354 4.2921 -7.0985 1.6636 5.6576 -7.8114 0.0075
Car -1 -1 -4.4437 402.9382 173.8496 433.0455 192.9412 1.7239 1.6825 4.1288 -17.9251 1.8196 67.4421 -4.7027 0.0075
Car -1 -1 -7.8745 382.1823 182.5361 417.3298 216.0557 1.7270 1.8211 4.7888 -12.0921 2.3140 41.2094 -8.1586 0.0063
Car -1 -1 -4.6775 401.6469 174.8360 421.5261 193.3237 1.6570 1.6437 4.1950 -18.5180 1.8479 67.3768 -4.9450 0.0059
Car -1 -1 -7.8295 549.6951 177.6583 574.4724 198.2511 1.5643 1.8856 4.3894 -3.8456 1.9656 58.0830 -7.8957 0.0057
Cyclist -1 -1 -7.5785 411.5486 183.6767 433.8077 229.6344 1.5304 0.3622 1.4754 -6.5564 1.9179 25.1175 -7.8318 0.0056
Car -1 -1 -6.6902 0.0000 178.4516 40.1233 374.0000 1.5900 1.7304 4.0802 -7.4624 1.6524 5.8850 -7.5709 0.0055
Cyclist -1 -1 -7.6936 414.9995 182.7955 432.6655 230.8139 1.6153 0.3465 1.6353 -6.6019 1.9771 25.4461 -7.9455 0.0054
Car -1 -1 -6.8739 0.0000 188.7090 54.1225 374.0000 1.4135 1.5582 3.7225 -7.3821 1.5974 6.4273 -7.7076 0.0051
Car -1 -1 -7.5469 406.8544 174.8133 437.3970 191.7290 1.5239 1.6202 4.0398 -17.5647 1.7126 67.5378 -7.8006 0.0049
Car -1 -1 -7.4652 393.8867 180.3636 427.1619 198.5771 1.5185 1.5090 3.7895 -17.6072 2.2023 63.7537 -7.7339 0.0046
Car -1 -1 -7.1617 0.0000 191.2387 18.1656 374.0000 1.3706 1.4827 3.6500 -7.1087 1.5748 6.1138 -8.0005 0.0043
Car -1 -1 -4.3736 329.5218 187.8672 369.2819 213.7624 1.5962 1.3514 3.7184 -17.4977 2.6438 48.4991 -4.7184 0.0040
Car -1 -1 -6.0711 394.0540 180.1856 446.0403 197.1908 1.4328 1.5497 4.1145 -16.4217 2.0754 62.4052 -6.3277 0.0039
Car -1 -1 -3.9807 528.1187 176.1317 568.1143 193.6785 1.5509 1.5844 3.7321 -5.6948 1.8615 66.4745 -4.0662 0.0039
Car -1 -1 -3.9163 381.5000 184.9305 448.7896 211.7411 1.4818 1.6366 3.9252 -11.8266 2.2512 43.8820 -4.1785 0.0039
Car -1 -1 -7.4060 0.0000 190.4811 1.0833 374.0000 1.4001 1.4579 3.6487 -6.8212 1.5953 6.0407 -8.2300 0.0039
Car -1 -1 -7.2490 393.6714 180.1329 434.4209 198.1245 1.4933 1.5897 3.7950 -17.2536 2.1553 63.6033 -7.5131 0.0036
Car -1 -1 -3.4664 544.9584 176.8697 602.4379 197.4043 1.6220 1.6092 4.4250 -3.0001 1.9596 59.1633 -3.5172 0.0036
Car -1 -1 -6.0948 392.9089 177.5032 449.7055 196.1700 1.5783 1.6700 4.5260 -16.3249 1.9869 62.4806 -6.3497 0.0034
Car -1 -1 -7.1218 395.3657 179.5668 441.7627 197.0430 1.4453 1.6044 4.1241 -16.8402 2.0568 63.5622 -7.3800 0.0032
Car -1 -1 -4.0431 379.1283 185.8900 440.1665 213.0275 1.5119 1.5901 3.7992 -12.2579 2.3481 44.2377 -4.3123 0.0031
Car -1 -1 -6.6559 393.7456 179.2148 444.4736 197.5891 1.5244 1.6386 3.9544 -16.6617 2.0953 62.9560 -6.9139 0.0027
Car -1 -1 -3.9402 380.2812 185.1524 449.4945 213.4980 1.5753 1.6649 4.1612 -11.9332 2.3671 44.2499 -4.2026 0.0027
Car -1 -1 -7.2058 394.9855 180.0193 436.7535 197.5191 1.4506 1.5944 3.7771 -17.0765 2.1016 63.5383 -7.4676 0.0025
Car -1 -1 -4.1085 327.3339 186.4786 383.4158 213.6486 1.6688 1.4961 4.1097 -17.1431 2.6290 48.6834 -4.4457 0.0019
Pedestrian -1 -1 -7.7332 771.0847 173.8904 786.8249 212.3048 1.5915 0.5670 0.7002 7.0638 1.6354 30.3421 -7.5072 0.0016
Cyclist -1 -1 -7.5881 0.0000 173.8983 15.8251 353.0747 1.5019 0.4454 1.5549 -6.2187 1.5127 6.8541 -8.3058 0.0016
Car -1 -1 -7.0755 685.4809 169.8093 731.1075 188.3285 1.6181 1.6048 4.1722 8.8465 1.3518 64.9550 -6.9410 0.0015
Car -1 -1 -6.2083 395.8859 179.4014 447.7318 197.4445 1.5169 1.5752 4.2504 -16.3236 2.0956 62.6530 -6.4625 0.0014
Pedestrian -1 -1 -2.6173 0.0000 181.4366 13.1790 214.4518 1.8001 0.6700 0.4005 -33.4774 2.2786 39.8937 -3.3123 0.0013
Pedestrian -1 -1 -3.7803 776.6999 173.2011 794.4943 208.4762 1.4644 0.5521 0.4938 7.3312 1.4789 30.3116 -3.5457 0.0013
Car -1 -1 -7.4346 687.8644 169.9015 721.4590 188.4217 1.6145 1.4881 4.0419 8.5377 1.3568 65.0113 -7.3049 0.0010
Pedestrian -1 -1 -6.2714 530.6118 172.1254 536.5129 192.0544 1.8467 0.8563 0.5381 -7.1501 1.7789 67.3122 -6.3771 0.0008
Pedestrian -1 -1 -6.2063 529.2516 173.5904 535.0641 191.4502 1.6556 0.8024 0.4797 -7.2829 1.7244 67.3268 -6.3140 0.0008
Pedestrian -1 -1 -2.4246 608.8611 166.3001 617.9439 189.4474 2.1640 0.7159 0.5101 0.3001 1.5510 67.8935 -2.4206 0.0005
Pedestrian -1 -1 -2.8265 611.8188 164.4650 619.2298 189.5726 2.3479 0.6757 0.5136 0.5002 1.5631 67.8753 -2.8195 0.0004
Pedestrian -1 -1 -2.5781 611.2531 165.2740 620.1634 189.0091 2.2219 0.7383 0.5273 0.5183 1.5120 67.9970 -2.5708 0.0003
Car -1 -1 -4.6032 494.5947 178.7002 523.2802 201.3236 1.3671 1.4492 3.5159 -6.4833 1.7563 46.2981 -4.7420 0.0003
