Car -1 -1 -8.0681 298.1287 187.4698 390.5316 251.8393 1.5284 1.6618 3.6536 -7.4917 1.9739 20.0212 -8.4223 0.9998
Car -1 -1 -8.0216 274.3487 184.1432 339.9339 237.8724 1.6982 1.5882 3.3939 -10.7724 2.1250 25.4441 -8.4188 0.9968
Car -1 -1 -8.0220 246.1892 188.9679 305.8542 231.1173 1.5011 1.6003 3.6519 -13.5816 2.1956 29.1521 -8.4549 0.9912
Car -1 -1 -7.8893 219.6687 187.7377 254.7784 217.4481 1.4839 1.6050 3.9126 -20.8593 2.3570 40.2401 -8.3651 0.9692
Car -1 -1 -1.7556 25.4210 191.3441 112.2177 244.0729 1.5540 1.6642 4.0497 -18.5752 2.2361 24.6418 -2.3966 0.9411
Car -1 -1 -8.0399 245.3530 189.1822 306.9975 230.9892 1.4891 1.6132 3.6759 -13.5978 2.1940 29.1999 -8.4727 0.8745
Car -1 -1 -7.8931 219.1739 187.7111 254.0470 217.8521 1.5078 1.5788 3.8086 -20.8495 2.3765 40.1575 -8.3695 0.8714
Car -1 -1 -7.8686 220.6128 187.5855 255.1413 217.8478 1.5118 1.6388 3.9864 -20.8320 2.3776 40.2772 -8.3436 0.8468
Car -1 -1 -7.9322 39.5614 191.3527 110.3570 243.5088 1.5437 1.6668 3.8056 -18.4414 2.2287 24.7470 -8.5676 0.8388
Car -1 -1 -7.8700 221.2091 187.4416 255.3286 217.8465 1.5204 1.6178 3.8849 -20.7653 2.3749 40.1853 -8.3445 0.7760
Car -1 -1 -4.9541 269.5562 184.7808 345.5309 237.8691 1.6662 1.6621 3.5788 -10.7629 2.1185 25.4464 -5.3509 0.7717
Car -1 -1 -8.0530 269.1780 185.7729 336.5175 238.4939 1.6551 1.5426 3.3714 -10.8924 2.1418 25.3733 -8.4551 0.7559
Car -1 -1 -7.9427 214.4170 187.3573 255.0976 217.9530 1.5273 1.6583 4.1201 -21.0175 2.3804 40.2714 -8.4213 0.6824
Car -1 -1 -1.8111 15.5642 191.4648 109.8772 244.4447 1.5601 1.6554 3.9993 -18.6646 2.2407 24.4917 -2.4573 0.6521
Car -1 -1 -8.0205 275.9749 184.1554 344.1513 237.9120 1.6930 1.6654 3.4810 -10.6733 2.1213 25.4465 -8.4144 0.6401
Car -1 -1 -4.6515 0.0000 173.7637 82.9773 374.0000 1.8788 1.7404 4.5645 -7.8009 1.8930 9.1200 -5.3448 0.5895
Car -1 -1 -4.6427 0.0000 177.2458 92.3436 370.9025 1.7962 1.6629 4.2517 -7.5632 1.8642 9.0094 -5.3267 0.5855
Car -1 -1 -4.6412 0.0000 178.4511 86.6991 374.0000 1.8123 1.7328 4.6628 -7.7611 1.9014 9.1187 -5.3321 0.5669
Car -1 -1 -8.0328 246.0983 188.8385 309.4060 231.0672 1.5042 1.6661 3.9495 -13.6248 2.2013 29.3839 -8.4639 0.5615
Car -1 -1 -7.8311 184.2487 183.2358 207.6005 204.1945 1.6572 1.6255 3.3315 -34.8507 2.5574 60.7368 -8.3504 0.4984
Car -1 -1 -7.9088 278.8098 188.4693 333.8543 237.9904 1.5291 1.5937 4.0393 -10.9647 2.1343 25.8098 -8.3073 0.4928
Car -1 -1 -7.9076 44.3719 191.3675 111.7588 243.6716 1.5455 1.6674 3.5631 -18.2047 2.2246 24.5758 -8.5402 0.4864
Car -1 -1 -7.8511 48.2114 191.7529 111.2486 243.5796 1.5326 1.6404 3.8125 -18.2635 2.2359 24.8388 -8.4802 0.4538
Car -1 -1 -4.5919 0.0000 187.0857 88.6506 374.0000 1.6411 1.6981 4.5983 -7.7462 1.8655 9.0000 -5.2881 0.4137
Car -1 -1 -7.5908 272.3245 187.7421 350.1449 237.1041 1.5410 1.5883 3.9311 -10.6228 2.1155 25.8095 -7.9781 0.3812
Car -1 -1 -1.9518 0.0000 192.9032 111.9768 245.1284 1.5283 1.6600 4.0616 -18.7043 2.2495 24.2129 -2.6044 0.2782
Car -1 -1 -7.8130 186.5170 183.7227 210.9819 204.8900 1.6737 1.6487 3.5868 -34.7875 2.6227 61.0496 -8.3293 0.2548
Car -1 -1 -7.6563 183.7763 183.2222 216.0735 204.3054 1.6652 1.6976 3.5675 -34.5788 2.5678 60.8755 -8.1712 0.2413
Car -1 -1 -7.8074 181.2320 183.3299 205.6877 203.7874 1.6148 1.6244 3.3528 -35.0479 2.5231 60.7218 -8.3292 0.1987
Pedestrian -1 -1 -3.9985 652.6804 167.6423 682.1892 230.7142 1.5920 0.5277 0.5490 1.4293 1.4601 18.5930 -3.9238 0.1741
Car -1 -1 -7.8007 183.6487 184.3567 208.7589 205.0551 1.6237 1.6287 4.0615 -35.0883 2.6340 61.2065 -8.3196 0.1438
Car -1 -1 -7.9210 178.0793 183.3291 203.3503 203.5817 1.5952 1.6113 3.4740 -35.3033 2.5033 60.6794 -8.4462 0.0887
Car -1 -1 -7.8612 180.6205 183.6727 203.6107 204.1599 1.6067 1.6348 4.0313 -35.3686 2.5535 61.0116 -8.3849 0.0829
Car -1 -1 -3.8081 0.0000 191.8505 138.8019 248.2852 1.5848 1.8217 4.0247 -18.1738 2.2713 23.9080 -4.4529 0.0806
Pedestrian -1 -1 -5.5798 443.7448 160.4207 451.6885 188.5721 1.8186 0.5055 0.2319 -10.5785 1.0151 46.8889 -5.8007 0.0694
Cyclist -1 -1 -4.5535 515.6480 173.1033 538.4827 226.0397 1.6892 0.5324 1.4092 -2.7662 1.6974 23.7472 -4.6689 0.0681
Pedestrian -1 -1 -5.5094 443.7008 160.8131 452.1769 188.1171 1.7688 0.4954 0.2696 -10.5942 0.9884 47.0230 -5.7300 0.0496
Car -1 -1 -7.9840 67.9337 179.4575 128.7018 227.9115 1.9966 1.7009 4.2392 -23.0946 2.3128 32.4484 -8.5988 0.0458
Pedestrian -1 -1 -2.5598 446.5637 161.2329 454.5853 189.7154 1.8360 0.5302 0.2596 -10.3742 1.0866 46.8051 -2.7770 0.0457
Cyclist -1 -1 -4.5677 510.9342 174.3972 532.7410 225.6002 1.6367 0.5315 1.3100 -2.9415 1.6886 23.7637 -4.6902 0.0412
Pedestrian -1 -1 -4.4180 510.3534 171.7956 532.8632 222.5283 1.6419 0.5712 0.6504 -2.9494 1.6074 23.7213 -4.5410 0.0345
Car -1 -1 -6.6435 273.1288 185.3189 404.7075 238.5097 1.6774 1.7406 4.0267 -9.6261 2.1545 25.6595 -6.9995 0.0329
Car -1 -1 -3.1575 174.0405 183.9735 226.2580 203.4974 1.5356 1.7078 3.7532 -34.2907 2.4915 60.3588 -3.6725 0.0305
Car -1 -1 -6.3223 174.9281 183.3951 232.0109 204.3268 1.6542 1.8757 4.1226 -34.2644 2.5694 60.7899 -6.8339 0.0305
Car -1 -1 -6.5307 248.1598 188.8468 356.1200 231.3156 1.5285 1.8202 3.6864 -12.4706 2.2160 29.1917 -6.9315 0.0234
Car -1 -1 -6.5149 177.4809 182.6108 239.6708 203.9739 1.6816 1.7710 4.2902 -33.8223 2.5319 60.8098 -7.0209 0.0210
Car -1 -1 -4.8728 59.1164 179.5842 123.6026 226.6632 1.9340 1.7173 4.1016 -23.2908 2.2541 32.2905 -5.4940 0.0209
Pedestrian -1 -1 -4.6532 511.9581 171.9644 530.7490 224.1036 1.6777 0.5703 0.7027 -2.9407 1.6488 23.5863 -4.7765 0.0196
Cyclist -1 -1 -4.8592 516.3508 172.7805 538.3854 225.5607 1.6622 0.5017 1.4577 -2.7480 1.6596 23.4924 -4.9750 0.0192
Cyclist -1 -1 -7.9973 517.0658 175.2308 534.4489 222.0995 1.5624 0.3841 1.4888 -2.9622 1.6467 24.9001 -8.1151 0.0165
Pedestrian -1 -1 -3.7796 928.3254 150.0368 970.1371 242.8659 1.8681 0.6456 0.4897 6.9384 1.4086 14.8871 -3.3516 0.0146
Cyclist -1 -1 -4.6507 509.5912 173.6194 528.9034 226.6042 1.6664 0.5381 1.4189 -2.9862 1.6917 23.4391 -4.7767 0.0117
Car -1 -1 -3.3166 0.0000 186.8560 92.6634 344.1858 1.7202 1.8548 4.6377 -10.8300 1.9756 10.7479 -4.0934 0.0102
Pedestrian -1 -1 -3.2105 1185.6719 163.1372 1241.0000 305.4337 1.6097 0.5581 0.5223 7.1137 1.4995 8.5404 -2.5334 0.0102
Pedestrian -1 -1 -3.9277 935.2629 155.3026 974.5522 243.8415 1.7594 0.5783 0.4400 6.9612 1.4103 14.6850 -3.4933 0.0083
Car -1 -1 -6.1292 140.4268 184.2031 205.9671 203.9453 1.5307 1.6612 4.4120 -35.9084 2.4899 59.3931 -6.6713 0.0074
Car -1 -1 -5.8524 150.8585 183.7558 211.6560 203.2426 1.5592 1.7724 3.9729 -35.6534 2.4824 60.0358 -6.3866 0.0072
Car -1 -1 -5.9887 145.3540 184.2582 209.3608 203.3492 1.5023 1.6960 4.2328 -35.7658 2.4667 59.7040 -6.5267 0.0071
Car -1 -1 -6.3849 177.7536 183.0462 236.1125 203.1899 1.5854 1.6489 4.1303 -33.8163 2.4663 60.5267 -6.8927 0.0071
Pedestrian -1 -1 -6.9517 1198.0947 156.2989 1241.0000 262.4310 1.5405 0.4508 0.4315 9.0665 1.2999 10.7031 -6.2627 0.0068
Cyclist -1 -1 -4.9506 513.7898 178.7424 537.2138 224.1161 1.4791 0.4458 1.4997 -2.9270 1.6851 24.5038 -5.0688 0.0060
Pedestrian -1 -1 -3.1405 693.7152 168.6231 707.3431 225.6427 1.7680 0.5866 0.4197 2.7970 1.6365 22.6891 -3.0202 0.0054
Cyclist -1 -1 -5.0323 515.4050 170.0568 544.9407 221.6403 1.5994 0.4652 1.5852 -2.6263 1.5124 23.1896 -5.1444 0.0054
Pedestrian -1 -1 -6.6554 696.1152 165.7827 714.9161 226.3636 1.8779 0.5741 0.4029 2.9528 1.6584 22.6932 -6.5284 0.0047
Pedestrian -1 -1 -4.1140 561.0107 166.6873 590.4222 222.6912 1.5491 0.5841 0.6169 -1.0155 1.3782 20.3738 -4.1639 0.0046
Pedestrian -1 -1 -3.4416 694.6177 166.0873 716.5129 226.3028 1.8794 0.7043 0.5006 2.9816 1.6679 22.9100 -3.3145 0.0045
Pedestrian -1 -1 -3.4422 688.4482 164.3047 709.1943 228.6418 2.0169 0.6680 0.4771 2.7780 1.7486 22.9909 -3.3242 0.0039
Pedestrian -1 -1 -3.3673 698.7503 169.6954 719.8078 224.6736 1.6765 0.6273 0.5158 3.0210 1.5799 22.3389 -3.2354 0.0035
Pedestrian -1 -1 -4.0362 513.9724 168.8760 543.0810 219.4076 1.5891 0.6527 0.6698 -2.6597 1.4637 23.1485 -4.1498 0.0034
Car -1 -1 -4.5394 70.7960 185.7278 106.9183 206.2527 1.4975 1.6655 3.9911 -41.5102 2.5618 57.5095 -5.1626 0.0030
Car -1 -1 -3.4819 0.0000 0.0000 1241.0000 374.0000 1.5774 1.6043 3.8022 -5.0445 1.6823 1.7956 -4.6619 0.0030
Car -1 -1 -6.5488 0.0000 0.0000 1241.0000 374.0000 1.5544 1.5919 3.6768 -4.6166 1.6669 1.3893 -7.7719 0.0030
Car -1 -1 -6.5801 0.0000 0.0000 1241.0000 374.0000 1.5470 1.5899 3.6670 -4.2029 1.6619 1.3930 -7.7714 0.0030
Car -1 -1 -4.5467 78.6062 185.9986 113.6771 206.2327 1.4959 1.6668 3.9917 -41.5005 2.5972 58.3097 -5.1633 0.0030
Car -1 -1 -4.5533 86.2475 185.9136 120.2732 205.7840 1.4905 1.6657 3.9798 -41.4878 2.5990 59.1089 -5.1634 0.0030
Pedestrian -1 -1 -4.4452 559.8649 161.3527 590.1332 220.9956 1.6610 0.6554 0.8809 -1.0411 1.3404 20.5949 -4.4957 0.0026
Cyclist -1 -1 -3.2066 500.5553 174.1586 544.6560 223.9283 1.6105 0.5596 1.4084 -2.9318 1.6539 23.7753 -3.3286 0.0024
Cyclist -1 -1 -8.2400 496.5232 174.6052 526.0291 219.5750 1.4832 0.5096 1.3858 -3.4202 1.5443 24.5814 -8.3774 0.0018
Cyclist -1 -1 -6.0525 497.9938 170.7547 542.1355 221.7839 1.6490 0.5340 1.3501 -2.9901 1.5809 23.6536 -6.1774 0.0016
Cyclist -1 -1 -8.8665 951.6367 167.4069 1241.0000 374.0000 1.6586 0.4128 1.7013 2.7462 1.6340 4.0720 -8.3073 0.0015
Cyclist -1 -1 -8.9189 836.6731 163.0164 1204.9211 374.0000 1.7762 0.4793 1.8374 2.1829 1.7306 4.2125 -8.4706 0.0014
Cyclist -1 -1 -8.4822 962.5306 210.5466 1231.3331 374.0000 1.4526 0.4493 1.5232 2.6862 1.7162 4.2718 -7.9529 0.0011
Pedestrian -1 -1 -4.6198 408.1093 184.8839 420.0926 220.1048 1.3804 0.4276 0.3611 -7.8184 1.8611 28.6390 -4.8844 0.0009
Cyclist -1 -1 -7.7650 780.0599 173.4511 808.8848 260.8910 1.5189 0.3874 1.6646 3.3853 1.5304 13.3957 -7.5236 0.0009
Cyclist -1 -1 -4.6961 755.7544 159.9068 785.5886 242.6871 1.6983 0.6001 1.6515 3.4434 1.4324 15.6754 -4.4846 0.0008
Pedestrian -1 -1 -5.1110 969.4590 226.3225 1102.8613 374.0000 1.2185 0.5560 0.5282 2.6171 1.5787 4.5767 -4.6201 0.0008
Cyclist -1 -1 -4.5874 749.2352 166.3931 783.6293 241.4724 1.5759 0.5827 1.3778 3.4060 1.4400 15.8908 -4.3808 0.0007
Pedestrian -1 -1 -4.3881 920.8421 184.8049 1083.6458 374.0000 1.6478 0.6975 0.5766 2.2132 1.7244 4.1893 -3.9323 0.0007
Cyclist -1 -1 -5.0557 734.4119 166.1516 781.7910 244.5754 1.6516 0.5823 1.3826 3.1948 1.5102 15.9227 -4.8621 0.0007
Cyclist -1 -1 -3.0798 799.9380 192.5668 1164.9250 374.0000 1.6384 0.6581 1.9004 2.1642 1.7816 4.5205 -2.6602 0.0007
Cyclist -1 -1 -4.8703 735.9945 156.8007 780.0190 249.6002 1.8867 0.6395 1.7979 3.1153 1.5600 15.5791 -4.6775 0.0006
Pedestrian -1 -1 -5.0466 738.3694 151.7988 779.3818 240.8125 1.8979 0.6710 0.7352 3.1974 1.4487 15.7947 -4.8513 0.0006
Pedestrian -1 -1 -4.4240 746.8630 154.3133 783.4204 233.2318 1.6817 0.6277 0.6500 3.3505 1.2863 15.8105 -4.2196 0.0005
Cyclist -1 -1 -8.8599 857.6106 202.0335 1183.4701 374.0000 1.5488 0.4978 1.6780 2.2888 1.7589 4.3591 -8.4055 0.0005
Cyclist -1 -1 -8.1568 794.9608 167.0526 844.8804 259.1099 1.6196 0.3946 1.6900 3.8579 1.5172 13.5451 -7.8859 0.0005
Pedestrian -1 -1 -6.1628 249.4509 179.9701 257.2595 198.8297 1.4165 0.7104 0.4503 -27.1678 1.9618 54.9104 -6.6205 0.0005
Cyclist -1 -1 -2.9553 176.7250 181.4592 203.4787 203.7282 1.7978 0.7781 1.7915 -34.5991 2.5142 59.4306 -3.4807 0.0003
Cyclist -1 -1 -8.0595 789.4357 166.1790 834.3073 258.0868 1.6577 0.4748 1.7006 3.8017 1.5370 13.8759 -7.7983 0.0003
Pedestrian -1 -1 -3.9241 437.2036 177.1665 492.3781 311.2550 1.8912 0.4257 0.6991 -2.1847 1.9568 10.6118 -4.1236 0.0003
Cyclist -1 -1 -8.1285 603.9989 170.7053 644.4185 241.0341 1.3258 0.4456 1.3450 0.2118 1.2850 14.3094 -8.1149 0.0001
