Car -1 -1 -4.2896 133.5899 181.3906 248.8232 235.3607 1.6128 1.7646 4.2535 -14.0681 1.9280 24.4593 -4.8071 0.9998
Car -1 -1 -7.7386 504.9961 180.0673 547.8991 213.1476 1.4335 1.6031 3.5008 -3.9014 1.7884 33.7819 -7.8533 0.9997
Car -1 -1 -7.8817 561.1282 180.4836 613.7469 228.1280 1.4126 1.6065 3.5559 -0.8489 1.6833 23.8025 -7.9177 0.9991
Car -1 -1 -4.2916 135.9877 180.1675 250.0609 234.3500 1.6276 1.7043 4.3493 -14.0430 1.8986 24.5257 -4.8072 0.9171
Car -1 -1 -4.5987 310.4307 182.5703 348.1672 210.6464 1.4742 1.5765 3.9521 -16.1097 2.0605 41.4569 -4.9675 0.9074
Car -1 -1 -7.7404 505.2942 179.9173 547.3490 212.9227 1.4297 1.5602 3.6008 -3.9120 1.7782 33.8271 -7.8551 0.7924
Car -1 -1 -4.5623 311.1050 182.9943 351.6461 210.1865 1.4258 1.5858 4.0491 -16.0337 2.0401 41.5826 -4.9285 0.7185
Car -1 -1 -4.5751 309.7870 182.0267 348.8704 210.3800 1.4955 1.6173 3.4238 -15.9771 2.0413 41.1070 -4.9440 0.7132
Car -1 -1 -4.6076 308.7955 182.8534 346.7719 210.5544 1.4532 1.6180 4.0374 -16.2399 2.0589 41.5717 -4.9782 0.7037
Car -1 -1 -4.5083 312.2581 182.5454 354.2798 210.1894 1.4567 1.5173 3.7411 -15.8454 2.0384 41.3677 -4.8722 0.4626
Car -1 -1 -4.6883 308.2647 182.5631 340.8714 211.0399 1.4882 1.6349 3.9636 -16.3302 2.0726 41.3099 -5.0628 0.3352
Car -1 -1 -4.6333 306.5449 182.8396 343.4077 211.5363 1.4832 1.6400 3.7271 -16.0717 2.0745 40.7219 -5.0073 0.3297
Car -1 -1 -6.2556 476.7049 176.8939 542.9717 202.9839 1.5702 1.6572 4.0015 -6.2196 1.8265 44.7908 -6.3932 0.3228
Car -1 -1 -4.6369 312.5901 182.1254 349.6832 211.2651 1.5083 1.6634 3.8340 -15.7302 2.0582 40.7423 -5.0035 0.3179
Car -1 -1 -4.0938 829.0668 182.3880 871.1447 202.1273 1.6479 1.6705 3.7433 21.1994 2.5133 63.7379 -3.7746 0.2550
Car -1 -1 -4.6125 305.4630 181.6506 345.2719 211.8925 1.5390 1.6539 4.1255 -15.8402 2.0559 40.2138 -4.9859 0.2505
Car -1 -1 -6.5057 475.1487 176.3772 546.8952 203.0153 1.5974 1.6962 4.1813 -6.2380 1.8253 45.2011 -6.6424 0.2426
Car -1 -1 -4.8906 887.9792 181.9265 932.6186 212.2448 1.5542 1.6148 3.9041 16.6750 2.0869 40.3101 -4.5015 0.2262
Car -1 -1 -4.0829 831.5340 182.8201 874.1265 202.4662 1.6315 1.6194 3.8172 21.3536 2.5324 63.4796 -3.7603 0.2207
Car -1 -1 -4.3330 831.4137 182.0091 867.6526 202.0242 1.6625 1.6724 4.0534 21.2273 2.5000 63.9352 -4.0143 0.1840
Car -1 -1 -4.1718 828.5850 182.6533 873.9671 202.8552 1.6773 1.7932 4.4552 21.4379 2.5766 64.1065 -3.8510 0.1753
Pedestrian -1 -1 -7.5001 1161.7941 170.6775 1199.3674 229.8028 1.7531 0.6927 0.7138 17.2479 1.6882 21.8763 -6.8395 0.1403
Car -1 -1 -4.8095 309.1201 181.7915 350.7368 211.9464 1.5132 1.7457 4.1199 -15.5140 2.0331 39.7631 -5.1796 0.1369
Car -1 -1 -6.6330 474.0691 176.8960 548.9086 203.0868 1.5668 1.7204 4.3486 -6.2315 1.8312 45.4866 -6.7688 0.1231
Car -1 -1 -2.6465 423.0751 177.1976 499.4166 204.0353 1.6068 1.7094 4.3909 -9.3267 1.8868 45.1193 -2.8496 0.1229
Car -1 -1 -4.1298 831.2980 181.6815 874.2047 202.0869 1.7035 1.6379 4.0574 21.4508 2.5066 63.7742 -3.8073 0.1214
Pedestrian -1 -1 -4.1637 1155.4458 172.6456 1193.3165 231.4849 1.7670 0.6901 0.6255 17.2343 1.7604 22.1026 -3.5084 0.1200
Car -1 -1 -4.0096 832.2979 181.4404 879.0587 201.4201 1.6730 1.6170 4.1440 21.6760 2.4516 63.6934 -3.6835 0.1018
Car -1 -1 -2.8382 418.7877 177.3740 497.6305 204.0109 1.5992 1.7237 4.4760 -9.4156 1.8860 44.7582 -3.0447 0.0924
Car -1 -1 -5.1783 880.4664 181.9989 945.5065 212.5021 1.5463 1.7012 3.9441 16.5993 2.0765 39.8242 -4.7865 0.0924
Car -1 -1 -4.4921 830.5128 182.3235 860.2514 201.8955 1.6238 1.6844 4.0075 20.9144 2.4930 64.0996 -4.1785 0.0890
Car -1 -1 -2.9947 416.4702 177.3529 494.5568 204.2821 1.6096 1.7214 4.5015 -9.5004 1.8928 44.4615 -3.2043 0.0806
Car -1 -1 -4.9239 883.8816 183.3776 930.1649 212.7499 1.4949 1.6069 3.7631 16.4232 2.1091 40.1425 -4.5387 0.0792
Pedestrian -1 -1 -7.4005 22.9311 187.3453 52.4917 225.2726 1.7101 0.7105 0.9952 -26.6198 2.3944 33.5240 -8.0679 0.0772
Pedestrian -1 -1 -7.9307 1171.3776 169.8333 1202.1594 229.4139 1.7651 0.6690 0.7199 17.4156 1.6753 21.8609 -7.2650 0.0703
Car -1 -1 -4.5470 296.6044 181.8819 347.7244 211.9793 1.5115 1.9243 4.4066 -15.9131 2.0412 40.0052 -4.9237 0.0677
Pedestrian -1 -1 -4.5804 1163.9623 171.7805 1195.5833 231.0647 1.7762 0.6888 0.6151 17.3860 1.7438 22.0794 -3.9204 0.0623
Car -1 -1 -5.6542 876.8016 183.2076 959.0081 212.2078 1.4330 1.6010 3.9106 16.6320 2.0257 39.2325 -5.2565 0.0543
Car -1 -1 -4.5906 300.8997 181.0795 344.1295 213.1251 1.5884 1.6637 4.3163 -15.6048 2.0617 39.2423 -4.9671 0.0509
Cyclist -1 -1 -4.3340 23.2977 184.3653 56.3110 225.2082 1.8347 0.6603 1.6112 -26.7061 2.3870 33.7669 -4.9994 0.0305
Car -1 -1 -5.8134 885.1513 181.6829 972.0124 211.3821 1.4653 1.6171 3.9753 17.0594 1.9655 38.8625 -5.4031 0.0304
Car -1 -1 -4.5512 828.8187 183.1325 855.5540 202.5087 1.6031 1.6673 3.8688 20.6055 2.5448 64.0274 -4.2417 0.0299
Car -1 -1 -7.3872 24.7570 189.9359 142.2253 240.0169 1.4391 1.5965 3.8394 -17.4925 2.0580 24.1323 -8.0093 0.0261
Cyclist -1 -1 -4.3420 22.8165 185.2759 52.0516 225.7144 1.7948 0.5313 1.5460 -26.4841 2.3826 33.3430 -5.0095 0.0226
Car -1 -1 -4.7193 310.8575 180.0238 343.5502 211.5811 1.5625 1.5607 3.9965 -15.2703 1.9695 38.8444 -5.0919 0.0209
Car -1 -1 -4.4458 201.5404 187.9500 261.6084 217.7323 1.3092 1.6814 3.8379 -18.7581 2.1019 35.8519 -4.9250 0.0203
Car -1 -1 -4.3235 191.0685 186.1293 262.3850 217.6403 1.3935 1.6900 4.0907 -18.9568 2.0910 35.8085 -4.8076 0.0188
Pedestrian -1 -1 -7.6326 479.3983 175.3882 493.8843 205.2250 1.8029 0.7490 0.6393 -7.5542 1.9583 43.9962 -7.8020 0.0160
Car -1 -1 -4.2096 544.3610 177.2420 591.9938 201.5680 1.5733 1.6549 3.7584 -2.8546 1.8863 49.4599 -4.2674 0.0156
Car -1 -1 -4.2404 531.1108 175.9657 582.8344 199.5507 1.5158 1.7573 4.3131 -3.5973 1.7382 49.3147 -4.3133 0.0153
Car -1 -1 -6.4129 722.8453 178.4183 778.4194 197.7331 1.5333 1.6899 4.2594 11.3991 1.9941 58.8118 -6.2228 0.0152
Pedestrian -1 -1 -7.6218 478.1737 175.4923 491.2765 205.8607 1.8356 0.6627 0.6204 -7.6722 1.9974 44.0009 -7.7939 0.0138
Car -1 -1 -6.2333 786.8988 177.8722 842.0603 198.9589 1.5128 1.5838 3.8852 15.2177 1.8960 53.7837 -5.9595 0.0135
Car -1 -1 -4.2440 540.0748 175.4153 589.0656 201.6194 1.7044 1.7665 3.9435 -3.0998 1.8875 49.5138 -4.3067 0.0133
Car -1 -1 -4.1112 545.8087 177.2564 596.8683 202.1584 1.6174 1.6084 3.8616 -2.6494 1.9327 49.6626 -4.1646 0.0132
Car -1 -1 -4.3911 198.7668 187.0760 261.7372 217.1178 1.3398 1.6589 3.8146 -18.9521 2.0907 36.1006 -4.8718 0.0125
Car -1 -1 -4.0745 525.8660 175.3828 585.5598 199.6849 1.5497 1.7194 4.4467 -3.6479 1.7287 48.8362 -4.1491 0.0125
Car -1 -1 -4.5014 200.4322 187.3265 259.5787 219.8039 1.4006 1.6906 4.3360 -18.6382 2.1586 35.4937 -4.9821 0.0122
Car -1 -1 -4.4267 0.0000 195.3555 72.3449 240.2570 1.5301 1.4854 3.6038 -22.7394 2.4790 28.4897 -5.0960 0.0120
Car -1 -1 -4.4214 543.4547 174.6755 585.9186 201.4573 1.7558 1.7966 4.2132 -3.1089 1.8871 49.8653 -4.4837 0.0118
Car -1 -1 -4.4849 195.3960 185.7033 257.5385 218.3926 1.4148 1.7138 4.5073 -18.8128 2.0896 35.5104 -4.9692 0.0112
Car -1 -1 -7.1596 775.5387 176.4921 832.2302 199.0320 1.6396 1.6948 4.5091 14.8077 1.9273 55.1234 -6.8989 0.0112
Car -1 -1 -4.3945 0.0000 196.1388 75.6049 240.2198 1.4925 1.4839 3.4713 -22.5071 2.4665 28.3064 -5.0619 0.0108
Car -1 -1 -6.4538 784.0135 178.5864 841.5670 198.5969 1.4568 1.5790 3.9377 15.1297 1.8939 54.0755 -6.1828 0.0105
Car -1 -1 -6.0013 786.8457 177.5960 847.0613 198.8321 1.4979 1.5974 3.9985 15.2730 1.8600 53.4075 -5.7247 0.0104
Car -1 -1 -4.5251 781.8438 173.8982 813.3137 196.6328 1.6667 1.6296 3.9644 14.3622 1.7494 55.2336 -4.2724 0.0102
Car -1 -1 -4.4385 211.0262 187.5096 265.8033 217.3129 1.3461 1.5659 3.4420 -18.6347 2.1194 36.2425 -4.9108 0.0099
Car -1 -1 -4.4182 0.0000 198.5713 60.1709 242.7510 1.4663 1.5817 3.3841 -22.8848 2.5300 27.9848 -5.0991 0.0099
Car -1 -1 -4.3697 718.2099 177.2863 753.6874 197.1759 1.5567 1.6404 4.0054 10.4063 1.9355 59.5750 -4.1980 0.0098
Car -1 -1 -4.9102 541.0105 175.0505 576.7982 201.9183 1.7754 1.6440 4.4485 -3.6501 1.9358 50.4272 -4.9825 0.0097
Car -1 -1 -4.3175 537.4161 175.4906 583.6943 200.7670 1.6127 1.6554 4.1348 -3.3170 1.7986 48.7233 -4.3856 0.0096
Car -1 -1 -4.8145 542.2797 175.7716 574.1378 201.9792 1.7191 1.7558 4.4670 -3.6804 1.9313 50.2055 -4.8877 0.0086
Car -1 -1 -4.3237 261.7464 183.7799 319.7240 207.8029 1.3604 1.8252 4.2407 -19.8386 2.0732 44.9513 -4.7374 0.0076
Car -1 -1 -4.1666 0.0000 196.7249 65.8202 245.3184 1.6049 1.6163 3.5844 -22.8116 2.5792 27.5724 -4.8532 0.0070
Car -1 -1 -4.5484 195.4016 184.5387 255.3573 220.1886 1.4932 1.7004 5.2244 -18.4606 2.1004 34.7689 -5.0336 0.0070
Car -1 -1 -6.7558 781.6304 178.0461 840.4233 198.7673 1.5149 1.5720 4.0030 15.1446 1.9154 54.5150 -6.4867 0.0069
Car -1 -1 -7.7664 791.7720 176.3227 818.5442 197.5108 1.5330 1.6367 4.0124 14.8982 1.8078 55.0770 -7.5040 0.0065
Car -1 -1 -7.5892 783.3456 176.7742 819.7497 198.3840 1.5630 1.6729 4.1461 14.6615 1.8746 55.2042 -7.3314 0.0064
Car -1 -1 -4.0607 541.1771 175.0433 599.6315 201.6433 1.7386 1.7712 4.3247 -2.7136 1.8964 49.8235 -4.1152 0.0060
Car -1 -1 -4.4766 203.6742 185.9900 264.1281 214.7549 1.2867 1.7568 4.2975 -19.0572 1.9958 36.6692 -4.9532 0.0058
Car -1 -1 -4.1500 540.6407 174.4119 595.4224 201.6892 1.7882 1.7888 4.2504 -2.8773 1.9005 49.8549 -4.2078 0.0056
Car -1 -1 -6.9653 779.0634 177.4360 837.7785 199.3067 1.5937 1.6296 4.2246 15.0584 1.9518 54.8467 -6.6992 0.0054
Car -1 -1 -4.3538 0.0000 196.1943 68.1380 241.7946 1.5390 1.4969 3.3349 -22.6508 2.5042 28.0295 -5.0289 0.0039
Car -1 -1 -4.3473 714.7693 176.3271 751.9780 197.3593 1.6601 1.6277 4.2935 10.2640 1.9593 59.9607 -4.1790 0.0036
Car -1 -1 -4.3890 209.3272 186.5421 266.0695 214.3133 1.2718 1.5690 3.3347 -18.8298 1.9984 36.5504 -4.8620 0.0033
Car -1 -1 -4.3921 710.8926 176.2585 747.1009 197.8814 1.7051 1.6483 4.4868 9.9125 1.9992 60.0150 -4.2296 0.0032
Car -1 -1 -4.3211 537.6601 173.1770 586.8517 201.5217 1.8741 1.8014 4.5939 -3.2907 1.8974 50.2280 -4.3866 0.0032
Pedestrian -1 -1 -6.7023 624.4858 173.6168 634.2496 197.5411 1.6732 0.5061 0.5266 1.3320 1.7270 50.8177 -6.6767 0.0029
Car -1 -1 -4.5642 710.6320 176.2279 738.1379 197.8444 1.7046 1.6260 4.4558 9.5233 1.9960 60.0075 -4.4080 0.0021
Car -1 -1 -5.0855 537.4239 177.9818 569.5776 195.6306 1.6420 1.7213 4.2096 -5.5904 2.1605 70.7198 -5.1644 0.0020
Car -1 -1 -4.8852 544.1944 177.7649 568.1893 195.3296 1.6404 1.6685 4.0609 -5.3262 2.1366 70.7740 -4.9604 0.0020
Car -1 -1 -4.4706 545.6537 177.8112 572.4679 195.0988 1.6169 1.7032 4.0746 -4.9877 2.1183 70.8714 -4.5410 0.0013
Car -1 -1 -4.2015 544.3368 177.8250 579.9658 194.9467 1.5981 1.7356 4.0435 -4.6795 2.1008 70.8206 -4.2677 0.0011
Pedestrian -1 -1 -4.6934 673.0378 187.3099 692.9257 255.4220 1.3068 0.3831 0.4612 1.3853 1.5960 14.2005 -4.5993 0.0005
Pedestrian -1 -1 -3.2904 637.2503 173.4726 642.8903 189.6888 1.4499 0.7195 0.4038 2.6817 1.5055 64.9191 -3.2496 0.0004
Cyclist -1 -1 -7.3072 475.1599 174.4412 499.7090 204.3137 1.7852 0.7771 1.5688 -7.5138 1.8838 44.0845 -7.4755 0.0004
Cyclist -1 -1 -3.0744 473.1123 174.6495 497.5851 203.7914 1.7596 0.7113 1.4282 -7.6375 1.8700 44.0472 -3.2455 0.0003
Pedestrian -1 -1 -6.5223 638.8996 172.5753 645.9667 189.6463 1.5259 0.7283 0.4751 2.8931 1.5007 64.8970 -6.4783 0.0002
Cyclist -1 -1 -7.5020 474.4297 175.4589 494.4197 205.1725 1.7755 0.7285 1.5073 -7.6943 1.9372 44.0619 -7.6743 0.0002
Pedestrian -1 -1 -6.5775 748.5889 173.8168 763.9673 212.6851 1.4444 0.5700 0.4172 5.4524 1.4808 27.1333 -6.3818 0.0001
