Car -1 -1 -4.4408 341.6393 177.5237 384.4873 201.8062 1.4689 1.6163 3.9000 -15.8568 1.7819 46.4068 -4.7686 0.9837
Car -1 -1 -4.4200 342.4568 176.7483 386.0575 201.6813 1.5075 1.5856 3.8888 -15.7132 1.7673 46.2115 -4.7463 0.8422
Car -1 -1 -4.3922 342.5701 177.3108 388.7233 202.1019 1.5057 1.6366 4.0124 -15.7356 1.8054 46.5550 -4.7167 0.7794
Car -1 -1 -4.4913 341.8128 178.1195 384.0866 202.1933 1.4502 1.6854 4.2677 -15.9397 1.8064 46.6446 -4.8191 0.6970
Car -1 -1 -4.3954 337.6571 176.7991 385.2119 202.4828 1.5425 1.6579 4.1367 -15.8300 1.8054 46.0516 -4.7250 0.6141
Car -1 -1 -4.4598 337.6028 176.8392 381.0487 201.7784 1.5021 1.6649 4.0476 -16.0251 1.7686 46.2093 -4.7922 0.5104
Car -1 -1 -4.2994 342.5795 177.0026 392.9546 201.8907 1.5034 1.5833 4.0204 -15.5277 1.7816 46.3519 -4.6212 0.4793
Car -1 -1 -4.4952 178.9151 178.4521 226.0782 208.0108 1.5577 1.5230 3.8536 -23.0527 1.8906 40.8715 -5.0062 0.4730
Car -1 -1 -4.4389 179.8026 178.3030 229.6442 207.7307 1.5526 1.4937 3.7437 -22.8853 1.8755 40.8004 -4.9475 0.4508
Car -1 -1 -4.5113 337.1445 177.7492 379.4274 201.9356 1.4554 1.7656 4.1956 -16.1924 1.7855 46.5030 -4.8449 0.3422
Car -1 -1 -5.5085 148.4398 179.8731 227.4919 208.1216 1.5037 1.6140 3.7545 -23.5738 1.9073 40.2692 -6.0354 0.3289
Car -1 -1 -4.5482 339.9104 175.9434 380.5398 202.6099 1.5691 1.7016 4.4511 -15.6617 1.7729 45.3332 -4.8794 0.2859
Car -1 -1 -2.5342 145.2709 180.4749 227.7218 208.4945 1.4969 1.5572 3.7186 -23.4637 1.9286 39.9728 -3.0624 0.2708
Car -1 -1 -6.6029 795.5519 181.9605 931.1263 226.2258 1.5332 1.6860 4.3336 9.0755 1.8746 26.2106 -6.2737 0.2686
Car -1 -1 -6.6228 775.7289 184.9802 893.1600 226.4633 1.4326 1.5780 3.7752 8.0788 1.8891 26.3033 -6.3287 0.2608
Car -1 -1 -6.7004 778.4243 183.9631 905.8268 226.6832 1.4716 1.6322 4.1391 8.4099 1.8945 26.4426 -6.3964 0.2375
Car -1 -1 -3.5316 763.5405 185.6265 868.6501 226.2646 1.3937 1.5168 3.3572 7.4242 1.8757 26.2949 -3.2601 0.2231
Car -1 -1 -6.5779 782.8978 183.9867 912.1616 227.1747 1.4938 1.6418 4.1654 8.5183 1.9116 26.2477 -6.2681 0.2134
Car -1 -1 -6.3020 779.1016 186.4079 890.7778 228.8649 1.4041 1.5492 3.7195 7.9709 1.9141 25.9129 -6.0075 0.2034
Car -1 -1 -2.6381 141.1005 180.9341 225.8575 208.7246 1.4826 1.5277 3.7538 -23.5062 1.9369 39.7820 -3.1691 0.1786
Car -1 -1 -3.4693 731.2855 185.9408 838.6376 227.2185 1.4109 1.5983 3.4596 6.2685 1.9039 26.2345 -3.2381 0.1592
Car -1 -1 -6.7145 769.1792 184.1102 886.3580 226.3118 1.4536 1.6127 3.7929 7.9082 1.8833 26.4957 -6.4282 0.1560
Car -1 -1 -4.3742 329.5229 177.4010 380.3063 202.5770 1.4841 1.7813 3.9686 -15.9574 1.7814 45.2371 -4.7118 0.1507
Car -1 -1 -4.4983 331.1866 176.5235 374.0212 201.9212 1.5241 1.7386 4.1022 -16.4030 1.7690 46.0641 -4.8388 0.1379
Car -1 -1 -3.9819 78.1936 171.9938 152.5402 199.7874 1.6344 1.6286 3.8357 -30.4073 1.5835 44.4397 -4.5793 0.1347
Car -1 -1 -3.5910 751.1580 184.4537 865.1939 226.2694 1.4288 1.7442 3.6449 7.1962 1.8741 26.5165 -3.3295 0.1106
Car -1 -1 -4.0156 75.6103 171.1221 148.4906 199.2029 1.6535 1.6577 3.7690 -30.6155 1.5513 44.4431 -4.6162 0.1101
Car -1 -1 -7.4149 325.0567 177.4992 380.6979 203.4948 1.5050 1.6263 4.1625 -15.8847 1.8063 44.6932 -7.7548 0.1068
Car -1 -1 -6.9113 783.5554 182.2032 909.4863 225.9022 1.5014 1.6521 4.3167 8.7532 1.8682 26.8722 -6.6003 0.0953
Car -1 -1 -3.2248 728.2203 184.4523 835.8073 226.4194 1.4481 1.6211 3.7187 6.2052 1.8919 26.5554 -2.9984 0.0943
Car -1 -1 -6.8957 772.5145 183.1604 899.2072 226.1661 1.4685 1.6341 4.3449 8.3288 1.8715 26.7829 -6.5980 0.0931
Car -1 -1 -6.4951 784.3675 183.5871 912.8195 227.6292 1.4976 1.6404 4.1437 8.4777 1.9000 26.0521 -6.1845 0.0928
Car -1 -1 -3.4799 718.3012 184.5579 829.0562 227.7284 1.4661 1.5947 3.5715 5.8211 1.9049 26.0593 -3.2633 0.0604
Car -1 -1 -4.1209 80.8108 173.9256 151.7256 201.2203 1.5915 1.6322 3.9920 -30.2017 1.6599 44.2289 -4.7174 0.0491
Car -1 -1 -6.3517 787.3102 181.0686 919.2452 227.7482 1.5515 1.6822 4.3420 8.5345 1.8603 25.8016 -6.0364 0.0468
Car -1 -1 -7.0961 774.3504 181.3285 892.1658 225.7559 1.5174 1.6470 4.4336 8.3850 1.8572 27.1460 -6.8003 0.0421
Car -1 -1 -7.0668 766.3452 183.0425 876.3241 226.4262 1.4710 1.5895 3.9821 7.8531 1.8739 26.8996 -6.7864 0.0355
Car -1 -1 -4.5020 333.3451 176.7534 375.7199 204.3230 1.5670 1.5693 4.2446 -15.4923 1.8155 43.8392 -4.8401 0.0345
Pedestrian -1 -1 -3.2161 812.8257 171.7530 825.1070 215.9431 1.7140 0.4989 0.4237 8.1408 1.6710 28.2727 -2.9391 0.0321
Pedestrian -1 -1 -3.4453 803.3842 174.9550 824.9357 222.5800 1.8470 0.5505 0.6777 7.9570 1.9299 28.2939 -3.1745 0.0303
Car -1 -1 -3.8565 66.5879 171.9079 148.5520 200.8149 1.6804 1.6702 3.9877 -30.6332 1.6251 44.0821 -4.4611 0.0303
Car -1 -1 -3.3472 718.0042 184.6189 826.9909 226.7440 1.4610 1.6138 3.6166 5.8165 1.9031 26.3076 -3.1327 0.0270
Car -1 -1 -3.7431 714.2244 184.6588 828.5825 230.0029 1.4788 1.6176 3.7227 5.7070 1.9233 25.7371 -3.5281 0.0248
Car -1 -1 -3.1436 718.5195 184.4026 823.2278 226.6212 1.4512 1.6015 3.6573 5.8514 1.8954 26.6065 -2.9301 0.0238
Car -1 -1 -2.7356 716.1844 184.8545 828.2106 227.7162 1.4498 1.6471 3.7702 6.0271 1.9306 27.1620 -2.5203 0.0213
Car -1 -1 -4.8291 779.9669 182.5944 828.0991 223.3885 1.3824 1.3469 3.2232 7.1447 1.7687 26.9479 -4.5733 0.0178
Pedestrian -1 -1 -4.7488 392.2188 169.8621 405.6239 201.9658 1.9184 0.7557 0.5653 -12.7635 1.7393 43.5037 -5.0329 0.0167
Pedestrian -1 -1 -4.6726 390.2867 170.8401 402.8979 201.2132 1.8136 0.7052 0.5991 -12.8867 1.6931 43.4610 -4.9595 0.0154
Car -1 -1 -4.7391 596.9663 179.1469 623.0234 205.5383 1.7132 1.6809 4.6657 -0.0735 2.1723 50.3176 -4.7411 0.0149
Car -1 -1 -4.6586 474.1342 178.9334 506.3126 208.2962 1.6520 1.6933 4.3749 -7.2561 2.0399 43.8020 -4.8222 0.0136
Car -1 -1 -4.7177 479.3434 181.4843 507.6848 208.6027 1.4486 1.5566 4.4136 -6.8797 1.9820 42.3146 -4.8784 0.0133
Car -1 -1 -2.9613 715.6560 184.4608 824.0092 227.2182 1.4580 1.6320 3.7107 5.9084 1.9134 26.8648 -2.7479 0.0128
Car -1 -1 -4.5590 478.6760 182.0448 517.3517 209.0876 1.4388 1.5494 4.6210 -6.5351 2.0064 42.2708 -4.7119 0.0126
Car -1 -1 -4.7905 478.4611 180.0716 511.4385 207.5894 1.5061 1.6007 4.3069 -6.9309 1.9584 42.9691 -4.9499 0.0111
Car -1 -1 -4.6858 588.7698 176.5760 616.5244 204.8756 1.8580 1.8169 4.5774 -0.5001 2.1289 50.2807 -4.6962 0.0108
Car -1 -1 -4.3630 321.6078 176.7408 373.0509 205.0361 1.6066 1.5975 4.1327 -15.8363 1.8523 43.6057 -4.7097 0.0106
Car -1 -1 -3.9702 11.1243 182.8806 123.2878 222.3625 1.4704 1.4929 3.8484 -22.3742 1.9129 29.8734 -4.6089 0.0087
Car -1 -1 -4.6569 339.5344 176.7668 371.1124 204.6978 1.5733 1.5596 4.1990 -15.3417 1.8210 43.5028 -4.9943 0.0085
Car -1 -1 -4.7883 472.6869 179.7567 505.8100 205.0762 1.3960 1.6435 4.0517 -7.2939 1.8290 43.1275 -4.9553 0.0071
Car -1 -1 -5.4657 729.2807 182.5753 829.5428 226.7298 1.4903 1.5097 3.7553 6.2634 1.8839 27.2364 -5.2427 0.0066
Car -1 -1 -4.6985 473.8412 180.5737 501.5116 205.8736 1.3725 1.5322 3.9243 -7.2041 1.8484 42.4544 -4.8660 0.0065
Car -1 -1 -7.2404 224.8823 170.6131 275.7370 189.0845 1.7203 1.8790 4.9722 -34.7334 1.5113 69.7994 -7.7008 0.0062
Car -1 -1 -4.3358 136.8432 181.6741 194.7491 213.4561 1.4843 1.3860 3.2315 -22.3534 1.9493 36.3561 -4.8840 0.0057
Car -1 -1 -4.7660 466.6797 177.7943 499.8810 204.4867 1.4746 1.7146 4.2647 -7.6265 1.7841 42.9740 -4.9410 0.0057
Car -1 -1 -4.9630 419.4352 176.0910 461.0424 199.9647 1.4347 1.6170 4.1150 -10.9350 1.6513 46.1554 -5.1947 0.0053
Car -1 -1 -8.7361 714.7280 183.9325 830.0947 228.3139 1.4930 1.6722 4.1646 6.0554 1.9480 27.5001 -8.5223 0.0051
Car -1 -1 -7.3704 222.7648 170.4006 268.7761 188.4782 1.6866 1.8948 4.9287 -35.1756 1.4574 69.7986 -7.8359 0.0050
Car -1 -1 -4.8321 570.6875 176.1400 598.2275 196.3517 1.5489 1.7101 4.3416 -2.1292 1.8245 58.3112 -4.8688 0.0048
Car -1 -1 -4.9129 428.4458 176.6850 464.7287 199.5162 1.3729 1.5173 3.8846 -10.5270 1.6288 46.1694 -5.1362 0.0046
Car -1 -1 -8.2883 753.9971 184.2762 839.2047 228.4022 1.4809 1.5203 4.1284 6.9576 1.9504 27.5088 -8.0438 0.0041
Car -1 -1 -4.7438 568.0164 175.4809 591.0545 196.2281 1.5994 1.7235 4.1196 -2.5190 1.8190 58.2794 -4.7872 0.0040
Car -1 -1 -7.3364 86.5815 168.9900 154.7906 195.7282 1.6035 1.6635 4.2490 -30.7550 1.3715 45.4523 -7.9287 0.0036
Car -1 -1 -8.5718 726.9376 183.4238 833.4724 227.9845 1.4994 1.6669 4.0738 6.3399 1.9341 27.5060 -8.3483 0.0036
Car -1 -1 -7.6869 70.4198 170.2026 109.0227 191.9849 1.6602 1.7906 4.2936 -41.2930 1.4578 57.3148 -8.3091 0.0035
Car -1 -1 -4.4432 60.5066 171.7339 105.0455 193.5169 1.6460 1.7687 4.2078 -41.4631 1.5611 56.8034 -5.0716 0.0032
Car -1 -1 -4.2804 474.1617 179.2404 515.2977 198.8634 1.3865 1.5894 3.8685 -8.6745 1.8862 54.4109 -4.4381 0.0030
Car -1 -1 -6.5957 0.0000 0.0000 1241.0000 374.0000 1.5485 1.5820 3.5960 -3.8080 1.6456 1.3042 -7.7717 0.0030
Car -1 -1 -3.4794 0.0000 0.0000 1241.0000 374.0000 1.5727 1.6037 3.7740 -5.0394 1.7028 1.7799 -4.6617 0.0030
Car -1 -1 -4.2822 475.9063 180.0490 516.6204 199.3562 1.3808 1.5956 3.9091 -8.6928 1.9525 55.2642 -4.4379 0.0030
Car -1 -1 -6.5794 0.0000 0.0000 1241.0000 374.0000 1.5412 1.5891 3.6480 -4.2035 1.6661 1.3909 -7.7712 0.0030
Car -1 -1 -8.9528 0.0000 0.0000 1241.0000 374.0000 1.5461 1.5872 3.5855 3.8534 1.5530 1.2884 -7.7721 0.0030
Car -1 -1 -8.9222 0.0000 0.0000 1241.0000 374.0000 1.5568 1.5803 3.5529 3.4472 1.5598 1.2470 -7.7724 0.0030
Car -1 -1 -4.4584 476.1804 180.2045 508.7236 199.4918 1.3949 1.5783 3.7763 -9.0496 1.9812 55.6255 -4.6193 0.0030
Car -1 -1 -6.6416 0.0000 0.0000 1241.0000 374.0000 1.5408 1.5821 3.5994 -3.3968 1.6380 1.3213 -7.7714 0.0030
Car -1 -1 -3.9519 22.4834 184.0394 125.9895 222.4449 1.4503 1.5109 3.4307 -22.2730 1.9444 30.0922 -4.5850 0.0030
Car -1 -1 -7.3718 93.0643 168.6625 158.9063 194.8730 1.5788 1.6950 4.2024 -30.5509 1.3260 45.6404 -7.9591 0.0028
Car -1 -1 -5.2837 740.3452 183.7565 836.8245 227.6886 1.4738 1.5756 4.1035 6.6471 1.9221 27.4924 -5.0496 0.0026
Car -1 -1 -4.3382 140.2999 179.5428 200.1788 213.1457 1.5752 1.4178 3.4134 -22.1154 1.9285 36.3429 -4.8818 0.0026
Car -1 -1 -4.5052 75.7885 171.0424 115.0145 192.6260 1.6567 1.6759 4.4161 -41.1445 1.5173 57.7425 -5.1223 0.0022
Pedestrian -1 -1 -7.4840 143.0977 182.4686 169.7726 220.6924 1.8105 0.9128 0.6568 -21.9019 2.2792 34.7887 -8.0426 0.0020
Car -1 -1 -5.5126 0.0000 181.1954 150.2563 233.2794 1.3314 1.5391 3.7837 -14.9555 1.5714 19.7744 -6.1537 0.0015
Car -1 -1 -5.7426 200.4375 175.6143 263.8414 193.7021 1.6736 1.8147 5.1002 -35.6718 1.9380 68.1405 -6.2234 0.0014
Cyclist -1 -1 -4.0294 0.0000 167.3946 39.6301 208.6491 1.7699 0.6406 1.3992 -25.9390 1.5354 31.6550 -4.7119 0.0013
Car -1 -1 -3.3644 733.9751 176.6043 826.9302 218.4303 1.6260 1.6835 3.3464 6.7634 1.7811 29.0489 -3.1385 0.0011
Pedestrian -1 -1 -6.5940 4.6167 169.9165 26.0491 210.1409 1.7300 0.6095 0.5625 -25.9493 1.6034 31.4346 -7.2800 0.0010
Car -1 -1 -5.8741 191.2136 174.9184 261.5335 193.3786 1.7058 1.8812 5.5725 -36.1636 1.9036 68.0848 -6.3609 0.0009
Car -1 -1 -5.9066 188.0234 174.2188 250.4107 192.9629 1.7334 1.8015 4.8550 -36.8396 1.8641 68.0764 -6.4012 0.0008
Cyclist -1 -1 -4.5189 2.5930 175.7906 30.0828 213.3780 1.8394 0.7094 1.9395 -30.0441 1.9917 36.4908 -5.2043 0.0005
Car -1 -1 -2.4134 8.6555 183.0990 130.5690 220.7181 1.5321 1.8012 4.0287 -23.2369 1.9879 31.0495 -3.0519 0.0005
Pedestrian -1 -1 -4.6712 5.3809 175.2610 26.1008 209.6836 1.7063 0.7790 0.6145 -29.9408 1.8288 36.3133 -5.3572 0.0001
