Car -1 -1 -7.5001 104.1600 183.8828 423.7503 375.0000 1.5859 1.7030 3.9010 -3.3198 1.5754 7.7435 -7.8930 0.9999
Car -1 -1 -7.6444 357.4904 187.5885 464.4835 262.7422 1.4248 1.5482 3.2374 -4.1400 1.4812 15.3880 -7.9032 0.9997
Car -1 -1 -7.3441 94.2139 187.0161 225.1506 239.7088 1.3938 1.5592 3.8470 -13.0204 1.4517 21.0992 -7.8916 0.9938
Car -1 -1 -7.8589 561.6609 176.8134 603.4285 216.6725 1.6120 1.6902 3.5304 -1.1338 1.2723 30.8703 -7.8957 0.9888
Car -1 -1 -7.5163 293.8311 183.6177 382.2767 229.7176 1.4449 1.5931 3.9363 -9.1180 1.3949 24.5105 -7.8692 0.9430
Car -1 -1 -7.1308 0.0000 195.4959 92.5868 375.0000 1.4680 1.6562 3.9849 -7.7781 1.6077 7.7260 -7.9023 0.9368
Car -1 -1 -7.4971 107.9275 182.6242 425.2546 375.0000 1.6119 1.6718 3.8700 -3.2797 1.5914 7.7027 -7.8875 0.8738
Car -1 -1 -7.7135 447.0949 180.5948 481.1044 204.7248 1.5176 1.6196 4.2305 -9.4407 1.2271 47.3665 -7.9095 0.8357
Car -1 -1 -7.0196 0.0000 197.3905 97.0803 375.0000 1.4641 1.6576 3.9331 -7.8672 1.6296 7.7541 -7.7951 0.8345
Car -1 -1 -4.3376 289.2010 182.9404 378.2764 229.4809 1.4269 1.4735 3.7862 -9.0549 1.3573 23.9440 -4.6958 0.7899
Car -1 -1 -7.4832 199.1949 186.1928 320.6631 255.9006 1.4929 1.4301 3.4839 -8.2371 1.5189 17.2331 -7.9234 0.7883
Car -1 -1 -7.4969 200.0430 186.3663 327.0685 255.3681 1.4844 1.5366 3.7551 -8.2394 1.5156 17.4611 -7.9322 0.7749
Car -1 -1 -7.4965 197.9209 185.8627 324.1715 256.1356 1.5103 1.5230 3.6983 -8.2691 1.5278 17.3891 -7.9347 0.7680
Car -1 -1 -7.3502 95.5150 186.2087 228.5336 239.3418 1.4098 1.5787 3.9815 -12.9868 1.4420 21.1711 -7.8950 0.7347
Car -1 -1 -7.5047 292.8134 183.3491 379.8608 230.2402 1.4686 1.5623 3.7425 -9.1395 1.4103 24.3902 -7.8600 0.7194
Car -1 -1 -7.6781 449.7033 180.4186 485.1399 205.2763 1.5659 1.6030 4.0601 -9.2145 1.2638 47.3253 -7.8698 0.7048
Car -1 -1 -4.3189 166.3014 186.4115 312.2144 260.7719 1.4656 1.4935 3.9573 -8.1786 1.4962 16.2570 -4.7787 0.6372
Car -1 -1 -7.7588 446.3349 180.5323 477.0451 204.4275 1.5016 1.6025 4.0220 -9.5837 1.2074 47.2562 -7.9582 0.5945
Car -1 -1 -4.3591 187.6495 185.7067 313.5296 256.2308 1.4723 1.4930 3.5064 -8.2625 1.4852 16.8494 -4.8090 0.5513
Car -1 -1 -4.0789 0.0000 196.9142 87.7027 375.0000 1.4567 1.6048 4.3358 -7.5825 1.6152 7.4696 -4.8539 0.5280
Car -1 -1 -7.7434 448.2105 180.2203 477.2281 203.2832 1.4503 1.5163 3.1356 -9.4424 1.1363 46.8321 -7.9416 0.4493
Car -1 -1 -3.6653 204.1034 177.8446 311.3798 217.8356 1.4779 1.4734 3.5564 -13.8150 1.2057 28.4507 -4.1139 0.3775
Car -1 -1 -4.4375 180.0507 186.4583 307.4019 260.9654 1.4503 1.5081 3.8848 -8.0262 1.4819 16.1077 -4.8934 0.3377
Car -1 -1 -4.1712 239.8980 180.8918 319.7879 218.1465 1.4160 1.4499 3.2727 -13.1987 1.2518 29.0335 -4.5947 0.2335
Car -1 -1 -3.9849 210.7273 178.2860 311.7893 218.7737 1.4759 1.5307 3.6340 -13.5085 1.2235 28.1631 -4.4287 0.2195
Car -1 -1 -3.9498 223.3023 179.2656 312.7594 217.7560 1.4364 1.4261 3.1510 -13.4529 1.2145 28.5465 -4.3868 0.2106
Car -1 -1 -3.2206 216.1698 179.9648 307.2857 217.6565 1.4416 1.4611 3.2019 -13.9550 1.2409 28.9292 -3.6667 0.1942
Car -1 -1 -7.6629 380.6750 165.3236 440.8495 211.7146 1.9021 1.8301 3.8752 -8.5795 1.0866 31.4729 -7.9272 0.1775
Car -1 -1 -6.2740 378.2053 168.6200 480.5500 214.0361 1.8540 1.6660 4.1215 -7.5973 1.1767 30.6308 -6.5154 0.1303
Car -1 -1 -4.2090 224.3446 179.4512 312.3667 218.9846 1.4434 1.5176 3.6789 -13.2145 1.2331 28.1328 -4.6447 0.1298
Car -1 -1 -3.2643 207.2026 176.7836 307.9272 217.0826 1.5216 1.4464 3.4663 -13.9933 1.2033 28.6891 -3.7147 0.1269
Car -1 -1 -6.2194 377.8887 166.2012 472.5776 212.4181 1.8855 1.6168 3.7919 -7.6997 1.1099 30.4655 -6.4651 0.1187
Car -1 -1 -3.0149 202.3379 176.8195 304.6745 215.3582 1.4908 1.5020 3.5500 -14.2839 1.1662 29.0885 -3.4679 0.1151
Car -1 -1 -4.0686 232.1887 178.5672 319.3745 216.3071 1.4360 1.4873 3.3552 -13.4121 1.1831 29.1495 -4.4966 0.1113
Car -1 -1 -2.8837 195.9706 175.2562 310.6233 212.8715 1.4757 1.6318 3.9153 -14.4340 1.0851 29.3821 -3.3370 0.1053
Car -1 -1 -4.4967 256.4582 178.3169 313.7606 214.4615 1.4126 1.4573 3.4772 -13.4053 1.1431 29.9428 -4.9145 0.1028
Car -1 -1 -4.4375 239.5751 174.8665 311.1300 213.7646 1.4946 1.7597 3.5403 -13.5895 1.0971 29.5049 -4.8659 0.0822
Car -1 -1 -2.9434 347.9570 167.5532 450.5319 210.3829 1.7483 1.6668 3.9038 -8.7668 1.0275 30.3315 -3.2227 0.0817
Car -1 -1 -3.7168 193.3114 172.3983 311.9308 215.0870 1.5484 1.5679 3.9471 -13.8515 1.0837 28.1695 -4.1703 0.0758
Car -1 -1 -2.9430 213.8422 178.1931 309.9364 215.7214 1.4696 1.4953 3.2945 -14.0509 1.1948 29.2765 -3.3871 0.0718
Car -1 -1 -8.0079 255.4052 176.9795 309.2024 214.0524 1.4624 1.5644 3.3510 -13.7427 1.1377 30.1869 -8.4320 0.0512
Pedestrian -1 -1 -7.6846 855.4672 179.1764 947.5005 375.0000 1.5732 0.5489 0.6445 2.1400 1.5319 5.3599 -7.3226 0.0490
Car -1 -1 -2.9234 187.8916 176.4631 307.8974 214.2543 1.4665 1.5793 4.1055 -14.5284 1.1270 29.1508 -3.3823 0.0458
Car -1 -1 -5.8665 371.9653 182.6357 458.0547 209.5135 1.4495 1.6990 4.3015 -10.7109 1.3105 39.9410 -6.1273 0.0305
Car -1 -1 -5.8452 371.6265 182.2375 458.9840 208.3881 1.4221 1.7413 4.4146 -10.8026 1.2603 40.3387 -6.1056 0.0296
Car -1 -1 -2.5856 206.4791 174.5788 317.5679 212.4924 1.5142 1.6590 3.8502 -14.2996 1.0895 29.7475 -3.0304 0.0282
Cyclist -1 -1 -5.5632 163.4494 172.7446 218.8595 215.2022 1.6440 0.7823 1.8359 -16.4910 1.1613 28.3985 -6.0854 0.0273
Car -1 -1 -4.6217 475.6456 175.9661 520.4216 213.5901 1.5951 1.6311 4.2007 -4.9498 1.2031 32.6205 -4.7714 0.0254
Car -1 -1 -6.2530 382.7225 171.0344 487.1859 214.0688 1.7513 1.6022 4.1962 -7.3051 1.1743 30.4625 -6.4867 0.0238
Car -1 -1 -4.6906 484.7287 174.8794 524.3607 214.3220 1.6665 1.6635 4.1854 -4.6615 1.2299 32.5495 -4.8321 0.0197
Car -1 -1 -7.8427 483.3804 175.5398 524.8361 216.1060 1.6617 1.6874 3.3094 -4.5158 1.2655 31.1981 -7.9857 0.0182
Pedestrian -1 -1 -4.4256 809.9677 194.3616 889.1211 375.0000 1.5162 0.4258 0.5896 1.7663 1.5898 5.4056 -4.1251 0.0170
Car -1 -1 -4.5902 605.5079 174.9702 639.3141 200.5454 1.5894 1.6837 4.4437 0.9806 0.9528 46.9918 -4.5698 0.0165
Car -1 -1 -4.8673 355.2731 176.1167 390.3470 200.6437 1.4514 1.4953 3.8160 -14.6312 0.9131 44.5785 -5.1830 0.0144
Car -1 -1 -2.5511 373.2625 181.7581 456.6651 209.6610 1.4780 1.6949 4.2016 -10.6343 1.2950 39.5583 -2.8124 0.0137
Car -1 -1 -2.6316 369.5976 181.9266 455.6281 210.1380 1.4870 1.7666 4.2087 -10.6695 1.3138 39.2603 -2.8956 0.0131
Cyclist -1 -1 -8.0258 876.5226 174.2018 1013.8050 375.0000 1.5935 0.5264 1.6796 2.2313 1.5296 5.0584 -7.6306 0.0127
Car -1 -1 -1.8964 0.0000 169.9934 40.1889 195.3102 1.6539 1.7146 4.1127 -40.4524 0.6596 48.7734 -2.5863 0.0126
Car -1 -1 -4.8022 363.5801 176.7005 393.1927 200.9673 1.4410 1.4290 3.6546 -14.3035 0.9355 44.6489 -5.1108 0.0121
Car -1 -1 -4.6541 369.2899 176.9240 396.8984 200.9395 1.4278 1.4263 3.6131 -13.9500 0.9350 44.6645 -4.9554 0.0119
Car -1 -1 -2.0337 0.0000 170.3992 39.5099 195.0299 1.6030 1.7501 4.0100 -40.4616 0.6389 48.3919 -2.7275 0.0114
Car -1 -1 -7.8280 486.4390 175.5810 527.0289 214.9437 1.6184 1.6586 3.7622 -4.4148 1.2224 31.5176 -7.9664 0.0104
Pedestrian -1 -1 -7.1175 174.3517 170.3929 200.1558 213.5441 1.6954 0.7358 0.5071 -16.7496 1.1132 28.5693 -7.6439 0.0104
Cyclist -1 -1 -8.0922 853.6631 167.6490 1001.3053 375.0000 1.6370 0.5709 1.6275 2.2229 1.5277 5.3257 -7.7153 0.0100
Pedestrian -1 -1 -7.2809 168.9813 168.3469 195.6388 212.6849 1.7419 0.7228 0.5598 -16.9250 1.0794 28.5368 -7.8123 0.0097
Car -1 -1 -5.6231 0.0000 170.8929 41.9951 194.8620 1.5733 1.6408 3.9293 -40.4984 0.6333 48.0769 -6.3206 0.0095
Car -1 -1 -4.7970 0.0000 169.9499 34.6353 195.3866 1.6617 1.7366 4.3425 -40.5696 0.6646 49.1224 -5.4848 0.0092
Cyclist -1 -1 -7.6090 167.4275 170.2060 201.3745 212.5600 1.6138 0.7878 1.5750 -16.6613 1.0420 28.2559 -8.1377 0.0091
Pedestrian -1 -1 -4.6133 857.7513 201.1523 917.3207 375.0000 1.3774 0.4033 0.4893 2.1566 1.5103 5.6775 -4.2666 0.0090
Car -1 -1 -7.9888 476.7220 173.8744 530.8643 213.3561 1.6375 1.8351 4.1702 -4.7424 1.1673 32.0730 -8.1348 0.0082
Car -1 -1 -4.5149 597.3444 175.0282 627.8011 195.8328 1.6461 1.7708 3.8977 0.4148 0.8402 58.9639 -4.5083 0.0080
Car -1 -1 -6.0491 369.9435 179.7834 459.7346 206.4846 1.4767 1.7510 4.6293 -10.8931 1.1764 40.6916 -6.3093 0.0074
Car -1 -1 -5.0497 604.9692 171.7903 636.3210 191.9209 1.7533 1.6063 3.9300 1.1130 0.5842 64.7290 -5.0329 0.0071
Car -1 -1 -8.1488 566.5584 176.9390 601.2173 196.7478 1.5659 1.6509 4.3472 -2.0239 0.9118 59.1489 -8.1832 0.0069
Car -1 -1 -7.8962 477.9579 171.3703 524.0898 213.2109 1.7373 1.8620 3.3979 -4.7917 1.1626 31.6929 -8.0453 0.0069
Cyclist -1 -1 -7.0230 789.2056 166.0661 1036.5219 375.0000 1.6594 0.6091 1.7534 2.2044 1.5338 5.3210 -6.6487 0.0065
Car -1 -1 -4.9483 586.4262 175.7493 616.3094 196.0820 1.6199 1.5786 3.9654 -0.5803 0.8659 59.3876 -4.9584 0.0052
Cyclist -1 -1 -5.5542 159.1269 171.0274 215.3172 214.4145 1.6821 0.8368 1.8304 -16.6831 1.1322 28.4632 -6.0804 0.0042
Car -1 -1 -4.9188 581.1160 175.8161 610.0624 196.2458 1.6275 1.5930 4.0270 -1.0580 0.8788 59.4054 -4.9369 0.0037
Car -1 -1 -4.7788 595.9276 176.8084 619.3131 197.4507 1.6425 1.6484 4.1803 -0.0609 0.9737 59.3395 -4.7802 0.0035
Pedestrian -1 -1 -3.6494 774.5585 173.8713 804.1352 248.2228 1.6866 0.5096 0.4728 4.1432 1.4294 16.6147 -3.4094 0.0033
Cyclist -1 -1 -7.7685 438.9976 169.5589 453.8835 212.8289 2.0384 0.5280 2.1154 -7.8672 1.3010 34.9485 -7.9887 0.0032
Car -1 -1 -4.8851 578.5347 174.6768 608.3981 195.4463 1.6517 1.7345 4.3877 -1.2403 0.8137 59.4871 -4.9062 0.0031
Car -1 -1 -4.9167 612.4626 172.6105 638.2642 191.4239 1.6381 1.5265 4.0418 1.5395 0.5407 64.7169 -4.8934 0.0031
Car -1 -1 -6.5881 0.0000 0.0000 1240.0000 375.0000 1.5420 1.5944 3.6600 -4.2170 1.6309 1.4424 -7.7717 0.0030
Car -1 -1 -5.0622 571.0886 175.4096 608.3933 195.4274 1.5921 1.6823 4.3768 -1.5529 0.8123 59.5181 -5.0885 0.0029
Car -1 -1 -4.8194 583.7219 174.5520 610.0880 195.4350 1.6641 1.7258 4.2951 -0.9521 0.8145 59.5203 -4.8357 0.0029
Car -1 -1 -7.8914 486.0399 174.8250 527.8625 214.2264 1.6380 1.6815 4.2549 -4.5997 1.2062 32.1275 -8.0328 0.0027
Car -1 -1 -4.9487 580.2267 176.9477 609.4312 195.9600 1.5080 1.5450 3.8021 -1.1122 0.8523 59.0504 -4.9678 0.0025
Cyclist -1 -1 -4.7418 439.6800 168.9966 453.4308 213.6020 2.1102 0.5947 1.9822 -7.9021 1.3431 35.0418 -4.9624 0.0024
Car -1 -1 -4.7658 579.1697 175.5913 602.0936 196.4498 1.6572 1.6560 4.2939 -1.4628 0.8927 59.3172 -4.7908 0.0024
Car -1 -1 -4.7931 618.3055 172.4959 641.4528 192.5657 1.7436 1.7333 4.2678 1.9429 0.6387 64.6284 -4.7636 0.0022
Car -1 -1 -4.9017 571.7321 175.4053 602.5912 196.3733 1.6562 1.7199 4.4678 -1.7541 0.8815 59.1480 -4.9316 0.0020
Car -1 -1 -4.5385 613.2360 172.4469 637.9702 191.2643 1.7524 1.6604 4.3321 1.7437 0.5635 69.2335 -4.5138 0.0010
Car -1 -1 -4.2213 612.0896 172.2272 646.9149 190.3137 1.6807 1.6397 4.0194 2.1090 0.4739 68.9497 -4.1913 0.0010
Car -1 -1 -4.3555 611.3615 171.9917 641.3129 189.8193 1.6564 1.5513 4.0706 1.8069 0.4279 68.9684 -4.3298 0.0004
Cyclist -1 -1 -7.6693 429.9786 167.3739 450.3167 213.7095 2.1998 0.6005 2.0637 -8.2216 1.3529 35.1724 -7.8976 0.0004
Pedestrian -1 -1 -5.0427 440.3294 166.8093 455.3374 209.7355 2.0924 0.4950 0.7866 -7.9362 1.1954 35.5048 -5.2614 0.0004
Pedestrian -1 -1 -5.6148 431.6661 165.4799 454.4537 215.0413 2.3899 0.7017 0.8304 -8.0886 1.4384 35.1588 -5.8396 0.0003
Pedestrian -1 -1 -8.2903 432.9528 167.1608 453.3326 212.4733 2.2054 0.6270 0.9808 -8.1826 1.3268 35.5670 -8.5152 0.0002
