Car -1 -1 -8.1318 686.6027 187.5684 798.2773 259.4825 1.3794 1.5849 3.3398 2.8184 1.7472 16.3022 -7.9646 0.9998
Car -1 -1 -2.6562 76.8370 192.2262 371.6971 285.4168 1.4308 1.6499 4.1408 -6.4523 1.7827 12.2747 -3.1318 0.9998
Car -1 -1 -8.0302 644.5651 181.3753 710.5504 227.0039 1.4620 1.6368 4.1906 2.3041 1.7953 26.0859 -7.9438 0.9997
Car -1 -1 -2.7476 268.1669 186.0781 444.0891 245.2958 1.4701 1.6187 4.1265 -6.7449 1.8400 19.2630 -3.0806 0.9971
Car -1 -1 -2.9016 307.2802 185.5249 452.1002 236.6402 1.4401 1.5443 3.8857 -6.8753 1.8361 21.6679 -3.2059 0.9886
Car -1 -1 -5.9705 344.9011 181.7961 465.9240 230.5869 1.5515 1.4665 3.6031 -6.8088 1.8591 24.0415 -6.2441 0.9873
Car -1 -1 -5.8215 180.4988 186.0455 398.5805 268.2162 1.5439 1.5162 3.7816 -6.4774 1.8278 14.6883 -6.2307 0.9849
Car -1 -1 -6.0245 400.6557 183.4386 516.3659 221.2656 1.4879 1.6790 4.4054 -6.2579 1.9398 29.8720 -6.2298 0.9806
Car -1 -1 -2.6113 214.8138 188.9552 417.9552 256.3045 1.4478 1.5324 4.2770 -6.9488 1.8531 17.1011 -2.9923 0.9797
Car -1 -1 -2.3747 0.0000 192.9319 188.7225 365.1376 1.5245 1.6692 4.0848 -6.9565 1.7585 7.5100 -3.1043 0.9662
Car -1 -1 -7.9266 643.8663 180.2030 680.7781 210.9630 1.4551 1.5912 3.9827 2.5985 1.8528 37.0801 -7.8577 0.9196
Car -1 -1 -5.8297 179.1065 186.7376 398.6902 268.4211 1.5389 1.5360 3.8123 -6.5057 1.8384 14.7330 -6.2394 0.8739
Car -1 -1 -5.9438 400.7933 182.8589 514.7177 220.4612 1.4706 1.6708 4.3133 -6.3151 1.9007 29.9245 -6.1505 0.8237
Car -1 -1 -2.9399 418.0381 175.6509 504.9323 213.2823 1.7591 1.6262 3.8407 -7.1266 1.8963 34.6624 -3.1417 0.8106
Car -1 -1 -5.9451 338.3647 181.6002 467.6646 230.3142 1.5443 1.5997 3.8417 -6.9056 1.8475 24.1194 -6.2216 0.8054
Car -1 -1 -7.9426 642.7457 179.9770 679.4935 211.4117 1.4877 1.5233 3.9348 2.5343 1.8726 37.0305 -7.8754 0.8040
Car -1 -1 -2.9271 420.5197 174.2441 505.8712 213.1443 1.8267 1.6302 3.7718 -7.0721 1.8951 34.7865 -3.1267 0.7977
Car -1 -1 -2.8059 257.8771 181.9167 441.2415 243.9409 1.5559 1.6839 4.2730 -6.8723 1.8074 19.1992 -3.1458 0.7650
Car -1 -1 -2.7689 158.4069 187.1195 387.6306 266.9091 1.4924 1.5336 3.9378 -6.7695 1.7994 14.6768 -3.1947 0.7553
Car -1 -1 -2.8884 424.1917 174.2556 507.8770 212.9796 1.8161 1.7161 3.6527 -6.9547 1.8854 34.8696 -3.0843 0.7412
Car -1 -1 -5.8452 168.8141 185.9772 394.3738 267.7029 1.5335 1.4419 3.8987 -6.5663 1.8116 14.5436 -6.2630 0.7036
Car -1 -1 -2.6428 213.6660 188.8608 414.3513 255.4854 1.4324 1.5482 4.1445 -6.9538 1.8317 17.0047 -3.0261 0.6969
Car -1 -1 -5.9429 338.3164 180.4298 465.4505 230.9535 1.5940 1.4891 3.7622 -6.8808 1.8535 23.8821 -6.2210 0.6941
Car -1 -1 -2.4193 0.0000 194.4700 184.1034 368.6045 1.5360 1.5959 4.1305 -6.9672 1.7822 7.3997 -3.1568 0.6829
Car -1 -1 -7.8692 632.4433 177.3011 654.3042 199.2155 1.6215 1.6321 4.0846 2.5446 1.9809 56.2918 -7.8247 0.6372
Car -1 -1 -7.8998 630.2736 177.2687 652.7814 198.3584 1.5662 1.5766 3.6671 2.3987 1.9209 56.1884 -7.8578 0.6182
Car -1 -1 -7.8694 632.7316 176.9786 653.8865 198.1378 1.5708 1.5793 3.5883 2.5348 1.9015 56.0895 -7.8250 0.5486
Car -1 -1 -2.0849 0.0000 198.5496 42.0573 374.0000 1.4901 1.6247 4.1189 -6.9571 1.7306 5.5843 -2.9558 0.5317
Car -1 -1 -2.7710 321.9539 181.5909 458.1838 229.9250 1.5202 1.5662 4.0365 -7.2948 1.8215 23.9698 -3.0638 0.5277
Car -1 -1 -2.9391 301.4165 184.3891 450.3488 236.5249 1.4537 1.5258 3.9970 -6.9307 1.8129 21.5177 -3.2477 0.5219
Car -1 -1 -2.2434 0.0000 197.8648 38.8119 374.0000 1.5121 1.6387 3.9924 -6.8520 1.7224 5.2463 -3.1359 0.5150
Car -1 -1 -2.4214 0.0000 190.0132 30.9608 374.0000 1.5250 1.6370 3.7941 -6.6935 1.6705 4.9785 -3.3267 0.4334
Car -1 -1 -2.6030 0.0000 181.8900 25.5253 374.0000 1.5881 1.6271 3.8449 -6.5229 1.6648 4.6812 -3.5239 0.3809
Pedestrian -1 -1 -3.9081 1227.1898 159.7514 1241.0000 208.1663 1.8013 0.4916 0.2788 23.4909 1.3135 27.0990 -3.1995 0.3741
Car -1 -1 -7.9837 625.2518 177.2812 651.9086 198.6052 1.5805 1.5873 3.8291 2.1676 1.9376 56.2791 -7.9458 0.3233
Car -1 -1 -8.0505 489.0472 180.6217 529.9283 207.3047 1.4629 1.6324 4.1411 -6.0844 1.9503 43.0771 -8.1904 0.1653
Pedestrian -1 -1 -4.3897 1016.8772 161.3278 1052.0245 249.2547 1.7603 0.5222 0.4023 8.6364 1.5293 14.7742 -3.8699 0.1564
Car -1 -1 -7.8431 499.6486 180.0472 528.7437 206.5787 1.4665 1.6459 4.2084 -5.7554 1.9193 43.2578 -7.9750 0.1455
Pedestrian -1 -1 -4.2261 1014.3742 159.9168 1052.1265 248.2619 1.7776 0.5340 0.4277 8.6597 1.5170 14.8581 -3.7076 0.1406
Car -1 -1 -4.6460 503.0526 179.9012 533.7761 206.4234 1.4758 1.5689 3.9371 -5.4802 1.9174 43.2300 -4.7717 0.1385
Car -1 -1 -3.0764 509.8380 176.5507 555.8630 197.4973 1.7324 1.6950 3.7628 -6.5100 2.0490 60.9270 -3.1828 0.1140
Cyclist -1 -1 -5.2270 734.9518 174.8173 768.3691 218.9935 1.6709 0.6035 1.5235 5.4737 1.7495 28.1827 -5.0378 0.1136
Car -1 -1 -2.5256 413.2187 181.9792 505.1335 218.3086 1.5227 1.6470 3.8013 -6.8390 1.9527 32.5148 -2.7318 0.1057
Car -1 -1 -8.2609 476.1430 179.5698 530.9306 206.9823 1.4976 1.6585 4.2506 -6.3974 1.9161 42.7604 -8.4089 0.0886
Pedestrian -1 -1 -3.8648 1222.7892 158.1691 1241.0000 207.3157 1.8260 0.5380 0.2733 23.3198 1.2801 27.0788 -3.1594 0.0772
Pedestrian -1 -1 -3.9787 1231.8164 159.2944 1241.0000 207.2357 1.7664 0.5229 0.3479 23.5178 1.2665 26.8665 -3.2653 0.0732
Car -1 -1 -5.7667 499.0045 182.1757 553.1964 202.4296 1.4378 1.5578 3.7480 -6.3088 2.1538 54.0002 -5.8829 0.0444
Pedestrian -1 -1 -3.8105 1222.5227 159.6698 1241.0000 209.0131 1.8471 0.5346 0.3226 23.4983 1.3532 27.2825 -3.1051 0.0398
Car -1 -1 -2.7168 459.3918 180.4046 537.1749 206.7817 1.4821 1.6568 4.2425 -6.6336 1.9428 42.6908 -2.8705 0.0385
Car -1 -1 -2.8899 498.6888 181.3232 551.8884 201.7587 1.4592 1.5354 3.6405 -6.2754 2.0971 53.3613 -3.0068 0.0352
Car -1 -1 -4.9622 517.7977 181.9051 550.5165 202.3787 1.4382 1.5646 3.7978 -5.7972 2.1480 54.5528 -5.0680 0.0344
Car -1 -1 -2.7443 499.0121 182.6516 552.0294 202.6373 1.4191 1.5377 3.6039 -6.3061 2.1646 53.6847 -2.8611 0.0339
Car -1 -1 -4.7315 527.0869 182.1676 548.4261 202.1747 1.4077 1.5272 3.6748 -5.5079 2.1352 54.4665 -4.8323 0.0277
Car -1 -1 -2.7156 455.5198 180.0867 535.1633 206.0647 1.4485 1.6767 4.3128 -6.7577 1.8868 42.3795 -2.8732 0.0263
Car -1 -1 -7.4552 325.3417 166.9073 375.5292 195.8320 1.8186 1.6726 4.0108 -17.0215 1.4444 47.4133 -7.7983 0.0237
Pedestrian -1 -1 -8.1166 1213.5956 163.8748 1241.0000 217.7154 1.7576 0.7501 0.4372 20.5014 1.4642 23.9121 -7.4143 0.0222
Car -1 -1 -4.6904 520.1512 180.6431 543.9733 204.9926 1.4594 1.4429 3.6803 -5.0095 1.9800 46.3535 -4.7979 0.0175
Car -1 -1 -5.1473 637.9910 178.5618 692.3228 202.3008 1.3609 1.6703 4.3633 3.3261 1.7337 44.8247 -5.0741 0.0113
Car -1 -1 -4.4871 547.4595 175.0973 571.5534 190.2752 1.4391 1.5347 3.9083 -4.9617 1.6661 71.0657 -4.5568 0.0107
Car -1 -1 -5.0766 654.6525 178.4629 729.2681 213.8538 1.3771 1.7189 4.4180 3.3992 1.6375 31.1777 -4.9696 0.0107
Car -1 -1 -5.1629 644.8450 178.4816 721.6301 212.2441 1.3494 1.6872 4.2157 3.1020 1.6153 31.8639 -5.0673 0.0105
Car -1 -1 -7.9769 518.2006 181.6286 549.0569 204.1873 1.3710 1.5610 3.7567 -5.0875 1.9717 47.4183 -8.0837 0.0105
Car -1 -1 -5.1562 637.7899 177.6326 693.3693 202.0991 1.4184 1.7104 4.4475 3.3749 1.7329 45.1438 -5.0826 0.0103
Pedestrian -1 -1 -7.9829 1218.1989 161.7120 1241.0000 217.1556 1.8050 0.7380 0.4195 20.5838 1.4420 23.8673 -7.2777 0.0102
Car -1 -1 -5.2014 641.8207 178.6960 699.5900 202.4415 1.3568 1.6466 4.4850 3.6639 1.7384 44.7862 -5.1208 0.0096
Car -1 -1 -8.1432 509.4377 181.5869 550.0316 204.2286 1.3706 1.6129 3.8453 -5.3437 1.9688 47.3700 -8.2553 0.0094
Pedestrian -1 -1 -6.9945 1165.4019 159.3963 1189.4128 211.8488 1.6360 0.5154 0.3401 17.8548 1.2160 22.7715 -6.3361 0.0090
Car -1 -1 -4.8197 545.8849 175.2490 565.4613 190.3412 1.4301 1.5087 3.9096 -5.3952 1.6726 71.0851 -4.8955 0.0089
Pedestrian -1 -1 -7.2521 1159.0201 155.2891 1188.2390 213.0121 1.8075 0.6228 0.3860 17.8737 1.2572 22.9491 -6.5968 0.0079
Car -1 -1 -4.2262 547.3815 174.7449 579.9659 190.1059 1.4566 1.5398 3.9424 -4.5473 1.6481 71.0544 -4.2902 0.0077
Car -1 -1 -4.3749 514.2233 180.8440 551.9147 203.4554 1.5417 1.5744 3.7746 -5.5994 2.1467 52.6411 -4.4808 0.0074
Pedestrian -1 -1 -6.7183 1034.4784 154.0551 1048.6709 203.9531 1.8718 0.4811 0.2824 16.2928 1.1663 27.3196 -6.1855 0.0073
Car -1 -1 -5.0875 640.6286 176.7184 690.1610 201.4103 1.4674 1.6966 4.2257 3.4261 1.7249 45.8601 -5.0139 0.0072
Pedestrian -1 -1 -6.4687 1037.8148 154.0193 1048.1655 203.7680 1.8531 0.4939 0.2440 16.2457 1.1512 27.1511 -5.9346 0.0072
Car -1 -1 -7.3688 504.0366 177.9603 550.6616 202.3064 1.6646 1.7009 3.9897 -5.9835 2.0505 52.4092 -7.4824 0.0070
Pedestrian -1 -1 -7.0648 1149.0018 154.8248 1178.9834 212.8482 1.8187 0.6480 0.4210 17.5780 1.2533 22.9648 -6.4179 0.0067
Car -1 -1 -5.2312 646.3008 179.0999 717.6141 212.9900 1.4185 1.5560 3.7934 3.1799 1.7216 33.0048 -5.1366 0.0066
Car -1 -1 -5.2637 643.4991 178.6481 719.2111 212.6078 1.4038 1.6081 3.8629 3.1121 1.6823 32.6268 -5.1701 0.0064
Pedestrian -1 -1 -7.8026 1035.6174 146.8164 1063.8040 211.6094 1.8837 0.6875 0.6546 13.0183 1.1264 21.4401 -7.2632 0.0059
Car -1 -1 -5.1802 641.7222 178.1728 713.4384 212.6713 1.4966 1.6425 4.2324 3.0862 1.7657 34.2722 -5.0918 0.0057
Car -1 -1 -4.9793 642.8806 179.5712 700.1464 213.1486 1.4500 1.6424 4.1920 2.8035 1.7892 34.2565 -4.8989 0.0052
Car -1 -1 -4.7887 457.6232 182.2534 507.3863 221.7861 1.4916 1.7222 4.9550 -5.6105 1.9302 31.0813 -4.9664 0.0049
Car -1 -1 -7.5086 431.4533 177.1432 484.9462 208.4151 1.6752 1.6616 4.2623 -8.6915 1.9348 41.4891 -7.7142 0.0049
Car -1 -1 -7.7028 433.0456 178.1192 473.2613 209.0838 1.6585 1.6318 4.3089 -9.0172 1.9778 41.5946 -7.9154 0.0045
Car -1 -1 -4.8805 460.7686 182.3169 515.8567 221.6860 1.4965 1.5563 4.7442 -5.3677 1.9371 31.1235 -5.0504 0.0039
Car -1 -1 -7.8100 525.2122 175.2271 547.6031 196.4744 1.7514 1.7370 4.1608 -6.3230 1.9623 62.0793 -7.9114 0.0035
Car -1 -1 -7.7081 525.9791 175.0475 552.4517 197.8220 1.8823 1.6967 4.0629 -6.0803 2.0771 62.1038 -7.8057 0.0030
Car -1 -1 -7.9265 703.7512 169.5103 732.0890 191.8346 1.4718 1.6355 3.8935 7.3432 1.2511 49.5718 -7.7806 0.0028
Car -1 -1 -3.1460 699.5374 166.3146 766.5862 191.2078 1.6226 1.8712 4.3401 8.1829 1.1961 48.3062 -2.9795 0.0028
Car -1 -1 -7.8232 707.6836 166.8567 734.8430 191.5067 1.6172 1.7225 4.1580 7.6425 1.2234 49.5377 -7.6713 0.0027
Pedestrian -1 -1 -3.9316 1213.4756 159.6658 1233.2151 210.0636 1.8954 0.5183 0.2868 23.2487 1.3991 27.4071 -3.2337 0.0026
Car -1 -1 -7.5177 230.0778 169.4499 271.4987 190.9506 1.7326 1.7588 4.3627 -30.0387 1.4580 60.4182 -7.9775 0.0024
Car -1 -1 -6.4142 701.5823 167.0389 778.8086 192.1507 1.6437 1.7510 4.8865 8.6139 1.2628 48.2107 -6.2388 0.0023
Car -1 -1 -5.1554 638.2113 178.6086 709.3230 214.7947 1.5365 1.5946 4.3054 2.8479 1.8229 33.6620 -5.0724 0.0016
Car -1 -1 -6.3306 712.2739 166.4255 798.5829 192.6417 1.6949 2.0442 5.5244 9.5769 1.2790 48.0664 -6.1354 0.0015
Car -1 -1 -4.5482 526.4750 173.4087 559.1669 197.9684 2.0142 1.9304 5.4938 -5.7467 2.0639 62.1124 -4.6405 0.0011
Pedestrian -1 -1 -5.5029 195.5366 150.3823 226.4360 234.9228 2.0037 0.5966 0.3280 -9.6872 1.4708 17.4335 -6.0039 0.0009
Pedestrian -1 -1 -5.4816 198.2814 158.2963 230.1945 236.9442 1.8623 0.5991 0.3520 -9.6031 1.5173 17.4235 -5.9792 0.0006
Car -1 -1 -7.9370 958.1198 150.2568 1025.8525 212.1557 1.9912 1.7729 3.4522 13.1745 1.2640 25.1454 -7.4595 0.0004
Car -1 -1 -7.7991 963.6627 147.8879 1030.7410 210.5020 1.9955 1.8738 3.6129 13.4327 1.1996 25.0266 -7.3117 0.0003
