Car -1 -1 -8.1977 725.0316 174.8444 1039.8127 374.0000 1.7401 1.6809 4.2887 2.5048 1.7679 7.9978 -7.9063 0.9999
Car -1 -1 -2.7483 209.7068 192.2580 414.8588 265.0669 1.4855 1.6635 3.8711 -6.5500 1.9391 16.0270 -3.1311 0.9998
Car -1 -1 -4.1880 0.0000 211.0257 396.5543 374.0000 1.4438 1.5468 3.6359 -2.6508 1.7687 4.3279 -4.7118 0.9996
Car -1 -1 -2.6773 0.0000 190.9992 341.1951 304.6183 1.5568 1.6476 4.3360 -6.6799 1.8613 11.1573 -3.2068 0.9987
Car -1 -1 -2.7207 251.5040 188.8360 415.5925 253.2435 1.5197 1.5507 3.5750 -7.0035 1.9452 18.3439 -3.0812 0.9931
Car -1 -1 -7.9589 640.0976 183.0172 675.2984 211.2029 1.4875 1.5874 4.1798 2.6719 2.1049 41.7313 -7.8960 0.9910
Car -1 -1 -5.9130 420.1549 183.7004 510.1183 221.5106 1.5609 1.4884 3.5428 -6.3244 2.0485 31.4199 -6.1106 0.9835
Car -1 -1 -6.0311 375.7280 185.5420 504.1741 230.4517 1.5420 1.5765 4.2610 -6.1280 2.0151 26.0848 -6.2602 0.9615
Car -1 -1 -2.7073 249.2761 188.6731 415.4400 252.3005 1.5030 1.6022 3.6263 -7.0684 1.9273 18.4369 -3.0692 0.9598
Car -1 -1 -7.9485 639.9709 183.1938 674.7986 211.3029 1.4823 1.6090 4.1506 2.6520 2.1096 41.6945 -7.8860 0.9439
Car -1 -1 -2.7000 253.4921 188.8699 416.9678 253.1913 1.5179 1.6064 3.5623 -7.0020 1.9481 18.4477 -3.0586 0.9063
Car -1 -1 -2.9773 417.0458 188.9339 514.2967 226.3456 1.3912 1.4340 3.5492 -5.6474 2.0381 28.2690 -3.1733 0.8914
Car -1 -1 -6.0288 376.4018 185.9405 504.5723 229.7239 1.4983 1.6645 4.2318 -6.1110 1.9876 26.1087 -6.2570 0.8607
Car -1 -1 -5.9935 415.9740 184.2727 511.8158 221.6571 1.5486 1.4754 3.8195 -6.3539 2.0588 31.3502 -6.1924 0.8572
Car -1 -1 -6.0055 383.2755 185.5409 506.7840 230.1689 1.5272 1.6288 4.0719 -5.9635 2.0029 26.1433 -6.2282 0.7378
Car -1 -1 -2.8645 412.9092 183.6908 514.2095 221.1713 1.5566 1.5987 4.0476 -6.3857 2.0433 31.4727 -3.0636 0.7302
Car -1 -1 -2.8185 239.7102 189.4817 413.1062 252.2833 1.4771 1.6161 3.7818 -7.1496 1.9198 18.3334 -3.1860 0.7260
Car -1 -1 -5.8437 355.0879 187.4283 482.0610 234.4308 1.4212 1.5875 3.6945 -6.2757 1.9206 23.6229 -6.1012 0.7210
Car -1 -1 -2.8874 411.6825 186.9759 515.4097 224.7567 1.4073 1.5687 3.7302 -5.7657 1.9807 28.4259 -3.0863 0.7082
Car -1 -1 -6.0764 381.0977 184.6218 503.9400 229.8715 1.5503 1.5332 4.0738 -5.9997 1.9862 25.9434 -6.3020 0.6978
Car -1 -1 -5.8918 418.5749 184.4829 513.1336 222.1101 1.5480 1.5748 3.7325 -6.3125 2.0739 31.5181 -6.0884 0.6648
Car -1 -1 -2.8082 246.5755 188.5530 413.4186 251.8425 1.4933 1.5003 3.6385 -7.0319 1.9071 18.2288 -3.1721 0.6471
Car -1 -1 -5.3525 1117.9805 156.9074 1210.9006 196.0961 1.8231 1.7818 3.6334 27.0370 1.0810 35.3910 -4.7043 0.6173
Car -1 -1 -3.0331 408.7413 186.8445 514.3676 225.6663 1.4311 1.5173 3.9021 -5.7797 1.9958 28.2071 -3.2339 0.6106
Car -1 -1 -5.9740 350.9318 186.6938 478.0016 232.9067 1.4208 1.5497 3.7092 -6.3725 1.8890 23.5618 -6.2359 0.5403
Car -1 -1 -5.9822 415.6178 184.1903 513.3425 222.0623 1.5564 1.4698 3.8730 -6.2872 2.0599 31.1390 -6.1803 0.5160
Car -1 -1 -6.2272 620.7264 174.6088 670.4007 195.4016 1.5810 1.6476 3.7696 2.7561 1.7195 56.0499 -6.1787 0.5124
Car -1 -1 -6.1960 445.7724 172.0059 539.9227 209.4975 1.9348 1.7517 4.7960 -6.1863 1.8907 38.2829 -6.3556 0.4914
Car -1 -1 -5.3988 1120.6863 155.7092 1216.8618 196.5054 1.8720 1.7020 3.7190 26.9396 1.0850 34.9968 -4.7471 0.4588
Pedestrian -1 -1 -4.9235 1166.6312 150.1793 1184.3430 194.6816 1.9063 0.5419 0.3390 24.3884 0.9347 31.1778 -4.2644 0.4257
Pedestrian -1 -1 -5.3835 145.3197 175.2728 163.8448 212.7418 1.7360 0.5609 0.4748 -21.3847 1.8503 33.8187 -5.9440 0.3303
Car -1 -1 -2.9948 457.0450 185.6249 533.2485 215.9514 1.4381 1.5933 3.5303 -5.6826 2.0844 35.7164 -3.1519 0.3173
Car -1 -1 -2.7115 347.0438 187.4083 475.6789 236.2446 1.4838 1.5957 3.7442 -6.5198 1.9829 23.6655 -2.9781 0.2748
Car -1 -1 -3.0480 466.6189 184.4373 542.0970 215.7277 1.4880 1.6116 3.5781 -5.2455 2.0780 35.8719 -3.1926 0.2702
Pedestrian -1 -1 -4.9566 1163.9460 151.8547 1181.3634 195.5571 1.8783 0.5217 0.3631 24.3480 0.9755 31.2829 -4.2999 0.2640
Pedestrian -1 -1 -5.1271 141.8451 175.1684 162.1950 212.4556 1.7142 0.6164 0.5902 -21.3955 1.8232 33.6446 -5.6901 0.2400
Car -1 -1 -6.2384 452.7417 175.5398 541.7513 212.3263 1.8795 1.6734 4.5475 -5.9394 2.0250 38.1014 -6.3925 0.1958
Car -1 -1 -4.7950 154.8780 181.3181 185.7863 204.0586 1.5882 1.6510 4.1043 -33.0416 2.2481 54.1354 -5.3410 0.1650
Car -1 -1 -4.9330 391.1664 187.5180 470.1509 237.8098 1.4221 1.6513 4.2115 -6.0875 1.9547 23.9683 -5.1797 0.1649
Car -1 -1 -4.6087 416.4295 170.6163 445.2508 193.6850 1.5167 1.5207 3.9007 -12.2759 1.3692 49.4745 -4.8510 0.1641
Pedestrian -1 -1 -6.2144 931.7817 164.0470 937.1973 206.2797 1.8137 0.4241 0.1872 13.9967 1.4352 31.2179 -5.7969 0.1568
Car -1 -1 -2.8407 445.5714 185.8699 533.7227 216.0067 1.4192 1.6031 4.0414 -6.0081 2.0870 35.9690 -3.0056 0.1412
Pedestrian -1 -1 -6.3673 929.1420 164.4175 936.6924 207.0888 1.8379 0.4432 0.2605 13.9770 1.4742 31.3298 -5.9516 0.1378
Pedestrian -1 -1 -3.0449 932.1256 164.5765 938.1758 206.3048 1.7903 0.4134 0.2016 14.0109 1.4348 31.1858 -2.6266 0.1349
Car -1 -1 -2.5766 353.9149 186.6104 482.6475 236.2113 1.4968 1.6889 3.8140 -6.3828 1.9789 23.9199 -2.8352 0.1310
Car -1 -1 -7.7438 161.2688 180.7599 193.2910 203.5236 1.5986 1.6533 3.7444 -32.4520 2.2139 54.1392 -8.2818 0.1298
Car -1 -1 -4.4944 396.0397 187.3174 478.6589 237.8052 1.4361 1.7445 4.4093 -5.6654 1.9615 24.0080 -4.7243 0.1287
Car -1 -1 -2.7811 439.2755 183.2930 535.5545 214.3954 1.4680 1.6981 4.4438 -6.1559 2.0090 36.1581 -2.9491 0.1258
Car -1 -1 -7.8596 520.8823 175.8516 542.5155 197.1007 1.5846 1.6237 3.8743 -6.1594 1.8270 56.3943 -7.9682 0.1251
Car -1 -1 -6.1797 379.8317 170.6655 440.3953 193.5607 1.4917 1.5435 3.7495 -13.3074 1.3488 48.0797 -6.4486 0.1194
Car -1 -1 -4.7255 416.3495 170.5886 440.6897 194.2135 1.5499 1.5555 3.9675 -12.4953 1.4010 49.4539 -4.9720 0.1123
Car -1 -1 -6.1084 378.2199 170.5902 440.8054 193.6942 1.5143 1.6195 3.8111 -13.4044 1.3656 48.2776 -6.3781 0.1048
Pedestrian -1 -1 -5.7998 149.5371 173.2385 166.8398 211.0602 1.7565 0.5862 0.4682 -21.2178 1.7743 33.8243 -6.3567 0.1046
Car -1 -1 -4.4913 417.4545 170.9042 451.8533 194.2236 1.5356 1.4813 3.8471 -12.0030 1.4069 49.4500 -4.7285 0.0952
Car -1 -1 -4.7093 402.2063 186.5889 461.4660 237.1502 1.4338 1.7478 4.3096 -5.9605 1.9343 24.0103 -4.9506 0.0940
Pedestrian -1 -1 -4.8925 100.1853 175.0229 121.4878 218.7383 1.8006 0.5895 0.8797 -21.0010 1.8930 30.2915 -5.4948 0.0902
Pedestrian -1 -1 -5.0726 101.3897 173.8123 127.3181 218.2876 1.8344 0.6317 0.8733 -20.8514 1.8750 30.2911 -5.6716 0.0891
Car -1 -1 -4.7699 158.7735 181.1248 187.1902 204.0972 1.6081 1.6071 3.7848 -32.7424 2.2496 53.9750 -5.3132 0.0870
Car -1 -1 -7.8694 520.7418 176.1921 541.4696 196.7020 1.5321 1.5496 3.1373 -6.1819 1.7989 56.0905 -7.9790 0.0802
Car -1 -1 -7.7619 521.6599 175.7984 546.3868 196.9032 1.5757 1.5802 3.7709 -5.9231 1.8129 56.2949 -7.8666 0.0718
Cyclist -1 -1 -5.2190 95.2267 174.2540 131.9235 218.5774 1.8218 0.5615 1.6119 -20.8981 1.8815 30.3072 -5.8187 0.0698
Car -1 -1 -6.2689 488.7410 184.7345 573.8575 215.8319 1.4663 1.7556 4.1089 -3.9334 2.0748 35.9066 -6.3778 0.0600
Car -1 -1 -3.0003 436.1433 184.7982 531.6148 215.5043 1.4517 1.6821 4.4642 -6.2253 2.0579 35.7278 -3.1721 0.0588
Car -1 -1 -4.4191 379.0292 187.3027 460.4289 235.3839 1.3652 1.5799 3.5543 -6.1149 1.8693 23.3801 -4.6727 0.0588
Car -1 -1 -7.8796 522.9093 180.1392 547.5243 207.6658 1.8233 1.6215 3.9633 -5.3444 2.3584 50.9592 -7.9840 0.0587
Pedestrian -1 -1 -5.5687 155.0883 176.5456 174.2233 207.4332 1.7370 0.7475 0.5791 -25.3957 1.9491 41.0925 -6.1195 0.0580
Car -1 -1 -7.9280 516.9105 176.5116 541.4962 198.2919 1.6179 1.6189 3.8997 -6.3687 1.9138 56.3578 -8.0404 0.0555
Car -1 -1 -6.4618 724.6282 180.5798 816.1157 208.7046 1.6237 1.8956 5.0941 9.5147 2.0978 43.2652 -6.2474 0.0465
Cyclist -1 -1 -4.5235 101.2920 174.9671 125.6418 219.6552 1.8313 0.5554 1.5880 -21.0095 1.9228 30.4873 -5.1230 0.0413
Car -1 -1 -4.2340 380.4327 186.9057 482.3301 236.0081 1.3836 1.6343 3.8444 -5.7650 1.8825 23.5721 -4.4719 0.0412
Pedestrian -1 -1 -5.8182 204.6385 173.7522 225.5099 206.6146 1.7408 0.6379 0.7748 -21.1452 1.7889 38.5709 -6.3170 0.0399
Car -1 -1 -4.1819 355.5054 185.9954 458.7032 236.5424 1.4046 1.5802 3.5351 -6.3956 1.8572 22.9551 -4.4512 0.0396
Car -1 -1 -6.9259 877.2585 163.0940 963.1088 192.8899 1.5493 1.6642 4.0589 16.6260 1.0415 38.8092 -6.5241 0.0388
Pedestrian -1 -1 -5.8114 1113.8057 158.7725 1135.3690 199.6220 1.7423 0.4977 0.5980 22.1735 1.1414 31.1545 -5.1975 0.0367
Car -1 -1 -7.8080 524.8724 180.0872 549.7964 207.8428 1.8407 1.5710 4.0100 -5.1281 2.3718 50.9624 -7.9083 0.0338
Car -1 -1 -6.0796 393.0100 171.6875 450.8403 194.2963 1.4904 1.5044 3.5229 -12.6162 1.4132 48.4054 -6.3335 0.0307
Pedestrian -1 -1 -7.6561 92.8773 163.7556 115.1011 216.4909 1.8385 0.5838 0.3474 -17.8767 1.5210 25.4305 -8.2640 0.0293
Car -1 -1 -5.1475 141.1310 181.3276 190.7257 203.6752 1.5657 1.5573 4.1149 -33.0913 2.2170 53.6926 -5.6978 0.0275
Car -1 -1 -4.0580 331.4338 186.6863 451.9028 237.8979 1.4006 1.6570 3.8521 -6.8705 1.8806 22.9605 -4.3461 0.0274
Cyclist -1 -1 -5.8153 166.0688 168.0011 206.4182 208.4850 1.8600 0.6665 1.4753 -19.7223 1.6368 33.5285 -6.3438 0.0257
Pedestrian -1 -1 -6.2323 935.0574 163.7710 940.4515 205.1121 1.7719 0.3974 0.1942 14.1056 1.3823 31.1469 -5.8110 0.0227
Pedestrian -1 -1 -5.8111 203.2399 173.5835 224.9376 205.7666 1.7017 0.6191 0.8231 -21.1518 1.7406 38.4869 -6.3109 0.0222
Pedestrian -1 -1 -6.2818 935.7886 163.2632 940.6357 205.2690 1.8018 0.4207 0.1888 14.1391 1.3901 31.1797 -5.8600 0.0160
Cyclist -1 -1 -8.1088 298.7695 175.2841 314.4964 204.6864 1.5266 0.3575 1.6914 -16.1791 1.6582 38.3740 -8.5056 0.0155
Pedestrian -1 -1 -5.0921 1002.9749 205.5244 1044.8901 293.4543 1.2016 0.4122 0.3457 5.7917 1.6722 10.2032 -4.5891 0.0145
Pedestrian -1 -1 -4.4945 932.4713 156.3119 959.1223 218.6919 1.7522 0.6123 0.4410 9.5501 1.2872 20.6274 -4.0668 0.0137
Car -1 -1 -3.0755 413.8690 171.0114 475.5133 194.0742 1.5142 1.5282 3.9413 -11.0846 1.3929 48.4382 -3.2996 0.0118
Cyclist -1 -1 -4.6170 692.8468 182.1784 704.2408 207.0123 1.5932 0.6261 1.3102 5.8036 2.2162 47.5265 -4.4968 0.0109
Pedestrian -1 -1 -3.7050 775.6774 177.7647 792.6481 218.2976 1.7497 0.5963 0.4762 7.5805 1.9668 31.5929 -3.4723 0.0108
Cyclist -1 -1 -7.1609 154.0335 178.4328 181.1492 208.0501 1.6434 0.3579 1.6318 -25.2737 1.9679 41.1832 -7.7087 0.0092
Pedestrian -1 -1 -3.8882 772.9280 175.9497 791.3729 218.3183 1.8398 0.6485 0.4758 7.5398 1.9776 31.7897 -3.6580 0.0087
Pedestrian -1 -1 -3.0383 712.1727 174.9325 723.7525 215.3619 2.0335 0.4998 0.5342 5.4427 2.1396 36.6315 -2.8926 0.0065
Cyclist -1 -1 -7.9679 300.3233 174.9691 312.1732 204.8121 1.5585 0.3840 1.8064 -16.3309 1.6742 38.6877 -8.3652 0.0065
Pedestrian -1 -1 -3.2806 907.4556 163.4185 913.6058 203.5896 1.7220 0.4478 0.1827 12.9384 1.3172 31.1696 -2.8908 0.0062
Pedestrian -1 -1 -3.8464 777.8745 175.9456 797.2189 216.0722 1.7283 0.6394 0.5333 7.7173 1.8649 31.5458 -3.6093 0.0054
Car -1 -1 -4.3983 412.1501 170.4248 444.5434 191.1922 1.7969 1.6638 3.9588 -16.2088 1.5864 64.4627 -4.6439 0.0045
Pedestrian -1 -1 -7.7033 272.6406 172.5316 290.5387 202.4144 1.6343 0.7623 0.9974 -18.2569 1.6164 40.0446 -8.1288 0.0041
Cyclist -1 -1 -6.0665 216.8778 163.7576 264.9231 207.3911 1.9455 0.7238 1.8286 -16.7768 1.5396 32.7516 -6.5368 0.0040
Car -1 -1 -4.3814 542.7073 183.9072 572.1019 202.7070 1.5828 1.5938 3.4759 -4.7194 2.6047 64.8467 -4.4543 0.0035
Car -1 -1 -4.4119 545.9302 183.0259 576.2049 202.5022 1.6372 1.6639 3.8065 -4.3845 2.5797 64.8330 -4.4796 0.0031
