Car -1 -1 -7.3511 95.0521 188.6370 277.6321 272.2451 1.4849 1.6524 3.6185 -8.4583 1.5639 14.7342 -7.8647 0.9999
Car -1 -1 -7.6636 450.6657 180.3393 509.9304 221.0034 1.5061 1.6199 3.8095 -5.0238 1.3257 28.5434 -7.8366 0.9999
Car -1 -1 -7.5481 316.3271 166.4463 459.4874 262.9028 1.8326 1.7355 4.3849 -4.6878 1.4761 15.8693 -7.8311 0.9999
Car -1 -1 -7.4412 244.4870 181.6634 327.3935 222.7798 1.5589 1.6029 3.9834 -13.0195 1.4244 29.2493 -7.8569 0.9997
Car -1 -1 -7.8608 574.0629 175.6344 622.2915 220.2170 1.5728 1.7027 3.5528 -0.4209 1.2350 27.1559 -7.8766 0.9996
Car -1 -1 -7.4517 242.9879 182.5451 326.5178 222.6942 1.5211 1.6586 3.9836 -13.0613 1.4200 29.2380 -7.8687 0.8612
Car -1 -1 -7.8680 576.1161 176.1738 623.1979 220.0792 1.5504 1.6643 3.6579 -0.3804 1.2313 27.2359 -7.8823 0.7516
Car -1 -1 -7.6996 429.7912 178.5947 468.7839 205.3880 1.4576 1.5705 4.0796 -9.0549 1.0976 41.1919 -7.9150 0.5941
Car -1 -1 -7.7327 426.2754 178.8994 463.5446 205.7570 1.4579 1.5886 4.1436 -9.2997 1.1152 41.1607 -7.9539 0.4683
Car -1 -1 -7.6908 434.1044 177.7657 473.2963 205.1494 1.4910 1.5676 3.9688 -8.7965 1.0855 41.1589 -7.9004 0.4216
Car -1 -1 -3.8102 0.0000 163.0625 90.0850 375.0000 1.8995 1.7300 4.3812 -8.4397 1.7221 8.0350 -4.6036 0.3624
Car -1 -1 -4.0043 0.0000 167.2588 87.8049 375.0000 1.8525 1.7117 4.3663 -8.0687 1.7118 7.8780 -4.7848 0.3184
Car -1 -1 -7.7653 425.4782 177.4340 459.9659 204.7507 1.4820 1.5886 3.7311 -9.3865 1.0600 40.9548 -7.9895 0.2783
Car -1 -1 -7.8376 425.0696 178.8368 455.0636 205.6956 1.4541 1.5886 4.0575 -9.5721 1.1089 41.0673 -8.0655 0.2445
Car -1 -1 -4.1537 0.0000 173.0406 75.7971 375.0000 1.7962 1.6617 4.5356 -7.9041 1.7052 7.7785 -4.9301 0.2260
Car -1 -1 -7.5551 435.5173 177.2001 483.4018 205.2394 1.5241 1.5804 3.9732 -8.4521 1.0886 41.1277 -7.7568 0.1919
Car -1 -1 -2.0310 0.0000 189.9995 119.7185 249.7136 1.4520 1.6476 4.1174 -15.3134 1.5920 19.3763 -2.6933 0.1614
Car -1 -1 -7.7389 427.7742 179.7006 462.0433 205.9867 1.4101 1.5135 3.1836 -9.1045 1.1144 40.2255 -7.9604 0.1601
Car -1 -1 -4.6497 422.3666 176.9604 456.9001 205.0264 1.5071 1.6729 3.5428 -9.4549 1.0640 40.4862 -4.8779 0.1505
Car -1 -1 -7.8229 42.3111 191.0950 115.4579 249.7070 1.4507 1.5105 3.3061 -14.6298 1.6287 19.9445 -8.4497 0.1391
Car -1 -1 -3.6356 0.0000 166.7819 87.2069 375.0000 1.8723 1.7810 4.2327 -8.6953 1.7217 8.1585 -4.4366 0.1339
Car -1 -1 -7.0007 0.0000 162.4042 102.3295 375.0000 1.9057 1.7191 3.9159 -8.3421 1.7021 8.4463 -7.7642 0.1245
Car -1 -1 -7.7344 434.3568 179.3029 469.6966 206.3798 1.4467 1.5229 3.5144 -8.7015 1.1309 40.2274 -7.9464 0.1186
Car -1 -1 -7.7858 526.4836 175.2612 550.6224 196.7326 1.4768 1.4680 3.7057 -4.9315 0.7923 51.3155 -7.8815 0.1175
Car -1 -1 -7.9112 420.1119 177.2980 452.8879 205.1237 1.5026 1.5934 3.8178 -9.8054 1.0752 40.8750 -8.1455 0.1166
Car -1 -1 -7.7120 46.2577 191.7143 132.8809 249.0767 1.4273 1.5052 3.1607 -14.3823 1.6243 20.0323 -8.3287 0.1144
Car -1 -1 -2.2074 0.0000 189.1349 121.4969 249.4588 1.4678 1.6467 4.0986 -15.2653 1.5788 18.9937 -2.8778 0.1132
Car -1 -1 -3.6450 0.0000 169.8083 97.0690 375.0000 1.8405 1.7376 3.9175 -8.6500 1.7038 8.5100 -4.4230 0.1075
Car -1 -1 -7.8908 95.6436 191.5553 164.9139 247.8494 1.4392 1.5388 3.4480 -13.8055 1.6377 20.6446 -8.4745 0.0920
Car -1 -1 -4.3287 284.5787 175.2763 341.3928 208.4544 1.7695 1.6305 3.8068 -16.4584 1.2395 40.2437 -4.7149 0.0841
Car -1 -1 -4.5759 498.6394 172.0432 541.8040 204.9801 1.7538 1.8158 4.5316 -4.9026 1.0526 40.5587 -4.6958 0.0782
Car -1 -1 -2.3874 0.0000 189.2974 120.0761 249.9319 1.4789 1.6444 3.9870 -15.1944 1.5904 18.6370 -3.0645 0.0778
Car -1 -1 -7.8388 100.2398 190.7185 169.1020 246.8494 1.4501 1.5521 3.8654 -13.8134 1.6269 21.0222 -8.4146 0.0730
Car -1 -1 -7.9645 530.7877 175.2802 558.1407 196.8956 1.4837 1.5308 3.8007 -4.5773 0.8019 51.3578 -8.0532 0.0685
Pedestrian -1 -1 -1.9500 282.6862 175.3531 297.2109 206.4399 1.7757 0.6313 0.4865 -18.3587 1.2125 41.4578 -2.3648 0.0668
Cyclist -1 -1 -7.8967 538.7711 174.0753 544.7795 198.2427 1.6633 0.3429 1.7454 -4.6496 0.8967 50.3612 -7.9887 0.0663
Car -1 -1 -7.7408 104.2258 190.5113 186.8620 246.8872 1.4578 1.5909 3.7757 -13.4434 1.6278 21.0182 -8.3044 0.0636
Car -1 -1 -7.8247 105.0468 192.2567 173.0388 248.3080 1.4366 1.5235 3.4092 -13.4848 1.6581 20.7438 -8.3956 0.0604
Car -1 -1 -2.9548 403.0077 178.9528 476.4321 204.9997 1.4162 1.5807 3.7452 -9.3264 1.0758 39.9515 -3.1829 0.0599
Car -1 -1 -2.9557 408.9530 179.1179 480.4088 204.4829 1.3933 1.5751 3.6830 -9.1404 1.0585 40.3402 -3.1774 0.0578
Car -1 -1 -2.9625 373.4107 177.8465 462.2846 206.4097 1.5375 1.6962 4.5170 -10.4608 1.1410 39.7144 -3.2187 0.0508
Car -1 -1 -2.4362 388.2748 177.2599 468.2330 205.4985 1.5276 1.6611 4.3396 -10.1807 1.0974 40.5960 -2.6807 0.0481
Car -1 -1 -4.1652 267.8983 171.0612 338.4202 207.6000 1.9058 1.7422 4.0049 -16.7229 1.1677 39.6049 -4.5626 0.0424
Car -1 -1 -5.9901 426.3910 178.3233 507.0984 205.4180 1.4630 1.5246 4.1184 -7.8043 1.0910 39.7802 -6.1829 0.0381
Car -1 -1 -3.0248 416.1369 178.8497 494.2626 205.0834 1.4249 1.5321 4.1012 -8.4678 1.0793 39.9941 -3.2324 0.0375
Car -1 -1 -5.7140 394.8082 177.3278 472.2937 204.5434 1.4764 1.5961 4.0044 -9.8172 1.0486 40.4035 -5.9511 0.0369
Car -1 -1 -3.2229 422.4284 178.7917 499.7216 205.8485 1.4679 1.5244 4.1363 -8.2648 1.1196 40.3088 -3.4241 0.0345
Car -1 -1 -7.5495 98.7689 189.7817 210.0369 244.5520 1.4179 1.6515 3.8337 -13.1405 1.5647 21.0151 -8.1029 0.0335
Cyclist -1 -1 -8.0026 537.1241 175.0822 545.5183 199.2782 1.6611 0.3499 1.5893 -4.6641 0.9656 50.1638 -8.0952 0.0327
Car -1 -1 -3.1556 372.1797 177.5861 460.9781 207.5526 1.5821 1.6885 4.6060 -10.4802 1.1794 39.3856 -3.4143 0.0316
Car -1 -1 -7.8169 522.9227 175.1373 546.6743 196.8997 1.4947 1.5499 3.7432 -5.1967 0.8026 51.2894 -7.9177 0.0292
Car -1 -1 -6.7172 428.4973 176.6900 511.7999 205.1407 1.5374 1.6672 4.3448 -7.8051 1.0769 40.7889 -6.9054 0.0253
Car -1 -1 -8.0467 534.3228 174.9304 566.7119 196.5338 1.4821 1.6249 3.6741 -4.1431 0.7767 51.3069 -8.1272 0.0240
Car -1 -1 -4.1696 240.3021 179.4845 327.9626 213.9565 1.5006 1.6639 4.4537 -15.0372 1.2513 33.6052 -4.5877 0.0236
Car -1 -1 -4.3446 278.7726 171.8245 336.3643 207.5689 1.8766 1.7114 3.6855 -16.4956 1.1737 39.6037 -4.7372 0.0220
Car -1 -1 -6.1311 391.2363 179.0130 467.3245 205.7417 1.4428 1.5407 3.8942 -9.8497 1.1081 39.7439 -6.3728 0.0198
Car -1 -1 -6.3646 436.8067 176.2085 522.1785 204.5470 1.5364 1.7273 4.5967 -7.2537 1.0482 40.3949 -6.5415 0.0190
Car -1 -1 -5.9381 407.7771 178.7136 484.4368 204.9872 1.4183 1.6090 3.8272 -8.9613 1.0675 39.8418 -6.1582 0.0171
Car -1 -1 -2.8953 380.4697 177.5359 463.5827 205.1867 1.5044 1.6522 4.1958 -10.3044 1.0867 39.9463 -3.1465 0.0155
Car -1 -1 -6.5801 431.5122 176.1578 522.4501 205.0514 1.5618 1.7365 4.7696 -7.4192 1.0724 40.7226 -6.7595 0.0144
Car -1 -1 -6.2064 434.5383 176.8468 520.5378 204.4939 1.5021 1.6622 4.6081 -7.2352 1.0476 40.1161 -6.3840 0.0141
Cyclist -1 -1 -8.0002 533.1852 174.1280 542.1802 197.9977 1.6443 0.3669 1.8063 -4.9457 0.8807 50.4402 -8.0978 0.0140
Car -1 -1 -6.0136 431.6588 176.5473 524.3508 205.4303 1.5558 1.7179 4.7650 -7.1740 1.0890 39.7961 -6.1912 0.0123
Car -1 -1 -2.7355 380.0325 177.4956 466.3007 205.6315 1.5309 1.6731 4.3780 -10.3453 1.1110 40.2790 -2.9856 0.0122
Car -1 -1 -4.8133 568.7472 174.9075 595.4504 195.8378 1.4529 1.5622 3.5868 -1.9018 0.7375 51.7838 -4.8502 0.0116
Car -1 -1 -4.2210 261.9625 171.1523 335.3222 206.9874 1.8382 1.7785 4.4399 -16.7652 1.1170 39.1656 -4.6233 0.0110
Pedestrian -1 -1 -8.1852 275.1905 172.7036 292.7538 204.2963 1.7917 0.7726 0.5802 -18.6074 1.0823 41.2447 -8.6068 0.0098
Car -1 -1 -4.5752 572.7649 174.3067 601.9493 195.6234 1.4775 1.6105 3.7112 -1.4556 0.7215 51.7581 -4.6035 0.0095
Car -1 -1 -4.8628 128.6906 175.9545 160.7099 196.5525 1.7287 1.7388 4.1616 -40.2751 0.9516 62.4676 -5.4338 0.0093
Car -1 -1 -4.1853 260.1380 169.8671 333.5961 206.9032 1.9169 1.7893 4.2629 -16.9825 1.1226 39.4305 -4.5898 0.0085
Car -1 -1 -4.6681 339.5976 180.1206 389.6499 219.7738 1.4233 1.6563 4.0447 -9.4269 1.2405 27.9738 -4.9906 0.0080
Car -1 -1 -4.8135 131.6627 175.8485 161.0658 196.8025 1.7655 1.7501 4.1841 -40.3119 0.9764 62.7499 -5.3829 0.0064
Car -1 -1 -8.1707 558.3481 176.0975 595.1879 198.0227 1.5241 1.5161 3.9118 -2.3068 0.8904 52.0663 -8.2151 0.0064
Car -1 -1 -4.6492 345.5839 178.5111 397.0156 218.6998 1.4822 1.6884 3.9801 -9.3877 1.2350 28.6486 -4.9634 0.0060
Car -1 -1 -4.3498 259.9510 172.0509 328.2187 206.5626 1.7458 1.8116 4.7020 -16.8289 1.0800 38.7526 -4.7573 0.0060
Car -1 -1 -8.2990 549.8654 176.2265 592.8021 197.9909 1.5098 1.5408 3.9577 -2.6968 0.8864 51.9740 -8.3509 0.0054
Car -1 -1 -7.9949 545.4141 174.4650 576.6686 196.8022 1.5346 1.6789 4.0317 -3.4108 0.7962 51.5332 -8.0610 0.0052
Pedestrian -1 -1 -5.2181 956.7661 161.4393 1010.1243 266.8917 1.7378 0.6122 0.5356 6.2741 1.3462 12.1259 -4.7504 0.0050
Car -1 -1 -4.6515 134.7248 176.6486 161.2965 196.5000 1.6723 1.7024 4.1207 -40.1190 0.9508 62.7721 -5.2186 0.0042
Pedestrian -1 -1 -3.9505 793.3519 160.5344 822.2770 231.1073 1.9920 0.6438 0.4860 5.7087 1.2955 20.6921 -3.6852 0.0040
Car -1 -1 -4.9569 549.3409 174.0509 584.0056 195.2276 1.4643 1.5907 3.9000 -3.0224 0.6925 51.8062 -5.0152 0.0038
Car -1 -1 -4.6510 10.7223 182.4265 44.1190 204.3072 1.4865 1.5957 3.9095 -41.0618 1.2972 50.8932 -5.3276 0.0034
Car -1 -1 -4.1996 556.1673 176.3211 592.1939 192.4089 1.5448 1.8378 4.0077 -3.2997 0.6909 71.2284 -4.2461 0.0033
Pedestrian -1 -1 -3.8431 786.8595 171.4669 814.8673 234.6376 1.7818 0.5734 0.5317 5.4972 1.3941 20.6491 -3.5867 0.0031
Pedestrian -1 -1 -3.5371 730.7807 169.7021 755.0421 236.6407 1.8941 0.5465 0.5124 3.8343 1.4553 20.6623 -3.3565 0.0029
Pedestrian -1 -1 -5.9399 81.6087 191.5954 120.8370 252.5353 1.5753 0.5007 0.7199 -13.4196 1.7470 18.9892 -6.5488 0.0026
Car -1 -1 -4.7023 139.9895 176.6252 163.5465 194.9646 1.5517 1.6961 3.5414 -39.8013 0.8250 62.7730 -5.2657 0.0021
Cyclist -1 -1 -7.3957 645.1448 175.0109 666.0329 204.5047 1.6282 0.5726 1.4973 2.6692 1.0650 40.4756 -7.3307 0.0021
Car -1 -1 -7.6344 625.2565 176.3000 663.8450 201.0529 1.3814 1.5227 3.5381 2.1611 0.8840 42.0244 -7.5838 0.0018
Car -1 -1 -7.8797 626.8127 176.6210 655.7728 200.7108 1.3464 1.5876 3.5328 1.8914 0.8662 41.9598 -7.8353 0.0016
Pedestrian -1 -1 -5.0616 973.9706 212.1210 1022.0878 309.6079 1.1320 0.4085 0.3559 4.6393 1.4639 8.6615 -4.5835 0.0015
Car -1 -1 -1.7894 129.3849 176.6248 161.5702 195.7763 1.6150 1.5857 3.7301 -40.2202 0.8907 62.4953 -2.3596 0.0013
Cyclist -1 -1 -7.5579 640.3914 174.2774 658.2684 202.9009 1.5805 0.5973 1.4972 2.3183 0.9767 40.4996 -7.5015 0.0010
Cyclist -1 -1 -7.2570 537.7364 176.3773 562.5622 202.5194 1.5201 0.5904 1.7489 -3.4414 1.0063 42.7065 -7.3373 0.0007
Pedestrian -1 -1 -5.0689 957.9022 197.5648 1009.2972 311.2929 1.3693 0.4468 0.4090 4.6053 1.5267 8.9312 -4.6058 0.0007
Cyclist -1 -1 -8.0659 522.7499 177.2473 538.4875 203.9888 1.5566 0.5726 1.7547 -4.6269 1.0929 42.7669 -8.1734 0.0004
Cyclist -1 -1 -9.0325 961.3248 166.0799 1169.3361 347.3633 1.8289 0.4318 1.9686 5.0485 1.6360 8.1704 -8.4946 0.0003
Cyclist -1 -1 -8.9720 941.1797 176.0271 1108.8494 328.1880 1.5690 0.3673 1.6470 4.6313 1.4744 8.1899 -8.4722 0.0003
Cyclist -1 -1 -7.4871 535.0381 177.9617 552.8460 204.0764 1.5232 0.4805 1.6991 -3.8206 1.1002 42.8105 -7.5760 0.0003
Cyclist -1 -1 -7.9255 532.1508 178.4408 541.3132 204.1101 1.4975 0.4241 1.6443 -4.2616 1.1024 42.7837 -8.0246 0.0003
