Car -1 -1 -7.4670 215.4279 185.1318 348.4994 254.7212 1.5143 1.6220 3.7836 -7.8288 1.5126 17.5558 -7.8811 0.9998
Car -1 -1 -7.8465 579.1162 177.0642 616.2784 212.7147 1.6523 1.7226 3.9038 -0.5178 1.2747 35.2752 -7.8615 0.9987
Car -1 -1 -7.5872 338.5358 185.7182 416.2903 232.8815 1.4638 1.5894 3.5819 -7.6904 1.4821 24.1696 -7.8924 0.9247
Car -1 -1 -7.5049 337.4482 185.6038 423.6251 232.8172 1.4671 1.5872 3.7095 -7.6033 1.4813 24.2590 -7.8058 0.8558
Car -1 -1 -7.6754 338.6330 185.9362 409.3909 232.8651 1.4552 1.6233 3.7441 -7.8529 1.4816 24.3123 -7.9850 0.7061
Car -1 -1 -7.5677 336.8249 186.0553 414.7461 232.8211 1.4509 1.5905 3.3471 -7.7144 1.4811 24.0528 -7.8752 0.6276
Car -1 -1 -7.4241 336.1984 184.4218 433.2731 232.9999 1.4987 1.6460 3.8683 -7.4314 1.4743 24.2043 -7.7192 0.5750
Car -1 -1 -7.7410 338.3434 186.4582 399.9976 233.0272 1.4369 1.5777 3.4027 -7.9656 1.4818 24.1030 -8.0573 0.5194
Cyclist -1 -1 -8.0783 493.1730 179.0514 524.7720 246.7265 1.6510 0.4192 1.7520 -2.5978 1.5008 18.4311 -8.2168 0.3025
Car -1 -1 -4.4697 202.5289 184.4677 288.2110 236.9588 1.4845 1.5132 3.6761 -11.1646 1.4635 22.2877 -4.9295 0.2124
Pedestrian -1 -1 -4.4408 495.0962 183.0444 520.3341 242.8390 1.5461 0.5257 0.5648 -2.6746 1.4901 18.9020 -4.5798 0.1992
Car -1 -1 -4.4758 194.4427 184.6619 286.4209 239.0425 1.4992 1.5902 3.9590 -11.1150 1.4841 21.9262 -4.9403 0.1648
Car -1 -1 -4.1803 179.5798 185.1096 291.7276 237.1897 1.4897 1.4737 3.5820 -11.5020 1.4868 22.3949 -4.6502 0.1631
Car -1 -1 -5.3657 182.9975 182.6826 305.9500 236.3653 1.6217 1.5777 3.7867 -11.8060 1.5454 23.2529 -5.8312 0.1560
Car -1 -1 -4.8328 229.0891 183.0742 299.6017 236.3467 1.5143 1.5460 3.7584 -10.8208 1.4536 22.4352 -5.2778 0.1512
Car -1 -1 -5.1264 213.9281 182.4915 320.8982 235.5242 1.5301 1.5881 3.9579 -10.8152 1.4516 22.6377 -5.5678 0.1475
Cyclist -1 -1 -4.8139 494.6279 178.6794 519.3177 245.4349 1.6757 0.4915 1.4571 -2.6968 1.5118 18.8108 -4.9547 0.1356
Car -1 -1 -4.7512 227.8049 184.5167 291.3064 239.0564 1.5122 1.6012 4.0008 -10.7989 1.4929 22.0729 -5.2017 0.1352
Car -1 -1 -4.5443 210.4485 183.3904 285.1113 236.7062 1.5860 1.5603 3.6658 -11.6413 1.5318 23.3629 -5.0023 0.1203
Car -1 -1 -5.3301 201.2659 183.8302 322.9127 235.6231 1.5216 1.5645 3.7877 -10.9913 1.4810 22.7220 -5.7764 0.1147
Pedestrian -1 -1 -4.3399 486.6431 181.9093 512.8097 242.9535 1.5828 0.5291 0.5218 -2.8929 1.4973 18.9524 -4.4898 0.1143
Car -1 -1 -4.9723 228.4614 184.1425 319.6220 239.0512 1.5500 1.5825 4.0516 -10.4904 1.5199 22.3557 -5.4067 0.1005
Car -1 -1 -5.8381 191.6729 182.9272 337.2366 234.3339 1.6037 1.5995 3.9438 -11.0612 1.5325 23.2350 -6.2782 0.0918
Car -1 -1 -5.5832 189.8281 183.0342 319.9295 235.4698 1.6060 1.5525 3.6294 -11.4123 1.5393 23.2137 -6.0359 0.0913
Car -1 -1 -4.0411 163.9154 184.8475 289.9342 238.8355 1.5266 1.5391 3.5789 -11.6818 1.5164 22.2306 -4.5202 0.0904
Car -1 -1 -4.5114 217.4457 184.8819 293.6835 236.6194 1.5105 1.4715 3.6254 -11.1745 1.5009 22.9257 -4.9607 0.0890
Car -1 -1 -5.7719 201.3312 183.8058 349.3128 235.2929 1.5788 1.6775 4.0001 -10.6335 1.5358 23.0455 -6.2001 0.0848
Car -1 -1 -4.3772 204.2612 184.3435 293.0027 236.6887 1.5415 1.4471 3.5179 -11.4234 1.5159 23.0023 -4.8338 0.0843
Cyclist -1 -1 -7.7545 483.7452 177.5955 506.2272 246.7044 1.6816 0.4022 1.6930 -2.9138 1.4964 18.3485 -7.9102 0.0824
Car -1 -1 -6.0689 206.7577 183.1696 357.5670 234.6040 1.5841 1.6301 4.2116 -10.4988 1.5212 23.3642 -6.4872 0.0765
Car -1 -1 -3.7192 149.0065 183.3144 292.9192 239.3209 1.5910 1.6174 3.6587 -11.9841 1.5371 22.4123 -4.2056 0.0765
Cyclist -1 -1 -4.9789 483.2499 180.1321 514.6203 244.4306 1.6225 0.4449 1.4556 -2.9211 1.4943 18.8945 -5.1305 0.0750
Pedestrian -1 -1 -7.7878 672.7903 176.6417 684.3466 208.2039 1.7171 0.5808 0.8400 3.8687 1.2508 39.5699 -7.6915 0.0677
Car -1 -1 -5.5398 194.3436 183.1622 328.6996 236.0844 1.5993 1.5616 3.8397 -11.1221 1.5374 23.0337 -5.9854 0.0664
Pedestrian -1 -1 -4.2838 486.6928 183.7296 513.1462 242.3877 1.5002 0.5262 0.4859 -2.8493 1.4623 18.6905 -4.4334 0.0664
Car -1 -1 -7.4572 210.3833 184.1662 303.0502 235.6116 1.5597 1.4865 3.4794 -11.4397 1.5280 23.5689 -7.9050 0.0636
Cyclist -1 -1 -8.0987 483.8997 179.5342 513.3679 243.7337 1.6459 0.3929 1.6346 -2.9854 1.5004 19.2588 -8.2508 0.0635
Car -1 -1 -7.7292 230.1540 183.4518 300.7417 238.2012 1.5902 1.5570 3.7522 -10.8523 1.5391 22.9039 -8.1675 0.0612
Pedestrian -1 -1 -4.2332 493.2726 180.5576 522.9899 242.8833 1.5901 0.5864 0.5321 -2.6353 1.4714 18.6882 -4.3717 0.0600
Car -1 -1 -7.1240 208.3460 184.0187 327.4744 236.8685 1.6011 1.4888 3.6562 -11.1424 1.5650 23.7433 -7.5587 0.0525
Car -1 -1 -2.4358 173.9287 183.9850 307.6902 236.0919 1.5856 1.5561 3.7033 -11.7895 1.5483 23.0660 -2.9040 0.0480
Cyclist -1 -1 -5.7717 477.5305 178.5992 545.3141 244.3375 1.6559 0.5119 1.7119 -2.5529 1.4894 18.6609 -5.9062 0.0456
Cyclist -1 -1 -7.9896 485.7670 178.4380 512.3764 245.7482 1.6536 0.4523 1.6751 -2.8635 1.4873 18.5278 -8.1411 0.0442
Car -1 -1 -2.6326 176.0339 183.8763 317.4651 235.1164 1.5620 1.5022 3.7473 -11.4076 1.5213 22.7544 -3.0929 0.0398
Car -1 -1 -2.8466 142.5530 182.9420 286.2862 237.3652 1.6366 1.5783 3.6906 -12.3825 1.5684 22.7552 -3.3404 0.0368
Pedestrian -1 -1 -3.1362 565.4901 174.0934 569.7961 195.7771 1.7313 0.5216 0.3427 -3.2350 0.8434 57.6667 -3.1924 0.0364
Pedestrian -1 -1 -6.5739 566.8182 173.4267 571.8266 195.3421 1.7489 0.4642 0.2792 -3.0998 0.8083 57.6309 -6.6278 0.0360
Car -1 -1 -7.6563 624.9355 173.5179 655.3398 195.8638 1.6758 1.6403 3.8753 2.5383 0.7987 55.9862 -7.6116 0.0358
Car -1 -1 -2.3418 160.6413 182.6902 294.2569 237.2029 1.6726 1.6605 3.8261 -12.4285 1.5953 23.4417 -2.8249 0.0357
Car -1 -1 -2.6064 153.1597 182.5981 294.2826 235.5156 1.6334 1.5779 3.7128 -12.3011 1.5528 23.0693 -3.0918 0.0350
Car -1 -1 -7.3005 206.0430 184.0724 316.0414 236.3724 1.5654 1.5119 3.6677 -11.2089 1.5313 23.4228 -7.7428 0.0333
Car -1 -1 -6.9707 207.3201 183.1939 340.5580 237.1489 1.6189 1.6352 3.7898 -10.8933 1.5584 23.6298 -7.3987 0.0292
Pedestrian -1 -1 -8.1543 473.5510 183.1851 493.9472 220.6938 1.7249 0.8135 0.5373 -5.8135 1.6317 33.4819 -8.3254 0.0289
Car -1 -1 -3.0826 156.8418 183.4083 297.9372 235.8186 1.5487 1.5190 3.8303 -11.9318 1.4954 22.7162 -3.5617 0.0265
Pedestrian -1 -1 -5.0351 816.4982 215.4353 853.7736 298.7057 1.0908 0.3759 0.3855 3.0266 1.5096 9.7592 -4.7429 0.0235
Car -1 -1 -3.7719 0.0000 192.4746 180.4821 299.9601 1.4667 1.5386 3.8667 -9.5372 1.6105 12.1606 -4.4264 0.0192
Car -1 -1 -6.9945 223.0381 181.9437 353.6791 238.5104 1.7070 1.6277 3.7975 -10.4762 1.6084 23.7561 -7.4060 0.0191
Car -1 -1 -3.4855 0.0000 190.3656 184.1810 296.3170 1.4978 1.5958 3.9377 -9.8478 1.6022 12.4543 -4.1443 0.0183
Car -1 -1 -4.8221 643.1463 182.4750 689.6434 217.3588 1.4899 1.6219 4.4831 2.5806 1.3730 32.9702 -4.7452 0.0183
Car -1 -1 -7.8641 616.5755 175.2186 636.8703 196.4899 1.6061 1.5322 3.6110 1.4387 0.8514 56.0938 -7.8390 0.0177
Car -1 -1 -4.9492 490.4615 188.5509 572.9016 250.4273 1.4051 1.4130 2.8785 -2.0271 1.4965 18.0891 -5.0597 0.0173
Car -1 -1 -8.2211 450.5140 178.0314 517.3190 214.0842 1.6558 1.7272 4.5130 -6.2023 1.3260 35.3948 -8.3937 0.0166
Car -1 -1 -7.7832 610.2952 174.6267 634.7173 196.0855 1.6161 1.6360 3.9658 1.1661 0.8188 56.1862 -7.7629 0.0155
Car -1 -1 -3.5448 0.0000 192.9533 185.3835 301.3705 1.4523 1.6517 4.1452 -9.7526 1.6072 12.1599 -4.2102 0.0152
Pedestrian -1 -1 -4.9022 822.4370 223.0121 858.3174 303.1818 1.0220 0.3831 0.3924 3.0402 1.5374 9.5835 -4.6038 0.0145
Car -1 -1 -7.7003 623.7131 174.8566 650.2145 196.0265 1.5882 1.5260 3.6144 2.2799 0.8112 55.8502 -7.6601 0.0144
Car -1 -1 -5.9967 0.0000 191.2579 168.6160 280.1630 1.4125 1.4718 3.5160 -10.1258 1.5324 12.9200 -6.6516 0.0138
Car -1 -1 -3.8170 0.0000 192.1866 192.2880 304.2485 1.5201 1.5211 3.8125 -9.1829 1.6568 12.0409 -4.4580 0.0121
Car -1 -1 -4.5575 502.9490 181.4904 548.0260 213.5699 1.5301 1.6320 4.2554 -4.1402 1.3526 36.4474 -4.6702 0.0120
Car -1 -1 -7.9705 444.5896 178.6708 489.1494 211.8998 1.5108 1.6559 4.0248 -6.9181 1.2134 34.8529 -8.1653 0.0116
Car -1 -1 -7.1917 471.2204 180.0010 551.2658 212.7959 1.5019 1.5994 4.2562 -4.6767 1.2632 35.1616 -7.3234 0.0114
Car -1 -1 -7.9938 465.2483 177.6204 513.9997 214.2509 1.6802 1.7419 4.5411 -5.9176 1.3320 35.4011 -8.1586 0.0104
Car -1 -1 -4.8227 629.4471 176.3405 654.9785 195.6604 1.4958 1.6339 3.7272 2.7093 0.8088 57.5683 -4.7763 0.0097
Car -1 -1 -6.9737 459.5724 180.6706 549.9033 214.5209 1.5640 1.6284 4.3612 -5.0380 1.3542 35.3732 -7.1145 0.0095
Car -1 -1 -1.9561 6.5120 193.8885 192.0891 283.3720 1.4567 1.5933 3.8048 -9.8135 1.6430 13.7338 -2.5675 0.0094
Pedestrian -1 -1 -7.1072 726.3033 177.7481 755.0087 228.4977 1.6448 0.7231 0.5919 4.3468 1.4029 23.7644 -6.9288 0.0091
Car -1 -1 -8.3294 439.2706 177.8710 514.4915 214.1448 1.6576 1.7344 4.5237 -6.5044 1.3221 35.1691 -8.5113 0.0088
Car -1 -1 -3.7306 0.0000 195.0858 200.2819 290.9580 1.3922 1.4978 3.6667 -9.4881 1.5957 12.8258 -4.3578 0.0082
Car -1 -1 -7.4724 461.3748 178.9986 527.0740 213.2788 1.5745 1.6879 4.3442 -5.5263 1.2891 35.3240 -7.6268 0.0072
Car -1 -1 -7.6907 582.8982 173.6815 618.8246 197.5705 1.5454 1.8470 3.7072 -0.4479 0.7994 48.4764 -7.7002 0.0071
Car -1 -1 -7.3900 480.9978 180.9568 546.9069 212.6397 1.4435 1.5725 3.9362 -4.5124 1.2496 34.8679 -7.5181 0.0069
Car -1 -1 -7.4177 575.0536 175.6731 622.4404 199.0629 1.4913 1.7210 3.7873 -0.5808 0.8830 47.9139 -7.4302 0.0068
Car -1 -1 -7.6131 584.7351 174.2233 623.7178 200.4875 1.6955 1.7668 3.8382 -0.2182 0.9860 48.4787 -7.6180 0.0068
Car -1 -1 -4.4332 633.2805 176.4831 666.4968 196.2876 1.5385 1.6367 4.0144 3.4198 0.8603 58.0104 -4.3750 0.0064
Car -1 -1 -4.7915 633.1176 177.0728 656.9919 196.4500 1.5101 1.6028 4.0379 2.9619 0.8757 58.0637 -4.7411 0.0062
Car -1 -1 -7.9458 619.3731 174.6037 642.9895 196.5327 1.6572 1.5187 3.5279 1.7818 0.8554 56.1308 -7.9146 0.0062
Car -1 -1 -4.9017 627.6056 176.6506 658.5162 197.2383 1.6002 1.7075 4.3024 2.7938 0.9346 58.1228 -4.8543 0.0058
Car -1 -1 -4.7278 642.6694 183.1037 681.2977 218.3497 1.4872 1.6280 4.3562 2.3734 1.3982 32.5526 -4.6562 0.0055
Car -1 -1 -4.4188 605.6609 172.8381 641.0582 196.5499 1.7732 1.6910 3.9239 1.2332 0.8478 55.8851 -4.3972 0.0054
Car -1 -1 -6.9448 0.0000 193.5165 211.1260 289.4140 1.4736 1.5344 3.6241 -9.5110 1.6504 13.3425 -7.5549 0.0053
Car -1 -1 -7.5965 585.2524 175.8230 623.7629 199.7677 1.5314 1.6658 3.7856 -0.1990 0.9308 48.0147 -7.6011 0.0052
Pedestrian -1 -1 -4.2383 715.0333 175.3826 739.5907 220.2204 1.5772 0.6044 0.7268 4.2430 1.2315 25.7585 -4.0772 0.0041
Car -1 -1 -3.3632 0.0000 183.7028 182.5193 286.2605 1.4966 1.6870 4.0544 -10.0505 1.4747 12.5930 -4.0266 0.0034
Car -1 -1 -7.9802 353.6805 165.1488 388.1947 189.6349 1.5453 1.6809 3.9616 -15.7142 0.2791 47.5175 -8.2980 0.0033
Car -1 -1 -7.5932 587.9520 176.1326 625.7476 201.5937 1.6408 1.6279 3.7720 -0.0438 1.0556 48.3578 -7.5946 0.0033
Car -1 -1 -7.9779 350.0698 165.5542 385.7480 189.9392 1.5318 1.7350 4.1123 -15.8726 0.2969 47.3844 -8.2996 0.0028
Car -1 -1 -7.9428 348.8080 168.3298 381.7788 192.5036 1.5145 1.6938 4.1298 -16.0051 0.4568 47.2692 -8.2677 0.0024
Car -1 -1 -4.7068 597.5020 176.1837 623.6393 202.5042 1.6569 1.6457 4.2668 0.1680 1.0885 47.3940 -4.7037 0.0024
Car -1 -1 -7.9435 352.9079 164.9034 388.3893 191.6459 1.6677 1.8317 4.3115 -15.6251 0.4012 47.1715 -8.2618 0.0024
Cyclist -1 -1 -5.1750 651.8638 173.1293 670.3702 197.4815 1.6957 0.7247 1.4683 3.7459 0.8542 50.8712 -5.1023 0.0007
