Car -1 -1 -7.4387 154.0511 189.8533 390.4316 314.0619 1.4515 1.5870 3.9720 -4.6499 1.5325 10.5422 -7.8450 1.0000
Car -1 -1 -7.2876 59.2422 178.3969 213.6214 245.4501 1.5763 1.6341 3.6545 -12.1313 1.4162 18.7281 -7.8561 0.9998
Car -1 -1 -7.6357 396.1273 185.1866 482.7028 240.5645 1.3857 1.5647 3.5945 -4.5734 1.3851 19.7896 -7.8602 0.9998
Car -1 -1 -7.5630 337.1018 181.5881 404.1632 221.8549 1.4530 1.5418 3.3587 -9.0786 1.3223 27.6367 -7.8779 0.9995
Car -1 -1 -7.6739 435.8071 178.2098 496.5521 220.4273 1.5225 1.6427 3.8299 -5.4447 1.2700 27.8487 -7.8655 0.9981
Car -1 -1 -7.8103 574.5842 174.9674 611.6088 208.9407 1.5711 1.6499 3.7324 -0.7044 1.0973 35.1277 -7.8306 0.9902
Car -1 -1 -7.1238 0.0000 189.4710 104.4052 347.8426 1.5183 1.5974 3.7944 -8.3986 1.5824 8.9001 -7.8652 0.9245
Car -1 -1 -3.9353 0.0000 192.9042 108.7353 355.7100 1.4706 1.6093 4.1291 -8.4252 1.5870 8.7763 -4.6851 0.9182
Car -1 -1 -7.3357 183.1587 185.6026 328.6247 250.1086 1.4162 1.6001 3.6288 -8.5230 1.4269 17.6734 -7.7793 0.9031
Car -1 -1 -7.6535 417.4859 172.5334 464.6697 205.9986 1.6989 1.6783 4.1024 -8.9069 1.0552 38.5653 -7.8793 0.9002
Car -1 -1 -7.2764 58.6508 178.6626 216.2358 245.6320 1.5784 1.6598 3.7308 -12.1553 1.4241 18.8161 -7.8437 0.8728
Car -1 -1 -7.6770 433.9349 178.3053 494.7378 221.0948 1.5393 1.6537 3.8008 -5.5017 1.2909 27.7742 -7.8711 0.8431
Car -1 -1 -7.8063 575.0950 175.3403 612.7205 208.9485 1.5537 1.6644 3.7418 -0.6640 1.0973 35.1270 -7.8255 0.8390
Car -1 -1 -4.9517 633.8005 177.2793 684.8287 209.7778 1.5020 1.5742 4.0372 2.4339 1.1353 35.3459 -4.8839 0.8103
Car -1 -1 -4.8663 633.6542 178.4554 676.1359 209.9060 1.4698 1.5224 3.7621 2.2418 1.1540 35.5378 -4.8042 0.8067
Car -1 -1 -7.6698 405.9050 176.8133 440.1154 198.8425 1.4985 1.6263 4.0933 -13.0787 0.9271 50.9936 -7.9200 0.7639
Car -1 -1 -7.3830 335.1272 178.8062 398.6949 208.9986 1.4506 1.6197 3.5372 -12.1610 1.1429 36.4088 -7.7034 0.7486
Car -1 -1 -7.3649 185.1844 185.4795 331.8770 251.2730 1.4444 1.6201 3.8291 -8.4809 1.4518 17.7492 -7.8051 0.7399
Car -1 -1 -7.1914 0.0000 190.5939 104.6880 351.2784 1.4948 1.5664 3.8789 -8.2526 1.5758 8.8131 -7.9289 0.7054
Car -1 -1 -4.4312 337.3404 180.3943 403.5273 221.6413 1.4812 1.5584 3.2285 -9.0299 1.3082 27.4545 -4.7464 0.7028
Car -1 -1 -7.1515 0.0000 190.4416 110.5858 336.2744 1.4819 1.5485 3.4221 -8.3194 1.5612 9.1552 -7.8746 0.6956
Car -1 -1 -7.6304 407.5282 176.3923 443.1209 198.5173 1.5052 1.6017 3.9659 -12.8929 0.9051 50.9069 -7.8775 0.6939
Car -1 -1 -7.8363 574.1263 174.3232 609.3069 209.2127 1.6151 1.6286 3.8992 -0.7893 1.1110 35.2313 -7.8590 0.6928
Car -1 -1 -7.3987 181.2863 185.7630 319.4309 250.3978 1.4263 1.6223 3.5439 -8.6639 1.4412 17.6688 -7.8488 0.6714
Car -1 -1 -8.0905 633.0170 178.5102 683.8749 210.4666 1.4700 1.5967 3.8862 2.3777 1.1617 35.1168 -8.0238 0.6612
Car -1 -1 -7.7453 417.1620 172.4158 457.6923 206.3958 1.7232 1.6738 4.1558 -9.1225 1.0743 38.6195 -7.9761 0.6367
Car -1 -1 -7.7475 405.6197 176.4649 434.7329 198.3288 1.4858 1.5887 3.8827 -13.2611 0.8913 50.8891 -8.0014 0.5792
Car -1 -1 -7.4936 336.3803 179.0072 393.3610 208.9253 1.4410 1.5576 3.6161 -12.2829 1.1421 36.4595 -7.8166 0.5632
Car -1 -1 -7.3753 163.8262 185.9184 315.7670 254.0213 1.4349 1.5929 3.8577 -8.6157 1.4537 17.1298 -7.8353 0.5377
Car -1 -1 -7.5279 335.4485 179.3065 390.9980 209.5928 1.4636 1.6242 3.5165 -12.3824 1.1782 36.4987 -7.8530 0.4995
Car -1 -1 -7.6260 419.6866 173.1227 466.1739 205.9861 1.6668 1.6080 3.7472 -8.7629 1.0536 38.3371 -7.8496 0.4896
Car -1 -1 -4.9918 634.4088 177.3875 691.4431 209.9554 1.4845 1.6335 4.2889 2.5764 1.1278 35.0327 -4.9194 0.4529
Car -1 -1 -7.3131 335.6829 178.8982 402.2605 208.6970 1.4258 1.5791 3.5608 -12.0224 1.1237 36.3066 -7.6310 0.4420
Car -1 -1 -7.6831 405.0292 175.8286 436.9590 198.0765 1.5031 1.5825 3.5656 -13.0791 0.8691 50.4085 -7.9360 0.3310
Car -1 -1 -7.3475 164.8794 185.3742 323.6426 254.1914 1.4304 1.5897 3.9585 -8.4168 1.4348 16.9694 -7.8019 0.2949
Car -1 -1 -7.8117 404.1715 176.0041 429.6280 198.2344 1.5008 1.5757 3.5762 -13.3831 0.8791 50.4459 -8.0701 0.2672
Car -1 -1 -7.8768 404.2388 176.1020 428.4586 198.5336 1.5184 1.5609 3.9482 -13.5712 0.9017 50.7745 -8.1370 0.2599
Car -1 -1 -7.5386 183.8722 182.8842 311.9154 248.9521 1.4622 1.6292 4.1702 -8.9089 1.4107 18.0857 -7.9907 0.2488
Car -1 -1 -4.5717 497.8176 174.0859 540.2816 209.1308 1.6545 1.6006 3.6524 -4.3967 1.1292 35.7790 -4.6935 0.1697
Car -1 -1 -7.6511 334.9141 178.2457 383.6588 208.9067 1.4783 1.6231 3.7221 -12.6215 1.1424 36.6071 -7.9811 0.1673
Car -1 -1 -8.2293 629.4163 179.9959 688.6491 211.5689 1.4290 1.5409 3.8044 2.3656 1.1929 34.5808 -8.1620 0.1267
Pedestrian -1 -1 -5.8873 0.0000 172.4830 26.6484 239.6982 1.7390 0.5912 0.5259 -15.8296 1.4098 18.9578 -6.5762 0.1021
Car -1 -1 -4.5642 493.0528 174.1244 537.6784 209.5007 1.6714 1.6529 3.9017 -4.5930 1.1475 35.9312 -4.6908 0.0958
Car -1 -1 -5.0375 640.6572 178.7059 699.4753 210.9882 1.4406 1.6146 3.8769 2.8551 1.1502 34.1543 -4.9552 0.0903
Car -1 -1 -4.6174 512.0180 174.0489 549.6888 208.6899 1.6429 1.5398 3.5540 -3.8265 1.1135 35.8781 -4.7233 0.0789
Car -1 -1 -8.2135 639.6163 180.2453 695.1214 211.6193 1.3916 1.4916 3.3698 2.7043 1.1713 33.7111 -8.1346 0.0575
Car -1 -1 -4.6124 519.2711 173.9511 558.8616 208.9774 1.6517 1.5929 3.7805 -3.4034 1.1207 35.7934 -4.7069 0.0491
Car -1 -1 -7.8175 491.5978 174.2000 529.4008 209.5481 1.6605 1.7190 4.2249 -4.8419 1.1432 35.9542 -7.9507 0.0437
Car -1 -1 -2.5930 288.5874 170.0563 357.7267 194.3578 1.5678 1.6783 3.9592 -18.8256 0.5900 47.5442 -2.9683 0.0397
Car -1 -1 -4.5844 492.5292 174.5361 537.4903 209.6622 1.6780 1.7307 4.2586 -4.6734 1.1680 36.4705 -4.7113 0.0390
Car -1 -1 -4.8030 535.8920 175.3234 569.9343 203.6004 1.6055 1.6877 3.6481 -3.3307 1.0440 42.7542 -4.8807 0.0378
Car -1 -1 -2.7072 290.1460 172.2720 357.2773 195.1575 1.4761 1.6003 3.7856 -18.6754 0.6414 47.2783 -3.0817 0.0353
Car -1 -1 -4.6724 399.1654 175.4171 425.5610 198.2724 1.5332 1.6345 3.5419 -13.6147 0.8760 50.1299 -4.9365 0.0335
Car -1 -1 -4.4832 497.5483 173.4283 546.5490 204.3354 1.6365 1.7716 4.4210 -4.7720 1.0126 40.3594 -4.6005 0.0334
Car -1 -1 -2.4327 290.9675 169.8692 360.9469 194.3317 1.5773 1.7020 4.2569 -18.7808 0.5879 47.8560 -2.8050 0.0297
Car -1 -1 -4.5217 501.9443 171.4994 548.5610 204.2976 1.7330 1.7382 4.7136 -4.5942 1.0084 40.4003 -4.6345 0.0263
Car -1 -1 -2.6110 297.7324 171.2687 362.0643 194.4241 1.4975 1.6040 3.6653 -18.3941 0.5957 47.5782 -2.9782 0.0230
Car -1 -1 -4.3786 506.3693 174.1634 557.4432 204.9889 1.6264 1.5841 4.0754 -4.1979 1.0434 40.0916 -4.4826 0.0221
Car -1 -1 -4.4994 669.6058 177.2180 705.7429 201.2350 1.5471 1.6605 3.7771 5.3897 1.0321 48.3612 -4.3895 0.0186
Car -1 -1 -4.7054 528.7573 174.2970 550.7194 195.7403 1.5893 1.6228 4.1987 -5.2512 0.7802 55.4412 -4.7997 0.0183
Car -1 -1 -4.5613 490.8422 173.3212 535.7170 210.2515 1.7236 1.7040 3.2830 -4.6122 1.1686 35.2088 -4.6910 0.0182
Car -1 -1 -6.6301 677.6978 177.1928 736.5125 199.0716 1.4481 1.5611 3.6336 6.6934 0.9173 48.7247 -6.4947 0.0181
Car -1 -1 -4.4597 525.2300 174.3144 558.8735 195.6100 1.5758 1.5950 4.1490 -5.0358 0.7693 55.3703 -4.5503 0.0166
Car -1 -1 -7.9040 486.3395 174.4170 528.5471 210.5015 1.6908 1.8576 4.7154 -5.1456 1.1850 36.1750 -8.0446 0.0145
Car -1 -1 -2.6228 444.1776 175.9054 538.3765 208.8288 1.5922 1.7471 4.4181 -5.9229 1.1421 36.3576 -2.7835 0.0145
Car -1 -1 -2.5464 450.7119 175.6924 540.1120 207.9331 1.5669 1.7624 4.2428 -5.7669 1.1043 36.6381 -2.7018 0.0124
Car -1 -1 -2.8985 446.2409 176.2097 539.3323 209.0391 1.5914 1.8184 4.2838 -5.7355 1.1550 35.9359 -3.0559 0.0120
Car -1 -1 -4.9134 480.2963 174.1310 532.8277 210.1971 1.7085 1.7587 4.5338 -5.2375 1.1835 36.4830 -5.0554 0.0112
Car -1 -1 -4.3870 527.9479 174.6791 564.6458 196.7375 1.6307 1.5893 4.0953 -4.7035 0.8519 55.3199 -4.4718 0.0112
Car -1 -1 -6.5220 678.4705 177.7572 737.5502 199.6299 1.4451 1.6025 3.6686 6.7107 0.9525 48.4777 -6.3856 0.0111
Car -1 -1 -4.5639 528.5920 177.6050 554.5498 196.2078 1.3784 1.4563 3.6782 -5.0647 0.8147 55.1443 -4.6554 0.0096
Car -1 -1 -7.4335 470.5798 174.2541 536.2811 211.0457 1.7279 1.7078 4.1479 -5.1776 1.2133 35.9898 -7.5758 0.0086
Car -1 -1 -2.8633 449.7807 174.8351 540.3293 207.1590 1.5793 1.8539 4.1688 -5.6840 1.0723 36.3001 -3.0178 0.0082
Car -1 -1 -4.3799 483.0208 172.8405 537.7786 209.9050 1.7256 1.7182 3.1602 -4.7484 1.1496 35.1861 -4.5134 0.0081
Cyclist -1 -1 -7.9028 651.9824 180.6163 662.3659 214.1553 1.5117 0.3970 1.5784 2.2391 1.3046 33.1942 -7.8365 0.0080
Car -1 -1 -4.7242 669.5319 175.7790 695.9171 202.1271 1.6919 1.6879 4.3029 4.9866 1.0861 48.3776 -4.6225 0.0068
Car -1 -1 -5.0131 655.5865 176.2070 692.2142 200.6863 1.5805 1.4927 3.4203 4.3748 0.9990 48.2405 -4.9236 0.0063
Car -1 -1 -4.5620 667.8013 178.0255 698.6440 202.3106 1.5557 1.5589 3.3848 5.0321 1.0952 47.8829 -4.4584 0.0060
Car -1 -1 -8.0610 675.8138 176.5510 712.1367 200.9343 1.4858 1.5702 3.6187 5.4075 0.9580 45.6778 -7.9443 0.0057
Car -1 -1 -4.3620 0.0000 164.1517 31.7959 193.8079 1.8739 1.8647 4.3206 -40.3202 0.5431 47.7708 -5.0604 0.0047
Car -1 -1 -4.9095 660.9659 175.4909 693.8574 200.9942 1.6470 1.4909 3.7258 4.6196 1.0192 48.3545 -4.8152 0.0047
Car -1 -1 -8.1167 669.6327 176.2985 710.4683 202.5660 1.5955 1.6020 3.9333 5.1560 1.0540 45.7293 -8.0055 0.0042
Car -1 -1 -4.0567 0.0000 165.5916 44.7454 197.5753 2.0206 1.8492 4.5479 -40.0420 0.7810 47.7225 -4.7523 0.0041
Pedestrian -1 -1 -4.9406 866.4484 211.4205 940.2352 364.9351 1.3370 0.5068 0.5763 2.6767 1.5927 6.6903 -4.5747 0.0038
Car -1 -1 -4.6619 164.8827 172.1162 187.0134 188.5510 1.5304 1.6297 3.7496 -41.4103 0.3107 68.9752 -5.2011 0.0035
Pedestrian -1 -1 -4.4902 835.8831 171.7756 868.1190 252.8129 1.6464 0.5435 0.4911 5.0314 1.3735 14.9549 -4.1717 0.0033
Car -1 -1 -5.9147 679.5792 175.7429 751.6035 202.3671 1.5644 1.5804 4.0547 6.5447 1.0079 43.9241 -5.7681 0.0032
Car -1 -1 -6.1400 681.0928 176.0669 750.2693 201.6332 1.5270 1.5668 4.0319 6.6252 0.9807 44.2623 -5.9928 0.0029
Car -1 -1 -6.5856 680.5083 177.8225 747.7877 200.7343 1.3954 1.5142 3.8743 6.5867 0.9453 44.8335 -6.4410 0.0024
Car -1 -1 -4.1649 528.3575 176.7038 565.0777 194.1669 1.5279 1.6250 3.6836 -5.4907 0.7833 64.9068 -4.2493 0.0023
Car -1 -1 -7.7210 151.0647 168.8811 179.6039 187.5560 1.6830 1.7097 4.2910 -41.2569 0.2111 67.0924 -8.2707 0.0022
Car -1 -1 -7.7965 151.4856 168.8137 175.0925 186.9615 1.6320 1.6337 4.0120 -41.2764 0.1571 66.7979 -8.3484 0.0017
Car -1 -1 -4.6773 162.9960 170.6258 183.9917 187.1319 1.5309 1.5855 3.6619 -41.4563 0.1779 68.6572 -5.2190 0.0017
Pedestrian -1 -1 -4.0185 995.3763 150.7482 1071.7863 287.6822 1.9304 0.5879 0.8082 6.1879 1.4446 10.5508 -3.5000 0.0016
Car -1 -1 -4.1185 0.0000 163.9419 43.0233 192.9495 1.8521 1.8120 4.1111 -40.1337 0.4940 48.0335 -4.8120 0.0016
Car -1 -1 -4.6395 158.8387 170.1789 182.1399 187.4624 1.5908 1.6158 3.7553 -41.4638 0.2069 68.2040 -5.1842 0.0014
Car -1 -1 -4.6287 155.1694 169.6794 180.0367 187.2037 1.5936 1.6570 4.0341 -41.3304 0.1809 67.5453 -5.1763 0.0014
Car -1 -1 -4.7712 524.5944 174.9055 544.2811 193.2731 1.6079 1.5508 3.6519 -6.6501 0.7055 64.8559 -4.8733 0.0013
Cyclist -1 -1 -8.5096 818.9707 174.5834 888.9054 256.1261 1.5932 0.4639 1.6244 5.0137 1.3856 14.8882 -8.1909 0.0010
Car -1 -1 -4.2134 0.0000 163.7783 44.7313 194.5263 1.9642 1.8858 4.3671 -40.1383 0.5949 48.2455 -4.9048 0.0008
