Car -1 -1 -8.0570 695.7518 190.4242 799.9385 260.9972 1.3613 1.5448 3.4684 2.9193 1.4892 15.8780 -7.8788 1.0000
Car -1 -1 -7.5966 369.4501 183.1121 489.8756 265.0901 1.5450 1.6352 3.4643 -3.6981 1.5056 15.2995 -7.8301 0.9998
Car -1 -1 -7.6916 451.1409 182.4957 521.5527 233.6467 1.5210 1.6121 4.0817 -3.8999 1.4403 23.4180 -7.8552 0.9996
Car -1 -1 -7.7325 489.0642 182.2047 532.9432 215.3029 1.4951 1.6375 3.7189 -4.6012 1.3593 34.3410 -7.8651 0.9995
Car -1 -1 -7.3700 155.5240 187.7386 316.1043 264.5347 1.4564 1.5793 3.5561 -7.8971 1.5174 15.5446 -7.8333 0.9994
Car -1 -1 -7.9764 643.1028 180.9390 687.4047 213.1229 1.4836 1.6676 3.9982 2.7173 1.2866 35.1722 -7.9004 0.9991
Car -1 -1 -7.2019 0.0000 197.1482 311.2541 375.0000 1.5211 1.6211 3.8751 -3.5840 1.6297 4.5831 -7.8377 0.9954
Car -1 -1 -7.6662 439.8551 173.8679 479.0896 201.2392 1.5777 1.6164 3.9088 -8.9279 0.9237 43.4001 -7.8681 0.9899
Car -1 -1 -7.5686 336.5233 181.9441 412.4222 226.4176 1.4724 1.5710 3.7713 -8.2837 1.3642 25.7031 -7.8777 0.9720
Car -1 -1 -7.8062 587.2820 178.4586 612.7035 200.9002 1.5365 1.6304 3.8773 -0.5421 1.0740 51.1845 -7.8172 0.9653
Car -1 -1 -7.3677 153.1687 187.4172 317.8186 264.9062 1.4687 1.5884 3.7133 -7.9221 1.5224 15.6061 -7.8308 0.9340
Car -1 -1 -7.6459 402.1293 183.4620 452.6194 217.3653 1.5501 1.6667 3.5143 -8.6685 1.4701 34.6521 -7.8896 0.9240
Car -1 -1 -7.7343 490.7887 182.2834 533.3961 215.2575 1.4897 1.6051 3.4896 -4.5396 1.3574 34.2300 -7.8655 0.8738
Car -1 -1 -7.6423 440.1725 174.4026 480.5752 202.2529 1.6062 1.6143 3.8505 -8.8719 0.9828 43.3934 -7.8431 0.8391
Car -1 -1 -7.7910 587.5211 178.3527 613.4601 200.5615 1.5186 1.6146 3.7278 -0.5064 1.0495 51.0595 -7.8013 0.8316
Car -1 -1 -7.9808 642.4574 180.8356 687.3133 213.0459 1.4842 1.6725 4.0492 2.6993 1.2826 35.1894 -7.9053 0.8162
Car -1 -1 -7.8462 522.9434 180.9280 547.5991 204.0574 1.4357 1.5253 3.7608 -4.7076 1.1697 46.5639 -7.9468 0.8046
Car -1 -1 -7.8078 586.1695 178.4060 611.4631 200.6924 1.5254 1.6239 3.9681 -0.6255 1.0595 51.2129 -7.8204 0.7839
Car -1 -1 -7.6881 439.4687 173.6223 476.2952 200.8064 1.5690 1.5842 3.6994 -9.0229 0.9000 43.3683 -7.8923 0.7747
Car -1 -1 -7.6714 400.8625 183.7949 449.8617 217.3289 1.5292 1.6655 3.5489 -8.7540 1.4646 34.6047 -7.9177 0.7644
Car -1 -1 -4.0131 0.0000 198.5310 307.7639 375.0000 1.5228 1.6806 4.4249 -3.6366 1.6430 4.2508 -4.6901 0.7390
Car -1 -1 -7.5873 403.6832 183.6461 458.0980 217.5672 1.5506 1.6592 3.5829 -8.5001 1.4790 34.6737 -7.8264 0.7218
Car -1 -1 -7.5688 574.9821 180.1831 605.2152 199.5951 1.5164 1.5230 3.4870 -1.4119 1.1234 58.0356 -7.5934 0.7073
Car -1 -1 -7.6317 441.2906 174.5079 481.1783 202.0632 1.5882 1.5688 3.7349 -8.8072 0.9712 43.3179 -7.8314 0.6999
Car -1 -1 -7.6317 574.2399 180.3149 601.4943 199.3700 1.4892 1.4923 3.3777 -1.5933 1.1064 57.9830 -7.6595 0.6664
Car -1 -1 -7.8673 521.1354 180.5780 545.9676 203.0698 1.3956 1.5360 3.5926 -4.8499 1.1080 46.4774 -7.9711 0.6144
Car -1 -1 -7.6551 334.8268 178.9681 406.1654 225.0772 1.5254 1.6688 3.9811 -8.4736 1.3189 25.8554 -7.9691 0.5974
Car -1 -1 -7.5079 337.7765 180.4605 421.6098 226.2902 1.5209 1.6149 3.9594 -8.1368 1.3632 25.8690 -7.8100 0.5845
Car -1 -1 -7.8314 588.0063 177.0471 611.4112 200.3275 1.5901 1.5827 3.1955 -0.5652 1.0323 50.7063 -7.8429 0.5377
Car -1 -1 -7.7897 524.0949 180.3357 551.4726 203.8541 1.4603 1.5238 3.8391 -4.5235 1.1574 46.5779 -7.8864 0.5145
Car -1 -1 -7.5192 576.1981 180.5764 608.2307 199.5247 1.4791 1.5404 3.4421 -1.2402 1.1171 57.9893 -7.5409 0.5059
Car -1 -1 -4.7407 617.8905 178.3434 636.3380 195.0430 1.5642 1.6583 4.0337 1.8329 0.9206 69.3514 -4.7148 0.4807
Car -1 -1 -8.0664 534.6014 178.3918 563.2598 198.4253 1.5026 1.5105 3.4910 -4.6150 0.9909 55.8060 -8.1489 0.3968
Car -1 -1 -4.8216 614.8801 178.3192 635.3773 194.5832 1.5209 1.5765 3.6399 1.6362 0.8762 69.1051 -4.7984 0.3927
Car -1 -1 -7.5862 572.5546 179.6712 602.4840 199.1698 1.5113 1.5493 3.4163 -1.6077 1.0817 57.5593 -7.6144 0.3601
Car -1 -1 -7.9330 515.9210 180.1871 545.0725 203.4643 1.4418 1.5750 3.7972 -5.0631 1.1305 46.5368 -8.0411 0.3332
Car -1 -1 -7.9015 522.5576 181.2630 548.5211 203.8851 1.3953 1.5051 3.0018 -4.6665 1.1517 45.9342 -8.0025 0.3319
Car -1 -1 -7.7284 538.7986 178.1887 565.0468 198.4910 1.5240 1.5773 3.7637 -4.3259 0.9967 55.8796 -7.8057 0.3088
Car -1 -1 -4.6854 685.7518 181.6934 715.9758 209.4235 1.5139 1.6236 4.0932 5.3704 1.3218 41.3923 -4.5577 0.2684
Car -1 -1 -7.3967 576.4560 179.6880 614.7817 199.1509 1.5141 1.5553 3.8464 -0.9593 1.0842 57.9935 -7.4136 0.2662
Pedestrian -1 -1 -6.0494 207.4832 170.9568 234.6935 233.3170 1.7933 0.5826 0.5807 -11.3506 1.3834 21.0277 -6.5393 0.2482
Car -1 -1 -4.8000 613.9080 178.5169 635.4661 195.1095 1.5546 1.6966 4.4483 1.5989 0.9272 69.6276 -4.7776 0.2160
Car -1 -1 -4.8128 516.8218 180.3596 546.5451 203.5246 1.4184 1.5619 3.2121 -4.8979 1.1213 45.7493 -4.9192 0.1996
Car -1 -1 -7.8886 618.8060 178.5045 635.8231 194.2124 1.4722 1.5139 3.3244 1.8499 0.8434 69.0441 -7.8624 0.1993
Car -1 -1 -4.6947 688.7991 182.9941 719.0115 209.6192 1.4543 1.6407 4.1674 5.5431 1.3331 41.4462 -4.5631 0.1940
Car -1 -1 -4.6147 618.2745 178.3439 639.9742 194.9223 1.5515 1.6920 4.2764 2.0877 0.9085 69.5018 -4.5852 0.1841
Car -1 -1 -8.1041 528.5560 178.3612 558.6514 198.3941 1.4988 1.4854 3.5497 -5.0203 0.9861 55.7020 -8.1940 0.1598
Pedestrian -1 -1 -6.0216 211.0381 171.4296 238.3090 234.2706 1.8088 0.5693 0.5755 -11.2485 1.4121 21.0324 -6.5076 0.1554
Car -1 -1 -7.8427 619.8568 178.5021 636.3318 194.3748 1.4871 1.5437 3.5876 1.9659 0.8583 69.1722 -7.8148 0.1550
Car -1 -1 -4.7290 684.6439 179.7134 713.9114 209.4457 1.6302 1.5942 3.9358 5.2057 1.3286 41.4551 -4.6054 0.0920
Car -1 -1 -4.7295 685.9211 181.0233 715.3304 208.9014 1.5106 1.5810 3.9600 5.2245 1.2836 41.0050 -4.6041 0.0853
Car -1 -1 -3.2967 330.3090 168.6481 406.2143 197.9661 1.6280 1.7511 3.9457 -13.8832 0.7082 41.5994 -3.6171 0.0843
Car -1 -1 -4.5571 571.1411 179.3414 598.5897 199.2550 1.5037 1.5656 3.9146 -1.7772 1.0603 56.3206 -4.5889 0.0746
Car -1 -1 -2.6958 373.8275 184.6160 458.4066 218.0006 1.5226 1.6201 3.4988 -9.0475 1.4954 33.9049 -2.9550 0.0683
Pedestrian -1 -1 -5.7075 122.5566 179.7188 159.7683 249.7272 1.6694 0.5671 0.5333 -11.3530 1.5384 17.4260 -6.2782 0.0612
Car -1 -1 -3.1763 331.9502 168.9109 405.9212 197.4474 1.6030 1.7279 4.0146 -13.9416 0.6873 41.8873 -3.4959 0.0578
Car -1 -1 -6.3058 394.7989 184.0645 479.1593 217.9055 1.5380 1.6427 3.7865 -8.0916 1.4859 33.9437 -6.5385 0.0569
Car -1 -1 -7.9798 527.1697 178.0540 552.8804 198.1985 1.5021 1.5222 3.6919 -5.2848 0.9683 55.5712 -8.0746 0.0544
Car -1 -1 -6.1457 387.5202 184.9433 480.4138 217.8443 1.4965 1.6339 4.0474 -8.1206 1.4843 33.7077 -6.3807 0.0494
Car -1 -1 -2.8010 370.2390 184.9713 456.6029 217.4302 1.4844 1.4452 3.6398 -9.1226 1.4734 33.7376 -3.0635 0.0410
Car -1 -1 -5.0584 669.0056 180.5578 717.6445 208.6203 1.5308 1.5167 3.9349 4.8267 1.2769 41.3023 -4.9434 0.0351
Car -1 -1 -4.7845 710.8381 181.4730 749.5668 212.5426 1.4022 1.5373 3.8285 5.7736 1.2335 34.4205 -4.6201 0.0322
Car -1 -1 -6.6269 539.6135 177.4217 593.9091 199.5071 1.6499 1.6131 3.8433 -3.1673 1.0678 55.1958 -6.6844 0.0300
Cyclist -1 -1 -7.7771 683.6102 179.1984 690.9533 205.5738 1.6382 0.3335 1.7440 5.0145 1.2646 45.5376 -7.6686 0.0267
Car -1 -1 -6.4881 539.8965 177.7497 593.6126 199.8528 1.6508 1.6484 3.8460 -3.1672 1.0933 54.9836 -6.5457 0.0260
Car -1 -1 -4.9523 527.8652 178.8083 557.3824 199.2112 1.5196 1.5105 3.3344 -5.0631 1.0425 55.3612 -5.0434 0.0243
Cyclist -1 -1 -7.7969 684.2520 180.1360 691.9142 206.5101 1.6228 0.3919 1.5676 5.0085 1.3104 45.0359 -7.6873 0.0233
Cyclist -1 -1 -7.7399 683.7025 179.8303 691.9482 205.6646 1.5995 0.3448 1.5601 5.0230 1.2663 45.3071 -7.6306 0.0160
Car -1 -1 -4.9364 520.1678 177.3669 551.3398 197.7439 1.5173 1.6249 3.6280 -5.6110 0.9330 55.5067 -5.0370 0.0157
Pedestrian -1 -1 -8.3010 873.5576 172.2926 903.8768 232.3727 1.8404 0.6811 0.6055 8.6839 1.4447 22.3497 -7.9351 0.0150
Car -1 -1 -6.2705 485.7924 180.3190 550.9879 203.8508 1.4519 1.5467 4.0124 -5.6450 1.1499 45.3428 -6.3941 0.0129
Car -1 -1 -5.4316 705.9799 180.5721 789.2063 214.0768 1.4157 1.5059 3.8541 6.1941 1.2196 32.4164 -5.2448 0.0127
Cyclist -1 -1 -7.5398 686.0027 178.1837 700.9399 204.8995 1.6626 0.3714 1.9198 5.4284 1.2251 45.6855 -7.4227 0.0117
Car -1 -1 -3.0617 479.2124 180.2675 547.9414 203.3876 1.4342 1.6568 4.1973 -5.9472 1.1274 45.5242 -3.1913 0.0097
Car -1 -1 -5.0091 631.7001 178.6536 671.6768 199.7964 1.3800 1.5855 4.1000 2.9259 0.9519 49.1001 -4.9503 0.0091
Car -1 -1 -5.2332 706.9081 181.8893 779.2438 214.9567 1.3896 1.5135 3.7337 5.9516 1.2500 32.2208 -5.0525 0.0081
Pedestrian -1 -1 -6.2058 624.8354 176.4750 641.6288 210.1916 1.9136 0.6060 0.9178 1.4304 1.4177 41.1516 -6.1717 0.0081
Car -1 -1 -6.6278 519.3089 180.7894 590.2527 205.2307 1.5086 1.6593 4.2132 -3.4111 1.2356 45.9850 -6.7019 0.0079
Car -1 -1 -5.3316 706.0044 181.5421 790.0886 215.1620 1.4005 1.5409 4.1698 6.1467 1.2476 32.1608 -5.1448 0.0077
Car -1 -1 -4.8609 711.6965 181.6050 763.3804 216.8138 1.4333 1.5602 4.4567 5.5695 1.2864 31.5094 -4.6879 0.0076
Car -1 -1 -5.1265 707.1289 182.2179 778.7959 215.1834 1.3623 1.5313 4.2388 5.8765 1.2386 31.9455 -4.9466 0.0074
Car -1 -1 -4.7049 637.6154 176.8936 661.8789 198.3918 1.4187 1.6001 4.1389 2.8812 0.8696 49.5543 -4.6476 0.0072
Car -1 -1 -4.8010 707.3870 183.1070 746.7449 213.8296 1.3782 1.5002 3.7680 5.5839 1.2838 34.1813 -4.6408 0.0069
Car -1 -1 -6.5649 523.0558 179.8728 597.9702 204.6915 1.5352 1.7023 4.4901 -3.0540 1.2048 46.0308 -6.6312 0.0062
Cyclist -1 -1 -7.9961 677.5562 178.6989 688.0151 204.9391 1.6279 0.3906 1.8899 4.7199 1.2238 45.5490 -7.8939 0.0061
Car -1 -1 -4.8365 631.1478 178.8183 662.3250 199.4387 1.3445 1.6079 4.1629 2.5889 0.9276 49.0066 -4.7844 0.0060
Car -1 -1 -4.5319 632.8530 176.5841 665.9664 197.7476 1.4102 1.6103 4.0173 2.9163 0.8352 50.0410 -4.4744 0.0048
Car -1 -1 -6.4066 520.7023 180.8250 594.4141 205.2113 1.5100 1.7005 4.5060 -3.2446 1.2383 45.7800 -6.4774 0.0040
Car -1 -1 -4.7715 706.1070 181.0976 750.6448 217.9250 1.4943 1.6266 4.7044 5.1874 1.3274 31.5913 -4.6107 0.0037
Car -1 -1 -6.2908 527.4388 179.7378 601.2158 205.4199 1.5934 1.7493 4.5855 -2.7840 1.2537 45.6297 -6.3519 0.0034
Car -1 -1 -4.9534 709.4506 183.9231 763.2150 217.3367 1.4007 1.4749 3.8126 5.6321 1.3467 32.0878 -4.7816 0.0033
Car -1 -1 -4.5221 635.2136 177.6555 670.0445 197.6483 1.2408 1.5553 3.8849 2.9287 0.7717 46.6875 -4.4602 0.0031
Car -1 -1 -4.5977 691.5704 181.4968 737.5167 220.1584 1.5705 1.5214 4.2256 4.6908 1.4196 31.4394 -4.4513 0.0029
Car -1 -1 -3.7809 435.7780 178.0549 509.5067 204.6669 1.8116 2.0265 4.9549 -9.6337 1.3243 51.4415 -3.9655 0.0020
Cyclist -1 -1 -7.7456 680.2561 180.2597 688.4131 205.1420 1.5386 0.3470 1.5652 4.7971 1.2323 45.2520 -7.6411 0.0019
Cyclist -1 -1 -8.3632 864.8177 170.9604 914.0146 233.0216 1.8569 0.6867 1.6770 8.6995 1.4305 22.3875 -7.9972 0.0015
Car -1 -1 -4.5082 322.2098 177.8362 384.5810 223.1461 1.6625 1.4730 4.3689 -10.0757 1.3919 28.6376 -4.8439 0.0013
Car -1 -1 -4.4639 314.9425 180.3782 377.5097 221.7802 1.5178 1.3265 4.1990 -10.3185 1.3406 28.5074 -4.8085 0.0011
Car -1 -1 -4.0067 441.4060 178.6078 508.4064 206.0838 1.8551 2.0967 4.7625 -9.3991 1.4091 51.1215 -4.1881 0.0008
Car -1 -1 -4.1878 451.5247 179.1352 509.4171 205.4808 1.7776 1.9993 4.6193 -8.9827 1.3675 51.0149 -4.3616 0.0007
