Car -1 -1 -2.6451 76.4629 174.9012 359.3740 259.5695 1.4595 1.6610 4.3368 -7.1437 1.4994 13.3367 -3.1290 0.9998
Car -1 -1 -4.5482 455.4781 172.9678 543.8344 243.7438 1.7219 1.7052 4.1638 -2.9297 1.7250 19.6570 -4.6950 0.9996
Cyclist -1 -1 -4.5942 574.5374 172.8825 601.8301 238.7992 1.7531 0.5644 1.7222 -0.6411 1.7537 20.0731 -4.6266 0.9979
Car -1 -1 -7.7216 513.2742 179.0909 568.1765 222.3295 1.5030 1.6090 3.6795 -2.6159 1.7565 27.4897 -7.8162 0.9967
Car -1 -1 -7.9780 707.2601 186.6105 832.2161 293.5551 1.4737 1.5698 3.4622 2.4884 1.7397 12.1844 -7.7825 0.9944
Car -1 -1 -8.1365 759.5558 183.4968 989.5771 373.6475 1.5509 1.4647 2.4418 2.4076 1.6760 7.2618 -7.8299 0.9889
Car -1 -1 -8.1098 768.9649 182.4369 989.6896 374.0000 1.5718 1.4257 2.4605 2.4713 1.6852 7.2954 -7.7969 0.9871
Car -1 -1 -4.7644 639.5557 177.1401 670.6998 203.2405 1.5102 1.6945 4.0118 2.6998 1.7857 44.4218 -4.7046 0.9742
Car -1 -1 -2.6442 73.2690 175.4621 361.0073 260.2081 1.4564 1.6687 4.4125 -7.1435 1.5073 13.3157 -3.1286 0.8624
Car -1 -1 -4.5390 453.0008 172.2977 544.1354 242.7539 1.7145 1.7301 4.2852 -2.9620 1.7006 19.7218 -4.6869 0.8184
Car -1 -1 -7.6887 509.8159 178.8464 569.1995 222.4472 1.5100 1.6365 3.8751 -2.6572 1.7548 27.5246 -7.7847 0.7944
Car -1 -1 -4.7823 637.8442 177.0904 670.4583 203.1012 1.5000 1.7035 4.1355 2.6331 1.7724 44.3645 -4.7239 0.7861
Car -1 -1 -4.6958 641.2665 176.4656 669.9476 202.5714 1.5149 1.6868 4.0777 2.8101 1.7481 44.5491 -4.6337 0.7649
Car -1 -1 -4.7605 640.9535 176.8317 672.0016 203.1674 1.5189 1.6942 4.0777 2.7732 1.7740 44.2826 -4.6989 0.7595
Car -1 -1 -4.7857 638.5110 176.8996 670.4697 203.2189 1.5170 1.6554 3.9644 2.6463 1.7757 44.1954 -4.7268 0.7242
Car -1 -1 -7.9438 637.0033 175.5504 670.6667 202.2335 1.5686 1.7183 4.0928 2.6465 1.7439 44.9089 -7.8858 0.5249
Car -1 -1 -7.6217 573.7757 173.7039 603.6913 192.7461 1.5995 1.7049 4.1460 -1.8422 1.6760 63.0053 -7.6512 0.3261
Pedestrian -1 -1 -8.0119 461.3677 173.7857 481.3113 222.4338 1.7451 0.6351 0.5420 -5.0945 1.7792 26.2595 -8.2023 0.2905
Car -1 -1 -7.7283 572.2698 172.4994 598.4506 192.2052 1.6635 1.7642 4.3232 -2.1423 1.6333 63.1434 -7.7624 0.2765
Car -1 -1 -7.5777 574.9857 174.4112 604.5688 192.5840 1.5202 1.5812 3.8638 -1.7489 1.6598 62.7787 -7.6058 0.2413
Car -1 -1 -7.7623 637.5389 173.5943 660.7855 192.6060 1.5881 1.6528 4.0569 3.4022 1.6542 62.5649 -7.7086 0.2130
Car -1 -1 -7.5420 574.8198 173.5196 608.4538 192.5496 1.5947 1.7086 4.2595 -1.5828 1.6545 62.9085 -7.5674 0.2054
Car -1 -1 -7.6634 638.6902 173.5035 665.9377 192.5068 1.5860 1.6244 4.0447 3.6760 1.6439 62.5260 -7.6053 0.1959
Car -1 -1 -4.6178 574.5626 174.0040 596.4475 192.1376 1.5225 1.5582 3.7398 -2.1260 1.6252 62.7358 -4.6519 0.1875
Pedestrian -1 -1 -7.8323 459.1957 173.5600 476.7110 222.0409 1.7399 0.6133 0.5635 -5.2069 1.7656 26.2347 -8.0269 0.1811
Pedestrian -1 -1 -8.1047 395.4304 185.5538 414.3186 221.6566 1.7043 0.7623 0.5555 -9.9339 2.3241 34.7969 -8.3813 0.1479
Car -1 -1 -7.8584 635.9679 173.4779 655.8258 192.6860 1.6090 1.6660 3.9460 3.0767 1.6645 62.5792 -7.8098 0.1475
Car -1 -1 -4.4339 587.2816 175.2482 613.5133 190.3640 1.4344 1.5665 3.9526 -0.9360 1.6776 71.2529 -4.4473 0.1233
Car -1 -1 -4.9089 584.7838 175.2858 608.2083 190.5540 1.4484 1.5823 3.8540 -1.3782 1.6948 71.1540 -4.9285 0.1209
Car -1 -1 -7.9143 630.9075 173.5841 652.6910 192.9644 1.6237 1.6477 3.8854 2.7038 1.6886 62.5536 -7.8717 0.1041
Pedestrian -1 -1 -7.6597 276.1171 162.1048 305.9715 224.4951 1.8045 0.7000 0.6013 -9.4299 1.4933 21.2381 -8.0733 0.1031
Pedestrian -1 -1 -7.6527 275.4228 162.2145 304.5846 224.6202 1.7956 0.6640 0.6495 -9.4206 1.4892 21.1484 -8.0674 0.0921
Car -1 -1 -3.6028 629.1475 174.3448 678.9044 193.5712 1.6060 1.6414 3.9529 3.7615 1.7370 62.0361 -3.5429 0.0839
Car -1 -1 -5.1363 576.9446 174.5952 607.3766 189.9078 1.4536 1.5866 3.7509 -1.8023 1.6295 70.9910 -5.1620 0.0745
Pedestrian -1 -1 -4.1916 1185.0269 139.9338 1241.0000 267.2975 1.8515 0.5951 0.4889 9.0813 1.3726 10.8544 -3.5086 0.0713
Car -1 -1 -4.7090 571.9324 171.5907 592.5217 191.6217 1.6941 1.7410 4.3077 -2.4511 1.5870 63.2083 -4.7479 0.0644
Car -1 -1 -4.2861 589.1368 175.1780 619.6430 190.4201 1.4454 1.5386 3.8926 -0.5410 1.6811 71.1537 -4.2940 0.0546
Pedestrian -1 -1 -7.8889 415.5526 173.3221 432.8420 217.8376 1.8211 0.6737 0.5896 -7.7466 1.8405 29.9037 -8.1407 0.0545
Car -1 -1 -7.7664 544.1859 175.4660 566.9236 194.5005 1.5150 1.5590 3.7690 -4.5117 1.7382 59.8437 -7.8417 0.0539
Pedestrian -1 -1 -4.4402 1197.7568 134.5870 1241.0000 260.2713 1.7959 0.5389 0.5202 9.0706 1.2488 10.6799 -3.7499 0.0436
Pedestrian -1 -1 -8.0842 421.3593 174.8035 439.3297 217.6534 1.7513 0.6090 0.5701 -7.4947 1.8329 29.9183 -8.3280 0.0333
Car -1 -1 -4.2202 592.5671 174.2236 624.8343 189.6801 1.4713 1.5688 3.8062 -0.1175 1.6098 71.0936 -4.2221 0.0252
Car -1 -1 -4.3977 598.2267 174.2762 626.5532 189.9258 1.4867 1.5993 4.1204 0.2505 1.6310 71.1537 -4.3946 0.0252
Car -1 -1 -7.6436 545.6491 175.5150 574.2780 194.4473 1.5063 1.6059 3.8614 -4.1506 1.7347 59.9995 -7.7128 0.0249
Pedestrian -1 -1 -6.7970 1131.3425 151.1690 1175.3115 228.2398 1.8364 0.6762 0.5962 13.1632 1.3194 17.5640 -6.1622 0.0234
Car -1 -1 -3.4364 623.2155 173.8740 676.8487 193.7717 1.6673 1.7153 4.2826 3.4003 1.7565 61.9416 -3.3823 0.0234
Car -1 -1 -3.2958 630.1786 174.2795 678.6056 193.8628 1.6447 1.6246 3.9306 3.7529 1.7683 61.7359 -3.2358 0.0228
Car -1 -1 -2.6421 380.9311 176.1111 466.8094 214.9102 1.5877 1.6519 3.1578 -7.9932 1.7323 30.9131 -2.8935 0.0228
Car -1 -1 -2.7155 350.5498 174.4239 453.2127 213.5090 1.6014 1.6551 3.8667 -8.8758 1.6704 30.7535 -2.9946 0.0203
Pedestrian -1 -1 -3.2949 785.0455 172.9870 802.9099 237.6865 1.6470 0.4984 0.3718 4.6970 1.6502 18.6333 -3.0525 0.0202
Car -1 -1 -2.7408 364.9399 173.9504 456.3704 214.5344 1.6708 1.5715 3.4157 -8.5081 1.7188 30.7650 -3.0088 0.0190
Car -1 -1 -2.3976 519.3494 174.5742 571.9028 193.6995 1.5262 1.6882 4.3526 -5.3964 1.6735 59.9319 -2.4873 0.0177
Car -1 -1 -7.7812 400.4375 174.5108 443.3210 212.0301 1.5420 1.5820 3.1654 -8.2059 1.6179 31.5028 -8.0344 0.0173
Pedestrian -1 -1 -4.2454 49.2687 158.6169 98.8261 246.0003 1.6233 0.4855 0.7211 -10.2901 1.3585 13.7992 -4.8771 0.0149
Car -1 -1 -3.0594 624.7139 175.2243 674.5587 194.3299 1.5932 1.5962 4.1271 3.3718 1.7985 61.5061 -3.0053 0.0143
Pedestrian -1 -1 -7.9871 1127.9579 150.5853 1164.2267 226.7935 1.8361 0.6424 0.5695 13.1542 1.2993 17.7872 -7.3585 0.0139
Pedestrian -1 -1 -7.6013 674.5172 174.2287 686.1740 197.8025 1.7850 0.6969 0.8578 5.3574 1.8909 55.2191 -7.5056 0.0128
Car -1 -1 -2.6447 357.3122 174.6949 455.1604 213.5923 1.5967 1.6373 3.7067 -8.7548 1.6784 30.9414 -2.9186 0.0127
Car -1 -1 -4.6195 489.6944 175.1857 529.6429 205.9106 1.5611 1.7735 4.0161 -5.4071 1.6935 39.0172 -4.7567 0.0122
Car -1 -1 -6.3481 617.0519 175.2382 668.5475 193.3992 1.5260 1.5901 4.3013 2.7530 1.7323 61.6892 -6.3041 0.0122
Car -1 -1 -4.6874 496.0504 174.6193 532.2175 208.8427 1.7550 1.8534 4.2086 -5.2203 1.8565 39.4174 -4.8187 0.0118
Pedestrian -1 -1 -7.5985 1133.1022 145.9229 1175.0029 225.3512 1.9075 0.6923 0.6320 13.3651 1.2604 17.7960 -6.9626 0.0115
Car -1 -1 -2.7835 361.0316 175.3997 455.6543 214.4508 1.5969 1.5914 3.5280 -8.5468 1.7078 30.5752 -3.0542 0.0112
Car -1 -1 -4.2495 472.8766 175.9411 535.8840 207.0350 1.5822 1.7878 4.0260 -5.7258 1.7596 39.3415 -4.3935 0.0109
Car -1 -1 -4.4713 495.5533 176.5486 534.8101 204.2114 1.4726 1.3997 3.5070 -5.3427 1.6901 40.7170 -4.6014 0.0101
Car -1 -1 -4.1353 551.5464 173.0109 593.8898 193.4244 1.6287 1.5380 4.0573 -3.0724 1.6419 59.7416 -4.1868 0.0098
Car -1 -1 -4.4877 484.3092 175.4742 533.7736 209.5277 1.7472 1.8054 4.1235 -5.4946 1.8980 39.4810 -4.6256 0.0097
Cyclist -1 -1 -4.8337 1130.8036 142.9250 1174.0873 225.2538 1.9558 0.6472 1.6873 13.4807 1.2445 18.0352 -4.1999 0.0090
Cyclist -1 -1 -5.2114 1104.6001 149.7697 1171.6410 227.1773 1.8467 0.6364 1.6340 13.1304 1.2957 18.0630 -4.5909 0.0085
Car -1 -1 -4.2621 550.9565 174.0911 587.8057 193.7901 1.5679 1.5255 3.8493 -3.3519 1.6736 59.7593 -4.3183 0.0082
Car -1 -1 -4.0016 464.5866 174.5762 536.9446 208.9385 1.7765 1.7602 3.9837 -5.9831 1.8760 39.6732 -4.1507 0.0073
Car -1 -1 -4.1480 549.6167 174.4070 589.0573 193.4354 1.5074 1.5557 3.6090 -3.3425 1.6392 59.4324 -4.2043 0.0072
Car -1 -1 -6.1597 385.9957 178.0719 487.4622 211.7671 1.5998 1.8507 4.7016 -8.5547 1.8669 35.8006 -6.3931 0.0069
Car -1 -1 -4.4235 504.6758 177.3924 556.2618 205.9380 1.3893 1.6243 3.9823 -4.1508 1.6406 37.8914 -4.5323 0.0063
Cyclist -1 -1 -2.4038 249.5822 163.1246 316.9827 221.7404 1.6655 0.7801 1.7242 -9.6169 1.3888 21.1402 -2.8263 0.0061
Car -1 -1 -4.2886 546.0803 174.1863 583.8958 193.8525 1.5700 1.7147 3.8324 -3.7284 1.6843 59.9819 -4.3508 0.0058
Car -1 -1 -7.6149 402.7028 173.1945 456.2675 209.5623 1.5116 1.5674 3.1657 -7.8910 1.5269 31.6050 -7.8580 0.0054
Car -1 -1 -4.4561 553.9970 172.6854 587.0499 193.2231 1.6403 1.7157 4.2669 -3.2584 1.6266 59.8912 -4.5106 0.0052
Car -1 -1 -4.1309 473.1441 175.1574 538.3923 208.8696 1.7449 1.7065 3.8802 -5.7177 1.8783 39.7542 -4.2733 0.0052
Car -1 -1 -4.1822 553.8808 172.9911 597.2515 193.0092 1.5924 1.6500 4.2762 -2.8296 1.6039 59.7060 -4.2297 0.0049
Pedestrian -1 -1 -8.5214 730.9263 179.5085 755.8184 223.9066 1.5356 0.5638 0.6815 4.6677 1.7747 25.5197 -8.3433 0.0047
Car -1 -1 -4.3962 551.1583 173.3181 585.0223 193.1337 1.5885 1.6206 4.1140 -3.4768 1.6283 60.1400 -4.4541 0.0046
Car -1 -1 -7.3153 493.0050 176.2288 547.5154 203.2119 1.4465 1.4945 3.4995 -5.0945 1.6471 41.0578 -7.4383 0.0043
Car -1 -1 -4.3736 486.7649 174.6191 537.9555 207.4849 1.7231 1.6671 3.7372 -5.3976 1.8257 40.0434 -4.5071 0.0037
Cyclist -1 -1 -4.5996 731.3556 178.6283 752.2072 224.1156 1.5382 0.5676 1.4561 4.5968 1.7472 25.3753 -4.4231 0.0037
Car -1 -1 -4.8939 563.4259 170.7882 592.0374 191.3155 1.7270 1.7295 4.3708 -2.8808 1.5529 63.0292 -4.9397 0.0036
Car -1 -1 -4.1676 501.2704 175.9756 575.4941 209.6031 1.5148 1.6702 4.1873 -3.4530 1.6764 35.1697 -4.2652 0.0035
Car -1 -1 -8.9029 0.0000 0.0000 1241.0000 374.0000 1.5475 1.5905 3.5850 3.4447 1.5885 1.3248 -7.7722 0.0030
Car -1 -1 -6.3305 413.8767 176.6105 507.3985 212.6562 1.4663 1.6761 3.8249 -6.4519 1.6336 30.9084 -6.5350 0.0029
Car -1 -1 -7.8805 495.2320 176.7830 524.5516 203.8783 1.4546 1.5574 3.3690 -5.7627 1.6875 41.0434 -8.0195 0.0026
Car -1 -1 -4.2049 495.7413 175.7979 565.6393 208.1196 1.4598 1.6434 4.0053 -3.8300 1.6117 35.1462 -4.3131 0.0026
Car -1 -1 -6.0276 384.3279 173.1843 469.4615 211.8985 1.6045 1.7454 3.1846 -7.8102 1.6187 30.8052 -6.2743 0.0022
Pedestrian -1 -1 -3.7138 815.4234 166.2478 846.0342 218.6067 1.6179 0.6603 0.6687 6.8929 1.4135 22.7056 -3.4232 0.0021
Car -1 -1 -4.3391 548.7132 174.9999 580.7009 193.5653 1.4714 1.4880 3.4206 -3.7280 1.6535 59.4712 -4.4017 0.0021
Car -1 -1 -2.7799 465.5510 177.4328 536.4252 208.6706 1.6782 1.6237 3.5684 -6.1017 1.9409 40.2741 -2.9298 0.0018
Car -1 -1 -4.6609 570.8011 172.7194 589.3788 188.0561 1.4641 1.6270 3.8853 -2.9301 1.4509 70.8303 -4.7024 0.0018
Car -1 -1 -4.7145 569.3600 170.9108 585.7852 186.2297 1.4738 1.5796 3.5226 -3.2244 1.2866 71.2157 -4.7598 0.0015
Cyclist -1 -1 -4.7285 463.0107 175.1860 481.0459 223.2356 1.6933 0.6198 1.5253 -5.0868 1.7807 26.3163 -4.9181 0.0013
Pedestrian -1 -1 -3.2684 715.7949 179.7235 727.0395 213.7113 1.5269 0.5890 0.4326 5.0260 1.8421 32.8360 -3.1184 0.0012
Pedestrian -1 -1 -3.2145 715.5797 179.7167 726.1479 212.8025 1.4990 0.5698 0.4370 5.0440 1.8165 33.1151 -3.0652 0.0008
