Pedestrian -1 -1 -2.9202 330.8391 160.2666 452.9807 335.8845 1.7461 0.8134 1.0778 -2.2679 1.5454 7.4682 -3.2017 0.9848
Pedestrian -1 -1 -2.9510 326.0320 160.6919 446.5904 334.7059 1.7285 0.8190 1.0776 -2.3303 1.5321 7.4832 -3.2393 0.8156
Cyclist -1 -1 -8.1807 744.7783 168.1990 797.5618 261.8462 1.5984 0.4092 1.6697 2.9582 1.3888 12.9196 -7.9592 0.0448
Pedestrian -1 -1 -5.5623 757.8576 174.8774 795.0450 258.5638 1.4538 0.4642 0.4498 3.0059 1.3565 12.6007 -5.3320 0.0359
Cyclist -1 -1 -7.9441 774.4124 167.9458 806.2216 259.8027 1.5790 0.4007 1.6720 3.3431 1.3636 13.0113 -7.6967 0.0261
Cyclist -1 -1 -7.1166 45.1532 167.0019 149.1094 270.5869 1.8004 0.4110 1.8802 -9.4966 1.5661 13.2477 -7.7255 0.0113
Pedestrian -1 -1 -2.7137 64.8235 166.8418 106.4294 265.1964 1.7585 0.4965 0.4447 -9.5357 1.5146 12.9277 -3.3357 0.0094
Car -1 -1 -7.0123 0.0000 180.3591 94.7940 231.4866 1.5454 1.6071 3.7000 -19.1803 1.5414 23.3271 -7.6920 0.0081
Car -1 -1 -6.7358 0.0000 176.6051 93.6137 226.7914 1.5191 1.6575 3.7382 -19.5021 1.4015 23.4457 -7.4212 0.0078
Car -1 -1 -3.9741 0.0000 181.3619 68.2414 232.0576 1.4610 1.5628 3.6426 -19.1608 1.4906 22.2872 -4.6754 0.0076
Pedestrian -1 -1 -4.1661 984.6334 163.3351 1029.8748 252.3506 1.6882 0.5795 0.5259 7.7954 1.3630 13.7912 -3.6598 0.0073
Pedestrian -1 -1 -8.2963 839.9529 174.2598 870.0555 233.1670 1.4629 0.5938 0.4125 6.2471 1.3082 17.7957 -7.9626 0.0072
Car -1 -1 -4.0555 0.0000 179.9830 72.6587 228.2163 1.4074 1.7043 3.9384 -19.3516 1.3926 22.6345 -4.7542 0.0072
Pedestrian -1 -1 -8.1808 846.7167 168.8417 876.3650 231.5708 1.5621 0.5991 0.4152 6.4195 1.2721 17.8195 -7.8390 0.0065
Car -1 -1 -3.8271 0.0000 178.8452 95.3240 226.9502 1.4222 1.6934 4.1587 -19.2793 1.3735 23.1086 -4.5138 0.0044
Cyclist -1 -1 -7.3847 49.9141 171.0382 125.7145 269.6620 1.7407 0.3727 1.7905 -9.7945 1.5741 13.3924 -8.0032 0.0041
Car -1 -1 -7.4890 0.0000 181.9823 98.6338 227.5402 1.3703 1.5795 3.5005 -18.3283 1.4234 23.2947 -8.1473 0.0041
Car -1 -1 -8.9856 0.0000 0.0000 1223.0000 369.0000 1.5876 1.6142 3.5850 4.2140 1.5182 1.2320 -7.7669 0.0038
Pedestrian -1 -1 -4.0524 650.5878 176.6684 693.4892 268.1105 1.3709 0.3206 0.6693 0.9922 1.3138 10.9541 -3.9627 0.0036
Car -1 -1 -5.3955 0.0000 187.0578 107.1212 229.3978 1.2700 1.5370 3.5302 -18.1627 1.4913 22.6966 -6.0618 0.0034
Car -1 -1 -8.9751 0.0000 0.0000 1223.0000 369.0000 1.5786 1.5960 3.5885 3.8630 1.5259 1.1729 -7.7723 0.0034
Pedestrian -1 -1 -4.5424 679.4841 159.2136 723.8292 259.3737 1.8259 0.7418 0.5665 1.7716 1.4382 13.2702 -4.4111 0.0034
Car -1 -1 -8.9064 0.0000 0.0000 1223.0000 369.0000 1.5695 1.5823 3.5340 3.0694 1.5296 1.1248 -7.7749 0.0033
Car -1 -1 -8.9467 0.0000 0.0000 1223.0000 369.0000 1.5499 1.5676 3.5012 3.4461 1.5058 1.1452 -7.7772 0.0032
Car -1 -1 -3.8375 0.0000 178.4318 97.3592 229.1892 1.4955 1.7121 4.0872 -19.0979 1.4348 23.0004 -4.5219 0.0032
Car -1 -1 -4.0849 0.0000 185.2002 24.4573 219.8824 1.3927 1.5579 3.4547 -27.2923 1.6087 30.6705 -4.8053 0.0032
Cyclist -1 -1 -8.4521 665.0859 170.7991 742.2657 263.1273 1.6257 0.6017 1.6595 1.7793 1.4553 13.3259 -8.3207 0.0031
Car -1 -1 -6.9735 0.0000 180.5803 103.0502 230.3792 1.5160 1.5510 3.5801 -18.9338 1.5191 23.4424 -7.6446 0.0031
Cyclist -1 -1 -8.5073 641.4344 166.0452 733.5961 265.4811 1.7349 0.6785 1.9386 1.4670 1.4831 13.3413 -8.3987 0.0031
Cyclist -1 -1 -7.6219 246.6295 177.8685 312.7388 288.3523 1.5390 0.4654 1.9506 -4.9962 1.5028 10.8506 -8.0406 0.0031
Car -1 -1 -9.0453 0.0000 0.0000 1223.0000 369.0000 1.5012 1.6072 3.7981 2.6110 1.5835 0.3707 -7.7328 0.0030
Car -1 -1 -6.5089 0.0000 0.0000 1223.0000 369.0000 1.5327 1.5804 3.5691 -5.0062 1.6649 1.2659 -7.7707 0.0030
Car -1 -1 -9.0782 0.0000 0.0000 1223.0000 369.0000 1.5382 1.6139 3.6461 4.5674 1.4971 0.9997 -7.7878 0.0030
Car -1 -1 -6.4843 0.0000 0.0000 1223.0000 369.0000 1.5388 1.5812 3.5738 -5.4144 1.6680 1.2481 -7.7710 0.0030
Car -1 -1 -8.9026 0.0000 0.0000 1223.0000 369.0000 1.5551 1.6035 3.6054 2.2685 1.5327 0.7835 -7.7842 0.0030
Car -1 -1 -6.5113 0.0000 0.0000 1223.0000 369.0000 1.5682 1.6167 3.6774 -4.2386 1.6571 0.9611 -7.7862 0.0030
Car -1 -1 -9.0928 0.0000 0.0000 1223.0000 369.0000 1.5044 1.6079 3.8127 3.4040 1.5579 0.4105 -7.7329 0.0030
Car -1 -1 -8.8524 0.0000 0.0000 1223.0000 369.0000 1.5529 1.5722 3.5010 2.6702 1.5241 1.1068 -7.7717 0.0030
Car -1 -1 -3.4087 0.0000 0.0000 1223.0000 369.0000 1.5637 1.5969 3.7513 -6.2597 1.6922 1.7328 -4.6605 0.0030
Car -1 -1 -6.4855 0.0000 0.0000 1223.0000 369.0000 1.5475 1.5904 3.6538 -5.8144 1.6990 1.3761 -7.7704 0.0030
Car -1 -1 -8.9545 0.0000 0.0000 1223.0000 369.0000 1.5061 1.6072 3.8128 1.8136 1.6026 0.3396 -7.7325 0.0030
Car -1 -1 -9.0744 0.0000 0.0000 1223.0000 369.0000 1.5339 1.6028 3.8345 3.0660 1.5805 0.3914 -7.7311 0.0030
Car -1 -1 -6.5114 0.0000 0.0000 1223.0000 369.0000 1.5363 1.5716 3.4858 -4.6099 1.6540 1.1509 -7.7710 0.0030
Cyclist -1 -1 -3.4534 968.6852 159.4139 1071.8086 256.6806 1.8345 0.5876 1.6311 8.0190 1.4372 13.7902 -2.9351 0.0030
Cyclist -1 -1 -7.4480 243.7348 174.1976 304.3119 260.7438 1.5075 0.4074 1.6011 -6.1551 1.3981 13.1206 -7.8755 0.0030
Cyclist -1 -1 -6.7752 951.2199 155.1177 1042.4315 245.2698 1.7276 0.5577 1.4737 7.5993 1.2416 13.8300 -6.2807 0.0027
Car -1 -1 -5.1367 0.0000 186.5871 91.7448 231.5157 1.3074 1.5259 3.3807 -18.0936 1.5133 22.4216 -5.8070 0.0026
Cyclist -1 -1 -8.5181 686.8279 156.7966 770.9911 258.9243 1.7359 0.5585 1.7255 2.1773 1.3334 12.9093 -8.3532 0.0024
Car -1 -1 -2.9170 0.0000 177.1554 94.0140 224.8727 1.5348 1.6178 4.1734 -20.3653 1.4275 24.3973 -3.6044 0.0024
Pedestrian -1 -1 -2.8031 49.3793 170.1129 96.8197 268.8414 1.7642 0.5185 0.5513 -9.7884 1.5790 12.9626 -3.4364 0.0023
Car -1 -1 -3.1977 574.9011 182.1524 669.9318 218.1173 1.4489 1.5190 3.8521 0.6571 1.5196 29.3803 -3.1740 0.0022
Car -1 -1 -4.3075 0.0000 180.3281 106.5350 228.7465 1.4315 1.5408 3.6401 -17.8227 1.4267 22.8578 -4.9613 0.0022
Car -1 -1 -5.2067 1059.1133 173.0954 1201.5665 239.1958 1.6917 1.6305 3.7294 14.6621 1.5025 20.0507 -4.5813 0.0021
Car -1 -1 -7.0078 1029.5681 176.2051 1217.6824 240.5970 1.6539 1.6478 4.0578 13.9529 1.5439 19.1875 -6.3854 0.0020
Pedestrian -1 -1 -3.7707 939.9061 142.0508 993.6557 251.5311 2.0665 0.6958 0.6406 6.9737 1.3411 13.7422 -3.3087 0.0020
Car -1 -1 -7.1258 1011.4935 175.1742 1202.9614 240.7968 1.6553 1.6821 4.5046 13.5410 1.5213 19.1758 -6.5173 0.0020
Cyclist -1 -1 -8.2420 968.1750 150.6066 1032.9437 250.1359 1.8630 0.5120 1.6763 7.8002 1.3038 14.0961 -7.7444 0.0019
Pedestrian -1 -1 -3.9823 967.1220 154.2344 1013.2556 243.6609 1.6965 0.6172 0.4936 7.4580 1.1986 13.7880 -3.4943 0.0019
Pedestrian -1 -1 -3.1752 679.1468 153.7675 702.1107 234.2190 1.9925 0.5434 0.5539 2.1100 1.3308 17.8054 -3.0575 0.0018
Car -1 -1 -6.2621 631.1891 151.3605 710.5183 180.1067 1.6195 1.6906 4.4826 3.8069 -0.0233 40.9611 -6.1681 0.0016
Cyclist -1 -1 -8.5698 967.4426 151.7962 1068.5476 258.8116 1.8974 0.4812 1.9669 7.8010 1.3889 13.5480 -8.0558 0.0015
Cyclist -1 -1 -7.5079 236.3094 168.9375 289.5700 261.1216 1.5815 0.3910 1.4568 -6.2479 1.3835 12.8733 -7.9482 0.0012
Cyclist -1 -1 -7.8637 235.7269 171.8045 258.1057 260.1268 1.5119 0.3441 1.6657 -6.5937 1.3634 12.9237 -8.3237 0.0012
Pedestrian -1 -1 -2.6528 97.6750 176.0309 145.8926 260.8928 1.4780 0.4094 0.5818 -8.6151 1.4005 12.5465 -3.2409 0.0011
Cyclist -1 -1 -8.4371 942.3069 152.7830 1021.5378 245.4995 1.7471 0.5452 1.6942 7.4752 1.2252 14.1947 -7.9599 0.0010
Car -1 -1 -4.5947 0.0000 234.1922 23.7168 369.0000 1.4054 1.5826 3.7857 -5.3347 1.9428 5.0898 -5.3716 0.0010
Pedestrian -1 -1 -3.2411 36.8487 159.5129 73.0300 267.0509 1.8639 0.5318 0.4642 -9.8577 1.5005 12.6078 -3.8907 0.0009
Pedestrian -1 -1 -3.6658 648.5641 171.1292 696.9171 281.0173 1.5982 0.3853 0.6094 0.9617 1.4623 10.5865 -3.5761 0.0009
Pedestrian -1 -1 -2.5080 113.1844 178.1474 159.3515 259.3700 1.4134 0.4015 0.5511 -8.3425 1.3728 12.5201 -3.0822 0.0008
Cyclist -1 -1 -7.4333 218.7704 157.4076 285.3990 265.3122 1.8015 0.4537 1.5558 -6.2949 1.4163 12.5887 -7.8851 0.0008
Cyclist -1 -1 -8.3182 957.6238 146.6676 1039.7606 249.8741 1.8589 0.5797 1.8972 7.5214 1.2499 13.6920 -7.8239 0.0008
Car -1 -1 -7.8002 576.5101 162.3057 600.7689 186.6937 1.7454 1.5834 4.0922 -1.1805 0.4433 52.6728 -7.8206 0.0008
Pedestrian -1 -1 -8.3475 832.7906 168.2407 867.8719 235.6028 1.6839 0.6102 0.6462 6.2129 1.3778 18.0439 -8.0197 0.0008
Pedestrian -1 -1 -5.5948 1111.7875 193.5919 1223.0000 369.0000 1.3908 0.4906 0.4936 4.2177 1.4962 5.3690 -4.9554 0.0007
Cyclist -1 -1 -8.5068 967.8033 152.6579 1060.0559 256.0370 1.8658 0.5293 1.8268 7.8217 1.3637 13.7028 -7.9964 0.0006
Pedestrian -1 -1 -7.2633 675.8451 155.5143 707.3419 234.7704 1.9906 0.5902 0.5627 2.1840 1.3634 18.1644 -7.1439 0.0006
Cyclist -1 -1 -7.5782 545.7892 171.7008 577.3328 231.8642 1.3872 0.3616 1.5145 -1.0763 1.1847 17.0812 -7.6380 0.0005
Cyclist -1 -1 -6.9325 241.7556 160.8916 331.5460 260.2850 1.7142 0.4545 1.5360 -5.8547 1.3764 12.9760 -7.3454 0.0004
Car -1 -1 -7.9176 650.4609 147.5849 682.2255 179.1516 1.7836 1.6437 3.6769 3.5891 -0.0835 41.9666 -7.8309 0.0004
Car -1 -1 -7.9873 654.6859 148.2467 691.5622 179.7690 1.7811 1.6945 3.7015 3.9812 -0.0452 41.9189 -7.8913 0.0004
Cyclist -1 -1 -6.9856 227.4741 155.2533 320.8039 264.8305 1.8269 0.4391 1.5944 -5.9044 1.4064 12.6028 -7.4122 0.0004
Pedestrian -1 -1 -3.9787 547.3320 172.0479 577.2532 243.0200 1.6301 0.4531 0.5444 -1.0439 1.4363 16.5934 -4.0386 0.0003
Cyclist -1 -1 -7.3951 587.8083 171.3655 638.3249 247.4858 1.6722 0.3535 1.9451 0.1728 1.4719 16.4795 -7.3831 0.0003
Pedestrian -1 -1 -3.8642 235.2150 179.4300 273.7956 265.1582 1.4911 0.4290 0.4428 -6.2836 1.4728 12.5849 -4.3154 0.0003
Cyclist -1 -1 -7.4102 523.7394 177.9968 563.8760 241.2236 1.3991 0.3224 1.4799 -1.4443 1.3441 16.3955 -7.4946 0.0003
Cyclist -1 -1 -7.6384 546.8060 175.9583 576.0481 237.9169 1.3737 0.3637 1.5138 -1.0423 1.2733 16.4517 -7.6986 0.0003
Pedestrian -1 -1 -3.9142 560.7054 174.3156 595.1027 247.7011 1.6330 0.5043 0.6034 -0.6607 1.4957 16.1262 -3.9527 0.0002
Pedestrian -1 -1 -3.8777 541.2004 171.9337 578.7726 247.5771 1.6795 0.5336 0.6707 -1.0689 1.4897 16.1253 -3.9409 0.0002
Pedestrian -1 -1 -6.8036 665.5766 151.6456 679.6558 181.7341 1.6803 0.7352 0.4904 3.8025 0.0690 39.9206 -6.7074 0.0002
Pedestrian -1 -1 -4.0255 561.4839 164.9821 597.4634 242.5277 1.7706 0.5682 0.6363 -0.6393 1.4166 16.5694 -4.0616 0.0001
Cyclist -1 -1 -7.6955 567.1030 167.8694 593.4080 234.0231 1.4619 0.3692 1.5640 -0.6041 1.1831 16.4234 -7.7297 0.0001
Pedestrian -1 -1 -5.9884 0.0000 153.2221 27.6395 239.5529 2.0244 0.6126 0.4229 -14.2535 1.3851 16.9441 -6.6767 0.0001
Cyclist -1 -1 -7.5084 592.3885 168.7422 637.1686 250.5979 1.7594 0.3563 2.0468 0.2090 1.5070 16.2181 -7.4941 0.0001
Cyclist -1 -1 -7.7656 550.2953 171.7696 571.7486 241.7267 1.5176 0.3409 1.7128 -1.0383 1.3286 16.1993 -7.8265 0.0001
Cyclist -1 -1 -7.5167 561.2944 168.6560 599.6415 238.5853 1.5180 0.3345 1.7021 -0.5854 1.2612 16.2102 -7.5503 0.0001
Pedestrian -1 -1 -6.0484 595.9500 158.5479 607.0523 199.1091 1.7841 0.5577 0.3738 -0.1776 0.8187 31.4139 -6.0521 0.0001
Pedestrian -1 -1 -4.2032 229.0144 193.8528 263.8035 270.1614 1.2836 0.3537 0.4629 -6.2395 1.5192 12.2173 -4.6632 0.0001
Pedestrian -1 -1 -4.0924 248.0131 189.0309 279.5425 270.3896 1.3709 0.3120 0.4039 -5.9269 1.5210 12.1878 -4.5331 0.0001
Cyclist -1 -1 -7.4395 575.3928 176.6424 617.7424 242.6760 1.4621 0.3125 1.7487 -0.2180 1.3770 16.5204 -7.4507 0.0001
Cyclist -1 -1 -7.4993 578.0297 172.3922 618.0203 243.8897 1.5551 0.3095 1.8196 -0.1815 1.3791 16.2866 -7.5085 0.0000
