Car -1 -1 -7.7758 518.8027 176.4078 552.8284 204.5674 1.4806 1.5751 3.7625 -3.7913 1.2656 39.0696 -7.8700 0.9978
Cyclist -1 -1 -6.3324 643.9921 168.9536 672.9007 197.8538 1.7880 0.5383 1.7707 3.3153 1.0737 44.0373 -6.2561 0.9896
Car -1 -1 -3.7072 926.3061 147.1965 1062.9725 191.0476 1.4911 1.6108 3.9912 13.6708 0.3589 24.9830 -3.2100 0.9750
Cyclist -1 -1 -7.4531 386.3592 179.7101 408.8208 214.8732 1.7242 0.4283 1.7591 -10.4388 1.6856 35.5680 -7.7346 0.9585
Cyclist -1 -1 -7.4609 386.2917 179.8041 407.7361 214.9218 1.7222 0.4056 1.7134 -10.4631 1.6883 35.5491 -7.7432 0.9445
Car -1 -1 -3.6893 926.3213 146.8324 1059.9498 191.7336 1.5269 1.6093 3.8630 13.5968 0.3823 24.9486 -3.1937 0.8774
Cyclist -1 -1 -7.4702 386.5864 179.7183 408.7390 214.8177 1.7189 0.4372 1.7603 -10.4225 1.6808 35.5246 -7.7516 0.7842
Car -1 -1 -7.7773 518.1456 176.2649 552.7606 204.6364 1.4910 1.6088 3.8253 -3.8112 1.2686 39.0842 -7.8721 0.7812
Cyclist -1 -1 -3.0964 641.4745 168.8773 670.3583 198.2373 1.8113 0.5688 1.7692 3.1652 1.0944 44.0072 -3.0235 0.7302
Pedestrian -1 -1 -5.8167 447.4706 173.7879 465.5935 203.7910 1.8334 0.6166 0.9147 -9.1655 1.4233 43.6213 -6.0207 0.7272
Pedestrian -1 -1 -2.9161 503.5599 170.7995 519.8530 199.6575 1.8247 0.6088 0.9161 -5.9481 1.2114 45.0547 -3.0448 0.7196
Car -1 -1 -6.8381 934.5422 145.5290 1073.1495 191.4585 1.5666 1.6456 4.0127 14.0183 0.3740 25.0339 -6.3311 0.7007
Pedestrian -1 -1 -8.1316 922.1218 134.9775 950.6432 195.6627 1.9134 0.6085 0.8835 10.6303 0.4784 22.7769 -7.6984 0.6896
Pedestrian -1 -1 -5.5994 447.6013 173.0997 466.0174 203.7494 1.8727 0.6494 0.9084 -9.1657 1.4206 43.6983 -5.8031 0.6206
Pedestrian -1 -1 -3.2130 565.9459 170.6708 577.7928 199.1015 1.7976 0.5950 0.7135 -2.1189 1.1762 45.0413 -3.2580 0.6006
Pedestrian -1 -1 -5.8165 445.2901 173.2319 463.8903 203.6574 1.8585 0.6070 0.9506 -9.2818 1.4146 43.6047 -6.0231 0.5666
Pedestrian -1 -1 -3.1735 564.9126 170.9657 578.6009 198.7313 1.7526 0.5328 0.8526 -2.1210 1.1509 44.9284 -3.2186 0.5239
Cyclist -1 -1 -6.4843 587.2320 169.2469 616.3192 197.2583 1.8373 0.5536 1.8535 -0.2192 1.0992 46.8345 -6.4872 0.5101
Pedestrian -1 -1 -5.9775 503.1828 171.4595 520.1882 199.7249 1.7811 0.6563 0.9167 -5.9366 1.2115 44.9564 -6.1062 0.4899
Pedestrian -1 -1 -3.4505 565.2236 171.3340 580.7578 198.7159 1.7241 0.5168 0.8700 -2.0406 1.1470 44.9121 -3.4939 0.4832
Pedestrian -1 -1 -3.0590 372.2987 181.7750 386.9965 207.8023 1.8031 0.6975 0.9243 -15.7621 1.8931 49.4672 -3.3641 0.4489
Car -1 -1 -6.6015 811.2838 163.0509 871.3612 182.1944 1.4710 1.5600 4.1604 18.3954 0.1302 55.1164 -6.2793 0.4268
Pedestrian -1 -1 -2.7901 501.6208 171.0214 518.3718 199.7921 1.8187 0.6049 0.9056 -6.0622 1.2196 45.0887 -2.9211 0.4000
Pedestrian -1 -1 -3.1734 374.8419 182.3915 388.2231 207.8864 1.7653 0.7145 0.8729 -15.6496 1.8990 49.5080 -3.4762 0.3656
Car -1 -1 -6.6419 817.7110 161.8401 877.5123 182.1208 1.5582 1.7157 4.0740 18.9272 0.1245 55.2380 -6.3118 0.3304
Pedestrian -1 -1 -8.1715 926.8947 135.3542 957.3877 195.8506 1.9051 0.6519 0.8361 10.7886 0.4837 22.7200 -7.7317 0.2532
Pedestrian -1 -1 -5.7118 454.4934 173.7953 468.9451 203.8900 1.8855 0.5865 0.6874 -9.0627 1.4655 44.6966 -5.9088 0.2408
Pedestrian -1 -1 -7.9919 917.3497 136.6877 943.0101 197.0802 1.8962 0.6337 0.8417 10.3927 0.5209 22.6933 -7.5658 0.2337
Car -1 -1 -6.5804 815.3867 161.4944 876.8792 181.4906 1.5329 1.5952 4.2495 18.7483 0.0759 55.0637 -6.2522 0.1924
Pedestrian -1 -1 -8.1717 923.9081 135.9550 953.7683 196.2581 1.9172 0.6418 0.8392 10.7840 0.5013 22.9341 -7.7356 0.1803
Car -1 -1 -6.6179 808.9373 161.0587 868.8022 181.7419 1.5847 1.5767 4.1298 18.1642 0.0951 54.9916 -6.2988 0.1592
Pedestrian -1 -1 -5.6360 456.4096 174.0222 472.0496 204.3302 1.8949 0.5974 0.7627 -8.8933 1.4899 44.6404 -5.8297 0.1314
Pedestrian -1 -1 -3.2399 505.4243 171.0187 518.3848 199.6577 1.8191 0.6765 0.7618 -5.9761 1.2170 45.3267 -3.3684 0.1047
Car -1 -1 -7.9225 829.3142 162.1727 867.2970 191.3347 1.4618 1.6216 4.0455 12.8665 0.5433 37.6052 -7.5937 0.1015
Cyclist -1 -1 -6.5021 587.3133 168.6347 617.2263 197.0397 1.8658 0.5878 1.9036 -0.1866 1.0865 46.9383 -6.5044 0.0848
Pedestrian -1 -1 -3.8184 890.8546 153.7626 906.5569 197.5416 1.6075 0.4361 0.3383 10.8587 0.6260 26.2186 -3.4282 0.0813
Pedestrian -1 -1 -4.2188 367.6645 182.1776 384.3617 208.1029 1.7806 0.6955 1.0387 -15.9326 1.8987 49.2095 -4.5285 0.0702
Car -1 -1 -8.6974 1116.2921 148.4871 1223.0000 189.9233 1.6110 1.5563 3.4276 23.3578 0.3666 29.3114 -8.0281 0.0634
Pedestrian -1 -1 -4.1495 242.5711 187.0562 261.0323 224.3639 1.4509 0.5043 0.4181 -13.9199 1.7112 27.8130 -4.6074 0.0619
Cyclist -1 -1 -8.2062 921.3813 136.8103 961.0356 196.4065 1.8152 0.5576 1.7454 10.6044 0.4848 22.4288 -7.7681 0.0582
Pedestrian -1 -1 -3.4766 564.7191 171.1624 577.3486 199.6217 1.8087 0.7238 0.6058 -2.1880 1.2153 45.3845 -3.5227 0.0524
Car -1 -1 -4.8977 820.1862 160.9865 866.6453 190.2092 1.4691 1.6046 4.0896 12.6199 0.4883 37.6806 -4.5752 0.0518
Pedestrian -1 -1 -5.4035 455.8643 174.1120 468.6420 203.7469 1.8671 0.5813 0.5469 -9.0799 1.4647 44.9451 -5.5998 0.0473
Pedestrian -1 -1 -5.5399 452.1837 173.6943 469.5380 203.9537 1.8789 0.5974 0.9018 -9.0565 1.4564 44.3920 -5.7382 0.0466
Pedestrian -1 -1 -4.6565 364.4984 182.8051 374.7711 208.7474 1.7676 0.6209 0.9097 -16.2381 1.9284 48.7873 -4.9743 0.0462
Cyclist -1 -1 -4.1349 363.8725 181.9616 386.3754 208.5580 1.8091 0.5966 1.8050 -15.9670 1.9127 49.1473 -4.4456 0.0442
Pedestrian -1 -1 -3.2782 1090.4460 153.7392 1118.1201 231.7706 1.7079 0.4816 0.4386 11.0991 1.1225 15.7890 -2.6732 0.0441
Pedestrian -1 -1 -5.3171 456.6333 174.0611 472.8921 204.1834 1.8687 0.5794 0.9245 -8.8132 1.4693 44.3924 -5.5101 0.0332
Pedestrian -1 -1 -3.6740 886.3902 155.0639 902.0216 199.0195 1.6178 0.4940 0.3317 10.7212 0.6819 26.2917 -3.2892 0.0326
Pedestrian -1 -1 -3.3661 1081.5194 153.3435 1111.2885 232.1996 1.7544 0.5449 0.4402 11.1141 1.1506 16.0646 -2.7684 0.0253
Car -1 -1 -6.7236 873.2059 156.1227 932.4138 177.4185 1.6382 1.6776 3.9491 23.3856 -0.2463 55.5785 -6.3255 0.0219
Car -1 -1 -2.6420 133.4447 169.3586 208.3662 191.1924 1.6639 1.7277 4.7070 -33.6193 0.8148 54.8533 -3.1875 0.0199
Cyclist -1 -1 -2.2882 497.6210 171.9380 520.5261 199.8126 1.7599 0.4939 1.6511 -6.1672 1.2194 45.3710 -2.4207 0.0199
Pedestrian -1 -1 -4.6603 365.2796 182.0092 376.5869 208.4901 1.8135 0.6970 0.8850 -16.2172 1.9192 48.9968 -4.9765 0.0176
Pedestrian -1 -1 -2.9675 1142.6664 140.0353 1181.5275 231.7463 1.7803 0.5666 0.5242 11.0712 0.9952 14.1102 -2.3114 0.0158
Pedestrian -1 -1 -3.1509 647.3983 168.2142 662.3355 197.5976 1.8148 0.5957 0.9208 3.0921 1.0560 43.9939 -3.0796 0.0150
Car -1 -1 -6.7521 873.6183 156.1847 933.1404 177.3476 1.6198 1.6479 3.9773 23.3429 -0.2512 55.3650 -6.3534 0.0132
Car -1 -1 -4.3409 783.3593 167.3757 817.7219 186.2063 1.5982 1.6302 3.8189 17.1954 0.4842 62.0276 -4.0701 0.0130
Cyclist -1 -1 -8.2952 500.5850 171.7598 517.4929 199.2705 1.7328 0.4456 1.5746 -6.1625 1.1823 45.3154 -8.4277 0.0122
Cyclist -1 -1 -4.6649 456.6370 173.9992 466.0590 203.7045 1.8398 0.4985 1.7442 -9.0807 1.4373 44.6917 -4.8623 0.0120
Pedestrian -1 -1 -6.3108 503.3012 170.8971 514.3929 199.8070 1.8417 0.6576 0.6890 -6.1847 1.2300 45.4213 -6.4435 0.0116
Cyclist -1 -1 -4.5446 364.2249 182.5751 379.3218 209.3068 1.8011 0.6737 1.9238 -16.0862 1.9473 48.7951 -4.8596 0.0100
Pedestrian -1 -1 -3.2784 1094.7521 150.9508 1125.4808 230.9516 1.7471 0.5411 0.4837 11.2298 1.1021 15.7917 -2.6681 0.0089
Car -1 -1 -4.4119 782.1655 166.9381 814.7034 186.8105 1.6856 1.6391 4.0239 17.0368 0.5352 62.1096 -4.1438 0.0080
Car -1 -1 -3.7299 324.7093 175.4699 402.8226 206.0954 1.7202 1.6573 4.1542 -14.2310 1.4378 41.8643 -4.0537 0.0078
Car -1 -1 -4.5051 781.8210 166.2312 809.7540 185.5695 1.6457 1.6298 3.7811 16.8330 0.4314 62.2265 -4.2404 0.0077
Pedestrian -1 -1 -4.9441 499.4029 173.7050 509.0252 198.4209 1.7411 0.5187 0.7536 -7.1644 1.2624 50.2528 -5.0832 0.0070
Car -1 -1 -8.5147 1124.6447 150.2703 1223.0000 189.0081 1.5160 1.4921 3.6723 23.7470 0.3332 29.5159 -7.8407 0.0067
Car -1 -1 -6.7018 823.4014 162.9248 915.0071 191.3043 1.4340 1.6018 4.1556 13.6376 0.5461 36.6578 -6.3467 0.0062
Car -1 -1 -4.4195 324.1718 174.7435 371.4770 206.5000 1.7842 1.5351 3.9551 -15.1251 1.4609 41.7396 -4.7630 0.0057
Car -1 -1 -4.0195 323.0620 175.5234 388.5443 206.5343 1.7460 1.6318 3.7475 -14.6919 1.4659 41.8490 -4.3531 0.0053
Car -1 -1 -6.6244 825.8054 162.0923 919.2629 191.1083 1.4598 1.5611 4.2172 13.6973 0.5338 36.3888 -6.2655 0.0045
Pedestrian -1 -1 -6.4261 510.4334 173.9868 517.8495 198.9732 1.6288 0.4229 0.4268 -5.9615 1.2043 46.3503 -6.5515 0.0044
Car -1 -1 -8.3075 1130.1392 146.1624 1222.1281 188.8291 1.6753 1.5076 3.7279 23.8719 0.3273 29.7448 -7.6347 0.0038
Car -1 -1 -4.7182 328.5996 178.6279 356.6177 210.6324 1.7789 1.4702 4.0592 -15.3981 1.6750 41.4583 -5.0697 0.0034
Pedestrian -1 -1 -6.0931 461.3586 175.4474 485.2310 213.3478 1.6517 0.5713 0.9410 -5.8131 1.4317 31.1021 -6.2744 0.0029
Car -1 -1 -8.7132 1104.9519 152.3768 1211.9678 188.6785 1.4889 1.5979 3.4656 24.0124 0.3356 30.8562 -8.0551 0.0028
Car -1 -1 -8.1905 1144.0608 147.6401 1222.8091 188.9477 1.6264 1.4655 3.5101 24.1969 0.3328 29.7382 -7.5110 0.0027
Pedestrian -1 -1 -6.4618 994.8046 151.0255 1017.0954 219.3033 1.8436 0.5342 0.4407 10.9652 1.0480 19.4150 -5.9530 0.0025
Pedestrian -1 -1 -6.3941 871.2269 161.6315 882.4113 205.0336 1.6992 0.4873 0.3591 10.7189 0.9607 27.9613 -6.0301 0.0025
Car -1 -1 -8.6558 1104.2581 152.1764 1211.1417 188.8127 1.5117 1.6685 3.5132 24.1112 0.3432 31.0323 -7.9985 0.0021
Car -1 -1 -4.3795 318.5067 179.4470 365.6535 208.8450 1.6434 1.6088 3.1884 -15.2531 1.5846 41.1329 -4.7305 0.0018
Pedestrian -1 -1 -6.0926 464.7150 176.0499 488.1913 213.8483 1.6464 0.5551 0.9266 -5.6707 1.4528 31.0814 -6.2696 0.0017
Pedestrian -1 -1 -5.7583 941.5459 135.7756 971.8298 195.4128 1.9058 0.6791 0.6294 11.4266 0.4769 23.0457 -5.3015 0.0016
Car -1 -1 -8.0911 834.4582 156.2030 862.5917 176.2562 1.9277 1.7215 4.2426 24.4692 -0.4400 71.0901 -7.7592 0.0013
Cyclist -1 -1 -3.0113 558.8193 171.0580 584.7310 198.9859 1.7677 0.4435 1.6048 -2.1200 1.1702 45.0430 -3.0564 0.0013
Cyclist -1 -1 -5.8672 442.6689 174.7558 471.6499 204.3861 1.8071 0.6009 1.6472 -9.1201 1.4569 43.5899 -6.0703 0.0012
Car -1 -1 -8.0376 926.8188 157.0652 953.1768 174.6840 1.6835 1.6613 4.1715 33.7496 -0.6047 71.2612 -7.5952 0.0009
Pedestrian -1 -1 -6.7505 873.6531 160.3768 888.4396 204.5245 1.7297 0.5021 0.3553 10.8889 0.9415 27.9691 -6.3813 0.0009
Car -1 -1 -7.9430 932.5542 157.0877 955.5649 174.9113 1.7019 1.7117 4.2778 34.1628 -0.5817 71.2606 -7.4960 0.0008
Cyclist -1 -1 -8.2116 916.0147 137.5806 954.3885 195.7302 1.8077 0.5323 1.7607 10.6249 0.4737 22.8778 -7.7802 0.0006
Cyclist -1 -1 -5.1274 502.2129 171.4296 519.9252 199.4566 1.7592 0.5168 1.6149 -6.0184 1.1900 45.2049 -5.2571 0.0005
Pedestrian -1 -1 -6.8525 871.0807 156.2176 886.9413 202.4036 1.8197 0.5174 0.3664 10.8780 0.8632 28.1482 -6.4858 0.0004
Pedestrian -1 -1 -3.2320 951.0021 142.3005 970.5054 196.9560 1.6299 0.5594 0.4758 10.7416 0.4910 21.4313 -2.7714 0.0004
Pedestrian -1 -1 -6.6472 901.6664 142.5753 922.8321 190.0162 1.6331 0.5868 0.4981 10.6712 0.3278 24.6425 -6.2413 0.0004
Pedestrian -1 -1 -6.6539 956.0803 141.4931 982.4167 197.8860 1.6765 0.6453 0.5048 10.9637 0.5172 21.3661 -6.1839 0.0003
Cyclist -1 -1 -2.6701 496.8524 171.9931 522.8699 200.3893 1.7905 0.5581 1.5625 -6.0756 1.2542 45.1073 -2.8014 0.0003
Pedestrian -1 -1 -6.3711 914.4653 143.7403 931.8181 187.6962 1.4912 0.5369 0.4963 10.9064 0.2444 24.3215 -5.9525 0.0002
Cyclist -1 -1 -5.9659 446.9152 175.7949 476.6917 204.2574 1.7848 0.5199 1.7719 -9.0568 1.4898 44.7020 -6.1628 0.0001
Pedestrian -1 -1 -6.6696 964.2732 147.7559 984.2697 198.9742 1.5080 0.4733 0.3752 10.9632 0.5442 21.0697 -6.1941 0.0001
