Car -1 -1 -8.0411 690.7963 176.9238 804.8389 258.6489 1.4712 1.5766 4.0071 2.6941 1.5680 15.2052 -7.8700 0.9999
Car -1 -1 -4.4563 287.6366 190.0527 487.1047 329.2320 1.4287 1.5976 3.7881 -2.8120 1.7072 9.7862 -4.7301 0.9998
Car -1 -1 -8.0297 654.0621 175.2717 717.1962 220.9612 1.5010 1.5971 3.7218 2.5820 1.5937 25.8248 -7.9318 0.9993
Car -1 -1 -7.7653 509.1548 177.3036 559.6646 219.4554 1.4983 1.6111 3.8746 -2.9110 1.6827 28.0074 -7.8685 0.9987
Car -1 -1 -7.6371 392.4794 180.7949 516.3986 264.5099 1.4721 1.6316 4.3343 -3.1624 1.6640 15.2811 -7.8386 0.9985
Car -1 -1 -8.0041 673.8694 179.7185 752.6877 234.4700 1.3799 1.6031 4.1608 2.8157 1.5975 20.8049 -7.8723 0.9972
Car -1 -1 -4.6471 538.2682 174.0496 575.6154 205.1286 1.5800 1.7323 4.4231 -2.8539 1.6481 39.0698 -4.7200 0.9706
Car -1 -1 -7.8489 634.6856 171.7124 658.4147 195.7056 1.5552 1.5374 3.3419 2.4278 1.4809 48.4788 -7.7996 0.9163
Car -1 -1 -7.8893 633.1908 172.0522 658.5507 195.7259 1.5334 1.5725 3.4123 2.3460 1.4812 48.4521 -7.8416 0.8376
Car -1 -1 -7.6447 396.7821 182.2330 517.8230 263.4713 1.4389 1.6373 4.3091 -3.1410 1.6675 15.4433 -7.8428 0.8353
Car -1 -1 -7.6421 390.4615 182.3668 515.4942 267.2931 1.4796 1.6572 4.3935 -3.1859 1.7097 15.2685 -7.8452 0.8307
Car -1 -1 -4.6432 535.9058 174.0009 574.0007 205.3343 1.5937 1.7602 4.3288 -2.9585 1.6589 39.0283 -4.7189 0.7999
Car -1 -1 -4.6324 538.5797 173.9564 574.6604 205.2386 1.5887 1.6383 3.6865 -2.8500 1.6503 38.6236 -4.7060 0.7900
Car -1 -1 -4.6200 539.1773 173.4596 575.6379 205.3947 1.6229 1.6123 3.7045 -2.8063 1.6566 38.6072 -4.6925 0.7831
Car -1 -1 -7.7671 509.8114 177.3120 560.5446 219.2932 1.4933 1.6379 3.6702 -2.8738 1.6768 27.9047 -7.8694 0.7823
Car -1 -1 -7.8869 634.8719 172.3780 659.9889 196.1131 1.5384 1.5658 3.3858 2.4524 1.5073 48.4736 -7.8371 0.7800
Car -1 -1 -7.9555 630.6099 171.4060 659.6725 195.5338 1.5651 1.5767 3.7699 2.3039 1.4709 48.7299 -7.9089 0.7419
Car -1 -1 -7.9867 651.0137 168.5728 702.7267 212.1729 1.7076 1.6372 3.8863 2.6904 1.5397 30.2380 -7.8994 0.7374
Car -1 -1 -7.8057 635.4436 171.5229 660.8445 195.7682 1.5701 1.5437 3.5127 2.5635 1.4836 48.5512 -7.7536 0.7085
Car -1 -1 -4.6633 539.6899 175.7057 573.3200 205.0325 1.4884 1.6172 4.1886 -2.8912 1.6512 39.1452 -4.7370 0.6863
Car -1 -1 -8.0138 654.9776 173.5434 716.3516 220.1833 1.5500 1.5982 3.7249 2.5973 1.5763 25.9440 -7.9157 0.6791
Car -1 -1 -7.9774 651.4293 167.3536 703.1678 212.3790 1.7598 1.6437 4.1343 2.7091 1.5445 30.2962 -7.8896 0.6785
Car -1 -1 -7.9548 629.4073 171.7267 657.7801 196.0228 1.5756 1.5613 3.4283 2.1950 1.5022 48.5481 -7.9103 0.6653
Car -1 -1 -7.8581 635.2197 171.4859 659.9214 195.0612 1.5305 1.6027 3.8941 2.4969 1.4414 48.8240 -7.8077 0.6235
Car -1 -1 -4.6412 541.8253 175.7225 576.9680 205.4449 1.5090 1.6059 4.2485 -2.7334 1.6728 39.1672 -4.7108 0.6125
Car -1 -1 -4.5261 538.7242 174.6110 583.6786 205.6920 1.5718 1.6663 4.2270 -2.6094 1.6717 38.9362 -4.5930 0.5846
Car -1 -1 -8.0027 648.2003 169.4724 699.3690 211.9427 1.6597 1.5732 3.7234 2.5535 1.5272 30.1054 -7.9194 0.5316
Car -1 -1 -8.0073 678.9801 179.1402 758.9600 236.3712 1.4199 1.6047 3.9310 2.9095 1.6138 20.3117 -7.8678 0.5298
Car -1 -1 -7.8222 513.6093 176.7856 558.4161 217.5401 1.4710 1.6326 4.2048 -2.9117 1.6383 28.6121 -7.9232 0.4637
Car -1 -1 -7.9942 648.9979 167.9528 703.0364 212.0685 1.7123 1.6871 3.9057 2.6297 1.5217 30.0005 -7.9081 0.4288
Car -1 -1 -4.8098 650.3922 171.8427 697.6939 210.9934 1.5518 1.6218 3.6481 2.5983 1.5114 30.4346 -4.7260 0.4081
Car -1 -1 -4.6249 541.1366 174.4567 578.6023 205.7296 1.5566 1.6728 3.3386 -2.6204 1.6439 37.7708 -4.6941 0.3347
Car -1 -1 -4.4984 541.6425 173.3055 586.7516 205.5161 1.6214 1.5956 3.9586 -2.4224 1.6465 38.4552 -4.5613 0.3165
Car -1 -1 -4.6439 536.6401 174.0871 573.5294 205.8005 1.5768 1.6941 3.4269 -2.8666 1.6439 37.7282 -4.7196 0.3158
Car -1 -1 -4.7015 534.1032 173.5549 568.9247 205.2581 1.5975 1.7563 3.8549 -3.1331 1.6365 38.4308 -4.7828 0.2900
Car -1 -1 -7.7934 464.2396 177.1945 499.6016 209.0497 1.4829 1.5357 3.0930 -6.3298 1.7069 35.6556 -7.9683 0.0771
Car -1 -1 -2.5378 440.7079 175.8727 514.2355 207.9870 1.5040 1.7805 3.0957 -6.5535 1.6583 35.5090 -2.7194 0.0497
Car -1 -1 -7.8672 463.1067 176.9934 497.2794 210.1800 1.5444 1.5933 3.3313 -6.5038 1.7598 35.8102 -8.0460 0.0465
Car -1 -1 -2.6477 429.3713 176.7801 503.5814 209.0363 1.5137 1.6941 3.1488 -7.0725 1.7132 35.4419 -2.8437 0.0361
Car -1 -1 -7.7745 463.2222 176.6169 502.4139 209.3029 1.5307 1.6534 3.4943 -6.3407 1.7277 36.0245 -7.9479 0.0301
Car -1 -1 -7.8234 462.4511 176.5211 499.1056 210.1884 1.5719 1.6896 3.7052 -6.4504 1.7649 36.0703 -7.9995 0.0245
Car -1 -1 -7.7454 464.7156 177.6870 505.4824 209.5600 1.4812 1.6290 3.4606 -6.1956 1.7330 35.8487 -7.9157 0.0195
Car -1 -1 -2.7128 415.3979 176.0914 499.8367 209.0664 1.5428 1.8040 3.6184 -7.4648 1.7066 35.2875 -2.9201 0.0190
Car -1 -1 -4.5311 567.1159 171.2830 592.6984 188.7327 1.5386 1.6124 4.1408 -2.7313 1.3998 65.7846 -4.5727 0.0179
Car -1 -1 -4.6690 567.5912 171.5895 587.1144 189.0617 1.5416 1.6029 4.0961 -2.9675 1.4297 65.7111 -4.7143 0.0179
Pedestrian -1 -1 -5.1024 854.3206 162.5037 890.4603 243.5069 1.7713 0.5342 0.6859 5.8068 1.5447 16.1343 -4.7634 0.0168
Car -1 -1 -4.8031 563.9462 171.0284 586.2911 189.8082 1.6529 1.6575 4.1344 -3.2266 1.4919 65.6685 -4.8523 0.0156
Car -1 -1 -2.8857 415.5823 176.8789 499.3419 209.5702 1.5365 1.6706 3.6795 -7.4104 1.7370 35.0644 -3.0929 0.0125
Car -1 -1 -4.1520 22.7029 161.1698 157.4505 220.9341 1.5971 1.4588 3.6655 -15.1158 1.2846 21.1513 -4.7666 0.0120
Car -1 -1 -4.6266 569.1863 169.5145 590.7899 185.9762 1.4491 1.6657 3.4478 -2.7122 1.1549 65.2765 -4.6682 0.0119
Car -1 -1 -2.9527 412.1964 176.7258 501.3981 210.2606 1.5751 1.6910 3.9829 -7.4129 1.7673 34.9773 -3.1604 0.0108
Car -1 -1 -7.7803 462.5723 176.3378 504.5355 208.5247 1.5054 1.7923 3.8359 -6.3216 1.6894 36.1752 -7.9525 0.0102
Car -1 -1 -4.7157 567.0665 169.9434 585.7994 185.9434 1.4065 1.6462 3.3634 -3.0602 1.1504 65.1511 -4.7627 0.0101
Car -1 -1 -8.0304 454.5446 177.2944 501.7259 211.3150 1.5797 1.7070 3.5818 -6.6636 1.8130 35.9954 -8.2126 0.0099
Car -1 -1 -4.3536 566.8271 170.3584 600.9653 188.7036 1.6111 1.7150 4.2737 -2.3562 1.3917 65.6666 -4.3896 0.0097
Car -1 -1 -4.0409 12.6773 160.9635 161.3783 221.5908 1.6243 1.4961 3.7907 -15.2707 1.3054 21.2642 -4.6579 0.0097
Car -1 -1 -5.0371 555.8724 169.4226 588.7435 187.9209 1.6241 1.7439 4.1584 -3.4858 1.3225 65.6030 -5.0902 0.0070
Car -1 -1 -5.9808 47.4029 162.6328 207.1071 215.4622 1.5132 1.6044 3.7273 -14.5928 1.2201 21.9508 -6.5620 0.0060
Car -1 -1 -3.8349 28.3996 158.3370 181.1567 218.5886 1.6314 1.4754 3.6035 -14.9206 1.2380 21.4707 -4.4365 0.0054
Car -1 -1 -6.9959 52.6327 160.6290 184.5637 211.4659 1.4405 1.5865 3.0416 -14.9999 1.0938 22.1220 -7.5863 0.0049
Car -1 -1 -6.0663 51.5899 164.0251 218.6341 213.6415 1.4261 1.6117 4.0357 -14.4895 1.1721 22.1979 -6.6393 0.0047
Car -1 -1 -5.9343 55.1561 161.0844 227.8852 213.4633 1.5128 1.6491 4.1201 -14.2421 1.1726 22.0909 -6.5016 0.0046
Pedestrian -1 -1 -3.7707 842.9148 159.2007 886.8005 246.4365 1.8625 0.5603 0.7108 5.5155 1.5707 15.7778 -3.4410 0.0045
Pedestrian -1 -1 -5.3149 853.3807 156.2756 897.1500 242.2543 1.8385 0.6099 0.7008 5.7653 1.4837 15.8461 -4.9726 0.0043
Car -1 -1 -2.8356 26.1238 162.7365 178.4732 217.0598 1.5488 1.5825 3.4518 -15.2798 1.2600 21.8358 -3.4405 0.0042
Car -1 -1 -4.7162 652.7440 173.7020 680.3813 198.6585 1.3383 1.4849 4.0377 3.1545 1.3885 40.8992 -4.6402 0.0041
Car -1 -1 -4.5162 400.1138 176.0456 478.6898 225.2452 1.4077 1.6645 4.0281 -5.3630 1.5179 22.9486 -4.7437 0.0039
Car -1 -1 -4.1976 523.3849 173.9858 571.7696 195.9905 1.4324 1.6030 3.8530 -4.2469 1.5127 49.2690 -4.2835 0.0036
Car -1 -1 -5.8449 42.5511 160.0186 207.1816 217.0650 1.6322 1.6570 3.7712 -14.5396 1.2646 21.7376 -6.4289 0.0033
Car -1 -1 -7.1778 39.7296 158.7363 174.1040 215.1995 1.5884 1.6318 3.3217 -15.2502 1.1909 22.0153 -7.7781 0.0032
Car -1 -1 -4.1549 0.0000 167.9526 0.0000 374.0000 1.4787 1.6524 3.8844 -7.8058 1.4563 5.3693 -5.0996 0.0031
Car -1 -1 -4.4261 517.4321 174.6417 555.8057 195.8019 1.3846 1.5847 3.9176 -5.0324 1.5124 49.6341 -4.5269 0.0030
Car -1 -1 -6.5315 0.0000 0.0000 1241.0000 374.0000 1.5448 1.5912 3.6831 -4.9988 1.6725 1.4378 -7.7706 0.0030
Car -1 -1 -4.2652 520.4477 174.3087 565.4227 195.5880 1.4045 1.5910 3.8594 -4.6307 1.5092 49.9944 -4.3574 0.0030
Car -1 -1 -8.9910 0.0000 0.0000 1241.0000 374.0000 1.5489 1.5813 3.5450 4.2437 1.5477 1.2651 -7.7726 0.0030
Car -1 -1 -8.9384 0.0000 0.0000 1241.0000 374.0000 1.5592 1.5784 3.5335 3.4844 1.5500 1.1944 -7.7719 0.0030
Car -1 -1 -9.0284 0.0000 0.0000 1241.0000 374.0000 1.5440 1.5875 3.5686 5.0187 1.5477 1.3435 -7.7731 0.0030
Car -1 -1 -8.9666 0.0000 0.0000 1241.0000 374.0000 1.5528 1.5850 3.5604 3.8879 1.5407 1.2370 -7.7713 0.0030
Car -1 -1 -4.4504 516.6447 175.3225 554.4251 196.8015 1.3776 1.5889 3.8888 -5.0209 1.5512 48.7920 -4.5528 0.0030
Car -1 -1 -3.4544 0.0000 0.0000 1241.0000 374.0000 1.5637 1.5963 3.7695 -5.4548 1.6720 1.7953 -4.6611 0.0030
Car -1 -1 -9.0120 0.0000 0.0000 1241.0000 374.0000 1.5390 1.5883 3.5728 4.6506 1.5452 1.3046 -7.7725 0.0030
Car -1 -1 -3.4375 0.0000 0.0000 1241.0000 374.0000 1.5817 1.6099 3.8191 -5.8456 1.7209 1.8260 -4.6620 0.0030
Car -1 -1 -4.2374 518.3823 174.4908 565.3401 196.4145 1.4229 1.6027 3.8594 -4.6326 1.5390 49.2301 -4.3311 0.0030
Car -1 -1 -4.1679 523.9518 173.5114 572.7502 195.0081 1.4249 1.6149 3.8440 -4.2606 1.4721 50.0363 -4.2528 0.0030
Pedestrian -1 -1 -6.0605 373.0922 170.6322 394.3527 235.8792 1.5280 0.5039 0.3804 -5.4303 1.4757 17.1636 -6.3630 0.0030
Car -1 -1 -4.4213 387.8799 176.3714 477.3322 226.7267 1.3946 1.6210 3.8667 -5.3982 1.5124 22.2347 -4.6573 0.0028
Car -1 -1 -5.4607 566.1235 173.6103 622.4339 193.9601 1.4962 1.7764 4.4362 -1.2738 1.5563 55.4245 -5.4840 0.0028
Pedestrian -1 -1 -6.1205 375.4192 174.5792 396.1237 240.1791 1.5464 0.5009 0.3979 -5.4233 1.5881 17.2983 -6.4205 0.0026
Car -1 -1 -7.1471 57.9226 156.0698 189.1206 208.5807 1.5135 1.5813 3.3701 -15.1192 1.0294 22.5655 -7.7321 0.0022
Car -1 -1 -6.8771 59.7311 157.7822 199.0680 207.0257 1.3990 1.5883 3.2501 -14.7898 0.9705 22.3042 -7.4573 0.0022
Car -1 -1 -4.4488 638.0563 173.8772 681.8930 198.7906 1.3178 1.4798 3.9395 2.8128 1.3778 40.4417 -4.3802 0.0020
Car -1 -1 -7.3192 57.3771 158.2244 174.5854 210.9666 1.5325 1.5752 3.2675 -15.4145 1.1071 22.6419 -7.9116 0.0018
Car -1 -1 -5.5185 571.0236 172.9605 623.7498 193.5926 1.5188 1.6427 3.9984 -1.0192 1.5269 55.0952 -5.5373 0.0017
Car -1 -1 -4.6555 404.5705 175.2377 462.9617 220.7861 1.3499 1.6263 4.0925 -5.7658 1.4353 23.7689 -4.8913 0.0017
Car -1 -1 -7.9400 635.5654 177.8322 728.9536 257.6621 1.4944 1.6569 3.3485 1.3802 1.6118 15.3907 -7.8533 0.0015
Car -1 -1 -5.0386 518.6857 160.9649 549.8918 184.8011 2.0338 1.6553 3.6277 -6.7207 1.0191 63.5588 -5.1438 0.0015
Pedestrian -1 -1 -6.0776 362.6563 167.8780 386.6603 236.3192 1.6199 0.5466 0.4470 -5.7134 1.5019 17.3739 -6.3913 0.0013
Cyclist -1 -1 -5.8180 44.9003 153.5531 138.1033 216.3180 1.8175 0.8639 2.0892 -15.4467 1.2583 21.4799 -6.4357 0.0012
Car -1 -1 -4.8692 524.0361 161.7993 549.3109 184.9156 1.9784 1.6417 3.8291 -6.5369 1.0320 63.8127 -4.9711 0.0009
Car -1 -1 -4.6897 529.9427 164.3342 548.1526 184.9273 1.7714 1.5258 3.6070 -6.2854 1.0382 63.9211 -4.7876 0.0009
