Car -1 -1 -7.7655 591.0453 178.9475 621.0936 202.0886 1.4468 1.6565 4.1740 -0.2543 1.8733 48.3910 -7.7712 0.9135
Car -1 -1 -7.8309 590.9830 178.8134 616.8116 201.9767 1.4503 1.6392 4.2673 -0.4042 1.8677 48.4267 -7.8397 0.8790
Car -1 -1 -7.7272 592.2277 178.9205 624.3405 202.3237 1.4609 1.6352 4.2286 -0.1032 1.8859 48.3811 -7.7298 0.8557
Car -1 -1 -3.8698 0.0000 174.4092 53.7252 323.3375 1.9732 1.6915 4.2818 -11.7473 2.0031 11.8011 -4.6416 0.8102
Car -1 -1 -3.9122 0.0000 179.1050 58.4828 322.0390 1.8829 1.6973 4.2727 -11.6504 2.0041 11.8591 -4.6775 0.7248
Car -1 -1 -7.7835 592.7582 179.0790 620.9337 202.3810 1.4550 1.6117 3.9109 -0.2061 1.8872 48.1294 -7.7882 0.7137
Car -1 -1 -4.0116 0.0000 180.0885 50.4671 325.2049 1.8433 1.6789 4.4124 -11.5256 1.9824 11.6483 -4.7802 0.5902
Car -1 -1 -7.8918 590.8953 179.2762 617.2516 202.6051 1.4546 1.6010 3.8259 -0.4614 1.8989 48.0103 -7.9019 0.4713
Car -1 -1 -7.8974 587.9435 179.1361 615.1754 202.6357 1.4694 1.6379 4.0703 -0.6352 1.9078 48.3068 -7.9110 0.4115
Car -1 -1 -4.6456 479.1170 181.8455 501.5713 200.6701 1.5429 1.6656 4.3278 -10.5202 2.3618 63.5068 -4.8095 0.3815
Car -1 -1 -5.0163 665.3494 171.9509 703.8868 196.5722 1.7083 1.6390 4.0045 5.3190 1.6454 52.1901 -4.9157 0.3731
Car -1 -1 -4.5881 480.5546 182.8549 504.6136 201.1667 1.4987 1.6013 3.9913 -10.2888 2.4037 63.2892 -4.7490 0.3730
Car -1 -1 -3.6207 0.0000 178.1249 59.4520 318.9807 1.9306 1.7294 3.9376 -12.0167 2.0350 12.1913 -4.3879 0.3648
Car -1 -1 -4.1267 0.0000 182.6502 48.0452 326.4007 1.8157 1.6406 4.2637 -11.3209 2.0041 11.6607 -4.8859 0.3052
Car -1 -1 -3.6400 0.0000 179.0601 50.9366 322.3252 1.9021 1.6644 4.0052 -11.9699 2.0229 11.9248 -4.4161 0.2635
Car -1 -1 -4.6350 479.1800 182.6509 501.1980 201.0995 1.5075 1.6027 3.9286 -10.4767 2.3920 63.1381 -4.7992 0.2607
Car -1 -1 -4.6266 480.0681 182.0799 502.8397 200.6247 1.5139 1.6437 3.6831 -10.2942 2.3396 62.6931 -4.7890 0.2591
Car -1 -1 -7.9138 591.6484 179.2170 620.7111 203.4553 1.4696 1.6283 4.4155 -0.3265 1.9054 47.1917 -7.9211 0.2354
Car -1 -1 -3.9802 0.0000 190.9334 33.1241 331.5973 1.6528 1.6971 4.5319 -11.7207 1.9956 11.3820 -4.7685 0.2261
Car -1 -1 -4.7134 478.9543 182.1479 498.3956 200.5370 1.5001 1.6176 3.4932 -10.5501 2.3299 62.5931 -4.8801 0.2122
Car -1 -1 -7.8384 589.4991 179.7977 615.0469 204.0435 1.4660 1.5880 4.2435 -0.5059 1.9381 46.9683 -7.8496 0.1980
Car -1 -1 -5.0676 665.4631 172.8371 704.7216 196.1739 1.6132 1.6617 3.5582 5.3202 1.6117 51.8086 -4.9662 0.1961
Car -1 -1 -4.7391 678.0210 172.0793 702.5487 196.4603 1.6972 1.6491 3.9847 5.7521 1.6430 52.2804 -4.6305 0.1544
Pedestrian -1 -1 -3.1146 812.1534 159.9508 816.2720 191.0704 1.8837 0.4672 0.2302 12.3992 1.1024 43.9327 -2.8415 0.1528
Car -1 -1 -4.4967 480.5976 182.7370 509.5881 200.9303 1.4846 1.6498 4.2212 -10.0746 2.3818 63.3739 -4.6541 0.1411
Car -1 -1 -3.4718 0.0000 177.8760 44.9085 323.1213 1.9563 1.7321 3.9707 -12.2264 2.0548 12.0318 -4.2541 0.1366
Car -1 -1 -5.1529 659.0994 172.2575 703.5703 196.8958 1.7072 1.6249 4.0354 5.0773 1.6656 52.1690 -5.0568 0.1158
Pedestrian -1 -1 -3.9540 1155.0085 137.6574 1183.6929 206.4410 2.0142 0.5950 0.3496 16.5748 0.9832 21.4508 -3.3029 0.1103
Car -1 -1 -5.2673 650.9398 172.6199 702.4935 197.3374 1.7098 1.7041 4.2842 4.7424 1.6933 52.2082 -5.1777 0.1095
Car -1 -1 -4.3806 479.0215 181.7654 514.8500 200.6082 1.5377 1.7211 4.5771 -9.9313 2.3521 63.5621 -4.5354 0.1024
Car -1 -1 -5.4884 647.8127 172.9781 702.4225 197.1540 1.6639 1.6346 3.8917 4.5982 1.6728 51.7024 -5.4006 0.0998
Car -1 -1 -4.5691 442.4618 183.0601 488.3613 213.2297 1.4431 1.7430 4.7167 -7.6851 2.0219 38.5392 -4.7651 0.0989
Pedestrian -1 -1 -3.3855 1153.8154 137.8459 1175.9100 207.1080 2.0258 0.5941 0.3843 16.4427 1.0016 21.4527 -2.7383 0.0942
Car -1 -1 -4.4847 677.8862 172.0461 712.3967 196.5635 1.7046 1.6111 4.0889 6.1881 1.6481 52.3622 -4.3682 0.0715
Car -1 -1 -4.7684 476.6578 183.0007 497.3744 201.2762 1.4881 1.5721 3.7229 -10.7768 2.4010 62.9496 -4.9377 0.0588
Pedestrian -1 -1 -2.8223 813.9395 160.0134 820.0812 190.8427 1.8635 0.4552 0.2287 12.5503 1.0870 43.8656 -2.5457 0.0535
Car -1 -1 -4.4606 376.0233 172.9969 449.3126 222.5221 2.0817 2.0107 5.0565 -8.9062 2.0884 32.8829 -4.7235 0.0520
Car -1 -1 -4.6322 448.3422 182.3905 486.7449 212.6057 1.4734 1.6810 4.4046 -7.6597 2.0175 38.9093 -4.8257 0.0390
Car -1 -1 -6.1676 576.8704 179.9787 635.8979 201.2858 1.3509 1.6091 3.7200 -0.2465 1.8287 47.4201 -6.1733 0.0389
Car -1 -1 -5.4622 647.8213 171.9003 703.4808 197.0499 1.7385 1.6359 4.0962 4.6576 1.6723 51.9957 -5.3738 0.0352
Car -1 -1 -6.2354 567.4019 179.1314 627.0385 201.1264 1.4268 1.5482 3.9079 -0.8553 1.8523 48.1105 -6.2536 0.0322
Car -1 -1 -2.9400 565.2063 180.0860 631.3506 203.4000 1.4846 1.4658 4.1670 -0.7930 1.9738 47.7341 -2.9570 0.0318
Car -1 -1 -4.4988 448.5948 183.5997 495.1855 212.2968 1.3935 1.6087 4.1487 -7.3798 2.0007 38.7000 -4.6865 0.0268
Car -1 -1 -4.3598 482.1679 181.8122 516.7357 200.4108 1.5178 1.6227 4.2732 -9.6771 2.3315 63.3102 -4.5113 0.0218
Car -1 -1 -2.9376 557.4905 179.9985 623.8314 203.9825 1.5203 1.5105 4.1471 -1.2890 2.0014 47.5052 -2.9651 0.0141
Car -1 -1 -4.3143 69.1959 189.4451 140.6383 223.6580 1.5187 1.5923 3.7044 -25.0887 2.3899 35.9229 -4.9207 0.0127
Car -1 -1 -4.0190 78.5693 188.9119 172.4432 223.9591 1.5667 1.6681 4.1233 -24.3225 2.4230 36.3530 -4.6055 0.0122
Car -1 -1 -2.9714 561.1584 180.0585 627.9637 203.8826 1.5038 1.5927 4.1702 -1.0232 1.9867 47.3021 -2.9934 0.0113
Car -1 -1 -5.5737 0.0000 183.7794 49.3749 308.5891 1.8399 1.7418 4.0895 -12.0131 2.0342 11.8311 -6.3555 0.0109
Car -1 -1 -4.4940 485.4141 178.6101 518.9839 200.1222 1.4470 1.5942 3.7547 -7.6821 1.8729 51.4952 -4.6417 0.0105
Car -1 -1 -3.8702 439.9318 180.4701 508.4785 205.6646 1.4283 1.6375 4.0820 -8.3197 1.9180 44.3014 -4.0552 0.0103
Car -1 -1 -4.0881 72.6345 189.3810 159.6741 223.5383 1.5278 1.6293 3.8780 -24.6558 2.4001 36.1337 -4.6836 0.0102
Car -1 -1 -4.3444 456.0639 181.1353 505.7635 207.4707 1.4763 1.6296 4.0506 -7.8333 2.0049 43.9402 -4.5202 0.0101
Car -1 -1 -3.5174 434.2749 181.9187 508.2823 207.4565 1.4717 1.7059 4.1700 -8.6127 2.0563 44.7219 -3.7070 0.0097
Car -1 -1 -4.5776 453.4754 183.8857 492.6120 211.3521 1.3387 1.5555 3.8733 -7.3359 1.9607 38.7276 -4.7640 0.0097
Car -1 -1 -4.6801 456.6934 179.3531 490.4411 210.2449 1.6614 1.7912 4.3907 -7.9396 2.0609 42.0820 -4.8659 0.0079
Car -1 -1 -4.5060 483.2177 177.8527 518.3484 199.8331 1.4763 1.6764 4.0913 -7.7777 1.8472 51.5010 -4.6556 0.0078
Car -1 -1 -3.2551 437.1285 180.6792 506.9741 205.6403 1.4809 1.7170 4.1234 -8.6749 1.9857 45.1410 -3.4443 0.0069
Car -1 -1 -2.6873 450.8465 179.0277 517.1131 201.5948 1.4598 1.6659 4.0993 -8.5435 1.8887 48.7920 -2.8601 0.0060
Car -1 -1 -3.9262 78.3730 188.8545 175.6706 224.7493 1.5943 1.6503 4.0642 -24.0988 2.4429 36.1260 -4.5113 0.0060
Car -1 -1 -4.8622 460.8446 178.8260 496.3307 201.8333 1.3864 1.6315 4.3997 -8.6457 1.7948 47.0417 -5.0433 0.0059
Cyclist -1 -1 -2.1577 0.0000 166.1626 57.2271 288.6717 2.1997 0.4993 1.7506 -11.2551 2.0792 13.4501 -2.8449 0.0054
Car -1 -1 -3.0559 556.2466 180.5877 622.8964 204.8666 1.5335 1.6783 4.2261 -1.3350 2.0488 47.1421 -3.0846 0.0052
Cyclist -1 -1 -7.2399 0.0000 167.0626 57.7380 294.6406 2.1788 0.5232 1.8467 -11.1170 2.0796 13.2625 -7.9277 0.0052
Car -1 -1 -4.4515 440.7403 183.2183 494.8014 213.7464 1.4164 1.6378 4.4833 -7.3151 1.9851 37.3247 -4.6442 0.0050
Car -1 -1 -2.9550 444.3560 179.4671 513.0864 201.7512 1.4514 1.7734 4.2848 -8.8033 1.9033 48.4340 -3.1343 0.0050
Car -1 -1 -2.9726 436.1681 181.9596 504.6261 205.1420 1.4099 1.6893 4.0083 -8.7888 1.9945 45.4647 -3.1629 0.0048
Car -1 -1 -3.3531 474.8768 183.1231 524.7087 201.5947 1.5232 1.5077 4.0406 -9.5701 2.4327 62.5023 -3.5048 0.0043
Car -1 -1 -2.5364 451.3402 177.6808 519.4291 200.8815 1.5037 1.7441 4.3541 -8.5320 1.8438 49.1815 -2.7076 0.0042
Car -1 -1 -4.3155 440.4590 180.5577 475.9575 197.4050 1.3552 1.5596 4.0113 -13.0421 2.0404 62.0932 -4.5220 0.0042
Car -1 -1 -4.8754 473.7271 177.7235 508.1269 200.4544 1.4544 1.6790 4.0447 -8.2049 1.8014 49.2864 -5.0398 0.0041
Cyclist -1 -1 -7.1591 0.0000 158.1599 66.7335 291.6444 2.2872 0.7344 2.1635 -11.3612 2.0351 13.4459 -7.8511 0.0040
Car -1 -1 -3.7074 436.0223 178.8124 509.2852 203.7583 1.4384 1.7107 4.1889 -8.4915 1.8237 44.6419 -3.8947 0.0037
Car -1 -1 -4.5702 446.2232 180.8686 489.6339 212.7280 1.5126 1.6867 3.6370 -7.2791 1.9445 37.0515 -4.7633 0.0035
Car -1 -1 -4.9357 697.0760 175.4927 731.2073 198.8166 1.4750 1.4946 3.4831 6.8314 1.6562 47.8332 -4.7952 0.0033
Car -1 -1 -2.4951 439.9121 181.9088 505.9685 204.5692 1.3523 1.6433 3.9372 -8.7691 1.9489 45.9524 -2.6831 0.0032
Car -1 -1 -4.2492 434.3106 181.0069 472.4993 198.2102 1.3886 1.6211 3.9748 -13.5175 2.1172 62.3834 -4.4620 0.0031
Car -1 -1 -4.4718 433.2063 181.2267 463.0497 198.0224 1.3525 1.6012 3.9934 -13.9202 2.0964 62.1230 -4.6917 0.0030
Car -1 -1 -4.4407 433.3508 181.2450 463.1508 197.9939 1.3858 1.5793 3.8914 -14.2577 2.1491 63.6728 -4.6604 0.0030
Car -1 -1 -4.4996 437.6747 180.7911 466.4719 197.6544 1.3539 1.6115 3.9414 -13.5030 2.0547 61.7607 -4.7143 0.0030
Car -1 -1 -4.3475 438.8420 180.9183 472.7621 197.7485 1.3816 1.6110 3.9337 -13.5038 2.1116 63.2784 -4.5572 0.0030
Car -1 -1 -4.4381 430.9843 181.0702 461.0671 198.0274 1.3874 1.5755 3.8393 -14.2769 2.1256 62.8905 -4.6608 0.0030
Car -1 -1 -4.4560 435.4846 181.5005 465.4475 198.1265 1.3557 1.6054 3.9333 -13.8933 2.1333 62.9107 -4.6728 0.0030
Car -1 -1 -4.4835 438.6103 181.4958 467.4584 198.0376 1.3659 1.6165 4.0321 -13.8464 2.1531 63.7260 -4.6969 0.0030
Car -1 -1 -4.8143 466.9010 177.7541 500.3243 201.7154 1.4490 1.6899 4.4903 -8.3109 1.7841 47.0002 -4.9887 0.0030
Pedestrian -1 -1 -6.7601 1206.0739 125.6383 1241.0000 281.8634 1.6064 0.5254 0.3488 6.6714 1.1206 7.7133 -6.0658 0.0029
Car -1 -1 -4.9291 462.8321 177.6645 502.5263 201.9097 1.4635 1.6963 4.0119 -8.2982 1.7884 46.5969 -5.1047 0.0027
Car -1 -1 -5.0795 454.4573 178.8462 502.1232 202.4500 1.4195 1.6253 4.2236 -8.6127 1.8260 46.7490 -5.2611 0.0026
Car -1 -1 -4.5031 443.1253 180.4056 470.9903 196.9279 1.3717 1.6111 4.0041 -13.4951 2.0595 63.7386 -4.7113 0.0026
Car -1 -1 -4.3852 443.1726 180.3347 475.1504 197.1342 1.3748 1.5762 3.8357 -13.1181 2.0466 62.8285 -4.5905 0.0024
Car -1 -1 -3.0547 476.0981 182.6106 523.3820 201.0017 1.5405 1.4693 3.9179 -9.5024 2.3930 62.2097 -3.2060 0.0022
Car -1 -1 -4.1203 231.5802 184.3182 273.1695 201.1886 1.5416 1.6857 4.0547 -35.1243 2.7021 70.9384 -4.5788 0.0022
Car -1 -1 -4.1129 433.2913 182.6071 502.1763 212.5635 1.6032 1.6623 4.6473 -8.3653 2.2131 42.6808 -4.3057 0.0019
Car -1 -1 -4.6120 486.2136 179.7727 512.3951 201.9184 1.4252 1.4455 3.2372 -7.5380 1.9117 49.1202 -4.7639 0.0019
Cyclist -1 -1 -7.2995 0.0000 168.7298 63.5144 289.9524 2.1350 0.3990 1.7335 -11.1112 2.0621 13.5925 -7.9753 0.0017
Car -1 -1 -4.6110 480.3691 178.3429 509.8170 200.9744 1.4534 1.6111 3.7520 -7.8258 1.8418 49.1849 -4.7683 0.0014
Car -1 -1 -4.6665 473.5845 177.2331 502.6524 202.8496 1.5554 1.6649 4.2172 -7.8870 1.8521 46.7536 -4.8330 0.0014
Car -1 -1 -4.4924 475.4488 178.9293 510.7642 203.0830 1.4730 1.5090 3.6077 -7.5687 1.8821 46.7766 -4.6523 0.0009
Car -1 -1 -4.5133 473.7071 177.1053 508.9132 201.8301 1.5122 1.6045 3.3468 -7.6292 1.7954 46.4174 -4.6756 0.0008
Pedestrian -1 -1 -2.7027 0.0000 167.5059 44.2960 286.7586 2.1363 0.8163 0.6371 -11.1397 2.0402 13.3987 -3.3867 0.0007
