Car -1 -1 -4.4950 385.3427 187.2218 501.9885 263.2964 1.4827 1.7425 4.4640 -3.8222 1.8681 17.1386 -4.7119 0.9998
Car -1 -1 -4.5410 458.5680 173.1373 523.6794 228.1320 1.7871 1.6108 3.9355 -4.1502 1.7976 25.4439 -4.7016 0.9998
Car -1 -1 -4.5215 456.1934 173.3768 524.0597 228.4534 1.7851 1.6137 4.0673 -4.1856 1.8048 25.4819 -4.6832 0.9024
Car -1 -1 -4.9529 508.0406 175.8689 551.3356 202.4201 1.4756 1.5847 4.2370 -4.8596 1.6639 42.8741 -5.0655 0.2915
Car -1 -1 -6.6522 512.3185 176.1586 577.3363 199.5480 1.4738 1.5834 3.9586 -4.3162 1.6984 47.5019 -6.7427 0.1845
Car -1 -1 -3.3333 509.0941 177.2823 571.7181 199.9051 1.4328 1.5737 3.8751 -4.6248 1.7321 47.5142 -3.4302 0.1841
Car -1 -1 -7.2161 518.2922 175.9879 573.0121 200.6063 1.5316 1.6335 3.8189 -4.2208 1.7464 47.4669 -7.3047 0.1713
Car -1 -1 -7.8743 563.7592 171.7801 580.1071 187.0740 1.4704 1.5330 3.7245 -3.7998 1.3668 71.2831 -7.9276 0.1696
Car -1 -1 -4.5845 565.0297 171.0812 585.7655 186.5717 1.4876 1.5718 3.8332 -3.4096 1.3170 71.2634 -4.6324 0.1521
Car -1 -1 -4.3813 565.1250 170.2936 592.8820 185.7932 1.4854 1.5890 3.8008 -3.0465 1.2397 71.1971 -4.4242 0.1150
Car -1 -1 -3.2730 508.4868 177.0419 569.3102 199.8420 1.4405 1.5968 3.7850 -4.7029 1.7214 47.2398 -3.3721 0.0979
Car -1 -1 -3.3899 509.7989 176.7388 576.3177 200.1694 1.4874 1.6435 4.1047 -4.4670 1.7520 47.7490 -3.4831 0.0834
Car -1 -1 -4.0932 509.4278 175.5698 564.5751 198.7152 1.4248 1.6291 3.8719 -4.7389 1.6092 46.9919 -4.1935 0.0733
Car -1 -1 -4.7515 644.2513 166.9430 668.2030 188.5756 1.5823 1.6623 3.5454 3.4375 1.1497 54.5684 -4.6892 0.0546
Car -1 -1 -4.1799 515.7257 175.8500 568.3265 199.4464 1.4455 1.6394 3.9181 -4.3962 1.6486 46.8607 -4.2733 0.0543
Car -1 -1 -5.0730 503.8452 175.9447 553.0015 202.6491 1.4777 1.5164 4.1332 -4.9051 1.6693 42.6164 -5.1874 0.0540
Car -1 -1 -4.3211 642.7777 166.2080 681.1125 187.5322 1.5546 1.6543 3.5809 3.9327 1.0698 54.5728 -4.2498 0.0469
Pedestrian -1 -1 -3.8562 211.7380 184.4716 246.2918 258.4376 1.6974 0.4478 0.5653 -9.0296 1.9765 17.0110 -4.3382 0.0456
Car -1 -1 -4.0758 507.0036 174.6059 567.5712 198.3405 1.4433 1.7085 4.2160 -4.6576 1.5612 46.4556 -4.1756 0.0442
Car -1 -1 -4.7873 524.2908 176.7018 554.7720 202.5036 1.4310 1.4918 4.0366 -4.2519 1.6700 42.7643 -4.8862 0.0373
Car -1 -1 -7.3989 642.0143 165.6251 684.6815 187.3779 1.5885 1.6381 4.0174 4.0651 1.0603 54.8397 -7.3256 0.0352
Car -1 -1 -4.5136 526.0190 176.7506 564.8793 202.8829 1.4466 1.5075 4.1190 -3.8038 1.6884 42.7058 -4.6023 0.0350
Car -1 -1 -4.9380 513.7698 176.4029 553.8987 202.4891 1.4454 1.4916 4.0235 -4.5904 1.6657 42.7071 -5.0449 0.0336
Car -1 -1 -4.9395 556.0522 172.0808 581.0720 187.2599 1.4544 1.6306 3.8754 -4.1372 1.3800 71.2222 -4.9975 0.0316
Car -1 -1 -4.7832 523.9783 176.7757 552.9515 202.4438 1.4205 1.4426 3.4715 -4.2643 1.6602 42.3244 -4.8834 0.0309
Car -1 -1 -4.0174 516.4041 175.5351 570.7863 198.3954 1.4311 1.6244 3.6299 -4.3735 1.6149 47.5848 -4.1089 0.0302
Car -1 -1 -7.6541 644.1240 166.5657 674.7135 188.1603 1.5815 1.6064 3.7804 3.7642 1.1207 54.8794 -7.5863 0.0287
Car -1 -1 -4.8237 638.8286 165.6232 665.9282 187.7359 1.6279 1.6509 3.7290 3.1692 1.0953 55.0259 -4.7667 0.0253
Car -1 -1 -4.1482 519.3581 175.5193 570.4467 199.7454 1.4943 1.6003 3.6626 -4.2236 1.6747 46.9383 -4.2378 0.0249
Cyclist -1 -1 -7.8508 376.1185 173.1771 387.9075 222.2919 1.7795 0.4085 1.7792 -8.5935 1.7917 27.0647 -8.1559 0.0245
Car -1 -1 -7.3570 643.5906 166.2513 687.2921 187.2593 1.5275 1.6381 3.8941 4.1981 1.0471 54.5421 -7.2808 0.0210
Car -1 -1 -5.0098 511.6467 177.3795 552.7634 202.9336 1.4059 1.4149 3.5364 -4.6327 1.6827 42.2755 -5.1187 0.0176
Car -1 -1 -4.0926 514.6721 175.7906 563.4253 197.5964 1.3688 1.5923 3.2810 -4.6793 1.5697 47.6021 -4.1904 0.0174
Car -1 -1 -7.8156 630.4846 164.8929 650.7755 183.3276 1.7252 1.7940 4.5308 2.9766 0.9798 69.8537 -7.7734 0.0172
Car -1 -1 -7.8523 500.8265 165.0193 521.3519 184.3913 1.6152 1.6989 4.1305 -8.5635 0.9617 62.3225 -7.9885 0.0144
Car -1 -1 -4.7451 644.7185 165.6154 667.3386 187.4232 1.6037 1.5845 3.9822 3.4533 1.0711 55.0752 -4.6831 0.0134
Car -1 -1 -8.2202 875.6627 180.0137 1194.4083 349.0162 1.3888 1.6448 3.7771 4.2565 1.4879 8.0593 -7.7501 0.0127
Car -1 -1 -4.2527 518.2729 174.3845 568.5407 199.2097 1.5156 1.6676 3.8919 -4.2659 1.6182 46.4262 -4.3442 0.0126
Cyclist -1 -1 -8.6890 1151.6587 160.1265 1241.0000 374.0000 1.6086 0.4628 2.0266 3.9100 1.5581 3.8773 -7.9374 0.0123
Car -1 -1 -4.0956 514.2217 175.1728 565.7918 198.6210 1.4771 1.5936 3.6346 -4.6292 1.6368 47.8164 -4.1919 0.0116
Car -1 -1 -4.8514 553.2292 171.5848 575.7236 187.1992 1.4955 1.6697 4.0308 -4.5422 1.3737 71.2506 -4.9151 0.0110
Car -1 -1 -7.7857 502.6996 164.5478 525.5110 183.8167 1.6102 1.6857 3.9997 -8.2776 0.9158 62.3456 -7.9174 0.0096
Car -1 -1 -4.4938 524.1221 174.9282 561.1889 196.8811 1.3977 1.6374 4.0611 -4.5062 1.5428 48.4568 -4.5864 0.0091
Car -1 -1 -4.6863 516.9891 173.6640 545.1768 199.0922 1.6154 1.7606 4.3978 -5.2654 1.6718 48.2471 -4.7948 0.0079
Pedestrian -1 -1 -4.7411 718.3127 181.7648 736.9302 232.9958 1.4647 0.5177 0.5078 3.3725 1.7275 21.0133 -4.5850 0.0075
Car -1 -1 -4.5289 507.4630 174.7498 540.3419 200.0553 1.6105 1.5470 3.5792 -5.7247 1.7412 48.0315 -4.6473 0.0071
Pedestrian -1 -1 -7.8428 260.0109 176.8987 279.6983 225.0213 1.5629 0.5819 0.6530 -11.3187 1.6990 23.9211 -8.2808 0.0070
Car -1 -1 -2.1344 0.0000 207.4100 218.5172 307.9672 1.4364 1.6223 3.5722 -8.9568 2.1161 12.7504 -2.7373 0.0064
Cyclist -1 -1 -4.4192 260.5838 175.6692 291.6085 227.1638 1.6524 0.5485 1.4112 -11.1243 1.7485 23.9701 -4.8499 0.0064
Cyclist -1 -1 -7.6648 377.3136 172.0365 399.1454 222.5645 1.8187 0.4714 1.6581 -8.2764 1.7890 26.8204 -7.9617 0.0063
Car -1 -1 -6.8641 640.8168 167.4636 694.5750 188.0564 1.5060 1.5881 3.7897 4.3272 1.1115 54.3765 -6.7854 0.0062
Pedestrian -1 -1 -7.6547 262.4086 173.2665 286.5063 225.7676 1.7111 0.6072 0.6464 -11.1589 1.7247 23.9072 -8.0875 0.0062
Car -1 -1 -4.3084 444.1948 178.0778 506.9170 207.6829 1.3465 1.5964 4.0192 -6.6160 1.6202 35.7068 -4.4907 0.0059
Car -1 -1 -3.5952 521.4276 178.1364 595.7114 203.4646 1.3926 1.4718 4.0843 -3.0120 1.7121 42.0245 -3.6667 0.0058
Car -1 -1 -4.6822 523.8932 173.4286 553.0730 197.6315 1.5458 1.8163 4.6562 -4.7995 1.5861 48.5812 -4.7806 0.0058
Cyclist -1 -1 -8.6565 1110.0026 165.7896 1241.0000 374.0000 1.5871 0.5090 1.9427 3.8593 1.5553 4.2123 -7.9497 0.0052
Car -1 -1 -6.8212 639.5991 165.3951 698.2538 187.3537 1.6155 1.7009 4.1530 4.4499 1.0664 54.7627 -6.7408 0.0052
Car -1 -1 -4.4590 510.9596 174.4034 549.8607 198.6701 1.5427 1.6286 4.0260 -5.3043 1.6505 48.2488 -4.5683 0.0052
Cyclist -1 -1 -4.7088 263.3107 178.8918 281.0639 224.3742 1.4535 0.5206 1.3396 -11.2626 1.6597 23.9661 -5.1442 0.0049
Car -1 -1 -4.0139 441.4748 179.1709 515.7542 206.7752 1.2701 1.5347 3.8718 -6.5655 1.6048 36.2031 -4.1924 0.0043
Pedestrian -1 -1 -3.8458 676.8005 176.2133 693.7720 213.0398 1.5456 0.6058 0.4275 3.1606 1.6901 30.7212 -3.7449 0.0042
Car -1 -1 -6.1093 642.5873 165.2201 703.5269 187.8121 1.6361 1.6782 4.2865 4.6670 1.0829 53.6142 -6.0232 0.0042
Car -1 -1 -4.1049 451.0216 178.7856 521.2215 206.7928 1.2909 1.5326 3.8759 -6.1885 1.6054 36.2168 -4.2733 0.0039
Car -1 -1 -4.6832 503.9704 173.0535 531.3759 199.7197 1.6974 1.6940 4.0308 -6.1415 1.7110 48.0491 -4.8100 0.0038
Car -1 -1 -4.3007 514.7573 174.2711 559.4427 196.5921 1.4213 1.5887 3.7934 -4.8597 1.5198 48.2543 -4.4009 0.0034
Pedestrian -1 -1 -3.8440 678.7007 171.3248 698.5308 211.8119 1.6978 0.7155 0.4918 3.2985 1.6334 30.6921 -3.7385 0.0033
Car -1 -1 -6.3161 644.5803 165.7465 700.4831 187.6336 1.6093 1.6456 4.1055 4.6155 1.0864 53.9795 -6.2316 0.0033
Pedestrian -1 -1 -6.4259 999.4997 160.5332 1033.1757 246.6044 1.5573 0.5967 0.4580 7.4923 1.3341 13.4148 -5.9263 0.0032
Car -1 -1 -6.5004 0.0000 0.0000 1241.0000 374.0000 1.5951 1.6116 3.7967 -5.8047 1.7512 1.5107 -7.7712 0.0030
Car -1 -1 -6.5574 0.0000 0.0000 1241.0000 374.0000 1.5652 1.5999 3.7410 -4.6199 1.6777 1.4331 -7.7725 0.0030
Car -1 -1 -6.7405 0.0000 0.0000 1241.0000 374.0000 1.5538 1.5791 3.5952 -2.5796 1.6396 1.2678 -7.7708 0.0030
Car -1 -1 -6.6053 0.0000 0.0000 1241.0000 374.0000 1.5619 1.5905 3.6687 -3.8118 1.6588 1.3459 -7.7723 0.0030
Car -1 -1 -6.5870 0.0000 0.0000 1241.0000 374.0000 1.5640 1.5958 3.7184 -4.2006 1.6762 1.4257 -7.7715 0.0030
Car -1 -1 -6.6496 0.0000 0.0000 1241.0000 374.0000 1.5567 1.5875 3.6587 -3.3932 1.6527 1.3531 -7.7714 0.0030
Car -1 -1 -6.6731 0.0000 0.0000 1241.0000 374.0000 1.5591 1.5796 3.5870 -2.9963 1.6428 1.2487 -7.7717 0.0030
Car -1 -1 -6.5387 0.0000 0.0000 1241.0000 374.0000 1.5727 1.6042 3.7591 -5.0037 1.7086 1.4749 -7.7715 0.0030
Pedestrian -1 -1 -6.6076 302.8689 178.7309 328.5079 243.9707 1.8227 0.5868 0.5192 -8.4617 1.9936 20.6210 -6.9930 0.0029
Car -1 -1 -7.5088 577.6297 165.5842 611.2881 185.6510 1.7910 1.7119 4.4485 -1.4169 1.1418 66.7790 -7.5302 0.0027
Car -1 -1 -5.9067 641.0920 165.5912 706.9904 188.3490 1.6241 1.6733 4.5479 4.6852 1.1055 53.2587 -5.8197 0.0026
Cyclist -1 -1 -4.3683 262.0912 172.6909 296.0672 226.0036 1.7286 0.5689 1.4692 -11.1056 1.7230 24.1501 -4.7955 0.0026
Car -1 -1 -2.2285 0.0000 200.7691 202.1340 299.3193 1.4998 1.6781 3.2689 -9.3867 2.0515 12.9863 -2.8450 0.0026
Car -1 -1 -7.5884 576.6119 166.8839 605.8973 185.6585 1.6801 1.6496 4.2750 -1.7197 1.1455 66.8398 -7.6143 0.0025
Pedestrian -1 -1 -5.4715 263.3940 170.5455 291.1614 234.4176 1.8974 0.5954 0.4794 -10.0976 1.8285 21.7993 -5.9010 0.0021
Car -1 -1 -2.4720 0.0000 197.4444 211.6921 294.7213 1.6081 1.6231 3.3744 -9.5168 2.0918 13.2935 -3.0842 0.0020
Pedestrian -1 -1 -5.7875 272.2272 170.7783 297.1356 234.0167 1.8821 0.5942 0.4577 -9.8672 1.8200 21.7873 -6.2085 0.0016
Car -1 -1 -3.0268 569.9877 173.0994 616.4440 190.6465 1.5681 1.5734 4.0621 -1.5260 1.5904 65.4752 -3.0504 0.0013
Pedestrian -1 -1 -5.6181 267.4765 170.9868 296.8045 234.6006 1.8711 0.6312 0.5201 -9.8550 1.8159 21.5916 -6.0420 0.0013
Car -1 -1 -5.6870 1211.1390 115.8775 1241.0000 325.2390 1.5626 1.5933 3.8904 8.6861 1.1370 7.4173 -4.8424 0.0012
Pedestrian -1 -1 -5.4888 703.1071 183.0596 734.2008 240.0397 1.6153 0.6515 0.6171 3.1200 1.9191 21.0545 -5.3447 0.0011
Car -1 -1 -5.3366 1208.6685 159.1952 1241.0000 344.9852 1.3785 1.4160 3.7686 8.0233 1.2769 7.3364 -4.5265 0.0011
Car -1 -1 -5.5132 1207.8527 136.1289 1241.0000 323.9645 1.4809 1.4770 3.6003 8.3667 1.1911 7.5030 -4.6928 0.0010
Car -1 -1 -3.0218 574.0211 172.3616 618.7504 190.8772 1.6488 1.5614 3.8849 -1.2350 1.6046 65.2228 -3.0410 0.0009
Car -1 -1 -8.1343 834.4133 152.1486 916.9252 208.0640 1.7483 1.6034 3.8170 8.8677 1.1006 24.5157 -7.7914 0.0009
Pedestrian -1 -1 -5.9820 206.5520 166.4062 232.3915 234.8784 1.8942 0.6619 0.4634 -11.0464 1.7155 20.3295 -6.4745 0.0008
Car -1 -1 -5.5063 1174.3271 145.4249 1241.0000 316.0475 1.5020 1.4783 3.4354 8.3545 1.2602 8.0767 -4.7223 0.0006
Pedestrian -1 -1 -6.1471 213.3057 174.6774 233.6973 237.4712 1.7619 0.5708 0.4387 -11.0839 1.8145 20.6086 -6.6355 0.0005
Car -1 -1 -7.5512 313.2096 151.3963 383.7547 208.2736 2.6484 1.7775 5.4619 -13.0842 1.6490 36.3626 -7.8946 0.0004
Pedestrian -1 -1 -5.6028 257.0533 173.6810 287.7710 236.5995 1.8451 0.6138 0.5716 -10.1203 1.8699 21.5361 -6.0378 0.0003
Pedestrian -1 -1 -3.8318 0.0000 186.4810 45.7254 304.6097 1.9920 0.5432 0.4356 -10.2619 2.2328 12.4974 -4.5090 0.0003
Pedestrian -1 -1 -3.8593 0.0000 194.0745 32.5261 308.8450 1.8846 0.5352 0.4555 -10.2775 2.2515 12.2159 -4.5482 0.0003
