Car -1 -1 -7.9517 531.3106 166.7431 575.4597 208.6504 1.7923 1.6283 3.9851 -2.4406 1.2042 32.3415 -8.0246 0.8655
Pedestrian -1 -1 -4.2094 379.2229 163.8445 437.4872 255.8949 1.8579 0.7735 1.0387 -4.1629 1.5221 14.8662 -4.4753 0.8128
Pedestrian -1 -1 -4.5357 380.1364 168.8551 400.4582 218.5872 1.8383 0.6258 0.6318 -8.0677 1.4081 26.4848 -4.8263 0.7659
Car -1 -1 -7.9331 533.1552 165.8485 575.6029 209.4496 1.8641 1.6154 4.0903 -2.3974 1.2379 32.3727 -8.0046 0.7576
Pedestrian -1 -1 -4.5032 379.1496 168.5725 400.4838 219.0941 1.8622 0.6452 0.6247 -8.0595 1.4228 26.3987 -4.7944 0.6839
Pedestrian -1 -1 -4.1641 378.3603 164.5926 434.9756 256.0487 1.8406 0.7082 1.0294 -4.1872 1.5208 14.8219 -4.4322 0.6604
Pedestrian -1 -1 -4.1475 382.7267 163.9936 442.0379 255.6139 1.8526 0.7711 1.0341 -4.0902 1.5192 14.9056 -4.4082 0.6215
Car -1 -1 -7.8547 527.1823 172.3658 560.4864 203.9990 1.5738 1.6542 4.3395 -3.2505 1.1693 37.4087 -7.9389 0.5689
Car -1 -1 -7.7168 524.8482 171.9031 567.9955 204.2101 1.6041 1.6921 4.2541 -3.0415 1.1774 37.2787 -7.7958 0.4457
Cyclist -1 -1 -8.0014 523.5768 173.3867 534.6763 205.4878 1.6119 0.3435 1.5519 -3.9182 1.2549 36.2971 -8.1063 0.3698
Car -1 -1 -7.5619 523.6951 171.5441 578.1252 204.3205 1.6168 1.6685 4.3277 -2.7858 1.1752 37.1717 -7.6344 0.3604
Cyclist -1 -1 -8.0273 523.6618 173.7095 535.6260 205.7890 1.6001 0.3483 1.5345 -3.8663 1.2616 36.0537 -8.1315 0.1925
Car -1 -1 -8.1237 591.0309 172.7863 646.7603 207.7498 1.5054 1.6092 3.7498 0.5517 1.1735 32.4589 -8.1052 0.1418
Car -1 -1 -4.8495 524.5137 168.3818 569.6778 206.8593 1.7883 1.6618 4.2918 -2.9578 1.2253 35.1371 -4.9310 0.1349
Car -1 -1 -4.7088 124.7651 189.2061 218.6443 267.7703 1.4284 1.5510 3.7080 -9.3558 1.6415 15.2864 -5.2471 0.1255
Car -1 -1 -4.6465 124.7217 190.3008 222.3987 268.0008 1.4003 1.5080 3.5880 -9.1695 1.6379 15.1732 -5.1792 0.1095
Cyclist -1 -1 -8.0634 523.7029 172.2292 536.3807 204.9358 1.6535 0.3434 1.5222 -3.8952 1.2355 36.5218 -8.1670 0.0958
Cyclist -1 -1 -4.0702 372.4127 167.0973 443.8129 257.2607 1.7865 0.6289 1.5648 -4.1504 1.5213 14.8526 -4.3354 0.0896
Pedestrian -1 -1 -2.5975 302.8763 166.2133 337.7231 248.5931 1.8000 0.5482 0.5096 -6.3855 1.4882 15.7623 -2.9736 0.0455
Pedestrian -1 -1 -2.6348 295.3197 165.8721 329.2065 248.8639 1.8139 0.5634 0.4842 -6.5642 1.4945 15.7621 -3.0205 0.0373
Car -1 -1 -8.0407 526.0686 166.5372 576.6316 206.4378 1.8510 1.7369 4.2575 -2.7465 1.2034 35.0812 -8.1164 0.0333
Car -1 -1 -4.7537 130.6346 189.9254 226.9431 280.1457 1.4471 1.4110 3.1524 -8.1645 1.6488 13.4029 -5.2887 0.0237
Cyclist -1 -1 -7.5908 151.8995 181.4744 208.1614 266.9742 1.6311 0.5392 1.7212 -8.6715 1.6526 14.4105 -8.1212 0.0205
Pedestrian -1 -1 -5.7280 391.6208 167.9349 399.3147 194.9258 1.8255 0.4445 0.3142 -14.2484 0.9757 48.0757 -6.0125 0.0156
Cyclist -1 -1 -7.6774 138.2424 176.2475 188.4608 266.5962 1.7227 0.5468 1.7875 -9.0162 1.6420 14.4136 -8.2249 0.0151
Cyclist -1 -1 -7.7429 174.0770 183.2191 210.4828 265.2318 1.6110 0.4405 1.8876 -8.7214 1.6723 14.9055 -8.2614 0.0128
Car -1 -1 -7.9386 606.6164 173.1044 648.4290 207.1413 1.4731 1.5840 4.0683 0.9598 1.1532 32.6748 -7.9078 0.0127
Car -1 -1 -4.8130 130.1904 193.1826 235.9506 285.3925 1.3981 1.3479 3.4097 -7.8672 1.6631 12.9810 -5.3454 0.0125
Cyclist -1 -1 -8.0907 517.4730 174.8153 531.0324 205.2677 1.5277 0.3272 1.5960 -4.1670 1.2427 36.2757 -8.2024 0.0123
Car -1 -1 -4.2750 629.2349 171.5453 692.2450 203.0179 1.3480 1.4952 3.5513 2.5676 0.9647 32.1975 -4.1944 0.0110
Cyclist -1 -1 -5.3726 124.4951 171.8172 217.6607 264.3057 1.7679 0.6931 1.7123 -8.7278 1.6023 14.1475 -5.9137 0.0108
Car -1 -1 -7.8074 847.2415 158.3557 1024.8608 305.3430 1.5510 1.7900 4.1225 4.5143 1.3178 9.7038 -7.3825 0.0107
Car -1 -1 -4.1128 630.3513 170.1445 705.1974 202.4928 1.3744 1.5493 3.7031 2.8640 0.9346 31.9624 -4.0225 0.0104
Cyclist -1 -1 -5.3142 137.1881 176.0560 213.9823 260.7781 1.6709 0.5829 1.5493 -8.8761 1.5837 14.5340 -5.8510 0.0101
Cyclist -1 -1 -7.7128 128.4624 177.2078 174.1321 263.9276 1.6198 0.5223 1.6511 -9.0454 1.5587 14.0672 -8.2723 0.0098
Car -1 -1 -8.1162 384.5880 172.4548 442.4585 207.4351 1.6574 1.7540 4.4034 -9.7858 1.2764 35.8465 -8.3788 0.0096
Car -1 -1 -4.7072 627.6059 173.1173 660.8648 204.5250 1.3686 1.4490 3.5081 1.7941 1.0471 32.6047 -4.6510 0.0093
Pedestrian -1 -1 -4.0384 329.2161 197.2906 358.9801 259.7174 1.2495 0.3949 0.4267 -5.4155 1.6019 14.5599 -4.3858 0.0093
Car -1 -1 -4.5360 629.9042 172.5017 674.6978 204.4613 1.3814 1.4487 3.5520 2.1980 1.0359 32.4601 -4.4672 0.0092
Pedestrian -1 -1 -7.4985 366.9095 177.3947 387.3997 214.1222 1.6347 0.6611 0.7410 -10.2836 1.4967 31.8555 -7.8062 0.0090
Car -1 -1 -4.7712 617.3455 173.1353 653.9782 204.4268 1.3636 1.4708 3.6466 1.3465 1.0429 32.6469 -4.7286 0.0086
Car -1 -1 -5.0656 598.4637 173.2826 655.8259 205.7207 1.3970 1.5171 3.4448 0.9332 1.0864 32.3243 -5.0352 0.0085
Car -1 -1 -3.4625 363.9571 175.2551 457.3111 209.6084 1.6094 1.6795 4.1353 -9.6022 1.3639 34.9659 -3.7265 0.0082
Car -1 -1 -8.2854 861.1760 173.4156 1094.8921 295.3865 1.4361 1.5726 3.3756 4.9569 1.3531 10.0260 -7.8370 0.0081
Car -1 -1 -5.1797 380.9034 176.4643 450.7603 205.7385 1.4193 1.7237 4.3194 -9.8255 1.2238 36.4674 -5.4389 0.0075
Car -1 -1 -4.5744 626.0966 172.9756 668.1298 205.4001 1.3905 1.4389 3.5078 1.9408 1.0680 32.1825 -4.5130 0.0074
Cyclist -1 -1 -4.0252 273.8405 165.4799 346.5574 247.4592 1.7189 0.4875 1.7488 -6.5647 1.4043 15.7326 -4.4115 0.0072
Cyclist -1 -1 -7.7015 122.7337 170.4235 171.0529 259.2770 1.7065 0.5617 1.7075 -9.3932 1.5133 14.4740 -8.2654 0.0064
Car -1 -1 -4.4612 631.6376 172.5541 680.9852 205.0295 1.3877 1.4087 3.4903 2.3557 1.0484 32.0913 -4.3869 0.0064
Car -1 -1 -7.8577 876.4307 180.9030 1022.1401 302.3121 1.4499 1.6293 3.5959 4.9419 1.4573 10.4304 -7.4253 0.0063
Car -1 -1 -3.2573 364.1303 177.2308 454.2360 207.8568 1.4647 1.7052 4.1812 -9.8194 1.3085 35.3852 -3.5239 0.0063
Car -1 -1 -7.6368 827.6137 176.8298 1013.6983 312.7564 1.5483 1.6543 3.7976 4.5824 1.5069 10.0734 -7.2200 0.0057
Car -1 -1 -8.7542 855.9709 169.0868 1183.1963 303.5060 1.4535 1.5969 3.5776 5.2734 1.3305 9.6043 -8.2641 0.0055
Car -1 -1 -4.1795 373.8427 177.9073 454.1666 210.4501 1.4516 1.7375 4.3381 -9.0630 1.3362 33.8631 -4.4370 0.0055
Car -1 -1 -7.6562 821.0850 180.2513 992.6620 316.2792 1.5602 1.5879 3.5222 4.3454 1.5577 10.0121 -7.2565 0.0054
Car -1 -1 -5.0338 431.7854 174.1785 458.9572 190.6541 1.6115 1.6235 3.5778 -16.0480 0.9930 71.1094 -5.2531 0.0051
Cyclist -1 -1 -7.6879 116.1976 175.6027 158.0207 258.1474 1.5608 0.4220 1.6278 -9.4187 1.4686 14.2002 -8.2614 0.0048
Car -1 -1 -3.6100 357.0426 174.3321 456.7387 209.5657 1.6216 1.6750 4.4244 -9.6669 1.3379 34.6485 -3.8780 0.0045
Car -1 -1 -3.8157 385.1144 174.9706 463.0085 199.5647 1.3345 1.6171 4.2416 -10.3212 1.0346 40.5424 -4.0613 0.0045
Car -1 -1 -5.2182 424.9124 174.3563 457.4352 189.8177 1.5141 1.6232 3.6588 -16.4760 0.9123 71.1461 -5.4431 0.0044
Pedestrian -1 -1 -4.3816 223.9645 239.4669 274.4915 349.3045 1.2422 0.4075 0.4832 -4.3442 1.9774 8.5458 -4.8359 0.0039
Cyclist -1 -1 -8.0373 450.0178 174.7668 460.8604 198.0704 1.4604 0.4199 1.4573 -9.5428 1.1012 45.0630 -8.2428 0.0036
Car -1 -1 -6.5127 863.3611 183.0077 1144.1329 296.0960 1.4218 1.4548 3.2037 5.3925 1.4617 10.0420 -6.0313 0.0036
Cyclist -1 -1 -7.7516 574.5037 171.5074 583.4630 196.9622 1.4652 0.3638 1.5928 -1.5331 0.9477 41.5057 -7.7865 0.0035
Car -1 -1 -4.2303 404.7520 174.3990 466.3060 202.5937 1.6104 1.7123 4.5162 -10.1781 1.2620 42.7845 -4.4605 0.0028
Car -1 -1 -7.9047 844.8215 161.5918 1032.3059 323.5227 1.6703 1.8313 4.3100 4.2396 1.4757 9.6319 -7.5004 0.0028
Cyclist -1 -1 -8.0202 573.3367 170.8031 583.7612 196.6648 1.4832 0.3677 1.4907 -1.5618 0.9272 41.3167 -8.0559 0.0027
Car -1 -1 -7.7694 377.3156 170.2306 423.0940 205.9881 1.6700 1.7742 5.0756 -10.2672 1.1905 35.6811 -8.0454 0.0025
Car -1 -1 -6.5337 869.5643 190.0422 1216.9426 315.9947 1.5116 1.5054 3.8651 5.7851 1.6623 9.9059 -6.0175 0.0025
Car -1 -1 -4.6407 458.6867 174.4465 489.4155 198.8863 1.4118 1.5477 3.8879 -7.9032 1.0622 42.8604 -4.8200 0.0024
Car -1 -1 -4.4656 437.0913 174.4185 464.2278 190.3237 1.5564 1.7381 4.0041 -15.4809 0.9612 71.2202 -4.6771 0.0023
Cyclist -1 -1 -7.8894 124.0519 183.0249 152.2694 260.7946 1.4141 0.4136 1.5708 -9.0823 1.4660 13.6685 -8.4634 0.0021
Cyclist -1 -1 -8.0285 568.7979 172.8693 579.1407 197.2126 1.4017 0.3450 1.5401 -1.8375 0.9624 41.5021 -8.0707 0.0020
Car -1 -1 -4.5593 425.0652 175.3398 462.6905 200.1969 1.4271 1.5991 4.0866 -9.6808 1.1310 42.6856 -4.7790 0.0019
Cyclist -1 -1 -7.8617 458.3957 175.9349 464.4804 198.1998 1.3958 0.3716 1.4026 -9.1564 1.1097 45.0513 -8.0591 0.0018
Car -1 -1 -4.4803 418.9843 174.1173 462.7585 199.7213 1.4733 1.6361 4.2523 -9.8830 1.1061 42.8184 -4.7038 0.0018
Pedestrian -1 -1 -6.7034 571.6455 170.5942 585.9764 197.9512 1.5732 0.7116 0.5943 -1.5360 1.0037 41.1111 -6.7388 0.0016
Cyclist -1 -1 -8.1436 567.1890 171.0040 580.0831 196.3906 1.4556 0.3545 1.4461 -1.8480 0.9112 41.2819 -8.1862 0.0015
Car -1 -1 -7.7124 380.7397 173.5284 437.2121 214.2625 1.6411 1.7694 4.1817 -8.4403 1.3604 30.6684 -7.9766 0.0014
Car -1 -1 -3.9914 434.4153 174.5475 474.1028 190.7985 1.5838 1.6605 4.0154 -15.0855 1.0035 71.0640 -4.1980 0.0013
Pedestrian -1 -1 -6.8891 566.7736 169.5182 582.8720 196.6951 1.5619 0.7369 0.6276 -1.7674 0.9309 41.1182 -6.9299 0.0012
Car -1 -1 -4.8057 436.5297 175.8226 465.6816 200.4896 1.4230 1.4089 3.4268 -9.3182 1.1533 42.6338 -5.0176 0.0011
Cyclist -1 -1 -7.6549 452.1629 174.1040 464.0227 200.6904 1.5560 0.3961 1.5235 -8.7597 1.1817 42.1421 -7.8566 0.0010
Car -1 -1 -4.5828 453.1069 172.6948 485.4935 198.3678 1.4924 1.4579 3.7103 -8.2171 1.0388 42.9939 -4.7685 0.0009
Car -1 -1 -7.6599 389.9906 173.4489 444.2831 205.6104 1.4345 1.7447 3.9604 -8.8616 1.1202 33.5657 -7.9138 0.0009
Car -1 -1 -3.9560 436.8895 173.8136 475.5629 190.3740 1.6176 1.6078 3.8391 -14.9041 0.9643 71.1210 -4.1600 0.0008
Car -1 -1 -2.9673 395.3130 173.1185 465.0758 198.5425 1.5455 1.6804 3.9764 -10.8249 1.0969 43.9460 -3.2054 0.0008
Car -1 -1 -7.4927 399.2975 172.4817 447.2538 201.4950 1.7607 1.6291 4.0242 -11.5076 1.2742 45.0007 -7.7397 0.0008
Pedestrian -1 -1 -4.1224 202.2972 220.0599 264.8384 337.9841 1.3559 0.4946 0.4652 -4.5440 1.8501 8.5647 -4.5937 0.0008
Pedestrian -1 -1 -3.0971 470.4409 171.6393 475.1434 189.9187 1.5309 0.6509 0.3598 -11.1235 0.7888 59.5627 -3.2790 0.0008
Cyclist -1 -1 -7.2334 444.4186 172.4095 471.4878 202.9071 1.5153 0.5206 1.5864 -7.4849 1.1134 35.9601 -7.4350 0.0008
Pedestrian -1 -1 -4.1991 119.2683 184.5312 163.7821 258.6256 1.4205 0.5683 0.4737 -9.1079 1.5012 13.8352 -4.7690 0.0008
Pedestrian -1 -1 -6.2459 296.8014 168.4425 306.6795 217.2420 1.7582 0.5151 0.3099 -11.0819 1.3240 25.7695 -6.6458 0.0007
Car -1 -1 -4.4664 443.6435 173.7985 478.8290 198.4475 1.4294 1.3769 3.0092 -8.6220 1.0409 42.5375 -4.6632 0.0006
Car -1 -1 -7.7578 403.2633 173.4259 444.9697 206.6007 1.4851 1.5539 3.7680 -8.5665 1.1686 33.6311 -8.0032 0.0006
Cyclist -1 -1 -7.7789 0.0000 199.5724 105.9912 369.0000 1.4853 0.4874 1.5211 -4.1545 1.6498 5.3104 -8.4127 0.0005
Car -1 -1 -4.6029 448.7280 172.1223 479.9646 197.5022 1.4759 1.4794 3.4825 -8.5058 0.9888 42.9121 -4.7954 0.0005
Cyclist -1 -1 -7.9069 433.9200 173.0815 446.2917 205.2084 1.5964 0.5314 1.6200 -8.4163 1.2279 35.9848 -8.1329 0.0001
Pedestrian -1 -1 -4.3730 427.8133 179.0692 443.4104 211.5283 1.3448 0.5546 0.3291 -7.0891 1.2857 29.4869 -4.6047 0.0001
Cyclist -1 -1 -7.5406 441.5977 174.1106 459.4228 204.0106 1.4915 0.4438 1.5019 -7.8834 1.1730 36.0398 -7.7524 0.0001
