Car -1 -1 -8.1499 752.0625 192.5545 985.4142 350.0987 1.4211 1.5632 3.4945 2.7783 1.7060 8.6950 -7.8518 0.9995
Car -1 -1 -2.7171 117.0088 181.2581 358.8177 267.8299 1.5084 1.5938 3.7306 -6.9264 1.6767 13.6093 -3.1804 0.9995
Car -1 -1 -6.6605 830.7382 175.9654 1079.7694 266.9565 1.6094 1.6768 3.9397 6.3678 1.6724 13.7559 -6.2359 0.9994
Car -1 -1 -2.9365 330.5824 177.6321 467.1694 232.2532 1.6546 1.6797 3.9188 -6.6889 1.8132 23.0141 -3.2168 0.9978
Car -1 -1 -2.7694 263.1742 180.8140 441.8928 244.3925 1.5363 1.5983 4.0154 -6.5701 1.7499 18.5223 -3.1063 0.9973
Car -1 -1 -7.9390 636.0032 179.4568 671.1458 207.6068 1.5413 1.7098 4.1517 2.4860 1.9500 42.5910 -7.8817 0.9960
Car -1 -1 -6.5709 706.5093 183.3661 824.0221 222.4263 1.3842 1.5618 4.0213 5.7186 1.7912 27.0194 -6.3652 0.9957
Car -1 -1 -5.6034 0.0000 178.3880 286.2988 326.7491 1.5986 1.5462 3.4195 -6.0388 1.6727 8.7681 -6.1928 0.9944
Car -1 -1 -5.7313 27.6904 177.4589 375.1776 294.4552 1.6418 1.6332 4.4961 -6.1938 1.7186 11.1357 -6.2292 0.9918
Car -1 -1 -2.8135 194.7801 184.2187 420.1084 255.7803 1.4588 1.5837 4.3032 -6.5834 1.7236 15.9165 -3.2003 0.9859
Car -1 -1 -6.0969 448.0589 179.6294 526.5395 210.6084 1.5321 1.5925 3.7241 -6.2696 1.8859 36.8783 -6.2646 0.9616
Car -1 -1 -6.6573 766.8998 181.8434 931.2214 240.8592 1.4750 1.5643 3.8476 6.2418 1.7254 19.2163 -6.3485 0.9567
Car -1 -1 -3.4659 728.4669 180.2074 865.5914 227.2285 1.4877 1.6540 4.1231 6.1426 1.7433 24.1234 -3.2202 0.9558
Car -1 -1 -5.5483 0.0000 190.7283 256.8608 374.0000 1.5358 1.7034 4.0237 -5.6097 1.7167 6.3940 -6.2481 0.9553
Car -1 -1 -7.9755 634.1260 179.3789 671.2726 207.0502 1.5139 1.7025 3.9468 2.4269 1.9158 42.4540 -7.9194 0.9533
Car -1 -1 -2.9325 457.1040 181.2305 534.5579 209.6612 1.5000 1.5253 3.9521 -6.2441 1.9677 39.4445 -3.0890 0.9517
Car -1 -1 -6.7310 799.1243 179.7266 997.9077 251.1855 1.5005 1.5968 3.8584 6.3725 1.6644 16.2872 -6.3650 0.9498
Car -1 -1 -2.7918 198.8329 182.6681 417.5450 253.7986 1.4665 1.5802 4.1814 -6.6060 1.6954 15.9815 -3.1784 0.9344
Car -1 -1 -6.4886 710.1024 174.4116 806.4589 218.2207 1.7245 1.6548 3.5648 5.9239 1.7893 29.3054 -6.2917 0.9178
Car -1 -1 -6.7524 798.9730 180.5587 1002.7903 251.8981 1.4948 1.6426 3.9761 6.4537 1.6800 16.3545 -6.3835 0.8909
Car -1 -1 -5.7706 23.8071 178.7852 371.1805 292.7167 1.6081 1.6773 4.4163 -6.2290 1.7065 11.1403 -6.2707 0.8857
Car -1 -1 -2.6595 122.6269 182.1685 359.0508 268.1554 1.5124 1.6115 3.6777 -6.9463 1.7001 13.7173 -3.1209 0.8834
Car -1 -1 -5.6058 0.0000 178.5804 286.9250 324.6361 1.5744 1.5977 3.6343 -6.1604 1.6514 8.7934 -6.2031 0.8804
Car -1 -1 -6.6832 766.5054 180.6261 932.6885 240.4521 1.4973 1.6071 3.8980 6.2828 1.7153 19.2886 -6.3736 0.8636
Pedestrian -1 -1 -7.7932 1003.3851 159.1852 1021.4149 205.8008 1.8790 0.6177 0.4699 16.3788 1.3277 29.4471 -7.2902 0.8165
Car -1 -1 -6.7858 796.7725 179.1100 986.0032 250.3053 1.4997 1.5800 3.7188 6.2884 1.6510 16.4318 -6.4270 0.8051
Car -1 -1 -2.9988 452.0593 181.0852 533.0727 209.2902 1.4862 1.5804 4.1763 -6.3927 1.9440 39.3292 -3.1594 0.7626
Car -1 -1 -5.7316 34.1537 176.5970 369.5764 293.4123 1.6412 1.5035 4.3488 -6.1626 1.7027 11.0581 -6.2303 0.7604
Car -1 -1 -2.6857 124.5707 182.2951 357.8165 268.7806 1.5125 1.5972 3.5805 -6.8758 1.7007 13.6017 -3.1463 0.7520
Car -1 -1 -7.8473 638.7033 178.8843 668.6797 207.9642 1.5966 1.6840 4.4226 2.5654 1.9731 42.8162 -7.7884 0.7516
Car -1 -1 -3.3155 731.5958 180.4606 874.1350 227.7204 1.4807 1.6269 4.3366 6.2446 1.7427 23.9019 -3.0637 0.7480
Car -1 -1 -6.1230 452.9143 178.3597 527.4984 210.3481 1.5885 1.5997 3.5547 -6.1265 1.8760 36.9133 -6.2868 0.7465
Pedestrian -1 -1 -7.9680 550.5825 176.5427 563.7829 208.4564 1.7077 0.6191 0.8703 -2.9117 1.9104 39.2078 -8.0421 0.7378
Car -1 -1 -5.7492 36.7698 183.9315 379.1719 294.8614 1.5433 1.7212 4.3863 -6.1060 1.7293 11.1847 -6.2394 0.7059
Car -1 -1 -2.8534 198.1992 184.3053 422.0299 256.4658 1.4544 1.6382 4.2570 -6.4957 1.7223 15.8822 -3.2363 0.6989
Car -1 -1 -5.7787 15.4224 178.5896 362.1298 285.8506 1.5232 1.6089 4.4141 -6.3678 1.6180 11.1483 -6.2879 0.6925
Car -1 -1 -6.1326 451.1487 179.7294 528.7921 210.6839 1.5274 1.6307 3.7055 -6.1190 1.8859 36.8165 -6.2967 0.6905
Car -1 -1 -6.6639 763.7675 180.5192 910.2505 232.2601 1.4572 1.5769 3.8636 6.6686 1.6959 21.5521 -6.3684 0.6864
Car -1 -1 -6.6417 800.5125 179.5698 1003.7490 251.6841 1.5139 1.5835 3.8959 6.3559 1.6711 16.1101 -6.2730 0.6787
Car -1 -1 -6.7435 763.3600 180.2285 909.3226 232.7435 1.4746 1.6099 3.8760 6.7055 1.7073 21.6853 -6.4481 0.6753
Car -1 -1 -6.5831 768.8763 181.0820 939.4234 240.6727 1.4895 1.5259 3.9871 6.3001 1.7154 19.0443 -6.2691 0.6728
Car -1 -1 -2.9327 440.5317 177.8405 527.6382 210.4415 1.6149 1.6670 4.1363 -6.4384 1.8761 36.9290 -3.1046 0.6534
Car -1 -1 -6.5616 706.7996 181.9971 825.1709 221.8503 1.4164 1.5549 4.0530 5.7367 1.7697 26.9866 -6.3550 0.6451
Car -1 -1 -6.0677 447.6675 179.5380 529.0579 210.8632 1.5417 1.5971 3.8393 -6.2012 1.8905 36.7847 -6.2340 0.6381
Pedestrian -1 -1 -4.8728 549.7175 176.4069 564.3826 208.7590 1.7339 0.6670 0.8540 -2.9235 1.9294 39.2712 -4.9471 0.6306
Car -1 -1 -3.0482 463.4601 179.9567 534.8894 207.8684 1.4669 1.5935 3.7116 -6.0272 1.8622 39.2833 -3.1999 0.6235
Car -1 -1 -6.7203 796.5750 180.0139 973.4354 251.2602 1.5003 1.5308 3.4025 6.0796 1.6706 16.2862 -6.3697 0.6035
Pedestrian -1 -1 -7.7937 552.3367 175.8781 564.9550 208.5002 1.7485 0.6340 0.8645 -2.8237 1.9143 39.1898 -7.8657 0.5995
Car -1 -1 -6.4868 766.8566 180.4896 917.7821 232.7248 1.4554 1.5486 4.0122 6.7245 1.6913 21.3509 -6.1863 0.5936
Car -1 -1 -2.8943 456.1081 181.3204 534.7118 208.9485 1.4558 1.5913 3.9917 -6.2917 1.9314 39.5875 -3.0514 0.5913
Car -1 -1 -6.5258 772.0460 180.4030 946.6984 239.3272 1.4616 1.5748 4.0993 6.4302 1.6708 19.0815 -6.2061 0.5875
Car -1 -1 -6.9507 759.1431 179.6805 905.0447 233.2910 1.4892 1.6454 4.1151 6.7065 1.7110 21.9501 -6.6587 0.5557
Car -1 -1 -2.7683 105.5683 180.1943 354.0979 269.7624 1.5396 1.5076 3.8268 -7.0018 1.6861 13.4929 -3.2393 0.5528
Car -1 -1 -6.4525 712.5848 176.4848 811.5883 219.0388 1.6591 1.5268 3.6957 6.0317 1.8093 29.0944 -6.2507 0.5487
Car -1 -1 -6.5235 707.6246 174.4575 809.5384 218.8895 1.7477 1.7863 3.7473 5.9577 1.8150 29.4247 -6.3264 0.5262
Car -1 -1 -2.8627 439.6736 179.1776 523.7098 211.2814 1.5726 1.6432 3.9152 -6.5417 1.9034 36.7653 -3.0380 0.5115
Car -1 -1 -6.4804 765.9048 181.2574 898.0187 233.8242 1.4721 1.5308 3.5079 6.4565 1.7320 21.4223 -6.1922 0.4962
Pedestrian -1 -1 -7.8317 1006.1666 159.4620 1024.3314 206.1098 1.8794 0.6384 0.4718 16.4880 1.3395 29.4343 -7.3257 0.4670
Pedestrian -1 -1 -4.3802 924.9090 159.4522 942.9852 200.7820 1.9256 0.6850 0.3986 15.2206 1.3009 33.9960 -3.9628 0.4601
Pedestrian -1 -1 -7.8349 1003.8758 159.1843 1023.7734 205.6749 1.8570 0.6958 0.7305 16.3623 1.3107 29.3111 -7.3304 0.4548
Car -1 -1 -3.4894 766.2328 176.3508 931.9919 231.8688 1.5709 1.6838 4.3651 6.9748 1.6791 21.4576 -3.1798 0.4541
Car -1 -1 -3.3447 733.1689 180.9652 886.0984 228.6453 1.5018 1.6256 4.6619 6.4906 1.7818 23.9925 -3.0843 0.4356
Car -1 -1 -2.8546 345.3893 166.9229 487.0074 224.4380 1.9558 1.7863 4.5103 -6.8120 1.7538 25.4912 -3.1136 0.4182
Car -1 -1 -3.0702 441.6600 168.6710 505.1616 192.8003 1.6615 1.6593 4.2813 -9.5918 1.3732 50.7530 -3.2564 0.3830
Car -1 -1 -3.1029 451.8866 180.6348 534.2155 209.6633 1.5098 1.6180 4.3243 -6.3392 1.9433 39.1636 -3.2627 0.3812
Pedestrian -1 -1 -2.4691 5.4594 158.4599 27.0750 218.0185 1.8503 0.4927 0.2769 -18.6942 1.4028 22.6641 -3.1531 0.2946
Car -1 -1 -5.9225 348.2856 165.3430 489.9688 224.7878 2.0212 1.8412 4.5173 -6.7745 1.7655 25.6852 -6.1784 0.2560
Car -1 -1 -4.3728 620.0770 175.2735 655.2338 195.6904 1.5576 1.5943 3.9260 2.2207 1.7578 57.6678 -4.3349 0.1353
Car -1 -1 -4.3237 622.8771 175.1773 660.3974 195.5495 1.5544 1.6073 3.9921 2.5412 1.7468 57.6942 -4.2803 0.1348
Pedestrian -1 -1 -7.8183 1000.6879 160.4773 1017.5703 206.3466 1.8605 0.5924 0.4818 16.3435 1.3582 29.6239 -7.3187 0.1308
Car -1 -1 -4.3734 621.4924 175.9455 656.6162 196.2678 1.5375 1.6250 3.7775 2.3142 1.7913 57.2680 -4.3336 0.1136
Car -1 -1 -4.3045 625.0493 175.0339 664.4133 195.6847 1.5732 1.6464 4.1170 2.7883 1.7537 57.6446 -4.2568 0.1029
Car -1 -1 -4.4832 619.1759 175.4426 649.1168 195.6400 1.5431 1.5744 3.7972 1.9374 1.7571 57.6868 -4.4502 0.1006
Car -1 -1 -5.9540 357.1264 169.1220 487.8125 226.8062 1.9621 1.6947 4.1538 -6.6246 1.8348 25.5477 -6.2057 0.0994
Pedestrian -1 -1 -7.8371 901.4564 174.0955 916.2079 206.7772 1.8288 0.7638 0.5385 16.8628 1.8993 40.8031 -7.4482 0.0919
Car -1 -1 -5.2568 834.9282 176.5224 955.9499 229.7872 1.4642 1.6093 3.9659 8.5895 1.5875 22.2186 -4.8930 0.0905
Pedestrian -1 -1 -7.5717 902.3760 172.7979 918.7927 205.1678 1.8116 0.7339 0.5523 16.9705 1.8082 40.8265 -7.1807 0.0761
Pedestrian -1 -1 -2.7948 0.0000 157.7886 18.2325 218.5166 1.8806 0.5012 0.2961 -18.8978 1.4138 22.6303 -3.4849 0.0759
Car -1 -1 -4.4453 622.9844 177.3161 655.3217 197.4446 1.4872 1.5192 4.0351 2.2898 1.8491 56.4179 -4.4054 0.0624
Car -1 -1 -4.9816 837.0992 177.0998 930.3549 230.1247 1.4540 1.6609 3.8636 8.2055 1.5955 22.0974 -4.6310 0.0623
Car -1 -1 -7.4939 751.5684 178.3903 863.4797 232.9952 1.5179 1.8420 4.9415 6.3929 1.7144 23.1140 -7.2281 0.0519
Car -1 -1 -4.5023 165.0566 188.8794 221.0187 224.3178 1.3921 1.4804 3.2172 -18.2880 2.1347 31.6905 -5.0224 0.0456
Car -1 -1 -7.8899 516.0066 177.7281 541.0061 202.0066 1.6384 1.6380 3.3584 -5.8392 1.9959 51.1900 -8.0033 0.0223
Pedestrian -1 -1 -4.4513 956.2618 159.0731 973.4073 207.5243 2.0339 0.5652 0.4204 15.0203 1.4551 30.6321 -3.9996 0.0212
Car -1 -1 -4.6362 617.6227 176.0149 641.1667 196.3202 1.5503 1.5963 3.8854 1.5550 1.8117 57.7295 -4.6099 0.0204
Car -1 -1 -7.6388 625.1935 172.7382 654.4126 193.8849 1.7831 1.6808 4.2895 2.6216 1.7730 63.1275 -7.5979 0.0196
Car -1 -1 -7.7730 518.2065 177.5019 545.8024 202.6200 1.7010 1.6786 3.4196 -5.5360 2.0419 51.2344 -7.8805 0.0176
Car -1 -1 -7.7392 624.2668 172.8091 648.1031 193.1968 1.7234 1.6291 4.1034 2.2993 1.7193 63.1420 -7.7033 0.0172
Car -1 -1 -4.8168 828.4385 175.2308 912.0574 231.7621 1.5237 1.9009 4.3298 7.7398 1.6034 21.9671 -4.4829 0.0158
Car -1 -1 -7.5867 626.5301 172.0982 658.9666 193.6168 1.8116 1.7273 4.4384 2.8827 1.7476 63.1208 -7.5417 0.0137
Car -1 -1 -7.8610 517.8214 177.1019 542.6502 203.1904 1.7633 1.6935 3.7552 -5.7240 2.0771 51.3731 -7.9718 0.0125
Car -1 -1 -2.8740 484.6683 176.0954 547.7671 201.3912 1.7251 1.6817 4.0902 -6.5849 1.9571 50.6069 -3.0031 0.0095
Car -1 -1 -3.0255 486.5272 176.1866 545.5950 201.2946 1.7147 1.7017 3.9200 -6.5551 1.9511 50.3835 -3.1546 0.0087
Car -1 -1 -6.3084 683.2287 171.4268 734.6188 189.1910 1.5691 1.5145 4.5158 8.8222 1.4427 64.7302 -6.1739 0.0056
Pedestrian -1 -1 -5.8106 326.0363 141.4546 346.1267 209.6022 2.4871 0.6132 0.4658 -10.1642 1.3408 26.6632 -6.1718 0.0035
Pedestrian -1 -1 -4.9080 1015.5942 159.8679 1033.0204 202.3968 1.8749 0.6313 0.2609 18.3475 1.3021 32.0321 -4.3921 0.0033
Pedestrian -1 -1 -5.3099 1208.4633 212.5789 1241.0000 368.0803 1.2619 0.5155 0.4379 5.5416 1.6178 6.2253 -4.6066 0.0019
Pedestrian -1 -1 -4.9441 1012.5480 154.3510 1030.9600 196.0347 1.8483 0.6685 0.2724 18.3398 1.0275 32.2173 -4.4307 0.0017
Pedestrian -1 -1 -4.3953 967.0674 165.9098 986.4965 206.5290 2.1311 0.7109 0.7967 19.4758 1.7665 38.3884 -3.9294 0.0011
Cyclist -1 -1 -8.4140 992.7277 159.9707 1030.9910 204.5475 1.7715 0.6187 1.5709 16.3519 1.2592 29.4756 -7.9120 0.0001
