Car -1 -1 -4.5960 550.2991 204.4298 590.0452 238.6655 1.4498 1.5673 3.5368 -1.9643 3.0916 35.7120 -4.6515 0.8529
Car -1 -1 -4.6168 549.2964 203.8759 589.6760 237.6412 1.4093 1.6323 4.0453 -2.0026 3.0425 35.9413 -4.6730 0.7200
Car -1 -1 -4.5746 550.3919 201.1687 591.0120 236.6254 1.5283 1.5740 3.1243 -1.9219 2.9773 35.3124 -4.6295 0.4886
Pedestrian -1 -1 -8.2757 848.0876 192.5958 868.6748 228.5676 1.6819 0.7462 0.6032 11.8107 2.6331 34.4401 -7.9488 0.3389
Pedestrian -1 -1 -8.0064 848.9827 193.0908 866.6660 228.6457 1.6643 0.7182 0.5768 11.8091 2.6417 34.5139 -7.6802 0.2690
Pedestrian -1 -1 -6.1345 846.8956 192.1964 863.9126 229.4234 1.7211 0.7935 0.6608 11.6564 2.6561 34.3862 -5.8111 0.2514
Car -1 -1 -6.0168 1144.6105 181.8069 1241.0000 238.1479 1.5413 1.7089 4.0784 19.4374 1.8482 22.5918 -5.3133 0.2388
Pedestrian -1 -1 -8.5447 842.9905 192.6744 865.1051 228.6601 1.6774 0.7754 0.6361 11.6424 2.6381 34.5498 -8.2231 0.1988
Car -1 -1 -5.8569 1141.1857 184.3375 1241.0000 239.6472 1.5156 1.6921 3.6855 19.1340 1.9079 22.6405 -5.1622 0.1808
Pedestrian -1 -1 -5.1304 1174.7939 186.2430 1211.4352 255.1355 1.8146 0.6015 0.5334 15.6743 2.1818 19.4679 -4.4607 0.1783
Car -1 -1 -6.1458 1152.6182 181.3910 1241.0000 238.4975 1.5459 1.6904 4.1707 19.4842 1.8344 22.2902 -5.4346 0.1629
Pedestrian -1 -1 -5.1096 1180.5146 184.4990 1215.9802 253.8972 1.8344 0.5937 0.4986 15.8401 2.1540 19.5006 -4.4355 0.1577
Car -1 -1 -3.2750 1147.4781 191.0841 1241.0000 243.7396 1.4428 1.4393 3.8188 19.1764 2.0529 22.5289 -2.5769 0.1498
Car -1 -1 -6.5189 1156.7999 181.8725 1241.0000 236.1205 1.5127 1.6745 4.3266 19.8109 1.8146 22.4412 -5.8027 0.1452
Car -1 -1 -3.4354 1151.7555 182.4892 1241.0000 236.2960 1.5321 1.6558 3.9475 19.5984 1.8549 22.6494 -2.7290 0.1428
Car -1 -1 -7.0463 1140.4349 185.9012 1241.0000 235.9125 1.5125 1.7058 3.9132 19.6360 1.9518 23.3250 -6.3533 0.1305
Cyclist -1 -1 -7.8761 1120.9991 192.7522 1138.4861 256.6819 1.7035 0.3509 1.6144 14.6873 2.2889 20.4716 -7.2614 0.1229
Pedestrian -1 -1 -4.4158 1080.1230 173.1140 1113.9373 249.0433 1.7524 0.5330 0.5325 11.4425 1.7584 17.0301 -3.8329 0.1041
Pedestrian -1 -1 -5.9430 443.9503 176.7380 460.9034 230.7585 1.8144 0.5586 0.4012 -5.4121 1.9480 24.5799 -6.1581 0.1027
Car -1 -1 -3.6218 1143.9259 181.5391 1241.0000 232.8282 1.5157 1.6770 3.9266 19.6208 1.8071 22.9906 -2.9222 0.0969
Car -1 -1 -6.3780 1167.8864 183.0108 1241.0000 238.4758 1.4850 1.6920 4.5003 19.8853 1.8236 22.0655 -5.6517 0.0884
Pedestrian -1 -1 -8.1981 518.3860 182.1501 533.9460 224.9527 1.9145 0.5885 0.4361 -3.8470 2.3402 32.7413 -8.3148 0.0848
Pedestrian -1 -1 -4.3949 1073.2987 176.5852 1108.4022 255.5465 1.8407 0.5745 0.4970 11.4328 1.9315 17.2355 -3.8179 0.0837
Pedestrian -1 -1 -4.4034 938.5730 159.4766 991.6847 262.8013 1.9370 0.6554 1.0476 6.9080 1.6859 14.1324 -3.9577 0.0827
Car -1 -1 -5.9390 1150.0925 184.9554 1241.0000 241.7585 1.5061 1.6872 3.9392 19.2212 1.9133 22.1670 -5.2318 0.0690
Car -1 -1 -5.6369 1126.7592 185.7684 1241.0000 237.7587 1.4726 1.6111 3.6197 19.0232 1.9254 23.3599 -4.9602 0.0656
Cyclist -1 -1 -7.8967 1118.0149 195.0822 1137.0935 257.9010 1.6494 0.3528 1.5529 14.4471 2.2952 20.2244 -7.2842 0.0620
Pedestrian -1 -1 -6.7161 1114.3594 192.6656 1148.4982 254.3786 1.6813 0.6811 0.5378 14.6027 2.2486 20.2882 -6.1000 0.0599
Pedestrian -1 -1 -3.9605 900.8801 164.3303 952.8198 262.6920 1.9169 0.5534 0.8089 6.3014 1.7505 14.4785 -3.5583 0.0586
Cyclist -1 -1 -7.5854 1112.1342 190.9901 1148.2854 254.6075 1.7158 0.4106 1.7104 14.7834 2.2499 20.5603 -6.9697 0.0551
Pedestrian -1 -1 -4.1553 924.8138 159.2704 982.5040 263.8643 1.9790 0.5881 1.0032 6.6983 1.7217 14.1735 -3.7226 0.0499
Car -1 -1 -7.3035 1139.0177 179.6592 1241.0000 229.3469 1.5066 1.6650 4.2307 19.7144 1.7443 23.7635 -6.6175 0.0493
Car -1 -1 -3.4965 1159.7028 179.1119 1241.0000 233.1513 1.5503 1.7054 4.4089 20.1709 1.7602 22.6518 -2.7759 0.0493
Cyclist -1 -1 -5.7709 1055.7800 175.6536 1136.9475 250.2347 1.6780 0.5172 1.5338 11.4391 1.7471 17.0940 -5.1898 0.0465
Pedestrian -1 -1 -4.5285 908.9387 194.1954 925.2671 233.7594 1.8471 0.5767 0.8816 14.7649 2.8911 34.7806 -4.1310 0.0454
Pedestrian -1 -1 -3.8583 911.8978 159.2939 972.8632 262.0094 1.9952 0.6065 0.9442 6.5937 1.7315 14.4435 -3.4386 0.0436
Car -1 -1 -3.6167 1090.2220 190.5107 1241.0000 239.4129 1.4352 1.5886 3.7630 17.7699 2.0270 23.0849 -2.9675 0.0400
Cyclist -1 -1 -7.9312 1125.9945 189.3108 1149.7128 253.6970 1.7185 0.3938 1.7489 14.9645 2.2061 20.5423 -7.3093 0.0398
Car -1 -1 -6.4408 1158.5210 186.2802 1241.0000 239.8866 1.4776 1.6163 3.8562 19.5198 1.9264 22.4372 -5.7319 0.0390
Car -1 -1 -4.3658 1137.1971 183.5415 1241.0000 233.6127 1.4922 1.5903 3.9018 19.2602 1.8715 23.9301 -3.6947 0.0365
Pedestrian -1 -1 -4.1886 909.3345 161.7440 958.9129 261.6021 1.9136 0.5645 0.8247 6.3706 1.7004 14.2992 -3.7779 0.0332
Car -1 -1 -4.5377 1138.0321 183.0188 1222.8285 232.7648 1.4812 1.5690 4.1149 19.1673 1.8501 24.2455 -3.8751 0.0291
Car -1 -1 -3.6251 1075.9435 187.4074 1238.1969 238.3104 1.5290 1.5674 3.9096 17.5436 2.0215 23.3609 -2.9877 0.0260
Car -1 -1 -4.3692 1140.4718 179.6490 1241.0000 229.3005 1.4965 1.6748 4.2958 19.6289 1.7404 24.0874 -3.6919 0.0253
Car -1 -1 -3.6776 1148.1176 176.2735 1241.0000 228.1559 1.5596 1.7070 4.3290 20.0420 1.6743 23.0617 -2.9689 0.0249
Car -1 -1 -3.7798 1096.7860 192.5361 1241.0000 240.2025 1.4196 1.4828 3.9454 17.8892 2.0653 22.9065 -3.1237 0.0243
Pedestrian -1 -1 -4.2885 933.2161 157.8289 986.6247 265.3285 1.9911 0.5662 1.0185 6.6966 1.7125 13.9102 -3.8490 0.0239
Pedestrian -1 -1 -5.8217 441.5174 175.3107 461.7826 229.4770 1.8050 0.5924 0.4538 -5.4028 1.8890 24.4177 -6.0378 0.0227
Pedestrian -1 -1 -4.6190 1085.8746 174.5054 1114.5758 253.6792 1.9391 0.5334 0.7980 12.2966 1.9815 18.1697 -4.0323 0.0221
Pedestrian -1 -1 -7.4139 1127.5358 171.5155 1162.2585 255.7033 1.8910 0.5298 0.3777 12.1986 1.8606 16.5298 -6.7873 0.0190
Car -1 -1 -3.0199 774.7888 192.4310 870.5818 233.1357 1.4523 1.5918 3.4696 8.3641 2.2640 28.5157 -2.7382 0.0179
Car -1 -1 -4.9097 1127.2021 183.1914 1214.7131 232.8612 1.4645 1.5354 3.9683 18.6982 1.8424 24.2771 -4.2598 0.0178
Cyclist -1 -1 -5.7608 1153.5653 183.4760 1220.5291 238.0177 1.6366 0.5647 1.5792 18.1687 1.9845 22.8148 -5.0952 0.0176
Car -1 -1 -7.2991 1146.3151 175.4527 1241.0000 228.6698 1.6203 1.7716 4.4021 20.0109 1.7107 23.6525 -6.6035 0.0176
Car -1 -1 -5.3036 1114.6622 184.1515 1238.2968 233.7496 1.4819 1.5848 3.4283 18.7386 1.8868 24.1204 -4.6496 0.0160
Car -1 -1 -5.1781 1109.9127 183.5185 1224.2501 232.9226 1.4638 1.4339 3.8500 18.5332 1.8521 24.2732 -4.5323 0.0157
Car -1 -1 -5.5839 1084.6616 182.6014 1229.8990 233.6139 1.5095 1.4722 3.7979 18.0942 1.8626 24.1404 -4.9471 0.0155
Car -1 -1 -4.7272 1170.0181 179.0839 1241.0000 229.7919 1.4968 1.7020 3.9029 19.5652 1.7204 23.8653 -4.0470 0.0154
Pedestrian -1 -1 -4.4226 944.1554 161.1218 995.7761 268.6210 1.9852 0.6134 1.1034 6.9073 1.7682 13.9386 -3.9718 0.0153
Car -1 -1 -6.4600 783.0551 192.2304 875.7496 231.4984 1.4342 1.5502 3.2411 8.4812 2.2178 28.2403 -6.1720 0.0144
Car -1 -1 -4.7326 1144.7103 180.2639 1209.3961 228.5664 1.4456 1.5928 4.1564 19.0299 1.7178 24.3968 -4.0765 0.0128
Pedestrian -1 -1 -3.9979 714.0909 186.0574 738.3592 232.6502 1.9009 0.7119 0.7112 4.8238 2.4628 30.2224 -3.8420 0.0125
Pedestrian -1 -1 -4.0374 716.5133 185.4811 741.5412 231.5984 1.8814 0.7329 0.7413 4.9447 2.4195 30.2419 -3.8777 0.0116
Car -1 -1 -3.6575 838.8674 187.2471 944.2190 229.5026 1.5571 1.4008 3.6207 10.9316 2.1388 28.2094 -3.2921 0.0115
Car -1 -1 -4.8783 1148.1383 182.8107 1234.5588 232.0127 1.4546 1.6447 3.5568 19.2350 1.8136 24.0776 -4.2107 0.0114
Pedestrian -1 -1 -6.2622 1116.4216 195.8603 1142.6119 257.0826 1.6403 0.7703 0.5852 14.4816 2.2989 20.1791 -5.6475 0.0109
Car -1 -1 -3.9337 1144.7491 176.8976 1241.0000 227.7984 1.5668 1.7258 4.3895 20.0749 1.7038 23.4355 -3.2320 0.0104
Car -1 -1 -4.7185 1148.6288 180.8571 1212.4097 230.5593 1.4774 1.5672 4.1319 19.0613 1.7695 24.2455 -4.0586 0.0093
Car -1 -1 -6.7285 778.9076 192.3954 878.9977 233.5779 1.4789 1.5125 3.3792 8.3821 2.2611 27.8816 -6.4402 0.0088
Car -1 -1 -5.7697 1143.1689 190.4154 1241.0000 247.7827 1.4755 1.6667 4.0077 18.9023 2.0648 22.0551 -5.0683 0.0086
Pedestrian -1 -1 -4.0020 1088.8694 174.4897 1135.6542 250.2660 1.8659 0.5796 0.8124 12.5907 1.9077 18.1689 -3.4043 0.0082
Car -1 -1 -3.7905 1066.3247 188.3234 1225.5338 238.3523 1.5068 1.6231 3.9204 17.0324 2.0203 23.1104 -3.1621 0.0081
Car -1 -1 -4.6736 603.7571 179.2362 620.1830 194.2994 1.4212 1.4907 3.6647 0.1973 2.0699 71.5129 -4.6713 0.0080
Car -1 -1 -5.0976 594.2554 178.8012 622.0281 194.1340 1.4449 1.5435 3.4936 -0.2279 2.0486 71.3825 -5.1012 0.0076
Pedestrian -1 -1 -4.2871 718.0536 184.6945 742.4599 233.9881 1.9924 0.7154 0.8499 4.9556 2.4931 29.9810 -4.1258 0.0075
Car -1 -1 -4.5115 606.0696 177.9963 627.9767 192.8860 1.4092 1.5029 3.5055 0.7006 1.9314 71.4500 -4.5021 0.0071
Pedestrian -1 -1 -3.7158 714.4275 184.8807 739.1790 234.8349 2.0280 0.7294 0.7371 4.8106 2.5359 30.0070 -3.5593 0.0064
Car -1 -1 -4.3162 607.4942 178.7538 635.7368 194.3800 1.4705 1.5485 3.5347 1.1546 2.0689 71.2878 -4.3005 0.0063
Pedestrian -1 -1 -5.0889 1055.4200 244.2823 1137.6312 374.0000 1.1823 0.4233 0.3803 3.7830 1.7702 5.7164 -4.5291 0.0057
Car -1 -1 -3.5928 1058.4856 188.8865 1223.4440 239.7984 1.5211 1.6320 4.0050 17.0594 2.0668 23.4253 -2.9700 0.0051
Cyclist -1 -1 -5.9830 1162.0812 186.5051 1241.0000 255.5664 1.7479 0.5216 1.6213 15.8682 2.1302 19.4029 -5.3056 0.0049
Pedestrian -1 -1 -3.9567 1101.8235 171.5940 1141.9697 245.5265 1.8014 0.5629 0.5885 12.6539 1.7704 17.9168 -3.3501 0.0045
Cyclist -1 -1 -6.6313 1156.1869 183.9135 1220.9500 238.1428 1.6509 0.5909 1.4746 18.1195 2.0061 22.6859 -5.9643 0.0042
Car -1 -1 -4.0569 1084.9614 188.1054 1226.3899 239.8789 1.4904 1.6380 3.7557 17.1963 2.0003 22.8378 -3.4183 0.0041
Car -1 -1 -3.4860 778.5834 192.2825 868.5711 221.7196 1.3410 1.6956 3.8499 10.3064 2.3121 35.1095 -3.2035 0.0040
Pedestrian -1 -1 -3.9752 1088.1260 165.5983 1130.9733 252.4820 2.1130 0.5363 0.7112 12.3310 1.9362 17.8922 -3.3802 0.0038
Pedestrian -1 -1 -4.8334 1172.9192 186.2550 1201.7961 240.3389 1.6564 0.6490 0.4989 18.0836 2.0843 22.6695 -4.1671 0.0032
Pedestrian -1 -1 -5.2496 1028.0845 229.0168 1106.5773 374.0000 1.1649 0.3882 0.3731 3.5757 1.6267 5.7499 -4.7171 0.0031
Car -1 -1 -8.4438 0.0000 0.0000 1241.0000 374.0000 1.4805 1.5671 3.8085 2.7490 1.4990 1.2892 -7.3965 0.0030
Car -1 -1 -8.5312 0.0000 0.0000 1241.0000 374.0000 1.4816 1.5961 3.7117 3.1513 1.5032 1.6544 -7.5151 0.0028
Car -1 -1 -9.1297 0.0000 0.0000 1241.0000 374.0000 1.5652 1.6382 3.4573 3.8293 1.4406 1.7513 -8.0498 0.0027
Car -1 -1 -8.7567 0.0000 0.0000 1241.0000 374.0000 1.5262 1.6298 3.7531 3.4507 1.4515 1.6444 -7.6982 0.0027
Pedestrian -1 -1 -5.0516 821.6390 170.3158 844.9115 214.8772 1.6480 0.6547 0.6392 8.3100 1.5538 27.0181 -4.7568 0.0020
Pedestrian -1 -1 -4.2061 1208.7280 176.0910 1241.0000 269.0462 2.0543 0.5314 0.3992 13.8912 2.1285 16.2876 -3.5097 0.0012
Car -1 -1 -8.0724 666.9611 193.0920 700.6832 217.1913 1.6561 1.7938 3.6003 5.5240 3.2419 54.6573 -7.9730 0.0010
Pedestrian -1 -1 -8.1319 1183.4155 179.5562 1213.6683 233.1109 1.6309 0.5813 0.6085 18.2674 1.8430 22.4648 -7.4562 0.0010
Cyclist -1 -1 -8.4119 1114.2843 44.0307 1241.0000 374.0000 1.8434 0.4765 1.8882 2.6841 1.5121 2.8233 -7.7029 0.0010
Cyclist -1 -1 -5.2873 1181.2235 172.1587 1241.0000 268.1174 2.0971 0.5231 1.5747 13.8886 2.0816 16.5803 -4.5995 0.0008
Pedestrian -1 -1 -4.3464 1197.7709 174.1956 1239.1522 261.5804 1.9626 0.6059 0.4584 13.9364 1.9938 16.5931 -3.6572 0.0004
Pedestrian -1 -1 -8.1445 1179.0798 187.1992 1207.7705 241.6550 1.6679 0.5811 0.4871 18.2269 2.1238 22.6098 -7.4730 0.0004
