Car -1 -1 -4.2395 0.0000 184.2076 352.6316 374.0000 1.6378 1.6463 4.1451 -4.5619 1.8014 8.3301 -4.7278 0.9998
Car -1 -1 -4.4575 381.3514 183.7795 489.1017 254.0986 1.4791 1.6177 3.9331 -4.2128 1.7781 17.7803 -4.6875 0.9998
Car -1 -1 -4.3831 282.5619 191.2861 440.3694 287.1823 1.4128 1.5662 3.7453 -4.4098 1.7988 13.2366 -4.6995 0.9998
Car -1 -1 -7.9899 720.9736 164.4908 806.6661 234.0911 1.8898 1.8491 5.0355 4.5232 1.6624 22.1616 -7.7919 0.9964
Car -1 -1 -4.4923 552.1202 176.4433 591.1548 201.3160 1.4450 1.5870 3.9492 -2.3569 1.6768 44.5960 -4.5453 0.9880
Car -1 -1 -8.0157 701.2520 172.6358 748.2880 209.4588 1.6478 1.6048 3.7025 5.3300 1.6377 34.1464 -7.8627 0.9861
Car -1 -1 -7.9234 714.8690 177.5921 764.6339 218.8481 1.4850 1.6475 3.6780 4.9827 1.6833 28.3251 -7.7516 0.9361
Car -1 -1 -7.9392 713.7347 178.1482 764.3798 218.7861 1.4575 1.6191 3.7421 4.9520 1.6792 28.3162 -7.7685 0.9346
Car -1 -1 -5.7915 0.0000 173.6323 158.7913 225.9349 1.5177 1.6577 3.7892 -16.2770 1.5423 22.0519 -6.4217 0.9038
Car -1 -1 -7.9993 702.9515 173.5963 749.7520 209.0605 1.5855 1.6571 3.6625 5.4099 1.6223 34.1744 -7.8442 0.8444
Car -1 -1 -8.0346 701.2581 174.2472 749.5237 208.9735 1.5460 1.6179 3.5729 5.3492 1.6150 34.0758 -7.8808 0.8323
Car -1 -1 -4.4465 552.5693 176.7492 593.6728 201.4806 1.4346 1.5776 3.8606 -2.2634 1.6860 44.5570 -4.4974 0.7920
Car -1 -1 -4.5016 550.2812 175.5273 590.3953 201.5930 1.5096 1.6546 4.0388 -2.4209 1.6815 44.3476 -4.5562 0.7269
Pedestrian -1 -1 -8.0515 824.8743 164.4314 842.8052 200.9041 1.7223 0.6573 0.8755 10.6684 1.3243 34.5404 -7.7547 0.7034
Car -1 -1 -3.7673 0.0000 201.3683 85.9037 374.0000 1.5312 1.6081 3.9851 -4.6156 1.7345 3.1488 -4.6995 0.6914
Car -1 -1 -7.8691 703.5922 174.9105 735.1784 204.1192 1.4987 1.6188 3.6530 5.8682 1.6156 39.2097 -7.7221 0.6806
Pedestrian -1 -1 -5.1030 824.4581 163.7261 844.9145 201.3235 1.7708 0.6469 0.8708 10.6802 1.3406 34.4478 -4.8051 0.6272
Car -1 -1 -4.5505 551.8599 175.4640 588.5464 201.2666 1.5124 1.6440 4.0628 -2.4581 1.6819 44.8267 -4.6054 0.6082
Car -1 -1 -7.9442 698.3710 175.1845 734.0219 204.0122 1.4818 1.5810 3.6592 5.6938 1.6143 39.2592 -7.8017 0.5644
Car -1 -1 -3.9070 0.0000 200.3435 87.2076 374.0000 1.5446 1.6092 4.0733 -4.4259 1.7437 3.1207 -4.8230 0.5282
Car -1 -1 -3.6144 0.0000 201.3818 81.0691 374.0000 1.5574 1.6196 3.9266 -4.8557 1.7663 3.2272 -4.5600 0.5197
Car -1 -1 -5.8213 0.0000 173.3097 163.8707 225.9470 1.5295 1.7294 3.9396 -16.2809 1.5439 22.1648 -6.4492 0.5016
Car -1 -1 -4.5166 549.3664 175.6937 588.5513 201.5797 1.5037 1.6555 4.0656 -2.5151 1.6870 44.5087 -4.5732 0.4948
Car -1 -1 -5.7352 0.0000 172.9069 145.2990 225.5671 1.5267 1.5937 3.4558 -16.3930 1.5281 21.8686 -6.3728 0.4842
Car -1 -1 -4.4120 549.4412 174.8306 596.5519 201.6678 1.5422 1.6744 4.3145 -2.2354 1.6690 44.0995 -4.4627 0.4788
Car -1 -1 -3.8382 0.0000 209.0530 102.3177 374.0000 1.4331 1.5702 3.1418 -4.6816 1.7056 3.8474 -4.6870 0.4387
Car -1 -1 -7.9743 714.8104 177.3954 771.5950 219.6598 1.4774 1.6464 4.0134 4.9901 1.6645 27.7125 -7.7986 0.3921
Car -1 -1 -5.7389 0.0000 171.5015 148.8517 223.9768 1.5327 1.7029 3.7028 -16.5865 1.4929 22.0965 -6.3772 0.3814
Car -1 -1 -3.6150 0.0000 203.5895 94.6796 374.0000 1.5130 1.6466 3.8382 -4.9224 1.7467 3.4591 -4.5366 0.3650
Car -1 -1 -7.7672 703.4411 174.6509 739.7939 203.8708 1.4931 1.6324 3.8277 6.0639 1.5955 39.1753 -7.6152 0.3647
Car -1 -1 -5.8051 0.0000 172.6375 173.6132 228.8905 1.6236 1.6887 4.3307 -16.0559 1.6171 21.9785 -6.4304 0.3632
Car -1 -1 -4.8968 708.2935 177.2963 769.9786 219.4384 1.4743 1.6001 3.9638 4.8201 1.6565 27.6555 -4.7267 0.3468
Car -1 -1 -5.8910 0.0000 173.4126 187.7628 228.5958 1.5875 1.7653 4.5707 -15.8434 1.6054 22.1511 -6.5064 0.3440
Car -1 -1 -4.4777 546.7142 174.3672 588.7628 202.4498 1.5997 1.6789 3.8300 -2.5243 1.6946 43.3532 -4.5360 0.3132
Car -1 -1 -3.9464 0.0000 211.9644 106.4574 374.0000 1.4429 1.5568 3.5402 -4.4000 1.7325 3.5127 -4.8064 0.3104
Car -1 -1 -4.8134 702.6760 174.3990 745.1362 207.9564 1.5295 1.6429 3.7796 5.4268 1.6083 34.9943 -4.6613 0.3086
Car -1 -1 -4.0537 0.0000 197.6556 74.2356 374.0000 1.5246 1.5985 4.0614 -4.1734 1.7018 3.0001 -4.9588 0.3012
Car -1 -1 -3.3926 0.0000 196.3919 75.7326 374.0000 1.5918 1.7004 4.0557 -5.1146 1.7675 3.1990 -4.3663 0.2885
Car -1 -1 -7.3731 718.2298 176.5446 803.5036 219.0563 1.5000 1.6030 3.9029 5.8327 1.6523 27.8277 -7.1693 0.2733
Car -1 -1 -3.3662 0.0000 196.6783 102.4008 374.0000 1.5646 1.6437 4.1693 -5.1920 1.7527 3.4662 -4.3123 0.2387
Car -1 -1 -7.7702 718.2299 177.0235 769.1514 217.9572 1.4671 1.6670 3.7137 5.2506 1.6418 28.2803 -7.5891 0.2380
Car -1 -1 -7.5881 702.1076 174.5143 751.1366 203.8128 1.4892 1.6287 4.0228 6.3306 1.5839 39.0894 -7.4292 0.2022
Car -1 -1 -7.5274 702.9991 174.0138 755.9338 203.9510 1.5175 1.6548 3.8983 6.4425 1.5831 38.8478 -7.3648 0.1463
Car -1 -1 -4.9313 713.8853 177.7414 781.3910 221.2148 1.4576 1.6027 3.9367 4.9450 1.6513 26.6386 -4.7504 0.1287
Car -1 -1 -7.3298 7.7343 175.2067 139.4326 227.7601 1.4905 1.6317 3.7483 -16.6639 1.5703 22.5891 -7.9599 0.1226
Car -1 -1 -6.9700 687.6732 172.6433 754.1133 198.8041 1.5523 1.6264 3.9088 6.8199 1.5395 44.5124 -6.8194 0.1190
Car -1 -1 -7.0717 0.0000 172.5697 147.4380 228.0957 1.5411 1.6688 3.9414 -16.4984 1.5329 22.0968 -7.7074 0.1164
Car -1 -1 -6.8082 687.9592 172.9660 752.4438 198.6788 1.5260 1.5848 3.5989 6.7169 1.5328 44.2310 -6.6589 0.1072
Car -1 -1 -7.2276 0.0000 172.5927 144.8281 226.9366 1.5234 1.6257 3.8712 -16.3917 1.5158 22.1661 -7.8588 0.1019
Car -1 -1 -4.9369 713.0447 178.9748 774.7651 221.6710 1.4240 1.4399 3.5578 4.7780 1.6630 26.3958 -4.7604 0.0919
Pedestrian -1 -1 -6.5625 188.2218 174.0786 213.5459 229.7207 1.6804 0.6570 0.5190 -12.6507 1.7185 22.2242 -7.0751 0.0900
Car -1 -1 -7.0519 711.9235 177.1885 813.0266 218.1844 1.4479 1.5770 3.7271 5.7887 1.6228 27.4983 -6.8472 0.0813
Car -1 -1 -7.0542 684.2220 172.6684 745.7379 198.5317 1.5298 1.5795 3.6929 6.4445 1.5186 44.4038 -6.9114 0.0776
Car -1 -1 -2.2920 0.0000 212.3110 84.1812 374.0000 1.4375 1.6019 3.2269 -5.4321 1.7203 4.3504 -3.1574 0.0769
Car -1 -1 -7.8480 692.9104 173.3724 719.1064 198.4827 1.4871 1.5444 3.7439 5.9273 1.5204 44.7721 -7.7176 0.0665
Car -1 -1 -7.5262 559.2084 164.0052 587.8577 182.6908 1.7643 1.6126 3.9125 -3.5357 0.9285 70.2282 -7.5765 0.0643
Car -1 -1 -6.9515 713.9784 176.9687 821.0493 218.6549 1.4642 1.6234 3.7498 5.9014 1.6280 27.2079 -6.7407 0.0641
Pedestrian -1 -1 -6.2819 395.7365 163.0186 404.5406 199.9241 1.9275 0.5475 0.4423 -11.0930 1.4135 38.0082 -6.5643 0.0554
Car -1 -1 -7.3390 558.5401 164.4086 594.4690 183.1292 1.7625 1.6409 4.1898 -3.2395 0.9671 70.1698 -7.3852 0.0548
Car -1 -1 -7.2436 712.1809 176.7055 806.2224 218.4456 1.4762 1.6184 3.8879 5.7519 1.6345 27.7981 -7.0423 0.0531
Car -1 -1 -6.6268 690.3469 173.8257 754.6044 198.8411 1.4854 1.5708 3.5525 6.8107 1.5459 44.0409 -6.4748 0.0498
Car -1 -1 -7.5000 715.2988 177.1541 791.3458 218.2286 1.4534 1.6546 3.9157 5.5965 1.6329 28.0727 -7.3058 0.0448
Car -1 -1 -7.6553 693.2024 173.1531 730.5744 198.7024 1.5070 1.5895 3.7325 6.3064 1.5261 44.6321 -7.5162 0.0401
Car -1 -1 -7.5513 692.8407 173.2701 737.0294 199.1968 1.5202 1.6279 3.8444 6.4731 1.5467 44.4588 -7.4081 0.0370
Car -1 -1 -2.4337 0.0000 197.8655 61.0522 374.0000 1.5760 1.7221 3.5055 -5.5086 1.7541 3.9381 -3.3514 0.0338
Car -1 -1 -4.6900 876.6389 168.3743 899.0799 189.1531 1.6351 1.6314 3.9511 22.6851 1.2823 58.9148 -4.3244 0.0313
Car -1 -1 -2.2962 0.0000 199.2584 78.2164 374.0000 1.5725 1.6748 3.7208 -5.6424 1.7596 4.1782 -3.1987 0.0285
Car -1 -1 -2.5195 0.0000 195.4863 54.8759 374.0000 1.6017 1.6217 3.9395 -5.6615 1.7643 3.7949 -3.4667 0.0239
Car -1 -1 -3.0205 503.2863 172.7625 553.7632 193.7134 1.5742 1.6609 3.6546 -6.2176 1.5671 55.0622 -3.1328 0.0228
Car -1 -1 -7.9263 870.7853 168.6049 895.9334 189.6116 1.6573 1.6309 3.9411 22.3072 1.3218 59.0468 -7.5670 0.0220
Car -1 -1 -2.2191 0.0000 196.7039 99.5128 374.0000 1.5371 1.6460 3.9054 -5.7578 1.7160 4.5112 -3.0963 0.0214
Car -1 -1 -7.4169 694.9333 173.2698 746.6385 198.5696 1.4807 1.6759 3.8481 6.8172 1.5072 44.3633 -7.2659 0.0205
Car -1 -1 -2.0904 0.0000 197.3148 101.3759 374.0000 1.5250 1.6313 3.8775 -5.7756 1.7263 4.7672 -2.9435 0.0170
Car -1 -1 -6.5033 691.5173 174.4204 755.2368 198.6704 1.4392 1.5665 3.5657 6.8241 1.5360 43.8400 -6.3503 0.0170
Car -1 -1 -4.8897 715.6932 177.4925 781.4744 222.4292 1.4661 1.5814 4.2324 4.8698 1.6472 26.0984 -4.7079 0.0162
Car -1 -1 -5.0878 601.7843 173.7779 631.0305 189.6081 1.5174 1.6065 3.8102 0.5860 1.6112 71.4688 -5.0800 0.0158
Car -1 -1 -7.4517 699.6343 172.7908 745.9249 197.3214 1.4298 1.6082 3.3392 6.8578 1.4258 43.8970 -7.2981 0.0158
Car -1 -1 -7.9782 865.2946 168.7713 892.9724 189.7105 1.6529 1.6280 3.9954 21.9733 1.3304 59.0891 -7.6241 0.0152
Car -1 -1 -4.6391 611.4470 174.8957 629.2055 190.2048 1.4669 1.4923 3.7871 1.0288 1.6747 71.6066 -4.6251 0.0143
Car -1 -1 -5.3688 595.3038 173.9154 631.1478 189.6490 1.5056 1.5716 3.7570 0.2748 1.6130 71.2801 -5.3653 0.0130
Car -1 -1 -2.9464 525.5461 164.2125 581.3231 182.8407 1.7595 1.8303 5.0874 -5.4335 0.9430 69.3576 -3.0245 0.0127
Car -1 -1 -8.0686 857.6175 168.8976 889.3566 189.6423 1.6403 1.6197 3.9815 21.5226 1.3272 59.1344 -7.7214 0.0116
Car -1 -1 -6.3354 695.0228 174.3979 761.6193 199.2466 1.4608 1.5771 3.8823 7.0574 1.5558 43.5330 -6.1762 0.0103
Car -1 -1 -1.9526 0.0000 194.3860 102.1088 374.0000 1.5022 1.6642 3.9194 -5.7960 1.6962 5.0403 -2.7813 0.0100
Car -1 -1 -7.7637 592.0474 171.9587 620.3640 194.6419 1.5557 1.6646 4.1087 -0.2632 1.4940 51.6027 -7.7692 0.0096
Car -1 -1 -7.8349 707.6472 169.8162 737.8060 197.1197 1.5763 1.7265 3.8343 6.8206 1.4007 43.6942 -7.6815 0.0095
Car -1 -1 -4.2684 609.3631 173.1096 640.2424 188.9615 1.5249 1.5917 3.7838 1.4775 1.5507 71.5252 -4.2481 0.0089
Car -1 -1 -4.7233 595.4912 172.1859 620.9726 193.3618 1.4480 1.7430 4.0492 -0.1827 1.4020 51.3757 -4.7272 0.0070
Car -1 -1 -4.2744 595.0303 172.3339 639.4709 194.3651 1.4910 1.6260 3.9328 0.5247 1.4555 50.9548 -4.2645 0.0064
Car -1 -1 -4.7634 719.4120 173.5651 774.8484 225.2118 1.6410 1.6422 4.6780 4.6909 1.6681 25.4178 -4.5837 0.0057
Car -1 -1 -2.9611 488.2882 171.1664 553.5107 192.5165 1.6000 1.6540 4.7176 -6.7935 1.4732 55.0350 -3.0836 0.0049
Car -1 -1 -4.7699 590.5469 171.7874 616.8971 193.1558 1.4673 1.6457 4.0666 -0.5159 1.3938 51.6311 -4.7802 0.0044
Cyclist -1 -1 -7.6375 179.1458 170.7159 213.6618 229.8042 1.7424 0.6038 1.5011 -12.6874 1.6790 22.0825 -8.1541 0.0042
Car -1 -1 -2.9321 170.3542 172.8571 303.4629 217.6662 1.5492 1.6520 4.0459 -13.5061 1.5490 26.2664 -3.4032 0.0041
Car -1 -1 -2.9933 497.0302 172.0140 549.5911 193.0732 1.5789 1.5748 3.7829 -6.6025 1.5156 54.9381 -3.1126 0.0039
Car -1 -1 -4.7427 600.5637 174.0647 625.8178 196.1551 1.4630 1.6206 4.0471 0.1547 1.5501 50.0559 -4.7400 0.0035
Car -1 -1 -4.8662 715.4810 177.6763 778.5499 224.2664 1.4989 1.5574 4.1768 4.7527 1.6848 25.7578 -4.6864 0.0033
Car -1 -1 -4.7973 594.5017 172.9509 622.4988 194.9167 1.4726 1.6073 4.1145 -0.1747 1.4794 50.5117 -4.8012 0.0032
Car -1 -1 -4.5152 594.4296 172.6102 628.5938 194.2231 1.4503 1.6163 4.1572 0.1192 1.4336 50.6136 -4.5133 0.0031
Car -1 -1 -2.9334 179.4940 171.5451 301.8231 216.3566 1.5465 1.7501 3.6700 -13.3545 1.5010 26.2168 -3.4006 0.0028
