Car -1 -1 -7.8916 551.3060 174.8608 724.3153 332.4186 1.6311 1.8103 4.2599 0.1928 1.6637 9.6721 -7.8739 0.9961
Car -1 -1 -4.3567 440.0635 177.3811 479.9394 198.0986 1.5112 1.6593 4.1995 -11.5732 1.8748 55.7947 -4.5607 0.7924
Car -1 -1 -4.4384 439.3907 177.1270 476.8777 197.5954 1.4954 1.7075 4.4278 -11.7432 1.8397 55.9260 -4.6448 0.7265
Car -1 -1 -7.8646 546.7295 173.9491 719.0237 333.9570 1.6413 1.7745 3.6571 0.1913 1.6578 9.2616 -7.8463 0.7201
Cyclist -1 -1 -7.3325 267.6411 174.9581 297.1696 209.2819 1.7870 0.5928 1.8552 -17.5615 1.9022 38.6351 -7.7568 0.7196
Car -1 -1 -4.4627 438.8250 177.5628 473.6233 198.6373 1.5349 1.6872 3.9675 -11.8030 1.9098 55.4688 -4.6717 0.7023
Car -1 -1 -4.6155 440.3654 177.9048 467.9454 198.8306 1.5241 1.6970 4.0329 -12.0115 1.9282 55.6670 -4.8274 0.7005
Car -1 -1 -4.2541 440.1587 176.8509 484.1311 198.3552 1.5680 1.6255 4.2178 -11.3845 1.8886 55.6920 -4.4551 0.5772
Pedestrian -1 -1 -2.7591 535.3684 173.4450 554.2521 211.0711 1.6514 0.4874 0.7037 -2.9331 1.6775 32.0122 -2.8503 0.4591
Pedestrian -1 -1 -2.5306 535.7396 173.0470 554.0763 211.0901 1.6729 0.4894 0.6495 -2.9383 1.6813 32.1066 -2.6217 0.4238
Car -1 -1 -4.3114 438.1086 177.1825 478.8462 198.6513 1.5557 1.6913 3.8146 -11.5595 1.8983 55.1390 -4.5175 0.4131
Pedestrian -1 -1 -7.7944 970.6343 164.0645 994.6373 224.8660 1.7749 0.6034 0.6316 11.0503 1.5180 21.4879 -7.3255 0.3909
Car -1 -1 -4.4757 435.7099 178.0824 469.8866 199.6274 1.5437 1.6481 3.9514 -11.8913 1.9539 54.6601 -4.6892 0.3526
Pedestrian -1 -1 -3.1890 540.2012 172.9371 557.2192 210.8524 1.6665 0.4393 0.7309 -2.7612 1.6699 31.9813 -3.2750 0.3490
Car -1 -1 -4.6211 439.1411 177.8796 466.4818 199.1949 1.5463 1.7019 3.8715 -12.0421 1.9454 55.3225 -4.8348 0.3353
Car -1 -1 -4.7525 587.8115 170.7283 643.6479 229.8267 1.6866 1.5678 3.6347 0.0606 1.6256 22.4378 -4.7507 0.3269
Pedestrian -1 -1 -3.0178 541.7400 172.4274 556.6341 211.0224 1.7051 0.4918 0.6056 -2.7485 1.6859 32.1342 -3.1029 0.3083
Pedestrian -1 -1 -7.6844 963.9109 164.0606 990.2986 223.8961 1.7437 0.6129 0.5842 10.8619 1.4871 21.4433 -7.2216 0.2754
Car -1 -1 -4.6478 584.6584 170.7109 644.5269 228.1876 1.6833 1.6695 3.9972 0.1798 1.6202 23.1846 -4.6409 0.2709
Car -1 -1 -4.7691 588.1313 171.3942 647.1088 230.8798 1.6639 1.5664 3.8919 0.1077 1.6228 22.1674 -4.7651 0.2603
Car -1 -1 -4.9743 582.5573 171.3165 666.4298 229.6269 1.6713 1.6900 3.7999 0.3134 1.6270 22.7308 -4.9615 0.2502
Car -1 -1 -4.5457 440.5711 177.6142 471.5560 199.6257 1.5740 1.6454 4.0156 -11.6166 1.9469 54.5198 -4.7550 0.2497
Car -1 -1 -7.7915 583.0209 172.5178 642.5797 227.6637 1.6453 1.7000 4.0040 0.1238 1.6350 23.5815 -7.7871 0.2347
Pedestrian -1 -1 -7.8772 968.9272 165.2459 993.1619 224.8802 1.7531 0.6260 0.6407 11.0694 1.5291 21.6348 -7.4103 0.2276
Car -1 -1 -7.8294 582.7584 171.5697 639.6700 227.9694 1.6816 1.6990 4.0026 0.0372 1.6430 23.5355 -7.8286 0.2243
Car -1 -1 -4.8928 583.3123 172.3324 658.8516 232.0556 1.6391 1.5732 3.9876 0.1918 1.6245 21.9018 -4.8850 0.2140
Car -1 -1 -7.8933 584.4002 172.5619 641.8315 226.4153 1.6081 1.6903 4.4757 -0.0324 1.5990 23.8161 -7.8953 0.1912
Car -1 -1 -4.5945 438.0650 177.8656 466.6869 200.4429 1.6033 1.6459 3.9555 -11.8278 1.9936 54.1956 -4.8088 0.1876
Pedestrian -1 -1 -7.8272 659.9193 174.0023 675.7914 208.6017 1.7789 0.8082 0.5150 2.9631 1.8386 37.4148 -7.7494 0.1781
Car -1 -1 -4.5499 434.4893 178.6434 465.9444 200.6753 1.5700 1.6989 3.9717 -12.0561 2.0233 54.5113 -4.7669 0.1687
Car -1 -1 -4.2724 253.4134 179.4088 309.2768 205.1256 1.5971 1.7237 4.2740 -21.8391 2.0528 48.0545 -4.6972 0.1596
Car -1 -1 -7.7097 583.4092 171.9077 653.2667 227.9527 1.6581 1.7137 3.9885 0.3120 1.6298 23.4507 -7.6973 0.1586
Car -1 -1 -7.5244 576.4175 171.9666 666.0917 225.3898 1.5977 1.7141 4.1226 0.4261 1.5709 23.8087 -7.5075 0.1570
Car -1 -1 -4.7133 584.0573 172.9306 640.7148 232.1840 1.6230 1.5523 3.9270 0.0130 1.6252 21.7326 -4.7136 0.1531
Car -1 -1 -8.0122 572.3658 172.5430 644.3099 228.0480 1.6562 1.6960 4.2192 -0.1990 1.6466 23.7511 -8.0212 0.1529
Car -1 -1 -7.7045 580.1183 174.2621 647.0211 224.8797 1.5405 1.6613 4.0271 0.1586 1.5916 24.1954 -7.6987 0.1379
Pedestrian -1 -1 -7.7584 659.6031 174.2606 676.6565 209.0773 1.7805 0.8357 0.4862 2.9623 1.8534 37.2350 -7.6802 0.1358
Car -1 -1 -7.8493 581.9466 175.5758 634.3655 224.5314 1.4983 1.6205 4.0222 -0.1062 1.5973 24.3172 -7.8543 0.1352
Car -1 -1 -4.7565 438.3990 178.2313 463.0464 199.1473 1.5155 1.6740 4.0143 -12.3191 1.9453 55.5451 -4.9741 0.1342
Pedestrian -1 -1 -2.9772 529.8751 171.7658 548.1990 209.2659 1.6489 0.4783 0.7408 -3.1861 1.6008 31.9902 -3.0762 0.1124
Car -1 -1 -4.3280 257.3625 180.3159 307.1080 205.5906 1.5601 1.6148 3.9872 -21.6564 2.0746 47.7551 -4.7519 0.1047
Car -1 -1 -6.1773 551.4965 170.8531 674.1508 228.6856 1.7118 1.5865 3.6527 0.0890 1.6523 22.3442 -6.1741 0.1042
Car -1 -1 -4.8702 431.8226 178.9356 463.5380 200.1548 1.5157 1.7592 3.9076 -12.4133 1.9962 54.9065 -5.0919 0.1006
Car -1 -1 -4.4145 554.1084 172.1221 641.5447 232.7998 1.6579 1.5668 3.8836 -0.3169 1.6376 21.7983 -4.4297 0.0978
Car -1 -1 -4.2648 251.6785 179.6616 308.5992 205.1973 1.5911 1.7663 4.3128 -22.0261 2.0670 48.2928 -4.6909 0.0861
Car -1 -1 -6.1216 562.3964 171.0522 695.2914 228.7450 1.6974 1.6838 3.9095 0.5798 1.6440 22.4176 -6.0968 0.0757
Car -1 -1 -3.5014 433.0556 176.9597 492.5318 198.2929 1.5644 1.7348 4.1328 -11.3260 1.8900 55.4495 -3.7023 0.0722
Car -1 -1 -6.1686 564.2283 171.7874 693.8941 228.7477 1.6934 1.7552 3.8852 0.6022 1.6614 22.5915 -6.1431 0.0673
Car -1 -1 -4.2628 256.5702 179.2384 312.7594 204.7476 1.6005 1.7569 4.2702 -21.8233 2.0485 48.5104 -4.6838 0.0616
Cyclist -1 -1 -6.0937 527.5650 173.1266 562.4455 212.2610 1.7252 0.4825 1.4828 -2.9322 1.7371 32.1248 -6.1845 0.0585
Car -1 -1 -3.0652 540.2057 171.8060 657.4541 226.1103 1.6348 1.5990 3.5569 -0.3472 1.6029 22.6270 -3.0811 0.0565
Cyclist -1 -1 -7.3549 965.4158 164.3325 1009.0832 225.0030 1.7766 0.4106 1.7083 11.3476 1.5268 21.7793 -6.8806 0.0531
Cyclist -1 -1 -6.0989 526.5342 172.2348 562.1183 211.8067 1.7389 0.4930 1.5083 -2.9528 1.7114 32.0213 -6.1906 0.0477
Car -1 -1 -4.2662 255.4428 178.4324 314.6973 204.5894 1.6592 1.9165 4.4810 -22.0071 2.0552 48.9992 -4.6866 0.0476
Car -1 -1 -4.2520 261.7108 178.9161 316.5640 204.2625 1.6102 1.7493 4.1116 -21.7156 2.0386 48.9324 -4.6679 0.0411
Pedestrian -1 -1 -7.5740 974.7371 164.5838 1005.3566 226.2569 1.7966 0.6589 0.6390 11.2635 1.5553 21.4771 -7.0972 0.0388
Pedestrian -1 -1 -8.0226 973.6554 164.4986 1001.4757 223.4146 1.7473 0.6589 0.5358 11.3276 1.4992 21.7539 -7.5485 0.0349
Car -1 -1 -4.2874 259.8252 178.1729 318.9055 204.7334 1.6921 1.8754 4.7917 -21.8581 2.0732 49.3359 -4.7028 0.0347
Car -1 -1 -3.0270 471.8356 179.5724 781.5667 310.4008 1.5679 1.7934 3.8971 0.2163 1.6706 9.9144 -3.0074 0.0311
Car -1 -1 -4.7525 442.9260 178.4465 467.9425 200.4598 1.5322 1.6521 3.8529 -11.4860 1.9614 53.3459 -4.9639 0.0303
Car -1 -1 -4.3157 425.3263 178.9791 469.5381 202.2177 1.6195 1.8028 3.9720 -12.0308 2.0914 53.5108 -4.5362 0.0292
Cyclist -1 -1 -7.6725 974.4429 165.6854 999.8448 225.7560 1.7513 0.3794 1.7841 11.3867 1.5420 21.8580 -7.1983 0.0216
Car -1 -1 -4.0780 497.2068 177.1123 536.5473 193.9200 1.5784 1.7159 4.1589 -9.1602 2.0111 71.1265 -4.2060 0.0216
Cyclist -1 -1 -8.1101 961.2547 166.0249 992.1893 223.2323 1.6769 0.4074 1.7134 11.1291 1.4764 22.0299 -7.6482 0.0203
Car -1 -1 -4.1939 193.1854 179.4372 266.4093 207.6819 1.5011 1.8738 4.2161 -21.7928 1.8989 41.4873 -4.6751 0.0196
Pedestrian -1 -1 -3.7115 528.3353 172.2673 548.5722 208.8740 1.6127 0.4854 0.7568 -3.2360 1.5865 32.2121 -3.8113 0.0194
Car -1 -1 -4.9798 560.4209 176.2583 586.6323 193.2050 1.4943 1.4996 3.6214 -3.4033 1.8164 66.3640 -5.0312 0.0192
Car -1 -1 -2.8463 427.9186 177.7169 480.5229 198.7395 1.5686 1.7243 3.5962 -11.9448 1.9479 55.3143 -3.0583 0.0191
Car -1 -1 -5.0885 554.7972 176.0773 585.2628 193.2235 1.5101 1.5368 3.7075 -3.7234 1.8149 66.3048 -5.1447 0.0191
Car -1 -1 -2.9961 431.2436 177.4895 486.4528 198.5910 1.5812 1.7455 3.9448 -11.6154 1.9438 55.4931 -3.2018 0.0181
Car -1 -1 -4.3969 492.6838 178.1157 521.1682 193.9824 1.4893 1.6152 4.0291 -10.1620 2.0242 71.2603 -4.5383 0.0159
Car -1 -1 -4.8636 491.0306 177.6118 513.7687 193.6992 1.5095 1.6219 4.0567 -10.6585 1.9928 71.1678 -5.0121 0.0126
Car -1 -1 -5.0900 482.8160 177.4794 513.2899 193.5759 1.5092 1.5996 3.9966 -11.0626 1.9777 71.0022 -5.2443 0.0119
Cyclist -1 -1 -4.6819 538.2319 171.6179 550.0766 209.8196 1.6625 0.4833 1.4639 -2.9700 1.6084 32.1457 -4.7738 0.0117
Car -1 -1 -4.0967 494.1724 177.3499 531.9474 194.0234 1.5662 1.6871 4.0055 -9.5365 2.0225 71.1115 -4.2299 0.0115
Car -1 -1 -4.2152 493.1677 177.0321 526.9675 193.1817 1.5222 1.6471 3.8946 -9.8459 1.9465 71.2142 -4.3524 0.0108
Car -1 -1 -5.1733 477.9280 177.7746 511.5724 193.7162 1.4908 1.6233 4.0664 -11.3733 1.9886 70.9131 -5.3321 0.0105
Cyclist -1 -1 -7.7264 975.0237 169.0429 995.4120 225.7967 1.6748 0.3512 1.7183 11.4529 1.5620 22.1008 -7.2542 0.0097
Car -1 -1 -4.5489 433.2304 178.5439 465.1462 200.6206 1.5319 1.6789 3.8960 -11.8167 1.9659 53.0838 -4.7672 0.0094
Car -1 -1 -4.7493 399.5822 175.4086 424.4794 197.3026 1.5888 1.6755 4.3847 -15.2195 1.7925 55.2511 -5.0171 0.0065
Pedestrian -1 -1 -4.9686 1095.7419 163.1022 1132.7461 236.0300 1.9162 0.6621 0.6682 13.4857 1.6597 19.3848 -4.3684 0.0064
Car -1 -1 -4.6889 398.2231 176.4691 421.7175 198.0419 1.5493 1.6190 4.2872 -15.1992 1.8352 54.8562 -4.9582 0.0054
Car -1 -1 -5.0557 756.4702 173.5630 792.9166 195.4476 1.4942 1.4071 3.5257 11.6177 1.5460 51.2176 -4.8343 0.0053
Cyclist -1 -1 -7.1865 954.1624 163.0042 1014.4557 223.5469 1.7492 0.6342 1.7854 11.1123 1.4643 21.5081 -6.7156 0.0052
Cyclist -1 -1 -7.9262 971.0355 166.1212 996.5184 225.7970 1.7119 0.5456 1.6283 11.1019 1.5185 21.5548 -7.4567 0.0051
Car -1 -1 -4.6172 393.6075 176.2479 422.3034 198.9008 1.6102 1.6506 4.6128 -15.2211 1.8772 54.4256 -4.8889 0.0042
Car -1 -1 -4.8792 662.3920 173.0495 693.9551 194.6145 1.4596 1.6384 3.5067 4.7203 1.4736 50.6798 -4.7872 0.0036
Car -1 -1 -7.2063 1241.0000 129.9256 1241.0000 374.0000 1.4973 1.6711 3.9804 6.7776 1.2804 4.5336 -6.2547 0.0033
Car -1 -1 -5.2256 756.7753 172.1588 799.9459 193.8547 1.4777 1.3418 3.6625 11.8433 1.4301 51.0901 -4.9994 0.0032
Pedestrian -1 -1 -8.3763 941.4879 166.8411 976.1761 223.2782 1.5754 0.5393 0.8403 9.8914 1.4073 20.5820 -7.9344 0.0031
Car -1 -1 -4.7489 669.1094 172.9949 694.2955 194.5506 1.4603 1.6241 3.5271 4.9768 1.4702 50.7126 -4.6520 0.0031
Car -1 -1 -7.1833 1219.9802 124.6481 1241.0000 374.0000 1.5304 1.6963 4.1733 6.9506 1.2594 4.9494 -6.2590 0.0029
Car -1 -1 -7.2529 1206.7161 129.0077 1241.0000 374.0000 1.5422 1.6971 4.2287 7.0851 1.2791 5.3157 -6.3521 0.0025
Pedestrian -1 -1 -6.1394 270.3781 175.1937 280.3233 205.1274 2.0382 0.7331 0.5204 -23.0431 2.2001 49.6209 -6.5724 0.0022
Pedestrian -1 -1 -8.0823 1056.8684 168.8298 1090.8024 239.2906 1.8991 0.6712 0.5578 12.6829 1.7904 19.8209 -7.5205 0.0018
Pedestrian -1 -1 -4.0688 985.0052 157.6440 1008.0102 212.2187 1.7808 0.5594 0.3718 12.7396 1.2842 23.8765 -3.5841 0.0010
Pedestrian -1 -1 -3.9589 992.3733 154.8537 1014.4659 210.2447 1.8117 0.5393 0.3633 12.9882 1.2227 23.9134 -3.4668 0.0006
Pedestrian -1 -1 -4.3912 1064.6407 159.1680 1097.0122 211.5586 1.6355 0.6946 0.6598 14.9601 1.2080 23.0022 -3.8207 0.0005
Pedestrian -1 -1 -4.4460 1056.0497 157.9035 1087.9745 215.0444 1.7822 0.7034 0.6915 14.6770 1.3156 22.9976 -3.8841 0.0004
Pedestrian -1 -1 -3.6531 989.9772 156.2155 1011.1269 210.5907 1.7965 0.5855 0.3818 13.0122 1.2465 24.1353 -3.1641 0.0003
