Car -1 -1 -8.1391 889.0512 168.2404 1040.0088 258.5974 1.5841 1.6207 4.0376 6.9808 1.5029 14.7660 -7.7058 0.9999
Car -1 -1 -7.7713 650.4478 177.0569 736.4428 255.8310 1.6271 1.7259 3.7872 2.0318 1.7385 17.1463 -7.6563 0.9999
Car -1 -1 -7.9788 841.4225 164.4134 893.0544 212.9523 1.9478 1.6031 3.7808 10.9262 1.6088 30.9711 -7.6431 0.9985
Car -1 -1 -2.2792 0.0000 208.7320 277.2604 351.9660 1.4194 1.6320 3.4871 -6.2657 1.9300 9.0261 -2.8727 0.9985
Car -1 -1 -7.9925 865.0819 171.6022 947.6735 234.2231 1.6114 1.6165 3.8943 8.3135 1.5789 20.6503 -7.6153 0.9977
Car -1 -1 -7.8117 674.2678 176.0362 735.4697 237.4280 1.6819 1.6953 4.2445 2.9554 1.7895 22.2350 -7.6821 0.9938
Car -1 -1 -7.7744 709.2708 179.0966 753.5482 218.1358 1.5221 1.5881 3.5245 5.1592 1.8034 30.6423 -7.6098 0.9852
Car -1 -1 -7.9395 830.6045 167.5346 867.7795 202.4887 1.9038 1.6658 4.0757 13.6560 1.6138 41.4741 -7.6240 0.9796
Car -1 -1 -7.7514 709.6653 179.4536 756.0883 218.1646 1.5055 1.5997 3.5063 5.2172 1.8026 30.6119 -7.5848 0.9705
Car -1 -1 -7.7749 672.7156 176.3040 738.1898 237.6176 1.6782 1.6739 4.3575 2.9921 1.7956 22.3137 -7.6441 0.9139
Car -1 -1 -4.4921 709.1528 177.5284 759.7434 212.4709 1.5478 1.5999 3.8269 5.9762 1.7850 34.5890 -4.3230 0.8528
Car -1 -1 -7.9658 840.5776 166.0825 892.4086 212.8417 1.8748 1.6515 3.8441 10.8981 1.6030 30.9868 -7.6311 0.8344
Car -1 -1 -7.7731 710.6849 179.5733 754.4185 217.8343 1.4895 1.5712 3.2849 5.1795 1.7899 30.5015 -7.6071 0.8110
Car -1 -1 -7.8398 677.0277 175.8166 737.3088 236.6611 1.6667 1.6638 4.1504 2.9491 1.7662 22.1494 -7.7100 0.8037
Car -1 -1 -7.9541 842.7312 164.6149 894.4560 213.3359 1.9494 1.6713 4.0135 10.9962 1.6195 31.0174 -7.6169 0.7958
Car -1 -1 -4.5603 714.3367 179.8956 758.5006 212.6313 1.4387 1.5541 3.6636 6.0576 1.7949 34.5483 -4.3888 0.7519
Car -1 -1 -4.5520 711.4052 179.2707 758.9695 213.1217 1.4724 1.6132 4.0681 5.9817 1.7974 34.3983 -4.3818 0.7415
Car -1 -1 -7.8379 673.1097 175.6370 735.8369 237.0662 1.6790 1.7274 4.1295 2.8618 1.7722 22.0840 -7.7115 0.7305
Car -1 -1 -8.4071 1150.2701 182.7224 1241.0000 374.0000 1.4319 1.6274 3.9893 3.7237 1.4985 2.7429 -7.5216 0.7221
Car -1 -1 -7.9448 866.9376 174.0445 922.3486 220.1069 1.5467 1.5451 3.3057 10.1900 1.5925 26.1228 -7.5772 0.7189
Car -1 -1 -7.9393 865.7498 174.5047 918.7931 220.2782 1.5410 1.4917 3.2937 10.1414 1.6048 26.2094 -7.5745 0.7078
Car -1 -1 -7.9129 830.0626 167.6552 863.5687 203.2851 1.9403 1.5764 3.9743 13.5063 1.6569 41.4138 -7.6002 0.6821
Car -1 -1 -7.7508 709.6011 180.2452 756.6974 218.5558 1.4828 1.6043 3.8177 5.2619 1.8188 30.7731 -7.5837 0.6468
Car -1 -1 -8.3771 1149.3247 167.1837 1241.0000 374.0000 1.5540 1.6509 4.1561 3.6133 1.5505 2.6375 -7.4892 0.6365
Car -1 -1 -8.5918 1127.3185 109.3356 1241.0000 374.0000 1.5638 1.6296 4.1353 3.8300 1.5231 2.6384 -7.6756 0.6188
Car -1 -1 -4.8604 863.4970 174.2113 921.7000 220.4305 1.5448 1.4647 3.2118 10.0453 1.5966 25.9440 -4.4954 0.6044
Car -1 -1 -4.5489 707.3448 179.6669 758.6163 214.4661 1.4946 1.7176 4.3786 5.8616 1.8400 34.2590 -4.3814 0.5657
Car -1 -1 -4.6557 718.2697 179.4165 758.3327 213.5042 1.4526 1.6193 4.4402 6.0586 1.7828 33.9968 -4.4814 0.5510
Car -1 -1 -7.8769 835.6798 169.0817 868.3383 203.7233 1.8789 1.6607 3.9931 13.7624 1.6740 41.2871 -7.5577 0.5351
Car -1 -1 -7.9055 870.7053 172.0845 923.6561 220.4809 1.6406 1.5886 3.5457 10.3876 1.6142 26.3926 -7.5349 0.4845
Car -1 -1 -7.9356 871.6826 172.6300 930.5596 220.1644 1.5978 1.6614 3.6491 10.4602 1.5900 26.2407 -7.5607 0.4717
Car -1 -1 -8.7473 1115.8409 165.6139 1241.0000 374.0000 1.4881 1.6144 4.0341 4.0155 1.4811 2.7149 -7.8205 0.4226
Car -1 -1 -5.1812 1142.5676 193.1081 1241.0000 374.0000 1.3642 1.5007 3.6130 3.7782 1.5073 3.1562 -4.3517 0.3600
Car -1 -1 -4.6942 717.1591 178.5504 757.6084 214.4855 1.5104 1.7284 4.9162 5.9454 1.7966 33.7210 -4.5217 0.3373
Car -1 -1 -5.0816 1148.7307 192.1192 1241.0000 374.0000 1.3950 1.5369 3.8456 3.5283 1.5287 2.9514 -4.2559 0.3293
Car -1 -1 -8.4652 1149.1888 183.3656 1241.0000 374.0000 1.4283 1.5960 3.7828 3.9080 1.5002 2.9197 -7.5837 0.2640
Pedestrian -1 -1 -6.6633 641.4496 177.2277 662.4467 221.1011 1.6939 0.5750 0.6548 1.5985 1.8675 28.3101 -6.6082 0.2620
Pedestrian -1 -1 -6.6725 645.0007 176.7255 665.6825 220.2217 1.6782 0.5585 0.6440 1.7295 1.8316 28.2737 -6.6128 0.2589
Car -1 -1 -4.9243 862.4188 174.4455 935.0816 222.7357 1.5498 1.5731 3.7576 9.9652 1.6096 25.2673 -4.5532 0.2303
Car -1 -1 -2.6997 0.0000 210.5701 38.3669 361.6501 1.5507 1.7206 4.3767 -10.8221 2.1476 9.8170 -3.5201 0.1917
Car -1 -1 -6.5453 0.0000 203.9685 30.2555 374.0000 1.5320 1.6378 3.9979 -10.1810 2.0191 9.1535 -7.3692 0.1637
Car -1 -1 -9.3841 1144.6753 126.8005 1241.0000 374.0000 1.4874 1.6269 4.1465 4.9248 1.4365 2.9858 -8.4014 0.1356
Pedestrian -1 -1 -8.4022 458.5683 183.4249 477.8944 219.3970 1.7100 0.7381 0.5574 -6.9212 2.2294 35.0210 -8.5965 0.1307
Car -1 -1 -8.1713 1126.3838 190.3222 1241.0000 374.0000 1.3781 1.6060 3.6639 4.1112 1.5215 3.9374 -7.4016 0.1188
Car -1 -1 -4.8729 863.6561 175.0619 930.3649 223.5077 1.5239 1.5231 3.7407 9.7517 1.6057 24.8647 -4.5037 0.1170
Car -1 -1 -6.4329 0.0000 204.8203 21.5168 374.0000 1.5445 1.6656 4.1075 -10.5395 2.0551 9.3618 -7.2631 0.1066
Car -1 -1 -6.8838 852.7685 172.7180 984.2473 218.0776 1.5641 1.6537 4.1789 11.0838 1.5591 26.1134 -6.4870 0.1025
Car -1 -1 -3.6829 1149.5400 148.1397 1241.0000 374.0000 1.4988 1.6334 4.1858 5.2837 1.4355 3.4326 -2.7270 0.0989
Car -1 -1 -9.0330 1127.4316 152.5338 1241.0000 374.0000 1.4696 1.5962 3.9934 4.4171 1.4508 2.7784 -8.0706 0.0977
Car -1 -1 -5.9624 0.0000 208.4833 33.5664 358.4055 1.5198 1.6312 3.8114 -10.3886 2.0775 9.6905 -6.7687 0.0942
Car -1 -1 -6.5118 0.0000 206.5885 31.8311 373.4275 1.5081 1.6334 3.8253 -10.2675 2.0448 9.4205 -7.3260 0.0924
Car -1 -1 -5.2237 0.0000 207.2405 34.8852 336.0576 1.5206 1.6516 4.2048 -10.9377 2.0903 10.6014 -6.0121 0.0892
Car -1 -1 -3.6644 0.0000 209.7799 42.1761 374.0000 1.5020 1.6827 4.3432 -9.8739 2.0745 8.8891 -4.4872 0.0891
Car -1 -1 -3.5501 1163.4354 129.6185 1241.0000 374.0000 1.4937 1.6962 4.3124 5.0646 1.4244 3.0426 -2.5624 0.0876
Car -1 -1 -5.4785 0.0000 213.1710 37.0225 336.4289 1.4993 1.5780 3.6872 -10.5514 2.1095 10.1167 -6.2717 0.0659
Car -1 -1 -5.1221 859.8266 174.0987 958.7057 223.3599 1.5448 1.5863 4.1419 10.1090 1.5909 24.8247 -4.7401 0.0648
Car -1 -1 -2.9408 660.8276 164.8234 723.5569 192.1943 1.7874 1.6952 3.9346 5.5046 1.2627 48.5315 -2.8288 0.0625
Car -1 -1 -6.7709 855.0403 172.4725 984.6831 219.0114 1.6047 1.6754 3.9528 11.0138 1.5913 25.8918 -6.3733 0.0591
Car -1 -1 -6.8238 0.0000 208.9160 41.4396 368.5697 1.4776 1.5972 3.5724 -9.9322 2.0467 9.4696 -7.6189 0.0589
Car -1 -1 -5.9764 1180.2845 180.7341 1241.0000 374.0000 1.4036 1.6492 3.6523 5.1289 1.4619 3.3755 -5.0273 0.0546
Car -1 -1 -5.1351 0.0000 212.1728 37.7680 342.4323 1.4823 1.5977 3.7527 -10.4708 2.1329 10.5106 -5.9059 0.0522
Car -1 -1 -2.7143 715.7441 165.9026 772.3783 185.8981 1.6988 1.7242 4.5824 11.7172 1.1079 63.3179 -2.5324 0.0488
Car -1 -1 -4.9512 0.0000 207.6606 41.4373 339.7665 1.5068 1.6140 4.0346 -10.4730 2.1207 10.9508 -5.7021 0.0485
Cyclist -1 -1 -3.0198 441.0341 178.4257 478.4391 215.6933 1.7836 0.6627 1.7116 -7.3306 2.0571 35.0543 -3.2249 0.0481
Car -1 -1 -6.6749 0.0000 210.2223 55.8282 367.3073 1.4923 1.6233 3.8085 -10.2563 2.1124 9.9091 -7.4640 0.0477
Car -1 -1 -6.6967 857.9462 172.5286 993.4094 219.3537 1.6071 1.6834 4.0748 11.0879 1.5956 25.6259 -6.2930 0.0474
Car -1 -1 -4.1163 0.0000 209.9380 44.1667 374.0000 1.5165 1.6147 4.1621 -9.1201 2.0839 8.8512 -4.9016 0.0413
Car -1 -1 -3.8450 0.0000 211.5866 78.1553 362.9895 1.4934 1.6808 3.8353 -9.9045 2.1443 10.1347 -4.6057 0.0401
Pedestrian -1 -1 -8.1357 477.4216 171.0177 489.2418 199.4531 1.8391 0.5962 0.6728 -8.3034 1.7201 47.1004 -8.3096 0.0400
Car -1 -1 -8.8152 1117.0232 181.4319 1241.0000 374.0000 1.4455 1.6352 3.4857 4.5360 1.5083 3.4982 -7.9417 0.0376
Car -1 -1 -3.9302 0.0000 210.8388 44.8928 374.0000 1.4638 1.6480 3.8520 -9.4573 2.0414 9.0441 -4.7232 0.0375
Car -1 -1 -4.4668 0.0000 214.6250 38.5556 360.2222 1.4360 1.4633 3.7309 -9.5154 2.1442 10.2485 -5.2023 0.0364
Car -1 -1 -4.1071 1126.3527 160.5822 1241.0000 374.0000 1.4618 1.5858 4.0984 5.5555 1.4050 4.2817 -3.2259 0.0327
Car -1 -1 -4.1054 1129.3542 150.1858 1241.0000 374.0000 1.5054 1.6089 4.2780 5.5530 1.4059 4.0917 -3.2037 0.0303
Car -1 -1 -4.7901 0.0000 208.8154 20.2768 349.7303 1.5396 1.7152 4.0307 -10.4298 2.1817 10.8946 -5.5415 0.0301
Car -1 -1 -4.0262 0.0000 210.5622 54.8552 374.0000 1.5139 1.6483 3.7767 -9.4691 2.1084 9.4290 -4.7996 0.0286
Car -1 -1 -5.2106 789.1046 176.4890 839.6916 200.4738 1.5534 1.5967 4.0296 13.9348 1.8134 49.5243 -4.9383 0.0282
Car -1 -1 -6.5326 861.3563 172.8641 999.8389 220.1180 1.5809 1.6586 4.1472 11.0789 1.5810 25.2870 -6.1245 0.0253
Car -1 -1 -4.9489 801.1989 177.4975 838.3064 199.9996 1.4543 1.5471 3.9423 14.2953 1.7852 49.4620 -4.6696 0.0237
Car -1 -1 -4.2207 0.0000 214.4372 40.1755 374.0000 1.4555 1.6031 3.8209 -9.0967 2.0973 9.0834 -4.9921 0.0237
Car -1 -1 -2.8239 536.8381 173.3689 592.4235 197.7530 1.6745 1.6315 3.5791 -3.2149 1.7114 50.8415 -2.8871 0.0226
Car -1 -1 -3.7803 1115.0631 169.9805 1241.0000 374.0000 1.4329 1.6507 4.2107 5.2182 1.4238 3.6013 -2.8514 0.0222
Car -1 -1 -4.0107 1100.9658 187.6274 1241.0000 374.0000 1.3446 1.4839 3.3497 4.8069 1.4415 3.9630 -3.1656 0.0216
Car -1 -1 -7.6213 498.5260 180.1535 528.2405 201.4313 1.6389 1.5789 3.7619 -7.8712 2.2538 58.8626 -7.7541 0.0201
Car -1 -1 -4.2713 1140.2708 157.9758 1241.0000 374.0000 1.4948 1.6254 4.3222 5.6871 1.4301 4.4538 -3.3968 0.0192
Car -1 -1 -3.6474 1130.3359 168.5202 1241.0000 374.0000 1.4475 1.6547 4.1263 4.9833 1.4374 3.2680 -2.6978 0.0190
Car -1 -1 -5.0282 861.7325 174.1931 952.4807 223.7327 1.5321 1.5927 4.1957 9.9375 1.5814 24.5758 -4.6487 0.0189
Car -1 -1 -3.9333 1104.8455 174.3343 1241.0000 374.0000 1.4078 1.6342 4.1058 5.2783 1.4176 3.9021 -3.0349 0.0186
Car -1 -1 -6.5995 1148.4412 147.2891 1241.0000 374.0000 1.5132 1.6217 4.3229 4.8311 1.4800 2.9036 -5.6141 0.0176
Pedestrian -1 -1 -6.3919 511.9906 172.7800 526.9482 199.9207 1.7147 0.5670 0.8887 -5.8028 1.7097 45.9632 -6.5172 0.0144
Cyclist -1 -1 -2.7954 494.3528 179.0550 518.2611 201.7786 1.7808 0.6120 1.7768 -8.2578 2.2770 57.2861 -2.9384 0.0097
Car -1 -1 -4.9116 1150.3463 173.2993 1241.0000 374.0000 1.4664 1.6118 4.2923 4.5481 1.4703 4.5078 -4.1544 0.0085
Pedestrian -1 -1 -6.7439 822.7416 170.5050 838.1392 200.5654 1.8782 0.7576 0.6592 13.8663 1.7311 45.5104 -6.4504 0.0074
Cyclist -1 -1 -8.0063 824.6840 171.6171 834.6945 199.1229 1.7098 0.3690 1.5537 13.8583 1.6326 45.6462 -7.7137 0.0064
Car -1 -1 -5.0115 721.4794 171.8871 751.0677 188.7978 1.6048 1.6966 4.1520 12.3033 1.5127 70.6394 -4.8401 0.0048
Car -1 -1 -6.3717 501.3510 180.2499 550.5460 199.6499 1.5043 1.6851 3.7983 -6.8080 2.1118 58.0853 -6.4882 0.0045
Car -1 -1 -4.6488 813.0588 175.1210 834.3796 193.2339 1.5709 1.6116 3.8823 19.3140 1.7821 65.2042 -4.3624 0.0033
Car -1 -1 -4.8395 728.1692 171.5723 751.3295 188.3359 1.5900 1.7098 4.1277 12.6320 1.4682 70.5408 -4.6633 0.0033
Car -1 -1 -4.6400 732.8145 172.1944 753.9659 188.9435 1.5841 1.7384 4.2083 13.0406 1.5215 70.4989 -4.4581 0.0033
Pedestrian -1 -1 -3.1250 503.1033 179.3114 512.9551 201.4382 1.7375 0.6415 0.7639 -8.1136 2.2527 57.2363 -3.2656 0.0031
