Car -1 -1 -6.7310 325.3137 177.2193 448.9529 223.2956 1.4384 1.5607 3.6887 -7.2021 1.3052 24.2438 -7.0219 0.9998
Car -1 -1 -7.7154 553.4553 171.3854 591.4508 196.7922 1.4384 1.6914 4.4603 -1.6764 0.8659 42.9692 -7.7591 0.9940
Car -1 -1 -4.3067 41.1599 183.0114 110.5631 214.4275 1.4378 1.4813 3.4583 -25.4586 1.5153 34.9030 -4.9384 0.8684
Car -1 -1 -7.7599 553.4832 171.1983 588.2666 197.3571 1.4828 1.6963 4.3569 -1.7744 0.8990 42.9365 -7.8059 0.8266
Car -1 -1 -7.7057 554.2449 170.9532 592.6235 196.7387 1.4567 1.6716 4.4386 -1.6143 0.8610 42.8761 -7.7480 0.7964
Car -1 -1 -7.8168 588.4927 169.2075 612.1080 190.6158 1.5087 1.6082 3.7795 -0.0378 0.6424 52.5370 -7.8224 0.7292
Car -1 -1 -4.3112 38.4193 182.5552 110.8437 214.2668 1.4508 1.5412 3.6533 -25.5421 1.5052 34.9477 -4.9438 0.6865
Car -1 -1 -7.6746 588.1666 169.3045 619.3204 190.7493 1.5058 1.6195 3.9431 0.2223 0.6494 52.5246 -7.6752 0.5418
Car -1 -1 -7.7315 552.2205 169.5080 587.4250 196.6754 1.5310 1.6447 3.7955 -1.8228 0.8554 42.4364 -7.7791 0.5303
Car -1 -1 -3.6989 582.1453 168.7696 638.2713 190.4264 1.5196 1.6495 3.7717 0.6611 0.6263 52.0924 -3.6911 0.4723
Car -1 -1 -6.0144 44.3752 184.7029 137.0408 213.1516 1.5566 1.7020 4.0200 -29.1460 1.7467 41.1258 -6.6330 0.4576
Car -1 -1 -5.9908 47.2044 184.9007 134.8974 213.2296 1.5465 1.6675 3.7565 -29.0047 1.7470 40.9386 -6.6093 0.4483
Car -1 -1 -7.9311 584.8914 168.9302 611.5599 190.3481 1.5077 1.6303 3.9163 -0.2552 0.6228 52.5875 -7.9408 0.4397
Car -1 -1 -7.8334 590.0206 168.1394 613.1179 190.0968 1.5385 1.6190 3.4819 0.0495 0.6023 52.0869 -7.8374 0.3739
Car -1 -1 -5.9193 39.0540 184.9705 132.9661 212.6726 1.5080 1.6709 3.9992 -29.1575 1.7114 40.7527 -6.5424 0.3307
Car -1 -1 -6.2359 50.8575 185.6607 132.3385 214.1230 1.5339 1.6100 3.7145 -28.9242 1.7806 40.8836 -6.8537 0.3265
Car -1 -1 -3.0116 0.0000 179.3140 83.1852 218.1411 1.5045 1.6886 3.8206 -23.7647 1.4202 29.5507 -3.6896 0.3062
Car -1 -1 -8.0944 580.1962 168.6119 613.1082 190.2212 1.5108 1.5857 3.4738 -0.3670 0.6097 52.1026 -8.1063 0.2900
Car -1 -1 -8.0803 577.9406 168.1443 612.1733 190.2453 1.5494 1.6242 3.9868 -0.4931 0.6131 52.4904 -8.0946 0.2464
Pedestrian -1 -1 -6.7531 126.7692 174.3436 146.8692 213.2680 1.7119 0.6242 0.5252 -20.6962 1.3974 31.9758 -7.3289 0.2435
Car -1 -1 -6.2039 44.6990 184.1579 127.9811 213.1314 1.5535 1.5975 3.7013 -28.9174 1.7094 40.4556 -6.8265 0.1893
Car -1 -1 -6.5001 51.5915 184.5722 133.0810 213.4757 1.5545 1.6591 3.5099 -28.9364 1.7374 40.8852 -7.1180 0.1813
Car -1 -1 -3.4497 579.8903 168.7656 637.8761 190.3078 1.5136 1.6238 3.8707 0.5429 0.6188 51.8246 -3.4442 0.1755
Car -1 -1 -2.4797 0.0000 187.6081 82.2473 214.9887 1.4935 1.6743 3.9245 -31.7806 1.8445 40.4111 -3.1480 0.1385
Cyclist -1 -1 -5.0215 121.2595 174.9057 144.3403 214.5556 1.7328 0.3964 1.5829 -20.9270 1.4449 32.0455 -5.6013 0.1227
Pedestrian -1 -1 -4.7596 233.1218 170.5874 247.0916 204.0622 1.8821 0.6785 0.6324 -20.5416 1.2687 40.8304 -5.2281 0.1169
Car -1 -1 -3.5070 583.7028 169.0556 642.2240 190.1483 1.4771 1.5698 3.9095 0.8410 0.6056 51.7176 -3.4957 0.1122
Cyclist -1 -1 -2.4743 476.0699 170.5336 514.4014 207.6157 1.7151 0.7165 1.7144 -5.0360 1.2082 33.9588 -2.6255 0.1101
Car -1 -1 -8.2950 571.1967 167.9415 612.7641 190.2586 1.5550 1.5986 3.6252 -0.7078 0.6103 52.0310 -8.3135 0.1087
Car -1 -1 -2.9775 0.0000 181.2616 78.3532 220.5513 1.5135 1.6289 3.8224 -23.8331 1.5047 29.3270 -3.6606 0.1054
Pedestrian -1 -1 -3.3781 125.7699 174.2883 143.7632 212.7509 1.6948 0.7035 0.5226 -20.8596 1.3773 32.0844 -3.9559 0.1050
Car -1 -1 -6.4165 46.1531 183.8644 131.2254 213.0586 1.5606 1.5845 3.7317 -28.9080 1.7003 40.5530 -7.0378 0.0992
Car -1 -1 -2.9227 0.0000 187.6558 76.1256 216.2795 1.5021 1.6887 3.8297 -31.7584 1.8585 39.9809 -3.5959 0.0957
Car -1 -1 -3.0724 0.0000 181.4665 101.0325 219.1446 1.4759 1.5165 3.5789 -22.9473 1.4749 29.7612 -3.7300 0.0840
Pedestrian -1 -1 -6.0515 834.1935 144.5518 942.7400 329.3813 1.7913 0.4277 0.9722 2.9025 1.4339 7.4092 -5.6957 0.0836
Pedestrian -1 -1 -3.1180 820.9494 152.4195 925.3079 330.1612 1.7440 0.4507 0.9808 2.7467 1.4593 7.4320 -2.7811 0.0835
Cyclist -1 -1 -8.2575 485.3341 170.4456 512.7774 207.6474 1.7188 0.6943 1.6372 -4.8778 1.2084 34.0688 -8.4037 0.0707
Car -1 -1 -5.1068 569.3533 167.6326 612.2026 190.6486 1.6086 1.6454 4.1276 -0.8098 0.6394 52.4239 -5.1270 0.0702
Car -1 -1 -6.1379 0.0000 180.1189 99.1597 218.0510 1.4922 1.5589 3.7066 -23.2289 1.4382 29.8509 -6.8000 0.0637
Cyclist -1 -1 -7.9276 127.1608 175.5171 140.1352 212.8624 1.6290 0.3698 1.5310 -20.8936 1.3683 32.0540 -8.5065 0.0619
Car -1 -1 -6.5717 42.4148 183.0546 133.8535 213.6138 1.6202 1.6555 3.8671 -28.7533 1.7120 40.3248 -7.1931 0.0555
Cyclist -1 -1 -7.8574 505.2683 172.7371 515.4459 206.4090 1.5810 0.4705 1.6518 -4.4012 1.1698 34.5772 -7.9881 0.0552
Cyclist -1 -1 -6.7592 505.9932 171.5613 544.7439 208.2714 1.6958 0.7103 1.6838 -3.6024 1.2369 33.9441 -6.8692 0.0507
Car -1 -1 -3.0273 0.0000 181.2775 90.3502 219.4624 1.4860 1.5721 3.6953 -23.3979 1.4777 29.5966 -3.6970 0.0502
Cyclist -1 -1 -7.7959 129.0581 174.8853 140.7508 212.7027 1.6598 0.3586 1.4903 -20.9633 1.3698 32.2642 -8.3734 0.0473
Car -1 -1 -3.3669 585.6169 168.6758 642.1298 190.2262 1.5086 1.5975 3.7825 0.8892 0.6108 51.4669 -3.3546 0.0446
Car -1 -1 -2.3324 0.0000 187.0257 44.8921 285.9379 1.5031 1.6538 3.9333 -11.8502 1.6021 11.9039 -3.1099 0.0446
Car -1 -1 -2.9955 0.0000 182.7914 83.5051 221.7333 1.4991 1.5530 3.6853 -23.5376 1.5551 29.3600 -3.6720 0.0436
Cyclist -1 -1 -2.6641 474.9539 170.5461 515.3189 208.2320 1.7335 0.7530 1.7176 -4.9937 1.2299 33.6742 -2.8153 0.0428
Pedestrian -1 -1 -3.7459 699.3771 159.8573 718.7095 197.5968 1.8658 0.4756 0.8337 5.3696 0.7960 35.9118 -3.6035 0.0357
Cyclist -1 -1 -8.2376 480.1468 169.7645 506.9705 206.4805 1.6957 0.6685 1.6852 -5.1393 1.1540 34.0709 -8.3912 0.0352
Car -1 -1 -2.5161 0.0000 185.9427 40.3877 290.7045 1.5174 1.6056 3.8429 -11.7272 1.5966 11.5958 -3.3013 0.0322
Car -1 -1 -7.3354 57.8239 184.3864 129.2089 213.6118 1.5980 1.7359 3.7860 -29.3411 1.7733 41.6328 -7.9514 0.0297
Car -1 -1 -7.5709 334.6779 176.0683 406.4100 214.0777 1.4766 1.7926 4.0544 -9.5450 1.2659 29.9575 -7.8819 0.0287
Cyclist -1 -1 -7.7305 0.0000 177.8232 41.2906 275.4521 1.6554 0.3932 1.6262 -10.5195 1.5937 12.9751 -8.4074 0.0286
Car -1 -1 -6.7793 30.5420 181.8308 126.5158 212.3940 1.6137 1.6417 4.0472 -29.1332 1.6333 40.1517 -7.4089 0.0271
Cyclist -1 -1 -8.0676 485.9440 172.0036 509.2360 209.2806 1.7095 0.7237 1.7505 -4.9230 1.2743 33.8896 -8.2158 0.0261
Cyclist -1 -1 -7.1136 506.9752 171.8364 541.2160 206.5433 1.6082 0.6558 1.6896 -3.6785 1.1607 34.1617 -7.2251 0.0257
Cyclist -1 -1 -7.6014 508.3373 172.3353 527.5257 206.1323 1.5844 0.5136 1.7148 -4.0182 1.1550 34.5602 -7.7213 0.0242
Pedestrian -1 -1 -3.7990 701.2084 159.6044 721.8198 197.4070 1.8666 0.4926 0.9076 5.4927 0.7857 35.9060 -3.6532 0.0195
Car -1 -1 -7.7084 76.5183 186.1562 124.2131 216.2039 1.6276 1.7214 3.9948 -29.0531 1.9124 41.7523 -8.3185 0.0188
Pedestrian -1 -1 -3.6423 698.4880 159.6400 718.9129 196.8690 1.8292 0.4905 0.8750 5.3165 0.7554 35.6778 -3.5003 0.0179
Car -1 -1 -7.9693 570.7900 166.3011 596.5826 185.9589 1.5990 1.6782 4.2088 -1.5070 0.3625 60.6334 -7.9989 0.0176
Car -1 -1 -7.9555 575.5269 167.0394 600.0042 186.1828 1.5594 1.6313 4.1363 -1.1614 0.3813 60.6699 -7.9794 0.0174
Cyclist -1 -1 -7.3933 504.7677 172.4413 532.3133 207.1224 1.6105 0.6275 1.6874 -3.9522 1.1901 34.2584 -7.5124 0.0170
Car -1 -1 -6.8031 49.8741 184.2249 129.4043 212.1201 1.5124 1.5167 3.4139 -29.2723 1.6758 41.1784 -7.4231 0.0168
Car -1 -1 -4.2642 333.3705 176.0424 412.2142 211.8591 1.3765 1.6042 3.8222 -9.3460 1.1671 29.6104 -4.5724 0.0156
Cyclist -1 -1 -7.9814 118.5722 176.2715 133.9942 213.2299 1.6114 0.3812 1.5081 -21.1959 1.3837 32.0136 -8.5675 0.0146
Car -1 -1 -7.9482 567.5889 165.6587 592.9343 185.9846 1.6526 1.7187 4.2701 -1.7962 0.3644 60.6302 -7.9825 0.0141
Car -1 -1 -7.8006 579.8696 167.0597 601.1087 185.8412 1.5309 1.6010 3.9929 -0.8677 0.3537 60.5747 -7.8197 0.0137
Cyclist -1 -1 -6.5522 506.0120 170.9725 545.1844 208.4261 1.7237 0.6935 1.7033 -3.5705 1.2395 33.6965 -6.6621 0.0131
Pedestrian -1 -1 -3.3138 725.5684 164.3560 734.9154 190.8005 1.9111 0.6573 0.5608 9.3794 0.6721 52.2405 -3.1419 0.0128
Cyclist -1 -1 -7.1315 507.8763 172.0868 541.4539 207.7486 1.6478 0.6659 1.6457 -3.6407 1.2131 34.0555 -7.2423 0.0126
Car -1 -1 -3.3983 148.5203 182.5163 222.2795 209.8574 1.5941 1.7715 3.5687 -25.3959 1.6590 43.9086 -3.9251 0.0123
Cyclist -1 -1 -7.9087 123.3760 175.4654 135.7053 212.7773 1.6354 0.3657 1.7090 -21.2258 1.3712 32.2804 -8.4917 0.0117
Car -1 -1 -7.0976 325.0037 178.1710 420.1869 214.5936 1.3970 1.6047 3.7492 -9.3563 1.2697 29.5898 -7.4064 0.0111
Cyclist -1 -1 -7.2523 509.2572 171.4895 541.0728 207.8937 1.6757 0.6703 1.6769 -3.6057 1.2152 33.9629 -7.3623 0.0102
Pedestrian -1 -1 -3.0719 725.8047 164.9604 734.9196 191.4240 1.9051 0.6343 0.6119 9.3652 0.7144 52.0937 -2.8998 0.0093
Cyclist -1 -1 -7.8691 501.8700 173.1828 516.2150 207.5309 1.6007 0.6439 1.7860 -4.4455 1.2133 34.4062 -8.0016 0.0087
Car -1 -1 -7.9182 339.3225 173.5453 393.0997 211.5243 1.4919 1.8842 4.1432 -10.0611 1.1798 30.4925 -8.2394 0.0072
Pedestrian -1 -1 -7.0337 711.4823 159.0048 732.7776 195.9267 1.7989 0.5788 0.8803 5.9519 0.7031 35.4844 -6.8736 0.0072
Pedestrian -1 -1 -3.5747 704.4130 158.3342 724.0765 197.4755 1.9216 0.4811 0.8377 5.5814 0.7845 35.6148 -3.4253 0.0068
Car -1 -1 -3.9125 35.5568 185.2585 117.3111 212.3914 1.4207 1.5868 3.5945 -29.1762 1.6403 40.0431 -4.5441 0.0056
Pedestrian -1 -1 -8.0779 489.5769 174.1440 507.8863 208.5042 1.5991 0.6700 0.8994 -4.8732 1.2570 33.9707 -8.2244 0.0054
Cyclist -1 -1 -6.8083 501.7722 171.9794 540.9634 208.7472 1.6983 0.7382 1.7038 -3.7947 1.2588 33.9849 -6.9238 0.0051
Cyclist -1 -1 -3.0161 480.6186 171.5074 520.4689 208.9694 1.7333 0.7635 1.7694 -4.7260 1.2712 33.6344 -3.1597 0.0048
Cyclist -1 -1 -6.6693 500.5201 172.8229 539.3469 209.3530 1.6813 0.6846 1.6796 -3.8410 1.2822 33.7660 -6.7868 0.0045
Cyclist -1 -1 -7.8797 497.9283 175.2149 514.8306 210.0370 1.6135 0.7448 1.6505 -4.5412 1.3225 34.1586 -8.0160 0.0043
Cyclist -1 -1 -7.2928 504.6847 173.4232 535.8553 208.4509 1.6219 0.6947 1.6746 -3.8595 1.2482 34.1659 -7.4096 0.0041
Pedestrian -1 -1 -3.1238 1172.2981 115.5349 1237.0000 294.0812 2.0045 0.5124 0.5904 7.0497 1.2646 8.4504 -2.4490 0.0039
Pedestrian -1 -1 -7.2510 513.4890 174.1458 535.1169 209.4095 1.6412 0.6697 0.8231 -3.6552 1.2992 33.9535 -7.3625 0.0031
Pedestrian -1 -1 -7.1131 513.0482 174.3070 534.3693 210.8339 1.6866 0.6516 0.7610 -3.6541 1.3547 33.6674 -7.2255 0.0029
Pedestrian -1 -1 -7.3299 505.2094 178.6573 528.5789 213.0729 1.5892 0.8291 0.7430 -3.9732 1.4582 33.6752 -7.4515 0.0019
Pedestrian -1 -1 -7.3847 506.6074 176.2343 528.7031 210.6044 1.5994 0.7445 0.8305 -3.9674 1.3546 33.9442 -7.5053 0.0015
Pedestrian -1 -1 -2.9740 227.5634 171.6984 240.9970 211.2609 1.7916 0.6459 0.4486 -16.8290 1.3480 32.9053 -3.4486 0.0008
Car -1 -1 -7.7771 643.5646 165.8099 663.8369 183.7166 1.6631 1.6423 4.2375 5.0819 0.2056 68.9330 -7.7086 0.0006
Car -1 -1 -8.2024 628.6858 166.5869 661.5676 184.5695 1.6595 1.6633 4.5434 4.1728 0.2830 68.7065 -8.1468 0.0006
Car -1 -1 -7.9539 641.1232 167.2704 661.9410 184.7780 1.6254 1.5616 4.1000 4.8046 0.3040 68.7651 -7.8892 0.0005
Car -1 -1 -8.1006 634.0983 166.4411 662.7713 184.5765 1.6792 1.6848 4.4353 4.5026 0.2846 68.8481 -8.0404 0.0005
Pedestrian -1 -1 -4.2542 202.1425 197.2439 232.8069 251.0762 1.1666 0.4690 0.4037 -8.5328 1.5202 15.8994 -4.7453 0.0005
