Car -1 -1 -4.3138 91.2010 183.4956 406.6823 374.0000 1.5091 1.5510 3.7214 -3.4969 1.6498 7.6916 -4.7285 0.9999
Car -1 -1 -4.5898 486.6845 171.2210 539.7637 212.3655 1.4442 1.5552 3.5034 -3.6138 1.3866 27.0857 -4.7216 0.9982
Car -1 -1 -3.2223 197.1760 163.8972 360.5772 230.8581 1.7169 1.7412 4.0217 -9.3006 1.4870 20.2382 -3.6484 0.9662
Car -1 -1 -6.4748 463.4858 165.5520 526.7685 189.0404 1.5817 1.6549 4.0963 -8.0061 1.0897 50.0684 -6.6328 0.9265
Car -1 -1 -4.6027 486.4040 170.5802 538.9218 212.2949 1.4639 1.5632 3.6861 -3.6448 1.3838 27.1821 -4.7352 0.9152
Car -1 -1 -3.1761 209.0132 165.3027 360.1021 229.5320 1.6684 1.7246 3.7363 -9.1648 1.4719 20.3358 -3.5949 0.8665
Car -1 -1 -6.4716 460.9682 166.0880 519.7712 188.6318 1.5167 1.6013 3.7826 -8.3170 1.0612 49.9479 -6.6360 0.8064
Car -1 -1 -3.2991 456.8194 165.2892 518.3210 188.8569 1.5835 1.6843 3.9794 -8.5079 1.0749 49.9140 -3.4673 0.7664
Car -1 -1 -3.3280 226.2218 167.6034 361.2721 229.0161 1.5904 1.6945 3.2240 -8.9247 1.4541 20.2918 -3.7379 0.7007
Car -1 -1 -4.5717 482.3074 170.1879 538.3509 212.9360 1.4860 1.5829 3.5325 -3.6866 1.3930 26.8518 -4.7073 0.6842
Car -1 -1 -6.4645 460.9810 165.3247 521.1827 189.0684 1.5997 1.7289 3.8742 -8.2919 1.0921 50.0796 -6.6280 0.6831
Car -1 -1 -3.2256 250.9735 168.3412 361.7627 226.1314 1.5338 1.6863 2.7779 -8.7014 1.4138 20.5404 -3.6220 0.6745
Car -1 -1 -3.2879 191.6248 165.6340 362.1821 231.5038 1.6682 1.6634 4.1187 -9.2750 1.4851 20.0905 -3.7157 0.6559
Car -1 -1 -4.5543 484.8027 169.7772 542.7907 212.9220 1.4947 1.5971 3.5082 -3.5456 1.3878 26.7711 -4.6852 0.5729
Car -1 -1 -3.4715 184.0464 165.9848 363.5673 232.7725 1.6563 1.7492 4.1625 -9.2513 1.4857 19.9610 -3.9008 0.5567
Car -1 -1 -6.5392 463.5581 164.6130 530.2960 189.0736 1.6489 1.7679 4.2892 -7.9130 1.0931 50.3075 -6.6946 0.5230
Car -1 -1 -4.2410 659.8092 168.6122 704.9393 190.3615 1.5596 1.6865 4.0877 5.4183 1.2551 53.9149 -4.1417 0.4766
Car -1 -1 -3.0914 218.7702 166.4780 362.2271 226.9964 1.6106 1.6394 3.6131 -9.0599 1.4406 20.6056 -3.5013 0.4615
Car -1 -1 -3.0723 181.5023 164.7113 359.2448 228.1283 1.6539 1.7233 4.3811 -9.4811 1.4412 20.3977 -3.5027 0.4605
Car -1 -1 -7.7098 542.2227 168.3935 568.2596 187.8465 1.5088 1.5632 3.7395 -4.3871 1.1626 57.8840 -7.7854 0.4313
Car -1 -1 -4.6940 541.4001 166.5691 563.2413 187.1397 1.5961 1.6787 4.2382 -4.6424 1.1081 58.1512 -4.7735 0.4206
Car -1 -1 -3.6762 208.2385 166.9002 368.9980 231.1275 1.6339 1.7567 3.7839 -9.0240 1.4821 20.4037 -4.0881 0.3718
Car -1 -1 -4.2458 662.1037 169.2977 708.1311 190.7999 1.5369 1.7143 4.1926 5.6135 1.2825 53.8022 -4.1427 0.3567
Car -1 -1 -7.9823 292.4998 167.4605 361.1507 225.8041 1.5882 1.5576 2.5594 -8.3805 1.4411 21.1376 -8.3558 0.3143
Pedestrian -1 -1 -6.2561 653.1399 165.5516 662.0166 189.1035 1.7781 0.6681 0.6564 3.5892 1.2265 54.8373 -6.1914 0.3103
Pedestrian -1 -1 -6.5497 654.5314 165.7585 665.4556 189.3162 1.7778 0.6538 0.6792 3.7691 1.2420 54.8389 -6.4817 0.3094
Car -1 -1 -3.4490 194.2690 167.1434 364.6277 234.9900 1.6979 1.6771 3.9772 -9.1334 1.5547 20.0089 -3.8726 0.2941
Car -1 -1 -3.2300 286.4673 168.0492 382.9798 225.3190 1.5606 1.6160 2.4843 -8.0471 1.4293 20.9307 -3.5932 0.2873
Car -1 -1 -7.9461 536.5490 163.1357 563.7017 186.8951 1.8409 1.7608 4.6513 -4.9086 1.0876 58.3490 -8.0299 0.2864
Car -1 -1 -7.6979 542.0112 164.1759 571.3552 185.9831 1.6955 1.6997 4.4372 -4.2969 1.0205 58.3807 -7.7713 0.2808
Car -1 -1 -7.4296 262.2342 167.1907 363.1868 227.0977 1.6248 1.6638 2.9077 -8.6251 1.4709 21.0550 -7.8144 0.2710
Car -1 -1 -7.0925 655.7300 169.2266 710.0885 190.1955 1.5069 1.6348 4.1352 5.4364 1.2459 53.8197 -6.9927 0.2534
Car -1 -1 -7.9685 291.6876 167.3331 359.4023 226.3145 1.6110 1.5005 3.4140 -8.6057 1.4599 21.5675 -8.3443 0.2485
Car -1 -1 -2.7218 256.0946 167.3137 377.5767 224.5745 1.5914 1.7087 2.8167 -8.4988 1.4371 20.9615 -3.1029 0.2448
Car -1 -1 -4.7445 541.4366 167.6931 563.1400 187.2647 1.5109 1.6049 3.6905 -4.6623 1.1122 57.6250 -4.8252 0.2178
Car -1 -1 -8.1095 534.5673 166.4476 565.6406 186.6450 1.5501 1.6537 3.3745 -4.8075 1.0582 57.2438 -8.1931 0.2174
Car -1 -1 -3.7048 190.8300 165.8050 364.2365 232.0653 1.6661 1.7805 4.1248 -9.2808 1.4886 20.3542 -4.1280 0.2173
Car -1 -1 -2.9490 202.3705 165.6613 361.0117 227.7080 1.6680 1.6992 3.8749 -9.3110 1.4743 20.6593 -3.3680 0.2168
Car -1 -1 -7.9905 296.0215 168.5443 363.9140 225.8986 1.5731 1.4845 3.0262 -8.4283 1.4546 21.4734 -8.3607 0.2123
Car -1 -1 -4.9014 534.8204 166.2631 564.6422 187.3493 1.6311 1.6266 4.1921 -4.9128 1.1210 58.0508 -4.9857 0.1801
Car -1 -1 -4.3622 660.1174 168.7898 698.2130 189.9699 1.5218 1.6022 3.8880 5.1787 1.2295 53.9409 -4.2673 0.1759
Car -1 -1 -6.9908 653.9054 168.5860 710.3903 189.9194 1.5331 1.6051 4.1334 5.3598 1.2260 53.6914 -6.8921 0.1701
Car -1 -1 -4.3979 541.6590 167.5151 576.5050 187.6129 1.5550 1.6091 4.0897 -4.0769 1.1416 58.0050 -4.4680 0.1691
Car -1 -1 -7.8878 309.0718 169.0178 364.6006 225.1889 1.5418 1.4442 2.7128 -8.1636 1.4362 21.3348 -8.2494 0.1640
Car -1 -1 -7.9624 287.8864 167.9940 359.9522 227.6396 1.6315 1.6151 3.8379 -8.7620 1.4982 21.8097 -8.3406 0.1637
Car -1 -1 -3.4245 196.4515 167.3887 368.0783 233.2242 1.6415 1.6787 4.0102 -9.0234 1.5050 19.9278 -3.8450 0.1572
Car -1 -1 -7.5053 290.2579 167.3803 376.9793 224.8273 1.5736 1.5670 2.5872 -8.0408 1.4234 21.0675 -7.8661 0.1508
Car -1 -1 -4.4629 658.5153 168.7881 690.9207 190.1535 1.5290 1.5797 3.5197 4.8057 1.2377 53.5569 -4.3742 0.1488
Car -1 -1 -6.9842 657.1588 169.7774 714.8857 190.6246 1.4954 1.6667 4.1789 5.6395 1.2744 53.6198 -6.8803 0.1398
Car -1 -1 -7.7573 547.6099 165.7339 573.2496 186.8555 1.6435 1.6709 4.1847 -3.9924 1.0892 58.2603 -7.8257 0.1363
Car -1 -1 -7.8736 304.3416 170.2255 365.1453 226.7355 1.5541 1.5864 3.6645 -8.4059 1.4816 21.8397 -8.2373 0.1173
Car -1 -1 -7.9212 295.3496 169.3952 361.1160 227.5832 1.5921 1.5951 3.8072 -8.6268 1.4972 21.8046 -8.2942 0.1068
Car -1 -1 -4.3433 668.1483 169.5586 708.5983 190.6926 1.4988 1.6420 4.0041 5.8019 1.2648 53.3254 -4.2358 0.0973
Car -1 -1 -6.7426 532.4215 168.2342 586.1188 187.5007 1.5004 1.6392 3.9855 -4.0868 1.1403 57.9041 -6.8131 0.0810
Car -1 -1 -4.9899 528.2113 164.6311 564.3288 187.4065 1.7580 1.7384 4.4448 -5.2007 1.1230 58.0793 -5.0791 0.0763
Car -1 -1 -6.8297 533.0204 167.9975 585.4181 187.3186 1.4964 1.5567 3.9427 -4.0665 1.1200 57.6576 -6.9001 0.0735
Car -1 -1 -7.9880 285.7785 167.5409 359.0497 228.0257 1.6513 1.5658 3.6705 -8.7526 1.5060 21.6824 -8.3678 0.0694
Cyclist -1 -1 -8.3802 648.9751 166.1032 663.4781 188.5954 1.6957 0.3516 1.5943 3.5010 1.1865 55.1895 -8.3175 0.0663
Car -1 -1 -5.0496 527.0262 165.7119 563.1947 187.1355 1.6493 1.6445 4.0025 -5.2539 1.0991 57.7088 -5.1403 0.0624
Car -1 -1 -4.9631 533.0818 167.4513 564.1192 187.4749 1.5426 1.5995 3.6857 -4.9595 1.1261 57.5915 -5.0488 0.0612
Car -1 -1 -7.5885 547.2772 167.6910 579.4338 187.4734 1.5301 1.5931 3.9614 -3.7305 1.1304 57.9069 -7.6528 0.0550
Car -1 -1 -4.4990 659.3972 168.2049 691.0414 189.5970 1.5405 1.5858 3.8461 4.8897 1.2054 54.0305 -4.4096 0.0492
Car -1 -1 -6.5256 288.8866 166.6699 408.6739 226.0563 1.6112 1.5856 2.9976 -7.6619 1.4431 21.0666 -6.8708 0.0387
Car -1 -1 -5.4988 524.4180 166.5889 573.9578 187.3853 1.6098 1.7049 3.8783 -4.9149 1.1245 57.7535 -5.5836 0.0355
Car -1 -1 -2.2868 520.2685 165.8435 568.3402 187.7824 1.6922 1.6410 3.9335 -5.2976 1.1512 57.6067 -2.3783 0.0319
Car -1 -1 -6.9239 534.6132 168.6050 584.0625 187.5085 1.4591 1.6004 3.7120 -4.0444 1.1308 57.5102 -6.9941 0.0312
Car -1 -1 -6.6933 657.9973 170.4699 719.6229 190.8809 1.4679 1.6760 4.2077 5.7868 1.2962 53.3192 -6.5861 0.0278
Car -1 -1 -5.9308 524.2805 167.2233 583.0635 188.0777 1.6346 1.7727 4.3677 -4.5438 1.1929 57.9985 -6.0089 0.0235
Car -1 -1 -2.3480 0.0000 186.2642 200.0961 374.0000 1.3456 1.5972 3.9219 -4.8016 1.4374 4.0785 -3.1823 0.0192
Car -1 -1 -4.5040 657.5529 168.7227 689.8000 189.8876 1.5274 1.6074 4.0966 4.7984 1.2290 54.2644 -4.4166 0.0177
Car -1 -1 -5.8206 525.4787 167.4259 579.8306 188.2767 1.6242 1.6864 4.0034 -4.6141 1.2010 57.7333 -5.9003 0.0175
Car -1 -1 -3.1808 658.7228 169.7719 712.4177 190.3072 1.4814 1.5420 3.8569 5.4818 1.2587 52.9415 -3.0785 0.0156
Car -1 -1 -2.5613 517.1779 166.3098 567.1378 187.8836 1.6672 1.5099 3.7326 -5.4218 1.1612 57.2997 -2.6555 0.0149
Car -1 -1 -5.5311 527.2086 166.8975 575.0731 187.5126 1.5913 1.7021 3.6105 -4.7314 1.1312 57.4850 -5.6132 0.0145
Car -1 -1 -6.5913 292.9224 166.9166 423.4778 226.5139 1.6222 1.5496 3.3190 -7.4325 1.4603 21.2533 -6.9242 0.0143
Pedestrian -1 -1 -3.2723 668.1669 168.5444 677.3112 194.6656 1.6512 0.6651 0.4963 3.9596 1.3785 45.9538 -3.1873 0.0139
Cyclist -1 -1 -7.9832 655.5469 166.4391 663.6778 188.7628 1.6849 0.4193 1.5724 3.7667 1.2005 55.2576 -7.9158 0.0132
Car -1 -1 -3.2119 535.6326 167.2658 589.5900 186.7560 1.5437 1.7291 4.2373 -3.8765 1.1008 58.2952 -3.2782 0.0131
Car -1 -1 -6.5543 402.1117 171.9348 485.5274 202.9570 1.5765 1.6474 4.0271 -8.8581 1.5295 38.3518 -6.7802 0.0122
Car -1 -1 -6.0051 524.9484 167.7740 578.6443 187.9749 1.5669 1.6272 3.9447 -4.6221 1.1725 57.1504 -6.0857 0.0112
Cyclist -1 -1 -7.9682 671.2750 167.3520 679.8549 193.3305 1.6310 0.3679 1.5490 4.1484 1.2852 46.0781 -7.8794 0.0100
Car -1 -1 -6.3688 661.0263 170.4895 721.8695 191.0683 1.4841 1.6405 4.3050 5.9057 1.3133 52.9082 -6.2585 0.0094
Car -1 -1 -2.0801 0.0000 187.9600 203.1788 374.0000 1.2976 1.5637 3.6969 -4.5239 1.4092 4.1142 -2.8808 0.0091
Car -1 -1 -1.8919 0.0000 193.3281 250.9338 374.0000 1.3780 1.5859 3.7491 -4.0409 1.5413 4.1583 -2.6314 0.0071
Pedestrian -1 -1 -3.4942 729.9856 174.2539 750.8539 226.2579 1.5008 0.4834 0.4605 3.7647 1.5420 21.1165 -3.3209 0.0069
Car -1 -1 -8.0163 671.0583 166.6225 709.4408 195.8658 1.7081 1.7246 3.8155 4.8198 1.3438 44.0968 -7.9086 0.0066
Car -1 -1 -2.5652 515.8908 167.2884 566.1286 188.0086 1.5932 1.4904 3.7429 -5.4850 1.1649 57.0044 -2.6609 0.0058
Car -1 -1 -7.8894 496.0464 167.4614 543.3148 210.3942 1.6284 1.7544 4.8898 -3.8637 1.4235 29.9218 -8.0172 0.0049
Pedestrian -1 -1 -7.1213 657.0095 163.7999 671.0706 189.6162 1.9463 0.6922 0.8270 4.0860 1.2634 54.9338 -7.0478 0.0049
Car -1 -1 -4.6182 297.6357 178.0158 393.9551 257.2524 1.4461 1.5420 4.1288 -5.6348 1.5734 15.6440 -4.9591 0.0043
Car -1 -1 -6.5048 297.1448 166.8176 438.9281 228.9922 1.6969 1.5682 3.7213 -7.1718 1.5318 21.3246 -6.8260 0.0042
Pedestrian -1 -1 -6.3154 724.3077 174.5134 741.4550 224.4231 1.4407 0.4783 0.4767 3.5433 1.4896 21.1138 -6.1521 0.0035
Car -1 -1 -7.8340 309.7974 174.5147 399.8966 254.3096 1.5578 1.7011 4.1622 -5.7876 1.6005 16.4218 -8.1683 0.0032
Car -1 -1 -5.9202 659.6091 169.2694 726.6864 191.1680 1.5297 1.6262 4.5352 5.9663 1.2790 52.1651 -5.8073 0.0029
Car -1 -1 -6.0853 659.9762 169.8344 724.1449 191.3197 1.5200 1.6134 4.4079 5.9435 1.3061 52.4871 -5.9735 0.0028
Car -1 -1 -6.5003 301.9116 163.3461 461.1454 227.7504 1.7579 1.7229 4.2546 -6.8227 1.4981 21.5009 -6.8045 0.0021
Car -1 -1 -8.0285 396.8347 165.5860 441.8240 199.6037 1.7262 1.6978 3.7812 -10.3037 1.3571 38.6850 -8.2874 0.0016
Car -1 -1 -7.8469 409.6151 153.4075 436.0695 179.6895 1.7583 1.7209 4.0700 -13.0995 0.4570 50.4560 -8.0997 0.0006
Car -1 -1 -7.7672 412.0255 156.5495 441.4380 180.8674 1.6349 1.6600 3.9526 -12.8395 0.5385 50.5942 -8.0146 0.0004
Car -1 -1 -7.4577 408.3988 155.3143 454.4468 180.5632 1.6936 1.6928 4.0580 -12.4785 0.5168 50.5344 -7.6988 0.0003
