Car -1 -1 -4.3769 279.3537 189.8574 408.6795 274.6765 1.5720 1.5288 3.6741 -5.7683 1.9911 15.9534 -4.7193 0.9999
Car -1 -1 -8.1743 748.2734 180.2231 961.1427 314.6336 1.4613 1.5887 3.6155 3.0311 1.5806 9.8778 -7.8860 0.9999
Car -1 -1 -4.4569 373.7443 188.9942 454.6995 246.2228 1.4638 1.4604 3.4195 -5.6879 1.9746 21.1354 -4.7173 0.9995
Car -1 -1 -8.1289 708.0357 178.5416 827.2152 260.5981 1.4988 1.5404 3.3723 3.1249 1.6317 15.1600 -7.9304 0.9990
Car -1 -1 -8.0193 694.7393 179.6709 772.9026 233.6652 1.3791 1.5859 3.7582 3.4163 1.5929 20.7876 -7.8594 0.9417
Car -1 -1 -5.5213 0.0000 188.8530 106.7779 251.6606 1.4236 1.5289 3.4734 -14.6308 1.8359 17.7110 -6.2045 0.9253
Car -1 -1 -8.0291 692.8318 180.0391 769.6812 234.7165 1.3940 1.5161 3.7513 3.3438 1.6194 20.7813 -7.8726 0.8719
Pedestrian -1 -1 -8.0398 770.0027 157.9596 793.7939 216.8271 1.9140 0.6442 0.6894 5.6208 1.4294 23.8179 -7.8114 0.8519
Pedestrian -1 -1 -7.7745 767.8314 158.7545 790.4637 217.1535 1.8935 0.6768 0.7172 5.5445 1.4360 23.8383 -7.5493 0.7679
Car -1 -1 -5.7029 0.0000 187.6752 102.4680 250.9604 1.4154 1.5306 3.5658 -14.7533 1.7951 17.5451 -6.3947 0.7548
Car -1 -1 -5.5760 0.0000 186.4516 104.0403 248.7067 1.4157 1.6232 3.2701 -14.6074 1.7636 17.6268 -6.2607 0.6412
Pedestrian -1 -1 -7.3239 747.3284 160.7110 775.0385 217.6813 1.8776 0.6256 0.7396 5.0379 1.4771 24.2639 -7.1222 0.5671
Car -1 -1 -2.8080 382.8534 177.7196 461.4833 205.5129 1.7011 1.6525 4.5082 -11.8481 2.0145 45.5159 -3.0616 0.5652
Car -1 -1 -2.7628 377.3830 179.4974 449.2074 205.0045 1.5556 1.5839 4.0789 -12.4250 1.9841 45.5518 -3.0280 0.5420
Pedestrian -1 -1 -7.9579 769.2664 158.4335 792.3384 216.9108 1.8920 0.6656 0.7003 5.5644 1.4252 23.7338 -7.7309 0.5181
Car -1 -1 -2.7276 372.4259 179.5333 442.7657 204.8251 1.5426 1.6742 3.9504 -12.8269 1.9756 45.6993 -3.0001 0.5089
Car -1 -1 -8.6959 1085.0724 207.8652 1241.0000 374.0000 1.4346 1.5114 3.5038 3.1551 1.6250 2.1286 -7.7816 0.4917
Car -1 -1 -5.8321 0.0000 184.5191 100.3271 250.8750 1.4452 1.5024 3.8998 -14.8643 1.7449 17.3496 -6.5330 0.4717
Car -1 -1 -2.8382 385.4056 178.1033 465.4134 206.2240 1.7221 1.7056 4.5913 -11.6408 2.0601 45.5255 -3.0875 0.4668
Car -1 -1 -8.9942 0.0000 0.0000 1241.0000 374.0000 1.5187 1.5755 3.6735 3.3696 1.5433 1.5987 -7.9361 0.4516
Car -1 -1 -4.9425 693.4358 177.1424 788.0962 237.1752 1.4735 1.6306 4.2605 3.4747 1.6062 20.1984 -4.7753 0.4252
Car -1 -1 -8.4329 0.0000 0.0000 1241.0000 374.0000 1.4411 1.5488 3.6310 2.7369 1.5951 1.6908 -7.4913 0.4116
Car -1 -1 -8.7397 0.0000 0.0000 1241.0000 374.0000 1.5173 1.5589 3.7187 3.0111 1.5834 1.4336 -7.6910 0.4000
Car -1 -1 -8.5486 0.0000 0.0000 1241.0000 374.0000 1.5098 1.5582 3.7923 2.7034 1.5903 1.3511 -7.5259 0.3805
Car -1 -1 -9.2357 0.0000 0.0000 1241.0000 374.0000 1.5319 1.6164 3.7565 3.7165 1.5193 1.7043 -8.1589 0.3756
Car -1 -1 -2.8451 385.1551 178.2151 465.2252 206.2158 1.7182 1.8005 4.5839 -11.6876 2.0647 45.6685 -3.0946 0.3716
Car -1 -1 -4.1138 110.4032 197.1189 217.1019 243.5345 1.3586 1.3819 3.4743 -15.2234 2.2499 24.7418 -4.6609 0.3417
Car -1 -1 -4.1792 111.9477 196.4826 213.8911 242.2029 1.3507 1.3991 3.4808 -15.3375 2.2224 24.8768 -4.7272 0.3104
Pedestrian -1 -1 -2.5347 559.8589 173.2046 573.1904 197.1750 1.8451 0.5670 0.8641 -3.4032 1.8722 56.0200 -2.5955 0.2847
Car -1 -1 -8.4100 0.0000 0.0000 1241.0000 374.0000 1.5607 1.5640 3.9257 2.3778 1.5861 1.2062 -7.4037 0.2738
Car -1 -1 -2.6341 0.0000 181.4280 91.3147 249.1803 1.4831 1.6924 4.2779 -15.3816 1.7045 17.3884 -3.3508 0.2574
Car -1 -1 -4.9110 342.7227 180.7100 376.0921 201.9630 1.5453 1.6643 4.2026 -19.6296 2.1829 56.3476 -5.2451 0.2475
Pedestrian -1 -1 -7.2925 744.9399 162.0952 773.7028 219.7214 1.9107 0.6362 0.7826 5.0092 1.5537 24.4271 -7.0932 0.2360
Car -1 -1 -4.1249 84.1860 194.1529 211.7411 244.7695 1.4252 1.5566 4.1096 -15.3234 2.1986 24.1363 -4.6858 0.2276
Car -1 -1 -7.2980 67.5437 195.4389 206.0080 247.1334 1.3962 1.6132 4.5903 -15.4420 2.2134 23.8097 -7.8685 0.2269
Car -1 -1 -4.1036 43.1371 197.1266 187.5396 250.7678 1.3826 1.5438 4.3005 -15.4107 2.2194 22.7202 -4.6944 0.2268
Car -1 -1 -4.0440 27.2570 197.9658 172.6395 251.4119 1.3481 1.4951 3.9459 -15.4849 2.1875 22.1105 -4.6495 0.2247
Car -1 -1 -8.1988 0.0000 0.0000 1241.0000 374.0000 1.4497 1.5472 3.7764 2.3060 1.6129 1.6290 -7.3254 0.2103
Car -1 -1 -4.1736 95.9443 197.0089 208.8445 244.5331 1.3583 1.4811 3.7918 -15.4188 2.2412 24.4730 -4.7312 0.1921
Car -1 -1 -5.0833 340.8893 185.1824 380.9207 205.8669 1.4571 1.5348 4.0542 -19.1500 2.4366 55.3040 -5.4155 0.1904
Car -1 -1 -8.9541 0.0000 0.0000 1241.0000 374.0000 1.5089 1.5598 3.7661 2.9634 1.5682 1.1026 -7.8245 0.1835
Car -1 -1 -4.6767 0.0000 188.8305 70.5758 252.1509 1.3479 1.5033 3.5580 -14.6023 1.7919 18.1861 -5.3462 0.1791
Car -1 -1 -8.7567 1074.1431 200.3794 1241.0000 374.0000 1.4263 1.5511 3.6440 3.3699 1.5842 2.3186 -7.8468 0.1640
Car -1 -1 -9.4426 0.0000 0.0000 1241.0000 374.0000 1.5441 1.6254 3.9215 4.0700 1.4750 1.7325 -8.3342 0.1390
Car -1 -1 -3.8274 1106.0725 190.8427 1241.0000 374.0000 1.4911 1.6335 3.9662 3.9077 1.5772 2.0213 -2.7924 0.1380
Car -1 -1 -9.4063 0.0000 0.0000 1241.0000 374.0000 1.5332 1.5772 3.7909 3.6779 1.4723 1.2218 -8.2266 0.1375
Cyclist -1 -1 -8.4430 748.3519 159.4663 792.6793 217.7349 1.8722 0.6140 1.6673 5.2873 1.4418 24.0719 -8.2299 0.1345
Car -1 -1 -5.0213 338.9037 181.7248 376.2049 203.1382 1.5496 1.5987 3.9772 -19.6485 2.2631 55.9975 -5.3576 0.1331
Pedestrian -1 -1 -4.6515 693.8005 166.4474 709.8990 216.0213 1.8438 0.5735 0.4916 3.4101 1.6052 27.1299 -4.5284 0.1283
Car -1 -1 -3.7452 1136.3101 173.7675 1241.0000 374.0000 1.5590 1.6506 4.0443 3.8169 1.5630 1.7146 -2.6596 0.1202
Car -1 -1 -7.2207 65.0656 195.0144 207.6176 247.5613 1.4096 1.4924 4.5081 -15.3148 2.2043 23.5882 -7.7917 0.1159
Car -1 -1 -4.8861 346.7726 181.1702 378.0777 202.5223 1.5497 1.6554 3.8839 -19.3069 2.2203 56.1050 -5.2164 0.1141
Car -1 -1 -3.9505 14.8378 196.7875 168.1051 251.5471 1.3753 1.5165 3.8642 -15.6054 2.1690 21.9130 -4.5638 0.1130
Pedestrian -1 -1 -4.5499 693.2520 167.2493 709.8530 216.1657 1.8254 0.5395 0.5689 3.4175 1.6160 27.2746 -4.4272 0.1128
Car -1 -1 -5.6236 95.3036 197.1844 228.3608 240.8336 1.3696 1.4951 3.7319 -15.3005 2.2319 24.6379 -6.1748 0.1109
Car -1 -1 -8.2889 337.4211 183.1364 377.2492 204.0738 1.5035 1.4950 3.6360 -19.4605 2.3192 55.4311 -8.6254 0.1057
Car -1 -1 -5.1027 341.9457 184.6192 383.4782 205.2149 1.4562 1.6223 3.9795 -19.0313 2.3918 55.3663 -5.4326 0.0920
Car -1 -1 -3.8577 1075.5768 194.1087 1241.0000 374.0000 1.4593 1.6185 3.9936 3.9994 1.5665 2.3315 -2.8688 0.0860
Car -1 -1 -9.1778 1059.4298 194.5366 1241.0000 374.0000 1.4337 1.5630 3.7712 3.6900 1.5634 2.2858 -8.2184 0.0841
Pedestrian -1 -1 -7.5380 750.2257 159.7316 778.1678 217.4387 1.8804 0.7054 0.7790 5.0900 1.4525 24.0255 -7.3323 0.0832
Car -1 -1 -7.1367 958.4735 207.6395 1241.0000 374.0000 1.4462 1.6116 4.0704 3.4819 1.6030 2.3009 -6.2078 0.0767
Car -1 -1 -4.1433 64.2112 195.0331 204.8155 247.9608 1.4480 1.7411 4.4219 -15.5223 2.2476 23.8098 -4.7162 0.0726
Car -1 -1 -3.1827 247.8876 180.3036 345.4823 216.3231 1.4440 1.5551 3.7718 -13.5136 1.7801 31.0717 -3.5901 0.0677
Car -1 -1 -5.1537 121.7157 194.5015 235.9067 244.1473 1.4364 1.6136 4.3598 -14.6773 2.2251 24.4089 -5.6906 0.0609
Pedestrian -1 -1 -8.1456 241.8049 181.6444 267.7664 233.8112 1.6824 0.6225 0.6076 -11.7896 1.9780 23.8509 -8.6006 0.0519
Car -1 -1 -5.0625 344.7818 183.8703 382.6005 204.7077 1.4591 1.4481 3.9291 -18.6974 2.3228 54.6053 -5.3913 0.0447
Pedestrian -1 -1 -7.6458 756.9423 158.8485 783.0020 217.3748 1.9163 0.7107 0.7660 5.3038 1.4574 24.1198 -7.4325 0.0433
Pedestrian -1 -1 -5.1584 245.1609 180.1323 276.3368 234.5150 1.7487 0.7038 0.6774 -11.5753 1.9936 23.8186 -5.6067 0.0390
Car -1 -1 -7.2756 1048.4508 187.0922 1241.0000 374.0000 1.4801 1.6243 4.2139 4.1540 1.5510 2.6961 -6.3297 0.0378
Car -1 -1 -4.0549 31.9241 196.3468 193.0238 253.0224 1.4518 1.7471 4.5288 -15.4685 2.2667 22.7198 -4.6474 0.0338
Cyclist -1 -1 -8.1737 1205.5732 174.8506 1241.0000 374.0000 1.6315 0.4237 1.7713 2.5968 1.6407 2.5289 -7.4324 0.0306
Car -1 -1 -2.5064 73.0794 197.8178 219.2582 246.1069 1.5277 1.6560 4.0355 -15.9133 2.4184 24.7898 -3.0725 0.0280
Cyclist -1 -1 -8.2402 1136.7140 180.4308 1241.0000 374.0000 1.6049 0.3790 1.7135 2.5425 1.6430 2.7902 -7.5533 0.0207
Car -1 -1 -6.6700 844.5917 162.7788 933.0910 194.2283 1.5622 1.6387 3.8656 14.0974 1.0614 36.7046 -6.3062 0.0202
Car -1 -1 -6.6970 849.3624 163.0845 929.3389 192.7387 1.4695 1.5457 3.4536 14.0971 0.9851 36.6127 -6.3324 0.0160
Car -1 -1 -5.1598 424.4005 180.6665 470.8289 201.5326 1.4918 1.7016 4.5149 -12.5827 2.1185 55.6065 -5.3817 0.0150
Car -1 -1 -3.3523 833.0481 163.6201 918.2595 196.1362 1.6050 1.6902 3.7931 13.4117 1.1489 36.7110 -3.0049 0.0133
Cyclist -1 -1 -2.9594 304.5863 179.1956 346.6406 219.7107 1.7129 0.6759 1.5924 -12.3028 1.9906 31.1406 -3.3332 0.0103
Car -1 -1 -5.1416 420.1116 179.6339 470.2273 200.8492 1.5113 1.8764 4.9279 -12.7645 2.0567 55.5418 -5.3668 0.0096
Car -1 -1 -3.5153 839.9830 164.0773 926.5698 193.7085 1.4715 1.6200 3.7840 13.8034 1.0354 36.6738 -3.1582 0.0095
Pedestrian -1 -1 -5.3179 233.0232 178.9882 270.8170 237.1713 1.8525 0.7774 0.8261 -11.7697 2.0577 23.6273 -5.7760 0.0086
Car -1 -1 -3.3413 845.8912 163.5546 924.0285 193.4023 1.4668 1.5855 3.4432 13.8175 1.0095 36.5139 -2.9824 0.0073
Car -1 -1 -6.5365 837.8989 161.4857 929.7516 194.2755 1.6215 1.9192 4.0266 13.8684 1.0590 36.8433 -6.1793 0.0072
Car -1 -1 -4.9171 858.8188 162.6795 907.4003 195.6353 1.5858 1.5950 3.5600 13.7500 1.0959 36.5990 -4.5607 0.0069
Cyclist -1 -1 -2.9762 297.3689 178.0814 344.1866 218.6098 1.7106 0.6779 1.7863 -12.4961 1.9394 31.1092 -3.3556 0.0062
Car -1 -1 -6.7425 847.0242 163.0350 942.3717 195.5090 1.6060 1.8714 4.1205 14.4298 1.1201 36.7969 -6.3718 0.0057
Cyclist -1 -1 -3.6442 146.3759 194.1087 266.3405 311.7975 1.5508 0.6076 1.4102 -5.9158 1.8833 10.5394 -4.1455 0.0036
Car -1 -1 -5.0445 830.0061 154.2225 872.7169 179.7513 1.8977 1.8358 4.2381 18.5635 0.5124 55.7651 -4.7248 0.0031
Cyclist -1 -1 -7.4912 237.2088 179.8826 272.5535 232.9144 1.6809 0.5534 1.4865 -11.7615 1.9203 23.8386 -7.9455 0.0024
Cyclist -1 -1 -3.2531 137.8939 192.9758 262.8034 309.7302 1.5417 0.6353 1.5185 -5.9837 1.8529 10.4689 -3.7619 0.0024
Car -1 -1 -8.3187 825.9888 154.8878 868.2070 179.6168 1.8485 1.6862 3.5391 18.2641 0.5052 55.8116 -8.0041 0.0021
Pedestrian -1 -1 -6.2867 499.1494 175.0586 504.0650 196.8535 1.6336 0.6078 0.3644 -8.2134 1.8007 54.4756 -6.4360 0.0017
Cyclist -1 -1 -6.7214 850.0542 154.1476 897.5688 195.7031 2.0615 0.9085 2.0563 13.2356 1.1332 36.3416 -6.3750 0.0014
Cyclist -1 -1 -7.3590 449.9913 178.1772 467.5518 207.1904 1.7768 0.2990 1.7228 -9.5349 2.1176 45.3739 -7.5654 0.0014
Cyclist -1 -1 -7.5265 448.2781 178.8591 462.1767 205.7292 1.6391 0.3870 1.5051 -9.7076 2.0207 45.1271 -7.7376 0.0013
Cyclist -1 -1 -6.7802 855.4069 156.7939 903.0280 196.0411 1.9467 0.8641 2.0904 13.5201 1.1498 36.3673 -6.4272 0.0008
Cyclist -1 -1 -7.3825 448.6792 178.1322 465.7119 206.5659 1.7335 0.3207 1.6680 -9.5874 2.0697 45.1505 -7.5910 0.0007
Pedestrian -1 -1 -7.8661 865.8038 160.2112 882.7437 197.4557 1.8362 0.7825 0.7025 13.1521 1.2126 36.0332 -7.5191 0.0006
Cyclist -1 -1 -8.1655 856.1996 157.6506 885.4097 197.2764 1.9414 0.8041 1.9923 13.0820 1.1963 36.3596 -7.8230 0.0006
Pedestrian -1 -1 -8.0060 862.6554 157.2793 881.8801 196.0065 1.9226 0.8130 0.6659 13.1217 1.1491 36.2247 -7.6614 0.0003
