Car -1 -1 -6.5980 802.3386 170.2258 939.1715 220.3031 1.4985 1.6001 3.6817 7.9783 1.4195 22.4315 -6.2610 0.9920
Car -1 -1 -7.9427 641.9968 168.5690 673.1254 193.7701 1.5045 1.6116 3.5739 2.8856 1.2484 44.8826 -7.8792 0.9216
Car -1 -1 -6.5825 805.6329 170.5800 943.7458 222.5358 1.5478 1.6460 3.6979 8.0809 1.4798 22.3953 -6.2410 0.7956
Car -1 -1 -7.8715 645.3837 167.5516 673.4893 193.1907 1.5279 1.6688 3.7174 3.0044 1.2116 44.8963 -7.8055 0.7491
Car -1 -1 -6.5888 805.0214 169.8190 940.9667 222.4906 1.5702 1.4878 3.6689 8.0094 1.4794 22.3157 -6.2490 0.7234
Car -1 -1 -7.9436 641.7681 169.1024 672.6471 194.1779 1.4945 1.5940 3.5161 2.8579 1.2706 44.7817 -7.8806 0.7219
Car -1 -1 -7.9640 640.4702 167.9427 673.4866 193.2583 1.5087 1.6343 3.7886 2.8483 1.2157 44.9308 -7.9015 0.7216
Car -1 -1 -7.8910 646.0844 169.6111 673.1898 194.4850 1.4799 1.5399 3.3476 3.0031 1.2867 44.6243 -7.8246 0.6064
Car -1 -1 -7.9892 638.1367 168.3237 672.0176 194.5335 1.5605 1.6243 3.5574 2.7234 1.2904 44.7931 -7.9293 0.5300
Car -1 -1 -7.8312 647.6991 169.8481 674.5065 194.9485 1.4925 1.5834 3.4680 3.1620 1.3135 44.7045 -7.7614 0.3420
Car -1 -1 -7.9007 646.0240 167.9850 675.8315 194.5665 1.5458 1.6250 3.6504 3.0182 1.2624 43.8023 -7.8328 0.2940
Car -1 -1 -4.7744 700.2761 163.2923 733.9232 190.1357 1.5367 1.7230 4.4161 6.3799 0.9890 43.5779 -4.6303 0.2340
Car -1 -1 -4.7817 698.4859 164.9084 732.0325 192.1726 1.5486 1.6786 4.2690 6.2115 1.0970 43.1734 -4.6401 0.1927
Car -1 -1 -4.7994 696.7022 164.3978 731.1604 191.5228 1.5526 1.6734 4.2870 6.1760 1.0683 43.4858 -4.6596 0.1831
Car -1 -1 -4.5547 698.5744 164.4192 738.6171 191.3639 1.5213 1.7077 4.3507 6.4967 1.0448 43.0693 -4.4063 0.0886
Car -1 -1 -4.8043 695.5917 165.2808 729.9648 192.4436 1.5387 1.6341 4.2022 6.0397 1.1094 43.0102 -4.6660 0.0675
Car -1 -1 -4.8454 692.4593 165.0664 728.4587 191.8768 1.5408 1.6196 3.9836 5.9657 1.0930 43.4609 -4.7102 0.0641
Pedestrian -1 -1 -4.4066 1012.8540 158.3716 1046.4758 222.1773 1.8419 0.6642 0.7649 12.3589 1.4236 21.3328 -3.8879 0.0529
Car -1 -1 -4.8314 699.1292 163.0797 735.8957 192.0633 1.6269 1.6539 4.1128 6.2551 1.0779 42.5772 -4.6868 0.0403
Pedestrian -1 -1 -7.8595 1194.1068 175.2365 1241.0000 307.4973 1.5665 0.5442 0.5142 7.5235 1.5969 8.9299 -7.1762 0.0372
Car -1 -1 -4.1483 530.7466 170.9979 566.5635 187.4312 1.5085 1.6092 3.7753 -5.7933 1.3378 68.2801 -4.2329 0.0369
Car -1 -1 -4.9167 691.5270 163.6015 732.1912 192.0625 1.5980 1.5938 3.9356 5.9138 1.0782 42.5291 -4.7798 0.0340
Car -1 -1 -5.0613 696.1346 162.2268 747.5817 192.9772 1.6745 1.5400 4.2829 6.3340 1.0955 41.5421 -4.9113 0.0319
Pedestrian -1 -1 -4.1459 1015.6379 158.5096 1055.7365 221.9705 1.8347 0.7712 0.6952 12.5493 1.4197 21.3628 -3.6212 0.0303
Car -1 -1 -4.4799 531.6730 172.0430 557.5153 188.1883 1.4891 1.5970 3.8785 -6.2048 1.4140 68.5828 -4.5701 0.0298
Car -1 -1 -4.1583 530.4670 171.4677 567.4005 187.9925 1.5239 1.6384 4.0135 -5.7981 1.3957 68.6987 -4.2425 0.0297
Pedestrian -1 -1 -3.9810 1141.9062 169.1564 1241.0000 328.3550 1.5449 0.5142 0.7432 5.8891 1.5088 7.3223 -3.3238 0.0293
Car -1 -1 -7.0835 530.3196 170.6334 574.3458 187.6544 1.5683 1.6786 4.2681 -5.4741 1.3634 68.6631 -7.1630 0.0230
Car -1 -1 -6.8860 529.8392 170.4619 578.5843 187.4600 1.5654 1.7048 4.4289 -5.2921 1.3448 68.5018 -6.9631 0.0208
Pedestrian -1 -1 -3.8704 1167.8690 163.6003 1241.0000 328.4478 1.6201 0.5036 0.7678 6.2097 1.5289 7.3613 -3.1899 0.0205
Cyclist -1 -1 -8.7530 995.7447 163.1298 1064.0424 223.8162 1.7130 0.6146 1.7279 12.3035 1.4382 21.2826 -8.2353 0.0192
Pedestrian -1 -1 -4.4000 1016.0028 158.7150 1052.9458 223.5058 1.8535 0.7433 0.7512 12.4039 1.4487 21.1694 -3.8765 0.0190
Cyclist -1 -1 -3.2155 1000.0915 160.3241 1067.4640 221.9419 1.7646 0.6457 1.6676 12.4392 1.4054 21.3149 -2.6936 0.0162
Car -1 -1 -5.1150 678.5858 166.1104 730.5768 193.2080 1.5444 1.5764 4.1675 5.5814 1.1598 43.3434 -4.9881 0.0158
Car -1 -1 -4.9628 686.0547 165.7261 728.2928 192.4562 1.5132 1.5328 4.0017 5.6896 1.1094 42.9256 -4.8322 0.0157
Car -1 -1 -8.1461 797.1722 144.5379 852.8624 178.9989 1.9537 1.9278 4.6205 12.7557 0.3481 43.2228 -7.8611 0.0133
Pedestrian -1 -1 -4.6538 477.4574 159.7203 497.4007 211.5495 2.0166 0.7213 1.0421 -4.9006 1.5052 28.6308 -4.8223 0.0132
Pedestrian -1 -1 -3.9809 1019.1926 158.5725 1060.1370 222.8026 1.8368 0.7498 0.7046 12.5075 1.4281 21.0985 -3.4523 0.0127
Car -1 -1 -6.9483 531.7869 169.1443 577.2670 186.8331 1.6303 1.7300 4.1178 -5.2652 1.2881 68.5297 -7.0250 0.0125
Pedestrian -1 -1 -4.8724 480.3335 158.3022 503.6444 210.7957 2.0329 0.7433 1.1072 -4.7267 1.4691 28.5862 -5.0352 0.0119
Pedestrian -1 -1 -7.6679 190.9646 170.7928 219.9692 226.6377 1.6108 0.6653 0.4676 -11.8943 1.5510 21.1389 -8.1753 0.0119
Pedestrian -1 -1 -6.0910 783.7256 165.0157 796.7751 195.8084 1.6191 0.6899 0.5536 9.5478 1.2066 38.3674 -5.8493 0.0118
Car -1 -1 -5.1013 522.3036 173.3329 553.7115 189.3125 1.4693 1.5511 4.0436 -6.8982 1.5160 68.6241 -5.2014 0.0113
Pedestrian -1 -1 -4.4853 921.7439 162.3237 943.1865 211.6540 1.6856 0.5869 0.4855 11.1376 1.3255 25.0255 -4.0713 0.0106
Car -1 -1 -4.9500 527.9049 172.8058 554.5089 189.0971 1.4994 1.5967 4.0862 -6.5915 1.4947 68.5997 -5.0457 0.0098
Car -1 -1 -4.9169 528.8167 171.0027 553.5723 188.4920 1.6041 1.5694 3.8949 -6.5586 1.4340 68.2696 -5.0125 0.0094
Pedestrian -1 -1 -3.5580 1192.1029 166.8615 1241.0000 335.2885 1.5560 0.5632 0.6801 6.1575 1.5004 7.0310 -2.8599 0.0089
Pedestrian -1 -1 -4.7037 483.7762 160.1253 499.5518 211.8068 1.9939 0.6017 1.0628 -4.6992 1.5025 28.4081 -4.8666 0.0089
Car -1 -1 -6.4480 527.8113 171.2946 571.1266 187.4585 1.5086 1.6486 3.8864 -5.7866 1.3628 68.6215 -6.5321 0.0085
Cyclist -1 -1 -8.4057 1157.0986 170.5882 1241.0000 357.1802 1.5404 0.5636 1.5292 5.8396 1.5214 6.7531 -7.7147 0.0084
Car -1 -1 -8.0977 796.5823 146.7209 845.7491 178.6100 1.8136 1.8111 4.3595 12.5454 0.3271 43.2462 -7.8172 0.0083
Car -1 -1 -2.4360 0.0000 182.7062 170.8607 230.4491 1.3260 1.5312 4.2027 -15.5656 1.6301 21.3598 -3.0599 0.0079
Car -1 -1 -2.4425 0.0000 182.4602 144.3493 230.9902 1.3548 1.5189 4.0600 -16.3146 1.6502 21.3495 -3.0892 0.0074
Pedestrian -1 -1 -4.2750 1156.8755 169.4462 1241.0000 335.5417 1.5202 0.6391 0.6829 5.8292 1.4887 7.0425 -3.6045 0.0070
Car -1 -1 -5.1478 518.5250 173.3699 551.2987 189.7089 1.5083 1.5023 4.1425 -7.2228 1.5589 68.9087 -5.2522 0.0070
Car -1 -1 -2.0429 0.0000 184.9255 256.7951 374.0000 1.3112 1.5854 3.9869 -4.0327 1.3926 3.5568 -2.8540 0.0067
Pedestrian -1 -1 -4.2101 928.3724 165.7084 950.7570 210.4613 1.5306 0.5541 0.4605 11.3879 1.2859 25.0376 -3.7881 0.0061
Car -1 -1 -6.9137 0.0000 161.8825 133.6007 374.0000 1.5170 1.5967 3.8094 -3.8526 1.5062 2.6064 -7.8420 0.0055
Pedestrian -1 -1 -4.3095 1004.7205 164.2763 1034.4553 224.0968 1.7732 0.6098 0.5679 12.3263 1.5186 21.8027 -3.8012 0.0052
Car -1 -1 -2.1191 0.0000 166.3983 243.8213 374.0000 1.3698 1.5869 3.9885 -3.9932 1.3511 3.1586 -2.9796 0.0049
Car -1 -1 -1.9598 0.0000 173.9772 256.0298 374.0000 1.3849 1.6058 4.0052 -3.8351 1.3919 3.2361 -2.7893 0.0047
Car -1 -1 -2.0314 0.0000 197.1491 367.1413 374.0000 1.3785 1.6170 3.9022 -3.3980 1.5515 3.6496 -2.7454 0.0046
Car -1 -1 -6.4823 646.3802 167.2031 713.4306 193.9009 1.5920 1.5167 3.8416 4.2001 1.2548 43.9820 -6.3880 0.0046
Car -1 -1 -4.1324 493.1013 174.2215 535.3361 195.0927 1.6937 1.6250 3.9774 -8.0775 1.8131 60.9790 -4.2639 0.0042
Car -1 -1 -6.1227 634.9464 168.3823 701.2576 190.9291 1.3979 1.4861 4.0235 3.6761 1.1204 45.9351 -6.0436 0.0038
Car -1 -1 -4.4126 494.6132 174.3626 524.1677 193.5967 1.5717 1.5389 3.4106 -8.5058 1.7029 61.0514 -4.5507 0.0037
Car -1 -1 -2.6005 491.5404 174.3693 548.8154 196.0095 1.7263 1.7126 4.4361 -7.4342 1.8544 59.4742 -2.7246 0.0036
Car -1 -1 -3.9780 493.2326 174.0386 541.4015 194.6813 1.6726 1.6704 4.1686 -7.8069 1.7759 60.9033 -4.1053 0.0035
Car -1 -1 -6.8783 0.0000 100.3021 151.5597 374.0000 1.5704 1.6431 3.8034 -4.1587 1.4574 3.0854 -7.7693 0.0033
Car -1 -1 -6.9737 0.0000 133.9958 200.7051 374.0000 1.5632 1.6407 3.8111 -3.7816 1.4996 3.1120 -7.8141 0.0033
Car -1 -1 -6.5954 0.0000 0.0000 1241.0000 374.0000 1.5197 1.5744 3.5260 -3.8006 1.5956 1.3021 -7.7711 0.0030
Car -1 -1 -6.6496 0.0000 0.0000 1241.0000 374.0000 1.5503 1.6051 3.6080 -2.5907 1.5947 0.9220 -7.7853 0.0030
Car -1 -1 -6.6408 0.0000 0.0000 1241.0000 374.0000 1.5214 1.5762 3.5281 -3.3866 1.6029 1.3137 -7.7714 0.0030
Car -1 -1 -6.5817 0.0000 0.0000 1241.0000 374.0000 1.5295 1.5811 3.5801 -4.1978 1.6180 1.4019 -7.7709 0.0030
Car -1 -1 -8.9352 0.0000 0.0000 1241.0000 374.0000 1.5558 1.5742 3.5193 3.4749 1.5302 1.2032 -7.7717 0.0030
Car -1 -1 -8.8955 0.0000 0.0000 1241.0000 374.0000 1.5581 1.5808 3.5374 3.0986 1.5381 1.1851 -7.7707 0.0030
Car -1 -1 -8.9651 0.0000 0.0000 1241.0000 374.0000 1.5514 1.5822 3.5542 3.8807 1.5278 1.2405 -7.7711 0.0030
Car -1 -1 -8.9883 0.0000 0.0000 1241.0000 374.0000 1.5499 1.5805 3.5411 4.2391 1.5397 1.2764 -7.7726 0.0030
Car -1 -1 -2.2038 0.0000 133.7527 338.2401 374.0000 1.4761 1.6488 4.0855 -3.4541 1.3798 2.7757 -3.0512 0.0030
Car -1 -1 -5.1825 0.0000 164.7347 301.0905 374.0000 1.4655 1.7134 4.3066 -4.1073 1.4380 3.9278 -5.9567 0.0028
Car -1 -1 -6.7147 0.0000 101.0583 96.5029 374.0000 1.5423 1.6081 3.7663 -4.5686 1.4404 3.0243 -7.6597 0.0026
Car -1 -1 -2.6807 66.9126 177.9275 241.9767 224.8632 1.3153 1.5719 4.1282 -13.4471 1.4724 21.4085 -3.2362 0.0025
Pedestrian -1 -1 -3.9326 503.1316 168.2217 524.5758 206.2170 1.7980 0.6095 0.8363 -4.6576 1.5785 34.6621 -4.0656 0.0025
Car -1 -1 -4.6415 572.6062 170.0971 595.7820 189.2940 1.5015 1.6151 3.7264 -2.0831 1.2855 58.3243 -4.6774 0.0024
Car -1 -1 -2.6110 31.8264 179.5347 222.4955 226.0498 1.3012 1.5618 4.5267 -14.2097 1.5068 21.3380 -3.1929 0.0024
Car -1 -1 -2.6546 488.9450 174.7670 546.4905 195.7459 1.6823 1.7235 4.4346 -7.6647 1.8446 59.7359 -2.7820 0.0020
Car -1 -1 -4.4373 575.2128 171.4141 607.9572 191.2963 1.5468 1.6475 3.8956 -1.4744 1.4345 58.2265 -4.4629 0.0019
Car -1 -1 -1.9658 0.0000 198.0706 285.5428 374.0000 1.3063 1.5572 3.6324 -3.7180 1.4905 3.8048 -2.7052 0.0018
Car -1 -1 -4.4852 572.6174 170.3414 602.9949 189.6525 1.5047 1.6513 3.7434 -1.7821 1.3087 58.2198 -4.5160 0.0018
Pedestrian -1 -1 -3.4837 887.9697 163.9571 908.6255 232.4810 1.8582 0.4689 0.3890 7.8606 1.6167 19.8070 -3.1116 0.0017
Car -1 -1 -6.1691 477.1320 173.2442 537.9006 195.3055 1.4987 1.6144 4.0041 -7.0839 1.5258 49.9063 -6.3097 0.0011
Car -1 -1 -6.1365 573.8505 167.3332 626.9462 187.8844 1.5842 1.7146 3.9676 -0.7609 1.1584 56.7343 -6.1501 0.0011
Car -1 -1 -6.5031 649.5964 167.8578 717.4683 192.7277 1.4757 1.4833 3.8649 4.4029 1.1790 43.7840 -6.4038 0.0006
Pedestrian -1 -1 -3.9245 741.4313 163.5647 764.6497 208.9667 1.5804 0.5632 0.5755 5.0095 1.2568 25.5103 -3.7333 0.0005
Car -1 -1 -4.7025 681.5789 163.8361 705.3564 188.8785 1.9761 1.8676 4.2995 6.8366 1.2642 59.1862 -4.5884 0.0004
Car -1 -1 -6.5252 644.1490 167.3136 724.3639 193.3751 1.5483 1.6045 4.6127 4.4656 1.2189 43.9870 -6.4250 0.0004
Car -1 -1 -4.8434 677.1267 162.1587 704.6174 189.3970 2.1502 1.7160 3.9977 6.5462 1.3056 58.9751 -4.7337 0.0002
Pedestrian -1 -1 -7.6016 676.1509 161.7106 688.5632 188.8410 1.5928 0.6341 0.4700 4.2459 0.9383 42.6898 -7.5034 0.0001
Pedestrian -1 -1 -4.9291 1148.8839 136.0450 1241.0000 374.0000 1.8441 0.6137 0.6326 4.1088 1.6114 4.9738 -4.2683 0.0001
Pedestrian -1 -1 -7.6128 683.1281 163.4775 694.4219 188.7422 1.4849 0.5667 0.4830 4.6300 0.9335 42.7297 -7.5059 0.0001
