Car -1 -1 -8.0800 702.8413 187.9505 817.5977 271.1723 1.4730 1.5891 3.3577 2.9593 1.8243 15.0979 -7.8912 0.9999
Car -1 -1 -2.5869 0.0000 183.8950 314.6446 308.9867 1.5649 1.6072 3.9324 -6.4385 1.7299 9.9863 -3.1479 0.9997
Car -1 -1 -5.9333 216.7059 174.1273 425.2012 264.0280 1.7352 1.5854 3.6412 -5.8548 1.7625 14.7825 -6.3048 0.9972
Car -1 -1 -3.1501 462.2102 175.0584 541.6320 208.1653 1.9322 1.8485 4.6428 -6.5486 2.0689 43.5569 -3.2989 0.9954
Car -1 -1 -3.0061 437.9810 179.2283 525.5225 211.5679 1.6652 1.7910 4.3997 -6.8261 2.0139 38.5216 -3.1808 0.9954
Car -1 -1 -2.9838 292.0140 178.3500 444.6206 242.3793 1.6237 1.7084 3.7081 -6.5047 1.7815 19.6285 -3.3003 0.9873
Car -1 -1 -3.3726 694.7554 177.5115 800.3001 216.5199 1.7109 1.6311 4.4523 6.1553 1.9282 32.7866 -3.1893 0.9779
Car -1 -1 -6.5213 775.7105 189.5484 902.1624 234.9602 1.3101 1.5661 3.4540 6.9658 1.8475 22.3511 -6.2237 0.9705
Car -1 -1 -5.6815 0.0000 184.8375 261.9034 356.7344 1.5547 1.5909 4.1365 -6.1753 1.6958 7.5831 -6.3480 0.9603
Car -1 -1 -5.8059 106.7316 183.5958 395.6435 281.5764 1.5579 1.6342 4.2277 -6.1422 1.7575 12.5452 -6.2534 0.9292
Car -1 -1 -6.0156 383.4450 172.3871 488.6564 218.3485 1.7779 1.6234 3.7857 -6.9295 1.7596 28.7848 -6.2502 0.9273
Car -1 -1 -6.4628 737.9199 182.4301 858.1073 230.1173 1.5709 1.5050 3.8150 6.3944 1.9141 25.0008 -6.2160 0.9064
Car -1 -1 -5.6833 0.0000 184.6313 255.4478 357.3130 1.5396 1.6304 4.3004 -6.3303 1.6787 7.5530 -6.3637 0.8919
Car -1 -1 -6.5474 783.2994 187.6963 906.0574 233.9302 1.3422 1.5325 3.3189 7.1387 1.8181 22.3158 -6.2423 0.8864
Car -1 -1 -3.3604 694.9000 178.2236 798.7173 216.1757 1.6617 1.5873 4.3804 6.1089 1.9113 32.7119 -3.1781 0.8646
Car -1 -1 -3.0057 437.4012 179.8682 526.1283 211.5913 1.6311 1.6726 4.4674 -6.8120 2.0134 38.4305 -3.1804 0.8584
Car -1 -1 -2.2659 0.0000 198.0665 81.6452 374.0000 1.4811 1.6200 3.9710 -6.6733 1.7039 5.5314 -3.1207 0.8182
Car -1 -1 -6.3754 741.7629 181.3394 866.0414 229.3511 1.5617 1.5508 4.0116 6.5623 1.8676 24.9426 -6.1218 0.8044
Car -1 -1 -3.3664 750.6484 188.1453 896.9072 235.1831 1.3644 1.6147 4.0969 6.5072 1.8591 22.4396 -3.0884 0.7942
Car -1 -1 -8.9255 1040.9001 213.6660 1241.0000 374.0000 1.4764 1.5807 3.5956 3.0981 1.6910 1.9186 -7.9767 0.7643
Car -1 -1 -3.0943 461.7915 175.9237 540.8346 206.8904 1.8164 1.8055 4.6400 -6.5587 2.0067 43.6796 -3.2429 0.7566
Car -1 -1 -8.6996 0.0000 0.0000 1241.0000 374.0000 1.5303 1.5890 3.7760 2.7286 1.6414 1.4088 -7.6884 0.7412
Car -1 -1 -2.2124 0.0000 201.3460 90.8110 374.0000 1.4438 1.6484 3.8906 -6.6161 1.7068 5.6727 -3.0511 0.7287
Car -1 -1 -2.1294 0.0000 189.7300 89.4406 374.0000 1.4966 1.6876 4.2757 -6.7695 1.6575 5.7058 -2.9766 0.7024
Car -1 -1 -3.0638 399.0361 182.4658 488.4622 220.3988 1.5566 1.5969 3.6539 -7.1669 1.9861 31.2017 -3.2882 0.6889
Car -1 -1 -6.4724 739.7053 182.9262 863.6895 231.4045 1.5966 1.6516 3.9198 6.5412 1.9600 25.1028 -6.2211 0.6636
Car -1 -1 -8.8957 0.0000 0.0000 1241.0000 374.0000 1.5313 1.5935 3.6573 2.9729 1.6612 1.4650 -7.8608 0.6532
Car -1 -1 -9.1154 0.0000 0.0000 1241.0000 374.0000 1.5467 1.5920 3.7686 3.2544 1.6673 1.6650 -8.0879 0.6016
Car -1 -1 -6.5297 694.1939 177.5191 801.3897 216.2542 1.7032 1.6885 4.5294 6.1979 1.9223 32.9477 -6.3461 0.5994
Car -1 -1 -2.8810 400.8325 182.4740 491.4380 219.8307 1.5593 1.5831 3.5598 -7.1331 1.9893 31.4190 -3.1030 0.5975
Car -1 -1 -2.9885 405.5509 182.5664 490.0757 219.0795 1.5105 1.5319 3.3704 -7.0031 1.9419 31.1918 -3.2081 0.5795
Car -1 -1 -2.3624 0.0000 197.2966 77.1959 374.0000 1.5013 1.6238 4.1666 -6.7195 1.7151 5.3087 -3.2398 0.5762
Car -1 -1 -6.5564 781.2809 187.6635 913.7293 233.9547 1.3472 1.6104 3.6021 7.2524 1.8249 22.4218 -6.2482 0.5759
Car -1 -1 -2.3128 0.0000 202.0624 79.6004 374.0000 1.4546 1.6266 3.6237 -6.4522 1.7075 5.4063 -3.1616 0.5545
Car -1 -1 -6.4453 730.9380 183.6335 853.9195 231.1440 1.5534 1.5002 3.9156 6.1715 1.9385 24.8981 -6.2059 0.5361
Car -1 -1 -8.5781 0.0000 0.0000 1241.0000 374.0000 1.5458 1.5676 3.9961 2.4105 1.6699 1.1858 -7.5599 0.5310
Car -1 -1 -6.4418 705.0098 176.6736 811.3212 215.0193 1.6909 1.6760 4.5382 6.6512 1.8698 32.9264 -6.2448 0.4501
Car -1 -1 -3.3227 723.0884 182.0757 846.0853 229.1734 1.5546 1.5771 3.9218 5.9377 1.8856 25.0442 -3.0933 0.4255
Car -1 -1 -9.3260 0.0000 0.0000 1241.0000 374.0000 1.5689 1.6419 4.0010 3.5585 1.6344 1.7006 -8.2672 0.3826
Car -1 -1 -8.9355 1011.3351 212.3699 1241.0000 374.0000 1.4638 1.5570 3.5126 3.1340 1.6865 2.2019 -8.0392 0.3792
Car -1 -1 -9.1529 0.0000 0.0000 1241.0000 374.0000 1.5727 1.6069 4.0694 3.2195 1.6817 1.2587 -8.0327 0.3669
Car -1 -1 -4.8077 631.1091 175.2607 668.6071 207.6586 1.8142 1.7824 4.7051 2.2876 1.9658 43.1480 -4.7556 0.2852
Car -1 -1 -2.7026 401.2838 181.7160 496.1251 218.6562 1.5325 1.5950 3.7424 -7.1023 1.9359 31.6886 -2.9218 0.2826
Car -1 -1 -4.5265 360.4997 166.5435 392.3806 188.0205 1.6155 1.6383 4.1028 -18.2412 1.1405 56.4129 -4.8381 0.2670
Car -1 -1 -9.0486 0.0000 0.0000 1241.0000 374.0000 1.5623 1.5986 3.9616 2.9583 1.6463 0.8940 -7.8606 0.2661
Car -1 -1 -8.9589 0.0000 0.0000 1241.0000 374.0000 1.5173 1.6003 3.8902 2.6073 1.6591 0.7739 -7.7779 0.2568
Car -1 -1 -4.8314 628.2756 177.1332 666.0791 207.9787 1.7180 1.7197 4.4956 2.1293 1.9872 43.1304 -4.7829 0.2481
Car -1 -1 -9.4635 0.0000 0.0000 1241.0000 374.0000 1.5769 1.6045 4.0309 3.5777 1.6356 1.3162 -8.3165 0.2471
Car -1 -1 -3.5625 0.0000 0.0000 1241.0000 374.0000 1.5226 1.6015 4.0277 3.5337 1.6594 1.6763 -2.5017 0.1786
Pedestrian -1 -1 -5.3663 92.4853 156.9776 112.4514 222.6375 1.9059 0.4428 0.2102 -14.9494 1.4447 21.1865 -5.9750 0.1613
Pedestrian -1 -1 -5.3285 91.9044 157.4592 112.6478 222.9955 1.8987 0.4447 0.2324 -14.9312 1.4524 21.1525 -5.9374 0.1495
Car -1 -1 -5.1405 515.6876 177.7187 552.6414 195.9515 1.4962 1.6077 4.1439 -6.6358 1.9326 62.5735 -5.2460 0.1336
Pedestrian -1 -1 -5.4937 93.6449 157.0731 114.8172 221.2548 1.8703 0.4644 0.2572 -14.9608 1.4101 21.2774 -6.1008 0.1325
Car -1 -1 -5.1923 518.9687 178.2373 554.3004 197.5925 1.5793 1.5266 3.5873 -6.3408 2.0549 61.8608 -5.2944 0.1255
Car -1 -1 -5.3830 508.9304 178.6351 551.8831 196.8141 1.4856 1.5490 3.9612 -6.9063 1.9989 62.1562 -5.4936 0.1207
Car -1 -1 -9.3749 0.0000 0.0000 1241.0000 374.0000 1.5205 1.6308 3.9118 3.7131 1.6681 2.0382 -8.3663 0.1205
Car -1 -1 -5.2821 506.3223 177.7890 550.3312 195.7694 1.4682 1.6439 4.4361 -7.1221 1.9098 62.3837 -5.3956 0.1058
Car -1 -1 -8.9540 1011.8003 205.9735 1241.0000 374.0000 1.5021 1.6138 3.5722 3.2857 1.6974 2.3465 -8.0621 0.1034
Car -1 -1 -5.2408 514.2590 178.4000 552.0311 196.9127 1.5171 1.5050 3.8501 -6.6910 2.0111 62.3201 -5.3477 0.1033
Car -1 -1 -4.4116 361.2546 166.4973 397.6527 187.8611 1.6104 1.5904 4.0113 -17.9978 1.1309 56.3995 -4.7194 0.1029
Car -1 -1 -4.7752 531.1333 178.0664 551.3979 196.9660 1.5494 1.5167 3.4108 -5.9478 2.0097 61.9507 -4.8709 0.0997
Car -1 -1 -4.7972 635.2220 174.6618 671.9973 208.6152 1.9011 1.7914 4.5186 2.5016 2.0141 42.9259 -4.7399 0.0977
Car -1 -1 -5.1127 520.0930 178.3350 552.4102 197.1269 1.5418 1.4966 3.5711 -6.4134 2.0290 62.2475 -5.2153 0.0889
Pedestrian -1 -1 -4.7452 1124.4325 159.6140 1149.2983 219.3672 1.8307 0.6042 0.5405 16.3731 1.4247 22.4984 -4.1227 0.0870
Car -1 -1 -8.1623 783.7858 188.1651 877.8920 237.2240 1.3167 1.7031 3.7576 6.7008 1.8330 22.4475 -7.8765 0.0750
Pedestrian -1 -1 -5.4295 94.7800 155.3128 115.1900 222.0805 1.9323 0.4422 0.2373 -14.8325 1.4243 21.1252 -6.0358 0.0697
Pedestrian -1 -1 -4.8006 1125.7104 159.9471 1152.4476 220.3474 1.8433 0.6278 0.4506 16.3509 1.4491 22.3738 -4.1761 0.0692
Pedestrian -1 -1 -5.4731 97.0743 153.9590 116.7978 221.4615 1.9577 0.4480 0.2172 -14.8050 1.4094 21.1678 -6.0777 0.0648
Car -1 -1 -5.0290 522.1438 178.0899 552.3674 196.8914 1.5451 1.5024 3.7598 -6.3494 2.0126 62.4461 -5.1303 0.0634
Car -1 -1 -4.6825 531.4752 177.7950 549.8732 196.4033 1.5355 1.4798 3.4474 -5.9824 1.9736 62.2474 -4.7783 0.0585
Car -1 -1 -3.6518 1115.2515 209.2535 1241.0000 374.0000 1.4880 1.5809 3.8561 3.6597 1.6646 1.8497 -2.6122 0.0547
Pedestrian -1 -1 -7.3708 1183.2269 164.9417 1207.7928 219.4127 1.7616 0.5233 0.3488 19.1365 1.5054 23.6447 -6.6969 0.0510
Pedestrian -1 -1 -5.4536 99.2699 155.1529 120.9636 220.5750 1.9073 0.4745 0.2607 -14.8002 1.3910 21.2962 -6.0552 0.0426
Pedestrian -1 -1 -4.7536 1127.8784 160.1261 1154.2371 219.8229 1.8331 0.6351 0.5990 16.5641 1.4420 22.5816 -4.1273 0.0390
Pedestrian -1 -1 -6.9935 1179.2101 162.7584 1204.2545 218.4588 1.8128 0.5289 0.3900 19.1003 1.4840 23.7552 -6.3227 0.0367
Car -1 -1 -3.6600 1045.6934 215.2583 1241.0000 374.0000 1.4567 1.5777 3.6580 3.4700 1.6708 2.1630 -2.7070 0.0328
Pedestrian -1 -1 -8.8858 1103.6575 165.1482 1123.9296 199.9376 1.7412 0.6055 0.6191 25.4571 1.3552 36.5201 -8.2811 0.0327
Pedestrian -1 -1 -7.6328 79.6360 163.3789 103.4239 211.8728 1.8749 0.6193 0.6973 -20.3998 1.5082 28.3374 -8.2524 0.0309
Pedestrian -1 -1 -6.0422 1106.4813 165.7233 1124.8330 200.0587 1.7122 0.5738 0.6419 25.4767 1.3563 36.4113 -5.4358 0.0269
Pedestrian -1 -1 -5.3170 1193.4443 228.8633 1241.0000 345.6533 1.1243 0.3854 0.3213 6.1571 1.7033 7.2883 -4.6362 0.0179
Car -1 -1 -4.1209 381.0623 188.6872 480.7352 232.6078 1.3407 1.5294 3.8650 -6.2943 1.9478 25.6015 -4.3601 0.0153
Car -1 -1 -3.7442 1098.2573 205.5978 1241.0000 374.0000 1.4806 1.6018 3.9337 3.9158 1.6471 2.1605 -2.7346 0.0152
Pedestrian -1 -1 -5.2324 1213.6216 220.0287 1241.0000 352.5575 1.2105 0.4532 0.4171 6.1994 1.6848 7.0120 -4.5299 0.0150
Car -1 -1 -4.1358 379.4118 186.4668 477.6598 232.8939 1.4129 1.5233 3.7374 -6.2701 1.9252 25.1552 -4.3782 0.0122
Car -1 -1 -4.1341 1033.0345 225.5067 1241.0000 374.0000 1.4208 1.5302 3.5163 3.6430 1.6793 2.6139 -3.2386 0.0097
Pedestrian -1 -1 -7.7255 79.0732 163.3015 101.9967 208.5223 1.7613 0.6443 0.7515 -20.6173 1.3889 28.5860 -8.3460 0.0088
Car -1 -1 -4.1492 0.0000 0.0000 1241.0000 374.0000 1.4315 1.5757 3.7817 2.9598 1.5619 0.8587 -2.9502 0.0088
Car -1 -1 -3.9287 374.4977 187.7795 484.5546 235.3744 1.4683 1.5750 3.7694 -6.3445 2.0383 25.5478 -4.1703 0.0086
Car -1 -1 -4.8794 614.1851 181.4455 643.2536 199.4066 1.4132 1.7538 4.3819 1.5233 2.1696 61.2575 -4.8551 0.0084
Car -1 -1 -4.2626 396.0023 188.7526 480.8526 231.8258 1.3268 1.5229 3.5456 -6.0234 1.9306 25.5218 -4.4926 0.0072
Car -1 -1 -4.9300 614.8174 180.4905 641.7141 198.4141 1.4561 1.5811 3.5422 1.5188 2.1333 62.1190 -4.9061 0.0072
Car -1 -1 -4.3678 601.2922 178.7788 632.0313 198.6483 1.6306 1.4905 3.7267 0.5840 2.1593 62.4156 -4.3589 0.0035
Car -1 -1 -4.5768 609.2360 175.3725 633.2647 193.4799 1.5160 1.5505 4.2377 0.9954 1.7442 63.2365 -4.5615 0.0028
Car -1 -1 -7.8120 604.7979 173.9205 626.7270 193.4326 1.6723 1.7701 4.6228 0.5263 1.7708 64.4500 -7.8042 0.0028
Pedestrian -1 -1 -4.0662 1185.1962 159.6242 1241.0000 319.4636 1.8121 0.5463 0.8788 7.3783 1.6618 8.5462 -3.3717 0.0024
Car -1 -1 -4.5582 604.3334 175.5791 630.0543 195.0458 1.6298 1.6431 4.1146 0.6401 1.8762 63.1767 -4.5485 0.0016
Cyclist -1 -1 -7.9506 628.4619 179.7101 637.2740 205.2600 1.5711 0.4036 1.5706 1.4060 2.0116 45.5932 -7.9205 0.0015
Car -1 -1 -3.1415 360.1235 190.3228 477.6678 230.4792 1.3242 1.5474 3.9998 -6.9281 1.9873 26.1435 -3.3986 0.0015
Car -1 -1 -2.8459 357.2659 191.0417 477.7924 228.8711 1.3002 1.5427 3.9940 -7.0453 1.9881 26.4571 -3.1042 0.0012
Car -1 -1 -3.5293 0.0000 197.6608 73.7342 374.0000 1.4598 1.6215 4.2520 -5.8213 1.6789 4.1191 -4.4533 0.0008
