Car -1 -1 -7.6353 632.1824 150.2008 673.4995 180.3640 1.7615 1.7126 3.9755 2.6422 0.4383 44.2831 -7.5762 0.7166
Car -1 -1 -7.6767 631.5008 151.9768 669.3958 181.4409 1.7211 1.6794 3.7820 2.4847 0.5013 44.1806 -7.6211 0.6287
Pedestrian -1 -1 -4.4755 200.7086 164.9955 326.9228 374.0000 1.5607 0.7076 0.4355 -2.4475 1.5087 5.0296 -4.9091 0.6198
Pedestrian -1 -1 -5.9390 568.2090 159.1876 588.0045 196.1703 1.8191 0.5212 0.8579 -1.6240 1.1466 35.8669 -5.9842 0.6161
Pedestrian -1 -1 -4.3879 212.3776 163.2366 335.8763 374.0000 1.6044 0.6652 0.4553 -2.3712 1.5408 5.0145 -4.8108 0.6036
Pedestrian -1 -1 -4.4172 904.0735 143.7634 966.7737 269.7300 1.6876 0.6314 0.7126 4.5213 1.2975 10.1424 -4.0092 0.3916
Pedestrian -1 -1 -7.6715 974.7010 137.6138 1001.0474 191.4513 1.9353 0.7329 0.7666 13.8151 0.6682 26.4646 -7.1950 0.3671
Pedestrian -1 -1 -6.3668 565.9838 155.4317 580.2733 201.9096 1.7132 0.5729 0.4850 -1.4235 1.0707 26.9131 -6.4195 0.3342
Pedestrian -1 -1 -5.9248 566.9645 157.8614 588.1543 195.2042 1.8262 0.6530 0.8754 -1.6442 1.0927 35.7301 -5.9708 0.3331
Pedestrian -1 -1 -4.4615 210.3713 166.0236 329.5745 374.0000 1.5571 0.6737 0.4596 -2.4632 1.5107 5.1518 -4.8889 0.3229
Pedestrian -1 -1 -6.1038 562.8906 153.2754 580.8670 201.0299 1.7526 0.5834 0.5730 -1.4589 1.0338 26.8063 -6.1581 0.3170
Pedestrian -1 -1 -4.4740 229.3677 170.0694 342.1742 374.0000 1.6252 0.6369 0.4838 -2.3570 1.6061 5.1649 -4.8843 0.3079
Car -1 -1 -7.5035 633.1864 152.2186 679.0963 181.5098 1.7078 1.6471 3.6541 2.8259 0.5044 44.0738 -7.4401 0.3042
Pedestrian -1 -1 -5.9365 569.2784 158.5926 590.5407 195.1833 1.7899 0.6185 0.8955 -1.5278 1.0920 35.7252 -5.9793 0.2853
Pedestrian -1 -1 -7.7089 972.3423 137.1653 997.0163 191.8270 1.9758 0.7097 0.7517 13.7647 0.6855 26.5925 -7.2358 0.2699
Pedestrian -1 -1 -8.2414 966.7637 137.9679 997.9240 190.7591 1.9047 0.7593 0.8193 13.6056 0.6457 26.4729 -7.7712 0.2654
Pedestrian -1 -1 -4.4554 897.0251 144.0440 957.1406 269.7127 1.6870 0.6173 0.7362 4.4157 1.2999 10.1658 -4.0568 0.2494
Pedestrian -1 -1 -8.1747 965.6449 136.2945 994.3075 190.2357 1.9606 0.7396 0.7512 13.6115 0.6315 26.6515 -7.7071 0.1162
Pedestrian -1 -1 -4.5847 904.2327 146.3968 955.2750 268.9944 1.6946 0.6023 0.6693 4.5641 1.3286 10.4142 -4.1826 0.1124
Pedestrian -1 -1 -4.6007 905.2413 143.4787 953.9616 271.8149 1.6914 0.5484 0.7204 4.3607 1.3039 9.9578 -4.1994 0.1112
Pedestrian -1 -1 -4.5140 916.6899 142.2411 972.2120 270.2428 1.6830 0.5809 0.6736 4.5507 1.2802 9.9298 -4.0960 0.0772
Car -1 -1 -7.4171 635.5250 152.0240 684.4731 181.8279 1.7324 1.6264 3.5427 3.0447 0.5213 43.8834 -7.3484 0.0758
Pedestrian -1 -1 -4.4148 935.0850 147.0474 993.6973 274.5211 1.7175 0.6046 0.5701 4.9225 1.3695 10.1355 -3.9747 0.0545
Pedestrian -1 -1 -6.0099 557.8685 153.3735 576.0163 201.5117 1.7762 0.6036 0.5351 -1.6524 1.0571 26.9752 -6.0709 0.0472
Pedestrian -1 -1 -2.6967 566.4506 159.3879 586.2042 196.5243 1.8379 0.5046 0.8536 -1.7242 1.1712 36.1073 -2.7444 0.0375
Pedestrian -1 -1 -7.5285 882.4708 144.8962 937.3773 266.5244 1.6938 0.5504 0.6977 4.3090 1.3042 10.4924 -7.1492 0.0325
Pedestrian -1 -1 -5.9164 557.1541 152.2354 578.9081 200.0528 1.7484 0.6050 0.6314 -1.5998 0.9942 26.7662 -5.9759 0.0291
Car -1 -1 -7.1407 632.3799 153.1820 691.2281 182.4208 1.6950 1.6888 3.4789 3.1247 0.5543 43.6552 -7.0699 0.0290
Car -1 -1 -6.8613 627.0463 152.7594 689.9903 182.0881 1.7121 1.6360 3.4738 2.9081 0.5388 43.6862 -6.7955 0.0260
Pedestrian -1 -1 -7.6259 980.0812 139.1282 1006.9583 192.9131 1.9463 0.7253 0.7659 14.1132 0.7256 26.6364 -7.1433 0.0240
Car -1 -1 -7.2321 634.0593 151.8895 692.5281 181.9365 1.7456 1.6809 3.7483 3.2434 0.5274 43.8964 -7.1590 0.0239
Pedestrian -1 -1 -3.2334 562.1100 158.7502 580.0104 195.6187 1.8192 0.5454 0.8430 -1.9821 1.1230 35.9347 -3.2884 0.0235
Cyclist -1 -1 -8.1600 876.7929 145.1751 957.0920 276.8230 1.7502 0.5427 1.7482 4.3548 1.3819 10.4848 -7.7769 0.0232
Pedestrian -1 -1 -4.4290 952.8302 148.8302 1013.1531 282.6161 1.7343 0.6026 0.5453 4.9880 1.4226 9.7581 -3.9693 0.0180
Cyclist -1 -1 -6.5334 969.3073 137.7324 1029.8330 190.6268 1.8899 0.6928 1.8269 14.1477 0.6347 26.3317 -6.0450 0.0173
Cyclist -1 -1 -7.9449 905.4480 147.2351 965.2490 278.1649 1.7070 0.5947 1.7072 4.5558 1.3727 10.3106 -7.5401 0.0122
Pedestrian -1 -1 -8.2124 959.7193 137.1332 986.9199 188.8519 1.9029 0.6926 0.7288 13.5148 0.5883 26.9456 -7.7519 0.0114
Cyclist -1 -1 -7.9051 939.9340 153.2906 995.3360 288.2808 1.7133 0.5709 1.7306 4.8986 1.4647 10.0666 -7.4644 0.0101
Cyclist -1 -1 -6.9018 865.0576 142.8784 995.9476 270.0865 1.7063 0.5993 1.6482 4.4414 1.3039 10.1483 -6.5005 0.0084
Pedestrian -1 -1 -8.3346 966.0153 137.5386 995.4086 191.0134 1.9691 0.7092 0.7465 13.7912 0.6684 26.9462 -7.8660 0.0080
Pedestrian -1 -1 -3.2590 1049.2223 151.3873 1096.1854 269.1780 1.6034 0.5917 0.4825 6.4677 1.3109 10.1918 -2.7070 0.0069
Pedestrian -1 -1 -6.1804 1040.8647 145.0251 1085.2020 262.2114 1.5992 0.5397 0.4869 6.3561 1.2192 10.2089 -5.6367 0.0056
Cyclist -1 -1 -4.4637 551.2082 153.9321 580.2563 199.3064 1.6299 0.6892 1.6715 -1.6750 0.9499 26.8036 -4.5259 0.0051
Pedestrian -1 -1 -6.4675 1027.3385 151.2932 1077.6416 279.5238 1.7982 0.5488 0.5221 6.3499 1.4955 10.4651 -5.9352 0.0051
Cyclist -1 -1 -8.0889 892.1420 143.0775 967.8659 274.6948 1.7061 0.5754 1.6831 4.4352 1.3198 10.2302 -7.6909 0.0051
Pedestrian -1 -1 -3.3139 1078.0399 158.7504 1111.6039 216.7657 1.7290 0.6822 0.7370 14.6988 1.3084 21.9641 -2.7306 0.0050
Cyclist -1 -1 -4.2008 541.9930 153.3817 579.7840 199.3716 1.6263 0.5555 1.8392 -1.8287 0.9374 26.4651 -4.2695 0.0049
Pedestrian -1 -1 -5.2378 0.0000 123.0358 67.8836 374.0000 2.0233 0.5419 0.4827 -4.5744 1.6726 5.4147 -5.9155 0.0047
Pedestrian -1 -1 -8.0067 1074.1953 153.8128 1106.7036 214.6666 1.8310 0.7259 0.7176 14.7142 1.2578 22.1869 -7.4275 0.0047
Car -1 -1 -6.6817 0.0000 0.0000 1241.0000 374.0000 1.5429 1.5558 3.4968 -3.0601 1.5469 1.2179 -7.7970 0.0043
Car -1 -1 -6.6438 0.0000 0.0000 1241.0000 374.0000 1.5475 1.5800 3.5079 -3.4501 1.5387 1.2912 -7.7869 0.0038
Cyclist -1 -1 -7.9524 1041.4436 148.6842 1074.0360 212.2327 1.6686 0.5467 2.0710 12.3353 1.0337 19.9972 -7.4064 0.0035
Car -1 -1 -6.5886 0.0000 0.0000 1241.0000 374.0000 1.5370 1.5874 3.4892 -3.8418 1.5252 1.2945 -7.7700 0.0034
Cyclist -1 -1 -7.6391 560.2938 153.8010 581.8987 198.6652 1.6041 0.4870 1.5074 -1.4686 0.9226 26.5813 -7.6941 0.0033
Cyclist -1 -1 -5.2605 958.5591 136.3102 1000.2383 188.1639 1.8626 0.5932 1.6543 13.6343 0.5496 26.7663 -4.7938 0.0031
Car -1 -1 -6.5224 0.0000 0.0000 1241.0000 374.0000 1.6398 1.6193 3.6645 -4.1867 1.5970 1.0557 -7.7835 0.0030
Car -1 -1 -6.6430 0.0000 0.0000 1241.0000 374.0000 1.5265 1.5954 3.5314 -2.6087 1.5562 0.9098 -7.7853 0.0030
Cyclist -1 -1 -8.0186 799.9927 160.4428 836.2100 237.4305 1.5018 0.4223 1.7514 4.2416 1.2594 14.9683 -7.7482 0.0028
Cyclist -1 -1 -7.7320 794.6180 158.9149 826.8307 234.9425 1.5234 0.4584 1.8165 4.2443 1.2438 15.3860 -7.4683 0.0026
Pedestrian -1 -1 -5.2256 947.0057 143.8010 972.5347 188.3267 1.6538 0.6490 0.6042 13.0977 0.5744 27.1235 -4.7800 0.0026
Cyclist -1 -1 -7.9390 781.4712 143.7263 800.4810 196.1809 1.5278 0.4219 1.4949 5.4055 0.6791 21.7866 -7.6991 0.0020
Cyclist -1 -1 -8.1643 897.9434 141.3850 982.6638 272.8937 1.7020 0.5921 1.6196 4.5521 1.2944 10.1733 -7.7549 0.0020
Pedestrian -1 -1 -5.5781 951.0930 138.5947 979.0381 186.8562 1.7644 0.6868 0.6395 13.1443 0.5116 26.8100 -5.1266 0.0019
Cyclist -1 -1 -7.9325 779.3888 144.3736 797.4309 198.7939 1.6142 0.4107 1.5246 5.4276 0.7691 22.1872 -7.6959 0.0019
Cyclist -1 -1 -7.6539 777.4558 147.6394 808.8950 218.7351 1.7352 0.4478 1.7789 4.6636 1.1195 18.5097 -7.4112 0.0018
Cyclist -1 -1 -7.6835 783.0265 152.2479 813.4700 222.3172 1.6474 0.4439 1.7908 4.6269 1.1626 17.8719 -7.4347 0.0018
Cyclist -1 -1 -7.7055 788.9218 149.9089 813.8609 213.4791 1.5999 0.4072 1.6360 4.9986 1.0221 18.9914 -7.4523 0.0017
Cyclist -1 -1 -7.9033 788.2427 148.6830 805.9926 202.0558 1.5031 0.4151 1.5823 5.4222 0.8221 21.1371 -7.6558 0.0017
Cyclist -1 -1 -7.4848 784.3191 151.0163 824.6849 215.1378 1.5769 0.4384 1.6693 4.9648 1.0396 18.5494 -7.2276 0.0016
Cyclist -1 -1 -6.8657 962.6550 137.9708 1018.5296 191.6426 1.9471 0.7029 1.7222 13.9824 0.6813 26.6144 -6.3865 0.0016
Cyclist -1 -1 -7.9693 782.2945 147.4823 804.3294 200.9431 1.5333 0.4407 1.6429 5.4099 0.8053 21.5377 -7.7267 0.0015
Cyclist -1 -1 -4.5597 559.4936 154.1536 583.0073 198.7599 1.6104 0.6411 1.6009 -1.4767 0.9350 26.8777 -4.6144 0.0015
Cyclist -1 -1 -7.6912 785.6391 160.9471 823.5872 233.0242 1.4702 0.4891 2.0490 4.2184 1.2271 15.7533 -7.4348 0.0015
Cyclist -1 -1 -7.5451 788.2231 158.9055 826.3153 217.3614 1.4051 0.4463 1.6781 4.9324 1.0696 18.1711 -7.2846 0.0014
Cyclist -1 -1 -6.4237 550.0279 154.7341 592.9655 201.0209 1.6961 0.7123 1.5147 -1.4891 1.0318 26.9358 -6.4788 0.0013
Cyclist -1 -1 -7.6619 776.5250 146.3480 800.4395 194.8310 1.5180 0.4626 1.6083 5.7557 0.6878 23.4194 -7.4240 0.0013
Cyclist -1 -1 -7.6873 786.4344 160.3104 819.6544 226.5482 1.3882 0.4361 1.7808 4.2514 1.1250 16.0239 -7.4330 0.0013
Cyclist -1 -1 -5.6331 977.9244 139.4729 1038.8623 187.6795 1.5795 0.7165 1.7327 13.4962 0.4854 24.5778 -5.1359 0.0012
Pedestrian -1 -1 -3.2050 788.6784 143.0410 809.3362 212.4491 1.8384 0.5554 0.5001 5.0350 1.0485 19.4308 -2.9555 0.0012
Cyclist -1 -1 -5.0096 945.9508 145.8177 972.6730 186.8634 1.5021 0.4767 1.5086 13.1017 0.5124 27.1869 -4.5647 0.0011
Cyclist -1 -1 -6.8609 956.3436 137.6145 1008.1990 189.2234 1.8732 0.6076 1.6328 13.6595 0.5938 26.5788 -6.3906 0.0011
Cyclist -1 -1 -3.6190 955.5148 137.0391 1008.3323 188.1187 1.8629 0.5960 1.6430 13.6644 0.5564 26.6190 -3.1493 0.0010
Cyclist -1 -1 -7.7804 789.1800 145.6540 809.5883 210.0360 1.6575 0.4241 1.6076 5.0530 0.9570 19.4058 -7.5297 0.0010
Pedestrian -1 -1 -6.3983 556.4473 158.6132 574.3283 219.6385 1.6882 0.5639 0.4382 -1.3065 1.2940 20.2776 -6.4624 0.0010
Pedestrian -1 -1 -3.1206 790.8107 145.5584 810.5751 212.2431 1.7332 0.5313 0.4978 4.9938 1.0235 19.0768 -2.8687 0.0009
Pedestrian -1 -1 -5.9336 553.3511 153.2787 575.3030 217.7099 1.7493 0.5921 0.4296 -1.3084 1.2175 19.9340 -5.9989 0.0009
Cyclist -1 -1 -6.2297 546.3618 151.9713 591.2731 197.5063 1.6704 0.7110 1.6327 -1.5659 0.9041 26.8286 -6.2878 0.0008
Car -1 -1 -8.0897 557.5100 159.9396 608.4135 198.6340 1.6149 1.4363 3.6479 -1.2991 1.0756 32.0636 -8.1303 0.0008
Pedestrian -1 -1 -3.5164 784.5248 154.0134 813.1905 221.7891 1.6480 0.4897 0.5411 4.6093 1.1896 17.8216 -3.2678 0.0008
Cyclist -1 -1 -8.3068 945.6693 148.1510 1016.9104 249.6311 1.8186 0.4974 1.6975 6.9958 1.3756 13.7813 -7.8462 0.0008
Cyclist -1 -1 -7.6879 795.1224 151.7546 829.5190 219.6067 1.5906 0.5162 1.9730 4.9917 1.0957 17.9179 -7.4209 0.0008
Car -1 -1 -4.9714 560.3612 163.2600 611.3511 197.4227 1.3898 1.2879 3.7290 -1.1476 0.9992 31.3248 -5.0081 0.0006
Pedestrian -1 -1 -6.7627 562.3691 147.7414 588.4789 220.8902 2.0136 0.7513 0.4345 -1.0263 1.3220 20.2965 -6.8132 0.0005
Pedestrian -1 -1 -3.2057 889.4821 142.5720 912.7336 211.4344 1.7421 0.6674 0.5099 7.4669 0.9757 18.6492 -2.8306 0.0005
Car -1 -1 -4.8468 573.7264 162.5901 617.8464 199.0973 1.4631 1.3793 3.7905 -0.7059 1.0515 30.8973 -4.8699 0.0004
Pedestrian -1 -1 -5.0925 1194.3845 216.9559 1241.0000 374.0000 1.2627 0.3888 0.4627 4.9355 1.6305 5.7436 -4.4086 0.0003
Cyclist -1 -1 -5.0961 966.9286 137.4269 1002.2921 189.7487 1.8715 0.5769 1.6429 13.7708 0.6040 26.6522 -4.6237 0.0003
Cyclist -1 -1 -6.0625 561.7317 159.1288 593.5054 196.3971 1.8353 0.5086 1.5054 -1.6493 1.1591 35.9132 -6.1084 0.0003
Cyclist -1 -1 -7.5401 547.1115 153.6710 581.8890 216.5746 1.7825 0.5224 1.7254 -1.3767 1.2386 21.3469 -7.6043 0.0002
Pedestrian -1 -1 -5.4842 1156.9596 212.1484 1241.0000 374.0000 1.3206 0.3970 0.4671 4.7017 1.6487 5.7749 -4.8266 0.0001
