Car -1 -1 -7.9872 663.3865 176.2261 736.4298 227.4451 1.4234 1.6634 4.3158 2.6481 1.5384 22.5105 -7.8723 0.9998
Car -1 -1 -2.4950 0.0000 179.9928 302.5741 316.0827 1.5007 1.6105 4.0160 -6.2205 1.5981 8.9638 -3.0881 0.9998
Car -1 -1 -5.9054 189.6662 174.0126 429.1997 255.8412 1.5462 1.6569 4.1238 -5.9534 1.5706 14.4987 -6.2891 0.9995
Car -1 -1 -6.4457 729.0432 171.5538 830.6631 214.1962 1.5666 1.6622 3.5320 6.3494 1.5185 27.4460 -6.2212 0.9907
Car -1 -1 -5.8629 273.2914 171.8182 446.1488 234.6388 1.5798 1.5967 4.0292 -6.6106 1.5534 19.1235 -6.1919 0.9882
Car -1 -1 -6.1222 364.5224 173.3015 501.4995 220.9113 1.5041 1.6079 4.1771 -5.7880 1.5192 23.7732 -6.3590 0.9840
Car -1 -1 -2.8787 286.3163 167.5751 429.5822 224.0458 1.6029 1.5970 3.7230 -7.4341 1.4527 21.4030 -3.2096 0.9754
Car -1 -1 -5.5017 0.0000 179.1591 198.8171 373.6587 1.5363 1.6258 4.0810 -6.3359 1.6019 6.6516 -6.2429 0.9491
Car -1 -1 -3.0520 444.9059 172.4114 531.1780 204.6922 1.5810 1.6617 4.1501 -6.1208 1.5590 36.3250 -3.2182 0.9465
Car -1 -1 -5.4107 0.0000 179.5243 198.0444 374.0000 1.5375 1.6669 4.1141 -6.3652 1.6096 6.7317 -6.1484 0.9383
Car -1 -1 -2.8147 217.6103 174.0840 389.2935 240.9103 1.4660 1.5469 3.3454 -7.0608 1.4957 16.7445 -3.2086 0.9344
Car -1 -1 -6.3660 663.6450 170.3224 722.3342 191.8505 1.5022 1.6580 4.0127 5.8261 1.3253 51.2359 -6.2537 0.9064
Car -1 -1 -5.8690 270.0696 170.8440 439.7908 233.9393 1.5807 1.5322 3.9299 -6.6940 1.5300 18.9953 -6.2040 0.8916
Car -1 -1 -6.5690 717.0405 172.3835 818.9058 208.3151 1.5382 1.6469 4.0932 6.8864 1.5178 31.8636 -6.3585 0.8637
Car -1 -1 -6.3706 665.5190 169.1653 728.1857 191.4816 1.5580 1.6975 4.2865 6.1031 1.3002 51.2877 -6.2531 0.8532
Car -1 -1 -5.9025 191.2453 174.4837 427.4141 258.5002 1.5821 1.6127 4.0525 -5.9341 1.6162 14.4319 -6.2867 0.8518
Car -1 -1 -6.4561 728.1997 172.1471 829.2441 214.2125 1.5489 1.6843 3.5041 6.3196 1.5226 27.4977 -6.2330 0.8471
Car -1 -1 -6.3631 663.7809 169.8266 721.5449 192.3274 1.5716 1.6658 3.9552 5.8097 1.3599 51.2933 -6.2513 0.7863
Car -1 -1 -7.8041 629.3969 171.1436 648.6868 188.4492 1.5309 1.5725 3.8366 2.6515 1.3793 65.8101 -7.7643 0.7738
Car -1 -1 -5.6064 0.0000 179.0397 186.8497 374.0000 1.5410 1.6570 4.1889 -6.4236 1.6043 6.4119 -6.3720 0.7645
Car -1 -1 -6.1071 361.6935 172.2458 500.5424 220.3885 1.5232 1.6278 4.2186 -5.8509 1.5037 23.7748 -6.3463 0.7552
Car -1 -1 -6.5868 714.8955 172.3440 814.3614 207.5644 1.5105 1.6538 3.9937 6.7634 1.4883 31.9610 -6.3806 0.7167
Car -1 -1 -6.5675 717.1325 172.1671 817.6137 207.1030 1.4930 1.5981 4.0353 6.8441 1.4633 31.7817 -6.3578 0.6976
Car -1 -1 -6.4914 695.4937 173.2123 767.1581 201.5021 1.5068 1.4990 3.6125 6.5339 1.5264 39.2820 -6.3282 0.6814
Car -1 -1 -2.8135 222.7325 173.5942 390.4380 241.4064 1.4953 1.5592 3.2715 -7.0184 1.5132 16.8099 -3.2038 0.6722
Car -1 -1 -2.8600 206.5105 173.6821 388.2674 243.2382 1.5078 1.5656 3.5500 -7.1418 1.5277 16.6508 -3.2598 0.6704
Car -1 -1 -2.8957 280.4353 168.2796 428.1762 224.5354 1.5899 1.5898 3.8481 -7.5183 1.4603 21.3552 -3.2308 0.6636
Car -1 -1 -2.7787 276.0970 168.3008 431.4825 222.9176 1.5632 1.6500 4.0474 -7.6108 1.4325 21.5292 -3.1150 0.6281
Car -1 -1 -6.2382 476.6810 171.0270 544.0106 199.3258 1.5700 1.6827 3.7200 -5.6587 1.4683 41.0374 -6.3747 0.6121
Car -1 -1 -7.7056 629.8312 170.9171 653.1652 188.3223 1.5368 1.5815 3.8087 2.8750 1.3655 65.7273 -7.6624 0.5917
Car -1 -1 -2.6499 271.2774 170.6151 442.5197 231.9597 1.5248 1.5610 3.9992 -6.6687 1.4689 19.0209 -2.9832 0.5699
Car -1 -1 -8.0739 692.3170 169.9956 740.3436 201.2026 1.6609 1.7673 4.2677 5.8769 1.5085 40.5983 -7.9316 0.5671
Car -1 -1 -2.9612 447.6422 171.6574 530.9605 203.3733 1.5663 1.6658 3.9214 -6.0986 1.5069 36.4961 -3.1260 0.5562
Car -1 -1 -2.7860 163.0340 173.9545 408.0054 253.5275 1.4954 1.7113 4.1714 -6.4343 1.5188 14.5546 -3.1960 0.5198
Car -1 -1 -6.4871 691.9064 173.2368 762.9768 201.6250 1.5133 1.5753 3.5776 6.3330 1.5343 39.3559 -6.3292 0.5164
Car -1 -1 -6.0042 476.3829 170.1938 547.0460 199.5576 1.6351 1.6552 3.6914 -5.6303 1.4867 41.2615 -6.1394 0.4969
Car -1 -1 -2.8206 241.3702 173.6620 399.6605 240.6758 1.4717 1.5770 3.0636 -6.6711 1.4911 16.7358 -3.1949 0.4641
Car -1 -1 -2.7594 295.9681 168.3026 435.5339 223.6085 1.5839 1.6594 3.5983 -7.2913 1.4533 21.6003 -3.0817 0.4423
Car -1 -1 -6.3262 477.0844 171.8883 545.9731 199.5381 1.5244 1.6517 3.7993 -5.6442 1.4709 40.9322 -6.4627 0.4283
Car -1 -1 -7.9459 626.0488 171.6183 647.0005 188.7975 1.5187 1.5570 3.8164 2.3674 1.4091 65.7348 -7.9104 0.4072
Car -1 -1 -6.3805 663.8097 170.1996 718.0447 191.3512 1.4749 1.5334 3.6822 5.6710 1.2895 51.1023 -6.2709 0.3914
Car -1 -1 -6.3131 667.5469 169.6837 723.9596 191.2495 1.4967 1.6636 3.9027 6.0050 1.2764 51.0733 -6.1970 0.3755
Car -1 -1 -5.0092 744.9446 183.6200 876.4577 267.6205 1.3848 1.4693 3.4698 3.7176 1.6215 14.1146 -4.7577 0.3334
Car -1 -1 -4.9144 745.4421 181.8999 865.3632 263.2963 1.4201 1.6057 3.7721 3.8320 1.6311 14.9346 -4.6689 0.3242
Car -1 -1 -8.0929 689.2491 171.3792 735.8481 201.6390 1.6058 1.6709 3.9759 5.6363 1.5272 40.3515 -7.9556 0.3027
Car -1 -1 -5.1194 744.2026 183.2629 906.2769 271.2920 1.3952 1.5403 3.8138 3.8940 1.6243 13.9038 -4.8528 0.2452
Car -1 -1 -7.9588 749.7254 182.5414 850.8883 261.8575 1.4250 1.6329 3.9870 3.9046 1.6616 15.5581 -7.7183 0.2430
Car -1 -1 -3.2982 681.5960 172.3526 755.1790 201.4319 1.5506 1.5680 3.7585 5.8232 1.5235 39.2785 -3.1525 0.2344
Car -1 -1 -5.1319 740.7684 179.6467 912.7504 267.1047 1.4535 1.7386 4.0170 4.0626 1.6090 14.4368 -4.8638 0.1887
Car -1 -1 -4.6719 515.7333 169.9070 544.4911 199.7339 1.6577 1.5145 3.7756 -4.6521 1.4936 42.0358 -4.7818 0.1820
Car -1 -1 -7.8780 763.0118 180.5998 854.3010 260.5901 1.4402 1.6613 4.1793 4.1586 1.6317 15.6457 -7.6237 0.1659
Car -1 -1 -6.6245 468.6064 172.1547 547.6325 200.3835 1.5207 1.6727 4.0734 -5.7526 1.4827 40.5547 -6.7649 0.1518
Car -1 -1 -3.2649 676.3477 172.4114 747.7913 201.6349 1.5649 1.5379 3.7004 5.5008 1.5409 39.4331 -3.1277 0.1507
Car -1 -1 -4.4804 471.1505 174.2757 518.7850 208.1149 1.5210 1.4870 3.4407 -5.4631 1.5919 34.3525 -4.6374 0.1418
Pedestrian -1 -1 -5.0012 253.9160 167.2701 272.0090 215.8937 1.8576 0.5324 0.4237 -13.4644 1.6440 27.9011 -5.4474 0.1294
Car -1 -1 -5.2672 738.6408 180.2317 953.3444 277.2462 1.4566 1.6429 4.4642 4.0946 1.6192 13.5636 -4.9809 0.1198
Pedestrian -1 -1 -7.9543 722.2982 174.6153 739.4711 213.2945 1.6496 0.6765 0.5457 5.1623 1.7259 31.0915 -7.7919 0.1027
Pedestrian -1 -1 -8.1255 255.8892 167.6185 273.8562 216.1240 1.8627 0.5285 0.4538 -13.4636 1.6614 28.0535 -8.5695 0.0931
Car -1 -1 -6.1128 399.8752 164.3307 516.8057 215.3019 1.7956 1.6673 3.9470 -5.5050 1.4950 26.3186 -6.3175 0.0836
Car -1 -1 -4.4177 473.1488 176.6677 523.1177 208.6755 1.4060 1.4233 3.2782 -5.2337 1.5936 33.8295 -4.5705 0.0786
Car -1 -1 -6.9180 737.1440 176.8972 938.7243 256.4330 1.5004 1.6343 3.8256 4.7183 1.5930 15.1624 -6.6227 0.0778
Car -1 -1 -4.6664 511.0007 169.7361 540.6068 199.5319 1.6563 1.5418 3.7969 -4.9040 1.4827 42.0559 -4.7821 0.0775
Pedestrian -1 -1 -7.4453 84.4486 174.1176 105.7405 211.8664 1.7280 0.6117 0.6058 -23.8807 1.7868 33.4130 -8.0622 0.0766
Car -1 -1 -3.2860 438.3721 176.4161 520.1955 209.2109 1.4564 1.6174 3.5600 -6.1520 1.6289 33.6661 -3.4658 0.0649
Car -1 -1 -2.8221 439.9773 176.7960 521.6492 209.0182 1.4677 1.5797 3.4852 -6.1249 1.6595 34.1467 -2.9987 0.0648
Car -1 -1 -4.1011 451.5809 175.8665 524.3531 209.8435 1.4810 1.6410 3.5003 -5.6839 1.6296 33.7266 -4.2672 0.0615
Car -1 -1 -3.0180 441.2561 176.5774 517.7167 208.6799 1.4604 1.5657 3.3675 -6.1271 1.6395 33.8999 -3.1959 0.0560
Car -1 -1 -2.7372 439.9988 176.1243 521.9836 209.0226 1.5015 1.5926 3.4962 -6.1586 1.6622 34.3353 -2.9138 0.0536
Car -1 -1 -7.9791 700.6895 171.3749 740.7224 200.9997 1.5797 1.7121 4.0629 6.1236 1.5005 40.5259 -7.8306 0.0530
Car -1 -1 -5.1435 742.1865 180.6773 943.3226 282.4305 1.4830 1.6276 4.6385 3.9344 1.6531 13.3023 -4.8629 0.0523
Car -1 -1 -2.9630 418.5907 173.8195 517.7741 206.6223 1.4990 1.6678 4.3432 -6.6425 1.5452 33.8867 -3.1555 0.0488
Car -1 -1 -6.0487 413.4873 165.4082 515.2711 214.9701 1.7447 1.6789 3.3375 -5.2994 1.4823 26.3011 -6.2460 0.0480
Pedestrian -1 -1 -4.8252 83.7091 173.7039 102.2929 212.3348 1.7566 0.6332 0.6111 -23.8786 1.7960 33.2670 -5.4441 0.0479
Car -1 -1 -4.3235 462.0290 177.6997 522.2537 210.0222 1.3838 1.4848 3.6281 -5.4317 1.6208 33.4058 -4.4839 0.0460
Car -1 -1 -3.3723 449.2031 177.8687 532.5699 208.0749 1.3258 1.6030 3.5536 -5.5861 1.5687 33.5658 -3.5363 0.0385
Car -1 -1 -3.2395 451.6579 176.7673 527.4533 208.2088 1.4087 1.5157 3.3677 -5.6973 1.5980 33.7896 -3.4057 0.0354
Car -1 -1 -6.7246 744.3884 178.5203 958.6340 256.9333 1.4801 1.6613 3.8431 4.8346 1.6049 14.8542 -6.4166 0.0345
Car -1 -1 -7.0702 0.0000 182.3697 159.7543 374.0000 1.4866 1.6210 4.7166 -6.4989 1.6046 6.5918 -7.8284 0.0341
Car -1 -1 -8.4474 520.7870 171.8341 563.7809 191.3664 1.5784 1.5695 4.0726 -5.7240 1.4957 60.3804 -8.5419 0.0328
Car -1 -1 -4.3971 457.8079 175.9331 521.8115 212.1892 1.5011 1.5887 4.2790 -5.3655 1.6489 32.4877 -4.5600 0.0311
Car -1 -1 -6.4766 747.8231 178.0246 967.5237 260.6512 1.5011 1.7195 3.8458 4.6984 1.6112 14.3213 -6.1665 0.0298
Car -1 -1 -3.4489 442.5150 177.0843 523.0668 209.5122 1.4230 1.5131 3.3837 -5.9410 1.6276 33.4969 -3.6235 0.0297
Car -1 -1 -4.4431 472.1767 178.5468 522.6968 210.1434 1.3518 1.4279 3.4903 -5.1853 1.6289 33.3409 -4.5967 0.0248
Car -1 -1 -3.7930 431.5192 176.0104 523.9431 210.7338 1.4819 1.6268 4.0182 -6.0669 1.6357 33.1942 -3.9729 0.0240
Car -1 -1 -3.5154 429.5717 176.1620 521.3926 210.1330 1.4734 1.6238 3.8428 -6.2352 1.6337 33.3325 -3.6993 0.0214
Car -1 -1 -6.5854 746.1174 178.2229 969.7386 258.0784 1.5050 1.7066 3.9379 4.8244 1.6197 14.5891 -6.2729 0.0194
Car -1 -1 -3.9689 444.9375 176.9515 525.9875 210.6778 1.4418 1.5546 3.7587 -5.7302 1.6422 33.3330 -4.1383 0.0193
Car -1 -1 -4.6108 476.0638 177.4214 518.2476 211.2059 1.4249 1.5209 3.7923 -5.1289 1.6450 32.8873 -4.7647 0.0184
Car -1 -1 -6.5584 759.0546 174.5539 985.2462 258.1852 1.5607 1.6972 3.9350 5.0496 1.5967 14.4564 -6.2295 0.0182
Car -1 -1 -4.3634 459.2124 176.5060 522.1056 211.1588 1.4588 1.5682 3.9539 -5.4058 1.6356 32.9027 -4.5254 0.0180
Cyclist -1 -1 -4.2357 79.8214 176.1689 111.6198 212.1843 1.6247 0.5741 1.5012 -23.8853 1.7818 33.4769 -4.8518 0.0148
Car -1 -1 -7.7983 666.2529 170.8912 691.6932 192.7570 1.5223 1.6306 3.7753 4.9924 1.3853 52.2214 -7.7039 0.0131
Car -1 -1 -4.0605 439.2297 176.1301 525.2113 212.1922 1.5069 1.6216 4.2133 -5.7619 1.6657 32.8011 -4.2335 0.0120
Car -1 -1 -6.8574 748.6260 173.8082 970.3197 259.0917 1.6012 1.7120 4.0631 5.0554 1.6224 14.9161 -6.5375 0.0117
Car -1 -1 -8.3647 526.5641 172.8130 565.2014 191.3704 1.5031 1.4858 3.9408 -5.4326 1.4995 60.4876 -8.4542 0.0071
Car -1 -1 -8.3179 529.9974 172.2557 566.0851 191.1288 1.5293 1.4874 3.7512 -5.2466 1.4805 60.4527 -8.4044 0.0043
Pedestrian -1 -1 -5.7984 276.4928 144.2856 307.3413 209.8637 1.9109 0.7102 0.5715 -9.4759 1.0781 21.4000 -6.2109 0.0023
Cyclist -1 -1 -6.9249 716.5478 169.7307 757.5435 209.6184 1.6981 0.5886 1.7546 5.4855 1.5648 31.3768 -6.7540 0.0000
Cyclist -1 -1 -6.6998 716.6766 170.4441 759.3794 209.9360 1.6745 0.7176 1.6670 5.4788 1.5721 31.1446 -6.5278 0.0000
Cyclist -1 -1 -6.6326 718.8795 168.5379 764.1761 206.9363 1.6292 0.7142 1.7848 5.6232 1.4457 31.1187 -6.4560 0.0000
