Car -1 -1 -7.5807 350.7018 182.3595 473.2128 268.2900 1.7083 1.7117 3.9636 -4.4904 1.9553 16.7798 -7.8390 1.0000
Car -1 -1 -8.0647 721.5257 181.9534 866.6467 290.8351 1.4728 1.5623 3.2135 2.7540 1.6398 11.6481 -7.8394 0.9998
Car -1 -1 -4.5629 470.5206 182.7431 523.0247 223.1808 1.5653 1.6591 3.8213 -4.8039 2.0131 30.7802 -4.7171 0.9998
Car -1 -1 -7.4070 27.2910 210.0181 351.6839 374.0000 1.3983 1.5310 3.5096 -4.1740 1.8888 7.7498 -7.8876 0.9997
Car -1 -1 -7.9521 659.0087 176.7668 709.6870 222.4661 1.6003 1.5555 3.4532 2.7059 1.7574 27.2906 -7.8550 0.9995
Car -1 -1 -4.5493 468.0071 182.8497 522.0178 223.0022 1.5494 1.6620 3.8821 -4.8728 2.0022 30.7588 -4.7057 0.8560
Car -1 -1 -4.6349 545.5546 182.7610 567.6597 200.8724 1.5357 1.6835 4.2645 -4.8475 2.4661 65.6510 -4.7088 0.7611
Car -1 -1 -4.3533 517.1301 183.3704 560.2678 208.6802 1.4938 1.5090 3.8249 -4.5621 2.1984 46.3239 -4.4514 0.7530
Car -1 -1 -4.6112 544.7455 182.6501 567.9105 200.8319 1.5369 1.6825 4.1743 -4.8520 2.4528 65.3737 -4.6854 0.7348
Car -1 -1 -4.5904 545.8578 182.5939 570.3577 200.6575 1.5247 1.7057 4.3352 -4.6962 2.4382 65.4913 -4.6622 0.7280
Car -1 -1 -4.5656 467.7021 182.8066 520.7769 223.5357 1.5732 1.7022 3.6717 -4.8877 2.0207 30.6172 -4.7232 0.6678
Car -1 -1 -4.4181 515.7325 183.2124 555.4471 208.3719 1.4893 1.5157 3.7482 -4.7651 2.1826 46.3299 -4.5206 0.6471
Car -1 -1 -4.3108 514.3514 183.0143 559.9318 208.6540 1.5081 1.6127 3.5921 -4.6268 2.1823 45.9441 -4.4111 0.5381
Car -1 -1 -4.2259 516.3702 183.7483 568.0735 208.6643 1.4628 1.5818 4.1029 -4.3429 2.1974 46.4797 -4.3190 0.5303
Pedestrian -1 -1 -4.3776 241.4045 177.2065 297.7521 291.4172 1.8758 0.6935 0.6300 -5.8091 1.9514 12.2256 -4.8135 0.5068
Car -1 -1 -4.3248 515.0784 183.9871 562.8452 208.8174 1.4576 1.6080 4.1840 -4.5623 2.2107 46.5936 -4.4224 0.4869
Car -1 -1 -4.5217 546.6058 182.3569 574.4127 200.5489 1.5390 1.7347 4.3446 -4.4865 2.4333 65.6636 -4.5901 0.4669
Pedestrian -1 -1 -8.1520 675.4918 172.1139 688.6086 200.3457 1.8726 0.7098 0.6582 4.7832 1.8232 48.2516 -8.0542 0.4292
Pedestrian -1 -1 -7.5823 565.0247 176.8515 575.5091 202.3515 1.8822 0.5538 0.9317 -2.9963 2.1836 53.9337 -7.6381 0.3617
Pedestrian -1 -1 -4.4203 245.0370 178.7473 301.6591 292.0035 1.8657 0.6931 0.7356 -5.7967 1.9696 12.3416 -4.8518 0.3606
Car -1 -1 -4.3377 511.1814 183.5748 555.1667 209.2428 1.5084 1.6919 3.2711 -4.8598 2.2140 45.7082 -4.4435 0.3410
Car -1 -1 -4.6930 545.4620 182.7646 564.2892 200.5767 1.4938 1.6109 3.8318 -4.9363 2.4084 64.6499 -4.7694 0.3404
Car -1 -1 -4.4364 513.6614 183.7483 556.1011 208.6972 1.4697 1.6348 4.2525 -4.8371 2.2081 46.6904 -4.5396 0.3207
Car -1 -1 -7.9736 696.6614 178.4711 727.9974 202.9623 1.4594 1.5362 3.5520 6.3948 1.8281 45.6067 -7.8356 0.3120
Car -1 -1 -4.6537 547.5147 182.6003 567.9031 200.3028 1.4868 1.6017 3.8683 -4.6830 2.3865 64.6853 -4.7262 0.3082
Car -1 -1 -8.7419 0.0000 0.0000 1241.0000 374.0000 1.4992 1.5352 3.7117 2.6059 1.6124 1.2702 -7.7132 0.2897
Car -1 -1 -4.4801 633.5588 178.0218 659.7887 195.0516 1.5081 1.6010 3.8503 3.4253 2.0041 67.2250 -4.4298 0.2883
Car -1 -1 -4.2834 512.1082 182.9018 560.2388 209.0780 1.5217 1.6684 3.6028 -4.6352 2.1816 45.4341 -4.3850 0.2823
Car -1 -1 -4.5124 633.0899 178.0258 658.5723 194.9480 1.5038 1.6169 4.0449 3.3672 2.0036 67.6011 -4.4632 0.2709
Pedestrian -1 -1 -8.2309 676.8703 171.1730 689.8923 199.8109 1.9008 0.6936 0.6009 4.8753 1.7890 48.2758 -8.1313 0.2706
Car -1 -1 -8.5476 0.0000 0.0000 1241.0000 374.0000 1.5137 1.5383 3.7510 2.3259 1.6304 1.1936 -7.5478 0.2661
Car -1 -1 -4.7010 544.0300 183.5050 562.6329 201.2175 1.4940 1.6265 3.8249 -5.1204 2.4848 65.1808 -4.7795 0.2578
Car -1 -1 -4.3972 633.6337 177.7365 664.1794 195.1061 1.5446 1.6443 4.1975 3.6640 2.0175 67.6835 -4.3437 0.2462
Car -1 -1 -8.2747 0.0000 0.0000 1241.0000 374.0000 1.5465 1.5442 3.8598 2.0086 1.6304 1.2100 -7.3492 0.2439
Car -1 -1 -4.3757 510.5398 183.4614 554.2573 209.5624 1.5092 1.6102 3.6594 -4.8563 2.2035 45.2833 -4.4824 0.2373
Car -1 -1 -4.2408 517.9536 183.3909 567.7135 208.8030 1.4879 1.6185 3.7821 -4.2666 2.1895 46.0080 -4.3333 0.2328
Pedestrian -1 -1 -4.1070 196.9230 182.7329 251.2167 288.9465 1.7359 0.6136 0.5293 -6.5435 1.9060 12.1474 -4.5925 0.2285
Car -1 -1 -4.3527 634.1871 178.0450 664.6727 194.7268 1.4794 1.5839 3.8737 3.6919 1.9789 67.3806 -4.2986 0.2063
Pedestrian -1 -1 -6.5277 615.5961 177.1811 627.4876 198.1297 1.8493 0.4970 0.9658 1.0028 2.2361 64.1926 -6.5126 0.2041
Car -1 -1 -9.2560 0.0000 0.0000 1241.0000 374.0000 1.5147 1.5659 3.5945 3.2951 1.5768 1.3750 -8.1550 0.1989
Car -1 -1 -4.3818 504.6241 182.9838 550.0582 209.2382 1.5195 1.7132 3.7444 -5.1753 2.1838 45.3261 -4.4953 0.1886
Car -1 -1 -3.7117 512.3182 183.4713 575.2520 208.7402 1.4997 1.5227 3.7776 -4.2370 2.2032 46.0653 -3.8035 0.1856
Car -1 -1 -8.3696 0.0000 0.0000 1241.0000 374.0000 1.4648 1.5295 3.6738 2.2883 1.6157 1.5602 -7.4822 0.1835
Car -1 -1 -4.4089 546.0602 182.6072 576.7255 200.4572 1.4959 1.6258 4.0333 -4.3617 2.4029 64.9704 -4.4761 0.1683
Car -1 -1 -4.1761 518.8592 183.2180 572.2778 209.0754 1.5210 1.5369 4.1086 -4.1190 2.2182 46.3779 -4.2647 0.1598
Car -1 -1 -7.9164 702.7376 177.8893 730.8738 201.8509 1.4284 1.5304 3.5103 6.6783 1.7589 45.5863 -7.7724 0.1587
Car -1 -1 -9.0749 0.0000 0.0000 1241.0000 374.0000 1.4976 1.5253 3.6367 2.9885 1.5918 1.3712 -8.0137 0.1580
Pedestrian -1 -1 -7.6387 564.8176 177.1085 575.1703 202.8860 1.8964 0.5846 0.9367 -3.0071 2.2161 53.7597 -7.6948 0.1544
Car -1 -1 -8.7666 0.0000 0.0000 1241.0000 374.0000 1.4474 1.4874 3.5111 2.7052 1.5965 1.6034 -7.8092 0.1518
Car -1 -1 -4.5859 632.3386 178.0088 654.2455 194.8969 1.5018 1.5962 3.6573 3.1089 1.9961 67.2868 -4.5404 0.1513
Pedestrian -1 -1 -6.5246 615.3757 176.6721 627.3975 197.8638 1.8736 0.5585 0.9654 0.9906 2.2157 64.3115 -6.5097 0.1459
Pedestrian -1 -1 -4.4062 224.2835 179.3340 283.2565 291.6188 1.8327 0.7331 0.6391 -6.0575 1.9452 12.1892 -4.8593 0.1449
Car -1 -1 -4.5646 513.8391 184.1918 547.3953 209.0307 1.4676 1.5949 3.8519 -5.0917 2.2267 46.3730 -4.6738 0.1398
Car -1 -1 -4.5045 510.0138 183.6763 546.8297 208.8474 1.4802 1.6150 3.6342 -5.1839 2.1973 45.9392 -4.6168 0.1197
Car -1 -1 -7.7538 705.3706 177.5722 735.9299 201.7535 1.4345 1.5557 3.6501 6.9811 1.7447 45.5296 -7.6031 0.1119
Car -1 -1 -4.5984 631.9030 178.2721 655.0608 195.4535 1.5280 1.6959 4.3645 3.1626 2.0548 67.9015 -4.5525 0.1015
Car -1 -1 -9.0259 0.0000 0.0000 1241.0000 374.0000 1.4844 1.5654 3.7363 2.9660 1.5711 1.0129 -7.8708 0.1013
Car -1 -1 -3.9316 517.7427 183.1772 578.8514 208.7368 1.5111 1.5381 4.0031 -3.9512 2.2026 46.3253 -4.0168 0.0986
Pedestrian -1 -1 -4.4101 1131.3019 121.7187 1241.0000 374.0000 1.8648 0.4904 0.4890 3.1423 1.6120 3.9040 -3.7695 0.0939
Car -1 -1 -6.8622 727.1736 174.3149 835.6418 213.1569 1.4821 1.6140 4.0325 6.8612 1.5436 29.0900 -6.6334 0.0922
Pedestrian -1 -1 -4.3415 1115.1539 140.7328 1241.0000 374.0000 1.7771 0.5032 0.5147 3.1884 1.6115 4.0630 -3.7117 0.0768
Car -1 -1 -6.7139 732.2061 175.0041 846.0424 213.4250 1.4560 1.5879 4.0988 7.0365 1.5446 28.6467 -6.4759 0.0758
Car -1 -1 -7.5855 737.3299 174.6269 805.0839 214.5783 1.4946 1.6589 4.1666 6.5972 1.5721 29.4202 -7.3676 0.0726
Pedestrian -1 -1 -4.1422 1168.4379 112.1100 1241.0000 374.0000 1.9075 0.4354 0.3604 3.3021 1.6025 3.8849 -3.4753 0.0702
Car -1 -1 -3.6211 1096.6407 180.8128 1241.0000 374.0000 1.5196 1.5764 4.1329 3.8861 1.5615 2.0860 -2.6008 0.0661
Car -1 -1 -7.0355 724.0239 173.0769 829.2012 211.9183 1.4876 1.6425 4.1942 6.7749 1.4969 29.4212 -6.8118 0.0639
Pedestrian -1 -1 -4.9122 722.2461 165.8401 736.5774 204.3681 1.8510 0.5067 0.9530 5.7721 1.5138 35.1516 -4.7512 0.0621
Car -1 -1 -7.9388 630.5001 176.9353 653.3345 195.2204 1.6174 1.7659 4.0764 2.9028 2.0067 66.8202 -7.8959 0.0607
Pedestrian -1 -1 -4.0162 1146.4276 117.3993 1241.0000 374.0000 1.8845 0.4708 0.4518 3.3343 1.5968 4.0190 -3.3599 0.0557
Car -1 -1 -6.5658 732.6950 175.4181 846.1161 214.2400 1.4709 1.6349 4.0273 6.9509 1.5746 28.3650 -6.3285 0.0553
Car -1 -1 -4.7136 736.5704 175.0329 779.8898 214.4959 1.4925 1.6285 4.2245 6.0527 1.5888 29.7660 -4.5155 0.0496
Car -1 -1 -8.6842 0.0000 0.0000 1241.0000 374.0000 1.4675 1.5575 3.6442 1.9536 1.6190 0.6698 -7.5733 0.0496
Car -1 -1 -8.9802 0.0000 0.0000 1241.0000 374.0000 1.5039 1.6484 3.9543 2.5979 1.5028 0.6036 -7.7420 0.0479
Car -1 -1 -7.6174 736.8395 174.8428 796.4062 215.3669 1.5031 1.5543 3.5328 6.2764 1.5877 28.8806 -7.4061 0.0462
Car -1 -1 -4.2636 499.9436 182.9717 552.2413 210.1802 1.5312 1.6296 3.9742 -5.1336 2.1828 44.3449 -4.3786 0.0444
Pedestrian -1 -1 -7.6902 705.8014 180.5852 720.1616 209.4842 1.7397 0.7925 0.5286 6.2468 2.2149 44.0060 -7.5507 0.0412
Car -1 -1 -4.6308 738.0768 175.1978 788.2258 214.4430 1.4742 1.6863 4.2332 6.3100 1.5775 29.6429 -4.4237 0.0380
Car -1 -1 -4.7423 741.2658 176.5302 785.7511 214.1133 1.4283 1.6606 4.1336 6.2773 1.5921 30.0268 -4.5387 0.0347
Car -1 -1 -4.1873 521.6139 183.9294 573.3999 209.4222 1.4926 1.5351 3.9405 -3.9822 2.2337 46.1899 -4.2734 0.0343
Car -1 -1 -6.3486 699.9299 176.2558 771.8401 200.4937 1.4504 1.6388 4.2655 7.6781 1.6649 44.5052 -6.1794 0.0335
Car -1 -1 -4.3292 497.7300 182.7406 546.9482 210.5498 1.5704 1.6391 3.9735 -5.3703 2.2076 44.3930 -4.4494 0.0324
Car -1 -1 -8.8923 0.0000 0.0000 1241.0000 374.0000 1.5887 1.6486 4.0801 2.2938 1.5865 0.5306 -7.6672 0.0297
Car -1 -1 -4.7516 631.2333 178.1320 650.2891 195.1501 1.5160 1.6227 3.7902 2.8253 2.0223 67.3510 -4.7103 0.0285
Car -1 -1 -4.6741 736.1201 174.2585 780.8253 213.8951 1.4866 1.6411 3.7905 6.0237 1.5471 29.2410 -4.4734 0.0234
Car -1 -1 -6.4886 699.3046 176.5990 773.6396 200.8759 1.4652 1.6670 4.2865 7.7676 1.7018 44.7363 -6.3183 0.0210
Car -1 -1 -6.6846 696.7038 176.5534 771.5554 201.0672 1.4725 1.6703 4.2943 7.6987 1.7099 45.0476 -6.5168 0.0167
Car -1 -1 -4.7043 510.9469 183.0241 536.6164 208.0168 1.4779 1.5693 3.9480 -5.5601 2.1602 46.3822 -4.8234 0.0137
Cyclist -1 -1 -4.8007 738.0801 173.3310 752.5493 212.1600 1.6233 0.4732 1.4986 5.7536 1.6440 30.9515 -4.6192 0.0133
Cyclist -1 -1 -8.2577 717.2828 168.1554 740.5446 202.7505 1.6662 0.4944 1.7150 5.8214 1.4396 35.6437 -8.0976 0.0092
Car -1 -1 -4.7522 739.1534 175.4108 784.3887 216.4995 1.4967 1.5738 3.8770 5.9022 1.6049 28.5765 -4.5511 0.0091
Car -1 -1 -4.1376 484.5346 182.7872 543.3342 210.4941 1.5313 1.5609 4.0690 -5.7802 2.1612 43.6078 -4.2691 0.0055
Car -1 -1 -4.1668 490.6296 183.0200 546.1496 210.1812 1.5070 1.5631 3.8482 -5.5239 2.1511 43.6629 -4.2924 0.0052
Car -1 -1 -4.8463 574.7607 182.6753 598.5176 198.9611 1.3510 1.6091 3.8723 -2.1359 2.2546 64.3620 -4.8798 0.0050
Car -1 -1 -9.2968 0.0000 0.0000 1241.0000 374.0000 1.4511 1.6639 3.9758 2.6072 1.4090 -0.1843 -7.7660 0.0045
Car -1 -1 -9.2585 0.0000 0.0000 1241.0000 374.0000 1.4735 1.6901 4.1627 2.2578 1.5054 -0.2182 -7.7193 0.0036
Car -1 -1 -4.0938 0.0000 0.0000 1241.0000 374.0000 1.4847 1.6462 3.9397 2.5243 1.4371 0.6454 -2.8791 0.0034
Pedestrian -1 -1 -3.7205 987.2278 158.3502 1005.9489 217.6534 1.8713 0.4493 0.3330 12.2764 1.4134 23.0078 -3.2361 0.0021
Car -1 -1 -4.3179 577.5640 176.1526 608.8809 193.8790 1.6690 1.7649 3.7569 -1.6336 2.0017 70.7757 -4.3413 0.0016
Car -1 -1 -4.1084 578.1572 176.5658 614.9535 193.6672 1.6065 1.7356 3.8410 -1.3089 1.9809 70.7633 -4.1273 0.0014
Cyclist -1 -1 -4.8840 729.1752 173.7356 749.2490 214.3978 1.5684 0.5074 1.6280 5.0800 1.6041 28.6802 -4.7111 0.0003
