Car -1 -1 -8.0879 755.5543 187.0347 911.6329 287.1601 1.3999 1.6495 3.9630 3.6543 1.6882 12.6707 -7.8143 0.9999
Car -1 -1 -4.5156 477.1410 183.0104 537.9832 228.1938 1.6108 1.6840 3.6885 -4.0099 2.0377 28.4616 -4.6549 0.9998
Car -1 -1 -7.9937 724.1302 180.6353 814.5174 248.9107 1.5004 1.6372 4.1983 3.8982 1.7227 18.4932 -7.7901 0.9992
Car -1 -1 -4.5692 509.3017 182.1300 556.3866 219.7952 1.5985 1.6272 4.0122 -3.5765 2.0571 33.6595 -4.6748 0.9955
Car -1 -1 -3.0827 980.1747 170.3604 1208.7427 239.7035 1.5071 1.6769 4.4753 11.6534 1.4526 17.6823 -2.5081 0.9738
Car -1 -1 -4.5844 545.3227 180.6078 579.8387 210.1019 1.6392 1.5627 4.0503 -2.8316 2.1260 43.2599 -4.6499 0.9558
Car -1 -1 -6.2582 1114.4628 174.8254 1241.0000 260.6902 1.3989 1.5969 4.2161 12.3133 1.4420 13.8590 -5.5427 0.9428
Car -1 -1 -7.9361 686.0333 174.7740 720.4416 202.4794 1.7039 1.8609 4.1993 5.9641 1.8338 46.8088 -7.8106 0.9329
Car -1 -1 -5.9069 248.5435 184.8045 348.7751 218.6277 1.4906 1.6275 3.9220 -14.3422 2.0559 33.2812 -6.3112 0.8644
Car -1 -1 -2.7118 240.3834 183.8750 353.7343 219.7072 1.5832 1.7400 4.4952 -14.4510 2.1067 33.3707 -3.1179 0.8401
Car -1 -1 -4.5660 542.2585 181.0951 579.1068 210.2905 1.6155 1.6109 4.2120 -2.9439 2.1346 43.3094 -4.6340 0.8159
Car -1 -1 -4.5909 542.0698 183.0458 578.5302 210.3801 1.4995 1.6982 4.0817 -2.9623 2.1391 43.2182 -4.6595 0.8132
Car -1 -1 -6.2782 1119.0034 174.4069 1241.0000 261.9278 1.4356 1.5912 4.1061 12.3244 1.4694 13.8578 -5.5623 0.8056
Car -1 -1 -7.9692 684.4954 175.6618 719.4330 202.5983 1.6537 1.7931 3.8828 5.8654 1.8426 46.6535 -7.8454 0.7905
Car -1 -1 -6.2100 999.5415 166.3472 1237.3387 241.1853 1.5922 1.7622 4.5195 12.0702 1.4535 17.4449 -5.6130 0.7814
Car -1 -1 -4.5812 506.8399 182.5529 554.9039 219.7372 1.5720 1.7076 4.0747 -3.6628 2.0514 33.6327 -4.6895 0.7382
Car -1 -1 -3.1100 988.2187 170.7444 1224.0665 240.7856 1.5080 1.6209 4.5361 11.7852 1.4623 17.5067 -2.5257 0.7323
Car -1 -1 -3.1800 1108.8110 174.3215 1241.0000 258.8397 1.4486 1.6170 3.7462 12.0960 1.4808 14.2116 -2.4855 0.7108
Car -1 -1 -7.9410 686.4587 175.7593 719.0750 202.4963 1.6363 1.7474 3.8239 5.9040 1.8312 46.5256 -7.8160 0.6916
Car -1 -1 -6.2709 1125.3564 174.2156 1241.0000 261.9118 1.4395 1.6298 4.0287 12.4157 1.4691 13.8570 -5.5513 0.6664
Car -1 -1 -7.8140 690.7521 175.5142 720.7668 202.8209 1.6696 1.7695 4.1918 6.2127 1.8499 46.7650 -7.6832 0.6133
Car -1 -1 -7.2182 487.8148 169.4271 539.8398 192.0954 1.5929 1.6419 4.1439 -7.0316 1.3518 52.9141 -7.3500 0.6011
Car -1 -1 -6.3521 1125.4720 172.5625 1241.0000 259.4548 1.4533 1.6764 4.0786 12.4599 1.4481 13.9678 -5.6345 0.5702
Car -1 -1 -2.7798 258.1576 186.6163 356.4094 220.5276 1.4943 1.6185 3.8690 -13.9847 2.1473 33.3751 -3.1742 0.5699
Car -1 -1 -2.7940 255.1485 186.1151 350.9031 220.1509 1.4906 1.5972 3.7325 -14.1028 2.1167 33.1893 -3.1932 0.5682
Car -1 -1 -6.3440 1113.8895 174.6546 1241.0000 257.8338 1.3977 1.6569 4.0637 12.3008 1.4373 14.0911 -5.6371 0.5680
Car -1 -1 -7.1596 488.8669 168.7228 543.1680 191.1146 1.5705 1.6783 4.1430 -6.8590 1.2804 52.8049 -7.2885 0.4727
Car -1 -1 -7.8485 691.8861 176.2878 720.0295 202.5891 1.6007 1.7217 3.6614 6.1330 1.8302 46.3477 -7.7183 0.4704
Car -1 -1 -4.5366 547.0837 181.1963 584.7862 209.5219 1.5639 1.5651 4.0838 -2.6236 2.0876 43.2041 -4.5974 0.4670
Car -1 -1 -4.9473 592.5840 181.3769 619.3806 197.8602 1.4942 1.6201 4.3908 -0.4459 2.3499 70.1393 -4.9541 0.4190
Car -1 -1 -5.9944 244.1193 185.0900 349.8694 220.6522 1.5454 1.6056 4.1673 -14.3297 2.1242 33.1117 -6.4002 0.4181
Car -1 -1 -4.8823 596.9537 181.1678 621.0432 197.7167 1.5052 1.6334 4.2849 -0.1496 2.3390 70.1383 -4.8849 0.3847
Car -1 -1 -4.5411 528.6059 182.5268 570.7612 213.9644 1.5439 1.5718 4.2160 -3.2341 2.0947 38.9386 -4.6240 0.3823
Car -1 -1 -7.3002 488.4254 169.6310 533.1588 191.0553 1.5100 1.5531 3.6597 -7.2532 1.2825 52.8411 -7.4362 0.3624
Car -1 -1 -4.8522 597.9175 181.4807 619.8710 197.7360 1.4770 1.6255 3.5712 -0.1513 2.3295 69.4433 -4.8548 0.3624
Car -1 -1 -3.4400 493.8896 184.0918 576.6556 211.8716 1.4749 1.6933 4.4066 -4.3072 2.1431 41.2783 -3.5439 0.3229
Car -1 -1 -4.9661 592.6707 181.5772 619.4253 197.8234 1.4703 1.6146 4.0604 -0.4344 2.3401 69.8006 -4.9727 0.3153
Car -1 -1 -3.6329 501.6656 183.4078 579.0237 211.3920 1.4745 1.5918 4.1346 -3.9876 2.1032 41.1920 -3.7293 0.3078
Car -1 -1 -5.9026 239.9131 184.9612 353.8087 219.5554 1.5309 1.7815 4.5199 -14.5241 2.1094 33.5429 -6.3087 0.2923
Car -1 -1 -4.5722 528.1121 184.9398 567.9284 214.5472 1.4384 1.5949 3.9344 -3.3101 2.1200 38.7024 -4.6576 0.2609
Car -1 -1 -3.3699 505.1541 184.1643 576.6573 211.2805 1.4673 1.5973 3.8365 -4.0233 2.1399 41.5549 -3.4663 0.2301
Car -1 -1 -4.5528 523.7811 183.7531 566.5153 214.7715 1.4812 1.6410 3.8499 -3.3835 2.0822 37.8238 -4.6420 0.2132
Car -1 -1 -3.4644 490.8086 184.7637 573.8476 212.6664 1.4618 1.7143 4.3655 -4.4359 2.1650 40.9334 -3.5722 0.1853
Car -1 -1 -4.5232 527.9055 183.8968 570.3707 213.8918 1.4537 1.5617 3.8277 -3.2255 2.0717 38.4160 -4.6069 0.1851
Car -1 -1 -4.7688 601.8555 182.3324 620.6624 198.2083 1.4409 1.5918 4.0765 0.0769 2.3881 70.0488 -4.7681 0.1796
Car -1 -1 -3.1122 509.5618 184.8644 573.8548 210.8516 1.4461 1.6104 3.6496 -3.9763 2.1590 41.9257 -3.2067 0.1734
Car -1 -1 -3.3134 497.6623 183.8805 575.8448 211.4414 1.4948 1.6552 4.2637 -4.2723 2.1513 41.6060 -3.4157 0.1572
Car -1 -1 -4.6644 526.8577 184.0408 561.2894 214.2041 1.4700 1.6490 4.2178 -3.5412 2.1060 38.8963 -4.7551 0.1442
Pedestrian -1 -1 -8.0369 819.7733 175.5516 842.2512 228.7406 1.7803 0.6275 0.6046 7.4579 1.8729 24.5188 -7.7457 0.1352
Pedestrian -1 -1 -7.6608 1098.1862 156.6145 1122.9554 202.5644 1.8262 0.6986 0.7346 20.2018 1.1805 29.1831 -7.0603 0.1257
Car -1 -1 -3.0907 497.5941 184.0618 573.4534 210.7870 1.4881 1.6671 4.3017 -4.3143 2.1535 41.9106 -3.1932 0.1181
Pedestrian -1 -1 -7.0786 1092.6989 157.5783 1123.6169 203.4585 1.8281 0.7050 0.7502 20.0888 1.2192 29.1696 -6.4805 0.1133
Pedestrian -1 -1 -8.1349 818.6622 176.9941 844.2053 229.1172 1.7374 0.6729 0.6390 7.4429 1.8791 24.4251 -7.8433 0.1012
Car -1 -1 -4.4560 523.9590 182.7518 573.7018 212.7063 1.5019 1.6887 4.3966 -3.3604 2.0822 40.0146 -4.5398 0.0950
Car -1 -1 -2.8514 506.4898 184.6923 578.6672 211.2424 1.4738 1.6190 3.9118 -3.9663 2.1865 42.2779 -2.9449 0.0613
Car -1 -1 -4.7358 540.6422 178.5989 558.4315 196.4956 1.5234 1.4946 3.8473 -5.4662 2.0540 64.6914 -4.8202 0.0465
Car -1 -1 -3.2105 664.1480 176.5061 734.7360 202.8956 1.6240 1.7270 4.3173 5.5762 1.8596 45.6447 -3.0902 0.0428
Car -1 -1 -3.1595 670.6564 176.9817 730.9318 203.7592 1.6572 1.7841 3.7454 5.7360 1.9266 46.0697 -3.0369 0.0421
Car -1 -1 -2.8112 496.9951 183.7441 577.0486 210.8735 1.5008 1.6669 4.3618 -4.2944 2.1582 42.2723 -2.9123 0.0414
Car -1 -1 -4.5933 603.5338 180.9075 625.4221 197.6392 1.5240 1.6311 4.2989 0.4465 2.3311 70.1062 -4.5874 0.0399
Car -1 -1 -4.9082 533.5402 178.8044 558.4470 196.6937 1.5179 1.4946 3.8673 -5.7871 2.0679 64.6619 -4.9975 0.0391
Car -1 -1 -2.5309 465.0686 170.8233 524.4005 191.9018 1.4806 1.6083 4.0569 -8.3908 1.3377 52.2935 -2.6895 0.0381
Car -1 -1 -6.4104 683.0219 177.5449 745.0010 203.0591 1.5764 1.8539 3.6903 6.5390 1.8806 45.8819 -6.2702 0.0369
Car -1 -1 -7.3960 253.4546 183.5030 337.8240 220.2237 1.5210 1.7488 4.5580 -14.5304 2.0502 33.5545 -7.8022 0.0282
Car -1 -1 -4.9015 560.2421 178.1934 583.4824 194.6893 1.5434 1.5955 3.7561 -3.7888 2.0821 70.8259 -4.9552 0.0279
Car -1 -1 -4.4026 246.7067 184.2363 319.4268 221.9280 1.5073 1.6531 4.6287 -14.7336 2.0604 32.6897 -4.8234 0.0251
Car -1 -1 -4.6821 566.7050 178.6285 583.9078 194.7608 1.5119 1.5769 3.8303 -3.4065 2.0947 70.9329 -4.7303 0.0248
Car -1 -1 -2.6529 500.5670 183.8552 578.4325 211.6830 1.5299 1.6846 4.2761 -4.1928 2.2022 42.5212 -2.7512 0.0242
Car -1 -1 -2.4836 470.8090 170.5254 528.0685 192.1418 1.5112 1.5720 3.9478 -8.0220 1.3481 52.0850 -2.6360 0.0242
Car -1 -1 -5.1544 548.1460 178.2487 581.1514 194.9272 1.5525 1.6009 4.1634 -4.5019 2.0981 70.8020 -5.2180 0.0240
Car -1 -1 -5.1044 553.2199 177.9937 583.5662 194.5785 1.5511 1.6008 3.9085 -4.1367 2.0708 70.8961 -5.1628 0.0215
Car -1 -1 -4.2142 250.1438 184.7572 341.8360 223.2633 1.5386 1.7871 4.6645 -14.1410 2.1178 32.7233 -4.6195 0.0203
Car -1 -1 -3.1412 655.6389 176.7893 721.9543 203.4050 1.6422 1.6828 4.1160 4.9651 1.8980 45.8890 -3.0346 0.0194
Car -1 -1 -5.0189 526.8400 178.6750 556.9658 196.6697 1.5243 1.5499 3.9930 -6.1559 2.0628 64.6460 -5.1139 0.0181
Car -1 -1 -6.3521 690.1892 176.0274 750.8762 202.2848 1.6123 1.6584 3.6730 6.8970 1.8165 45.5142 -6.2032 0.0181
Car -1 -1 -4.6006 251.1809 185.3917 301.5934 222.0761 1.4622 1.5817 4.3612 -15.0634 2.0697 32.6629 -5.0299 0.0178
Car -1 -1 -4.9528 529.9997 180.5883 558.8925 198.9320 1.5199 1.5577 4.3478 -5.8773 2.2308 64.0393 -5.0443 0.0151
Car -1 -1 -3.1700 660.5909 176.5397 723.3395 203.7747 1.6689 1.7057 3.8593 5.0995 1.9061 45.4939 -3.0596 0.0108
Car -1 -1 -4.3636 565.2154 179.0193 593.6024 195.2191 1.5122 1.5667 3.8655 -2.9981 2.1365 71.0157 -4.4060 0.0106
Car -1 -1 -2.7639 483.6753 184.7437 565.2721 214.9335 1.4907 1.5986 3.9466 -4.5179 2.1362 37.9127 -2.8823 0.0099
Car -1 -1 -2.6190 176.5130 193.4526 248.0942 215.3859 1.5254 1.7387 4.2963 -29.0981 3.0589 52.8124 -3.1207 0.0087
Car -1 -1 -6.0240 357.0290 172.7854 403.6067 190.5386 1.6238 1.6764 3.8147 -21.2943 1.6172 66.9225 -6.3312 0.0070
Car -1 -1 -2.8742 481.8422 185.2978 564.5825 215.1308 1.4740 1.6071 4.0046 -4.5388 2.1418 37.6479 -2.9940 0.0065
Car -1 -1 -2.2602 26.6364 192.7379 99.0605 219.7275 1.4037 1.5539 3.1912 -30.5901 2.5455 40.3155 -2.9063 0.0055
Car -1 -1 -8.0335 736.4095 177.8408 805.0015 220.4778 1.4241 1.7207 4.2224 5.8077 1.6234 26.7375 -7.8225 0.0054
Car -1 -1 -6.3471 689.8879 176.5379 750.9605 202.4675 1.5903 1.4843 3.7070 6.8765 1.8264 45.4054 -6.1982 0.0049
Car -1 -1 -4.6639 749.5206 178.1787 795.4283 215.9729 1.3994 1.6472 4.1469 6.6687 1.6336 29.5594 -4.4447 0.0048
Car -1 -1 -4.6667 751.6827 178.0455 798.8328 217.2945 1.4137 1.6587 4.0581 6.5950 1.6359 28.7418 -4.4439 0.0045
Car -1 -1 -4.2746 226.4959 187.3884 269.1932 207.0899 1.4881 1.7350 3.6568 -29.6238 2.7151 59.0778 -4.7379 0.0041
Car -1 -1 -4.4883 749.3313 176.2234 812.0673 215.8526 1.4852 1.6442 4.1086 7.0287 1.6335 29.6234 -4.2581 0.0038
Car -1 -1 -4.5689 749.5978 176.0957 802.6965 213.6902 1.4515 1.6239 4.0980 7.0259 1.5979 30.4421 -4.3447 0.0037
Car -1 -1 -4.6195 452.8701 176.6702 480.1954 200.1061 1.5672 1.5495 3.7067 -10.0957 1.8458 50.8006 -4.8150 0.0035
Car -1 -1 -4.2717 567.2745 178.4953 599.5084 194.7925 1.5183 1.6638 3.8868 -2.5972 2.0881 70.7992 -4.3087 0.0035
Car -1 -1 -5.7925 189.8411 192.3252 254.6963 213.8529 1.5076 1.5729 3.8961 -28.3359 2.9518 52.7410 -6.2837 0.0029
Car -1 -1 -4.0573 229.9255 188.5520 278.8970 209.1102 1.5424 1.6447 3.7737 -29.1542 2.8744 59.2211 -4.5132 0.0026
Car -1 -1 -7.4027 210.8718 191.7606 257.4877 213.1499 1.4474 1.6535 3.6701 -28.0770 2.9098 53.9641 -7.8808 0.0024
Car -1 -1 -3.2850 662.1902 177.2927 726.7499 202.4818 1.5433 1.5935 3.8393 5.2430 1.8273 45.3623 -3.1712 0.0020
Car -1 -1 -7.4423 208.1564 192.6652 255.4976 213.5026 1.3904 1.7168 3.8925 -28.2404 2.9264 53.9509 -7.9228 0.0017
Car -1 -1 -7.4940 204.0897 191.9595 251.9039 214.7661 1.5286 1.8386 4.0957 -28.6016 3.0177 54.1027 -7.9786 0.0016
Car -1 -1 -5.8186 262.0761 187.6226 376.2563 238.6705 1.6254 1.5492 3.2319 -9.8356 2.1433 24.4087 -6.1984 0.0011
