Car -1 -1 -8.0697 690.5904 167.1186 807.9681 259.7215 2.0056 1.8297 4.7732 3.2423 1.8811 18.0502 -7.8958 0.9999
Car -1 -1 -4.5527 451.7290 185.4319 549.7776 258.2612 1.5251 1.7275 4.4184 -2.6425 1.8791 18.1001 -4.6965 0.9999
Car -1 -1 -8.0012 669.5606 183.7495 735.6418 234.3341 1.5771 1.6926 4.1608 3.1324 1.9936 25.5038 -7.8812 0.9988
Car -1 -1 -8.4487 858.1970 175.3022 1241.0000 374.0000 1.6227 1.6220 3.7132 2.7012 1.6415 3.7643 -7.8638 0.9961
Car -1 -1 -7.9782 656.4924 185.2494 707.3815 222.5697 1.4422 1.6824 4.0895 3.0091 2.0157 31.3275 -7.8840 0.9698
Car -1 -1 -8.4896 857.9709 132.6625 1241.0000 374.0000 1.7148 1.6920 4.1832 2.7287 1.6372 3.4895 -7.8671 0.8856
Car -1 -1 -7.9895 668.8666 183.1141 732.8445 233.4469 1.5736 1.6707 4.0962 3.0694 1.9647 25.4619 -7.8718 0.8789
Car -1 -1 -7.9746 658.6240 184.6443 709.8121 222.4383 1.4611 1.7022 4.0967 3.0995 2.0052 31.2515 -7.8774 0.6948
Car -1 -1 -4.8231 656.4727 183.1783 704.6492 221.9370 1.5128 1.6349 3.8235 2.9363 1.9853 31.1147 -4.7306 0.6741
Car -1 -1 -8.5838 854.3882 42.2371 1241.0000 374.0000 1.7539 1.7990 4.7928 2.8311 1.6184 3.1844 -7.9028 0.5819
Car -1 -1 -4.7411 667.8449 177.0440 687.6637 194.5720 1.5652 1.7183 4.3530 6.3081 1.9712 67.7244 -4.6491 0.2798
Car -1 -1 -4.6570 668.9247 174.8341 689.4678 192.2455 1.5683 1.6758 4.6788 6.5303 1.7613 67.9847 -4.5620 0.2656
Car -1 -1 -8.3170 503.1548 183.8607 553.3531 211.7387 1.5953 1.6111 3.7031 -5.1550 2.3096 44.8527 -8.4313 0.2450
Car -1 -1 -4.6926 668.2787 178.0428 686.7038 196.2647 1.6077 1.6282 4.0854 6.2697 2.1045 66.9914 -4.6001 0.1392
Car -1 -1 -4.8419 665.1114 175.5956 689.0403 192.8402 1.5527 1.6642 4.5331 6.2631 1.8195 67.9933 -4.7508 0.1380
Car -1 -1 -8.1346 512.5656 184.5034 554.9347 211.5631 1.5347 1.6252 3.7705 -4.8053 2.2899 44.7420 -8.2415 0.1259
Car -1 -1 -4.6979 670.0186 177.7552 688.7730 195.4904 1.5770 1.6937 4.3678 6.5148 2.0517 67.6725 -4.6028 0.1223
Car -1 -1 -8.3064 500.5779 183.8254 553.0668 212.1259 1.6219 1.6605 4.0358 -5.2865 2.3410 45.1635 -8.4228 0.1206
Car -1 -1 -4.5128 668.9113 176.4801 697.0374 194.0399 1.5652 1.7593 4.5845 6.8714 1.9178 67.7746 -4.4126 0.1169
Car -1 -1 -4.5862 668.9089 178.4654 692.0521 196.1213 1.5543 1.6333 4.2039 6.5697 2.0937 67.1662 -4.4896 0.1079
Car -1 -1 -2.5855 498.2691 184.7522 563.5600 211.5133 1.5368 1.5786 3.7092 -4.8939 2.2919 44.2933 -2.6955 0.1064
Car -1 -1 -4.8513 663.4500 177.6562 687.7451 195.4633 1.5861 1.6859 4.2486 6.0898 2.0501 67.5991 -4.7622 0.0872
Car -1 -1 -4.8053 664.3645 177.6863 686.4484 196.0000 1.6287 1.6839 3.9044 6.0368 2.0913 67.1580 -4.7165 0.0706
Car -1 -1 -2.8382 494.8828 185.3507 560.0930 211.8190 1.5298 1.5840 3.6333 -5.0335 2.3088 43.8794 -2.9523 0.0652
Car -1 -1 -8.1571 508.2829 183.7523 554.4860 212.0616 1.6195 1.7082 4.1639 -5.0159 2.3368 45.2599 -8.2674 0.0626
Car -1 -1 -3.1583 486.7324 185.6188 554.0987 212.2618 1.5342 1.6141 3.9721 -5.4577 2.3253 43.6589 -3.2825 0.0444
Car -1 -1 -4.5269 507.0895 178.4899 538.1918 201.9729 1.6863 1.5940 4.2848 -6.6492 2.1331 55.0539 -4.6470 0.0421
Car -1 -1 -4.5577 587.3743 184.6945 609.9503 202.0057 1.5223 1.5333 4.0997 -1.0667 2.6812 68.5062 -4.5737 0.0414
Car -1 -1 -8.0487 515.9246 183.5745 554.7941 211.8456 1.6223 1.6682 4.0212 -4.7571 2.3260 45.2154 -8.1534 0.0410
Car -1 -1 -4.8289 595.1300 184.3596 622.9308 205.2225 1.4315 1.6373 3.7008 -0.1350 2.3164 53.5770 -4.8319 0.0382
Car -1 -1 -4.7026 586.0742 181.8540 603.8091 201.1063 1.6640 1.5852 4.5465 -1.3951 2.5251 66.7786 -4.7239 0.0364
Car -1 -1 -8.4495 495.0672 183.5488 553.6418 211.8234 1.6123 1.6589 3.9726 -5.3836 2.3054 44.7347 -8.5691 0.0319
Car -1 -1 -2.3942 487.2346 184.0880 553.3630 212.7100 1.6340 1.6512 3.9800 -5.5849 2.3545 44.4613 -2.5189 0.0316
Car -1 -1 -5.1066 511.6057 183.7450 559.6730 211.1543 1.5258 1.5214 3.8976 -4.6034 2.2193 43.8894 -5.2110 0.0311
Car -1 -1 -2.7230 483.6618 185.6544 554.2192 211.6927 1.4937 1.6015 3.9649 -5.5846 2.2986 44.0475 -2.8489 0.0306
Car -1 -1 -4.4677 501.6277 178.6940 536.4861 202.0276 1.6709 1.6386 4.3293 -6.9164 2.1343 55.0409 -4.5925 0.0289
Car -1 -1 -2.4845 482.9037 184.7496 550.2202 212.0629 1.5584 1.6305 3.9212 -5.7894 2.3169 44.3333 -2.6141 0.0268
Car -1 -1 -2.8367 494.0191 184.6751 563.2953 212.2206 1.5826 1.6139 3.8549 -4.9320 2.3159 43.6134 -2.9492 0.0258
Cyclist -1 -1 -6.7857 460.1033 179.6329 510.4363 228.0749 1.7407 0.7610 1.6989 -4.7027 2.0018 26.9871 -6.9572 0.0257
Car -1 -1 -4.4123 586.7910 184.6302 615.8199 202.1319 1.5334 1.5862 4.2021 -0.8094 2.6872 68.4723 -4.4245 0.0256
Car -1 -1 -5.2907 501.2545 184.2919 558.9300 212.6329 1.5927 1.5588 4.0344 -4.9786 2.3264 44.2553 -5.4026 0.0239
Cyclist -1 -1 -6.9976 464.2921 179.9036 511.4672 228.1250 1.7409 0.6719 1.7385 -4.6330 2.0150 27.1931 -7.1654 0.0233
Car -1 -1 -4.6117 585.8622 184.3484 606.8971 201.5798 1.5181 1.5856 4.2559 -1.2865 2.6466 68.6696 -4.6309 0.0229
Car -1 -1 -5.1210 513.5477 183.8791 563.5289 211.3691 1.5133 1.5832 3.8655 -4.3848 2.2087 43.4572 -5.2215 0.0225
Car -1 -1 -4.9452 585.4847 182.1622 612.4595 201.2016 1.6357 1.5154 4.3566 -1.0744 2.5234 66.5336 -4.9618 0.0219
Pedestrian -1 -1 -4.6375 433.1768 182.4900 455.0124 238.4734 1.7560 0.6455 0.4710 -5.3346 2.0667 23.0101 -4.8634 0.0212
Cyclist -1 -1 -6.4960 463.2601 178.2363 510.5970 226.7985 1.7472 0.7078 1.6153 -4.6059 1.9510 26.7291 -6.6656 0.0207
Car -1 -1 -4.6059 513.0568 178.9090 539.8706 202.7995 1.7142 1.5903 4.2273 -6.3530 2.1929 54.9667 -4.7209 0.0201
Cyclist -1 -1 -8.0723 445.9486 179.0551 471.3143 224.8924 1.6641 0.6045 1.6023 -5.7794 1.9057 27.2814 -8.2796 0.0199
Car -1 -1 -4.5291 586.7443 184.2467 611.2996 202.1822 1.5699 1.6138 3.9944 -1.0231 2.6755 67.9338 -4.5446 0.0195
Pedestrian -1 -1 -7.2020 463.0467 183.5398 489.0108 229.6355 1.6674 0.7076 0.6329 -5.0098 2.0697 26.7465 -7.3861 0.0167
Cyclist -1 -1 -6.9346 461.9907 179.3650 511.4068 228.1886 1.7553 0.7419 1.7326 -4.6575 2.0073 27.0642 -7.1040 0.0165
Cyclist -1 -1 -6.7135 455.7588 181.6669 505.5469 230.0549 1.7277 0.7414 1.6647 -4.8489 2.0646 26.8260 -6.8913 0.0165
Car -1 -1 -4.6276 585.3516 184.5288 605.9067 202.2579 1.5537 1.6083 3.9665 -1.3463 2.6855 67.9378 -4.6478 0.0143
Car -1 -1 -4.6721 596.1678 183.9019 620.1039 205.5361 1.5040 1.6464 3.6955 -0.1385 2.3586 53.9549 -4.6752 0.0141
Car -1 -1 -4.6584 598.8299 183.5969 622.6450 204.9410 1.4388 1.5354 3.7865 0.0541 2.2492 52.5169 -4.6579 0.0122
Cyclist -1 -1 -7.2757 459.4399 180.0285 500.8155 229.0014 1.7666 0.6786 1.7760 -4.9319 2.0468 27.2565 -7.4537 0.0118
Car -1 -1 -4.6381 580.8052 181.3970 603.7139 200.7877 1.6920 1.8101 4.4842 -1.6399 2.5150 67.2553 -4.6628 0.0118
Cyclist -1 -1 -2.3384 425.3875 177.6469 470.3612 224.5530 1.6993 0.6743 1.6679 -6.1248 1.8834 27.0306 -2.5597 0.0117
Car -1 -1 -4.7469 520.4564 183.9796 548.7143 212.3803 1.5587 1.5427 3.7616 -4.5764 2.2536 43.1137 -4.8526 0.0114
Car -1 -1 -5.1771 518.1096 183.9657 573.1584 212.2411 1.5378 1.6265 4.0439 -3.9278 2.2340 43.0770 -5.2680 0.0112
Car -1 -1 -3.3183 485.5996 184.4105 554.1394 211.6740 1.5542 1.6617 3.8831 -5.5001 2.2752 43.6648 -3.4434 0.0111
Car -1 -1 -4.2621 497.6313 185.7793 550.2906 213.1257 1.4840 1.5775 3.9437 -5.1383 2.2971 43.2826 -4.3801 0.0110
Car -1 -1 -5.6963 523.9562 183.4760 598.3717 212.4541 1.5955 1.6871 4.1633 -2.9472 2.2510 42.7840 -5.7652 0.0108
Car -1 -1 -4.6659 594.2735 183.5599 618.6450 205.5821 1.4835 1.5983 3.9011 -0.2554 2.2918 52.5148 -4.6713 0.0100
Cyclist -1 -1 -2.3740 432.1580 178.7904 476.0830 226.3008 1.7233 0.6876 1.5733 -5.8943 1.9515 27.0554 -2.5871 0.0099
Cyclist -1 -1 -7.1668 458.9776 180.4353 502.2498 229.3448 1.7581 0.6946 1.6781 -4.8915 2.0522 27.1181 -7.3442 0.0093
Car -1 -1 -4.6744 508.4688 185.1178 531.5772 205.8940 1.3940 1.5328 3.8218 -6.5710 2.3230 52.7063 -4.7983 0.0093
Car -1 -1 -4.8694 504.5120 184.5263 531.5720 205.3913 1.4447 1.4130 3.9909 -6.9992 2.3593 54.4386 -4.9971 0.0090
Car -1 -1 -4.7792 583.9999 184.8200 603.1484 202.2218 1.5222 1.5357 3.9614 -1.5931 2.6828 67.9645 -4.8030 0.0089
Car -1 -1 -4.3590 498.3001 184.0314 548.4575 213.9341 1.6092 1.6246 4.0988 -5.0926 2.3032 42.6414 -4.4777 0.0087
Pedestrian -1 -1 -7.5682 103.5653 174.6824 144.6496 242.0858 1.6459 0.6588 0.7844 -12.2378 1.6927 18.1169 -8.1557 0.0084
Cyclist -1 -1 -2.8663 424.0804 179.1450 472.2432 225.7680 1.6935 0.6764 1.6159 -6.0234 1.9293 26.6936 -3.0866 0.0084
Cyclist -1 -1 -6.7976 457.1198 181.6929 507.0268 230.5915 1.7545 0.7555 1.6870 -4.8272 2.0953 27.0167 -6.9734 0.0084
Car -1 -1 -4.7410 513.5430 184.0954 537.0601 206.4800 1.5106 1.5920 3.8926 -6.2555 2.3645 52.7839 -4.8588 0.0081
Pedestrian -1 -1 -7.2691 463.8555 182.4112 491.4010 228.3801 1.6730 0.6971 0.7817 -4.9879 2.0364 26.9625 -7.4509 0.0080
Cyclist -1 -1 -4.2611 448.0791 181.4071 485.1424 232.7247 1.8357 0.7055 1.6650 -5.3936 2.1661 27.0036 -4.4570 0.0080
Car -1 -1 -4.3475 493.8539 184.3037 542.8589 212.6235 1.5337 1.6053 3.8844 -5.4187 2.2461 42.8332 -4.4731 0.0078
Car -1 -1 -4.8644 421.4827 182.8676 473.0359 223.5532 1.4261 1.4856 3.0766 -6.3641 1.8357 27.8327 -5.0877 0.0077
Car -1 -1 -4.6376 589.4550 182.9621 615.8162 205.0750 1.4743 1.6091 4.0263 -0.5259 2.2321 52.0507 -4.6482 0.0070
Car -1 -1 -4.7198 514.1372 183.8099 543.1539 211.3646 1.5152 1.6550 3.9357 -4.9408 2.2045 43.3626 -4.8331 0.0070
Cyclist -1 -1 -8.0968 440.8376 178.3910 470.0836 226.5607 1.7399 0.6936 1.6731 -5.8780 1.9551 27.1745 -8.3083 0.0068
Car -1 -1 -4.7412 585.0236 184.9416 602.9534 202.0089 1.4992 1.5758 4.2794 -1.5695 2.6854 68.6440 -4.7644 0.0067
Car -1 -1 -5.0129 493.5380 180.8332 541.0138 210.5707 1.6882 1.6781 4.3808 -5.8152 2.2066 44.5590 -5.1424 0.0059
Car -1 -1 -5.2285 495.4719 184.7370 551.8431 212.8563 1.5740 1.5018 4.3212 -5.4006 2.3411 44.4170 -5.3494 0.0058
Cyclist -1 -1 -7.7331 439.8854 180.1485 464.8435 227.8177 1.7073 0.7249 1.5779 -5.9112 1.9874 26.9124 -7.9478 0.0056
Car -1 -1 -4.6401 506.2781 185.2825 531.3333 207.3363 1.5012 1.5568 4.0330 -6.7538 2.4576 53.4856 -4.7656 0.0054
Car -1 -1 -4.4484 497.5606 183.3657 541.1870 211.3515 1.5324 1.6231 3.9026 -5.3931 2.1897 43.0908 -4.5727 0.0054
Cyclist -1 -1 -7.7411 457.8502 181.4694 478.9118 227.7225 1.6766 0.5953 1.7141 -5.4026 2.0134 27.3595 -7.9349 0.0050
Pedestrian -1 -1 -7.9620 457.7644 183.9657 476.0942 230.2202 1.6840 0.6176 0.4842 -5.3515 2.1007 26.7487 -8.1582 0.0047
Car -1 -1 -4.8227 500.7012 182.6565 526.7208 204.7798 1.5447 1.4984 4.1077 -7.3321 2.3141 54.4812 -4.9563 0.0047
Car -1 -1 -8.5563 490.0848 182.9331 552.7776 211.6301 1.6426 1.7651 3.8688 -5.5430 2.2932 44.6378 -8.6797 0.0044
Pedestrian -1 -1 -3.0211 219.5344 190.6871 248.6655 272.5052 1.4645 0.4401 0.4254 -6.9863 1.8003 13.3174 -3.4965 0.0042
Car -1 -1 -4.5186 495.8946 182.3240 537.4380 211.5310 1.6154 1.7392 3.9651 -5.5766 2.2096 43.2625 -4.6466 0.0041
Car -1 -1 -4.7669 437.9559 182.4582 482.0449 223.3833 1.4520 1.5062 3.1694 -5.9346 1.8491 28.1341 -4.9735 0.0039
Car -1 -1 -4.8584 494.3300 180.2281 525.1342 203.5347 1.6446 1.7230 4.0880 -7.6407 2.2239 54.5115 -4.9974 0.0034
Car -1 -1 -4.8223 501.2611 179.4572 528.0007 200.8498 1.5209 1.5643 4.1481 -7.3132 2.0427 54.8568 -4.9546 0.0027
Car -1 -1 -7.4954 485.6287 184.2225 536.4069 212.9523 1.5374 1.6602 3.9987 -5.7952 2.2393 42.4333 -7.6309 0.0021
Cyclist -1 -1 -7.5201 454.1304 184.2050 483.1410 230.8541 1.6818 0.6076 1.5253 -5.3600 2.1219 27.1984 -7.7135 0.0017
Car -1 -1 -8.0529 494.3003 182.0805 537.0234 209.5065 1.5488 1.8249 4.1332 -5.9040 2.1465 44.5132 -8.1845 0.0014
