Car -1 -1 -7.9023 557.5053 168.8876 598.1042 205.1221 1.4610 1.5597 3.4605 -1.3681 0.8028 30.7795 -7.9467 0.9989
Car -1 -1 -7.9754 630.3452 166.1749 669.9012 198.1584 1.6087 1.6336 3.7794 2.1616 0.6512 38.0969 -7.9195 0.9942
Car -1 -1 -7.9889 628.8037 166.7536 669.2565 198.4611 1.5927 1.6409 3.6934 2.0994 0.6655 38.0156 -7.9345 0.8216
Car -1 -1 -7.9611 553.4127 168.4698 598.6592 205.2593 1.4839 1.5631 3.4934 -1.4504 0.8086 30.8401 -8.0079 0.7396
Car -1 -1 -7.9206 557.7354 169.1637 599.4480 205.0014 1.4505 1.5594 3.3115 -1.3349 0.8010 30.8264 -7.9638 0.7099
Car -1 -1 -7.9580 629.5425 165.1303 668.1605 197.6519 1.6369 1.6347 3.9322 2.0982 0.6261 38.1874 -7.9038 0.6906
Car -1 -1 -7.9261 556.3291 169.0967 598.8484 204.4613 1.4311 1.5468 3.9221 -1.3999 0.7789 31.1269 -7.9710 0.6561
Pedestrian -1 -1 -3.2739 177.4648 179.8151 265.1222 375.0000 1.5392 0.4329 0.4751 -2.6815 1.5051 4.8728 -3.7542 0.3479
Cyclist -1 -1 -4.8442 553.9473 165.7144 570.9179 196.6552 1.7302 0.7573 1.6322 -2.6291 0.6398 41.0715 -4.9080 0.1889
Pedestrian -1 -1 -3.2748 162.0882 173.5935 247.5224 375.0000 1.5478 0.4162 0.4628 -2.8143 1.4735 4.9115 -3.7720 0.1624
Car -1 -1 -4.4176 287.1447 160.8400 353.3572 199.6324 1.6583 1.6938 4.0419 -13.0646 0.6164 32.8121 -4.7939 0.1606
Pedestrian -1 -1 -6.7182 798.9413 168.1573 814.0117 212.0586 1.8029 0.5396 0.4119 8.2019 1.1025 29.8223 -6.4527 0.1424
Cyclist -1 -1 -4.9589 547.2584 166.5408 567.3138 196.3491 1.6682 0.7519 1.6964 -2.9299 0.6232 41.1546 -5.0298 0.1390
Pedestrian -1 -1 -4.8009 555.6453 166.8029 568.4009 197.1361 1.7059 0.6522 0.8297 -2.6354 0.6705 40.8863 -4.8651 0.1335
Pedestrian -1 -1 -3.2394 162.3373 180.1663 268.2852 375.0000 1.5472 0.4603 0.5771 -2.6524 1.5165 4.7453 -3.7256 0.1245
Car -1 -1 -7.7203 523.8594 162.9309 553.0099 186.2244 1.6352 1.6147 3.8809 -5.0397 0.0710 52.4337 -7.8159 0.1123
Car -1 -1 -7.7532 518.5750 164.1963 546.6199 187.4451 1.6351 1.6596 3.8384 -5.4714 0.1570 52.4790 -7.8569 0.1035
Car -1 -1 -7.9847 595.0759 164.6215 618.2383 183.4414 1.7210 1.6695 4.1361 -0.1453 -0.1738 68.3027 -7.9871 0.0960
Car -1 -1 -4.4870 553.6320 163.6799 597.5661 194.0331 1.7053 1.7100 4.1826 -1.8772 0.4955 42.5978 -4.5311 0.0881
Car -1 -1 -7.6191 510.3215 164.6394 544.0942 187.2697 1.5923 1.6151 3.7976 -5.8699 0.1447 52.5645 -7.7300 0.0871
Car -1 -1 -4.6694 555.7225 164.0379 586.1876 194.0538 1.6975 1.6366 4.0203 -2.1714 0.5000 42.6691 -4.7202 0.0855
Car -1 -1 -7.6183 507.0342 165.3151 540.9999 186.9646 1.5216 1.6139 3.8384 -6.0981 0.1231 52.5272 -7.7335 0.0832
Car -1 -1 -2.4691 441.2568 171.2657 528.6248 205.1651 1.4414 1.6018 3.6466 -5.5408 0.8484 32.1458 -2.6387 0.0754
Car -1 -1 -4.7441 551.7484 164.7730 580.9308 194.6541 1.6786 1.5883 3.7781 -2.5058 0.5304 42.3349 -4.8032 0.0736
Car -1 -1 -8.0888 589.7994 164.8484 617.9954 183.5852 1.7131 1.7264 4.2878 -0.4135 -0.1602 68.4098 -8.0951 0.0693
Car -1 -1 -7.8877 600.0979 164.2619 619.0175 183.1984 1.7330 1.6553 4.0215 0.1353 -0.1971 68.2576 -7.8860 0.0669
Car -1 -1 -4.5840 551.8804 166.2112 588.1155 195.6808 1.6348 1.6180 3.9534 -2.1836 0.5807 41.9114 -4.6360 0.0631
Pedestrian -1 -1 -6.9466 798.8387 168.1701 816.7711 211.7517 1.7767 0.5306 0.4886 8.2079 1.0819 29.6445 -6.6793 0.0559
Car -1 -1 -2.6631 437.4963 171.6724 528.2441 205.7149 1.4450 1.6272 3.6170 -5.5544 0.8703 31.8353 -2.8347 0.0373
Cyclist -1 -1 -2.7901 95.4621 175.1776 340.6515 375.0000 1.5807 0.4918 1.3860 -2.6597 1.5171 4.9005 -3.2650 0.0372
Pedestrian -1 -1 -2.9877 110.5030 171.7765 229.8883 375.0000 1.5370 0.4668 0.5921 -2.8793 1.4558 4.6771 -3.5144 0.0364
Car -1 -1 -4.6675 500.2268 166.8806 532.0078 198.1426 1.5010 1.4398 3.3904 -4.6187 0.6208 36.2622 -4.7935 0.0358
Car -1 -1 -7.7753 601.8701 163.9872 622.4673 182.9256 1.7296 1.6484 3.9973 0.4366 -0.2237 68.2124 -7.7692 0.0355
Car -1 -1 -8.1392 520.5464 163.7660 567.1265 192.3962 1.6073 1.6655 4.0519 -3.8641 0.4033 42.5461 -8.2294 0.0270
Car -1 -1 -8.0181 541.2992 164.9283 578.3062 194.5286 1.6661 1.5700 3.8341 -2.9088 0.5243 42.5075 -8.0863 0.0257
Car -1 -1 -8.2083 526.9977 163.6779 575.4963 192.8020 1.6372 1.5673 3.9905 -3.4246 0.4266 42.5506 -8.2884 0.0250
Cyclist -1 -1 -7.8422 720.4614 172.0317 729.7181 207.0253 1.5865 0.4111 1.6542 5.4263 0.9889 33.4401 -7.6830 0.0241
Pedestrian -1 -1 -3.3357 794.8235 168.6476 808.8685 211.5641 1.7643 0.5520 0.4628 8.0147 1.0833 29.8421 -3.0760 0.0234
Car -1 -1 -4.0350 454.1456 170.4330 526.3159 204.0522 1.3824 1.4796 3.1033 -5.1022 0.7747 31.2739 -4.1956 0.0228
Car -1 -1 -6.3527 503.0245 167.5097 589.0035 198.9308 1.5052 1.6168 4.1323 -3.1178 0.6572 35.5574 -6.4398 0.0228
Car -1 -1 -7.7663 711.5920 173.6631 749.5403 205.1990 1.4118 1.4653 3.7278 5.8440 0.8948 34.1703 -7.5986 0.0218
Car -1 -1 -2.3237 476.9615 168.4226 543.6560 198.2341 1.4136 1.4623 3.2334 -4.8920 0.6175 35.6732 -2.4592 0.0206
Cyclist -1 -1 -5.3555 102.8384 187.1810 397.9596 375.0000 1.7392 0.6132 1.9408 -2.3214 1.7536 4.4799 -5.8102 0.0173
Car -1 -1 -4.5989 502.0201 166.7767 538.8063 197.7058 1.4845 1.4727 3.2995 -4.3857 0.5996 36.1572 -4.7190 0.0160
Car -1 -1 -3.3469 440.0718 172.1477 531.6862 205.9086 1.4014 1.5246 3.6896 -5.3344 0.8591 31.2217 -3.5150 0.0155
Car -1 -1 -4.8154 504.4650 166.8531 541.8374 197.9221 1.4778 1.5212 3.2761 -4.3041 0.6045 35.9574 -4.9339 0.0153
Car -1 -1 -5.0102 485.7884 167.6340 534.8013 197.7117 1.4384 1.4539 3.6048 -5.0040 0.5978 36.3185 -5.1463 0.0151
Car -1 -1 -4.9013 495.0770 167.8070 536.1420 198.2498 1.4545 1.4631 3.2094 -4.6991 0.6229 36.0979 -5.0300 0.0151
Car -1 -1 -3.9476 438.1198 172.7673 524.9531 206.9427 1.3869 1.6007 3.6817 -5.4422 0.8819 31.1454 -4.1194 0.0150
Cyclist -1 -1 -3.4756 785.9477 168.6431 828.6306 212.0190 1.7794 0.5556 1.6128 8.2309 1.0997 29.8203 -3.2091 0.0146
Car -1 -1 -2.5144 475.1327 167.9760 542.9750 194.2280 1.4599 1.5524 3.6692 -5.7406 0.5013 41.5247 -2.6511 0.0142
Car -1 -1 -7.6118 508.6169 165.6808 550.1824 192.3609 1.4963 1.5964 3.6607 -4.5844 0.4009 42.2356 -7.7195 0.0138
Car -1 -1 -7.7927 508.1388 165.6284 540.8824 192.4303 1.4967 1.6817 3.6216 -4.8514 0.4030 41.9967 -7.9072 0.0133
Car -1 -1 -6.8056 713.4472 174.0398 799.2197 208.1657 1.4906 1.5439 3.5198 6.7081 1.0026 32.6875 -6.6052 0.0126
Car -1 -1 -2.8102 441.2918 172.0158 528.4869 205.3723 1.4162 1.5717 3.4523 -5.4054 0.8559 31.5763 -2.9786 0.0117
Cyclist -1 -1 -7.8459 721.7886 172.1600 731.4668 207.9955 1.6145 0.4306 1.6418 5.4619 1.0265 33.2325 -7.6848 0.0116
Car -1 -1 -8.0282 475.9444 170.1871 524.0251 203.6635 1.4249 1.6004 3.2289 -4.9353 0.7854 32.3833 -8.1784 0.0112
Car -1 -1 -2.3303 467.7983 168.4661 538.2009 198.6575 1.4318 1.5499 3.3968 -5.2662 0.6376 35.7490 -2.4758 0.0108
Car -1 -1 -6.7269 706.3973 173.3604 793.3140 207.4934 1.5313 1.5418 3.6610 6.5585 0.9996 33.4538 -6.5353 0.0107
Car -1 -1 -7.0266 704.7908 171.4064 788.2710 207.2542 1.6008 1.5718 3.7905 6.5013 0.9843 33.7673 -6.8384 0.0104
Car -1 -1 -4.6934 510.8593 164.3569 539.3629 193.3260 1.6287 1.5955 4.3913 -4.8928 0.4561 42.6774 -4.8071 0.0101
Car -1 -1 -2.6024 473.0539 168.1231 541.0250 194.5905 1.4662 1.5468 3.5737 -5.8068 0.5195 41.2314 -2.7417 0.0097
Car -1 -1 -6.1997 712.4756 173.4559 799.9864 210.0987 1.5619 1.6266 3.6891 6.5748 1.0608 31.9393 -5.9989 0.0093
Car -1 -1 -6.6569 710.6768 174.0085 794.8941 208.0014 1.5120 1.5492 3.4672 6.6028 1.0137 33.0443 -6.4617 0.0092
Car -1 -1 -4.6175 509.6921 167.5901 547.3416 197.8994 1.4581 1.5971 3.0743 -3.9769 0.6103 36.1306 -4.7265 0.0090
Cyclist -1 -1 -2.2081 490.0561 163.0793 520.7910 200.4220 1.7656 0.6021 1.6599 -4.9965 0.7191 34.7902 -2.3499 0.0084
Car -1 -1 -2.3616 475.6944 168.0257 541.7037 197.4909 1.4105 1.4476 3.1647 -5.0043 0.5878 35.9398 -2.4992 0.0077
Car -1 -1 -6.5453 714.2245 174.7263 802.0836 208.4745 1.4723 1.5722 3.5694 6.6688 1.0149 32.2536 -6.3435 0.0076
Pedestrian -1 -1 -5.1901 921.1710 169.1093 950.6520 232.4529 1.6514 0.5733 0.4293 8.6080 1.2316 18.9714 -4.7701 0.0074
Car -1 -1 -6.2142 503.0063 167.9330 587.8755 198.1457 1.4451 1.5674 4.0422 -3.0387 0.6186 35.2002 -6.3000 0.0071
Car -1 -1 -7.9603 474.6223 172.3916 517.8265 204.9442 1.3766 1.5724 3.1979 -5.0659 0.8344 32.1468 -8.1156 0.0066
Car -1 -1 -6.1803 497.5893 168.1306 577.0399 198.0992 1.4512 1.5751 3.7755 -3.4817 0.6240 35.6093 -6.2772 0.0062
Car -1 -1 -2.2773 467.5397 168.0297 537.9330 198.1871 1.4367 1.5175 3.5913 -5.3240 0.6181 35.9991 -2.4233 0.0062
Cyclist -1 -1 -7.9915 711.4439 171.6063 726.5129 205.8841 1.5516 0.4585 1.6873 5.1195 0.9357 33.3850 -7.8410 0.0062
Car -1 -1 -2.2066 469.2808 167.8357 536.7006 197.6396 1.4291 1.4792 3.6616 -5.3601 0.5959 36.2905 -2.3524 0.0061
Car -1 -1 -7.7824 499.1388 164.5056 528.8484 190.6986 1.5509 1.5539 3.8428 -5.7955 0.3248 44.5270 -7.9113 0.0058
Car -1 -1 -7.6593 509.8017 166.1194 544.4779 191.6972 1.5144 1.5004 3.3725 -4.9580 0.3839 44.3052 -7.7703 0.0049
Car -1 -1 -5.0533 572.9228 171.4893 608.2341 193.0910 1.5769 1.5494 3.6112 -1.3560 0.5751 54.4395 -5.0784 0.0046
Cyclist -1 -1 -4.7087 199.0788 164.8867 210.4566 194.7104 1.6520 0.5518 1.3767 -22.7616 0.5261 40.5558 -5.2175 0.0044
Car -1 -1 -7.5467 513.0797 166.6849 553.2734 192.2890 1.5095 1.5058 3.3810 -4.5710 0.4172 44.1891 -7.6494 0.0044
Pedestrian -1 -1 -5.4280 910.7020 172.3048 941.0266 227.5485 1.4346 0.5651 0.4656 8.3458 1.0995 18.9752 -5.0194 0.0044
Pedestrian -1 -1 -5.2396 913.0759 171.5654 944.6038 228.5750 1.4607 0.5685 0.5091 8.3011 1.1111 18.7041 -4.8278 0.0044
Car -1 -1 -4.4926 583.0476 171.4254 613.9958 192.2841 1.5263 1.5569 3.8309 -0.6853 0.5174 54.6357 -4.5054 0.0043
Cyclist -1 -1 -4.5641 195.8954 164.9293 211.2587 194.2690 1.6209 0.5534 1.3839 -22.7721 0.5003 40.4598 -5.0740 0.0043
Pedestrian -1 -1 -4.7739 988.3007 174.3723 1016.8136 244.0796 1.5109 0.5236 0.4074 8.6625 1.2760 15.8756 -4.2822 0.0039
Car -1 -1 -4.7236 489.6236 164.8366 519.9203 196.2757 1.5950 1.5267 4.1828 -5.5946 0.5612 38.6525 -4.8666 0.0030
Car -1 -1 -4.5501 503.8195 163.2281 539.3022 191.0516 1.6540 1.6125 3.6808 -5.3322 0.3471 44.6061 -4.6686 0.0026
Pedestrian -1 -1 -5.5006 1110.3241 180.5550 1149.5999 265.6292 1.4613 0.4235 0.3628 9.0692 1.3814 12.5632 -4.8862 0.0026
Car -1 -1 -7.7988 487.4084 171.4930 523.5776 203.3935 1.3641 1.4485 2.8893 -4.5864 0.7774 32.2396 -7.9392 0.0024
Car -1 -1 -4.7034 496.7979 166.4127 526.1542 194.5281 1.4495 1.5040 4.3148 -5.2746 0.4803 39.2944 -4.8361 0.0023
Cyclist -1 -1 -8.4521 967.3688 168.4975 1042.8684 251.0797 1.7015 0.4620 1.8642 8.6149 1.3572 15.7625 -7.9598 0.0012
Car -1 -1 -4.6984 495.6445 164.4774 524.9247 196.2000 1.6049 1.4718 4.2097 -5.2281 0.5559 38.5458 -4.8325 0.0012
Car -1 -1 -7.6167 509.2235 165.3585 557.2344 196.7947 1.6005 1.5089 4.7908 -4.0076 0.5897 39.0735 -7.7185 0.0006
Car -1 -1 -8.1536 487.7000 167.1144 536.9894 195.9718 1.4532 1.5100 3.9053 -5.1649 0.5418 38.2883 -8.2870 0.0006
Pedestrian -1 -1 -6.5160 713.3032 172.3438 727.2545 207.8012 1.5986 0.5606 0.5100 5.0799 1.0184 32.7090 -6.3636 0.0005
Cyclist -1 -1 -4.3232 170.0601 162.9767 194.6090 194.7644 1.6976 0.5557 1.6799 -23.2526 0.5101 39.2615 -4.8550 0.0005
Cyclist -1 -1 -4.8726 797.5495 168.2061 817.3801 212.7224 1.7927 0.5471 1.5222 8.2102 1.1079 29.7353 -4.6060 0.0005
Car -1 -1 -7.8105 505.9867 165.9037 536.7068 196.1548 1.5279 1.4530 4.0769 -4.6037 0.5527 38.3952 -7.9293 0.0004
Pedestrian -1 -1 -5.8968 51.1765 164.4745 78.9271 229.1624 1.5085 0.5751 0.3321 -12.9406 1.0250 17.0831 -6.5375 0.0004
Pedestrian -1 -1 -3.0064 60.1238 166.3040 81.5501 228.6256 1.4460 0.6037 0.3252 -12.7586 1.0074 17.0221 -3.6420 0.0003
