Car -1 -1 -4.3561 303.4108 195.0647 417.8104 266.0165 1.4953 1.5610 3.5311 -6.1747 2.1077 18.1159 -4.6809 0.9999
Car -1 -1 -4.4192 379.2760 191.8333 465.0374 243.8253 1.4542 1.6193 4.0315 -6.1069 2.1319 23.7263 -4.6691 0.9997
Car -1 -1 -8.0215 672.2995 176.9155 750.7956 236.8570 1.6173 1.6702 3.9505 2.9058 1.7507 21.7450 -7.8913 0.9997
Car -1 -1 -4.5173 441.7823 181.9920 499.0483 222.5646 1.6249 1.6833 4.3305 -6.1562 2.0579 32.0453 -4.7061 0.9951
Car -1 -1 -8.5889 1124.3469 145.4444 1241.0000 188.5540 1.7269 1.8132 4.3262 24.6913 0.6286 31.1231 -7.9228 0.7996
Car -1 -1 -4.4488 526.3200 182.1696 555.8409 200.7223 1.5470 1.6450 3.9719 -6.1337 2.4048 64.3659 -4.5438 0.7211
Car -1 -1 -4.5137 527.0361 182.6013 553.7325 200.9982 1.5273 1.6335 3.8382 -6.1646 2.4185 64.0041 -4.6098 0.7090
Car -1 -1 -8.5971 1123.9469 144.8379 1241.0000 188.8301 1.7585 1.7833 4.2409 24.5682 0.6383 31.0262 -7.9319 0.7065
Car -1 -1 -4.5917 564.4173 180.5512 585.3472 197.2273 1.5297 1.5907 3.7206 -3.3939 2.2952 69.8672 -4.6405 0.7034
Car -1 -1 -4.4714 527.6547 182.6940 556.1694 201.3707 1.5503 1.6102 4.0464 -6.0481 2.4550 64.2442 -4.5653 0.6354
Car -1 -1 -4.0200 0.0000 200.9698 67.9757 250.3949 1.4106 1.6567 3.8397 -20.8687 2.4478 24.7033 -4.7163 0.5851
Car -1 -1 -8.4571 1134.1487 146.6694 1241.0000 188.1833 1.6616 1.7824 4.3531 24.9214 0.6132 31.1108 -7.7863 0.5723
Car -1 -1 -4.5285 469.9154 182.5754 514.8624 215.5623 1.6185 1.6380 4.2237 -6.2957 2.1695 38.7876 -4.6889 0.5648
Car -1 -1 -4.5168 525.5411 182.7407 552.6995 200.7928 1.4958 1.6462 4.0746 -6.2933 2.4041 64.2040 -4.6145 0.5610
Car -1 -1 -4.5038 564.7677 179.8585 589.6021 197.2558 1.5963 1.6033 4.0722 -3.1736 2.2969 70.0661 -4.5494 0.5421
Car -1 -1 -3.9734 0.0000 200.6533 57.1627 251.9433 1.3786 1.6818 4.2020 -20.7840 2.3777 23.8173 -4.6855 0.5200
Car -1 -1 -8.5955 1137.0709 146.5158 1241.0000 188.6357 1.6830 1.7327 3.7410 24.7372 0.6303 30.7563 -7.9228 0.5036
Car -1 -1 -4.3303 527.6086 182.7385 561.5704 201.2756 1.5358 1.6013 4.1047 -5.8126 2.4466 64.3165 -4.4205 0.4834
Car -1 -1 -6.0445 655.3864 186.9608 745.8501 222.4893 1.3743 1.4898 3.5155 3.7633 1.9917 30.2739 -5.9227 0.4363
Car -1 -1 -6.3631 780.8322 164.7077 848.2676 187.5062 1.5620 1.5730 4.4357 14.2662 1.0035 50.6309 -6.0902 0.4137
Car -1 -1 -3.9300 0.0000 199.1781 50.7714 252.3617 1.4071 1.7094 4.4183 -20.9790 2.3494 23.5809 -4.6516 0.4135
Car -1 -1 -4.0404 0.0000 202.2775 78.7783 248.8912 1.3661 1.5844 3.6214 -20.7563 2.4701 25.2619 -4.7231 0.4104
Car -1 -1 -7.2200 0.0000 198.1344 84.3397 245.1743 1.3994 1.5683 3.8891 -20.8103 2.3642 25.5679 -7.8982 0.3798
Car -1 -1 -4.5465 524.1817 182.7407 550.2805 200.9553 1.4979 1.6494 4.0287 -6.4064 2.3979 63.6419 -4.6468 0.3712
Car -1 -1 -4.6615 563.2621 180.7282 582.1544 197.4830 1.5394 1.6411 3.8143 -3.6119 2.3237 69.9928 -4.7133 0.3600
Car -1 -1 -2.2047 0.0000 196.4238 119.9743 245.5931 1.4807 1.6509 3.6663 -18.7230 2.3166 24.2910 -2.8562 0.3475
Car -1 -1 -4.4852 564.2576 180.5993 590.1288 196.8490 1.4707 1.6031 4.1391 -3.1487 2.2405 69.5629 -4.5307 0.3281
Car -1 -1 -8.2730 1149.3007 145.7645 1241.0000 187.6420 1.6671 1.7672 4.3257 25.1930 0.5884 31.0409 -7.5958 0.3241
Car -1 -1 -4.5181 473.2892 181.6839 517.6419 214.9744 1.6388 1.5769 4.1614 -6.1261 2.1385 38.7470 -4.6744 0.3203
Car -1 -1 -4.1145 0.0000 200.0101 80.8981 246.9065 1.3653 1.6110 4.0491 -20.9109 2.4035 25.5063 -4.7963 0.2950
Car -1 -1 -3.9555 0.0000 198.2704 49.0563 251.3518 1.3975 1.7045 4.4259 -20.8489 2.2997 23.3824 -4.6781 0.2944
Car -1 -1 -4.6193 561.9254 180.6273 582.8451 196.9095 1.4758 1.6472 3.9930 -3.6074 2.2446 69.3630 -4.6715 0.2898
Car -1 -1 -4.3351 564.4890 179.9465 596.2202 197.1801 1.5743 1.6183 4.2806 -2.8602 2.2853 70.0812 -4.3762 0.2714
Car -1 -1 -4.6228 563.1240 180.4488 584.0866 197.2418 1.5115 1.6379 4.1640 -3.4690 2.2594 68.9670 -4.6733 0.2171
Car -1 -1 -4.6057 467.5431 183.7071 507.1439 215.5701 1.5548 1.6697 4.0553 -6.5595 2.1677 38.6950 -4.7730 0.2018
Car -1 -1 -6.3902 776.1285 164.2782 843.2948 186.5467 1.5298 1.6107 4.3979 13.9522 0.9404 50.7131 -6.1234 0.1729
Car -1 -1 -4.1508 18.7888 193.4930 141.8932 243.2206 1.4676 1.5127 4.0335 -18.2714 2.2433 25.0662 -4.7759 0.1437
Car -1 -1 -4.7610 560.5282 180.3384 579.8000 197.5839 1.5825 1.6670 4.1698 -3.9241 2.3333 70.2475 -4.8170 0.1406
Car -1 -1 -4.3386 21.1395 193.8951 131.8329 242.4154 1.4121 1.6193 4.3515 -18.5853 2.2173 25.3116 -4.9671 0.1269
Car -1 -1 -5.2843 658.4818 186.5938 740.0135 224.5013 1.3755 1.5579 3.6917 3.5467 1.9775 29.6313 -5.1671 0.1238
Car -1 -1 -4.4930 493.6744 179.4751 541.1674 215.1760 1.7763 1.6459 4.2915 -4.9661 2.1536 38.9334 -4.6196 0.1221
Pedestrian -1 -1 -2.9530 763.9615 164.8639 772.2407 203.2299 1.9235 0.4737 0.3271 7.9492 1.5226 36.4566 -2.7404 0.1037
Car -1 -1 -2.2456 0.0000 200.2961 109.0164 249.1847 1.4533 1.6946 4.4571 -19.4785 2.4258 24.2554 -2.9170 0.1027
Car -1 -1 -5.4173 0.0000 196.1842 118.0922 244.4633 1.4606 1.5609 3.2425 -18.4504 2.2726 24.0109 -6.0673 0.1008
Car -1 -1 -6.3436 663.0773 184.7889 760.3712 222.1783 1.5053 1.6189 3.9882 4.2081 2.0271 30.6133 -6.2091 0.0990
Car -1 -1 -6.5342 770.2849 162.7672 839.7131 185.6549 1.5828 1.6943 4.4310 13.6467 0.8849 50.7657 -6.2732 0.0887
Car -1 -1 -6.5922 654.8732 184.8293 751.3151 220.6265 1.4422 1.5949 3.7968 3.9221 1.9745 30.9593 -6.4681 0.0879
Car -1 -1 -4.3455 16.3848 193.9472 118.6387 244.2722 1.4714 1.5076 3.8826 -18.6249 2.2597 24.9050 -4.9827 0.0856
Car -1 -1 -5.8994 653.8019 186.7589 747.7991 223.5110 1.3848 1.4948 3.5570 3.6988 1.9889 29.8479 -5.7780 0.0821
Car -1 -1 -5.4172 658.4409 184.5290 752.5492 224.0076 1.4252 1.5881 3.9766 3.7650 1.9343 29.3873 -5.2918 0.0793
Pedestrian -1 -1 -2.9433 762.7014 164.5399 772.1575 202.5598 1.9109 0.5002 0.3786 7.9402 1.4927 36.5697 -2.7316 0.0790
Car -1 -1 -6.4650 657.0978 185.1023 755.0681 221.2164 1.4549 1.5998 3.8863 3.9824 1.9892 30.5857 -6.3375 0.0765
Car -1 -1 -4.6591 471.6706 183.1870 507.0191 214.7834 1.5254 1.6360 4.1013 -6.4003 2.1048 38.3552 -4.8239 0.0718
Car -1 -1 -6.4024 658.6448 184.4451 755.9396 220.9440 1.4665 1.5935 3.8837 3.9904 1.9665 30.3248 -6.2736 0.0697
Car -1 -1 -6.0396 656.8972 183.5350 756.6709 222.5558 1.5031 1.6050 3.8451 3.9882 1.9689 30.0362 -5.9095 0.0624
Car -1 -1 -3.9787 16.6349 193.0071 153.1040 243.5963 1.4910 1.5490 3.9612 -18.0337 2.2452 24.9585 -4.5995 0.0620
Car -1 -1 -5.1440 658.7042 183.0719 740.0535 224.0314 1.4591 1.6566 4.1111 3.4542 1.9010 29.0167 -5.0274 0.0547
Car -1 -1 -4.7408 683.4228 184.4031 723.8729 220.5708 1.3602 1.5586 3.7802 3.8393 1.8768 30.3397 -4.6168 0.0533
Car -1 -1 -5.3292 656.9722 182.2772 753.3085 224.0780 1.4944 1.6547 4.2944 3.6936 1.9041 29.1082 -5.2050 0.0527
Car -1 -1 -5.8725 657.0598 183.3834 761.2453 223.4106 1.5076 1.6258 3.9396 4.0268 1.9671 29.7925 -5.7402 0.0514
Car -1 -1 -4.5007 17.9256 194.3988 104.0327 245.3235 1.4776 1.5225 4.0770 -18.8960 2.2869 24.9421 -5.1441 0.0495
Car -1 -1 -6.1707 664.1378 184.2533 764.3739 222.6402 1.5019 1.6160 4.0106 4.3507 2.0003 30.2785 -6.0300 0.0462
Car -1 -1 -5.0253 659.1390 183.8895 727.4485 224.0390 1.4387 1.6042 3.8384 3.2244 1.9135 29.0202 -4.9165 0.0301
Car -1 -1 -7.5459 658.2703 185.6925 718.9135 221.2319 1.3876 1.6133 3.6602 3.4576 1.9854 31.6165 -7.4387 0.0294
Car -1 -1 -5.1450 0.0000 200.3134 101.1242 250.9806 1.4711 1.5707 4.4592 -19.4619 2.4692 24.5213 -5.8108 0.0290
Car -1 -1 -5.4250 663.9059 182.3295 762.6384 223.2004 1.4823 1.6183 4.1917 4.0717 1.8968 29.3859 -5.2894 0.0279
Car -1 -1 -5.3771 0.0000 197.7159 101.4810 245.2334 1.4256 1.5958 3.6877 -19.2677 2.2980 24.1207 -6.0459 0.0276
Car -1 -1 -4.9687 730.4681 180.9693 776.3876 207.7881 1.3616 1.5502 3.8116 7.8078 1.8305 39.7652 -4.7768 0.0248
Car -1 -1 -5.2473 729.0704 180.8102 790.2658 208.3154 1.3947 1.5764 3.8030 8.1587 1.8562 39.8291 -5.0472 0.0228
Car -1 -1 -2.4971 9.3371 198.8766 146.8760 245.2404 1.4339 1.4652 3.4986 -17.6175 2.3239 23.9258 -3.1267 0.0217
Car -1 -1 -5.0245 726.8384 181.5903 776.8695 209.6972 1.4372 1.6000 3.8922 7.7990 1.9480 40.1844 -4.8347 0.0202
Car -1 -1 -4.5592 489.3451 180.9189 530.4152 214.3674 1.6523 1.5646 4.1795 -5.3575 2.1087 38.7585 -4.6961 0.0199
Car -1 -1 -2.8612 12.7718 197.5286 161.2608 247.0622 1.4791 1.5246 3.7607 -17.4714 2.3534 24.2301 -3.4809 0.0186
Car -1 -1 -7.5215 663.1536 184.6581 728.7454 221.2770 1.4224 1.6628 3.9187 3.7759 1.9726 31.5237 -7.4040 0.0179
Pedestrian -1 -1 -8.2905 749.0607 167.8878 769.5334 209.6686 1.9280 0.6560 0.8081 6.9405 1.6985 33.7650 -8.0901 0.0178
Car -1 -1 -4.6924 731.2502 180.9069 761.5498 208.2243 1.3815 1.5621 3.8596 7.5065 1.8477 39.7468 -4.5076 0.0166
Pedestrian -1 -1 -8.1870 746.9210 167.9462 766.6899 210.0401 1.9466 0.6888 0.7779 6.8306 1.7193 33.7990 -7.9898 0.0144
Car -1 -1 -5.2618 0.0000 196.8534 103.2300 245.8758 1.4565 1.6484 4.0208 -19.3725 2.3150 24.3483 -5.9287 0.0142
Car -1 -1 -5.2020 727.5839 179.4146 788.4324 209.5306 1.5482 1.6555 3.9118 8.1237 1.9319 40.1227 -5.0042 0.0114
Pedestrian -1 -1 -8.3316 749.0090 167.5523 770.8682 210.9059 1.9949 0.6919 0.8336 6.9561 1.7507 33.6969 -8.1303 0.0111
Car -1 -1 -4.8056 729.0206 180.8134 762.7088 208.2863 1.4180 1.4854 3.8278 7.5155 1.8846 40.3567 -4.6233 0.0091
Pedestrian -1 -1 -8.2496 747.1372 168.4294 768.5223 210.6710 1.9431 0.6920 0.8750 6.8550 1.7393 33.6874 -8.0511 0.0086
Car -1 -1 -4.6064 687.2523 177.9280 717.4625 201.9538 1.4946 1.5642 4.2333 6.1598 1.8481 48.0719 -4.4802 0.0084
Car -1 -1 -2.5513 18.7605 195.5366 165.7154 243.0228 1.4742 1.4658 3.7916 -17.1392 2.2507 23.9295 -3.1678 0.0068
Cyclist -1 -1 -8.3055 743.0178 168.2414 774.0768 208.1315 1.8130 0.7761 1.6427 6.8786 1.6031 33.6866 -8.1063 0.0032
Pedestrian -1 -1 -8.1965 509.5408 188.7164 526.7253 219.1112 1.7317 0.8376 0.6081 -5.3914 2.6660 42.0505 -8.3239 0.0025
Cyclist -1 -1 -6.0868 741.1178 168.3861 781.3511 209.9097 1.9002 0.8206 1.7153 7.0295 1.6954 33.7301 -5.8836 0.0022
Cyclist -1 -1 -8.4288 1108.2616 148.1508 1138.7836 184.2301 1.6250 0.3437 1.5671 23.6328 0.5121 33.2881 -7.8155 0.0020
Car -1 -1 -7.5184 399.8189 175.7652 432.6794 194.4562 1.6099 1.7013 3.7599 -17.3520 1.8784 64.6891 -7.7798 0.0018
Car -1 -1 -8.3985 797.0317 157.1304 838.9454 177.2097 1.8189 1.7509 4.3876 19.4418 0.3943 67.7081 -8.1202 0.0014
Car -1 -1 -8.1808 806.5372 156.4227 840.1001 178.0874 1.9676 1.7408 4.2376 19.9409 0.4750 67.6830 -7.8956 0.0014
Car -1 -1 -8.2443 799.9951 155.6944 839.6168 177.6251 1.9866 1.8940 4.7666 19.6410 0.4319 67.8321 -7.9637 0.0014
Pedestrian -1 -1 -6.4148 921.8448 154.1954 945.4601 216.8527 1.8641 0.7256 0.5581 9.7641 1.3087 21.8921 -6.0006 0.0013
Pedestrian -1 -1 -5.1078 800.5954 198.2495 829.5144 254.6843 1.0531 0.3887 0.4565 3.9046 1.5524 13.9422 -4.8411 0.0011
Car -1 -1 -7.6740 400.3658 174.5405 427.8310 192.8934 1.5831 1.6892 3.9806 -17.5422 1.7388 64.6713 -7.9381 0.0011
Pedestrian -1 -1 -4.7452 812.7584 193.4061 835.0408 255.9454 1.1874 0.3998 0.4299 4.1299 1.5968 14.1253 -4.4672 0.0009
Cyclist -1 -1 -8.3132 742.3546 166.9224 777.5112 210.1746 1.9588 0.8559 1.8818 6.9408 1.6899 33.6959 -8.1123 0.0008
Pedestrian -1 -1 -4.9551 814.0704 192.6601 841.6002 256.5337 1.1933 0.3914 0.5140 4.1403 1.5820 13.9084 -4.6725 0.0006
Cyclist -1 -1 -7.9375 807.6398 166.8119 834.4267 247.5077 1.5418 0.3746 1.5557 4.1978 1.4261 14.5853 -7.6633 0.0005
Pedestrian -1 -1 -4.8904 797.3405 196.6596 824.4674 257.3701 1.1531 0.4344 0.4557 3.8797 1.6275 14.1424 -4.6289 0.0005
