Car -1 -1 -8.0506 796.3585 180.9857 958.9232 298.3877 1.4979 1.6121 3.7468 3.9669 1.6486 11.4388 -7.7258 0.9999
Car -1 -1 -4.8582 739.3043 180.2465 827.4698 252.5239 1.5317 1.5157 3.7318 4.0610 1.7314 17.6014 -4.6360 0.9998
Car -1 -1 -4.4816 585.1607 174.7842 632.9692 209.5843 1.8025 1.7380 4.1523 -0.0290 1.9147 39.8382 -4.4829 0.9974
Car -1 -1 -4.4482 624.8952 178.0461 663.3035 203.1423 1.5324 1.5314 3.9314 2.2330 1.8857 47.0351 -4.4015 0.8751
Car -1 -1 -8.4595 0.0000 0.0000 1241.0000 374.0000 1.4635 1.5536 3.7343 2.7170 1.6290 1.5930 -7.4976 0.7902
Car -1 -1 -4.1891 623.2387 177.6617 673.9305 202.9287 1.5429 1.5278 3.9448 2.5189 1.8690 46.9175 -4.1363 0.7763
Car -1 -1 -4.4452 585.3915 175.7421 634.7156 209.9574 1.7588 1.6785 4.1527 0.0259 1.9262 39.6893 -4.4451 0.7696
Cyclist -1 -1 -7.7740 716.1060 170.6292 732.3851 210.8801 1.8115 0.6090 1.7988 5.2588 1.7111 33.4193 -7.6199 0.7681
Car -1 -1 -8.6185 0.0000 0.0000 1241.0000 374.0000 1.4626 1.5330 3.4855 3.0195 1.6450 1.8361 -7.6638 0.6965
Car -1 -1 -8.1584 0.0000 0.0000 1241.0000 374.0000 1.4700 1.5585 3.9432 2.3524 1.6284 1.5739 -7.2610 0.6809
Car -1 -1 -8.6310 0.0000 0.0000 1241.0000 374.0000 1.5338 1.5775 3.8229 2.7447 1.5862 1.3710 -7.6069 0.6547
Car -1 -1 -4.0448 623.1383 177.6229 679.9272 202.8606 1.5417 1.5404 3.9960 2.7016 1.8643 46.8431 -3.9881 0.6335
Car -1 -1 -8.7776 0.0000 0.0000 1241.0000 374.0000 1.5413 1.5637 3.7670 2.9866 1.6159 1.4025 -7.7247 0.6277
Car -1 -1 -4.4813 623.3522 178.0145 661.5054 202.8799 1.5182 1.6044 4.0696 2.1311 1.8706 47.1353 -4.4369 0.6047
Car -1 -1 -8.4757 0.0000 0.0000 1241.0000 374.0000 1.5571 1.5557 3.9778 2.4489 1.6086 1.2441 -7.4674 0.5708
Car -1 -1 -9.0122 0.0000 0.0000 1241.0000 374.0000 1.5449 1.5762 3.7425 3.2447 1.6025 1.5280 -7.9542 0.5257
Car -1 -1 -4.4342 621.4446 178.1650 661.4459 202.8223 1.4971 1.6053 3.8256 2.0479 1.8563 46.7688 -4.3912 0.5219
Pedestrian -1 -1 -6.3866 929.4085 171.1143 956.6643 249.0847 1.6984 0.4760 0.4982 7.3368 1.6602 16.0214 -5.9649 0.5120
Car -1 -1 -4.5741 682.2900 176.8787 706.2707 195.6522 1.5581 1.5539 3.9314 7.3494 1.9202 62.8796 -4.4587 0.5054
Pedestrian -1 -1 -6.4319 929.7403 172.4654 960.2882 250.9102 1.6987 0.4905 0.5404 7.3391 1.6899 15.9337 -6.0081 0.4858
Car -1 -1 -4.6851 681.2577 177.1741 700.8673 195.9492 1.5597 1.5982 4.0553 7.0838 1.9495 63.0337 -4.5741 0.4600
Car -1 -1 -4.1134 623.6562 177.3882 679.2794 202.8459 1.5544 1.5787 4.0964 2.7066 1.8622 46.9114 -4.0566 0.3986
Pedestrian -1 -1 -6.3614 925.9283 174.3918 955.9158 252.0860 1.6784 0.4784 0.5607 7.2421 1.7128 15.9194 -5.9422 0.3573
Pedestrian -1 -1 -3.1314 924.8284 172.8282 951.2081 250.3572 1.6914 0.4662 0.5274 7.2477 1.6905 16.0626 -2.7152 0.3267
Car -1 -1 -9.3588 0.0000 0.0000 1241.0000 374.0000 1.5555 1.6038 3.8703 3.6558 1.5987 1.4117 -8.2254 0.3139
Car -1 -1 -4.5360 679.5837 177.3769 707.2769 195.5936 1.5086 1.6714 4.3993 7.3276 1.9196 63.2657 -4.4216 0.3131
Car -1 -1 -5.0654 807.0409 172.6172 859.0692 198.2836 1.4833 1.6500 4.2078 13.4457 1.4694 43.8480 -4.7701 0.3101
Car -1 -1 -3.8758 617.8347 178.7995 677.4399 202.7175 1.4612 1.6189 3.7413 2.4299 1.8614 46.7895 -3.8247 0.3026
Car -1 -1 -4.4631 682.7573 176.6497 711.7957 195.7356 1.5818 1.5657 4.0445 7.6086 1.9235 62.8320 -4.3435 0.2685
Car -1 -1 -4.8099 809.1964 172.7625 845.3105 198.9196 1.5047 1.6682 4.2930 13.0879 1.4992 43.7734 -4.5216 0.2674
Car -1 -1 -8.7578 1086.1965 200.5652 1241.0000 374.0000 1.4728 1.6051 3.6332 3.2562 1.6228 2.0678 -7.8161 0.2440
Pedestrian -1 -1 -3.0374 1027.9463 164.7314 1052.6069 222.9794 1.6952 0.4986 0.5823 12.6966 1.4585 21.3726 -2.5078 0.2347
Car -1 -1 -4.5552 620.4005 178.7166 654.8394 202.9044 1.4726 1.6357 4.0646 1.8143 1.8727 47.1247 -4.5175 0.2016
Car -1 -1 -9.0553 0.0000 0.0000 1241.0000 374.0000 1.5587 1.6065 3.9881 2.9722 1.6566 0.8677 -7.8580 0.1777
Car -1 -1 -9.2341 0.0000 0.0000 1241.0000 374.0000 1.5221 1.6206 3.8793 3.6878 1.5972 1.7607 -8.1727 0.1708
Car -1 -1 -8.9502 0.0000 0.0000 1241.0000 374.0000 1.5013 1.5679 3.7213 2.6305 1.6617 0.6911 -7.7386 0.1622
Car -1 -1 -4.8062 677.3846 177.5578 700.2505 196.0636 1.5386 1.6121 3.9518 6.8252 1.9619 62.9862 -4.6992 0.1611
Car -1 -1 -8.4139 1079.7866 201.4818 1241.0000 374.0000 1.4914 1.6576 3.7918 3.2915 1.6782 2.6665 -7.5775 0.1208
Pedestrian -1 -1 -6.1301 1027.0195 165.4622 1058.6494 224.3488 1.6954 0.5328 0.7281 12.6743 1.4823 21.2110 -5.5981 0.1104
Car -1 -1 -4.6024 677.4510 177.4692 702.2543 195.9817 1.5405 1.6938 4.5198 7.0529 1.9625 63.6255 -4.4930 0.1033
Car -1 -1 -2.0497 302.0511 188.9877 406.2693 241.7243 1.4256 1.7020 3.3175 -8.0039 1.9639 22.3325 -2.3906 0.0908
Cyclist -1 -1 -8.2859 1197.2936 179.9289 1241.0000 374.0000 1.6311 0.4524 1.8227 2.6012 1.6638 2.4312 -7.5263 0.0907
Cyclist -1 -1 -8.2235 1176.2645 200.0423 1241.0000 374.0000 1.5814 0.3948 1.7317 2.5909 1.7138 2.6402 -7.5029 0.0711
Car -1 -1 -6.4674 716.8052 177.3210 795.7604 207.5892 1.4979 1.6396 3.7036 7.3744 1.7306 36.7970 -6.2717 0.0632
Car -1 -1 -3.8031 1185.7090 179.9271 1241.0000 374.0000 1.5488 1.6103 4.0344 4.3233 1.5837 2.0363 -2.7275 0.0627
Car -1 -1 -9.1076 1108.5406 198.4486 1241.0000 374.0000 1.4858 1.6103 3.7610 3.7239 1.6301 2.0547 -8.1007 0.0606
Pedestrian -1 -1 -3.8642 1116.0687 161.6408 1144.3909 223.7317 1.7893 0.5084 0.4449 15.1374 1.4659 21.0695 -3.2482 0.0579
Car -1 -1 -9.1697 0.0000 0.0000 1241.0000 374.0000 1.4868 1.6401 3.9409 3.2537 1.5955 0.7599 -7.9125 0.0568
Car -1 -1 -5.9306 712.4293 176.1686 801.1161 208.4955 1.5342 1.6226 4.0692 7.3331 1.7090 36.3581 -5.7336 0.0560
Car -1 -1 -1.9950 305.0388 186.7753 404.9446 241.2795 1.4471 1.5634 3.4679 -7.8259 1.9033 21.8658 -2.3353 0.0554
Pedestrian -1 -1 -3.1368 1019.0389 166.2290 1046.4707 223.8007 1.6747 0.5361 0.6940 12.4816 1.4817 21.3945 -2.6151 0.0480
Car -1 -1 -5.2642 312.9601 188.5343 433.9794 244.0335 1.4487 1.5559 4.1016 -7.2674 1.9645 21.8341 -5.5824 0.0450
Car -1 -1 -4.4482 1128.7468 202.2139 1241.0000 374.0000 1.4905 1.4532 3.6213 3.8457 1.6599 2.7793 -3.5532 0.0377
Car -1 -1 -2.0761 277.8925 185.9952 391.1418 244.1959 1.4998 1.6762 3.3607 -8.1387 1.9151 21.0964 -2.4405 0.0345
Pedestrian -1 -1 -3.8206 1109.7526 161.4426 1138.1929 222.5487 1.7803 0.5451 0.4372 15.1244 1.4475 21.3085 -3.2103 0.0327
Car -1 -1 -8.2756 312.1223 189.4364 409.9062 242.6276 1.4045 1.5184 3.4802 -7.6755 1.9499 21.9549 -8.6087 0.0311
Car -1 -1 -2.0328 306.2022 187.1156 409.9848 242.0245 1.4668 1.6627 3.3462 -7.7547 1.9353 21.9543 -2.3690 0.0280
Car -1 -1 -3.7411 1111.6021 197.2405 1241.0000 374.0000 1.5066 1.6128 4.0159 3.9319 1.6284 2.0345 -2.7061 0.0269
Car -1 -1 -2.0121 263.0020 186.8725 375.5023 245.8161 1.4890 1.6417 3.6070 -8.5292 1.9307 20.9236 -2.3952 0.0268
Car -1 -1 -6.9533 713.8864 178.1972 792.2808 207.9804 1.4450 1.6299 3.7661 7.3381 1.7316 37.1649 -6.7603 0.0262
Car -1 -1 -4.5494 1166.1417 185.8293 1241.0000 374.0000 1.5370 1.5979 4.0590 4.3952 1.6269 3.3084 -3.6665 0.0258
Car -1 -1 -4.9905 246.4751 188.8775 347.0098 248.4129 1.4839 1.6767 3.9674 -9.3057 1.9994 21.1604 -5.4007 0.0244
Car -1 -1 -7.2198 712.8328 177.7312 786.9850 208.4657 1.4926 1.6562 4.1791 7.3151 1.7609 37.7123 -7.0302 0.0235
Car -1 -1 -7.0959 713.0400 178.6801 788.6470 208.4450 1.4409 1.6304 3.8830 7.2907 1.7573 37.4253 -6.9055 0.0215
Car -1 -1 -4.7597 674.2062 177.7904 696.3683 196.6939 1.5670 1.7208 4.1748 6.5230 2.0127 63.0555 -4.6575 0.0191
Car -1 -1 -3.8771 1086.3719 202.7350 1241.0000 374.0000 1.4803 1.5801 3.8573 3.9543 1.6271 2.3040 -2.8889 0.0175
Car -1 -1 -9.2525 0.0000 0.0000 1241.0000 374.0000 1.4855 1.7267 4.2158 3.0162 1.5823 0.0911 -7.8081 0.0163
Car -1 -1 -4.2725 1120.7186 175.9612 1241.0000 374.0000 1.5561 1.6111 4.0230 4.4141 1.5733 2.9009 -3.3293 0.0143
Car -1 -1 -2.0077 253.3951 189.5030 372.0557 245.9785 1.3764 1.6823 3.8025 -8.5974 1.8957 20.6141 -2.3987 0.0111
Car -1 -1 -7.6562 715.9711 177.6933 759.7778 207.3046 1.4446 1.5349 3.9447 6.7446 1.7135 38.0098 -7.4824 0.0110
Car -1 -1 -2.1833 282.5753 188.7592 398.3549 241.6785 1.4733 1.6033 3.6833 -8.6009 2.0134 22.8136 -2.5405 0.0090
Car -1 -1 -5.1740 826.6972 180.1273 898.7726 214.2897 1.3260 1.3845 3.6743 10.6350 1.6548 30.7328 -4.8443 0.0082
Car -1 -1 -2.0167 256.2667 187.8024 373.4985 245.0829 1.4329 1.7159 3.6994 -8.6504 1.9047 20.9082 -2.4049 0.0082
Car -1 -1 -5.2406 836.7185 179.4405 920.7698 217.5807 1.4093 1.4691 3.7946 10.7861 1.6951 29.3493 -4.8922 0.0065
Car -1 -1 -4.1558 0.0000 0.0000 1241.0000 374.0000 1.4664 1.6059 3.8007 2.9261 1.4885 0.7272 -2.9208 0.0063
Car -1 -1 -5.4371 838.7740 178.8145 933.6052 215.8809 1.3700 1.4520 3.7667 11.0864 1.6287 29.3354 -5.0796 0.0060
Car -1 -1 -5.0554 825.1342 177.6610 893.0826 212.9419 1.4141 1.5332 3.9569 10.7238 1.6366 31.4536 -4.7301 0.0060
Car -1 -1 -5.7752 838.4369 173.7036 945.4485 212.5051 1.4781 1.4957 3.8285 11.4169 1.5148 29.5181 -5.4099 0.0060
Car -1 -1 -7.4908 1128.9425 173.2656 1241.0000 374.0000 1.5829 1.6516 4.0831 4.5612 1.5852 3.1628 -6.5696 0.0054
Car -1 -1 -5.1247 825.8942 179.8898 894.1830 213.0257 1.2931 1.4136 3.5862 10.5447 1.6111 30.7898 -4.7982 0.0052
Car -1 -1 -5.1263 827.5654 178.1425 905.3542 214.2928 1.4020 1.5555 4.1558 10.7750 1.6427 30.7418 -4.7927 0.0049
Car -1 -1 -4.8804 838.6843 175.8787 898.8572 217.7532 1.5579 1.5888 4.2302 10.4014 1.6901 29.3838 -4.5438 0.0043
Car -1 -1 -5.1101 832.6857 176.6315 905.6025 215.5876 1.4866 1.4998 3.6830 10.5624 1.6521 29.7836 -4.7729 0.0037
Cyclist -1 -1 -5.3580 1013.1993 164.3039 1064.3407 222.1591 1.6571 0.5115 1.4770 12.6608 1.4119 21.4302 -4.8308 0.0036
Car -1 -1 -8.0941 263.2461 187.7797 358.1207 247.4735 1.5000 1.7703 3.5039 -8.8339 1.9749 21.0354 -8.4877 0.0035
Car -1 -1 -6.9942 839.8306 173.0054 937.5323 209.8929 1.5147 1.6108 3.7961 11.9391 1.5212 31.0431 -6.6307 0.0035
Car -1 -1 -5.4426 831.0291 177.8844 922.9886 216.2168 1.4547 1.5250 3.6269 10.9191 1.6764 29.8658 -5.0958 0.0034
Car -1 -1 -5.3522 834.7342 178.6346 917.9190 216.2683 1.4255 1.4065 3.4758 10.8604 1.6786 29.7704 -5.0062 0.0033
Car -1 -1 -3.2135 1087.1174 169.9784 1238.2981 213.1779 1.5498 1.6992 4.4995 21.0595 1.4463 27.8153 -2.5708 0.0027
Car -1 -1 -3.2394 1101.0637 173.0761 1241.0000 214.8483 1.4944 1.6335 4.0998 21.2635 1.5032 27.6039 -2.5885 0.0026
Pedestrian -1 -1 -3.4576 750.5555 164.7073 760.1267 200.9780 1.7506 0.5495 0.2990 7.0310 1.3571 35.1156 -3.2620 0.0020
Car -1 -1 -6.6547 987.4312 162.5309 1095.7415 207.6761 1.8528 1.7070 3.5813 18.2588 1.4288 30.7396 -6.1233 0.0017
Cyclist -1 -1 -7.8947 563.1282 180.1815 571.0343 204.7615 1.4069 0.4016 1.5113 -2.5701 1.8464 42.5324 -7.9552 0.0011
Cyclist -1 -1 -8.0929 562.4907 178.6476 573.9333 204.6334 1.5189 0.3281 1.5400 -2.5494 1.8726 43.3079 -8.1519 0.0009
Pedestrian -1 -1 -3.1280 563.8174 178.7995 572.6661 204.3347 1.4945 0.7281 0.5150 -2.5095 1.8498 42.7790 -3.1867 0.0006
Cyclist -1 -1 -6.7268 1010.1188 165.7330 1070.6532 222.5286 1.6601 0.5377 1.4542 12.7135 1.4516 21.4195 -6.1976 0.0006
Cyclist -1 -1 -8.1803 565.4462 180.5692 580.3281 205.1999 1.4166 0.3820 1.6158 -2.2462 1.8831 42.8336 -8.2329 0.0004
Cyclist -1 -1 -7.9971 562.8688 179.3630 573.5350 204.4927 1.4481 0.3895 1.7176 -2.5280 1.8429 42.9165 -8.0561 0.0003
Cyclist -1 -1 -8.2911 804.1401 175.1693 823.2905 203.0860 1.4968 0.3856 1.5526 11.1372 1.6262 39.6158 -8.0194 0.0003
Cyclist -1 -1 -7.9992 809.6512 174.9063 822.8164 201.8904 1.4315 0.4781 1.4371 11.1403 1.5446 39.1336 -7.7242 0.0001
