Pedestrian -1 -1 -3.4604 537.6417 170.6574 566.6441 229.0411 1.7018 0.7734 0.6492 -1.5053 1.3862 21.4197 -3.5350 0.8606
Pedestrian -1 -1 -8.1614 840.0786 196.4127 924.9814 344.7212 1.3995 0.6108 0.6482 2.7389 1.5562 7.1815 -7.8149 0.6153
Pedestrian -1 -1 -7.5653 339.2308 172.3945 422.1098 344.1366 1.6881 0.6749 0.5798 -2.2944 1.5993 7.3538 -7.8641 0.5716
Pedestrian -1 -1 -7.6545 326.0812 175.0828 414.2052 346.0423 1.6635 0.7515 0.6083 -2.3915 1.6017 7.3336 -7.9656 0.5335
Pedestrian -1 -1 -7.5617 335.7036 174.9044 419.3796 350.5675 1.6771 0.6160 0.7488 -2.2847 1.6149 7.2356 -7.8637 0.5315
Pedestrian -1 -1 -3.5386 535.0273 169.7400 566.4343 228.7262 1.7105 0.7164 0.7044 -1.5385 1.3699 21.3093 -3.6151 0.4906
Pedestrian -1 -1 -7.5624 318.3287 177.1879 404.4879 352.0854 1.6692 0.6499 0.6901 -2.4394 1.6287 7.2102 -7.8841 0.4512
Pedestrian -1 -1 -8.2080 843.7168 194.0647 928.2206 347.9495 1.4410 0.5765 0.6483 2.7437 1.5717 7.1049 -7.8577 0.4098
Pedestrian -1 -1 -5.1845 801.8197 203.3026 864.0254 315.4303 1.2209 0.4246 0.6572 2.6201 1.4851 8.3234 -4.8943 0.3703
Cyclist -1 -1 -5.1426 789.5887 191.3247 891.8665 327.5901 1.3782 0.4542 1.5819 2.6270 1.5022 8.1971 -4.8475 0.3685
Pedestrian -1 -1 -5.6717 709.2051 156.1227 743.5317 231.3939 1.8204 0.6434 0.5751 3.0612 1.2072 17.8041 -5.5091 0.3619
Pedestrian -1 -1 -2.5820 717.8524 157.4550 759.4781 231.1581 1.8190 0.5815 0.8606 3.4458 1.2261 18.2336 -2.4031 0.2848
Pedestrian -1 -1 -8.3672 698.4017 159.5283 730.8751 233.9576 1.7810 0.6478 0.4415 2.7212 1.2558 17.5115 -8.2206 0.2488
Pedestrian -1 -1 -2.7305 717.1552 160.1713 758.5043 231.3869 1.7837 0.5328 0.9082 3.4703 1.2500 18.4658 -2.5525 0.1766
Pedestrian -1 -1 -5.2416 798.6245 209.3944 854.2183 311.9734 1.1395 0.3707 0.5945 2.6015 1.4830 8.4945 -4.9587 0.1629
Pedestrian -1 -1 -8.3477 697.6630 157.6084 730.8202 232.7400 1.8113 0.6495 0.4890 2.7340 1.2358 17.6580 -8.2016 0.1494
Pedestrian -1 -1 -2.6746 709.3449 157.2478 753.3447 231.6292 1.8284 0.6242 0.9140 3.2517 1.2328 18.1800 -2.5053 0.1407
Cyclist -1 -1 -7.6617 341.3718 174.8578 434.7032 349.7735 1.6385 0.6086 1.8555 -2.2707 1.5770 7.6808 -7.9462 0.1270
Pedestrian -1 -1 -5.2015 828.2545 175.5397 862.5256 244.5855 1.4178 0.4671 0.5621 5.0717 1.2960 15.0683 -4.8873 0.1215
Pedestrian -1 -1 -5.1999 785.4862 210.7565 840.9717 315.0246 1.1675 0.3996 0.5843 2.4640 1.5301 8.5566 -4.9334 0.1204
Pedestrian -1 -1 -7.9587 866.6205 189.3869 942.8191 346.9427 1.4641 0.6227 0.5384 2.9072 1.5460 7.0512 -7.5864 0.1001
Pedestrian -1 -1 -7.8960 867.6584 194.6330 934.1631 342.3477 1.3924 0.5754 0.6135 2.9416 1.5321 7.2218 -7.5276 0.0948
Car -1 -1 -7.0252 786.4995 195.8416 1110.0311 342.3054 1.3210 1.4241 3.0610 3.7024 1.5018 7.8632 -6.6035 0.0700
Pedestrian -1 -1 -4.9868 828.6872 182.0267 856.3049 245.0207 1.3121 0.4247 0.5195 5.0675 1.3241 15.2344 -4.6761 0.0649
Car -1 -1 -7.0432 787.3114 190.8091 1116.6388 333.4911 1.3431 1.4212 3.3185 3.8886 1.4649 8.1328 -6.6153 0.0561
Pedestrian -1 -1 -4.9714 825.1877 203.9628 891.7279 329.3234 1.2679 0.5177 0.6248 2.6928 1.5199 7.7101 -4.6517 0.0511
Cyclist -1 -1 -5.1995 819.5389 174.8711 871.2719 245.2198 1.4139 0.4696 1.2839 5.0707 1.2813 15.1103 -4.8863 0.0498
Car -1 -1 -4.9286 395.3502 179.5617 446.1917 212.9530 1.4622 1.5280 3.6471 -8.4658 1.3776 33.4272 -5.1799 0.0248
Pedestrian -1 -1 -5.1745 821.0413 177.1944 855.2173 245.7352 1.4034 0.4735 0.5618 4.9041 1.3158 15.0223 -4.8694 0.0240
Car -1 -1 -5.0079 396.6277 178.2792 451.8034 211.8692 1.4899 1.5154 3.6158 -8.3965 1.3474 33.8022 -5.2547 0.0228
Car -1 -1 -5.0013 402.4978 176.0146 458.0302 211.7109 1.5818 1.5505 3.6385 -8.1110 1.3390 33.7936 -5.2402 0.0225
Car -1 -1 -5.7883 365.2695 171.6636 459.2119 209.0185 1.7272 1.8332 3.9789 -9.0882 1.2727 34.5686 -6.0486 0.0216
Car -1 -1 -4.9607 403.5992 177.5434 455.3026 212.8640 1.5566 1.4911 3.6122 -8.1028 1.3825 33.6019 -5.2006 0.0211
Cyclist -1 -1 -3.2481 811.5667 170.8805 883.0186 242.9616 1.4756 0.5052 1.3686 5.1069 1.2588 15.0944 -2.9324 0.0209
Cyclist -1 -1 -8.3259 822.3722 170.7843 877.0210 243.3779 1.4289 0.4647 1.4042 5.0736 1.2186 14.8692 -8.0078 0.0206
Car -1 -1 -4.0679 368.0221 176.0673 441.1012 211.2888 1.5629 1.5436 3.4729 -9.2015 1.3222 33.7743 -4.3370 0.0204
Pedestrian -1 -1 -6.6966 777.2210 166.1937 805.5169 228.5924 1.5896 0.5660 0.5218 4.8843 1.2002 18.6219 -6.4488 0.0177
Pedestrian -1 -1 -4.8488 844.0149 191.9527 898.4498 315.3449 1.3304 0.4706 0.7419 3.0235 1.4567 8.2246 -4.5125 0.0170
Pedestrian -1 -1 -6.7491 787.5363 167.0509 815.7332 229.3179 1.5671 0.5612 0.4927 5.0895 1.2040 18.4037 -6.4882 0.0151
Car -1 -1 -7.9285 842.4518 196.1019 1030.8416 347.6548 1.2525 1.5298 3.6370 3.5566 1.4614 8.2808 -7.5399 0.0137
Car -1 -1 -5.0718 873.0132 178.7338 938.1513 212.3408 1.3222 1.4269 3.2089 12.5620 1.2137 29.8866 -4.6821 0.0132
Pedestrian -1 -1 -6.7579 784.2230 167.0044 812.8984 229.6449 1.5928 0.5962 0.4947 5.0675 1.2248 18.6106 -6.5008 0.0131
Car -1 -1 -2.4343 375.4296 175.5217 452.4931 208.8062 1.5342 1.6267 3.3254 -9.0316 1.2589 34.5637 -2.6930 0.0130
Car -1 -1 -4.9032 879.4152 173.6962 940.7736 210.8408 1.4101 1.5578 3.8242 12.4840 1.1142 29.3005 -4.5087 0.0126
Car -1 -1 -6.5316 519.6303 170.1044 620.2870 204.8438 1.4461 1.7061 4.0858 -1.4038 0.9720 31.3170 -6.5810 0.0116
Car -1 -1 -4.5837 393.6507 175.9390 437.2387 209.0170 1.4821 1.5545 3.6985 -8.7873 1.2332 34.1176 -4.8390 0.0109
Car -1 -1 -4.6716 392.1743 177.1192 427.4820 211.8351 1.5153 1.4472 3.6207 -8.8429 1.3244 33.2789 -4.9345 0.0104
Car -1 -1 -4.2623 369.2759 175.4584 435.2653 212.5399 1.6204 1.5319 3.6258 -9.1731 1.3567 33.3095 -4.5341 0.0100
Car -1 -1 -6.1564 365.5193 173.0259 447.8855 210.3865 1.7248 1.6869 3.6111 -9.2342 1.3338 34.2486 -6.4229 0.0100
Car -1 -1 -3.2434 355.3893 174.0468 438.5971 207.8951 1.5328 1.5494 3.6372 -9.6709 1.1956 33.9277 -3.5240 0.0094
Car -1 -1 -6.4425 353.7822 171.8965 442.8956 207.6359 1.6118 1.5565 3.8481 -9.5951 1.1790 33.9171 -6.7212 0.0082
Car -1 -1 -5.2884 869.0284 178.1282 950.4486 212.0887 1.3286 1.4628 3.4184 12.7335 1.1970 29.9159 -4.8943 0.0079
Cyclist -1 -1 -7.5726 325.9724 174.3456 431.0068 354.5195 1.6454 0.5668 1.7642 -2.2973 1.5807 7.4460 -7.8684 0.0078
Car -1 -1 -2.8989 360.6626 173.8472 441.6564 205.4386 1.4724 1.5430 3.4602 -9.5300 1.1160 34.3054 -3.1729 0.0076
Car -1 -1 -3.3141 325.1698 181.6366 444.8532 218.8700 1.4191 1.8127 4.4091 -8.7994 1.4253 29.1931 -3.6096 0.0072
Car -1 -1 -8.5450 0.0000 0.0000 1237.0000 373.0000 1.4346 1.4832 3.5570 3.1557 1.4083 1.8101 -7.5616 0.0066
Car -1 -1 -7.9370 864.1467 190.2053 1041.4391 341.2115 1.3522 1.4562 3.5083 3.8966 1.4794 8.5458 -7.5263 0.0064
Car -1 -1 -6.2037 876.9627 158.6959 1098.5490 240.8412 1.4879 1.6256 3.8109 7.7667 1.0755 14.7038 -5.7302 0.0062
Car -1 -1 -8.3192 0.0000 0.0000 1237.0000 373.0000 1.3928 1.4688 3.4675 2.7865 1.4061 1.7179 -7.3728 0.0060
Pedestrian -1 -1 -6.7907 430.8824 175.1948 467.4046 257.7107 1.6818 0.5396 0.5540 -3.2263 1.5539 15.0267 -7.0041 0.0057
Car -1 -1 -3.5016 349.5378 172.9854 439.5357 207.3185 1.5277 1.5834 3.7425 -9.6939 1.1491 33.7181 -3.7846 0.0057
Car -1 -1 -8.8593 1142.7715 0.0000 1237.0000 373.0000 1.5139 1.5803 3.5970 3.4550 1.3638 1.8351 -7.8402 0.0057
Car -1 -1 -8.1066 395.6783 177.7465 446.0622 206.7168 1.3315 1.5928 3.2453 -8.8007 1.1593 34.8221 -8.3574 0.0054
Car -1 -1 -3.2803 326.9963 182.1716 441.4478 218.4163 1.3783 1.7944 4.2245 -8.8077 1.4074 29.0830 -3.5770 0.0053
Car -1 -1 -6.2060 375.5791 173.9420 460.0293 210.5745 1.6901 1.7077 3.7935 -8.7145 1.3417 34.3121 -6.4580 0.0051
Pedestrian -1 -1 -6.9789 439.7039 177.8587 488.4896 257.6365 1.6054 0.5776 0.8184 -2.8948 1.5327 14.9551 -7.1724 0.0046
Car -1 -1 -6.4756 877.7172 157.8698 1084.6948 238.2822 1.5367 1.6404 3.5458 7.7031 1.0857 14.9905 -6.0132 0.0046
Car -1 -1 -3.2638 335.5925 181.5001 454.9890 216.8781 1.3581 1.8404 4.4872 -8.4263 1.3585 29.3062 -3.5465 0.0043
Car -1 -1 -6.7829 857.5862 161.8096 1088.5027 241.3703 1.5810 1.7499 4.0084 7.7149 1.1903 15.2348 -6.3263 0.0036
Car -1 -1 -8.3660 807.5911 181.4145 1116.8068 328.2545 1.4362 1.7271 3.6863 4.0687 1.4361 8.9471 -7.9558 0.0035
Cyclist -1 -1 -7.6789 319.9398 178.6892 411.6924 356.5930 1.6096 0.5932 1.7878 -2.4275 1.5849 7.4252 -7.9909 0.0034
Car -1 -1 -6.5330 0.0000 0.0000 1237.0000 373.0000 1.5508 1.5934 3.6592 -4.9922 1.6754 1.4963 -7.7707 0.0030
Car -1 -1 -6.5725 0.0000 0.0000 1237.0000 373.0000 1.5298 1.5806 3.5823 -4.1852 1.6243 1.4017 -7.7706 0.0030
Pedestrian -1 -1 -4.5017 403.7870 216.1513 444.2600 318.5880 1.1634 0.3845 0.4460 -2.1531 1.5873 8.5435 -4.7475 0.0030
Pedestrian -1 -1 -3.8221 773.5914 170.9882 797.7385 223.3035 1.4494 0.4576 0.4752 5.1490 1.1587 20.2103 -3.5809 0.0029
Pedestrian -1 -1 -7.6519 461.8813 181.1534 494.2892 254.4537 1.4856 0.5312 0.7351 -2.5963 1.4791 14.9331 -7.8266 0.0027
Car -1 -1 -7.8043 390.1642 174.1876 429.0114 206.5233 1.4922 1.6744 3.3597 -9.3007 1.1550 34.9674 -8.0675 0.0025
Cyclist -1 -1 -8.0474 875.2277 173.9964 893.9973 208.7471 1.4366 0.4204 1.6338 12.0093 1.1267 30.5361 -7.6807 0.0022
Cyclist -1 -1 -7.9327 1205.7672 169.9709 1237.0000 373.0000 1.6970 0.4927 1.7387 3.0756 1.6592 3.2516 -7.2205 0.0021
Car -1 -1 -8.5004 824.4883 182.0309 1125.7816 319.4909 1.3473 1.6155 3.1519 4.2241 1.3557 8.7656 -8.0685 0.0019
Cyclist -1 -1 -8.1928 717.2226 160.3524 759.2470 232.5519 1.7434 0.4874 1.7143 3.4128 1.2333 18.2306 -8.0156 0.0017
Cyclist -1 -1 -5.7701 428.3441 175.2392 524.2999 257.1678 1.6315 0.6454 1.8879 -2.6392 1.5074 14.9198 -5.9477 0.0016
Pedestrian -1 -1 -7.8216 372.3480 172.5071 394.2506 213.0984 1.7234 0.8875 0.4610 -9.3761 1.3419 30.8370 -8.1195 0.0016
Car -1 -1 -8.0127 398.4198 173.5278 444.7204 206.5259 1.5328 1.6306 3.6846 -8.9139 1.1628 35.3825 -8.2628 0.0015
Pedestrian -1 -1 -7.8136 368.8946 171.7242 389.2292 211.7770 1.6972 0.8162 0.4638 -9.5374 1.2833 30.7685 -8.1169 0.0015
Pedestrian -1 -1 -7.7623 371.1988 173.5659 393.7961 213.6935 1.6888 0.8804 0.4939 -9.3278 1.3552 30.5646 -8.0612 0.0014
Pedestrian -1 -1 -3.1250 782.2349 160.2149 802.5477 218.5745 1.5503 0.5628 0.5232 5.1299 0.9854 19.4222 -2.8752 0.0013
Car -1 -1 -8.5944 796.6569 180.3490 1096.5057 316.8412 1.4193 1.6445 3.2999 4.1508 1.4080 9.2983 -8.1905 0.0012
Car -1 -1 -8.6260 808.5117 184.4701 1094.1737 317.0478 1.3604 1.5226 3.0558 4.1749 1.4059 9.1449 -8.2140 0.0011
Pedestrian -1 -1 -3.4923 1106.4154 119.8371 1237.0000 373.0000 1.9525 0.6654 0.6174 3.0917 1.6633 3.7867 -2.8469 0.0010
Cyclist -1 -1 -5.9767 428.4138 180.0809 512.8914 253.9868 1.4712 0.6422 1.5838 -2.7065 1.4436 14.7149 -6.1609 0.0009
Car -1 -1 -6.3650 352.1649 177.4004 480.2541 214.3035 1.4374 1.9771 4.9835 -7.6961 1.2780 29.7375 -6.6212 0.0006
Cyclist -1 -1 -7.5774 454.8711 179.1056 498.1846 253.0152 1.4418 0.5041 1.4611 -2.5867 1.3957 14.7650 -7.7533 0.0006
Cyclist -1 -1 -6.1858 731.3693 165.5258 768.1865 198.0051 1.3861 0.5792 1.5178 6.4182 0.7047 31.1527 -5.9892 0.0005
Cyclist -1 -1 -6.1945 737.8698 165.9935 773.2643 198.4892 1.3861 0.6116 1.4556 6.6677 0.7250 31.1431 -5.9903 0.0004
Pedestrian -1 -1 -6.6239 758.1559 164.1724 767.9839 202.9815 1.7460 0.4740 0.2899 7.3128 0.9667 32.5704 -6.4097 0.0004
Pedestrian -1 -1 -6.4567 760.7865 163.3685 767.1074 196.0809 1.4650 0.4109 0.2068 7.3095 0.6533 32.3791 -6.2414 0.0003
Car -1 -1 -6.3190 348.0587 175.6683 483.4546 214.5609 1.5018 2.0816 5.2042 -7.6121 1.2770 29.4823 -6.5747 0.0003
Pedestrian -1 -1 -6.1429 763.5240 167.9964 769.9150 202.6401 1.5582 0.4107 0.2301 7.4740 0.9511 32.5426 -5.9239 0.0002
Pedestrian -1 -1 -3.1601 764.6746 163.7323 769.7834 197.2366 1.4973 0.4191 0.2127 7.4458 0.7035 32.3282 -2.9404 0.0002
