Car -1 -1 -2.6143 26.9756 174.3308 344.0569 267.2756 1.4696 1.6596 4.4381 -7.1097 1.4962 12.2922 -3.1297 0.9999
Car -1 -1 -4.5357 447.6046 173.6384 542.8356 247.4417 1.6916 1.7357 3.9581 -2.8774 1.7137 18.5803 -4.6879 0.9998
Car -1 -1 -8.0025 718.7797 186.5847 863.1989 306.7290 1.4827 1.5721 3.4483 2.5475 1.7271 11.0851 -7.7837 0.9997
Cyclist -1 -1 -4.6212 567.2205 170.4229 598.1053 247.6349 1.7888 0.6004 1.7602 -0.7001 1.7322 17.6103 -4.6614 0.9984
Car -1 -1 -7.7240 512.5474 179.0810 568.2569 224.8215 1.5221 1.5502 3.8197 -2.5270 1.7670 26.4740 -7.8189 0.9976
Car -1 -1 -8.1492 785.2191 186.7888 1075.6748 374.0000 1.5396 1.4709 2.6552 2.4538 1.6870 6.2770 -7.7939 0.9941
Car -1 -1 -4.7690 641.8188 177.4835 674.4964 203.6884 1.4762 1.7210 4.0472 2.8145 1.7673 43.3925 -4.7052 0.9724
Car -1 -1 -8.1585 789.5383 185.0466 1072.1320 374.0000 1.5201 1.4361 2.3898 2.4263 1.6442 6.1307 -7.7995 0.9471
Cyclist -1 -1 -4.6404 567.5532 170.6067 596.6722 247.5140 1.7799 0.5898 1.7489 -0.7135 1.7276 17.5819 -4.6814 0.8518
Car -1 -1 -4.8103 639.1362 177.4856 674.3878 203.9859 1.4888 1.7115 4.0334 2.7218 1.7795 43.2971 -4.7484 0.8355
Car -1 -1 -7.7067 508.7679 178.7966 568.6136 224.6351 1.5246 1.6176 4.0173 -2.5909 1.7600 26.5758 -7.8035 0.8127
Car -1 -1 -2.6166 28.7012 173.5966 344.2463 267.5093 1.4910 1.5761 4.4563 -7.0945 1.5042 12.2786 -3.1315 0.8083
Car -1 -1 -4.5279 574.8483 170.1468 603.4368 191.5733 1.7853 1.7275 4.2135 -1.7874 1.5594 62.3334 -4.5568 0.7324
Car -1 -1 -4.7619 643.1218 177.1994 675.1201 203.6904 1.4890 1.7051 3.9274 2.8600 1.7606 43.1807 -4.6967 0.7193
Car -1 -1 -7.6846 508.3528 178.4478 569.7589 223.3325 1.5046 1.6176 3.9426 -2.5915 1.7271 26.7160 -7.7809 0.7159
Car -1 -1 -4.7498 644.1735 177.1909 675.9697 203.9173 1.5083 1.7443 4.1416 2.9367 1.7821 43.4960 -4.6834 0.6356
Pedestrian -1 -1 -7.6974 454.3442 176.0742 476.1099 225.7233 1.7084 0.6643 0.5676 -5.0911 1.8217 25.1630 -7.8956 0.6186
Car -1 -1 -7.9619 638.1758 176.9805 673.7318 204.0231 1.5291 1.6819 4.2663 2.6918 1.7908 43.6324 -7.9012 0.6111
Car -1 -1 -7.5568 546.7715 175.6305 580.3630 194.8580 1.4992 1.6221 4.0783 -3.7847 1.7345 59.0561 -7.6209 0.3854
Car -1 -1 -4.4594 576.1674 172.2401 606.6439 193.2464 1.7412 1.6173 4.2194 -1.5836 1.6900 62.0440 -4.4851 0.2930
Car -1 -1 -4.4509 550.8057 174.7587 581.9385 194.4602 1.5384 1.5428 4.0536 -3.5478 1.6992 58.8958 -4.5111 0.2670
Car -1 -1 -7.5829 543.8480 175.8236 576.8922 195.0914 1.5000 1.6566 4.1167 -4.0440 1.7517 59.0289 -7.6514 0.2337
Pedestrian -1 -1 -7.8379 452.0466 175.4691 471.9543 225.3123 1.7092 0.6704 0.5797 -5.1958 1.8012 25.1258 -8.0403 0.2322
Car -1 -1 -4.6410 547.3373 174.8256 570.0724 193.9799 1.4960 1.5774 3.8221 -4.1665 1.6612 58.6599 -4.7120 0.2298
Car -1 -1 -7.9972 640.7658 176.7003 678.4476 203.3278 1.5198 1.6888 4.2502 2.9360 1.7657 43.9978 -7.9315 0.2034
Car -1 -1 -4.8928 584.9735 173.2100 606.9395 188.4993 1.4448 1.5195 3.5443 -1.4090 1.4800 70.1590 -4.9131 0.1883
Car -1 -1 -4.8355 586.2766 172.4829 606.7805 188.1555 1.4931 1.5487 3.8067 -1.3648 1.4575 70.7340 -4.8550 0.1591
Car -1 -1 -4.7893 590.7506 172.9703 609.2943 188.3948 1.4597 1.5282 3.5704 -1.0114 1.4710 70.1573 -4.8039 0.1426
Car -1 -1 -4.8101 546.2388 174.4294 570.0883 193.9126 1.5100 1.5549 3.7555 -4.2379 1.6411 58.2238 -4.8828 0.1306
Car -1 -1 -4.6605 591.0921 172.3986 608.9009 187.9411 1.4826 1.5555 3.7697 -0.9768 1.4388 70.7385 -4.6746 0.1246
Car -1 -1 -7.9404 543.8412 175.7131 567.3977 194.6731 1.4754 1.5860 3.7885 -4.4825 1.7159 58.7493 -8.0166 0.1116
Cyclist -1 -1 -8.0773 671.3062 174.0018 680.0512 194.8944 1.6308 0.3417 1.6010 5.1773 1.7229 57.2273 -7.9879 0.0990
Car -1 -1 -2.3890 522.7323 174.8424 576.8791 194.2328 1.5196 1.6789 4.4704 -4.9764 1.6876 59.0112 -2.4731 0.0975
Car -1 -1 -4.4177 553.8880 174.6183 587.5207 194.4169 1.5415 1.5863 4.2030 -3.1857 1.6905 58.8059 -4.4719 0.0921
Car -1 -1 -4.9494 580.1363 172.0922 605.4306 188.0247 1.5139 1.5852 3.9651 -1.7354 1.4412 70.6785 -4.9741 0.0864
Car -1 -1 -8.0163 634.3536 170.4915 660.8854 190.3540 1.6380 1.6290 3.9951 3.1512 1.4428 61.5781 -7.9658 0.0862
Car -1 -1 -4.5084 592.1489 172.7296 615.6774 188.2964 1.4715 1.5590 3.7770 -0.5838 1.4594 70.2076 -4.5170 0.0807
Car -1 -1 -4.9213 583.1705 173.1867 607.2783 188.9154 1.4745 1.5652 3.8304 -1.4765 1.5073 69.7717 -4.9427 0.0778
Car -1 -1 -4.4862 591.6144 172.4709 616.1140 188.1169 1.4886 1.5807 3.8463 -0.5912 1.4518 70.6957 -4.4949 0.0700
Car -1 -1 -2.3836 522.3812 175.0912 574.8629 194.0819 1.4802 1.6701 4.2731 -5.0436 1.6681 58.6917 -2.4693 0.0671
Pedestrian -1 -1 -5.9719 387.7257 172.0707 398.8913 216.0348 1.7849 0.4827 0.3045 -8.9130 1.7528 29.5377 -6.2629 0.0634
Pedestrian -1 -1 -6.1457 389.4176 173.2417 399.2983 216.7639 1.7785 0.4878 0.3266 -8.9353 1.7944 29.7564 -6.4353 0.0595
Car -1 -1 -7.9075 639.7073 171.1460 661.6311 190.6826 1.6101 1.6464 3.9652 3.4087 1.4690 61.4484 -7.8526 0.0591
Car -1 -1 -2.1988 463.1940 176.9661 528.4775 206.9788 1.5519 1.6198 3.8098 -6.3628 1.7891 39.7533 -2.3569 0.0588
Car -1 -1 -7.8017 642.8571 171.3376 664.5034 190.5049 1.5767 1.6383 3.9779 3.7220 1.4517 61.4234 -7.7418 0.0552
Car -1 -1 -4.4694 488.0154 175.5429 530.2031 205.9289 1.5639 1.4919 3.4226 -5.4761 1.7164 39.2299 -4.6076 0.0520
Car -1 -1 -2.6130 517.7526 174.3681 573.5859 193.7827 1.5193 1.7029 4.2169 -5.2376 1.6451 58.3931 -2.7024 0.0508
Pedestrian -1 -1 -6.2331 394.1324 171.4541 401.6681 216.3520 1.8211 0.4935 0.2716 -8.7257 1.7641 29.5384 -6.5183 0.0499
Car -1 -1 -5.1027 573.3398 171.9291 605.1826 188.0820 1.5289 1.6164 4.2387 -2.0826 1.4411 70.5614 -5.1324 0.0413
Car -1 -1 -5.0099 578.7517 172.3927 605.9883 188.3435 1.5037 1.5823 3.8469 -1.7618 1.4599 70.0968 -5.0352 0.0412
Car -1 -1 -5.0756 491.4922 175.1389 548.7415 207.1058 1.5561 1.7137 3.7796 -4.7597 1.6811 37.4904 -5.2014 0.0365
Car -1 -1 -4.0063 471.7500 176.8142 533.6010 207.0033 1.5195 1.4986 3.2837 -5.7337 1.7407 38.5746 -4.1533 0.0343
Car -1 -1 -4.2454 476.2708 176.1075 529.1502 206.9264 1.5575 1.4529 3.3427 -5.7376 1.7397 38.6618 -4.3922 0.0331
Car -1 -1 -4.1853 468.1044 176.5333 529.6107 207.5039 1.5297 1.5487 3.7236 -5.8511 1.7341 38.1335 -4.3369 0.0285
Car -1 -1 -4.8620 494.7224 176.1118 532.5701 206.7041 1.5250 1.4865 3.4236 -5.1795 1.7056 38.2138 -4.9963 0.0282
Car -1 -1 -3.8612 457.7219 176.5146 529.9457 207.5956 1.5489 1.5653 3.6635 -6.1622 1.7527 38.3174 -4.0200 0.0270
Car -1 -1 -5.0307 492.4744 175.5707 543.3826 207.6403 1.5919 1.5959 3.6676 -4.9537 1.7428 38.1544 -5.1594 0.0242
Car -1 -1 -4.5897 490.5125 176.3990 524.0325 206.7402 1.5317 1.3719 3.3470 -5.4815 1.7288 38.5043 -4.7306 0.0233
Car -1 -1 -4.9562 493.2574 175.5223 534.5698 205.8637 1.5286 1.3881 3.4553 -5.2097 1.6777 38.5404 -5.0901 0.0231
Car -1 -1 -8.1302 627.7612 171.2953 659.6552 191.1936 1.6342 1.6569 4.0726 2.8056 1.5059 61.4306 -8.0851 0.0227
Car -1 -1 -2.2994 463.5743 176.4913 528.4105 206.5993 1.5585 1.5807 3.4885 -6.2980 1.7658 39.4785 -2.4570 0.0223
Car -1 -1 -4.5937 487.6799 176.0725 525.5490 207.6619 1.5655 1.5488 3.6793 -5.4341 1.7430 37.9936 -4.7353 0.0222
Car -1 -1 -4.3622 592.6203 172.4581 621.8744 187.8976 1.4662 1.5945 3.9921 -0.2560 1.4283 70.6680 -4.3661 0.0222
Pedestrian -1 -1 -3.5952 0.0000 157.2135 46.6260 251.2003 1.6237 0.5272 0.6331 -10.6073 1.3532 12.8632 -4.2747 0.0218
Car -1 -1 -8.8026 1067.0779 176.1378 1241.0000 374.0000 1.6043 1.5632 3.5441 3.0451 1.6207 1.8915 -7.8560 0.0214
Pedestrian -1 -1 -3.7496 699.1068 172.5749 715.5795 200.8489 1.6766 0.5836 0.7852 5.7949 1.6598 43.2256 -3.6177 0.0201
Car -1 -1 -3.6664 457.5463 176.1378 530.3663 206.6081 1.5396 1.5743 3.5281 -6.2136 1.7226 38.5533 -3.8256 0.0199
Car -1 -1 -8.8777 1125.4130 122.8263 1241.0000 374.0000 1.5897 1.5629 3.5578 3.4138 1.5803 1.9357 -7.8867 0.0169
Car -1 -1 -3.6890 583.8792 172.9360 629.9106 189.2287 1.5427 1.6127 4.2585 -0.3075 1.5506 70.1408 -3.6937 0.0161
Car -1 -1 -3.6452 588.9974 172.8780 637.1718 188.6339 1.4931 1.6754 4.4271 0.2916 1.4951 70.1752 -3.6414 0.0161
Car -1 -1 -2.4854 458.5461 176.8901 528.2292 207.8458 1.6011 1.6161 3.4788 -6.3887 1.8290 39.2588 -2.6461 0.0120
Car -1 -1 -7.6024 226.7812 153.3277 326.7127 221.6060 1.8728 1.7752 4.0771 -10.0379 1.3369 21.9517 -8.0270 0.0119
Car -1 -1 -3.2877 465.2191 175.5607 529.8147 206.1567 1.5862 1.4971 3.2493 -6.1001 1.7360 38.8164 -3.4429 0.0105
Car -1 -1 -7.5810 234.0457 157.2255 325.7219 218.0215 1.6885 1.6435 3.4324 -9.9340 1.2541 21.8587 -8.0033 0.0104
Car -1 -1 -6.7437 634.6750 171.3058 683.7604 190.2887 1.5618 1.5654 3.8320 4.1242 1.4342 60.8228 -6.6766 0.0091
Pedestrian -1 -1 -5.1373 422.8714 172.5343 451.5297 227.6321 1.6295 0.6785 0.5395 -5.2603 1.6198 21.7604 -5.3722 0.0081
Car -1 -1 -2.6535 563.5688 172.7406 610.3287 188.1519 1.4647 1.6025 4.2997 -2.2706 1.4536 70.2402 -2.6860 0.0079
Pedestrian -1 -1 -5.1219 427.4937 170.6699 455.6914 225.2021 1.6162 0.6748 0.5289 -5.1367 1.5511 21.7978 -5.3511 0.0066
Car -1 -1 -2.4924 439.6310 177.3946 529.3365 210.2249 1.6945 1.8131 4.7192 -6.9526 1.9556 39.6504 -2.6653 0.0063
Car -1 -1 -7.5868 236.5400 153.5051 330.3837 219.9229 1.8332 1.6096 3.8904 -9.8535 1.2988 21.9587 -8.0044 0.0057
Pedestrian -1 -1 -7.8996 429.6310 171.9980 452.6794 227.4475 1.6334 0.6479 0.5348 -5.1063 1.6079 21.6002 -8.1296 0.0056
Pedestrian -1 -1 -8.0892 422.1655 171.9405 447.8371 227.1578 1.6177 0.6387 0.5270 -5.2697 1.5906 21.5188 -8.3270 0.0055
Car -1 -1 -3.6084 584.4885 172.9811 631.4802 188.9875 1.5115 1.4573 4.3567 -0.2036 1.5238 69.7976 -3.6116 0.0048
Car -1 -1 -7.8446 461.0229 167.8140 512.0011 218.7065 1.7625 1.7501 4.2265 -4.6784 1.5876 27.2133 -8.0137 0.0041
Car -1 -1 -4.2481 506.7948 177.4964 573.9604 209.2224 1.4343 1.6335 4.0716 -3.3869 1.6762 35.4545 -4.3432 0.0036
Car -1 -1 -4.2081 496.8177 177.0015 565.7883 208.9777 1.4387 1.6304 3.9572 -3.8033 1.6528 35.1592 -4.3155 0.0030
Car -1 -1 -8.6863 0.0000 0.0000 1241.0000 374.0000 1.5599 1.5880 3.5294 1.8969 1.5781 1.1611 -7.7723 0.0030
Car -1 -1 -8.9423 0.0000 0.0000 1241.0000 374.0000 1.5304 1.5940 3.5773 3.7821 1.5569 1.3224 -7.7759 0.0030
Car -1 -1 -8.8216 0.0000 0.0000 1241.0000 374.0000 1.5549 1.5907 3.5316 2.6634 1.5791 1.2326 -7.7726 0.0030
Car -1 -1 -8.7695 0.0000 0.0000 1241.0000 374.0000 1.5589 1.5914 3.5351 2.2847 1.5661 1.1761 -7.7721 0.0030
Car -1 -1 -8.8686 0.0000 0.0000 1241.0000 374.0000 1.5437 1.5923 3.5438 3.0340 1.5679 1.2639 -7.7732 0.0030
Car -1 -1 -9.0283 0.0000 0.0000 1241.0000 374.0000 1.6084 1.6224 3.7327 4.1914 1.6200 1.1309 -7.7857 0.0030
Car -1 -1 -8.9049 0.0000 0.0000 1241.0000 374.0000 1.5454 1.5900 3.5607 3.4104 1.5668 1.3068 -7.7737 0.0030
Car -1 -1 -8.0317 448.7748 167.4030 514.0259 218.4892 1.7718 1.7253 4.0275 -4.9674 1.5824 27.2127 -8.2110 0.0029
Car -1 -1 -2.5384 151.1370 159.3338 312.8964 214.0507 1.5081 1.7076 3.8891 -10.9719 1.1352 20.9790 -3.0152 0.0029
Pedestrian -1 -1 -6.9119 1208.6277 146.9621 1241.0000 268.0102 1.7116 0.6131 0.4201 9.1290 1.3452 10.5234 -6.2114 0.0027
Car -1 -1 -5.8283 562.6672 172.7198 610.2300 188.5362 1.4957 1.6151 4.3332 -2.3047 1.4827 69.8587 -5.8614 0.0020
Cyclist -1 -1 -4.6856 456.9425 173.5406 474.9220 222.3491 1.6654 0.5842 1.3612 -5.1012 1.6899 25.3596 -4.8826 0.0019
Car -1 -1 -6.5692 635.0026 172.2332 683.4102 191.2760 1.5675 1.4923 3.7834 4.0922 1.5161 60.5313 -6.5023 0.0019
Cyclist -1 -1 -2.7748 438.8342 171.1432 488.9678 222.1742 1.7451 0.7289 1.5560 -5.1340 1.6863 25.1634 -2.9746 0.0015
