Car -1 -1 -2.6627 109.0848 188.8313 375.6385 279.4652 1.4301 1.5845 3.8240 -6.2900 1.7252 12.5105 -3.1206 0.9997
Car -1 -1 -5.9078 325.3542 180.5777 472.2617 237.8733 1.5055 1.5670 3.6180 -5.8899 1.7312 20.1648 -6.1890 0.9984
Car -1 -1 -2.5433 0.0000 195.2662 240.9818 357.9498 1.4477 1.6226 4.1715 -6.4995 1.7168 7.6828 -3.2286 0.9981
Car -1 -1 -2.7516 172.3288 183.8936 387.4416 263.0813 1.5113 1.5865 3.7020 -6.7223 1.7512 14.8528 -3.1704 0.9979
Car -1 -1 -7.9510 655.3506 178.0252 694.8437 208.1250 1.4708 1.6597 4.2027 3.3406 1.7587 38.0930 -7.8648 0.9978
Car -1 -1 -8.4002 805.3704 157.1501 1241.0000 374.0000 1.6880 1.6965 4.4574 2.6170 1.6432 4.2964 -7.8844 0.9930
Car -1 -1 -5.9891 354.5198 179.0787 500.6212 230.8544 1.5408 1.5914 4.1504 -5.6886 1.7431 22.5852 -6.2336 0.9907
Car -1 -1 -6.0984 403.8065 178.2983 512.5147 219.0729 1.5143 1.5467 3.8841 -5.8399 1.7301 27.8276 -6.3039 0.9844
Car -1 -1 -5.9286 353.5545 178.5685 500.6865 230.8375 1.5489 1.6002 4.1775 -5.7256 1.7359 22.6275 -6.1742 0.9590
Car -1 -1 -2.9940 446.3177 181.0839 533.9050 213.3698 1.3931 1.5321 3.6868 -5.3668 1.7707 32.3348 -3.1577 0.9088
Car -1 -1 -6.0595 378.5501 181.3523 510.1176 225.6689 1.4617 1.5569 4.1795 -5.6882 1.7636 24.8783 -6.2825 0.8829
Car -1 -1 -5.9543 325.9155 179.5190 474.2931 238.2395 1.5503 1.5540 3.6657 -5.8304 1.7438 20.1131 -6.2335 0.8758
Car -1 -1 -5.9076 322.3177 180.5521 471.0869 237.9824 1.5046 1.5693 3.6549 -5.9303 1.7289 20.1061 -6.1914 0.8490
Car -1 -1 -7.7669 529.7136 175.2066 558.4678 203.5632 1.7773 1.5693 3.6556 -4.3227 1.9374 47.3580 -7.8579 0.8350
Car -1 -1 -6.0122 383.0240 181.2019 513.4333 225.7513 1.4611 1.6250 4.1112 -5.5725 1.7598 24.9285 -6.2304 0.7963
Car -1 -1 -6.1228 404.7253 177.9232 513.3909 219.9016 1.5552 1.4678 3.9055 -5.7883 1.7556 27.7481 -6.3271 0.7943
Car -1 -1 -7.7897 528.6915 175.2361 556.6599 203.2735 1.7558 1.5981 3.6458 -4.4150 1.9179 47.3436 -7.8826 0.7751
Car -1 -1 -5.9740 381.3209 179.6533 510.2365 224.3414 1.4635 1.6546 4.0316 -5.6641 1.7076 24.9341 -6.1956 0.7694
Car -1 -1 -3.0039 441.7593 181.4470 532.1107 213.5299 1.3777 1.4975 3.8076 -5.4875 1.7707 32.2204 -3.1717 0.7693
Car -1 -1 -5.3285 813.4605 130.1402 1241.0000 374.0000 1.7191 1.7120 4.7710 2.6634 1.6335 3.8657 -4.7613 0.7623
Car -1 -1 -6.0390 348.8458 178.9244 500.3965 230.4820 1.5376 1.6226 4.3180 -5.7508 1.7337 22.5296 -6.2867 0.7602
Car -1 -1 -2.9957 436.9333 179.1818 534.2473 212.3683 1.4312 1.6464 4.0994 -5.5563 1.7219 32.3193 -3.1651 0.7171
Car -1 -1 -2.9297 396.9657 178.1749 510.8180 218.2183 1.4912 1.5661 4.0581 -6.0119 1.7022 27.8633 -3.1408 0.7148
Car -1 -1 -6.1263 379.3196 179.0469 508.3589 224.4024 1.4836 1.6333 4.1178 -5.6761 1.7045 24.8132 -6.3494 0.6448
Car -1 -1 -7.6836 529.1376 176.2017 561.1057 202.3746 1.6289 1.5524 3.2183 -4.2254 1.8544 46.9996 -7.7732 0.6005
Car -1 -1 -2.9744 436.9969 178.7938 533.5571 212.2383 1.4501 1.6466 4.0559 -5.5888 1.7234 32.4077 -3.1443 0.5405
Car -1 -1 -7.6961 530.2617 175.3285 562.4257 202.9738 1.7269 1.5523 3.6057 -4.1635 1.8950 47.2561 -7.7839 0.4971
Pedestrian -1 -1 -3.8697 698.2659 171.9357 711.2765 196.8534 1.8102 0.4678 0.8494 6.9123 1.7432 52.8511 -3.7408 0.4790
Pedestrian -1 -1 -3.6156 696.5609 172.3380 710.0768 197.1198 1.8034 0.4763 0.8595 6.8084 1.7656 52.8786 -3.4887 0.4384
Car -1 -1 -2.9741 449.9031 180.0162 538.9280 212.9549 1.4259 1.6559 3.7292 -5.1903 1.7561 32.4480 -3.1320 0.4311
Car -1 -1 -6.1078 379.0411 179.1490 510.9237 224.5939 1.4846 1.5901 4.1879 -5.6166 1.7076 24.7086 -6.3295 0.3718
Pedestrian -1 -1 -7.6326 733.2510 175.7295 746.9143 206.0613 1.6234 0.5729 0.7892 7.0284 1.7812 39.1835 -7.4569 0.3559
Car -1 -1 -6.7336 0.0000 0.0000 1241.0000 374.0000 1.5398 1.5426 3.6214 -2.5249 1.6700 0.8906 -7.8694 0.3307
Pedestrian -1 -1 -8.0108 132.8047 168.7322 151.9924 212.5933 1.8149 0.6239 0.3755 -19.6173 1.6441 30.2047 -8.5830 0.2680
Car -1 -1 -6.8798 0.0000 0.0000 1241.0000 374.0000 1.5168 1.5395 3.6518 -2.1911 1.6859 0.7680 -8.0036 0.2629
Pedestrian -1 -1 -4.5811 733.4182 175.9024 745.5060 206.0506 1.6201 0.5660 0.6737 7.0087 1.7875 39.2638 -4.4063 0.2530
Car -1 -1 -6.4492 0.0000 0.0000 1241.0000 374.0000 1.5611 1.5793 3.7978 -2.9090 1.7092 0.8594 -7.6456 0.2366
Car -1 -1 -6.3920 0.0000 0.0000 1241.0000 374.0000 1.5122 1.5597 3.6152 -2.9467 1.6883 1.1359 -7.5143 0.1957
Pedestrian -1 -1 -7.8724 130.1337 170.1978 148.3099 213.8934 1.8100 0.6321 0.3383 -19.7511 1.6997 30.2051 -8.4477 0.1938
Pedestrian -1 -1 -3.4549 696.8737 172.7670 707.6545 197.0834 1.7757 0.5987 0.6314 6.7510 1.7690 53.0418 -3.3295 0.1766
Cyclist -1 -1 -5.1726 1163.3138 153.9883 1218.7668 211.7712 1.6776 0.5781 1.7517 17.5235 1.1296 21.8651 -4.5038 0.1554
Car -1 -1 -4.0292 0.0000 0.0000 1241.0000 374.0000 1.5160 1.5796 3.6802 -1.8956 1.6777 0.7616 -5.0970 0.1433
Pedestrian -1 -1 -5.3683 182.8905 168.6355 213.7033 214.5829 1.8294 0.7457 0.8098 -16.7185 1.6612 29.2297 -5.8842 0.1379
Cyclist -1 -1 -5.0640 1161.0886 153.8243 1206.2961 208.1466 1.6020 0.5551 1.6020 17.5168 1.0405 22.1256 -4.4010 0.1314
Pedestrian -1 -1 -5.2215 184.9735 169.1848 214.1025 214.0411 1.7922 0.7136 0.8370 -16.7395 1.6453 29.3512 -5.7361 0.1253
Car -1 -1 -2.8659 370.6414 164.7786 440.2600 190.6907 1.5811 1.6272 3.8658 -12.7076 1.0880 44.8411 -3.1407 0.1211
Pedestrian -1 -1 -7.9109 713.3417 176.8828 724.2713 204.6881 1.6632 0.6172 0.6125 6.5349 1.9081 43.5877 -7.7636 0.1175
Pedestrian -1 -1 -8.2255 1168.6780 151.1974 1207.1163 210.5721 1.7629 0.6366 0.8631 17.5007 1.1196 21.9283 -7.5586 0.1093
Car -1 -1 -6.7034 0.0000 0.0000 1241.0000 374.0000 1.5080 1.5665 3.7214 -1.9377 1.7052 0.4704 -7.9029 0.1035
Cyclist -1 -1 -6.9279 0.0000 176.3457 70.7838 374.0000 1.6462 0.4319 1.6918 -2.2103 1.6582 1.6736 -7.7759 0.1020
Pedestrian -1 -1 -5.1676 181.3960 171.2775 208.8438 215.9633 1.7853 0.6955 0.7821 -16.9101 1.7220 29.3344 -5.6868 0.0762
Car -1 -1 -5.3810 1209.1638 147.1772 1241.0000 189.5071 1.6609 1.6447 3.7935 27.3986 0.6531 30.2556 -4.6499 0.0726
Cyclist -1 -1 -7.3939 0.0000 189.2512 57.4621 309.4670 1.6254 0.4481 1.6326 -9.0355 1.8905 10.8323 -8.0772 0.0696
Car -1 -1 -5.5031 1209.6272 146.4811 1241.0000 188.0300 1.6455 1.6897 3.6482 27.6801 0.6007 30.4451 -4.7701 0.0623
Cyclist -1 -1 -5.7137 176.5697 168.5211 222.2846 215.1083 1.8746 0.6062 1.5342 -16.7532 1.7000 29.3787 -6.2283 0.0623
Car -1 -1 -7.7153 526.9657 171.4656 558.1584 199.2744 1.9584 1.7079 4.2698 -4.9368 1.8603 52.9852 -7.8081 0.0565
Cyclist -1 -1 -7.1108 0.0000 193.6530 47.4696 314.2639 1.6153 0.4257 1.6611 -9.3549 1.9502 10.7909 -7.8129 0.0542
Pedestrian -1 -1 -8.2399 1163.5709 150.1352 1201.4191 206.7387 1.6964 0.6239 0.8661 17.4938 1.0152 22.1260 -7.5775 0.0537
Car -1 -1 -2.8347 482.3023 178.8643 551.8228 202.6675 1.3944 1.5679 3.9098 -5.6763 1.7696 43.9534 -2.9628 0.0475
Car -1 -1 -6.1950 446.2416 168.8068 544.4600 207.6365 1.8134 1.7115 4.5316 -5.4867 1.6241 34.7041 -6.3511 0.0415
Car -1 -1 -5.6471 1210.9221 145.3750 1241.0000 189.0421 1.6957 1.6864 4.1683 27.9275 0.6283 30.2260 -4.9061 0.0400
Car -1 -1 -5.5231 1191.5203 147.9377 1241.0000 189.1870 1.6850 1.9320 3.5889 27.7182 0.6669 31.3487 -4.8038 0.0366
Pedestrian -1 -1 -2.8446 0.0000 192.0271 45.8341 305.2988 1.6505 0.5549 0.5144 -9.0570 1.9515 10.9861 -3.5223 0.0357
Car -1 -1 -5.8255 1210.6984 144.4673 1241.0000 187.9256 1.6894 1.7056 4.2273 28.1488 0.5856 30.3273 -5.0821 0.0278
Cyclist -1 -1 -7.5544 0.0000 190.6737 40.2295 307.4591 1.5460 0.4238 1.7074 -9.0521 1.8311 10.6873 -8.2450 0.0259
Car -1 -1 -7.6375 527.4565 172.5832 561.8641 199.7266 1.9107 1.6723 4.1045 -4.7772 1.8913 52.9327 -7.7274 0.0230
Pedestrian -1 -1 -6.5473 0.0000 189.0711 27.9781 305.3012 1.6330 0.5906 0.5292 -9.0629 1.8804 10.6318 -7.2409 0.0185
Cyclist -1 -1 -5.9919 185.8405 164.9187 238.4604 209.7434 1.7991 0.7104 1.7532 -16.2854 1.4803 29.4900 -6.4928 0.0168
Cyclist -1 -1 -7.2278 0.0000 189.2280 27.4851 310.6303 1.5887 0.4328 1.6807 -9.3876 1.8467 10.5294 -7.9434 0.0163
Car -1 -1 -7.6185 410.3852 164.2996 448.4906 189.0798 1.5154 1.5347 3.6885 -11.4903 0.9920 45.9752 -7.8623 0.0157
Car -1 -1 -3.8636 0.0000 202.0179 91.0139 339.3733 1.4372 1.5971 3.7267 -9.7321 1.9319 10.3092 -4.6074 0.0157
Car -1 -1 -4.1585 0.0000 203.4884 63.9995 341.4594 1.4217 1.5906 3.4340 -9.5339 1.9276 10.0869 -4.9026 0.0151
Cyclist -1 -1 -7.6008 0.0000 180.8285 16.0852 308.1951 1.6503 0.4395 1.7286 -9.0942 1.7738 10.3311 -8.3100 0.0143
Cyclist -1 -1 -8.4963 1041.2229 160.8329 1103.4290 224.1749 1.5735 0.3615 1.7749 11.9733 1.2746 18.8239 -7.9372 0.0139
Car -1 -1 -6.7483 0.0000 192.1524 34.4897 326.7101 1.4143 1.4649 3.3195 -10.2464 1.7273 9.9071 -7.5371 0.0130
Car -1 -1 -5.9465 1206.1581 147.5009 1241.0000 186.0781 1.5363 1.7505 3.8250 28.1584 0.5264 30.8336 -5.2111 0.0125
Car -1 -1 -6.1131 1214.5446 144.0298 1241.0000 186.8637 1.6712 1.8788 4.2814 28.4385 0.5463 30.4214 -5.3661 0.0119
Cyclist -1 -1 -8.6509 1041.6018 158.0326 1113.7367 224.3891 1.6649 0.4191 1.8071 12.2431 1.2927 19.0312 -8.0866 0.0116
Car -1 -1 -7.8022 526.8424 173.2391 553.2115 199.5965 1.8606 1.7263 3.9889 -5.1349 1.8897 53.0253 -7.8987 0.0114
Cyclist -1 -1 -8.6349 1037.4230 157.6343 1103.2051 221.9515 1.6084 0.3278 1.7189 11.9816 1.2275 18.9177 -8.0776 0.0102
Cyclist -1 -1 -8.4128 1050.3080 159.1737 1113.0057 225.0000 1.6356 0.4544 1.8303 12.2282 1.2954 18.8451 -7.8446 0.0078
Cyclist -1 -1 -8.4051 1045.5543 160.3190 1104.8334 223.2658 1.5515 0.4160 1.7566 11.9466 1.2422 18.6646 -7.8431 0.0076
Car -1 -1 -6.3619 1218.7837 146.7680 1241.0000 189.2181 1.7002 1.6573 3.9047 28.4983 0.6551 30.7536 -5.6193 0.0072
Cyclist -1 -1 -5.9078 182.2646 167.0545 230.4250 213.7389 1.8734 0.6758 1.5743 -16.4728 1.6403 29.3924 -6.4150 0.0066
Car -1 -1 -6.8120 1212.9127 146.3545 1241.0000 186.9297 1.6866 1.6963 3.8559 28.7873 0.5848 31.2253 -6.0719 0.0043
Car -1 -1 -6.7565 840.5452 165.5164 930.6315 196.5445 1.4367 1.6231 3.6805 13.0701 1.0967 34.4253 -6.3967 0.0042
Car -1 -1 -6.9337 838.3649 163.9463 924.7690 196.8945 1.5228 1.6973 3.5973 12.9955 1.1108 34.6833 -6.5782 0.0040
Pedestrian -1 -1 -5.8259 276.8510 158.7885 299.8174 224.8347 1.9090 0.5732 0.4026 -9.4737 1.5022 21.1503 -6.2426 0.0039
Car -1 -1 -7.1478 1212.8744 147.6643 1241.0000 186.8667 1.6513 1.7111 3.8991 28.8121 0.5899 31.4899 -6.4115 0.0038
Car -1 -1 -6.5707 1216.7727 146.3304 1241.0000 187.5790 1.6707 1.7322 4.0623 28.7900 0.5961 30.8996 -5.8254 0.0033
Car -1 -1 -8.4570 1134.5728 145.3958 1241.0000 203.0105 2.1715 1.6406 4.1596 23.5037 1.1363 29.3248 -7.7864 0.0031
Cyclist -1 -1 -8.4833 1054.3424 161.2621 1130.6923 226.2781 1.5743 0.5251 2.0149 12.2622 1.2933 18.4911 -7.9053 0.0030
Car -1 -1 -8.0805 676.8098 174.2878 702.0157 190.9502 1.5265 1.5892 3.6386 7.4700 1.6657 68.3292 -7.9724 0.0027
Pedestrian -1 -1 -4.2644 979.6716 166.6747 1012.5590 223.3798 1.4924 0.5350 0.6959 10.3379 1.3295 19.4128 -3.7818 0.0024
Car -1 -1 -8.3849 1145.2485 149.9114 1241.0000 204.1169 2.0350 1.4588 3.7579 23.4191 1.1734 29.0511 -7.7115 0.0021
Car -1 -1 -7.3677 1211.1072 147.1267 1241.0000 185.6585 1.6203 1.7506 4.0460 28.8029 0.5381 31.8632 -6.6373 0.0017
Pedestrian -1 -1 -5.7830 277.7345 156.9951 302.2195 222.9135 1.9156 0.6230 0.4117 -9.4893 1.4544 21.2954 -6.1979 0.0016
Car -1 -1 -4.3554 718.5986 175.9959 751.4971 193.1754 1.4006 1.5441 3.7917 10.6783 1.6773 61.5919 -4.1849 0.0014
Cyclist -1 -1 -4.7843 732.8854 175.8087 745.4332 206.7524 1.6560 0.5776 1.3129 7.0136 1.8199 39.4266 -4.6101 0.0012
Cyclist -1 -1 -8.6414 1210.7505 153.5516 1241.0000 189.1963 1.4943 0.5057 1.6598 26.8382 0.6848 31.0961 -7.9340 0.0011
