Car -1 -1 -7.6229 405.2226 184.0518 502.3948 255.4345 1.5856 1.5943 3.3540 -3.7205 1.5599 17.6653 -7.8278 1.0000
Car -1 -1 -8.0437 697.9971 192.0130 802.6351 264.4668 1.3899 1.5737 3.6083 2.9798 1.5579 15.9404 -7.8626 0.9999
Car -1 -1 -7.4077 27.9553 193.0743 390.7044 375.0000 1.5107 1.6303 3.7656 -3.6580 1.6118 7.3539 -7.8552 0.9998
Car -1 -1 -7.6943 468.5182 185.9026 530.5134 230.3332 1.4880 1.6063 4.0110 -3.8946 1.5151 26.1535 -7.8411 0.9995
Car -1 -1 -7.9707 647.9235 184.6527 692.0345 217.3236 1.4477 1.5913 4.0708 2.8375 1.4229 33.9150 -7.8884 0.9986
Car -1 -1 -7.7324 498.0722 183.3764 537.9888 214.9620 1.5400 1.6029 3.6270 -4.5851 1.4505 36.8638 -7.8557 0.9983
Car -1 -1 -7.8824 588.4447 182.7808 612.1872 204.4448 1.5322 1.6231 4.0861 -0.6025 1.3602 52.9162 -7.8942 0.9885
Car -1 -1 -7.5469 360.3655 186.2451 432.7259 227.0537 1.4791 1.6303 3.7957 -8.1939 1.5222 28.0694 -7.8287 0.9874
Car -1 -1 -7.3943 210.9785 189.5150 350.0645 258.6509 1.4925 1.5480 3.8387 -7.9303 1.6103 17.7130 -7.8100 0.9725
Car -1 -1 -7.9677 525.8099 183.1411 553.1525 205.7031 1.4725 1.4811 3.2182 -4.6721 1.3373 48.6437 -8.0634 0.8972
Car -1 -1 -7.6959 469.0335 185.6260 530.5600 230.3514 1.4976 1.5901 4.0310 -3.8813 1.5138 26.1316 -7.8423 0.8897
Car -1 -1 -7.5902 359.8185 186.1416 430.3193 226.9871 1.4805 1.6597 3.9658 -8.2704 1.5195 28.1455 -7.8738 0.8510
Car -1 -1 -7.9192 585.9727 182.8847 611.8835 204.2335 1.5076 1.6371 4.0143 -0.7054 1.3431 52.8280 -7.9329 0.8419
Car -1 -1 -7.7745 451.4703 174.1430 482.9785 200.4128 1.6037 1.6624 4.0213 -8.9690 0.9279 45.9743 -7.9664 0.8334
Car -1 -1 -7.8868 621.2153 182.9403 640.9694 199.3713 1.4704 1.6852 3.9397 2.1142 1.2670 66.3025 -7.8555 0.8295
Car -1 -1 -7.8505 588.5601 182.8047 612.7001 204.9959 1.5689 1.7068 4.2685 -0.5423 1.3986 52.9624 -7.8611 0.8288
Car -1 -1 -7.7288 497.8469 183.8414 537.2322 215.2089 1.5273 1.5734 3.4983 -4.5987 1.4605 36.7513 -7.8528 0.8003
Car -1 -1 -7.8901 620.5957 183.0240 640.6301 199.4549 1.4699 1.6977 3.9325 2.0689 1.2740 66.2781 -7.8595 0.7715
Car -1 -1 -8.0050 523.0741 183.0190 552.4860 205.7135 1.4800 1.4969 3.2992 -4.7908 1.3369 48.6613 -8.1031 0.7439
Car -1 -1 -7.9210 528.2715 182.6698 554.8542 205.5168 1.4905 1.5578 3.5026 -4.5435 1.3245 48.7488 -8.0139 0.7292
Car -1 -1 -7.9933 523.2681 182.5945 553.3873 205.3172 1.4822 1.5399 3.6429 -4.7755 1.3114 48.8431 -8.0907 0.7187
Car -1 -1 -7.8532 580.4096 182.0110 600.2439 201.4738 1.5751 1.6052 3.6415 -1.4720 1.3159 60.0153 -7.8780 0.7181
Car -1 -1 -4.7847 526.7068 182.0585 553.4844 204.6675 1.4627 1.5336 3.5854 -4.6114 1.2586 48.4014 -4.8796 0.6812
Car -1 -1 -7.9357 577.0229 181.9916 599.9368 201.5725 1.5838 1.6110 3.6999 -1.6548 1.3232 60.0722 -7.9636 0.6746
Car -1 -1 -4.2554 198.2477 191.3385 346.6382 262.4547 1.4643 1.5160 4.1510 -7.8904 1.6294 17.2627 -4.6786 0.6400
Car -1 -1 -7.7991 449.8256 174.8443 479.6113 200.9073 1.5875 1.6456 4.0281 -9.1155 0.9559 45.8943 -7.9944 0.5496
Car -1 -1 -7.8053 621.2339 182.1198 641.5230 198.3394 1.4510 1.6732 4.3129 2.2044 1.1742 66.5250 -7.7727 0.5087
Car -1 -1 -8.0948 570.3101 181.9425 600.3210 201.8350 1.6055 1.6412 3.7998 -1.9248 1.3415 60.0676 -8.1272 0.5030
Car -1 -1 -7.7237 622.1838 182.8696 645.1346 199.5641 1.4897 1.6364 3.7861 2.3999 1.2805 66.1485 -7.6880 0.4471
Car -1 -1 -7.9243 620.1359 182.5347 640.4951 198.9828 1.4688 1.6233 3.4313 2.0341 1.2295 65.9402 -7.8940 0.4256
Pedestrian -1 -1 -5.4846 265.7550 175.5828 291.0760 228.6448 1.8048 0.6080 0.5155 -11.4149 1.4773 24.8274 -5.9118 0.4130
Car -1 -1 -7.9688 527.9143 182.1366 558.1035 205.2526 1.4914 1.6106 3.6178 -4.4107 1.2929 48.3149 -8.0598 0.4064
Pedestrian -1 -1 -5.6265 268.6948 175.6455 292.3917 229.0965 1.8329 0.5734 0.5045 -11.4139 1.5049 24.9877 -6.0512 0.3919
Car -1 -1 -8.1511 568.1950 182.2324 599.7104 201.5928 1.5589 1.5953 3.7356 -2.0329 1.3188 59.9067 -8.1853 0.3741
Car -1 -1 -7.6994 580.1184 182.2822 605.5543 201.2988 1.5345 1.5762 3.6764 -1.2297 1.2980 59.9336 -7.7203 0.3465
Car -1 -1 -7.7483 579.1013 181.3146 602.7151 200.3930 1.5362 1.6146 3.3717 -1.3874 1.2223 59.6295 -7.7719 0.3424
Car -1 -1 -7.7153 452.3579 175.0078 487.6916 201.9901 1.6469 1.6639 4.1222 -8.7844 1.0240 45.9758 -7.9033 0.3352
Car -1 -1 -7.9007 576.8240 181.2713 598.4002 200.4491 1.5424 1.6198 3.5394 -1.7133 1.2253 59.6417 -7.9297 0.3174
Car -1 -1 -7.9347 622.0060 181.9486 642.9229 198.5558 1.4628 1.5868 3.8335 2.2042 1.1752 65.2709 -7.9015 0.2106
Car -1 -1 -5.1214 562.8527 181.8245 599.6553 201.7354 1.6038 1.6391 3.9261 -2.2653 1.3308 60.0266 -5.1595 0.1690
Car -1 -1 -7.5655 579.4926 181.5206 610.3777 200.6562 1.5344 1.6294 3.5111 -1.0469 1.2383 59.5524 -7.5835 0.1636
Car -1 -1 -7.5208 579.4280 182.5501 612.9632 201.7928 1.5482 1.6092 3.9076 -0.9427 1.3339 59.9451 -7.5369 0.1629
Car -1 -1 -7.7251 452.1251 177.3223 485.6076 203.8493 1.6186 1.6265 3.7310 -8.8266 1.1371 45.7732 -7.9149 0.1528
Car -1 -1 -3.1141 450.5236 179.3974 510.4926 205.1588 1.5676 1.6001 3.6169 -7.9248 1.2137 44.7992 -3.2885 0.1412
Car -1 -1 -7.7022 624.2759 183.0047 647.3220 199.5738 1.4700 1.6135 3.3698 2.5707 1.2740 65.5815 -7.6636 0.1366
Car -1 -1 -2.2136 556.7784 181.9580 601.5596 201.5673 1.5794 1.6277 4.0484 -2.4344 1.3172 59.9826 -2.2544 0.1110
Car -1 -1 -4.8108 526.6854 180.5392 560.5320 205.2909 1.5479 1.8081 4.1014 -4.2761 1.2556 47.1390 -4.9012 0.1021
Car -1 -1 -2.3581 509.1348 182.3884 559.8773 202.8223 1.5728 1.6731 4.0042 -5.8725 1.3553 57.2400 -2.4603 0.0977
Car -1 -1 -4.9918 525.0644 180.1877 559.6066 201.2413 1.6319 1.6813 4.1770 -5.3330 1.2424 57.9719 -5.0836 0.0933
Car -1 -1 -5.2671 515.1246 182.2001 559.3414 202.4858 1.5631 1.6446 4.0198 -5.6915 1.3309 57.4871 -5.3658 0.0839
Car -1 -1 -3.0557 436.2463 177.9418 501.3665 203.8959 1.5809 1.6458 3.8580 -8.6421 1.1380 44.8038 -3.2455 0.0811
Car -1 -1 -6.1052 412.8841 175.8594 487.4609 201.6113 1.5723 1.6100 4.3207 -9.7972 1.0012 44.7734 -6.3197 0.0775
Car -1 -1 -5.4413 507.8824 181.9002 559.3335 202.4295 1.5831 1.7739 4.1546 -5.9745 1.3276 57.4886 -5.5448 0.0660
Car -1 -1 -6.6025 614.4179 183.1768 658.6320 199.4234 1.4510 1.6387 3.6971 2.6010 1.2690 65.4995 -6.5634 0.0627
Car -1 -1 -6.3574 606.5970 181.7734 652.2276 198.6990 1.5145 1.6520 4.0253 1.9302 1.2067 65.2416 -6.3284 0.0611
Car -1 -1 -2.5928 504.0493 182.2161 559.8974 202.4473 1.5544 1.6965 4.1131 -6.0193 1.3241 56.8786 -2.6982 0.0552
Car -1 -1 -4.7976 534.1998 180.3302 559.2867 201.3392 1.6317 1.6623 4.1698 -4.9762 1.2524 58.0283 -4.8832 0.0549
Car -1 -1 -6.1530 411.3683 177.8299 484.2971 203.8899 1.5813 1.5178 4.2521 -9.8941 1.1333 44.5618 -6.3706 0.0482
Car -1 -1 -5.0981 521.7520 182.5767 558.8571 202.5275 1.5420 1.6272 3.8544 -5.4613 1.3382 57.6452 -5.1926 0.0461
Pedestrian -1 -1 -4.8513 836.8082 186.8588 854.8132 232.4951 1.3483 0.4570 0.4044 7.0684 1.3981 21.4934 -4.5379 0.0384
Car -1 -1 -4.6311 537.3528 181.6104 561.6920 201.9458 1.5857 1.6350 4.1094 -4.6903 1.3048 58.1108 -4.7117 0.0334
Car -1 -1 -2.3242 553.1919 181.8586 600.3376 201.2875 1.5621 1.6122 4.0014 -2.6201 1.2924 59.7725 -2.3683 0.0331
Car -1 -1 -5.2853 516.1134 182.1044 557.3265 201.8683 1.5255 1.7802 3.2686 -5.7030 1.2855 57.3174 -5.3845 0.0302
Car -1 -1 -4.8518 531.4745 182.5782 557.9899 202.6702 1.5566 1.6067 3.7676 -5.1078 1.3524 57.7081 -4.9402 0.0293
Car -1 -1 -2.5740 508.7704 183.1669 561.0569 202.5066 1.4896 1.6319 3.8476 -5.7954 1.3319 56.9613 -2.6753 0.0287
Car -1 -1 -6.3772 614.4510 182.4923 657.6923 199.0786 1.4824 1.5033 3.7865 2.5329 1.2392 65.1041 -6.3389 0.0279
Car -1 -1 -6.4430 617.2231 183.4559 660.9621 199.4975 1.4346 1.5878 3.7626 2.8173 1.2774 65.2984 -6.4006 0.0243
Car -1 -1 -4.3443 511.3753 179.1947 558.2213 205.9247 1.6170 1.6186 4.0275 -4.6033 1.2529 45.6415 -4.4447 0.0162
Car -1 -1 -5.0206 627.9668 181.5903 666.8915 201.1419 1.3837 1.6441 4.2750 2.8615 1.1273 53.1519 -4.9675 0.0140
Car -1 -1 -4.4468 537.4008 181.6092 569.4948 201.7823 1.5709 1.5498 4.1771 -4.3701 1.2902 58.1756 -4.5219 0.0139
Pedestrian -1 -1 -6.0106 559.1967 178.4101 574.6851 210.5087 1.9998 0.6360 0.8321 -2.5909 1.5760 45.1858 -6.0680 0.0128
Pedestrian -1 -1 -7.7776 838.2367 173.3535 866.0559 225.1619 1.6618 0.8256 0.5074 7.9296 1.2815 23.4519 -7.4556 0.0119
Car -1 -1 -3.3506 498.2178 182.7319 558.8910 203.5261 1.5822 1.7492 4.4505 -6.2195 1.3934 56.2263 -3.4607 0.0118
Pedestrian -1 -1 -3.8732 892.7108 169.1094 915.2026 223.8659 1.6708 0.5171 0.3992 9.1178 1.1795 22.2458 -3.4891 0.0082
Car -1 -1 -2.9673 505.9949 183.7015 559.3652 202.9274 1.4863 1.6774 3.9454 -5.8987 1.3694 56.5481 -3.0712 0.0069
Pedestrian -1 -1 -5.6203 320.8757 176.7540 343.4455 218.8841 1.8490 0.6711 0.6651 -12.2900 1.4778 31.9667 -5.9849 0.0054
Car -1 -1 -3.4381 505.1363 183.6856 560.3984 203.0386 1.4718 1.6638 3.9856 -5.8824 1.3556 56.2114 -3.5423 0.0049
Car -1 -1 -4.6594 479.2546 184.6829 503.6417 205.0491 1.4783 1.6129 3.8752 -8.7544 1.4398 54.1909 -4.8193 0.0038
Car -1 -1 -4.9241 687.2244 180.5588 729.5439 209.3861 1.5979 1.6446 3.8898 5.7726 1.3400 41.8491 -4.7884 0.0037
Car -1 -1 -4.4966 472.6909 180.6704 505.5513 203.7807 1.6885 1.6682 3.8709 -8.9711 1.3565 54.4969 -4.6594 0.0037
Car -1 -1 -6.7854 578.8519 180.5206 636.4100 200.1416 1.5739 1.6314 4.5377 -0.0117 1.1974 59.4697 -6.7861 0.0032
Car -1 -1 -4.9343 675.9856 174.8985 701.0472 191.1098 1.5577 1.6297 3.9358 7.9498 0.5665 71.1176 -4.8238 0.0031
Car -1 -1 -5.3049 666.1992 174.6647 702.0845 191.0036 1.5655 1.6427 3.8587 7.5003 0.5547 70.9652 -5.2004 0.0031
Car -1 -1 -6.5807 0.0000 0.0000 1240.0000 375.0000 1.5530 1.5966 3.6391 -4.2125 1.6440 1.4010 -7.7723 0.0030
Car -1 -1 -6.5484 0.0000 0.0000 1240.0000 375.0000 1.5597 1.5987 3.6531 -4.6008 1.6552 1.3870 -7.7722 0.0030
Car -1 -1 -6.6495 0.0000 0.0000 1240.0000 375.0000 1.5554 1.5918 3.6420 -3.4438 1.6235 1.3704 -7.7740 0.0030
Car -1 -1 -6.6107 0.0000 0.0000 1240.0000 375.0000 1.5651 1.5936 3.6561 -3.8346 1.6358 1.3813 -7.7732 0.0030
Car -1 -1 -6.5268 0.0000 0.0000 1240.0000 375.0000 1.5546 1.6003 3.6570 -4.9808 1.6755 1.4108 -7.7709 0.0030
Car -1 -1 -4.6839 482.4725 180.0272 504.7142 202.6729 1.6690 1.5696 4.0698 -8.7377 1.2868 55.1001 -4.8409 0.0030
Car -1 -1 -2.6677 331.9635 171.3214 395.7143 196.3756 1.3711 1.5259 3.0236 -13.6881 0.6109 40.3172 -2.9932 0.0028
Car -1 -1 -4.7595 681.5542 175.4262 703.1924 196.7260 1.7314 1.6429 3.1078 7.0271 0.9358 60.0400 -4.6440 0.0027
Car -1 -1 -6.8563 576.4926 181.1463 632.1734 200.8663 1.5833 1.6452 4.4357 -0.2800 1.2568 59.6185 -6.8615 0.0026
Car -1 -1 -4.5106 679.7646 174.6370 703.4593 190.5433 1.5281 1.6143 3.7433 8.3104 0.5120 71.0894 -4.3951 0.0021
Car -1 -1 -4.3432 680.8342 173.6985 711.2455 190.1243 1.5728 1.7188 3.8208 8.7292 0.4702 70.9195 -4.2216 0.0019
Car -1 -1 -6.5704 579.0213 180.2578 637.7103 200.5395 1.6304 1.6231 4.5609 0.0281 1.2320 59.2131 -6.5704 0.0015
Car -1 -1 -4.9289 672.2393 175.8264 702.4717 197.5642 1.7570 1.7436 3.7158 6.5957 0.9982 60.0437 -4.8205 0.0014
Cyclist -1 -1 -2.4357 349.0198 163.3328 386.9243 195.4688 1.7517 0.8348 1.9138 -13.3502 0.5590 39.9296 -2.7566 0.0012
Car -1 -1 -4.4205 680.7131 174.3096 711.0397 197.8286 1.9035 1.6443 3.2742 7.3648 1.0210 60.0100 -4.2994 0.0012
Cyclist -1 -1 -2.4422 355.3730 163.2895 391.4561 194.4595 1.7011 0.8025 1.8169 -13.0526 0.5046 39.9442 -2.7562 0.0010
Car -1 -1 -5.0838 663.4094 175.3996 702.0620 197.5671 1.7854 1.8180 4.1706 6.2105 0.9950 60.1512 -4.9819 0.0010
