Car -1 -1 -7.7849 405.2122 156.9835 470.1899 214.3492 1.5216 1.5868 3.5887 -4.9874 1.1004 21.0372 -8.0152 0.9980
Car -1 -1 -7.7670 437.7868 154.6703 488.9933 194.4159 1.5475 1.7292 4.3905 -6.1340 0.8392 30.3715 -7.9649 0.9879
Car -1 -1 -7.8083 407.9668 157.6406 467.7462 212.7955 1.4640 1.5222 3.7024 -5.0050 1.0599 21.1120 -8.0386 0.8609
Car -1 -1 -7.7573 439.1414 156.0746 489.5041 194.5815 1.4980 1.6647 4.1931 -6.0733 0.8450 30.2395 -7.9541 0.8323
Car -1 -1 -7.7847 436.0930 155.4323 486.1619 196.7467 1.6068 1.7565 4.3440 -6.2228 0.9289 30.3298 -7.9856 0.7553
Car -1 -1 -7.7682 406.9090 157.5405 473.0707 215.4979 1.5373 1.5654 3.5445 -4.9128 1.1308 21.0040 -7.9956 0.7279
Car -1 -1 -7.7676 436.0425 155.8224 486.5189 196.7145 1.5859 1.7179 3.9423 -6.1634 0.9251 30.0393 -7.9685 0.6567
Car -1 -1 -4.5611 443.7217 156.3473 492.9143 192.3200 1.4242 1.4847 3.7543 -5.9622 0.7704 30.4725 -4.7529 0.4086
Car -1 -1 -7.6099 438.7968 155.2229 502.4234 195.5100 1.5703 1.6224 4.3138 -5.8086 0.8828 30.3225 -7.7978 0.3509
Car -1 -1 -2.4572 369.5334 156.4818 495.5778 212.6685 1.4983 1.8133 3.0569 -5.1300 1.0614 20.7160 -2.6973 0.1339
Car -1 -1 -8.3379 625.0255 147.0570 742.4892 212.8183 1.6291 1.6968 3.6368 1.8717 0.9898 19.8795 -8.2459 0.0621
Car -1 -1 -5.2366 1086.1548 154.1391 1241.0000 240.1942 1.4018 1.5257 3.4861 10.6456 1.0966 13.5807 -4.5824 0.0515
Car -1 -1 -5.0798 1090.7944 150.3713 1241.0000 237.6838 1.3749 1.6115 3.6679 10.4238 1.0206 13.3488 -4.4275 0.0475
Car -1 -1 -5.4300 1044.1396 162.9595 1241.0000 243.2915 1.4383 1.5148 3.3416 10.6409 1.2608 14.6563 -4.8119 0.0321
Car -1 -1 -5.1999 1072.2603 161.1427 1241.0000 242.2977 1.4696 1.5488 3.4687 11.1753 1.2572 14.8948 -4.5660 0.0311
Car -1 -1 -5.4645 1062.8793 153.3785 1241.0000 233.5929 1.3388 1.4467 3.2590 10.4405 1.0134 13.7432 -4.8252 0.0210
Car -1 -1 -5.3600 1084.3889 156.4031 1241.0000 238.3659 1.4383 1.4297 2.9465 10.9240 1.1493 14.1350 -4.7123 0.0196
Car -1 -1 -5.4613 1059.0952 156.9210 1241.0000 236.0406 1.3715 1.4962 3.1211 10.5863 1.0950 14.1448 -4.8290 0.0187
Car -1 -1 -5.6008 1021.4382 156.2062 1241.0000 236.8756 1.4080 1.5667 3.4835 10.2733 1.1172 14.4848 -4.9936 0.0152
Car -1 -1 -5.6148 1016.0790 155.9787 1241.0000 235.2564 1.3627 1.5036 3.5509 10.0787 1.0723 14.3206 -5.0113 0.0096
Car -1 -1 -5.6628 1018.6384 159.9839 1241.0000 241.1264 1.4452 1.4563 3.5690 10.4172 1.2156 14.7763 -5.0583 0.0096
Car -1 -1 -3.0876 359.0461 154.5971 481.1828 197.3097 1.5885 1.8018 4.4734 -7.3655 0.9092 28.1615 -3.3413 0.0065
Car -1 -1 -6.8719 461.0136 157.0748 553.7449 190.8367 1.4852 1.6448 4.0584 -4.7879 0.7907 33.7051 -7.0121 0.0057
Car -1 -1 -2.6145 376.3596 155.4563 490.6561 196.6977 1.6020 1.6559 4.2767 -7.2281 0.9259 29.4296 -2.8535 0.0054
Pedestrian -1 -1 -4.8409 910.2430 146.2426 943.2770 227.1228 1.8722 0.6522 0.4891 7.4152 1.2559 17.0258 -4.4369 0.0054
Car -1 -1 -2.8859 373.3896 154.7738 484.9660 197.2762 1.6582 1.6723 4.0604 -7.2525 0.9525 29.0123 -3.1290 0.0048
Car -1 -1 -3.1453 371.5993 154.9594 482.7580 198.8495 1.6557 1.7015 4.1421 -7.2430 0.9803 28.5562 -3.3918 0.0045
Cyclist -1 -1 -8.3712 897.2189 144.4513 961.2853 229.1184 1.8933 0.5017 1.8929 7.4751 1.2578 17.1029 -7.9659 0.0044
Pedestrian -1 -1 -7.7662 776.1773 163.4478 804.2233 234.0764 1.6309 0.6021 0.5125 4.1968 1.4134 17.0004 -7.5289 0.0034
Car -1 -1 -3.0230 373.3645 154.8435 482.2483 198.0046 1.6573 1.6603 4.0408 -7.2311 0.9654 28.7823 -3.2672 0.0034
Cyclist -1 -1 -8.1148 687.8903 153.0392 721.2220 218.6566 1.5097 0.3782 1.6390 2.2156 1.0535 17.4383 -7.9911 0.0032
Car -1 -1 -6.5263 0.0000 0.0000 1241.0000 374.0000 1.5474 1.5783 3.5752 -4.5926 1.6549 1.2699 -7.7709 0.0030
Car -1 -1 -3.4329 0.0000 0.0000 1241.0000 374.0000 1.5850 1.6044 3.8199 -5.8443 1.7070 1.7972 -4.6617 0.0030
Car -1 -1 -6.5004 0.0000 0.0000 1241.0000 374.0000 1.5514 1.5899 3.6698 -5.4035 1.6743 1.3885 -7.7710 0.0030
Car -1 -1 -6.5242 0.0000 0.0000 1241.0000 374.0000 1.5460 1.5872 3.6592 -4.9904 1.6699 1.3953 -7.7704 0.0030
Car -1 -1 -6.5587 0.0000 0.0000 1241.0000 374.0000 1.5399 1.5777 3.5767 -4.1814 1.6505 1.2859 -7.7704 0.0030
Pedestrian -1 -1 -3.2958 628.9675 146.3855 647.3633 211.2095 1.8022 0.4821 0.4473 0.7409 1.0660 20.3255 -3.2604 0.0027
Cyclist -1 -1 -8.7098 891.7980 133.1522 980.6011 215.6943 1.4767 0.4817 1.6090 6.1187 0.7661 13.7380 -8.2987 0.0026
Pedestrian -1 -1 -2.7097 891.3420 146.9640 924.6771 224.5515 1.7890 0.6185 0.5196 6.9859 1.1917 17.0383 -2.3271 0.0025
Cyclist -1 -1 -8.1505 672.8706 154.8038 704.3207 219.6761 1.5028 0.3336 1.4686 1.8361 1.0843 17.4671 -8.0481 0.0024
Cyclist -1 -1 -5.2360 1112.9991 137.5901 1212.7439 241.1589 1.5317 0.5509 1.5206 8.6694 1.0099 11.4571 -4.6006 0.0021
Cyclist -1 -1 -8.4150 763.7756 165.0468 823.7540 238.1731 1.6261 0.4482 1.8334 4.2409 1.4522 16.9855 -8.1751 0.0020
Cyclist -1 -1 -8.4178 876.8123 139.1819 940.4595 223.9427 1.8923 0.4523 1.8582 6.9722 1.1403 17.0635 -8.0363 0.0020
Pedestrian -1 -1 -8.3573 960.2210 139.7262 1001.5997 221.4330 1.4497 0.5068 0.4540 6.6426 0.8616 13.0395 -7.8954 0.0019
Cyclist -1 -1 -8.1644 770.1578 163.8124 808.7686 235.1594 1.6383 0.3967 1.6806 4.2595 1.4304 17.4211 -7.9292 0.0018
Cyclist -1 -1 -7.8631 788.9334 150.3227 810.2250 223.5749 1.8907 0.5273 1.9203 5.0899 1.3089 19.6190 -7.6135 0.0017
Cyclist -1 -1 -8.1960 754.2563 162.2313 795.6220 233.3989 1.6170 0.3719 1.7971 3.8801 1.3753 17.3084 -7.9797 0.0016
Cyclist -1 -1 -8.5497 896.4026 132.7149 969.8535 212.0148 1.4483 0.4769 1.4314 6.1539 0.7149 13.9317 -8.1416 0.0016
Cyclist -1 -1 -8.2536 771.7656 157.0262 823.0404 235.3636 1.7114 0.4970 1.7315 4.2451 1.3653 16.6565 -8.0089 0.0014
Cyclist -1 -1 -8.1343 765.7487 152.7907 804.0527 220.5468 1.7589 0.5090 1.8516 4.6931 1.2378 19.6677 -7.9040 0.0014
Pedestrian -1 -1 -3.0747 620.3913 158.7238 632.3331 200.2099 1.7495 0.5034 0.4766 0.6547 1.1533 30.7000 -3.0540 0.0014
Cyclist -1 -1 -8.2036 755.2036 157.6205 805.3146 233.7910 1.6417 0.4542 1.9717 3.8222 1.3131 16.5582 -7.9813 0.0014
Pedestrian -1 -1 -5.0832 788.2872 162.7432 819.5005 232.4526 1.5072 0.5588 0.3828 4.1962 1.2883 15.8235 -4.8292 0.0013
Cyclist -1 -1 -8.3839 876.3908 145.5705 942.0947 218.8994 1.3652 0.4579 1.5586 5.8180 0.8570 14.2381 -8.0033 0.0013
Cyclist -1 -1 -8.3177 670.5660 155.5044 713.8223 219.4351 1.4410 0.4026 1.4424 1.8677 1.0496 17.0096 -8.2108 0.0012
Pedestrian -1 -1 -3.3590 627.4536 149.1199 646.9783 209.5763 1.7010 0.5101 0.4559 0.7243 1.0329 20.5933 -3.3248 0.0012
Cyclist -1 -1 -8.5341 879.8564 139.4177 952.5134 215.7605 1.3934 0.4665 1.4593 5.8282 0.7828 13.9358 -8.1456 0.0012
Car -1 -1 -5.9401 555.1981 162.9975 633.8474 192.1837 1.5854 1.7021 4.0963 -0.9004 1.0497 40.6485 -5.9624 0.0011
Cyclist -1 -1 -5.0831 691.5570 155.1862 734.9750 219.9614 1.3710 0.4505 1.4504 2.2221 0.9968 16.0295 -4.9483 0.0011
Pedestrian -1 -1 -7.8980 462.2621 152.9953 479.5645 195.3848 1.6302 0.6430 0.3852 -5.4458 0.8662 28.0101 -8.0885 0.0011
Cyclist -1 -1 -5.2980 1121.9792 133.6888 1231.0237 239.7971 1.5251 0.5302 1.5665 8.6530 0.9619 11.1684 -4.6515 0.0011
Cyclist -1 -1 -8.3262 896.9874 135.5130 965.2288 214.2239 1.4483 0.5160 1.6329 6.1874 0.7609 14.1082 -7.9206 0.0010
Pedestrian -1 -1 -5.1652 979.9673 138.5188 1026.3844 215.9657 1.3717 0.6151 0.4104 7.0200 0.7633 12.9951 -4.6793 0.0010
Pedestrian -1 -1 -5.6407 971.0105 140.2091 1012.5120 218.7412 1.3468 0.5068 0.4282 6.6512 0.7867 12.6781 -5.1670 0.0010
Cyclist -1 -1 -8.3186 762.0751 164.3603 808.8951 227.9897 1.3678 0.4263 1.4127 3.8785 1.1849 16.2470 -8.0889 0.0009
Cyclist -1 -1 -8.4990 929.6330 135.7818 1003.0573 214.5965 1.3985 0.4619 1.4212 6.6025 0.7404 13.5450 -8.0539 0.0009
Pedestrian -1 -1 -8.0704 781.0916 164.7409 808.0290 234.9741 1.5885 0.4903 0.5482 4.1888 1.4047 16.5999 -7.8282 0.0008
Cyclist -1 -1 -8.2901 777.4383 163.2338 825.0805 234.1766 1.5145 0.4384 1.4748 4.2109 1.3088 16.1685 -8.0404 0.0008
Pedestrian -1 -1 -3.5709 783.2004 156.2184 815.1699 224.4579 1.7641 0.6728 0.5861 4.9347 1.3338 19.0368 -3.3216 0.0008
Cyclist -1 -1 -7.5738 476.3297 155.8864 496.0183 190.8610 1.4806 0.3957 1.6812 -5.4209 0.7620 31.4021 -7.7436 0.0008
Pedestrian -1 -1 -4.7334 786.6302 159.2973 813.3088 227.5514 1.5045 0.5657 0.4399 4.2032 1.2054 16.1826 -4.4842 0.0007
Pedestrian -1 -1 -4.9098 775.4379 164.5406 801.5322 221.6993 1.2397 0.4885 0.3818 3.8643 1.0591 15.8486 -4.6753 0.0007
Cyclist -1 -1 -8.3176 689.3853 155.2513 731.4673 218.4216 1.4139 0.3925 1.3758 2.2782 1.0196 16.8637 -8.1861 0.0007
Cyclist -1 -1 -8.2877 924.1893 131.8285 990.1581 212.1282 1.4598 0.5398 1.5163 6.5879 0.7137 13.8754 -7.8526 0.0006
Cyclist -1 -1 -8.1529 760.0823 159.0984 795.7346 231.5545 1.6235 0.3600 1.5607 3.8759 1.3150 16.9591 -7.9326 0.0006
Cyclist -1 -1 -5.1276 689.6290 155.5113 733.8814 218.0635 1.3555 0.4607 1.3984 2.2380 0.9794 16.3715 -4.9947 0.0006
Cyclist -1 -1 -8.3971 686.8897 154.2617 740.9791 218.3456 1.3929 0.5130 1.4995 2.2987 0.9885 16.4725 -8.2614 0.0006
Cyclist -1 -1 -8.2498 926.0342 134.6866 988.5938 214.2331 1.4647 0.5535 1.4785 6.6701 0.7616 14.0358 -7.8143 0.0006
Car -1 -1 -3.4356 453.4549 166.8853 522.3858 194.5276 1.6222 1.7244 3.8048 -7.4702 1.2717 43.9643 -3.6032 0.0006
Cyclist -1 -1 -5.1768 703.1279 152.4887 758.4279 218.5983 1.3931 0.5405 1.6066 2.6084 0.9637 16.0521 -5.0191 0.0005
Pedestrian -1 -1 -7.7921 909.8799 136.4354 942.8561 213.1651 1.3961 0.5422 0.4133 5.8380 0.7332 13.4345 -7.3902 0.0005
Cyclist -1 -1 -8.2724 782.6186 165.1782 829.1039 231.8218 1.3938 0.4353 1.4144 4.2215 1.2330 15.8239 -8.0169 0.0005
Cyclist -1 -1 -7.7743 790.1155 157.0763 818.8157 227.0435 1.7425 0.5772 2.1505 5.1102 1.3493 19.0802 -7.5171 0.0005
Cyclist -1 -1 -8.5476 694.1946 150.9701 756.8421 215.8324 1.4148 0.4829 1.6277 2.5744 0.9372 16.5602 -8.3965 0.0005
Pedestrian -1 -1 -3.8099 695.4318 156.6770 726.2549 217.9844 1.3844 0.5223 0.4836 2.2716 1.0188 16.6409 -3.6771 0.0005
Cyclist -1 -1 -8.0079 902.2734 136.9376 936.9410 227.0800 1.9466 0.4250 1.8958 7.0273 1.1707 16.5528 -7.6132 0.0004
Car -1 -1 -3.4394 451.3265 168.8196 520.6953 194.3439 1.4899 1.5321 3.8584 -7.5309 1.2541 43.6706 -3.6095 0.0004
Pedestrian -1 -1 -4.7901 715.4622 153.0126 743.8011 214.0177 1.3242 0.5761 0.5110 2.5848 0.8932 15.9391 -4.6327 0.0004
Cyclist -1 -1 -8.2041 674.5038 155.0255 716.8138 219.3882 1.3758 0.4706 1.4310 1.8491 0.9944 16.1743 -8.0928 0.0004
Cyclist -1 -1 -7.7876 464.3929 156.2983 481.6826 195.7101 1.5209 0.5717 1.5823 -5.4757 0.8817 28.6631 -7.9749 0.0004
Cyclist -1 -1 -8.3997 699.0320 151.5907 756.8806 215.5154 1.3686 0.5292 1.5932 2.5846 0.9131 16.2853 -8.2455 0.0003
Pedestrian -1 -1 -7.9544 463.9773 156.7840 481.1514 197.4072 1.5798 0.6259 0.3959 -5.4440 0.9546 28.3392 -8.1428 0.0003
Cyclist -1 -1 -8.3097 671.1227 153.1806 718.4084 217.0960 1.3931 0.4667 1.4687 1.8659 0.9640 16.4970 -8.1995 0.0002
Cyclist -1 -1 -5.1007 1120.2456 139.9012 1205.2472 241.6229 1.4367 0.4723 1.4947 8.3045 0.9710 10.9730 -4.4657 0.0002
Pedestrian -1 -1 -4.7937 481.6709 153.4436 497.2462 212.4440 1.6028 0.3836 0.4993 -3.3750 1.0752 19.8901 -4.9600 0.0002
Cyclist -1 -1 -8.6036 707.0236 151.9209 775.4609 214.2152 1.3449 0.5095 1.6907 2.9085 0.8927 16.4250 -8.4318 0.0002
Cyclist -1 -1 -8.5333 732.8358 160.5620 793.0305 219.4202 1.2701 0.4394 1.5680 3.3920 1.0045 16.3665 -8.3330 0.0001
Pedestrian -1 -1 -7.7778 469.6064 152.2999 488.2805 191.6857 1.5325 0.6933 0.3915 -5.1832 0.7324 28.3057 -7.9575 0.0000
Pedestrian -1 -1 -4.9157 476.2055 151.7473 493.8432 207.8344 1.4907 0.3629 0.5638 -3.4313 0.9294 19.5063 -5.0879 0.0000
Cyclist -1 -1 -5.8676 448.8270 154.8713 486.4958 195.2332 1.5617 0.6206 1.3143 -5.6362 0.8656 28.3644 -6.0622 0.0000
