Car -1 -1 -4.3389 289.3976 172.3922 462.0135 278.1027 1.7590 1.7190 4.3389 -4.4249 1.7510 14.2351 -4.6358 0.9998
Car -1 -1 -4.4390 443.7591 182.9474 536.2411 238.5601 1.4391 1.6419 4.2336 -3.5231 1.7726 21.6644 -4.5989 0.9994
Car -1 -1 -4.5109 571.8545 180.6408 615.2855 210.9702 1.4655 1.5468 3.8469 -0.8500 1.8966 37.9376 -4.5337 0.9901
Cyclist -1 -1 -7.9225 686.7221 172.1852 710.2825 231.6887 1.7836 0.6011 1.7569 2.6992 1.7632 22.5194 -7.8056 0.9803
Car -1 -1 -4.4264 444.2272 183.1865 537.3855 238.9673 1.4394 1.6323 4.1407 -3.4872 1.7790 21.5752 -4.5854 0.8385
Car -1 -1 -4.3474 289.1395 172.5099 465.8908 276.9656 1.7351 1.7306 4.6780 -4.4088 1.7291 14.3807 -4.6405 0.8311
Car -1 -1 -4.5109 656.5587 177.5736 684.4548 196.6445 1.5313 1.6064 3.9167 5.1295 1.9443 61.0834 -4.4279 0.8218
Car -1 -1 -4.4481 656.4977 177.4535 687.1525 196.9329 1.5620 1.6270 3.8808 5.2305 1.9636 60.9518 -4.3633 0.7767
Car -1 -1 -4.5127 570.8328 180.2877 615.0603 210.5861 1.4638 1.5838 3.9028 -0.8809 1.8756 37.9313 -4.5363 0.7527
Car -1 -1 -4.4761 656.1522 176.4276 688.2243 196.4665 1.6103 1.7164 4.4735 5.2934 1.9251 61.2272 -4.3907 0.7021
Cyclist -1 -1 -7.8382 689.3884 171.5609 710.1265 231.4310 1.7916 0.6170 1.8125 2.7640 1.7526 22.5316 -7.7186 0.6463
Car -1 -1 -4.4482 445.0552 182.6037 536.2708 239.9360 1.4671 1.6084 4.2094 -3.4586 1.7852 21.3824 -4.6073 0.6433
Car -1 -1 -4.5512 764.5341 174.3331 787.2708 190.1420 1.5014 1.5984 3.7837 16.3204 1.6508 70.9628 -4.3263 0.5665
Car -1 -1 -4.5179 570.7399 180.2800 611.7080 210.1973 1.4467 1.5713 2.9889 -0.9717 1.8467 37.2923 -4.5443 0.5525
Car -1 -1 -4.6813 763.7164 174.2021 781.7582 190.2260 1.5217 1.6172 3.8782 16.0042 1.6578 70.9496 -4.4606 0.5373
Car -1 -1 -4.4527 572.8741 180.0624 618.7303 210.4390 1.4693 1.5798 3.3646 -0.7329 1.8628 37.5879 -4.4726 0.5087
Car -1 -1 -4.6021 655.8369 177.4640 680.2110 197.0293 1.5694 1.6312 3.9667 4.9082 1.9720 60.9681 -4.5226 0.5083
Car -1 -1 -4.4808 655.6706 177.4224 684.2937 196.6460 1.5337 1.5877 3.7124 5.0371 1.9294 60.5324 -4.3986 0.4356
Car -1 -1 -4.5702 654.6209 177.0511 680.4728 196.9370 1.5848 1.6630 3.6031 4.8092 1.9464 60.2628 -4.4914 0.3213
Car -1 -1 -4.4148 565.8566 179.5445 615.5247 210.9688 1.4929 1.6477 3.2819 -0.9789 1.8509 36.8468 -4.4417 0.2974
Car -1 -1 -4.7060 656.8018 177.1470 677.7972 196.7718 1.5846 1.7191 4.1463 4.8548 1.9619 61.3337 -4.6278 0.2795
Car -1 -1 -4.6419 764.1040 174.5630 784.2933 191.1815 1.5532 1.6320 4.1459 15.9609 1.7242 70.1143 -4.4194 0.2482
Car -1 -1 -4.7514 654.1858 177.5742 675.7720 197.3266 1.5882 1.6590 3.8539 4.5866 1.9991 60.9051 -4.6770 0.2142
Car -1 -1 -4.7176 653.6252 177.9192 676.0909 197.3634 1.5462 1.8146 3.7625 4.5467 1.9830 60.3267 -4.6431 0.1795
Car -1 -1 -4.4279 765.3317 174.4217 792.4759 190.1159 1.4886 1.5842 3.8571 16.6065 1.6468 70.9180 -4.1991 0.1715
Car -1 -1 -4.5098 654.5644 177.1129 684.3659 196.8377 1.5473 1.6583 4.1857 4.9403 1.9133 59.8104 -4.4282 0.1620
Car -1 -1 -4.8748 757.8536 173.9622 781.7153 190.2284 1.5461 1.6549 4.0005 15.6488 1.6578 70.9026 -4.6587 0.1476
Car -1 -1 -4.5048 763.9877 174.9846 789.0514 190.9754 1.4960 1.6077 3.9214 16.2030 1.7092 70.1836 -4.2792 0.1409
Car -1 -1 -4.5394 652.7491 176.8259 681.2042 197.3703 1.5970 1.6533 4.0657 4.6759 1.9340 59.1037 -4.4613 0.0840
Car -1 -1 -4.8094 761.7674 174.4330 783.6081 191.7650 1.6132 1.6306 4.4310 15.7013 1.7709 69.8776 -4.5896 0.0673
Car -1 -1 -7.6948 502.2264 179.3595 542.9577 210.1020 1.4837 1.5478 3.5879 -4.5223 1.8372 37.4172 -7.8147 0.0440
Car -1 -1 -2.5215 456.7368 178.5031 543.1319 210.1099 1.5275 1.7014 4.1923 -5.7230 1.8317 37.1854 -2.6737 0.0434
Car -1 -1 -4.1001 576.5437 178.0316 638.3784 203.7381 1.5238 1.6492 4.5183 -0.1368 1.8705 46.0313 -4.1036 0.0411
Car -1 -1 -4.2589 765.8553 174.2349 799.9893 190.0980 1.5034 1.6167 4.1352 16.9895 1.6428 70.8625 -4.0249 0.0400
Car -1 -1 -3.8152 758.4999 174.7703 801.4774 190.7572 1.5150 1.6251 3.9224 16.5536 1.7057 70.3318 -3.5853 0.0385
Car -1 -1 -4.9383 793.3068 171.9739 845.4144 204.1358 1.6016 1.7105 4.2531 10.9374 1.5575 38.0984 -4.6612 0.0362
Car -1 -1 -2.8895 453.1471 178.1787 535.6888 209.5062 1.5266 1.6203 3.8385 -5.8481 1.8028 36.4823 -3.0478 0.0318
Car -1 -1 -4.2412 579.8303 178.7582 635.3825 204.3290 1.4937 1.6607 4.4803 -0.1231 1.8861 45.6175 -4.2444 0.0269
Car -1 -1 -4.6087 651.8398 176.1417 677.8192 197.6508 1.6735 1.6750 4.4961 4.5114 1.9538 59.2217 -4.5335 0.0257
Car -1 -1 -7.7064 501.0327 179.2930 541.9256 209.6815 1.4720 1.5984 3.6135 -4.5957 1.8231 37.5521 -7.8278 0.0233
Car -1 -1 -2.6722 453.6038 178.1436 541.7700 209.2997 1.5122 1.7148 4.1354 -5.7835 1.7936 36.9696 -2.8267 0.0195
Car -1 -1 -4.8025 677.2523 175.3535 699.2777 194.5028 1.6581 1.6158 3.9338 6.9950 1.8898 64.9738 -4.6961 0.0195
Car -1 -1 -4.0778 572.9378 178.3755 637.3389 203.7317 1.5023 1.7391 4.5876 -0.2849 1.8733 46.1483 -4.0844 0.0191
Car -1 -1 -4.4614 645.7913 176.1429 680.1119 197.9125 1.6658 1.6852 4.5996 4.3048 1.9429 58.4001 -4.3887 0.0143
Car -1 -1 -4.6172 776.4614 173.4618 797.7727 189.5351 1.5269 1.6698 3.9605 17.3968 1.5881 70.8518 -4.3777 0.0138
Car -1 -1 -4.5821 679.1324 174.9260 703.3615 194.2198 1.6665 1.6676 3.9836 7.3162 1.8588 64.9151 -4.4707 0.0138
Car -1 -1 -3.5556 753.4362 174.5099 800.0983 190.8929 1.5636 1.6004 4.1333 16.2106 1.7273 70.2762 -3.3302 0.0135
Car -1 -1 -4.1764 466.3826 184.3705 551.5654 222.9236 1.3556 1.4951 4.0753 -3.9880 1.8501 28.8334 -4.3132 0.0133
Car -1 -1 -5.0738 750.7518 174.5219 781.1917 190.7646 1.5423 1.6351 3.9321 15.2915 1.7109 71.0046 -4.8628 0.0133
Car -1 -1 -4.9510 671.5015 175.5104 699.5981 194.6168 1.6505 1.6242 3.9314 6.7434 1.8969 64.9594 -4.8485 0.0127
Car -1 -1 -3.7307 761.4455 175.4463 807.5390 191.5023 1.5221 1.5860 4.1953 16.9917 1.7798 70.3436 -3.4949 0.0120
Car -1 -1 -4.3615 679.1066 174.4637 712.2358 193.9427 1.6791 1.6785 4.0117 7.6947 1.8280 64.7240 -4.2441 0.0093
Car -1 -1 -2.3611 555.3666 176.0865 611.4594 196.5768 1.5656 1.7220 4.6334 -2.2010 1.8351 58.0250 -2.3993 0.0092
Car -1 -1 -3.0707 746.0895 174.6146 790.5024 190.9701 1.5594 1.5952 4.1341 15.4383 1.7342 70.4320 -2.8562 0.0091
Car -1 -1 -4.7556 585.5190 177.7690 608.7478 196.2833 1.3447 1.6105 3.9163 -1.0482 1.7359 55.4746 -4.7748 0.0090
Car -1 -1 -5.1078 750.1223 173.7750 787.9652 191.9868 1.6960 1.9350 4.6314 15.3320 1.7881 69.8960 -4.8931 0.0079
Car -1 -1 -4.5022 680.6376 175.3263 707.1947 194.2385 1.6271 1.5934 3.8952 7.5344 1.8558 64.7263 -4.3872 0.0075
Car -1 -1 -7.7445 498.3631 179.1726 538.0338 209.7102 1.4768 1.6572 3.6309 -4.7574 1.8207 37.4786 -7.8704 0.0074
Car -1 -1 -4.7412 799.8203 169.9138 837.5709 203.1762 1.5853 1.6977 4.1799 10.4943 1.4448 36.6225 -4.4646 0.0072
Car -1 -1 -2.8072 454.9651 178.9274 538.6556 209.9714 1.5095 1.7088 3.8626 -5.7732 1.8283 36.7320 -2.9624 0.0066
Car -1 -1 -2.6195 462.6510 179.2774 540.2323 209.9282 1.4892 1.6222 3.6131 -5.6105 1.8315 37.0628 -2.7691 0.0065
Car -1 -1 -4.5697 796.1462 169.5208 843.0684 201.7269 1.5258 1.7293 4.0046 10.5716 1.3676 36.3640 -4.2893 0.0063
Car -1 -1 -4.7320 801.8412 171.1805 840.1285 205.5052 1.5912 1.7121 3.9921 10.3115 1.5133 35.5970 -4.4527 0.0061
Car -1 -1 -4.5755 578.7327 178.0032 606.4609 196.1907 1.3172 1.6209 3.8503 -1.3295 1.7266 55.3969 -4.5998 0.0061
Car -1 -1 -5.0211 584.3162 178.4904 620.5840 201.2083 1.6876 1.7547 3.8646 -0.6605 2.1472 56.7576 -5.0331 0.0059
Car -1 -1 -6.0215 740.6542 173.5537 789.6708 190.3354 1.5981 1.6686 4.4078 15.1545 1.6679 70.6010 -5.8113 0.0045
Car -1 -1 -4.2576 467.2873 183.4213 551.6682 224.3530 1.4113 1.5029 4.3997 -3.8935 1.8610 28.4029 -4.3932 0.0043
Car -1 -1 -6.5746 759.2107 174.8999 800.8084 190.8526 1.5253 1.4600 3.6643 16.4670 1.7260 70.0452 -6.3450 0.0042
Car -1 -1 -5.0330 665.9853 174.9228 698.5778 194.8351 1.7215 1.6961 4.1419 6.4522 1.9140 65.0450 -4.9350 0.0042
Car -1 -1 -4.6753 489.4127 180.2079 535.3866 221.9200 1.6023 1.7788 4.3528 -4.1327 1.9384 30.7614 -4.8083 0.0041
Car -1 -1 -4.7661 798.4283 170.7305 835.9223 203.9845 1.5705 1.5749 3.9684 10.2951 1.4699 36.1855 -4.4914 0.0041
Car -1 -1 -4.8692 791.2827 171.3538 838.3278 204.1026 1.6226 1.6845 4.4818 10.6923 1.5480 38.0734 -4.5978 0.0041
Car -1 -1 -4.1501 605.7473 177.2592 658.0208 201.4970 1.5288 1.5498 4.1240 1.4826 1.8372 48.4321 -4.1202 0.0041
Car -1 -1 -4.7979 793.6456 170.4638 836.3622 204.3368 1.6262 1.6886 4.7343 10.4346 1.5112 37.1236 -4.5264 0.0038
Car -1 -1 -5.2617 744.1981 175.0659 781.1628 191.3800 1.5404 1.6664 4.0725 14.9468 1.7643 70.9231 -5.0552 0.0038
Car -1 -1 -4.9474 482.4613 184.0404 539.4170 220.6766 1.3934 1.5253 3.9406 -4.3396 1.9041 30.8459 -5.0865 0.0033
Car -1 -1 -4.5257 570.5729 177.3056 604.3729 197.2808 1.4423 1.8309 4.2841 -1.7106 1.7975 55.3642 -4.5568 0.0033
Car -1 -1 -4.7466 797.5041 171.6982 830.0815 204.6595 1.5532 1.4129 3.9398 10.1039 1.4985 36.0817 -4.4761 0.0031
Car -1 -1 -9.0529 0.0000 0.0000 1241.0000 374.0000 1.5330 1.5900 3.5808 5.4472 1.5385 1.3341 -7.7726 0.0030
Car -1 -1 -9.0371 0.0000 0.0000 1241.0000 374.0000 1.5450 1.5829 3.5564 5.0378 1.5370 1.2991 -7.7727 0.0030
Car -1 -1 -9.0205 0.0000 0.0000 1241.0000 374.0000 1.5444 1.5860 3.5694 4.6736 1.5293 1.2652 -7.7719 0.0030
Car -1 -1 -4.7821 579.1639 176.7508 606.6536 196.2439 1.3903 1.7717 4.3591 -1.3623 1.6972 54.6177 -4.8074 0.0027
Car -1 -1 -4.9883 590.8634 178.7017 623.2850 199.5087 1.5470 1.6373 3.5392 -0.2904 2.0215 56.6569 -4.9939 0.0025
Car -1 -1 -4.8528 793.5272 171.6863 838.3600 205.9916 1.6006 1.5324 4.3107 10.1378 1.5458 35.9029 -4.5802 0.0024
Car -1 -1 -4.7933 572.8687 176.6788 602.0665 197.3510 1.4807 1.8554 4.4543 -1.7844 1.7835 54.8569 -4.8261 0.0022
Car -1 -1 -4.5251 609.9745 177.4292 643.9655 200.7124 1.4731 1.5736 4.0116 1.1532 1.7945 48.6128 -4.5019 0.0018
Car -1 -1 -5.4578 736.2150 175.4352 782.0824 191.6476 1.5224 1.8499 4.4965 14.5957 1.7844 70.9231 -5.2560 0.0017
Cyclist -1 -1 -8.6242 1204.0974 150.1655 1241.0000 350.8908 1.7095 0.3941 1.7656 6.6805 1.5160 7.0338 -7.8858 0.0013
Pedestrian -1 -1 -6.1595 795.2202 170.0210 806.2485 206.3550 1.4924 0.5739 0.3774 7.8807 1.3757 29.9724 -5.9052 0.0006
Pedestrian -1 -1 -3.7416 1206.4883 145.2260 1241.0000 293.3489 1.8890 0.5148 0.4218 8.1930 1.5363 9.4782 -3.0446 0.0006
Cyclist -1 -1 -8.7029 1172.5868 146.9762 1241.0000 335.7664 1.6769 0.5097 1.7823 6.6858 1.4468 7.3256 -7.9835 0.0005
Cyclist -1 -1 -8.6746 1143.6306 149.2032 1241.0000 325.9609 1.6458 0.5689 1.8403 6.6588 1.4253 7.6665 -7.9788 0.0004
Pedestrian -1 -1 -4.8181 1207.9430 133.8534 1241.0000 336.8513 1.9374 0.7501 0.7083 6.5935 1.5649 7.3905 -4.1099 0.0004
Pedestrian -1 -1 -6.1123 794.4323 170.0981 805.5661 205.5964 1.4715 0.5912 0.3585 7.9240 1.3569 30.2522 -5.8590 0.0003
Cyclist -1 -1 -8.6602 1135.3212 162.7391 1241.0000 312.1505 1.4833 0.4928 1.5777 6.6441 1.3826 7.9774 -7.9842 0.0003
Cyclist -1 -1 -7.7903 794.2391 171.6066 805.3783 201.0599 1.6216 0.4952 1.8823 10.6745 1.5526 40.6957 -7.5360 0.0002
Pedestrian -1 -1 -4.7679 1181.9160 143.1879 1241.0000 319.6335 1.7994 0.6375 0.6579 6.5601 1.4965 7.8114 -4.0884 0.0002
Cyclist -1 -1 -7.6702 793.3457 173.0890 806.8315 200.8092 1.5213 0.4544 1.5804 10.6177 1.5344 40.4230 -7.4155 0.0002
Pedestrian -1 -1 -4.9606 1156.5293 140.2461 1241.0000 293.6836 1.6484 0.6352 0.5496 6.5693 1.2978 8.1307 -4.2989 0.0002
Cyclist -1 -1 -7.7941 790.0923 175.0377 799.2774 200.6330 1.3987 0.4121 1.5287 10.2965 1.5230 40.3570 -7.5465 0.0001
