Pedestrian -1 -1 -7.4411 418.8827 179.6964 489.7389 307.0046 1.6185 0.6472 0.8449 -1.9996 1.5962 9.6123 -7.6468 0.9527
Pedestrian -1 -1 -4.4532 558.4421 171.1742 582.3165 224.7220 1.7788 0.6114 0.8679 -1.0732 1.4362 24.3504 -4.5020 0.9317
Pedestrian -1 -1 -4.4201 558.1258 171.5026 581.5507 224.8215 1.7725 0.5939 0.7926 -1.0918 1.4406 24.3357 -4.4697 0.9108
Pedestrian -1 -1 -4.9618 583.5473 172.7769 611.5946 234.3442 1.7027 0.6078 0.8084 -0.1478 1.4620 20.3357 -4.9744 0.9040
Pedestrian -1 -1 -7.5096 601.1421 171.7049 620.5091 213.3580 1.7866 0.5681 0.9337 0.3981 1.3668 31.3473 -7.5021 0.8935
Pedestrian -1 -1 -6.9862 864.3032 161.4850 915.2805 261.2024 1.7035 0.6416 0.5461 5.0329 1.3622 12.6648 -6.6204 0.8844
Pedestrian -1 -1 -5.7185 610.0237 172.9604 631.8628 212.1002 1.7405 0.6678 0.7450 0.8670 1.3611 32.4280 -5.6971 0.8418
Pedestrian -1 -1 -6.5078 611.7203 173.1789 630.6878 211.6612 1.7194 0.6895 0.7187 0.8764 1.3479 32.5053 -6.4862 0.7392
Pedestrian -1 -1 -4.8257 691.6681 163.7401 713.0906 216.8044 1.9356 0.7155 0.5938 3.6970 1.2882 26.5065 -4.6936 0.7270
Pedestrian -1 -1 -4.8419 692.1099 163.6391 713.6185 216.9739 1.9416 0.7198 0.5050 3.7009 1.2917 26.4034 -4.7092 0.7220
Pedestrian -1 -1 -4.4698 629.2535 173.5725 643.5975 212.2119 1.6682 0.4933 0.6274 1.5147 1.3262 31.3828 -4.4271 0.7051
Pedestrian -1 -1 -8.5441 656.7393 167.9879 675.6606 199.8219 1.7527 0.6737 0.8331 3.6084 1.0089 40.0836 -8.4599 0.6883
Pedestrian -1 -1 -5.9490 612.2584 173.2204 633.5349 211.7480 1.7149 0.6623 0.7889 0.9565 1.3466 32.4220 -5.9249 0.6803
Pedestrian -1 -1 -4.8110 576.6772 169.3961 590.1833 208.5775 1.8939 0.5936 0.6586 -0.8930 1.3091 35.0873 -4.8414 0.6780
Pedestrian -1 -1 -8.4272 769.4952 162.1088 816.3731 247.0925 1.8378 0.5923 0.9391 4.2352 1.4191 16.0741 -8.1789 0.6710
Pedestrian -1 -1 -2.3227 565.2323 171.5065 591.5226 219.4160 1.8037 0.6011 0.8307 -0.9076 1.4278 27.5495 -2.3605 0.6701
Pedestrian -1 -1 -4.3201 483.6074 175.4950 526.4787 260.6657 1.6685 0.6461 0.6870 -1.9772 1.5515 14.4859 -4.4589 0.6491
Pedestrian -1 -1 -6.7718 581.5790 171.7433 601.6600 211.7786 1.8031 0.6425 0.6950 -0.4640 1.3640 32.8018 -6.7910 0.6438
Pedestrian -1 -1 -5.5847 357.4299 177.4215 413.0977 288.0161 1.6379 0.4620 0.6763 -3.3482 1.5781 10.9834 -5.8798 0.6424
Pedestrian -1 -1 -7.9419 622.4946 172.9895 637.2660 209.8972 1.7311 0.6199 0.8897 1.3358 1.3322 34.1531 -7.9082 0.6405
Pedestrian -1 -1 -4.5705 629.8852 173.7903 642.9489 211.9976 1.6439 0.4769 0.7160 1.5109 1.3125 31.3034 -4.5278 0.6087
Pedestrian -1 -1 -3.3924 552.4960 169.4900 569.9472 200.3385 1.8260 0.5508 0.9319 -2.4039 1.1152 42.9253 -3.4530 0.6008
Pedestrian -1 -1 -7.6692 623.2119 172.5226 641.0034 209.2687 1.7212 0.6946 0.9155 1.4515 1.3010 34.1707 -7.6322 0.5828
Pedestrian -1 -1 -4.2932 485.1301 174.3354 529.2631 261.7568 1.6927 0.6103 0.7898 -1.9176 1.5546 14.3733 -4.4290 0.5812
Pedestrian -1 -1 -4.7183 694.1636 164.1614 713.9789 216.4969 1.9065 0.7149 0.6370 3.7623 1.2753 26.5301 -4.5840 0.5748
Pedestrian -1 -1 -4.2920 486.8075 175.1964 528.9778 260.6156 1.6757 0.6318 0.6611 -1.9221 1.5526 14.4981 -4.4270 0.5563
Pedestrian -1 -1 -5.9264 612.9881 172.8225 632.9349 211.3792 1.7203 0.7314 0.6940 0.9628 1.3334 32.5179 -5.9022 0.5507
Pedestrian -1 -1 -4.7172 694.4535 163.5299 715.0448 216.5744 1.9264 0.7415 0.5811 3.7722 1.2742 26.4241 -4.5819 0.5429
Pedestrian -1 -1 -3.6901 552.8642 169.1456 569.9167 199.3223 1.7876 0.5182 0.8784 -2.3968 1.0558 43.0157 -3.7504 0.5261
Pedestrian -1 -1 -4.3503 482.7511 174.0012 525.0468 261.0819 1.6843 0.6032 0.7797 -1.9790 1.5398 14.3402 -4.4905 0.4963
Pedestrian -1 -1 -6.9241 864.8119 162.5913 914.9927 261.9530 1.7094 0.6556 0.5371 5.0669 1.3847 12.7466 -6.5582 0.4933
Pedestrian -1 -1 -7.2951 620.9380 172.4326 643.2463 209.4202 1.7244 0.6779 0.9146 1.4441 1.3019 34.0578 -7.2582 0.4744
Pedestrian -1 -1 -2.5334 561.8446 171.0157 590.2521 219.2103 1.8136 0.5864 0.9170 -0.9946 1.4194 27.5246 -2.5744 0.4697
Pedestrian -1 -1 -2.9167 678.5166 166.9748 699.8800 204.7001 1.8160 0.5917 0.9277 4.2686 1.1170 35.0126 -2.8014 0.4668
Pedestrian -1 -1 -5.6009 763.6165 162.4028 814.2958 249.0552 1.8753 0.5916 0.9325 4.1567 1.4626 16.0967 -5.3575 0.4580
Pedestrian -1 -1 -7.1469 619.4843 172.2229 640.6425 209.6612 1.7472 0.6016 0.8407 1.3457 1.3145 34.0375 -7.1128 0.4564
Pedestrian -1 -1 -3.8004 764.7610 177.0503 784.1457 228.7643 1.6038 0.4774 0.3772 5.4060 1.4662 22.5729 -3.5732 0.4401
Pedestrian -1 -1 -8.0055 538.3428 174.4479 555.3946 214.7823 1.7487 0.6654 0.5617 -2.4107 1.4432 31.4928 -8.0864 0.4302
Pedestrian -1 -1 -4.6489 576.5649 170.0790 590.7727 209.4679 1.8969 0.6530 0.6880 -0.8721 1.3471 34.9479 -4.6788 0.3974
Pedestrian -1 -1 -7.2159 581.9085 171.9347 601.3506 211.7732 1.8009 0.6446 0.6276 -0.4624 1.3687 32.9141 -7.2349 0.3725
Pedestrian -1 -1 -3.8745 762.3040 177.6589 782.4171 229.3644 1.6044 0.5030 0.3735 5.3467 1.4856 22.5996 -3.6500 0.3564
Car -1 -1 -8.5803 0.0000 0.0000 1237.0000 373.0000 1.9534 1.7767 3.8644 2.3671 1.6279 1.8870 -7.7540 0.3204
Pedestrian -1 -1 -3.3919 674.0504 166.9498 695.9926 204.1447 1.7922 0.5725 0.9458 4.0538 1.0913 34.9616 -3.2824 0.3109
Pedestrian -1 -1 -4.2757 745.7178 182.7497 793.8201 295.4343 1.5342 0.4961 0.5102 2.3311 1.5531 10.1413 -4.0611 0.3087
Cyclist -1 -1 -4.9163 744.7139 183.2261 804.0294 299.6328 1.5153 0.4928 1.4944 2.3590 1.5421 10.1236 -4.6987 0.2986
Pedestrian -1 -1 -3.5009 672.6224 165.6478 694.5697 203.6287 1.8239 0.5634 0.9176 3.9761 1.0629 34.8822 -3.3933 0.2901
Pedestrian -1 -1 -4.6709 573.9501 169.5748 587.7127 208.2104 1.8691 0.6482 0.7023 -1.0144 1.2924 35.1056 -4.7047 0.2633
Pedestrian -1 -1 -3.9237 763.1428 177.4070 790.0134 229.4688 1.5989 0.5123 0.6420 5.4430 1.4737 22.4479 -3.6937 0.2485
Pedestrian -1 -1 -3.3540 543.4744 170.3013 562.1409 207.8790 1.8283 0.6453 0.7960 -2.4075 1.2837 35.3711 -3.4266 0.2307
Pedestrian -1 -1 -6.4833 644.4825 172.0797 652.8729 193.5076 1.8154 0.5437 0.6145 4.0488 1.0171 61.1708 -6.4224 0.2257
Cyclist -1 -1 -4.8924 764.3849 180.9256 823.2550 301.0867 1.5517 0.4844 1.6283 2.6249 1.5450 10.1041 -4.6502 0.2213
Pedestrian -1 -1 -3.6321 542.1785 170.8639 562.1778 208.4256 1.8191 0.6087 0.7840 -2.4288 1.3042 35.2558 -3.7055 0.2148
Pedestrian -1 -1 -5.4519 357.8997 178.1505 413.5179 289.2212 1.6233 0.4437 0.7087 -3.3102 1.5750 10.8700 -5.7467 0.2063
Car -1 -1 -8.7380 0.0000 0.0000 1237.0000 373.0000 1.9814 1.8176 4.2707 2.5021 1.6261 1.5609 -7.8040 0.1955
Pedestrian -1 -1 -4.6855 768.5562 181.2017 810.0945 292.3630 1.5199 0.5534 0.5369 2.6090 1.5164 10.1533 -4.4459 0.1716
Cyclist -1 -1 -3.0395 489.3286 174.2888 536.7972 224.6683 1.7359 0.6238 1.5929 -3.1002 1.4878 25.0826 -3.1665 0.1533
Pedestrian -1 -1 -4.8046 675.0228 169.5565 686.5947 199.6226 1.6972 0.6081 0.4839 4.5031 1.0231 40.7946 -4.7004 0.1508
Pedestrian -1 -1 -7.9818 515.5875 178.6738 533.7202 222.9669 1.6660 0.5979 0.7187 -2.9584 1.5601 27.4387 -8.0934 0.1493
Cyclist -1 -1 -3.1737 496.4317 174.9919 540.6940 224.8108 1.7096 0.6264 1.5120 -2.9243 1.4867 25.0753 -3.2939 0.1321
Pedestrian -1 -1 -5.5568 0.0000 194.9128 65.2089 373.0000 1.5697 0.4538 0.5009 -5.1089 1.6909 6.2091 -6.2311 0.1228
Car -1 -1 -5.5314 732.4873 167.5886 812.0792 200.1754 1.5962 1.6415 3.9451 8.7941 0.9150 37.2809 -5.3063 0.1198
Pedestrian -1 -1 -5.6898 0.0000 194.5963 51.9691 373.0000 1.5484 0.4456 0.5095 -5.2345 1.6671 6.2244 -6.3747 0.1124
Car -1 -1 -5.3167 733.0712 169.0940 802.9140 201.2830 1.5705 1.6178 3.8036 8.5266 0.9654 37.1140 -5.0974 0.1006
Pedestrian -1 -1 -4.6341 625.7623 172.4626 639.0209 212.3763 1.7248 0.5312 0.6979 1.3407 1.3346 31.4186 -4.5970 0.0867
Pedestrian -1 -1 -4.7925 752.2968 192.9380 787.2424 296.0750 1.3717 0.4194 0.5275 2.2670 1.5347 9.9070 -4.5790 0.0819
Pedestrian -1 -1 -7.4542 522.8159 177.4292 542.6755 219.6717 1.6948 0.6133 0.6195 -2.8094 1.5318 29.2065 -7.5545 0.0798
Pedestrian -1 -1 -4.5910 626.2363 172.6485 639.5720 212.5603 1.7130 0.5044 0.6824 1.3534 1.3334 31.2080 -4.5531 0.0664
Pedestrian -1 -1 -6.0502 641.2165 171.5890 650.7742 193.0990 1.8232 0.5366 0.7108 3.8276 0.9830 61.2467 -5.9930 0.0485
Car -1 -1 -7.7135 484.8893 183.0561 535.0786 221.7709 1.4535 1.5360 3.5391 -3.6363 1.5203 28.8893 -7.8429 0.0466
Cyclist -1 -1 -8.2654 685.0918 178.8792 724.8522 239.8405 1.5495 0.3968 1.6695 2.7004 1.4834 19.1158 -8.1324 0.0462
Car -1 -1 -7.9102 484.4265 183.3854 529.1659 222.2986 1.4475 1.5539 3.5605 -3.8640 1.5283 28.7992 -8.0476 0.0436
Car -1 -1 -4.9716 723.8282 170.7597 783.3130 207.9615 1.5879 1.6343 4.0291 6.8342 1.1297 32.7201 -4.7723 0.0372
Pedestrian -1 -1 -5.7492 478.0422 166.8765 507.8274 226.3059 1.9556 0.6995 0.7361 -3.6629 1.4748 24.0988 -5.9037 0.0339
Car -1 -1 -2.6735 675.5897 169.1742 748.6414 195.2514 1.5087 1.7068 4.0235 6.6674 0.7957 43.4172 -2.5269 0.0198
Pedestrian -1 -1 -5.8979 476.6042 165.7167 509.1525 227.3517 2.0200 0.6688 0.8897 -3.6444 1.5032 23.9697 -6.0524 0.0197
Car -1 -1 -2.7599 681.8151 172.1462 747.3125 197.0444 1.4421 1.5830 3.5566 6.7926 0.9004 43.1886 -2.6098 0.0195
Car -1 -1 -5.0641 724.6561 171.2579 798.0944 207.9226 1.5168 1.7368 4.4212 7.0106 1.0934 32.0290 -4.8554 0.0172
Car -1 -1 -7.6087 486.9412 183.0530 545.1152 221.3701 1.4384 1.5167 3.5951 -3.3986 1.5054 28.9939 -7.7295 0.0154
Cyclist -1 -1 -7.6441 511.0726 177.8435 537.2738 224.5145 1.7434 0.6788 1.6797 -2.9866 1.6072 27.7029 -7.7558 0.0108
Car -1 -1 -5.0720 724.0476 172.0185 790.7275 207.5013 1.4832 1.5716 3.9974 6.8729 1.0872 32.1235 -4.8679 0.0107
Cyclist -1 -1 -7.8484 628.9342 172.3056 640.7739 210.2354 1.7303 0.5397 1.7492 1.5511 1.3111 33.6556 -7.8078 0.0099
Cyclist -1 -1 -4.6976 627.9332 170.8936 638.9798 209.4053 1.8089 0.5186 1.3733 1.5286 1.3110 34.4408 -4.6587 0.0086
Cyclist -1 -1 -4.3742 478.3275 176.1857 531.1383 265.0713 1.6748 0.5602 1.5852 -1.9487 1.5753 14.3678 -4.5122 0.0075
Cyclist -1 -1 -7.6137 510.4383 177.1492 538.0005 223.2765 1.7120 0.6839 1.6585 -2.9659 1.5509 27.5270 -7.7253 0.0073
Cyclist -1 -1 -4.2877 473.2300 173.9242 534.4571 264.9271 1.7076 0.5813 1.6762 -1.9619 1.5661 14.3652 -4.4266 0.0064
Cyclist -1 -1 -7.7255 612.1084 173.9456 627.5510 212.9061 1.7113 0.4914 1.7276 0.8248 1.3797 32.4421 -7.7054 0.0058
Car -1 -1 -8.2677 564.3904 168.8731 598.0166 187.3134 1.6681 1.5969 4.1357 -1.8921 0.5256 67.1913 -8.3006 0.0035
Cyclist -1 -1 -7.8941 737.3300 169.2450 750.4182 205.9311 1.6050 0.4814 2.0354 6.4140 1.0691 32.4682 -7.7056 0.0030
Car -1 -1 -8.1202 570.4202 168.4949 598.0334 186.1942 1.6040 1.5752 3.9638 -1.6065 0.4251 67.2239 -8.1489 0.0028
Car -1 -1 -8.4099 629.1281 169.8224 688.8410 198.1866 1.5820 1.5483 4.0970 3.3229 0.9308 42.2374 -8.3369 0.0027
Car -1 -1 -7.9183 578.1997 168.3237 598.4048 186.8022 1.6741 1.6096 4.0204 -1.2190 0.4801 67.1502 -7.9412 0.0022
Car -1 -1 -8.3157 636.0184 170.0267 688.7518 198.6167 1.5943 1.4802 3.8916 3.5189 0.9547 42.1395 -8.2378 0.0021
Cyclist -1 -1 -8.3036 934.8652 99.2508 1237.0000 373.0000 1.7948 0.5866 1.9815 1.9229 1.5876 2.8316 -7.7549 0.0016
Cyclist -1 -1 -7.9133 732.1345 171.9613 741.6482 200.4173 1.5028 0.4113 1.3766 7.2768 0.9992 38.6446 -7.7334 0.0013
Cyclist -1 -1 -8.0029 730.2417 172.3376 746.2628 206.7056 1.4996 0.4127 1.9113 6.1272 1.1001 32.3045 -7.8220 0.0004
Cyclist -1 -1 -7.8170 732.6688 172.8175 742.5264 200.5838 1.4515 0.4743 1.4439 7.2596 0.9978 38.3073 -7.6360 0.0003
Cyclist -1 -1 -7.8181 731.1235 169.2791 743.1597 203.9387 1.5045 0.4841 1.5385 6.0328 0.9743 31.9840 -7.6382 0.0002
Cyclist -1 -1 -4.6878 626.3065 170.6867 638.6141 209.2142 1.7969 0.5609 1.4390 1.4727 1.2928 34.2382 -4.6503 0.0002
Cyclist -1 -1 -6.1570 604.0676 174.1101 641.0701 211.7011 1.6771 0.5515 1.6162 0.9436 1.3477 32.4412 -6.1333 0.0001
Cyclist -1 -1 -4.8095 623.2098 172.5166 637.2083 209.9714 1.7437 0.5167 1.4543 1.3502 1.3257 34.1838 -4.7754 0.0001
