Car -1 -1 -7.5822 886.8889 180.5124 1016.7078 264.8895 1.5245 1.5927 3.6181 7.2589 1.7063 15.2722 -7.1467 0.9999
Car -1 -1 -7.1572 379.1881 168.7276 745.5045 374.0000 1.6434 1.6007 3.3190 -0.2889 1.6151 6.6912 -7.2008 0.9998
Car -1 -1 -4.2695 681.7389 177.8295 907.0668 320.0781 1.5680 1.5859 3.7467 2.6553 1.6504 10.0377 -4.0194 0.9998
Car -1 -1 -4.5460 1051.3325 177.0262 1117.7247 219.4478 1.6430 1.7093 4.0637 20.0101 1.8307 30.4281 -3.9692 0.9799
Car -1 -1 -6.0384 889.6851 172.0047 1004.2434 213.4122 1.5088 1.5168 3.7862 13.0154 1.4776 28.0665 -5.6086 0.9709
Car -1 -1 -7.1531 379.9148 170.8940 742.7764 374.0000 1.6423 1.5656 3.3369 -0.3000 1.6286 6.7386 -7.1980 0.8999
Car -1 -1 -6.0286 900.0785 171.8998 1005.6499 212.8856 1.4888 1.4517 3.4302 13.1553 1.4538 27.8619 -5.5919 0.8972
Car -1 -1 -4.5195 1052.1205 178.6193 1118.9670 219.1550 1.5616 1.6666 3.7838 19.9532 1.8188 30.2864 -3.9419 0.7443
Car -1 -1 -5.9929 881.7719 171.4132 1006.4868 213.9980 1.5472 1.5987 4.1367 12.9376 1.4946 28.1762 -5.5669 0.7381
Car -1 -1 -7.6724 1086.7441 179.0998 1143.0460 211.6113 1.5152 1.6329 4.0992 25.4858 1.8478 36.4300 -7.0662 0.6133
Car -1 -1 -7.5259 1085.2523 177.3540 1157.4888 210.7882 1.5680 1.6698 4.3529 25.7337 1.8065 36.3234 -6.9138 0.4942
Car -1 -1 -7.7405 1085.8651 179.6060 1135.1570 211.6499 1.4895 1.6221 3.9785 25.2637 1.8491 36.4300 -7.1384 0.4893
Pedestrian -1 -1 -7.9290 990.4443 165.7332 1010.6390 214.7425 1.9360 0.6614 0.6467 15.6093 1.6544 28.9320 -7.4390 0.4760
Car -1 -1 -7.6088 1082.9004 177.3878 1149.2465 210.3311 1.5425 1.7076 4.5758 25.6176 1.7852 36.5248 -7.0013 0.4692
Car -1 -1 -7.6833 1082.1886 177.5212 1138.6587 210.2374 1.5323 1.6523 4.3527 25.3391 1.7821 36.5373 -7.0811 0.3991
Car -1 -1 -7.8465 1085.7725 179.4316 1126.6448 211.6293 1.4970 1.6269 3.9722 25.0533 1.8486 36.5003 -7.2492 0.3383
Pedestrian -1 -1 -8.1532 990.5151 165.6398 1015.0986 214.9124 1.9534 0.7113 0.6268 15.7261 1.6671 28.9804 -7.6608 0.3379
Pedestrian -1 -1 -7.9641 991.3702 165.8076 1012.2162 214.5533 1.9191 0.6646 0.6128 15.5957 1.6414 28.8144 -7.4728 0.3327
Car -1 -1 -5.7273 1207.4542 190.2853 1241.0000 252.1841 1.4289 1.6457 3.7976 19.0184 1.9577 19.8548 -4.9714 0.2030
Car -1 -1 -5.7799 1219.7668 188.4281 1241.0000 253.0913 1.4627 1.6186 3.8982 19.0945 1.9272 19.4340 -5.0115 0.1704
Car -1 -1 -5.2927 1214.8641 193.3199 1241.0000 255.9833 1.4160 1.5445 3.6864 18.4015 2.0246 19.5214 -4.5450 0.1698
Car -1 -1 -6.4363 1222.8722 190.1110 1241.0000 253.4984 1.4928 1.6725 4.1869 19.7015 2.0143 19.9201 -5.6645 0.1658
Pedestrian -1 -1 -4.6124 1011.3428 172.9367 1029.4968 214.8791 1.8220 0.6427 0.5824 18.0282 1.8254 31.7684 -4.1007 0.1565
Car -1 -1 -5.0053 1224.4713 191.7249 1241.0000 274.2136 1.4563 1.5621 4.0553 15.1301 1.9283 15.8927 -4.2544 0.1360
Car -1 -1 -5.5089 1218.8345 188.4951 1241.0000 254.0630 1.4721 1.6429 3.9762 18.6700 1.9311 19.1742 -4.7451 0.1137
Car -1 -1 -7.0077 1219.7690 190.6760 1241.0000 248.5678 1.5013 1.6328 3.9496 19.6858 2.0211 20.1606 -6.2422 0.1122
Car -1 -1 -8.8565 1221.2692 185.9993 1241.0000 253.4344 1.5074 1.6302 4.1115 18.9908 1.8962 19.1691 -8.0840 0.1121
Car -1 -1 -7.3267 1226.0557 188.8536 1241.0000 246.4569 1.4776 1.6260 3.9171 19.8244 1.9631 20.5771 -6.5677 0.1076
Car -1 -1 -4.3844 453.9041 177.7308 630.8408 287.4545 1.4592 1.6731 3.9913 -0.9606 1.5539 11.9256 -4.4642 0.1010
Car -1 -1 -7.2025 1219.0300 191.1199 1241.0000 246.2018 1.4244 1.5833 3.7349 19.5971 1.9696 20.4628 -6.4465 0.0985
Car -1 -1 -5.0409 1230.8392 189.6858 1241.0000 276.0381 1.4904 1.6203 4.0849 15.0561 1.9029 15.5029 -4.2803 0.0951
Pedestrian -1 -1 -4.6334 1013.7997 172.9259 1032.1727 214.9922 1.8318 0.6653 0.5456 18.1781 1.8347 31.8330 -4.1190 0.0897
Car -1 -1 -6.5256 1033.9491 175.6297 1146.2102 208.7016 1.6139 1.7352 4.5073 24.4828 1.7621 37.0390 -5.9456 0.0878
Pedestrian -1 -1 -5.8825 0.0000 156.1732 31.4456 297.9839 1.7358 0.5007 0.3769 -7.7187 1.5313 9.1254 -6.5703 0.0875
Car -1 -1 -4.9959 1216.7225 188.3066 1241.0000 247.9403 1.4622 1.6013 3.7521 19.0467 1.9507 20.7854 -4.2618 0.0837
Car -1 -1 -9.1073 1229.2716 187.3281 1241.0000 254.7712 1.5040 1.6378 4.0875 19.3513 1.9333 19.2243 -8.3268 0.0833
Car -1 -1 -5.1929 1223.4828 191.1464 1241.0000 276.6055 1.4822 1.6475 4.0499 15.3010 1.9331 15.6202 -4.4278 0.0831
Car -1 -1 -6.8673 1214.4755 192.5208 1241.0000 249.5137 1.4384 1.5382 3.5177 19.1957 2.0121 20.0016 -6.1104 0.0789
Car -1 -1 -7.1579 1055.1256 177.7909 1152.8448 210.6943 1.5821 1.7377 4.3085 24.9691 1.8417 36.5531 -6.5628 0.0776
Car -1 -1 -5.2569 1220.1732 188.8279 1241.0000 254.1257 1.4605 1.5775 3.8654 18.2936 1.9306 19.1971 -4.5038 0.0754
Car -1 -1 -7.5021 474.2241 181.7817 630.8846 281.6384 1.4034 1.5492 3.4824 -0.8808 1.5794 12.3657 -7.5729 0.0708
Car -1 -1 -4.3288 432.4767 180.2302 623.8242 290.3900 1.4291 1.6885 4.0159 -1.1713 1.5717 11.8150 -4.4266 0.0700
Car -1 -1 -6.7189 1219.8540 189.7135 1241.0000 251.7671 1.5133 1.6291 3.8624 19.3923 2.0073 19.7564 -5.9508 0.0698
Pedestrian -1 -1 -6.0811 0.0000 154.5329 33.9582 297.4186 1.7580 0.5244 0.4540 -7.7617 1.5322 9.2149 -6.7670 0.0678
Car -1 -1 -4.9303 1229.7891 188.9784 1241.0000 278.0303 1.5378 1.6637 4.1484 14.7908 1.9325 15.4683 -4.1774 0.0664
Car -1 -1 -5.0110 1227.7963 192.6925 1241.0000 272.8062 1.4571 1.6051 3.8300 15.4951 1.9598 16.2224 -4.2583 0.0659
Car -1 -1 -6.4809 1101.4387 178.2771 1223.1519 211.9650 1.5086 1.6265 4.3846 26.2515 1.7805 34.5348 -5.8355 0.0654
Car -1 -1 -5.2219 1212.5507 191.1791 1241.0000 252.6375 1.4326 1.6229 3.6915 18.6593 1.9902 19.9852 -4.4788 0.0651
Pedestrian -1 -1 -7.8540 1013.1686 173.6646 1029.9429 215.3571 1.8020 0.6331 0.5901 17.9860 1.8377 31.6149 -7.3413 0.0640
Car -1 -1 -5.4217 1223.2419 189.8868 1241.0000 275.5198 1.4984 1.6568 4.1210 15.6692 1.9158 15.5787 -4.6435 0.0634
Car -1 -1 -4.3836 439.5275 180.0445 621.3182 290.8297 1.4007 1.6201 4.0749 -1.1057 1.5374 11.5742 -4.4778 0.0581
Car -1 -1 -4.8595 1231.9255 191.4194 1241.0000 271.4223 1.5040 1.6906 4.1190 15.8013 1.9908 16.7525 -4.1127 0.0570
Car -1 -1 -5.3015 1223.1157 191.2595 1241.0000 271.9440 1.4455 1.6170 3.9253 15.7107 1.9050 15.9487 -4.5335 0.0555
Car -1 -1 -4.8383 1227.2811 192.2168 1241.0000 280.8024 1.5161 1.6578 4.2533 14.5734 1.9920 15.5303 -4.0949 0.0484
Car -1 -1 -6.6629 1102.3999 174.4660 1222.2756 209.9598 1.6362 1.6037 4.2913 26.4268 1.7164 34.7210 -6.0167 0.0472
Car -1 -1 -8.7283 1054.0657 179.8038 1143.6442 211.4316 1.4687 1.5828 3.5237 24.4359 1.8361 36.2603 -8.1395 0.0382
Car -1 -1 -6.8857 456.6866 178.3945 701.9167 286.3541 1.4572 1.7074 3.6471 -0.4827 1.5604 11.6991 -6.9272 0.0341
Car -1 -1 -4.9178 1226.7522 188.9361 1241.0000 256.4638 1.4591 1.6086 4.3397 17.6756 1.9319 18.9501 -4.1755 0.0324
Car -1 -1 -5.0780 1221.7024 189.8831 1241.0000 255.3728 1.4484 1.5575 3.9634 18.0167 1.9514 19.1944 -4.3324 0.0275
Pedestrian -1 -1 -7.6897 1173.3256 173.4096 1187.0917 199.9493 1.8321 0.6336 0.8001 39.7470 1.8710 50.3348 -7.0245 0.0262
Pedestrian -1 -1 -5.9832 0.0000 158.8859 40.8392 301.6344 1.7270 0.5499 0.4406 -7.5763 1.5577 9.0665 -6.6650 0.0240
Car -1 -1 -4.6881 1177.1107 173.0643 1211.2474 198.9274 1.7518 1.7942 3.8340 41.2399 1.7670 50.9492 -4.0108 0.0227
Car -1 -1 -7.8131 1029.0677 168.8156 1064.5067 196.9748 1.5492 1.6190 3.5321 25.1809 1.3267 41.6157 -7.2723 0.0226
Car -1 -1 -4.3136 460.6282 178.2319 678.8604 296.2311 1.4519 1.8869 4.2723 -0.4403 1.5541 11.4218 -4.3525 0.0222
Car -1 -1 -9.0066 1042.4901 179.7603 1136.4413 211.5260 1.4778 1.5470 3.6253 24.0455 1.8440 36.3540 -8.4264 0.0216
Car -1 -1 -6.8579 1224.6567 195.2851 1241.0000 272.8463 1.5463 1.6067 3.9168 16.5732 2.0889 16.2697 -6.0730 0.0196
Car -1 -1 -7.8712 1174.6133 173.5618 1207.0267 198.4140 1.6932 1.7134 3.7769 41.2138 1.7452 51.2935 -7.1974 0.0179
Car -1 -1 -4.2069 480.6297 180.7035 698.7564 297.4800 1.4389 1.6473 4.0407 -0.1639 1.5857 11.3528 -4.2223 0.0169
Car -1 -1 -7.8058 1026.3142 168.8399 1065.1754 196.8389 1.5454 1.7654 3.7668 25.2849 1.3235 41.8812 -7.2660 0.0159
Cyclist -1 -1 -3.1598 194.1511 155.5703 324.3224 267.6830 1.7691 0.7603 1.9176 -5.9300 1.4961 12.1549 -3.6055 0.0159
Car -1 -1 -7.6714 1001.3958 169.9289 1042.9092 196.8230 1.5178 1.5130 3.5885 24.3124 1.3524 42.5812 -7.1559 0.0157
Car -1 -1 -7.8502 539.7863 179.7738 653.8724 268.6415 1.3775 1.8179 3.7888 -0.3002 1.5239 13.3932 -7.8733 0.0143
Car -1 -1 -6.7803 1029.7274 175.1309 1138.6460 208.2922 1.6680 1.6506 4.4800 24.4831 1.7890 37.4286 -6.2051 0.0143
Car -1 -1 -6.3974 1107.6320 178.4210 1229.4874 212.2241 1.4891 1.6272 4.4011 26.2876 1.7668 34.2101 -5.7468 0.0142
Car -1 -1 -2.8781 390.3940 179.3656 667.7442 276.5060 1.5450 1.7866 4.6139 -1.3989 1.6722 12.8844 -2.9852 0.0140
Car -1 -1 -4.8827 1222.4275 190.9382 1241.0000 255.6508 1.4328 1.5553 4.0336 17.6950 1.9689 19.2810 -4.1484 0.0122
Car -1 -1 -7.4233 456.2649 178.6980 654.3480 284.6606 1.4207 1.8322 3.8181 -0.7664 1.5349 12.0177 -7.4868 0.0120
Car -1 -1 -7.4324 483.0418 183.6686 642.7303 279.7534 1.3684 1.5220 3.3198 -0.7295 1.5829 12.5081 -7.4906 0.0119
Car -1 -1 -4.8097 1167.6378 172.3008 1205.9966 197.2007 1.7041 1.7397 4.0222 41.1163 1.6659 51.5424 -4.1395 0.0116
Cyclist -1 -1 -7.8754 1224.5211 189.7720 1241.0000 258.5818 1.5522 0.4011 1.6857 15.0916 1.9792 17.4410 -7.1712 0.0099
Car -1 -1 -4.5614 463.6689 181.8581 619.9971 294.2062 1.3574 1.7428 4.3676 -0.8954 1.5263 11.3179 -4.6398 0.0099
Car -1 -1 -6.9841 476.1931 181.8201 704.2572 278.7997 1.3881 1.7151 3.7424 -0.3038 1.5672 12.5590 -7.0090 0.0096
Car -1 -1 -6.9514 1026.6135 174.3797 1131.9294 207.8837 1.7004 1.6558 4.5894 24.4755 1.7821 37.7604 -6.3803 0.0088
Car -1 -1 -7.5352 998.8301 169.4378 1053.3126 197.0359 1.5549 1.6712 3.8562 24.5319 1.3621 42.5614 -7.0156 0.0082
Car -1 -1 -6.6882 472.4693 182.0510 710.5965 273.0682 1.3946 1.6617 3.9393 -0.3735 1.5796 12.9581 -6.7176 0.0081
Car -1 -1 -7.4818 500.9864 181.5800 683.0931 283.9295 1.4303 1.9294 3.6606 -0.1912 1.6058 12.4850 -7.4980 0.0077
Cyclist -1 -1 -8.0227 1214.4342 176.9096 1241.0000 236.9329 1.6913 0.4458 1.7633 18.2878 1.8158 21.3217 -7.3211 0.0076
Car -1 -1 -6.3650 1110.4785 178.4306 1230.4850 212.7086 1.5000 1.6090 4.3401 26.2341 1.7769 34.0238 -5.7128 0.0067
Cyclist -1 -1 -7.8645 1217.3516 191.0461 1240.7654 259.6193 1.5706 0.4003 1.5580 15.0732 2.0335 17.6421 -7.1665 0.0060
Car -1 -1 -8.0401 1015.4044 169.4831 1065.3999 197.7219 1.5673 1.7837 3.9904 25.0758 1.3799 42.2253 -7.5076 0.0057
Car -1 -1 -4.0093 388.3276 181.0928 636.8765 290.0609 1.3748 1.7688 3.9888 -1.4155 1.5314 11.5808 -4.1293 0.0051
Car -1 -1 -7.2756 1034.3402 173.5518 1135.5646 210.0699 1.8119 1.8060 5.3605 24.8467 1.8500 37.7790 -6.6979 0.0034
Cyclist -1 -1 -7.9889 1227.1730 189.6136 1241.0000 258.7610 1.5633 0.4580 1.6999 15.4107 1.9902 17.5559 -7.2775 0.0030
Car -1 -1 -6.9257 62.0012 0.0000 1241.0000 374.0000 1.5257 1.5785 3.5241 -1.7917 1.5317 1.3072 -7.7728 0.0030
Cyclist -1 -1 -7.9963 1226.2828 187.4380 1241.0000 245.5520 1.5617 0.3933 1.6515 17.9491 1.9939 20.5948 -7.2871 0.0028
Car -1 -1 -7.9482 498.3968 171.9212 610.3508 269.0096 1.5022 1.6441 3.6700 -1.1938 1.4875 13.1188 -8.0382 0.0022
Pedestrian -1 -1 -6.7839 568.1441 147.9881 596.5263 227.3601 2.1752 0.7881 0.4735 -0.8298 1.4934 20.2332 -6.8251 0.0021
Pedestrian -1 -1 -7.8006 876.4436 177.2021 901.1762 232.6500 1.4674 0.6029 0.4487 7.4759 1.5864 19.4733 -7.4398 0.0020
Car -1 -1 -2.8753 974.3779 158.0139 1036.8934 184.7486 1.8111 1.7632 3.5161 27.7610 0.8055 50.7316 -2.3771 0.0017
Pedestrian -1 -1 -7.6965 1106.1893 184.9074 1128.0835 220.0455 1.6549 0.7945 0.5109 24.3872 2.2429 34.7576 -7.0893 0.0008
