Car -1 -1 -7.8116 598.1700 178.8692 626.3851 205.3657 1.5758 1.6315 3.8711 0.1474 1.9735 45.7761 -7.8089 0.9919
Car -1 -1 -7.8453 598.0379 179.8376 625.2985 205.5535 1.5198 1.6540 4.1247 0.0863 1.9832 45.8386 -7.8439 0.8368
Pedestrian -1 -1 -6.2075 796.5963 166.3457 819.2562 215.6689 1.8490 0.6790 0.7869 7.5011 1.6047 27.4996 -5.9445 0.8365
Car -1 -1 -7.8470 597.5806 178.8319 624.7729 205.3068 1.5736 1.6491 3.8252 0.0502 1.9676 45.6712 -7.8465 0.7354
Car -1 -1 -4.2957 404.2278 185.7643 451.9907 211.3244 1.5147 1.5857 3.8396 -11.7815 2.3886 46.8331 -4.5412 0.7168
Car -1 -1 -7.7779 598.1901 179.0868 628.5494 205.6853 1.5761 1.6299 4.0182 0.2204 1.9892 45.7922 -7.7736 0.7060
Pedestrian -1 -1 -7.1663 1184.3789 152.4265 1241.0000 356.1839 1.6861 0.4635 0.3973 5.2973 1.5167 6.2376 -6.4859 0.6286
Car -1 -1 -4.2658 401.3393 186.1970 450.8908 211.6924 1.4974 1.6819 3.6264 -11.7922 2.3903 46.3551 -4.5139 0.5944
Car -1 -1 -4.4509 403.8292 186.0118 445.3584 211.6895 1.5220 1.6178 4.0563 -12.0253 2.4140 46.8939 -4.7010 0.5836
Car -1 -1 -4.2190 404.5997 185.6931 457.7197 211.4469 1.5193 1.6216 4.0546 -11.5911 2.3919 46.8912 -4.4604 0.5622
Pedestrian -1 -1 -7.1780 1174.4927 152.8963 1241.0000 357.8271 1.6980 0.4857 0.3652 5.2213 1.5323 6.2556 -6.5061 0.5467
Pedestrian -1 -1 -7.3111 792.7788 166.7045 821.1197 215.7347 1.8394 0.6648 0.9292 7.4984 1.6084 27.6310 -7.0493 0.5230
Car -1 -1 -4.3540 302.6616 184.0074 419.2502 247.5275 1.5121 1.6616 4.2263 -6.8084 1.8551 20.0686 -4.6777 0.3692
Car -1 -1 -4.4389 399.5998 185.8024 440.3334 211.9000 1.5400 1.6214 3.5371 -12.1332 2.3994 46.1273 -4.6952 0.3551
Pedestrian -1 -1 -7.2818 1174.4176 154.3468 1241.0000 356.3585 1.6926 0.5032 0.4564 5.3403 1.5372 6.3565 -6.6064 0.3336
Car -1 -1 -4.3747 308.4976 185.1557 420.1913 248.1096 1.4918 1.6517 4.0348 -6.6781 1.8658 19.9233 -4.6946 0.3178
Car -1 -1 -4.0897 405.8937 185.4376 465.1025 211.1015 1.5105 1.6271 4.1409 -11.3035 2.3664 46.8729 -4.3255 0.2946
Car -1 -1 -4.4241 401.8507 186.4867 444.2411 211.6770 1.4722 1.6948 3.4437 -11.8554 2.3706 45.8149 -4.6763 0.2219
Pedestrian -1 -1 -7.2593 1157.2897 156.9765 1241.0000 352.1040 1.6493 0.4801 0.4247 5.1903 1.5148 6.3929 -6.6004 0.1780
Car -1 -1 -4.5886 507.2980 181.4635 528.5286 198.3926 1.5735 1.6182 3.7579 -9.0346 2.4411 70.8585 -4.7154 0.1266
Car -1 -1 -4.7510 505.4035 181.4225 523.4695 198.4364 1.5741 1.6072 3.8258 -9.4196 2.4387 70.8132 -4.8832 0.1180
Car -1 -1 -4.7262 406.2253 185.9717 433.0334 211.7724 1.5180 1.6123 4.0439 -12.4123 2.4082 46.8171 -4.9844 0.1155
Pedestrian -1 -1 -7.4564 1041.6764 150.8901 1061.4462 190.7223 1.7757 0.6097 0.5166 19.8851 0.7963 32.5646 -6.9123 0.1133
Car -1 -1 -4.6527 433.6662 184.3588 475.8666 221.1536 1.4687 1.6008 4.0697 -6.9220 2.0169 32.2663 -4.8629 0.0999
Car -1 -1 -4.0286 407.3029 185.3370 466.0388 211.0191 1.5115 1.6354 3.8260 -11.1640 2.3528 46.5649 -4.2630 0.0931
Pedestrian -1 -1 -6.4861 1192.1383 145.6087 1211.5739 185.4665 1.7859 0.6127 0.5669 26.8024 0.5648 32.7331 -5.8044 0.0800
Pedestrian -1 -1 -6.5439 51.2773 187.6459 71.1272 217.6836 1.7890 0.5229 0.8576 -33.4709 2.7001 43.9630 -7.1918 0.0720
Car -1 -1 -4.4026 507.5940 182.0321 535.4702 199.1355 1.5791 1.6221 3.8486 -8.6724 2.5060 70.8513 -4.5243 0.0586
Pedestrian -1 -1 -6.9094 847.9293 170.6281 864.9310 217.4892 1.7121 0.4942 0.3745 9.0550 1.6305 26.6532 -6.5859 0.0499
Pedestrian -1 -1 -4.1784 1043.0281 150.5071 1064.5425 191.6626 1.8251 0.6588 0.5037 19.8867 0.8338 32.4062 -3.6321 0.0481
Car -1 -1 -4.5861 438.0054 184.4926 483.4816 220.4107 1.4472 1.5303 3.7062 -6.6460 1.9973 32.2131 -4.7885 0.0450
Car -1 -1 -4.9406 498.1263 181.5143 523.9218 198.5848 1.5710 1.6320 4.0381 -9.7577 2.4464 70.7879 -5.0775 0.0445
Car -1 -1 -5.0271 734.8351 176.7798 777.1667 202.5785 1.5953 1.6367 3.6877 9.4525 1.8619 47.1308 -4.8309 0.0437
Car -1 -1 -6.7792 0.0000 192.2523 71.5743 265.2639 1.5188 1.6107 3.9148 -16.2632 2.0659 18.2484 -7.4999 0.0427
Car -1 -1 -7.2430 0.0000 193.0039 76.5801 261.0273 1.4254 1.5505 3.8409 -15.6270 1.9909 18.2761 -7.9433 0.0426
Pedestrian -1 -1 -6.7902 1195.1821 145.2227 1218.4142 186.2541 1.8397 0.6470 0.5671 27.0152 0.6005 32.7200 -6.1044 0.0383
Car -1 -1 -5.5950 381.6787 185.3574 445.3720 210.4437 1.4998 1.5617 3.8014 -12.5941 2.3244 46.1151 -5.8606 0.0357
Car -1 -1 -4.2837 508.3527 182.1340 540.8651 199.0531 1.5548 1.6686 3.9745 -8.3622 2.4929 70.8102 -4.4012 0.0354
Car -1 -1 -4.1925 212.8114 187.5317 296.8743 223.8964 1.4402 1.5722 4.0291 -15.8291 2.1390 32.3038 -4.6452 0.0350
Pedestrian -1 -1 -6.5871 55.0795 187.6597 75.4036 217.1332 1.7564 0.5761 0.8576 -33.2785 2.6703 44.0343 -7.2315 0.0340
Car -1 -1 -2.5801 401.0672 187.6672 461.7272 211.7269 1.4290 1.4818 3.4682 -11.3242 2.3912 45.6372 -2.8225 0.0312
Car -1 -1 -2.8380 405.0634 186.8995 474.3520 212.0201 1.5286 1.6149 3.9920 -10.8399 2.4407 45.9190 -3.0690 0.0311
Car -1 -1 -3.4048 0.0000 193.1320 70.0075 269.2858 1.5582 1.7087 4.2116 -16.4941 2.1316 18.1819 -4.1344 0.0283
Pedestrian -1 -1 -7.7886 826.9131 169.4781 842.7390 208.1602 1.6618 0.6203 0.6343 9.7442 1.5164 31.4036 -7.4908 0.0258
Pedestrian -1 -1 -6.9385 810.1659 167.4312 828.7235 208.6588 1.7964 0.6190 0.5144 9.1919 1.5598 31.8220 -6.6603 0.0222
Car -1 -1 -7.0810 0.0000 192.2514 72.9045 261.5249 1.4510 1.5727 3.9239 -15.9568 1.9950 18.2431 -7.7924 0.0209
Car -1 -1 -5.4204 373.4944 184.6984 442.2808 210.6379 1.5403 1.7242 4.5688 -13.1259 2.3383 46.6448 -5.6937 0.0199
Pedestrian -1 -1 -6.2551 50.0177 189.9181 67.0592 218.1507 1.6732 0.5505 0.8055 -33.4864 2.7190 43.7746 -6.9053 0.0183
Car -1 -1 -4.9976 734.3141 177.4698 773.3184 202.6213 1.5597 1.6229 3.3009 9.3108 1.8717 47.0936 -4.8041 0.0164
Car -1 -1 -2.6438 407.7184 186.1622 476.4679 211.3924 1.5015 1.5757 3.9590 -10.6313 2.3658 45.5852 -2.8721 0.0163
Pedestrian -1 -1 -7.0857 812.2681 166.5855 834.1057 207.7442 1.7870 0.6633 0.6406 9.3434 1.5146 31.7745 -6.8027 0.0153
Car -1 -1 -4.5373 438.5937 180.8213 488.8510 218.3976 1.6602 1.6693 4.2166 -7.0439 2.0689 34.9089 -4.7354 0.0135
Cyclist -1 -1 -4.8641 818.7717 172.5245 839.6360 210.2823 1.5953 0.5958 1.7943 9.4877 1.5811 31.4158 -4.5739 0.0134
Car -1 -1 -2.8060 403.5624 183.3544 501.7703 217.2409 1.6161 1.7536 4.4964 -7.9068 2.1602 36.2636 -3.0197 0.0111
Car -1 -1 -4.3003 472.6439 183.0816 523.0201 208.7879 1.4653 1.6274 4.0258 -6.9692 2.1334 44.9975 -4.4536 0.0105
Car -1 -1 -5.7525 477.3309 182.6139 526.1082 199.2707 1.5403 1.7753 4.4071 -10.5683 2.5131 70.2955 -5.9015 0.0102
Car -1 -1 -5.4646 376.0669 185.1729 440.6998 210.3807 1.4986 1.6095 4.1353 -13.0103 2.3201 46.3776 -5.7370 0.0100
Car -1 -1 -4.3571 432.5919 182.7846 495.6779 218.2982 1.5350 1.6369 4.0818 -6.9392 2.0394 34.5302 -4.5544 0.0096
Car -1 -1 -3.0622 0.0000 195.3748 55.3556 267.0611 1.5284 1.6814 4.2208 -16.9809 2.1684 18.5618 -3.7961 0.0086
Cyclist -1 -1 -7.6737 799.0746 165.6565 822.3804 218.0053 1.8805 0.5198 1.8601 7.4411 1.6216 26.8701 -7.4069 0.0086
Car -1 -1 -4.6113 455.0795 179.4119 496.4866 214.3206 1.6506 1.6716 4.2440 -6.8819 2.0076 37.1209 -4.7938 0.0081
Car -1 -1 -4.6569 461.4257 181.0581 497.3631 214.3009 1.5762 1.6111 3.8716 -6.7279 2.0222 37.2289 -4.8350 0.0070
Car -1 -1 -2.6424 412.0535 183.0684 510.1111 217.1854 1.6150 1.7206 4.6018 -7.5715 2.1531 36.5427 -2.8458 0.0070
Car -1 -1 -4.3749 437.9174 182.4505 497.7204 218.0433 1.5510 1.6471 3.7679 -6.7658 2.0358 34.4936 -4.5677 0.0059
Cyclist -1 -1 -8.0743 815.3109 171.0784 838.0892 209.6257 1.6414 0.5912 1.6931 9.4307 1.5655 31.5894 -7.7873 0.0045
Cyclist -1 -1 -5.3494 1016.3359 160.4342 1085.0044 243.4261 1.7818 0.4700 1.5682 9.8635 1.5148 16.2946 -4.8136 0.0045
Cyclist -1 -1 -8.3338 1010.5536 165.7450 1061.3358 236.6500 1.5643 0.3555 1.4741 9.7580 1.4071 16.6621 -7.8122 0.0043
Car -1 -1 -4.5757 463.8167 180.5840 502.2920 212.7935 1.5443 1.4970 3.4407 -6.5340 1.9610 37.1785 -4.7490 0.0039
Pedestrian -1 -1 -7.5559 816.7496 170.4891 838.0076 208.0328 1.6125 0.7213 0.6822 9.4401 1.5106 31.4728 -7.2675 0.0037
Car -1 -1 -4.5273 502.6842 180.6566 535.0750 204.0604 1.6073 1.6994 3.6827 -6.6453 2.1973 52.7014 -4.6526 0.0032
Car -1 -1 -4.6032 499.1061 180.1909 529.6702 202.8401 1.5491 1.7867 4.0120 -6.9688 2.1052 52.6878 -4.7345 0.0027
Cyclist -1 -1 -8.2729 998.7780 165.0399 1045.3362 235.0476 1.5568 0.3513 1.4896 9.5193 1.3827 16.8026 -7.7654 0.0027
Car -1 -1 -5.7729 481.7845 182.7201 527.5548 199.2904 1.5333 1.6574 4.1126 -10.2470 2.5117 70.0700 -5.9179 0.0021
Car -1 -1 -4.6593 525.9648 180.0032 549.0135 202.8506 1.5727 1.4929 3.3598 -5.2738 2.1090 52.4509 -4.7594 0.0021
Car -1 -1 -4.1995 511.1769 180.7968 548.6752 203.2332 1.5465 1.4367 2.9839 -5.8346 2.1430 52.5598 -4.3099 0.0019
Car -1 -1 -4.3409 284.3235 186.5466 340.6915 215.0510 1.3986 1.6115 3.5990 -16.0300 2.1720 38.9577 -4.7292 0.0018
Cyclist -1 -1 -8.0918 1008.4432 167.1837 1047.1853 236.5847 1.5466 0.3830 1.6835 9.7351 1.4199 16.9413 -7.5782 0.0013
Cyclist -1 -1 -7.6392 331.5776 180.8863 344.6876 211.6321 1.6524 0.3809 1.4337 -15.0648 2.1045 39.8996 -7.9984 0.0013
Car -1 -1 -4.2844 506.2243 180.6090 544.4786 204.1287 1.6218 1.5829 3.2187 -6.1780 2.2069 52.6966 -4.4010 0.0013
Cyclist -1 -1 -7.0968 985.1361 164.6126 1058.3427 234.4949 1.5975 0.4276 1.7377 9.6286 1.4088 16.9590 -6.5883 0.0011
Cyclist -1 -1 -7.1859 20.1535 192.1879 79.6965 251.0923 1.4798 0.3690 1.5688 -15.0997 2.0212 19.4295 -7.8401 0.0010
Pedestrian -1 -1 -3.0628 403.7628 178.1553 409.0281 203.5127 1.8550 0.5915 0.3285 -15.0522 2.2483 53.2415 -3.3374 0.0010
Cyclist -1 -1 -7.5263 256.3004 181.6681 278.0519 218.1245 1.5501 0.4194 1.4496 -15.1326 1.9471 31.7830 -7.9678 0.0008
Cyclist -1 -1 -8.1530 999.7788 166.7535 1039.4508 234.7227 1.5273 0.3723 1.4966 9.5689 1.3899 16.9841 -7.6478 0.0008
Cyclist -1 -1 -7.4770 341.6797 179.5922 359.0751 210.1385 1.7293 0.4077 1.5557 -15.1318 2.1283 41.9782 -7.8213 0.0008
Car -1 -1 -7.5613 738.8228 162.8167 768.6680 182.3250 1.8609 1.7347 4.2579 14.1792 0.9031 71.1141 -7.3655 0.0007
Pedestrian -1 -1 -5.0597 823.6472 176.5269 840.7472 213.3433 1.4958 0.5695 0.3913 9.0591 1.6471 29.5677 -4.7657 0.0007
Pedestrian -1 -1 -2.3375 73.2316 179.0533 84.8398 211.2875 1.7670 0.4991 0.2272 -29.4130 2.1120 39.9210 -2.9695 0.0007
Pedestrian -1 -1 -5.7128 77.0203 179.5667 87.1336 208.9851 1.6123 0.4807 0.2273 -29.2315 1.9855 39.9027 -6.3420 0.0007
Cyclist -1 -1 -7.5621 247.1575 183.1511 269.3726 220.5507 1.5789 0.4394 1.5813 -15.4958 2.0430 31.7255 -8.0134 0.0006
Car -1 -1 -7.3406 738.7668 162.8833 776.2911 182.3785 1.8591 1.7122 4.3378 14.5276 0.9080 71.0065 -7.1398 0.0006
Pedestrian -1 -1 -6.6588 178.3153 185.9081 195.6320 213.8200 1.8785 0.6858 0.8343 -29.1133 2.7854 49.6053 -7.1875 0.0004
Pedestrian -1 -1 -7.3959 735.9997 170.7722 751.2795 199.5305 1.9669 0.8245 0.6771 9.2045 1.8242 49.8661 -7.2149 0.0003
Car -1 -1 -7.5790 746.9343 163.8406 776.2676 183.0008 1.8248 1.6358 4.6488 14.9666 0.9661 71.1591 -7.3728 0.0003
Cyclist -1 -1 -7.7210 489.6432 178.8272 501.9848 209.3398 1.6114 0.4518 1.6332 -6.2423 1.9428 39.2477 -7.8782 0.0002
Pedestrian -1 -1 -5.8378 88.5826 179.0708 96.4601 207.9010 2.1428 0.6124 0.2389 -38.8198 2.6113 54.0896 -6.4581 0.0002
Cyclist -1 -1 -7.3330 494.0684 177.5382 514.7433 210.1550 1.7296 0.3893 1.5617 -5.7785 1.9895 39.2887 -7.4786 0.0001
Cyclist -1 -1 -6.7793 733.0164 172.3296 757.7108 198.8793 1.8129 0.8158 1.4662 9.3238 1.7768 49.8831 -6.5960 0.0001
Pedestrian -1 -1 -2.9373 245.3942 175.8947 250.8968 200.1607 1.6973 0.5781 0.2339 -25.5347 1.9127 50.8565 -3.4007 0.0001
Pedestrian -1 -1 -4.0998 251.4356 185.8331 270.4376 217.2891 1.3363 0.5926 0.4409 -15.1041 1.9008 31.1366 -4.5484 0.0000
