Car -1 -1 -4.6288 528.0800 199.8326 570.9631 239.1160 1.5056 1.5970 3.6341 -2.6681 2.7685 31.9676 -4.7122 0.9967
Car -1 -1 -4.6194 526.3215 200.3782 570.9091 238.2591 1.4355 1.6281 3.7412 -2.7030 2.7255 31.9475 -4.7040 0.7980
Car -1 -1 -4.6194 527.6688 199.5998 571.6094 238.2756 1.4694 1.5915 3.9523 -2.6714 2.7340 32.1409 -4.7025 0.7825
Car -1 -1 -4.5902 527.5331 199.1555 572.9360 238.6730 1.5136 1.5690 3.7188 -2.6390 2.7501 32.0403 -4.6726 0.7737
Pedestrian -1 -1 -4.6009 1212.2474 176.5233 1241.0000 262.0110 1.9414 0.6615 0.7824 14.5738 2.0298 16.9386 -3.8997 0.6218
Pedestrian -1 -1 -4.5824 1209.8402 174.7945 1241.0000 260.4279 1.9471 0.6463 0.7799 14.5081 1.9937 16.9305 -3.8832 0.5382
Car -1 -1 -7.9207 686.3699 178.7263 712.9938 205.1376 1.8697 1.7140 3.7673 6.6299 2.3234 53.8629 -7.7994 0.5175
Pedestrian -1 -1 -7.9010 1217.3745 177.9656 1241.0000 263.4774 1.9241 0.6674 0.8015 14.5642 2.0467 16.8188 -7.1968 0.4424
Pedestrian -1 -1 -4.0006 717.7768 188.8684 742.4726 240.0894 1.8207 0.6883 0.5649 4.3429 2.4155 26.3708 -3.8402 0.3942
Pedestrian -1 -1 -7.9165 1213.5414 177.0334 1241.0000 261.8756 1.9040 0.6382 0.8931 14.4462 2.0041 16.7952 -7.2155 0.3098
Pedestrian -1 -1 -4.1012 716.7169 188.0592 741.3164 239.4110 1.8346 0.6759 0.5889 4.3228 2.4019 26.4882 -3.9421 0.2990
Car -1 -1 -7.9766 682.0875 178.2738 712.4189 205.4471 1.9271 1.7933 3.7074 6.4341 2.3447 53.7703 -7.8587 0.2635
Pedestrian -1 -1 -3.1344 705.8322 180.0044 719.1829 224.7235 1.8730 0.6979 0.5566 4.3230 2.1810 30.7293 -2.9967 0.1897
Pedestrian -1 -1 -6.2364 822.5126 165.4442 852.6525 256.5825 1.9418 0.6792 0.6043 4.9339 1.7836 15.7947 -5.9399 0.1811
Pedestrian -1 -1 -8.1746 487.2259 180.4433 506.5908 229.7240 1.9374 0.6587 0.4403 -4.5623 2.2439 28.8197 -8.3309 0.1519
Pedestrian -1 -1 -6.1547 812.9131 166.8583 845.4498 256.8620 1.9184 0.6285 0.6109 4.7477 1.7903 15.7900 -5.8687 0.1462
Pedestrian -1 -1 -3.9806 722.0237 187.9072 747.0020 238.9480 1.8242 0.6828 0.5928 4.5267 2.3863 26.5063 -3.8143 0.1144
Pedestrian -1 -1 -4.7685 854.1656 172.6804 868.6708 220.5247 1.8005 0.5033 0.2709 9.4830 1.7936 27.3510 -4.4388 0.1123
Pedestrian -1 -1 -3.9544 722.4966 188.6375 747.5960 239.0871 1.7926 0.6972 0.5778 4.5228 2.3791 26.3733 -3.7874 0.1080
Pedestrian -1 -1 -5.0412 488.2056 179.6888 508.1219 228.9093 1.9448 0.6603 0.5131 -4.5397 2.2227 28.9953 -5.1958 0.0959
Pedestrian -1 -1 -5.7034 352.3787 164.7171 386.9086 241.8094 1.9020 0.5787 0.6066 -6.0952 1.7009 18.1587 -6.0234 0.0957
Pedestrian -1 -1 -3.2418 1148.8911 184.7037 1204.9528 275.6426 1.6702 0.5917 0.7819 10.7932 1.9045 13.8278 -2.5901 0.0728
Pedestrian -1 -1 -6.2515 429.2877 182.4417 441.4855 241.1190 1.8731 0.5176 0.3689 -5.7128 2.1878 23.4188 -6.4889 0.0641
Pedestrian -1 -1 -5.3106 359.7145 164.7990 391.8583 241.6691 1.8918 0.5844 0.5081 -5.9390 1.6933 18.1440 -5.6232 0.0632
Pedestrian -1 -1 -4.1267 1216.5897 175.5348 1241.0000 262.2080 1.9822 0.6966 0.8121 14.8932 2.0466 16.9745 -3.4159 0.0567
Pedestrian -1 -1 -4.5020 854.6530 171.2326 871.5941 222.3910 1.9069 0.5533 0.2955 9.4840 1.8462 27.1648 -4.1701 0.0497
Pedestrian -1 -1 -5.9270 432.2328 179.4013 450.7610 241.4947 1.9827 0.6075 0.3996 -5.5172 2.1980 23.4350 -6.1564 0.0379
Pedestrian -1 -1 -5.7824 859.5551 189.4943 881.7336 231.0043 1.7353 0.6810 0.6508 11.1580 2.4609 31.0089 -5.4408 0.0299
Pedestrian -1 -1 -3.5497 795.1878 177.1351 832.9445 283.7161 1.7504 0.5002 0.4464 3.3765 1.8239 12.1522 -3.2861 0.0288
Pedestrian -1 -1 -4.9600 1140.6641 185.1174 1184.6771 275.7751 1.8213 0.5938 0.5878 11.4130 2.0822 14.9848 -4.3195 0.0264
Car -1 -1 -6.6209 846.1986 184.5339 946.6777 219.9949 1.5141 1.6291 3.8515 12.7057 2.0504 32.2667 -6.2495 0.0262
Pedestrian -1 -1 -5.9659 860.7227 189.4703 884.7464 231.7419 1.7462 0.7605 0.7660 11.1595 2.4667 30.7630 -5.6218 0.0261
Pedestrian -1 -1 -5.4942 1121.8048 184.8980 1178.8605 272.2092 1.7564 0.6477 0.6957 11.1806 2.0134 15.0165 -4.8645 0.0250
Pedestrian -1 -1 -3.5830 794.8661 177.3816 837.5838 286.2001 1.7420 0.5463 0.4861 3.3362 1.8183 11.8881 -3.3171 0.0236
Pedestrian -1 -1 -3.3918 720.9218 189.1145 741.7502 240.9698 1.8212 0.6236 0.5987 4.3032 2.4120 25.8895 -3.2300 0.0231
Cyclist -1 -1 -5.9005 1134.6875 177.2254 1241.0000 277.2051 1.7970 0.5618 1.5099 10.9988 1.8853 13.8315 -5.2399 0.0224
Car -1 -1 -4.6534 896.6776 177.7556 926.6296 201.4164 1.6783 1.8469 4.3263 22.7888 2.0642 54.5019 -4.2597 0.0197
Pedestrian -1 -1 -4.6170 1043.1287 144.7767 1100.9321 294.5927 2.0224 0.6242 0.9299 6.5465 1.6431 10.2993 -4.0645 0.0182
Car -1 -1 -6.8056 848.8265 184.9803 947.1962 221.8482 1.5409 1.6254 3.7346 12.6740 2.0957 31.9484 -6.4318 0.0179
Pedestrian -1 -1 -5.1183 864.5085 187.4681 884.4185 229.2877 1.7672 0.6246 0.5769 11.3194 2.4012 31.0109 -4.7721 0.0154
Cyclist -1 -1 -5.7975 1112.5920 185.3591 1217.1189 280.8432 1.8343 0.5272 1.6573 11.3962 2.1080 14.9484 -5.1565 0.0139
Pedestrian -1 -1 -4.8612 1027.2355 148.8527 1093.6934 300.6290 2.0284 0.6409 0.9929 6.3003 1.7074 10.2240 -4.3226 0.0138
Cyclist -1 -1 -4.8459 1207.6362 178.7378 1241.0000 263.2318 1.8623 0.5749 1.7210 14.4639 2.0071 16.9068 -4.1475 0.0131
Pedestrian -1 -1 -4.4965 1033.5690 146.9676 1098.5321 292.5447 1.9940 0.6226 0.9304 6.5447 1.6391 10.4342 -3.9498 0.0128
Pedestrian -1 -1 -4.9941 494.4976 180.1578 515.4741 233.1992 2.0947 0.6945 0.6024 -4.2711 2.3924 29.0276 -5.1396 0.0115
Pedestrian -1 -1 -4.0222 1004.7996 159.5626 1044.6587 244.4147 1.9829 0.6494 0.5110 9.8616 1.6720 17.2569 -3.5110 0.0111
Car -1 -1 -4.5334 895.1613 177.5401 934.5043 201.5996 1.6981 1.9282 4.7628 23.0063 2.0677 54.4293 -4.1359 0.0102
Car -1 -1 -4.9285 884.6260 181.1069 939.7141 218.3576 1.5871 1.6176 3.5087 13.8904 1.9907 33.4382 -4.5385 0.0099
Car -1 -1 -4.6581 661.9780 193.6039 689.6991 219.8879 1.6407 1.7225 4.1879 4.6328 3.1617 50.7040 -4.5683 0.0094
Cyclist -1 -1 -3.3072 1105.6892 180.0589 1216.5431 275.5370 1.8845 0.5966 1.7529 11.3574 2.0407 15.0056 -2.6697 0.0094
Car -1 -1 -4.7614 658.6718 193.1609 686.0386 219.4570 1.6451 1.6924 4.3196 4.3094 3.1334 50.7064 -4.6779 0.0091
Cyclist -1 -1 -8.1943 788.4263 177.0581 854.3549 293.8366 1.7632 0.3921 1.9506 3.4030 1.8383 11.9522 -7.9247 0.0087
Cyclist -1 -1 -6.4628 794.2438 168.9474 887.1727 256.4828 1.8646 0.5949 1.8556 4.9652 1.7810 15.7747 -6.1642 0.0086
Cyclist -1 -1 -8.1652 794.2361 182.6180 849.5005 293.3360 1.6961 0.3949 1.5833 3.4367 1.8689 11.9930 -7.8939 0.0086
Pedestrian -1 -1 -4.4851 1023.0451 162.1629 1061.4886 248.3216 1.9806 0.6878 0.4897 10.1316 1.7345 17.0006 -3.9559 0.0085
Car -1 -1 -7.8428 894.0564 176.3029 920.7791 201.3427 1.7974 1.8059 4.0029 22.4857 2.0686 54.5939 -7.4544 0.0084
Cyclist -1 -1 -3.3401 1092.9799 180.7145 1204.5037 275.7684 1.8856 0.5873 1.7800 11.1390 2.0562 15.0553 -2.7133 0.0075
Pedestrian -1 -1 -4.2520 1011.0731 165.4906 1048.7188 249.9732 1.9538 0.6399 0.4454 9.8822 1.7832 17.0765 -3.7355 0.0066
Pedestrian -1 -1 -4.2602 1000.0851 150.6679 1058.1094 282.7298 1.9161 0.5563 0.5954 6.2544 1.5939 10.8675 -3.7505 0.0066
Car -1 -1 -4.1231 895.2638 177.8958 948.8565 200.8774 1.6364 1.7674 3.9931 23.3418 2.0263 54.0080 -3.7176 0.0063
Car -1 -1 -8.0260 884.7044 174.5711 922.2562 202.3672 2.0061 1.9098 4.3024 22.1446 2.1413 54.6619 -7.6434 0.0062
Cyclist -1 -1 -7.8379 492.0153 188.4437 500.2630 239.9411 1.7987 0.2764 1.4829 -4.2095 2.3853 26.4110 -7.9952 0.0062
Pedestrian -1 -1 -4.8502 1011.5486 144.0097 1081.8438 297.8576 2.1129 0.7313 0.9727 6.2690 1.7164 10.4976 -4.3251 0.0060
Pedestrian -1 -1 -4.8979 833.7404 171.2468 856.0057 231.1453 1.9127 0.6014 0.4908 7.5390 1.8611 23.3207 -4.5896 0.0060
Car -1 -1 -4.3447 894.1946 178.3220 943.7386 200.8721 1.5884 1.9104 4.5948 23.2397 2.0169 54.2611 -3.9424 0.0055
Cyclist -1 -1 -7.8703 492.8062 182.5140 503.1336 236.9923 1.9406 0.3504 1.6063 -4.2147 2.3103 26.8151 -8.0254 0.0053
Car -1 -1 -4.6863 659.8604 192.0778 685.9862 219.4232 1.6898 1.7006 4.4680 4.3810 3.0875 50.1568 -4.6004 0.0051
Car -1 -1 -3.9552 130.3342 178.8382 397.8398 290.5528 1.6659 1.8136 4.5726 -6.1713 1.7978 13.4800 -4.3777 0.0050
Car -1 -1 -4.6774 899.0125 180.3100 938.7919 217.9625 1.6045 1.5877 3.5732 14.3254 1.9703 33.4761 -4.2768 0.0045
Pedestrian -1 -1 -3.8107 982.2343 157.9122 1042.6798 286.0670 1.8676 0.5808 0.5500 5.9861 1.6496 10.8495 -3.3188 0.0044
Pedestrian -1 -1 -4.6977 842.5537 165.8226 864.7650 228.5822 2.0153 0.6789 0.4358 7.8837 1.7892 23.4871 -4.3783 0.0041
Pedestrian -1 -1 -4.7764 1025.2139 145.9260 1080.1086 290.0588 2.0644 0.6391 0.7959 6.5721 1.6784 10.8340 -4.2440 0.0040
Pedestrian -1 -1 -6.7198 693.2610 178.8115 717.5790 221.8857 2.2679 0.7457 1.0762 5.0697 2.5910 38.6518 -6.5911 0.0040
Pedestrian -1 -1 -7.6236 851.2888 172.0699 874.0190 231.2988 1.9000 0.6152 0.4453 8.1808 1.8746 23.4985 -7.2933 0.0039
Car -1 -1 -3.9393 897.6628 178.8035 954.8779 201.1146 1.5894 1.7288 3.8229 23.5216 2.0448 53.7361 -3.5292 0.0038
Car -1 -1 -4.6043 659.7164 189.0059 697.0057 222.9838 1.8554 1.7648 5.0624 4.2485 2.9125 44.5823 -4.5107 0.0035
Car -1 -1 -5.2601 877.9363 176.3661 929.3210 202.0767 1.8414 1.8286 3.8585 22.0021 2.1153 54.2907 -4.8774 0.0028
Cyclist -1 -1 -4.9867 1207.7568 179.6827 1241.0000 266.0172 1.8995 0.5554 1.6964 14.5862 2.0675 16.9020 -4.2841 0.0028
Pedestrian -1 -1 -7.2568 1002.8478 172.7596 1025.7407 227.6366 1.5830 0.5155 0.2797 11.7751 1.5800 21.1074 -6.7543 0.0028
Pedestrian -1 -1 -4.0640 996.8940 169.4458 1020.0092 227.3549 1.6715 0.5524 0.2499 11.6157 1.5728 21.1294 -3.5678 0.0026
Car -1 -1 -4.2500 893.7576 176.9651 942.2492 200.4645 1.6772 1.8603 3.7809 23.0862 1.9962 54.1095 -3.8491 0.0026
Pedestrian -1 -1 -6.8580 728.0605 182.7917 753.1486 238.1557 1.7866 0.6707 0.5357 4.2651 2.1204 23.8455 -6.6840 0.0023
Cyclist -1 -1 -7.9088 492.9063 179.6019 506.0919 233.7482 1.9446 0.3918 1.7099 -4.1893 2.2051 27.0089 -8.0620 0.0023
Pedestrian -1 -1 -7.0122 1197.2983 177.1758 1239.9781 269.7709 1.8310 0.5324 0.4051 12.2275 1.9196 14.5678 -6.3246 0.0021
Pedestrian -1 -1 -3.8539 988.5536 163.4852 1015.9655 230.7746 1.9563 0.6514 0.3754 11.5451 1.6836 21.3365 -3.3642 0.0021
Pedestrian -1 -1 -3.9011 1176.1799 167.1372 1223.1287 268.7311 2.0136 0.6075 0.4363 11.8874 1.9000 14.6226 -3.2291 0.0018
Pedestrian -1 -1 -6.7709 694.2580 181.1151 717.1931 223.5835 2.2216 0.7596 0.9685 5.0628 2.6678 38.4748 -6.6419 0.0018
Pedestrian -1 -1 -3.6074 912.2062 181.9926 999.8640 349.0135 1.5669 0.4097 0.6517 3.2934 1.6582 7.0121 -3.1856 0.0016
Car -1 -1 -7.3960 198.1719 168.9527 408.6573 281.9512 1.9215 2.1287 4.3744 -5.9219 1.8549 14.5322 -7.7772 0.0014
Car -1 -1 -5.3687 869.7094 174.6338 931.5137 204.6372 2.1424 1.8733 4.6162 21.7538 2.2821 54.2916 -4.9900 0.0013
Car -1 -1 -4.9843 873.7035 171.1914 920.4811 203.4014 2.3323 2.0835 4.7256 21.6572 2.2116 54.7027 -4.6097 0.0011
Car -1 -1 -4.6563 664.9359 190.6735 696.5720 222.2158 1.7420 1.7170 4.3690 4.3954 2.9028 44.7252 -4.5597 0.0010
Pedestrian -1 -1 -3.7439 957.5440 188.9642 1047.5283 371.8983 1.3891 0.4827 0.4328 3.0807 1.5242 5.7946 -3.2772 0.0009
Pedestrian -1 -1 -3.5895 899.2988 190.2453 982.1941 345.9394 1.4613 0.3919 0.6237 3.1532 1.6354 7.0280 -3.1845 0.0009
Pedestrian -1 -1 -2.8495 873.7344 178.8116 883.3187 199.1114 1.7033 0.8504 0.5435 22.8047 2.2136 61.3400 -2.4956 0.0007
Car -1 -1 -7.5923 716.5710 163.2159 745.7193 182.7683 1.8436 1.6975 4.5286 11.8433 0.9345 70.4466 -7.4266 0.0005
Car -1 -1 -7.8091 716.0453 162.3185 736.2484 182.2602 1.8876 1.7600 4.4820 11.3853 0.8901 70.6712 -7.6502 0.0005
Car -1 -1 -4.4925 532.8702 168.7998 573.8859 204.6451 2.5128 2.0136 4.7876 -4.1329 2.2283 53.0931 -4.5703 0.0004
Car -1 -1 -7.4770 717.3533 162.7335 751.5942 182.9934 1.9077 1.6784 4.7148 12.1616 0.9544 70.3914 -7.3068 0.0004
Pedestrian -1 -1 -5.2079 861.8063 173.8845 875.4691 205.1042 2.3929 0.8616 0.4910 19.9122 2.4725 55.6337 -4.8664 0.0002
