Car -1 -1 -7.9766 661.3552 175.4772 725.0701 223.7372 1.4529 1.5861 4.0791 2.6304 1.5473 23.9966 -7.8694 0.9999
Car -1 -1 -7.4955 0.0000 180.6751 422.7036 374.0000 1.5589 1.6229 4.2540 -2.6757 1.6413 5.4436 -7.9345 0.9997
Car -1 -1 -8.1691 736.9173 178.9702 1007.1896 357.9402 1.5123 1.6118 3.7167 2.5406 1.5966 8.1015 -7.8768 0.9995
Car -1 -1 -7.5584 306.2233 181.4025 513.1431 313.9034 1.4770 1.6373 4.2584 -2.6695 1.6266 10.4911 -7.8026 0.9995
Car -1 -1 -8.0174 642.1649 173.5822 687.3522 207.0321 1.5907 1.6095 4.1625 2.6716 1.6295 36.5525 -7.9455 0.9992
Car -1 -1 -7.8804 541.2116 174.0300 575.8727 206.2701 1.5814 1.6853 4.2167 -2.7785 1.6462 37.7335 -7.9539 0.9847
Car -1 -1 -7.6635 403.3335 178.6086 506.1681 259.7302 1.5017 1.5011 3.3692 -3.2225 1.6369 15.2931 -7.8685 0.9844
Car -1 -1 -8.5131 853.1737 93.8554 1241.0000 374.0000 1.6245 1.6276 3.5512 2.3388 1.5097 2.8378 -7.8739 0.9823
Car -1 -1 -7.6757 402.2945 178.6922 507.2737 259.0040 1.4778 1.5543 3.5464 -3.2203 1.6161 15.3307 -7.8800 0.8982
Car -1 -1 -8.5742 857.2003 0.0000 1241.0000 374.0000 1.6516 1.6717 4.0802 2.4028 1.5184 2.5775 -7.8796 0.8611
Pedestrian -1 -1 -7.5379 346.7691 160.7169 393.6328 258.8591 1.7759 0.6414 0.6943 -4.4976 1.5560 13.4046 -7.8563 0.8238
Pedestrian -1 -1 -7.2598 377.7299 163.8972 420.2912 246.9900 1.7750 0.6475 0.6413 -4.6718 1.5834 15.8178 -7.5431 0.7140
Car -1 -1 -8.4436 857.0120 133.7318 1241.0000 374.0000 1.5955 1.6071 3.4441 2.2464 1.5375 2.8122 -7.8199 0.7138
Car -1 -1 -8.5223 859.4598 106.5296 1241.0000 374.0000 1.6049 1.6016 3.7329 2.4037 1.5150 2.8561 -7.8727 0.6953
Pedestrian -1 -1 -5.2101 1034.0538 143.2367 1122.6038 342.1668 1.7549 0.5486 0.4038 4.1998 1.4933 6.5805 -4.6629 0.6503
Car -1 -1 -7.8692 544.0686 174.4122 576.1146 206.2637 1.5618 1.5790 3.6370 -2.6599 1.6464 37.4424 -7.9401 0.6325
Pedestrian -1 -1 -6.5178 522.3671 172.8597 537.1002 199.9866 1.8065 0.4664 0.8987 -5.4199 1.8066 48.4222 -6.6291 0.6034
Pedestrian -1 -1 -7.6419 352.0902 161.1269 395.9699 259.2936 1.7711 0.6443 0.6806 -4.4214 1.5592 13.3890 -7.9556 0.5999
Car -1 -1 -7.6864 405.2833 178.9268 507.0993 261.3802 1.4821 1.4836 3.5306 -3.1293 1.6234 15.0240 -7.8890 0.5732
Pedestrian -1 -1 -3.1797 520.5850 172.5786 534.6654 199.6884 1.8074 0.4636 0.9211 -5.5602 1.7888 48.4041 -3.2939 0.4576
Pedestrian -1 -1 -8.0148 486.6659 173.3654 503.0586 209.6001 1.6663 0.6262 0.8564 -5.4227 1.6902 33.6999 -8.1736 0.4089
Cyclist -1 -1 -4.6852 488.5493 172.1523 501.5848 210.4304 1.7486 0.5647 1.3897 -5.4010 1.7162 33.6867 -4.8434 0.3801
Pedestrian -1 -1 -7.3644 377.0574 162.5925 419.6346 246.2333 1.7652 0.6159 0.7278 -4.6339 1.5484 15.6472 -7.6483 0.3766
Car -1 -1 -4.5384 379.9545 179.5011 500.3972 269.4790 1.4781 1.5604 4.3845 -3.2586 1.6311 14.4073 -4.7577 0.3523
Pedestrian -1 -1 -8.0223 486.6260 172.3787 502.1877 209.7122 1.7113 0.5851 0.8180 -5.4207 1.6893 33.5563 -8.1817 0.2957
Pedestrian -1 -1 -7.4942 340.5078 158.5338 392.2765 257.9314 1.7673 0.6461 0.8394 -4.5165 1.5124 13.2604 -7.8170 0.2682
Pedestrian -1 -1 -7.8820 572.7722 176.0152 582.0374 201.0669 1.7230 0.6245 0.5921 -2.2932 1.9433 50.0244 -7.9280 0.2034
Pedestrian -1 -1 -5.0986 1050.7373 138.9749 1147.2423 349.9744 1.7790 0.5772 0.4318 4.2256 1.4930 6.3472 -4.5332 0.2013
Pedestrian -1 -1 -7.2884 370.4244 162.7117 414.6210 246.2195 1.7884 0.6735 0.6755 -4.8282 1.5709 15.8684 -7.5797 0.1891
Cyclist -1 -1 -4.5712 487.9795 173.6135 503.5235 210.4332 1.6896 0.5232 1.4488 -5.3964 1.7257 33.8687 -4.7285 0.1749
Pedestrian -1 -1 -6.8336 523.6349 174.2037 538.6032 200.4236 1.7507 0.5429 0.8451 -5.3558 1.8423 48.6982 -6.9429 0.1123
Pedestrian -1 -1 -7.2727 377.2468 164.1746 419.2491 245.7345 1.7703 0.6408 0.6594 -4.7620 1.5816 16.0700 -7.5569 0.1082
Pedestrian -1 -1 -5.6263 568.6465 176.5785 581.3997 201.6703 1.7195 0.6574 0.6085 -2.4556 1.9797 50.0209 -5.6755 0.1037
Cyclist -1 -1 -7.5846 368.2288 162.3913 417.7973 246.5217 1.7778 0.5992 1.8117 -4.8803 1.5564 16.1586 -7.8740 0.0934
Pedestrian -1 -1 -5.0940 1016.7338 140.5453 1108.5756 345.8494 1.7913 0.5701 0.4639 4.0446 1.5091 6.5674 -4.5627 0.0884
Pedestrian -1 -1 -7.3129 372.3962 163.9705 414.5205 243.4897 1.7682 0.6627 0.6837 -4.9839 1.5703 16.4572 -7.6031 0.0855
Car -1 -1 -7.7882 549.5234 173.6904 579.4390 203.3175 1.6814 1.5271 3.9421 -2.7098 1.7333 43.0329 -7.8512 0.0629
Car -1 -1 -4.7144 558.2355 173.9867 586.8061 202.5057 1.5990 1.6077 3.8617 -2.2544 1.6686 42.5829 -4.7674 0.0626
Car -1 -1 -4.8924 551.5905 172.3115 592.8405 202.7012 1.6604 1.6558 4.1127 -2.2677 1.6305 41.6157 -4.9469 0.0569
Car -1 -1 -4.6339 546.9447 171.8672 581.9387 203.1107 1.7099 1.6905 4.2061 -2.6130 1.6556 41.6037 -4.6967 0.0535
Pedestrian -1 -1 -7.2446 372.1583 164.4470 414.2241 245.1678 1.7668 0.6424 0.6607 -4.9159 1.5825 16.2069 -7.5352 0.0427
Car -1 -1 -7.7197 544.4938 172.6687 581.4556 203.3721 1.7408 1.6530 4.2208 -2.7906 1.7300 43.0719 -7.7845 0.0358
Cyclist -1 -1 -7.7883 529.9281 174.0585 537.2216 199.4134 1.6953 0.3837 1.7280 -5.2386 1.7785 49.1964 -7.8942 0.0357
Pedestrian -1 -1 -7.8949 402.2430 169.9773 420.8859 218.1292 1.7766 0.6488 0.5998 -7.4753 1.6702 27.0062 -8.1628 0.0357
Car -1 -1 -4.6031 545.5755 170.9575 583.4868 202.9584 1.7681 1.7507 4.2672 -2.6307 1.6630 42.0387 -4.6657 0.0318
Car -1 -1 -4.8200 553.8400 171.4255 591.5370 203.0983 1.7457 1.7349 4.2374 -2.2594 1.6667 42.0001 -4.8739 0.0315
Pedestrian -1 -1 -8.2964 479.4696 173.9655 500.4235 212.4943 1.7600 0.6422 0.8875 -5.6248 1.8122 33.5396 -8.4618 0.0305
Car -1 -1 -7.8357 548.9347 173.0622 578.1740 201.7671 1.6222 1.6521 4.0447 -2.7587 1.6349 42.8654 -7.9000 0.0275
Car -1 -1 -4.6665 639.8709 173.5329 669.0551 201.7290 1.5724 1.5451 3.6106 2.5990 1.6135 42.2044 -4.6058 0.0270
Pedestrian -1 -1 -5.3139 398.1430 176.0164 424.1527 221.3644 1.6527 0.6949 0.6356 -7.4398 1.7721 26.8332 -5.5823 0.0219
Cyclist -1 -1 -5.9029 344.9017 165.8029 432.4191 246.9621 1.7793 0.6430 1.7682 -5.0112 1.6244 16.2140 -6.1986 0.0197
Cyclist -1 -1 -7.5053 361.5626 164.9439 414.3124 250.0850 1.7422 0.5348 1.7173 -4.8339 1.5800 15.6358 -7.8010 0.0159
Pedestrian -1 -1 -7.2395 360.9340 169.9559 398.1483 246.9294 1.6864 0.5775 0.5590 -5.2098 1.6226 16.1621 -7.5472 0.0141
Car -1 -1 -4.5471 539.5438 169.9960 582.1627 203.3271 1.8294 1.7926 4.2249 -2.8237 1.6722 41.7918 -4.6146 0.0138
Car -1 -1 -4.5681 542.5476 171.6262 583.2986 204.0652 1.8035 1.7728 4.4167 -2.7417 1.7350 42.3873 -4.6328 0.0129
Car -1 -1 -4.5857 629.2710 173.3196 664.3561 201.6333 1.5783 1.5894 3.8179 2.1644 1.6066 42.3059 -4.5354 0.0125
Car -1 -1 -6.4108 0.0000 0.0000 1241.0000 374.0000 1.5134 1.6209 3.6523 -2.6227 1.5455 0.3716 -7.7363 0.0123
Car -1 -1 -3.0152 309.4357 174.3397 422.6964 215.1154 1.4637 1.6820 3.8581 -9.1429 1.5219 27.1877 -3.3370 0.0117
Car -1 -1 -8.1245 535.2384 175.6218 580.3622 199.0766 1.3373 1.6753 4.1766 -3.2653 1.5141 43.9196 -8.1987 0.0110
Car -1 -1 -4.6561 556.8646 176.3033 585.5696 202.7340 1.4901 1.5052 3.7128 -2.3114 1.7043 43.0212 -4.7099 0.0107
Cyclist -1 -1 -7.8426 532.4572 173.9990 538.4908 199.0605 1.6752 0.3912 1.7415 -5.1099 1.7544 49.1972 -7.9459 0.0102
Car -1 -1 -6.4646 0.0000 0.0000 1241.0000 374.0000 1.5999 1.6611 3.5821 -3.3957 1.5671 0.9578 -7.6850 0.0099
Car -1 -1 -2.8872 310.7285 174.6747 425.7853 213.9740 1.4351 1.7401 3.8321 -9.1579 1.5066 27.4346 -3.2069 0.0098
Car -1 -1 -4.2247 40.6891 154.8219 154.3297 203.8850 1.6152 1.7319 3.7466 -18.1591 1.0213 25.7187 -4.8347 0.0095
Cyclist -1 -1 -6.0735 349.3078 164.1993 431.1661 246.0485 1.7575 0.6207 1.6287 -4.8650 1.5714 15.8709 -6.3669 0.0091
Car -1 -1 -6.2040 516.4908 165.0061 565.3152 182.9588 1.6902 1.7168 4.5150 -6.5808 0.9510 68.8247 -6.2992 0.0089
Car -1 -1 -7.9832 630.8094 169.0915 663.1344 196.7406 1.9443 1.7370 5.0364 2.6478 1.6794 53.3186 -7.9343 0.0089
Car -1 -1 -6.4126 0.0000 0.0000 1241.0000 374.0000 1.4898 1.6034 3.5959 -2.2522 1.5366 0.2511 -7.7498 0.0084
Car -1 -1 -6.3961 0.0000 0.0000 1241.0000 374.0000 1.4828 1.5918 3.6548 -3.0325 1.5615 0.3749 -7.7526 0.0082
Cyclist -1 -1 -7.7059 378.2549 160.9030 417.8426 249.7748 1.8174 0.5711 1.7378 -4.6265 1.5727 15.6546 -7.9893 0.0078
Car -1 -1 -2.7288 315.0750 174.7375 429.1472 213.4905 1.4253 1.7321 3.7799 -9.1189 1.5000 27.6840 -3.0445 0.0077
Car -1 -1 -2.6872 339.2473 176.7901 435.1700 213.8428 1.3634 1.5419 3.1739 -8.5869 1.5201 27.7740 -2.9848 0.0071
Car -1 -1 -6.5158 0.0000 0.0000 1241.0000 374.0000 1.5079 1.5994 3.5146 -3.7544 1.5115 0.9632 -7.7660 0.0061
Cyclist -1 -1 -7.5964 372.5788 163.0763 420.2718 247.6439 1.7561 0.5827 1.7205 -4.7157 1.5528 15.8512 -7.8816 0.0059
Cyclist -1 -1 -7.8083 400.8470 166.6361 423.2269 218.3530 1.8712 0.7262 1.8382 -7.4610 1.6459 27.0828 -8.0751 0.0054
Car -1 -1 -7.6765 371.4142 175.8381 426.9592 215.2982 1.4325 1.5292 3.2122 -8.1977 1.5555 28.1245 -7.9580 0.0040
Cyclist -1 -1 -2.8362 370.2526 163.7823 429.3405 217.8653 1.9995 0.8144 1.9781 -7.9267 1.6638 27.1065 -3.1185 0.0040
Car -1 -1 -7.8485 543.2946 171.4228 575.3514 202.5601 1.7627 1.8130 4.8978 -3.0684 1.6813 43.3485 -7.9192 0.0038
Pedestrian -1 -1 -5.0748 1029.4054 135.6240 1134.4353 367.2979 1.8830 0.5737 0.5884 3.9760 1.5801 6.2064 -4.5274 0.0037
Cyclist -1 -1 -7.7448 530.3716 174.1847 538.9648 200.0397 1.7210 0.4092 1.5982 -5.1342 1.8124 48.9117 -7.8492 0.0032
Car -1 -1 -6.2137 0.0000 0.0000 1241.0000 374.0000 1.4371 1.6018 3.7125 -2.2186 1.4851 -0.2972 -7.7887 0.0030
Car -1 -1 -6.1941 0.0000 0.0000 1241.0000 374.0000 1.4291 1.5937 3.6694 -1.8342 1.4823 -0.3324 -7.7890 0.0030
Car -1 -1 -1.4249 0.0000 0.0000 1241.0000 374.0000 1.5185 1.6735 3.9577 -3.1820 1.4820 0.5392 -2.7425 0.0030
Car -1 -1 -4.7431 0.0000 0.0000 1241.0000 374.0000 1.5535 1.6740 3.8286 -3.5343 1.4859 0.8590 -6.0014 0.0030
Car -1 -1 -6.2290 0.0000 0.0000 1241.0000 374.0000 1.4340 1.6090 3.7438 -3.0216 1.5235 -0.2523 -7.7880 0.0030
Pedestrian -1 -1 -6.4971 527.7881 172.8216 539.8780 198.8273 1.7570 0.6276 0.7014 -5.2228 1.7545 49.1568 -6.6028 0.0029
Cyclist -1 -1 -7.8488 533.3218 174.7500 538.5013 199.1574 1.6406 0.3464 1.6601 -5.1090 1.7725 49.4741 -7.9515 0.0029
Pedestrian -1 -1 -6.5534 631.5344 170.7959 646.1064 195.7646 1.7656 0.3894 0.9666 2.0184 1.6198 51.3234 -6.5147 0.0027
Cyclist -1 -1 -2.6302 379.8821 164.0654 434.0671 217.7294 1.9570 0.8068 1.7787 -7.6120 1.6362 26.9143 -2.9037 0.0026
Car -1 -1 -2.6978 0.0000 180.6161 284.9874 374.0000 1.5227 1.7052 4.3193 -4.0422 1.5771 3.4934 -3.5183 0.0025
Cyclist -1 -1 -2.4973 382.0344 164.2082 435.1212 217.7114 1.9555 0.7975 1.8007 -7.6011 1.6392 27.0711 -2.7689 0.0024
Pedestrian -1 -1 -7.0726 633.3629 172.1364 649.3076 197.6449 1.8012 0.4162 1.1966 2.2091 1.7503 51.5094 -7.0304 0.0020
Cyclist -1 -1 -7.6683 388.0800 165.3874 420.8695 218.7696 1.9276 0.8357 1.9519 -7.7319 1.6577 27.0647 -7.9444 0.0020
Pedestrian -1 -1 -6.8148 633.2479 171.4863 649.1213 196.2627 1.7468 0.3997 1.0733 2.1871 1.6500 51.2979 -6.7728 0.0017
Pedestrian -1 -1 -6.7800 630.7551 171.1797 646.9189 196.5958 1.7985 0.4649 1.0594 2.0278 1.6797 51.4990 -6.7413 0.0013
Car -1 -1 -7.6154 477.6101 164.5343 504.7071 184.0024 1.8401 1.6345 4.3196 -11.5774 1.0534 70.4133 -7.7779 0.0012
Pedestrian -1 -1 -6.0311 400.7386 169.6723 409.1169 205.2148 1.7578 0.4692 0.2935 -10.2488 1.6002 35.9234 -6.3074 0.0004
Cyclist -1 -1 -7.7404 526.1165 174.7060 535.6450 200.4279 1.7071 0.4572 1.6624 -5.3822 1.8343 48.8386 -7.8500 0.0002
Cyclist -1 -1 -7.5674 341.8297 156.2021 404.3741 260.1562 1.8210 0.7066 1.4911 -4.4188 1.5290 13.3940 -7.8808 0.0000
Cyclist -1 -1 -7.7897 347.7504 157.9528 389.1517 260.8171 1.8051 0.6348 1.4808 -4.5366 1.5433 13.4586 -8.1095 0.0000
