Car -1 -1 -8.2427 770.2629 181.6518 1037.6848 335.8187 1.4794 1.6031 4.0032 3.3284 1.6161 9.1980 -7.9069 1.0000
Car -1 -1 -4.3394 252.2648 184.5557 404.2752 275.5103 1.4737 1.5846 3.2809 -5.2577 1.7235 13.7673 -4.6985 0.9999
Car -1 -1 -4.4136 346.2252 179.7945 457.3475 246.2462 1.4775 1.6205 3.9269 -5.2230 1.6737 18.4414 -4.6864 0.9997
Car -1 -1 -8.0906 731.0564 179.3708 853.2166 262.1196 1.4436 1.5596 3.5353 3.4935 1.5916 14.6410 -7.8619 0.9996
Car -1 -1 -8.5927 957.0634 186.4966 1241.0000 374.0000 1.4590 1.5368 3.7629 3.3924 1.5630 3.6162 -7.8798 0.9191
Car -1 -1 -5.4903 966.3001 189.4589 1241.0000 374.0000 1.4751 1.6454 4.1650 3.4159 1.5976 3.2469 -4.7246 0.7845
Car -1 -1 -5.4445 478.7215 176.1054 529.8215 198.6952 1.4815 1.5991 3.4092 -7.3043 1.7120 49.5152 -5.5906 0.7514
Car -1 -1 -5.5082 954.1220 185.1684 1241.0000 374.0000 1.4963 1.6785 4.4824 3.4398 1.5898 3.2383 -4.7378 0.6961
Pedestrian -1 -1 -5.1225 669.5765 169.5407 685.6198 201.2575 1.8222 0.5903 0.9701 3.8948 1.6315 42.0067 -5.0311 0.6692
Car -1 -1 -4.2020 703.7880 171.0066 742.3779 188.7583 1.5544 1.6637 4.0993 10.2422 1.3923 65.3062 -4.0474 0.3683
Car -1 -1 -4.3592 703.3221 171.6148 735.6678 189.0216 1.5257 1.6033 4.0435 9.9336 1.4168 65.4013 -4.2094 0.3518
Car -1 -1 -5.4722 475.2563 176.8773 531.3074 199.0308 1.4543 1.5768 3.8991 -7.4271 1.7421 49.8488 -5.6198 0.3384
Car -1 -1 -2.3370 474.7117 176.7679 528.8972 198.9256 1.4516 1.5850 3.6666 -7.4925 1.7300 49.6317 -2.4864 0.3345
Car -1 -1 -4.6718 705.6505 172.2912 725.3920 189.1107 1.4740 1.6171 3.8804 9.5499 1.4244 65.2886 -4.5275 0.2605
Pedestrian -1 -1 -7.5995 839.1720 161.2458 864.5966 213.5873 1.8173 0.6906 0.7490 8.5220 1.4139 25.5531 -7.2815 0.2212
Car -1 -1 -2.3560 474.7856 175.6736 531.1984 198.8261 1.5204 1.5971 3.8254 -7.4066 1.7208 49.5956 -2.5039 0.2194
Car -1 -1 -7.4631 707.7153 172.6146 740.7136 189.7948 1.4975 1.6381 3.7316 10.2791 1.4763 64.9106 -7.3071 0.2116
Car -1 -1 -4.7118 705.1192 171.8688 723.4893 188.9407 1.5009 1.6012 3.9240 9.4411 1.4140 65.4914 -4.5695 0.2082
Pedestrian -1 -1 -7.8580 837.3551 159.9810 855.4811 212.2840 1.8336 0.6060 0.6399 8.3669 1.3820 25.6912 -7.5470 0.1750
Pedestrian -1 -1 -7.9385 836.5806 162.0618 858.5980 214.1553 1.8116 0.6706 0.8022 8.3624 1.4360 25.5589 -7.6262 0.1732
Pedestrian -1 -1 -4.7596 841.4497 159.3351 861.2841 211.9551 1.8516 0.6418 0.5660 8.5617 1.3756 25.7478 -4.4425 0.1704
Car -1 -1 -7.0404 702.1995 171.2579 747.1078 188.5807 1.5209 1.6418 3.9614 10.3432 1.3805 65.1462 -6.8839 0.1586
Car -1 -1 -4.1676 705.2609 171.2860 745.4855 189.1131 1.5588 1.6633 4.1915 10.4374 1.4214 65.2297 -4.0100 0.1541
Car -1 -1 -7.6689 703.9774 169.6537 731.0506 188.1470 1.6235 1.6674 4.3685 9.7985 1.3423 65.6808 -7.5218 0.1454
Pedestrian -1 -1 -7.8177 145.2161 168.1449 181.8980 254.9367 1.7011 0.6014 0.7465 -9.0838 1.6085 14.6145 -8.3659 0.1001
Car -1 -1 -4.8632 320.5150 172.1322 361.2634 203.0132 1.4677 1.4365 3.2501 -13.5209 1.4331 36.0633 -5.2197 0.0858
Car -1 -1 -6.8514 702.3433 172.3669 748.1285 188.9337 1.4539 1.6300 3.7797 10.3309 1.4109 64.8257 -6.6944 0.0835
Car -1 -1 -4.6481 324.9198 170.7426 362.3812 203.4261 1.5437 1.5285 3.4103 -13.2557 1.4437 35.9307 -4.9994 0.0772
Car -1 -1 -4.8987 629.1830 172.8051 654.5818 191.3718 1.5820 1.5238 3.9400 2.7519 1.5776 63.5401 -4.8559 0.0641
Car -1 -1 -4.6853 635.2710 172.7681 653.8314 191.3217 1.5818 1.5309 3.9390 3.0436 1.5742 63.5360 -4.6380 0.0630
Car -1 -1 -6.6644 702.9104 173.1435 749.0459 190.0397 1.4821 1.6292 3.7360 10.3396 1.5082 64.5430 -6.5066 0.0614
Car -1 -1 -4.7670 318.6758 171.6096 356.4217 203.9507 1.5184 1.5638 3.4694 -13.5837 1.4597 35.7791 -5.1277 0.0613
Pedestrian -1 -1 -7.0216 725.6703 168.1015 742.6177 198.9483 1.8131 0.4865 0.8996 7.3385 1.5335 42.8586 -6.8536 0.0593
Car -1 -1 -4.9166 313.4435 170.9962 359.7596 202.9189 1.5157 1.4772 3.5687 -13.7771 1.4271 36.1599 -5.2785 0.0569
Car -1 -1 -4.9619 697.1057 172.2841 725.2411 189.0587 1.4765 1.5807 4.0192 9.1383 1.4260 65.5945 -4.8244 0.0541
Car -1 -1 -4.6609 328.8990 171.7042 364.5849 203.3460 1.5029 1.4951 3.5444 -13.1949 1.4480 36.1846 -5.0085 0.0430
Pedestrian -1 -1 -8.0042 910.8984 162.1223 925.2128 196.6468 1.8203 0.6510 0.3598 16.3100 1.2542 38.2986 -7.6046 0.0415
Pedestrian -1 -1 -7.6264 339.4593 173.1508 363.0322 224.6499 1.7107 0.6375 0.5563 -8.7512 1.7206 24.2851 -7.9692 0.0412
Car -1 -1 -5.0342 621.9929 173.1526 653.3041 191.9261 1.5935 1.5555 4.0126 2.3711 1.6204 63.4567 -4.9974 0.0391
Car -1 -1 -4.5629 635.7102 172.2760 659.7271 191.1222 1.6052 1.5491 3.9200 3.3271 1.5557 63.5311 -4.5111 0.0361
Car -1 -1 -8.3599 969.1267 157.5375 1034.6473 188.3063 1.8884 1.7623 4.4424 25.1308 0.9481 46.5173 -7.8674 0.0322
Car -1 -1 -8.3217 688.0785 170.9171 725.8726 188.5041 1.5467 1.6227 4.3427 8.7711 1.3760 65.7717 -8.1900 0.0315
Car -1 -1 -4.4648 633.5746 172.8071 661.9702 191.3930 1.5698 1.5750 3.8921 3.3082 1.5656 63.0355 -4.4129 0.0285
Car -1 -1 -8.2951 975.2987 157.6958 1036.8568 187.5764 1.8328 1.7463 4.4042 25.3980 0.9027 46.5039 -7.7980 0.0274
Car -1 -1 -4.9517 305.6525 170.0485 358.2622 202.6814 1.5448 1.5586 4.0142 -14.0529 1.4117 36.2503 -5.3193 0.0257
Cyclist -1 -1 -8.4702 716.3412 169.2957 740.0986 200.0556 1.8054 0.4395 1.8044 7.0398 1.5963 43.2564 -8.3104 0.0255
Cyclist -1 -1 -8.4048 715.0488 169.4807 733.8928 198.4363 1.7136 0.3627 1.5457 6.8548 1.5137 43.4849 -8.2499 0.0221
Car -1 -1 -8.0752 1195.0073 168.1197 1241.0000 262.2205 1.4555 1.5368 3.4306 11.8730 1.3820 13.0333 -7.3479 0.0196
Car -1 -1 -5.1289 707.2699 173.3061 742.4250 190.8118 1.5000 1.6308 3.9101 10.1282 1.5411 64.0328 -4.9730 0.0170
Cyclist -1 -1 -7.8523 342.3047 174.3698 361.3147 223.3550 1.5908 0.5851 1.5781 -8.7482 1.6433 24.3252 -8.1944 0.0161
Car -1 -1 -8.4763 1129.0583 173.4222 1241.0000 260.1163 1.3988 1.5383 3.5938 11.6312 1.4106 13.5173 -7.7769 0.0143
Car -1 -1 -4.4069 635.4345 172.1617 665.9346 190.8651 1.5882 1.5351 4.0451 3.5874 1.5291 63.4309 -4.3511 0.0142
Car -1 -1 -8.6913 697.8232 173.5232 747.5518 192.4296 1.6093 1.6687 4.3362 9.8979 1.6702 63.7790 -8.5384 0.0140
Car -1 -1 -6.4070 704.1861 173.2034 747.4367 190.2005 1.4953 1.5601 3.6410 10.2810 1.5266 64.3531 -6.2496 0.0124
Car -1 -1 -5.1063 591.6601 173.8278 628.0397 193.4618 1.6232 1.6272 4.2311 -0.0785 1.7098 62.1402 -5.1079 0.0123
Car -1 -1 -4.9558 597.8012 173.8105 627.7603 193.6600 1.6453 1.6178 4.1775 0.1776 1.7305 62.2448 -4.9534 0.0116
Cyclist -1 -1 -7.5132 328.7707 176.2902 361.6748 223.9382 1.5458 0.5468 1.5663 -8.9489 1.6650 24.3064 -7.8629 0.0108
Car -1 -1 -3.2436 680.9827 176.0274 739.9645 197.4827 1.4881 1.6594 3.9934 7.0629 1.7169 51.2063 -3.1078 0.0107
Car -1 -1 -7.7849 1218.4375 155.7428 1241.0000 254.5630 1.5351 1.6913 3.6873 12.3552 1.2690 13.0888 -7.0397 0.0106
Cyclist -1 -1 -8.1471 729.8853 171.2383 744.5044 200.1050 1.5707 0.3219 1.6858 7.0257 1.4824 40.1155 -7.9754 0.0105
Car -1 -1 -7.9253 1205.4113 160.2448 1241.0000 259.8888 1.5548 1.7249 3.7154 12.0843 1.3578 13.2566 -7.1974 0.0101
Pedestrian -1 -1 -8.3451 804.7930 163.0602 824.3510 207.6910 2.0244 0.6003 0.7063 9.3494 1.5798 33.1373 -8.0729 0.0097
Pedestrian -1 -1 -3.1989 732.8479 169.9560 743.9288 200.3414 1.6683 0.6521 0.5659 7.0722 1.5089 39.9730 -3.0255 0.0095
Cyclist -1 -1 -8.0238 731.1395 173.1568 742.4209 201.2934 1.5384 0.3314 1.7087 7.0409 1.5553 40.3231 -7.8526 0.0086
Pedestrian -1 -1 -7.1154 1219.5139 156.1019 1241.0000 249.2697 1.5376 0.5346 0.4475 10.7075 1.2608 12.2005 -6.4072 0.0077
Car -1 -1 -7.6979 1192.1370 161.0817 1241.0000 249.8693 1.4136 1.6860 3.7755 12.2664 1.2258 13.3318 -6.9653 0.0075
Car -1 -1 -6.0612 702.4189 172.6822 747.1648 189.8961 1.4969 1.4703 3.6941 10.1764 1.4817 64.1093 -5.9048 0.0070
Car -1 -1 -5.6077 701.2868 173.8833 748.9618 191.7496 1.5228 1.5832 4.0581 10.1188 1.6163 63.7650 -5.4514 0.0067
Car -1 -1 -4.9583 331.9256 182.3829 400.7920 227.7643 1.3519 1.4217 3.2269 -8.1867 1.6911 23.9667 -5.2846 0.0065
Pedestrian -1 -1 -3.4844 716.3170 167.8815 730.7355 197.9873 1.8008 0.7347 0.6497 6.8187 1.5031 43.5823 -3.3306 0.0063
Pedestrian -1 -1 -7.1965 332.2974 173.9843 357.3960 224.3410 1.6676 0.5935 0.5270 -8.9560 1.7058 24.2500 -7.5472 0.0062
Car -1 -1 -4.8002 336.1784 176.9829 403.7055 231.5187 1.5653 1.6931 4.3506 -7.9091 1.7122 23.3955 -5.1232 0.0058
Cyclist -1 -1 -5.8594 317.7825 174.2296 372.9790 223.5177 1.6342 0.6581 1.6208 -8.9611 1.6810 24.3332 -6.2091 0.0055
Car -1 -1 -5.1273 329.4909 179.3024 421.5544 229.5777 1.4980 1.5227 3.7213 -7.8636 1.7281 23.8792 -5.4426 0.0053
Car -1 -1 -4.7519 345.6286 173.8808 400.0323 222.3984 1.5266 1.6286 3.5112 -8.2218 1.5642 24.7138 -5.0702 0.0049
Car -1 -1 -2.3485 311.9650 177.1972 428.2697 225.8973 1.5411 1.5019 3.8498 -8.2600 1.6985 24.6529 -2.6690 0.0045
Cyclist -1 -1 -7.6049 329.8100 172.2583 361.3959 222.9364 1.6501 0.6179 1.6193 -8.9445 1.6304 24.3303 -7.9540 0.0045
Car -1 -1 -5.3068 331.1794 180.2821 430.2751 226.7922 1.4231 1.4753 3.4872 -7.7928 1.6897 24.2671 -5.6148 0.0043
Cyclist -1 -1 -8.1410 730.9665 169.9862 746.1030 199.5654 1.5936 0.3614 1.6547 7.0289 1.4388 39.7171 -7.9676 0.0043
Car -1 -1 -2.7153 292.1947 170.5403 419.5848 219.6625 1.6353 1.7608 3.7861 -8.8134 1.5579 25.0688 -3.0504 0.0042
Cyclist -1 -1 -5.4598 321.4052 173.2749 374.7255 225.1136 1.6991 0.7060 1.7301 -8.8980 1.7135 24.3722 -5.8068 0.0040
Car -1 -1 -4.8911 334.2764 175.4135 405.7904 229.1460 1.6396 1.6308 3.7759 -8.1781 1.7326 24.2593 -5.2134 0.0040
Car -1 -1 -2.2766 303.2643 178.0248 414.7769 226.5603 1.5025 1.4373 3.7703 -8.5069 1.6873 24.2459 -2.6110 0.0033
Car -1 -1 -5.6189 330.2191 179.8047 443.7552 225.9795 1.4669 1.4768 3.5507 -7.6601 1.7168 24.6450 -5.9177 0.0032
Cyclist -1 -1 -8.2517 722.2129 173.9925 740.0269 200.9193 1.4718 0.3611 1.6656 6.7286 1.5366 40.3638 -8.0881 0.0030
Car -1 -1 -2.7261 292.4829 175.8015 425.3794 220.6728 1.4858 1.4831 4.0858 -8.6663 1.5910 24.9212 -3.0578 0.0029
Car -1 -1 -4.7673 336.0870 183.4909 383.9082 227.8376 1.3148 1.3253 3.1305 -8.3709 1.6920 23.9076 -5.1011 0.0025
Car -1 -1 -6.0947 339.7769 176.9127 454.6860 223.2780 1.5579 1.6319 3.6366 -7.4586 1.7060 25.4009 -6.3779 0.0022
Cyclist -1 -1 -5.5869 322.6033 172.5044 372.4880 223.0274 1.6814 0.6783 1.5164 -8.9899 1.6695 24.5911 -5.9343 0.0019
Car -1 -1 -5.8988 322.7065 178.5526 440.7876 222.3203 1.4461 1.6247 3.5581 -7.9143 1.6512 25.0422 -6.2023 0.0017
Car -1 -1 -2.5529 257.8209 173.4926 387.7592 221.5943 1.6053 1.7223 3.9579 -10.1082 1.6285 25.3726 -2.9288 0.0017
Car -1 -1 -2.6486 262.7469 175.3351 386.0941 218.9398 1.4476 1.6504 3.6459 -9.9334 1.5372 25.1091 -3.0220 0.0016
Car -1 -1 -6.2031 331.6225 176.2763 446.1929 222.3701 1.5402 1.6536 3.7458 -7.7624 1.6665 25.4925 -6.4963 0.0016
Car -1 -1 -2.9974 274.1512 171.7272 397.4154 221.3362 1.6182 1.7113 3.7438 -9.3551 1.5811 24.7693 -3.3554 0.0016
Car -1 -1 -4.7114 338.4013 180.2009 384.5816 227.4962 1.4274 1.3675 3.5919 -8.4034 1.6940 24.2935 -5.0415 0.0015
Car -1 -1 -3.9997 271.2471 173.9543 379.7182 225.5463 1.5929 1.5430 3.3827 -9.4933 1.6324 24.2091 -4.3701 0.0012
Pedestrian -1 -1 -6.9158 334.7740 169.0570 362.4644 223.4856 1.8239 0.6443 0.6295 -8.9642 1.6964 24.6197 -7.2620 0.0012
Car -1 -1 -7.5236 334.7081 171.6543 421.0309 221.2258 1.6623 1.7695 4.0024 -8.3623 1.6217 26.2173 -7.8299 0.0012
Pedestrian -1 -1 -3.0966 848.7496 151.0047 864.8287 210.4762 2.1372 0.6505 0.5300 8.9615 1.3517 26.3287 -2.7724 0.0009
Car -1 -1 -4.4199 310.1108 181.3446 376.9976 227.4356 1.4013 1.2575 3.0538 -8.8642 1.7026 24.0717 -4.7696 0.0003
