Cyclist -1 -1 -4.4716 584.6074 169.2041 613.3278 225.7698 1.8038 0.5571 1.7749 -0.0931 1.4121 23.8342 -4.4807 0.9964
Cyclist -1 -1 -4.4606 525.7847 167.0899 564.4530 244.9404 1.7952 0.5421 1.6905 -1.3829 1.4635 17.4434 -4.5440 0.9931
Pedestrian -1 -1 -7.9445 711.8337 161.1233 757.8401 274.0142 1.8169 0.6592 0.9897 2.1824 1.4895 12.0801 -7.7752 0.9733
Pedestrian -1 -1 -8.2023 657.2501 162.7996 709.3538 274.7938 1.7862 0.6022 0.8376 1.3037 1.4886 11.9365 -8.1016 0.9434
Pedestrian -1 -1 -7.7821 377.2782 165.2039 421.6637 280.7400 1.7874 0.6316 0.8935 -3.2951 1.5360 11.6148 -8.0584 0.9421
Pedestrian -1 -1 -7.6139 496.2513 171.3254 518.1871 219.2756 1.7764 0.6072 0.9965 -3.5749 1.3998 27.1390 -7.7488 0.9362
Pedestrian -1 -1 -8.2294 654.4760 162.2235 708.5042 274.8421 1.7915 0.5839 0.9302 1.2739 1.4855 11.9545 -8.1312 0.8841
Pedestrian -1 -1 -6.4432 579.3104 173.2159 591.9221 195.6081 1.8179 0.3806 0.9791 -1.2678 1.1452 58.5957 -6.4697 0.8390
Car -1 -1 -4.7197 554.8440 171.9049 580.5271 200.0596 1.8089 1.6503 3.7757 -2.2766 1.1925 48.0864 -4.7718 0.8222
Pedestrian -1 -1 -7.8623 750.3755 166.3146 768.0281 220.6294 1.7249 0.5428 0.8641 5.0813 1.2431 23.2901 -7.6550 0.7979
Pedestrian -1 -1 -3.7304 257.6658 172.5148 303.9619 251.1023 1.7676 0.5752 0.7944 -7.4617 1.5661 16.6462 -4.1514 0.7948
Pedestrian -1 -1 -7.9210 708.4160 160.2526 753.2482 274.0497 1.8254 0.6591 1.0137 2.1111 1.4852 12.0591 -7.7570 0.7693
Cyclist -1 -1 -4.8996 544.7369 166.2891 570.7767 222.0516 1.9296 0.5859 1.8596 -1.6100 1.4037 25.8314 -4.9665 0.7638
Pedestrian -1 -1 -4.9201 546.3184 165.8611 569.2971 221.0962 1.9365 0.5928 1.1498 -1.5999 1.3886 25.8177 -4.9866 0.7141
Pedestrian -1 -1 -3.7512 254.7845 172.2467 303.5764 250.4390 1.7566 0.6021 0.8388 -7.5009 1.5492 16.6516 -4.1739 0.7103
Cyclist -1 -1 -2.4239 251.4249 173.5221 319.5016 238.3907 1.7666 0.5648 1.8199 -8.8752 1.5498 20.1027 -2.8402 0.6348
Pedestrian -1 -1 -4.6810 735.8401 163.6777 755.7761 218.5953 1.8822 0.6649 0.7922 5.0194 1.2718 25.0793 -4.4906 0.6108
Pedestrian -1 -1 -6.5699 706.3428 168.0949 731.2310 220.1720 1.7012 0.5650 0.6778 3.8552 1.2637 23.7904 -6.4162 0.6096
Pedestrian -1 -1 -6.0125 425.6276 178.9602 437.5078 213.0958 1.8594 0.6695 0.4765 -9.3359 1.7212 39.4720 -6.2484 0.6014
Car -1 -1 -4.6195 554.7325 173.0862 584.0392 199.6192 1.7038 1.6425 3.6552 -2.0967 1.1636 47.9899 -4.6679 0.5807
Pedestrian -1 -1 -2.6745 272.7903 172.0844 309.3421 236.5969 1.7610 0.5991 0.7416 -8.6363 1.5044 19.9284 -3.0840 0.5543
Pedestrian -1 -1 -6.0345 425.8252 179.9677 437.0031 213.5138 1.8241 0.6541 0.4523 -9.3254 1.7410 39.3908 -6.2707 0.5506
Pedestrian -1 -1 -3.5079 745.0205 166.8765 763.4379 204.1955 1.8322 0.6049 0.7219 7.5644 1.1145 35.6244 -3.3052 0.5368
Pedestrian -1 -1 -7.7430 774.8823 149.3904 797.9020 220.6522 1.9410 0.5242 1.0328 5.1595 1.0669 20.1408 -7.5005 0.5160
Car -1 -1 -4.7536 551.0544 171.3353 579.0248 199.9298 1.8339 1.6828 3.9841 -2.4676 1.1820 48.1333 -4.8095 0.5020
Pedestrian -1 -1 -3.3384 704.5778 167.6104 727.5719 220.4572 1.7300 0.5880 0.6461 3.7704 1.2757 23.8240 -3.1883 0.4951
Pedestrian -1 -1 -6.6252 579.3654 173.1175 592.3339 195.6080 1.8253 0.4085 0.9782 -1.2495 1.1449 58.6671 -6.6514 0.4921
Pedestrian -1 -1 -4.7918 733.2196 163.3520 755.0414 218.2089 1.8840 0.6798 0.7936 4.9545 1.2612 25.1022 -4.6040 0.4835
Pedestrian -1 -1 -3.8465 255.2842 173.0095 300.9820 250.2758 1.7240 0.4947 0.8379 -7.4611 1.5351 16.5126 -4.2704 0.4464
Pedestrian -1 -1 -3.3136 755.0638 150.7784 794.6391 220.5268 2.0095 0.5667 1.0388 5.0315 1.1249 21.0073 -3.0865 0.4187
Pedestrian -1 -1 -7.2386 744.3629 166.4677 762.6360 203.4233 1.8143 0.6205 0.6644 7.5514 1.0765 35.7190 -7.0367 0.3765
Pedestrian -1 -1 -6.6948 761.5157 165.7688 771.5577 205.9819 1.8804 0.4889 0.2867 7.7675 1.1450 33.8571 -6.4760 0.3702
Pedestrian -1 -1 -4.4990 763.8260 176.5028 790.8058 243.7752 1.4144 0.4654 0.5378 3.7449 1.3099 15.4453 -4.2703 0.3418
Car -1 -1 -7.6792 554.5308 174.2129 587.9578 200.3743 1.6772 1.6125 3.8225 -1.9699 1.2101 48.0526 -7.7250 0.3379
Car -1 -1 -4.7188 554.8019 174.3940 579.6018 199.9965 1.6354 1.5842 3.4566 -2.2851 1.1815 47.6558 -4.7714 0.3232
Car -1 -1 -4.4932 403.5550 180.8318 464.8504 221.1730 1.4831 1.5640 3.8558 -6.5367 1.4589 28.3441 -4.7231 0.3107
Pedestrian -1 -1 -4.8427 547.7975 165.0787 567.8761 220.7007 1.9430 0.5580 1.2062 -1.5942 1.3698 25.7388 -4.9092 0.3084
Car -1 -1 -8.1919 667.3778 172.7670 711.5002 199.1798 1.5942 1.5759 3.7837 5.5119 1.0672 45.3766 -8.0767 0.3068
Cyclist -1 -1 -2.4329 250.5977 171.9384 318.4608 237.8804 1.7785 0.5620 1.7820 -8.8111 1.5211 19.8989 -2.8502 0.2763
Pedestrian -1 -1 -3.4117 763.4323 165.4373 771.8550 205.0066 1.8511 0.4724 0.2669 7.8174 1.0999 33.8463 -3.1914 0.2273
Pedestrian -1 -1 -6.3241 444.1708 178.0338 454.4122 210.3312 1.7821 0.6788 0.5277 -8.4840 1.5910 40.0306 -6.5367 0.2235
Pedestrian -1 -1 -6.4823 706.8814 166.8884 732.9604 219.1686 1.6985 0.6164 0.7356 3.8701 1.2242 23.6620 -6.3271 0.2189
Pedestrian -1 -1 -7.2309 88.0068 190.5803 138.2279 264.8087 1.6231 0.6636 0.6767 -10.9984 1.8321 16.1394 -7.8270 0.1791
Cyclist -1 -1 -2.4859 260.5443 170.6910 330.2514 236.6761 1.7833 0.5837 1.7932 -8.5161 1.4916 19.9186 -2.8905 0.1776
Pedestrian -1 -1 -6.3394 646.6564 174.2667 660.7581 201.3530 1.6729 0.5790 0.8394 3.2500 1.2262 44.6592 -6.2722 0.1775
Pedestrian -1 -1 -4.5994 729.9920 164.4720 749.7313 218.7052 1.8714 0.5927 0.8989 4.8558 1.2842 25.3038 -4.4169 0.1742
Pedestrian -1 -1 -7.7256 758.4117 174.6216 784.4222 245.1199 1.4760 0.4729 0.6362 3.6132 1.3326 15.4195 -7.5045 0.1676
Pedestrian -1 -1 -2.4417 355.6976 177.7674 393.6724 249.3729 1.6308 0.6163 0.5864 -5.3223 1.5463 16.7563 -2.7502 0.1555
Pedestrian -1 -1 -3.8844 1020.9683 143.4217 1112.4752 278.4414 1.8404 0.6688 0.8689 6.5449 1.3220 10.2013 -3.3310 0.1533
Cyclist -1 -1 -4.8940 749.8803 169.0246 785.4024 248.2618 1.6442 0.5020 1.3280 3.5483 1.3859 15.5773 -4.6790 0.1358
Cyclist -1 -1 -4.5872 753.7712 169.2904 785.0413 248.9969 1.6420 0.5079 1.3569 3.6024 1.3911 15.5226 -4.3682 0.1321
Car -1 -1 -2.5660 69.2933 184.1297 156.7954 211.5497 1.5049 1.6582 3.7846 -27.4607 1.6564 40.4633 -3.1643 0.1312
Pedestrian -1 -1 -3.7714 1014.9243 146.9911 1109.6189 280.8016 1.8299 0.6190 0.9462 6.4595 1.3586 10.1700 -3.2225 0.1290
Car -1 -1 -2.3582 53.6268 186.2832 148.8003 216.6378 1.6414 1.7530 4.4642 -28.1638 1.9194 40.4854 -2.9680 0.1188
Car -1 -1 -7.9602 666.6326 172.5819 698.2098 199.4313 1.6211 1.5288 4.0780 5.0790 1.0827 45.4105 -7.8544 0.1176
Pedestrian -1 -1 -7.3416 83.1458 192.3341 134.8787 267.2226 1.6200 0.6994 0.6999 -11.0119 1.8680 16.0275 -7.9414 0.1127
Car -1 -1 -5.0015 665.8167 174.0729 705.8628 199.1642 1.5082 1.5045 3.6119 5.2559 1.0619 45.0897 -4.8911 0.1071
Cyclist -1 -1 -7.1362 416.6159 175.1195 452.8801 215.5763 1.7377 0.6026 1.6903 -7.3659 1.4639 31.7413 -7.3676 0.1038
Car -1 -1 -7.7922 391.7866 177.5427 432.2856 214.3483 1.5775 1.5750 3.6421 -8.5891 1.4082 32.7291 -8.0520 0.1004
Car -1 -1 -8.1410 664.9645 172.5383 707.0870 199.7918 1.6431 1.5658 3.9332 5.2955 1.1029 45.3813 -8.0305 0.0964
Cyclist -1 -1 -7.0334 415.7359 175.1215 451.9449 215.6747 1.7347 0.5887 1.5730 -7.3634 1.4622 31.5451 -7.2660 0.0918
Cyclist -1 -1 -4.8838 761.4656 171.0588 796.5751 248.6911 1.5929 0.4855 1.3843 3.7614 1.3792 15.4443 -4.6542 0.0905
Car -1 -1 -7.8856 390.4151 177.4488 431.3100 213.7387 1.5490 1.6555 4.0647 -8.7766 1.3764 32.8460 -8.1498 0.0900
Car -1 -1 -2.3539 58.6067 186.4685 145.5744 216.2897 1.6041 1.7094 3.9493 -27.9376 1.8907 40.2276 -2.9629 0.0828
Pedestrian -1 -1 -4.7120 755.6450 173.6882 778.9194 244.4346 1.5039 0.4836 0.5896 3.5601 1.3384 15.6100 -4.4967 0.0760
Cyclist -1 -1 -3.5558 737.8470 169.5816 808.5410 247.1955 1.6312 0.5183 1.3920 3.6570 1.3813 15.4842 -3.3330 0.0657
Car -1 -1 -7.9725 383.5516 177.3791 430.2238 213.9950 1.5571 1.5780 3.8741 -8.9027 1.3822 32.6393 -8.2418 0.0533
Pedestrian -1 -1 -6.8867 700.6389 173.1780 720.9316 219.8895 1.6765 0.5761 0.4875 3.9543 1.3782 26.1471 -6.7433 0.0499
Cyclist -1 -1 -3.6421 721.0390 168.4497 797.4007 248.4471 1.6650 0.5555 1.5265 3.3495 1.3940 15.4392 -3.4373 0.0462
Cyclist -1 -1 -6.7204 413.2269 174.2300 453.8922 215.1118 1.7488 0.6240 1.6251 -7.3652 1.4381 31.4781 -6.9535 0.0400
Cyclist -1 -1 -3.3437 742.9207 168.5206 816.5457 246.2471 1.6422 0.5328 1.4574 3.7841 1.3685 15.4637 -3.1130 0.0369
Pedestrian -1 -1 -6.6259 700.0521 170.1306 724.9538 219.4797 1.7585 0.6606 0.7057 3.9900 1.3538 25.9902 -6.4803 0.0366
Car -1 -1 -8.1616 368.0848 177.3631 431.6407 213.8611 1.5407 1.5948 4.0430 -9.1752 1.3664 32.4491 -8.4401 0.0290
Pedestrian -1 -1 -3.7312 707.8681 167.2670 734.4448 217.4166 1.7803 0.6595 0.6960 4.2973 1.2754 25.9460 -3.5739 0.0240
Car -1 -1 -8.7542 0.0000 0.0000 1237.0000 373.0000 1.5734 1.5320 3.8902 2.2131 1.5091 1.1211 -7.7491 0.0239
Pedestrian -1 -1 -6.8267 764.2202 167.7234 777.4003 205.9876 1.7774 0.4958 0.4005 7.9235 1.1377 33.6656 -6.6024 0.0239
Pedestrian -1 -1 -7.7091 403.1576 174.8078 423.0476 224.3585 1.7653 0.6094 0.6583 -6.8235 1.5272 25.9530 -7.9690 0.0236
Car -1 -1 -8.5318 0.0000 0.0000 1237.0000 373.0000 1.5619 1.5488 3.9232 1.9264 1.5274 1.0858 -7.5791 0.0215
Car -1 -1 -7.3731 898.2044 197.6330 1237.0000 373.0000 1.5818 1.5391 3.6248 2.9982 1.6631 2.3890 -6.5332 0.0156
Car -1 -1 -7.2136 166.4041 186.8774 253.6851 219.3979 1.4087 1.6407 3.8403 -18.3202 1.6771 33.7995 -7.7122 0.0148
Car -1 -1 -8.8759 0.0000 0.0000 1237.0000 373.0000 1.5860 1.5466 3.4802 2.5481 1.4493 1.1526 -7.8185 0.0139
Car -1 -1 -7.1013 169.7100 187.9684 256.6747 219.0818 1.3411 1.5526 3.5992 -18.1359 1.6622 33.7044 -7.5968 0.0135
Car -1 -1 -5.0797 1053.3748 206.0962 1237.0000 373.0000 1.5454 1.5554 3.5368 2.3714 1.6805 1.9930 -4.2766 0.0133
Car -1 -1 -5.1471 0.0000 0.0000 1237.0000 373.0000 1.5470 1.5322 3.5265 2.2419 1.6381 1.5980 -4.2763 0.0124
Car -1 -1 -5.0420 482.7391 181.4061 526.6345 206.1166 1.5036 1.6158 3.7782 -6.1987 1.4979 45.7590 -5.1810 0.0122
Car -1 -1 -4.8986 484.4690 181.2152 521.8893 206.2858 1.5216 1.6995 3.5710 -6.2645 1.5044 45.5608 -5.0396 0.0091
Car -1 -1 -7.3198 418.8535 178.4777 498.8398 217.2735 1.6231 1.7847 3.9042 -6.3186 1.4970 32.1900 -7.5172 0.0080
Cyclist -1 -1 -4.4590 153.1405 183.0271 186.0495 239.1145 1.8761 0.5757 1.7025 -15.0188 1.9315 24.9744 -5.0011 0.0077
Car -1 -1 -7.5765 420.5065 178.9861 480.9966 214.8244 1.5387 1.6459 4.1857 -6.8476 1.4310 32.9852 -7.7847 0.0069
Cyclist -1 -1 -8.4087 485.3889 179.9739 516.9020 217.9722 1.5201 0.4516 1.6931 -4.1528 1.4594 29.5299 -8.5524 0.0060
Car -1 -1 -4.7630 79.4855 183.0813 131.0294 219.4767 1.3877 1.5461 3.6948 -20.4251 1.4572 29.4913 -5.3696 0.0058
Cyclist -1 -1 -7.6597 270.8193 171.0887 305.2686 237.4776 1.7464 0.5427 1.7758 -8.6587 1.4731 19.8220 -8.0720 0.0054
Pedestrian -1 -1 -4.6065 200.4368 171.9420 220.6583 221.4256 1.9188 0.6230 0.7923 -15.4354 1.5486 28.3402 -5.1065 0.0050
Car -1 -1 -7.2524 420.8736 179.8358 502.0549 216.3933 1.5164 1.6991 3.7853 -6.1466 1.4477 31.8709 -7.4466 0.0045
Car -1 -1 -2.2976 140.6420 187.8287 234.5585 222.8992 1.5115 1.7723 3.6091 -18.9362 1.8138 32.8762 -2.8219 0.0041
Car -1 -1 -2.5469 132.2407 188.2165 234.4143 223.2527 1.5204 1.7602 3.6425 -18.9091 1.8344 32.5545 -3.0748 0.0039
Car -1 -1 -4.7405 179.6581 186.9641 234.9019 229.4608 1.6721 1.9675 4.5724 -17.2834 1.9297 31.3660 -5.2458 0.0033
Car -1 -1 -4.0444 574.9270 183.5936 726.3237 245.5839 1.2475 1.4571 3.7569 1.1852 1.3015 16.4656 -3.9790 0.0014
Car -1 -1 -4.5957 181.6060 188.7529 243.7338 229.7861 1.5901 1.8391 4.8043 -16.8532 1.9325 31.3155 -5.0912 0.0010
Cyclist -1 -1 -6.7706 75.9411 184.0858 169.7643 266.6454 1.7698 0.6926 1.6445 -10.8892 1.8323 16.3417 -7.3565 0.0005
