Car -1 -1 -4.5175 480.2350 180.4713 513.3403 202.6830 1.4625 1.5801 3.8972 -7.9650 2.0199 50.8452 -4.6725 0.8752
Car -1 -1 -4.5704 480.2950 180.1560 510.8183 202.6824 1.4839 1.6033 3.7340 -8.0215 2.0150 50.6270 -4.7272 0.8120
Car -1 -1 -4.2791 0.0000 189.0417 108.8437 241.7275 1.5268 1.5343 3.4572 -18.3139 2.1043 23.9006 -4.9277 0.7943
Car -1 -1 -4.3042 7.1227 187.3795 112.8714 239.8076 1.5366 1.5215 3.5060 -18.2590 2.0588 24.0723 -4.9480 0.6842
Car -1 -1 -4.5632 480.4213 180.0429 511.7974 203.1837 1.5155 1.6100 3.8501 -7.9421 2.0364 50.3828 -4.7192 0.6842
Car -1 -1 -4.6155 481.2792 180.0553 509.9257 202.3525 1.4751 1.6255 3.9885 -8.0909 2.0051 51.0914 -4.7722 0.6300
Car -1 -1 -4.4668 481.3087 180.7828 517.2706 202.7037 1.4400 1.5853 4.0001 -7.8022 2.0224 50.9589 -4.6183 0.5832
Car -1 -1 -4.6712 480.8363 180.4419 505.9289 202.6973 1.4630 1.5871 3.8979 -8.2137 2.0188 50.8458 -4.8310 0.5039
Car -1 -1 -4.2148 0.0000 188.6408 107.8522 241.3112 1.5134 1.6302 3.7331 -18.5530 2.0788 23.8850 -4.8700 0.4186
Car -1 -1 -4.3990 480.1503 180.4945 520.3546 203.3455 1.4892 1.6053 4.0878 -7.6757 2.0474 50.6041 -4.5492 0.4087
Car -1 -1 -4.5898 476.9476 177.7477 508.7360 203.1076 1.6561 1.7005 3.9396 -8.0888 2.0078 49.8921 -4.7501 0.3652
Pedestrian -1 -1 -6.0449 150.5874 180.6831 178.9386 252.7352 1.7051 0.5531 0.4655 -10.8322 1.8981 17.4816 -6.5931 0.3174
Car -1 -1 -4.4488 19.7470 189.1024 108.3065 240.5395 1.4960 1.5191 3.2997 -18.0547 2.0758 23.9447 -5.0897 0.2686
Car -1 -1 -4.2965 0.0000 183.2935 113.4491 236.9035 1.5833 1.6296 4.0370 -18.5783 1.9657 24.2989 -4.9442 0.2644
Pedestrian -1 -1 -6.1408 153.8780 181.2674 180.0847 252.4144 1.6781 0.5754 0.4614 -10.7638 1.8855 17.4575 -6.6868 0.2331
Car -1 -1 -4.6820 477.9539 180.5585 503.9424 203.1798 1.4708 1.6720 3.9168 -8.3041 2.0302 50.3622 -4.8450 0.2323
Pedestrian -1 -1 -6.2168 159.7334 181.8996 185.7262 252.1106 1.6681 0.6181 0.5011 -10.7301 1.8937 17.6324 -6.7571 0.2177
Car -1 -1 -4.0370 227.8113 185.2580 297.9286 213.9557 1.4518 1.6152 3.5959 -19.2585 2.1743 40.1103 -4.4824 0.2151
Car -1 -1 -3.6096 234.1468 183.9667 311.8489 212.5617 1.4545 1.5842 3.5807 -18.7041 2.1005 40.0711 -4.0441 0.2122
Car -1 -1 -3.7445 229.9777 183.9422 307.5667 212.7607 1.4641 1.6273 3.6169 -18.9619 2.1111 40.1467 -4.1835 0.2028
Car -1 -1 -2.7724 25.8531 192.8040 182.3944 241.1338 1.4211 1.6522 3.8366 -16.3861 2.1050 23.4969 -3.3763 0.1997
Pedestrian -1 -1 -6.2568 155.4477 181.3995 180.0332 252.1444 1.6908 0.6120 0.4967 -10.9107 1.9051 17.7276 -6.8021 0.1841
Pedestrian -1 -1 -7.9617 287.8935 181.3298 301.9400 212.3664 1.6958 0.6624 0.5212 -17.5172 2.1702 40.0265 -8.3722 0.1639
Car -1 -1 -4.2035 225.5033 182.8735 289.3466 212.5565 1.5072 1.6575 3.4854 -19.3291 2.0821 39.6321 -4.6549 0.1614
Car -1 -1 -3.6113 236.1141 182.9307 312.8948 212.2626 1.4931 1.5598 3.5239 -18.5313 2.0757 39.8761 -4.0441 0.1229
Car -1 -1 -4.6285 479.8851 177.3851 509.6310 202.8426 1.6345 1.6731 3.9516 -7.8294 1.9552 49.0812 -4.7863 0.1216
Car -1 -1 -5.5739 20.4116 191.9484 177.6206 240.8618 1.4465 1.6413 4.0262 -16.3722 2.0856 23.1457 -6.1843 0.1100
Car -1 -1 -4.5845 473.3232 179.3421 505.6735 202.9634 1.5387 1.7300 3.9105 -8.3506 2.0066 50.0793 -4.7493 0.1052
Car -1 -1 -4.3815 134.5487 192.9671 180.8320 217.0856 1.5068 1.6089 3.7322 -31.5687 2.9675 50.4116 -4.9388 0.1019
Car -1 -1 -4.5243 472.9418 176.9926 509.3353 203.2709 1.6829 1.6854 4.1790 -8.0491 1.9756 48.9822 -4.6867 0.0968
Pedestrian -1 -1 -5.0891 289.5120 181.2795 305.2872 212.0258 1.6862 0.6667 0.5087 -17.4594 2.1603 40.2141 -5.4966 0.0896
Car -1 -1 -4.5032 133.1039 193.4346 172.8437 217.1505 1.4719 1.5835 3.8055 -31.9073 2.9683 50.4141 -5.0653 0.0810
Pedestrian -1 -1 -5.1207 183.3282 191.7122 201.1975 221.0176 1.7128 0.7113 0.6950 -25.1028 2.8571 43.2989 -5.6437 0.0748
Car -1 -1 -4.0924 225.2070 180.3666 294.8989 211.4780 1.5784 1.6145 3.6335 -19.0989 2.0091 39.4651 -4.5408 0.0741
Car -1 -1 -3.0279 31.4783 191.2644 181.8394 240.8492 1.4443 1.6495 3.9114 -16.5361 2.0953 23.8818 -3.6285 0.0714
Car -1 -1 -3.3830 233.0493 183.6777 309.9150 212.3899 1.4645 1.5394 3.5781 -18.6927 2.0873 39.8215 -3.8196 0.0676
Car -1 -1 -4.2916 461.6244 177.3067 512.4485 203.4459 1.6735 1.7489 4.4851 -8.3819 1.9928 49.3999 -4.4592 0.0631
Car -1 -1 -3.3622 234.8705 183.7298 308.7133 212.3389 1.4700 1.5065 3.4613 -18.7558 2.0973 39.9836 -3.7986 0.0592
Car -1 -1 -3.1699 229.2114 182.9036 306.5912 212.2937 1.5093 1.5907 3.7793 -18.8326 2.0836 39.6876 -3.6107 0.0526
Cyclist -1 -1 -7.3117 289.2816 180.6593 312.3204 210.9990 1.6560 0.4286 1.5972 -17.4340 2.1040 40.6247 -7.7150 0.0392
Car -1 -1 -7.5939 160.5123 187.7724 209.2427 215.8415 1.5754 1.6681 3.8318 -26.3399 2.5434 44.7647 -8.1234 0.0317
Car -1 -1 -2.8703 125.4946 188.5114 203.8504 216.4652 1.5768 1.6831 3.7034 -26.8095 2.5490 43.4962 -3.4201 0.0300
Car -1 -1 -3.0651 120.2537 188.7591 198.7075 217.3681 1.5747 1.6852 3.8612 -26.9024 2.5621 43.1713 -3.6199 0.0278
Car -1 -1 -3.1850 35.3235 189.9091 192.5893 240.1165 1.4534 1.7276 4.2200 -16.5629 2.0705 24.1657 -3.7809 0.0228
Pedestrian -1 -1 -7.4170 185.3208 189.3553 203.0430 219.0392 1.7590 0.7315 0.6198 -25.0847 2.7607 43.4730 -7.9380 0.0227
Car -1 -1 -7.4354 161.7144 187.8685 217.5704 215.7623 1.5756 1.6203 3.7095 -26.0395 2.5470 44.7648 -7.9599 0.0204
Car -1 -1 -2.9576 29.3665 189.8695 190.1595 240.1317 1.4756 1.5654 4.1330 -16.3601 2.0725 23.7776 -3.5553 0.0193
Cyclist -1 -1 -7.1225 181.8763 185.8031 213.6644 217.5669 1.8542 0.6305 1.8070 -25.0668 2.6578 43.8447 -7.6395 0.0148
Car -1 -1 -4.1134 0.0000 190.8682 49.4138 268.7114 1.4827 1.6015 4.4072 -15.6111 1.9663 17.0938 -4.8458 0.0116
Car -1 -1 -4.7068 481.7056 179.0473 507.3231 204.1967 1.5671 1.6170 4.0084 -7.7193 1.9978 48.1011 -4.8655 0.0114
Car -1 -1 -4.8512 660.4752 181.6050 720.3484 225.6521 1.3970 1.5371 4.1882 2.7483 1.7359 25.8464 -4.7472 0.0103
Car -1 -1 -4.4743 469.5866 178.2019 508.4996 203.9632 1.6161 1.6735 3.9591 -8.0523 1.9878 48.1460 -4.6395 0.0101
Cyclist -1 -1 -3.0228 159.1059 184.7889 197.3211 217.6689 1.9119 0.7063 1.8916 -25.8545 2.6374 43.1756 -3.5599 0.0099
Cyclist -1 -1 -6.7799 182.4527 185.0742 219.2464 218.0664 1.9215 0.7185 1.8153 -24.7971 2.6774 43.6931 -7.2938 0.0099
Car -1 -1 -7.2513 0.0000 190.4316 78.6630 259.2123 1.4882 1.7440 3.9165 -15.9834 1.9926 18.6852 -7.9520 0.0099
Cyclist -1 -1 -8.3076 867.1874 168.5921 906.0286 231.0431 1.7761 0.3729 1.6589 8.1190 1.6546 21.3635 -7.9497 0.0093
Car -1 -1 -4.4835 617.7676 177.8723 650.8191 200.8292 1.4788 1.4407 3.7977 1.6684 1.8360 49.3837 -4.4504 0.0077
Car -1 -1 -4.9743 481.2287 179.2407 520.0809 204.0779 1.5442 1.5509 4.0970 -7.3751 1.9897 48.1724 -5.1258 0.0074
Car -1 -1 -3.9069 442.6778 177.9605 504.8788 203.9299 1.6172 1.6426 4.0474 -9.0242 1.9709 47.8918 -4.0925 0.0074
Cyclist -1 -1 -2.7447 162.4876 184.3951 201.8373 216.6460 1.9093 0.7118 1.9172 -25.8422 2.6132 43.5445 -3.2779 0.0069
Car -1 -1 -4.1163 0.0000 194.0783 53.1586 260.9397 1.3257 1.6320 3.8618 -15.7609 1.9026 17.6061 -4.8391 0.0068
Cyclist -1 -1 -2.9023 156.3569 183.9604 197.6234 216.1452 1.8939 0.7296 2.0206 -26.1531 2.5739 43.5513 -3.4407 0.0066
Cyclist -1 -1 -6.4397 181.5312 185.4420 219.4621 217.4781 1.8693 0.7310 1.9072 -24.8131 2.6463 43.6718 -6.9540 0.0064
Cyclist -1 -1 -6.9866 177.4446 187.6488 212.7462 220.0626 1.8762 0.7268 1.8094 -25.1058 2.7905 43.6293 -7.5064 0.0058
Car -1 -1 -5.0401 645.5139 177.8553 706.3568 212.9549 1.5164 1.5230 4.3606 2.9957 1.7686 34.1274 -4.9539 0.0058
Car -1 -1 -4.8165 642.0810 177.7189 684.6030 207.6375 1.4166 1.6926 4.7088 2.6512 1.6840 37.3209 -4.7467 0.0057
Car -1 -1 -4.6154 614.6910 178.0448 641.3665 201.2229 1.4926 1.4769 3.6479 1.2294 1.8600 49.2147 -4.5910 0.0055
Car -1 -1 -4.0876 452.5397 177.4886 508.9270 203.8884 1.6438 1.6218 4.0448 -8.5507 1.9649 47.8649 -4.2639 0.0055
Cyclist -1 -1 -3.1961 177.5632 187.0640 211.7163 217.5685 1.7791 0.7034 1.7530 -25.1145 2.6521 43.5731 -3.7166 0.0053
Car -1 -1 -4.1001 0.0000 192.8205 71.0241 254.8603 1.2895 1.7238 3.7599 -15.7896 1.8471 18.2079 -4.8073 0.0050
Cyclist -1 -1 -3.2866 259.2620 178.1476 302.6911 211.7820 1.8072 0.6929 2.1081 -18.2242 2.1059 39.9006 -3.7128 0.0049
Car -1 -1 -4.1477 453.4519 176.9392 509.7907 204.2255 1.7144 1.7689 4.1382 -8.5572 2.0000 48.2572 -4.3227 0.0048
Car -1 -1 -8.0645 657.5840 180.5448 731.4836 226.8578 1.4595 1.7055 4.4032 2.8652 1.7582 25.7720 -7.9558 0.0046
Pedestrian -1 -1 -7.1525 189.6084 187.2453 209.8485 218.0835 1.8261 0.8039 0.6937 -24.7833 2.7023 43.5300 -7.6677 0.0044
Cyclist -1 -1 -7.6191 150.3311 183.1950 185.3669 253.9920 1.6383 0.3557 1.6475 -10.9269 1.9049 17.7810 -8.1638 0.0044
Pedestrian -1 -1 -6.5167 189.2174 188.2831 205.9811 220.5266 1.8845 0.8714 0.6907 -24.7597 2.8210 43.2555 -7.0342 0.0042
Cyclist -1 -1 -8.2769 859.5613 168.4597 901.3655 228.4634 1.7017 0.4173 1.8697 7.9497 1.5768 21.4100 -7.9265 0.0041
Car -1 -1 -2.4997 0.0000 187.7243 43.5749 257.4714 1.5509 1.7293 4.3244 -16.7950 1.9363 17.6147 -3.2537 0.0039
Car -1 -1 -2.3865 0.0000 190.8107 37.3477 253.1759 1.4347 1.6996 4.0959 -17.0167 1.9025 17.9506 -3.1378 0.0039
Car -1 -1 -4.5235 615.2435 178.8857 645.3618 202.1003 1.4905 1.3997 3.6467 1.3880 1.9181 49.2597 -4.4960 0.0038
Car -1 -1 -2.0040 0.0000 189.7485 36.6703 254.8322 1.4493 1.6682 4.1728 -16.9376 1.9187 18.4752 -2.7389 0.0037
Car -1 -1 -7.1885 0.0000 191.5160 90.9147 250.0187 1.2952 1.6001 3.6139 -15.7640 1.8325 18.9615 -7.8753 0.0036
Car -1 -1 -4.9353 652.4948 171.8670 686.7003 199.0698 1.9932 1.7275 4.0904 4.4706 1.9206 55.0167 -4.8551 0.0035
Car -1 -1 -2.2076 0.0000 192.1464 31.6188 252.0941 1.3567 1.6117 3.7729 -17.0058 1.8741 18.2159 -2.9514 0.0034
Cyclist -1 -1 -3.2930 253.4777 178.9619 296.1327 212.2944 1.7872 0.7208 2.0534 -18.5522 2.1317 39.8709 -3.7262 0.0033
Pedestrian -1 -1 -3.8203 1195.0957 166.8672 1241.0000 282.0821 1.5884 0.4969 0.5775 8.7048 1.5055 10.1993 -3.1285 0.0032
Car -1 -1 -4.6674 659.6016 171.7677 685.9738 197.2154 1.8792 1.8400 4.1492 4.8330 1.7986 55.4582 -4.5813 0.0031
Car -1 -1 -4.9555 610.8585 176.0087 640.1664 195.3611 1.4759 1.5195 3.5542 1.1784 1.7355 57.5470 -4.9355 0.0028
Car -1 -1 -4.3651 426.0462 176.5496 454.3233 193.8361 1.6354 1.5991 3.5279 -16.6714 2.0076 70.8939 -4.5955 0.0023
Car -1 -1 -4.9554 646.9818 178.2633 699.8732 212.4694 1.4806 1.5463 4.0037 2.8790 1.7509 33.9943 -4.8722 0.0023
Car -1 -1 -5.0379 611.9811 176.0405 648.8204 196.2675 1.5302 1.6766 4.1892 1.5551 1.7939 57.5414 -5.0115 0.0023
Car -1 -1 -4.7659 37.5923 187.2814 69.1640 209.0495 1.4715 1.6581 3.6158 -41.1048 2.5736 53.2213 -5.4213 0.0018
Car -1 -1 -4.5025 659.5280 177.3238 689.7897 199.0231 1.5678 1.5979 3.5145 4.9155 1.9190 54.8349 -4.4140 0.0017
Car -1 -1 -4.8193 120.5525 183.3757 150.4975 205.9485 1.6591 1.6048 3.4784 -37.2729 2.5113 56.6129 -5.3996 0.0017
Car -1 -1 -4.6859 660.2621 173.6564 684.0117 198.2320 1.7963 1.7061 3.5771 4.7124 1.8589 54.7331 -4.6009 0.0015
Car -1 -1 -4.6220 661.3420 172.3323 689.6630 197.9677 1.8864 1.7919 4.2570 5.0344 1.8477 55.3505 -4.5322 0.0015
Car -1 -1 -4.4772 661.7518 174.3925 696.0273 199.1957 1.8144 1.6980 4.1560 5.2917 1.9368 55.3013 -4.3827 0.0014
Pedestrian -1 -1 -7.5869 38.1250 191.9799 72.0724 245.9246 1.6436 0.7125 0.5969 -17.4848 2.2555 22.6852 -8.2381 0.0011
Car -1 -1 -4.9431 623.0898 177.6860 675.2231 213.1199 1.5377 1.5737 3.9409 1.7365 1.7787 33.9583 -4.8931 0.0007
Car -1 -1 -4.3773 643.4336 172.9265 688.7181 200.0578 1.9363 2.0746 4.3082 4.2083 1.9417 53.8964 -4.3002 0.0002
