Car -1 -1 -6.4960 674.6434 181.3576 803.3351 221.9052 1.4283 1.6800 4.4347 4.6682 1.7541 26.7409 -6.3258 0.9987
Car -1 -1 -6.4887 676.1364 181.4523 804.5740 221.7222 1.4206 1.6750 4.4323 4.7198 1.7500 26.7545 -6.3166 0.8661
Car -1 -1 -6.3293 648.2844 181.6197 709.4485 203.7993 1.4492 1.5729 4.0386 4.5804 2.0515 48.7206 -6.2366 0.8444
Car -1 -1 -6.3581 648.1080 181.7081 711.5237 204.0867 1.4650 1.6869 4.1514 4.6524 2.0746 48.8176 -6.2642 0.7413
Car -1 -1 -6.3239 646.0126 181.6951 701.5169 203.9674 1.4547 1.4980 3.6634 4.2322 2.0604 48.6186 -6.2381 0.5731
Pedestrian -1 -1 -5.8449 48.7399 173.0927 64.7486 218.9355 1.7837 0.5102 0.3114 -21.7875 1.7929 28.3601 -6.4956 0.5172
Pedestrian -1 -1 -4.6198 191.0263 175.2076 234.6723 296.3507 1.7754 0.5295 0.5365 -6.0657 1.8119 10.9385 -5.1163 0.2412
Pedestrian -1 -1 -5.6910 50.4303 171.1549 67.0634 217.4854 1.8014 0.5176 0.2762 -21.6782 1.7350 28.3199 -6.3400 0.2117
Car -1 -1 -4.2517 643.2032 178.3214 686.9460 198.6599 1.4307 1.6226 4.0946 4.1410 1.8568 54.0990 -4.1762 0.2092
Car -1 -1 -4.3768 643.9237 176.9292 684.8842 197.6702 1.4670 1.6666 4.5886 4.1251 1.7878 54.4261 -4.3020 0.1937
Pedestrian -1 -1 -5.9153 50.6364 172.7313 66.8965 219.0005 1.8086 0.5152 0.3474 -21.8138 1.8035 28.4990 -6.5642 0.1402
Car -1 -1 -4.8778 638.6610 179.6118 674.1857 203.4358 1.5469 1.7136 4.7827 3.1755 2.0447 50.7161 -4.8161 0.1291
Car -1 -1 -4.1216 642.7193 179.0528 691.2823 199.2003 1.4081 1.6116 4.0861 4.2598 1.8882 53.8227 -4.0435 0.1237
Car -1 -1 -4.9556 630.3135 179.8004 669.2198 203.7200 1.5637 1.7270 4.3493 2.7158 2.0747 50.8049 -4.9030 0.1216
Car -1 -1 -4.6542 644.5147 177.7661 668.7070 198.2216 1.4503 1.5801 4.3009 3.5234 1.8360 54.4603 -4.5904 0.1213
Car -1 -1 -6.8237 645.8550 177.0555 704.9962 198.1234 1.4976 1.6007 4.1401 4.8348 1.8187 53.5623 -6.7346 0.1212
Pedestrian -1 -1 -4.9448 197.0565 171.5689 245.3258 295.9136 1.8179 0.5356 0.5412 -5.9455 1.7988 10.9288 -5.4334 0.1149
Car -1 -1 -3.7924 640.7817 178.8701 695.8605 199.8111 1.4747 1.6237 3.8863 4.3124 1.9353 53.5429 -3.7129 0.1148
Car -1 -1 -4.0012 641.4317 178.0925 693.7157 198.6056 1.4482 1.6166 4.1024 4.3102 1.8545 53.9884 -3.9224 0.1130
Car -1 -1 -4.4944 642.1345 178.3575 674.6117 199.3404 1.4764 1.5760 4.1496 3.6406 1.9060 54.1431 -4.4281 0.1086
Car -1 -1 -4.6116 646.1153 177.5362 673.3973 198.3627 1.4775 1.6204 4.4991 3.7757 1.8468 54.6011 -4.5434 0.0960
Car -1 -1 -3.7163 642.0181 179.1296 700.4512 199.3868 1.4228 1.6356 4.0764 4.5123 1.9016 53.4021 -3.6329 0.0897
Car -1 -1 -4.3447 641.6727 179.0038 681.6788 199.9284 1.4637 1.5918 4.1903 3.8830 1.9429 54.0215 -4.2738 0.0876
Car -1 -1 -4.2272 640.0787 179.1111 684.8013 200.1588 1.4642 1.6253 4.0306 3.9063 1.9473 53.6067 -4.1554 0.0818
Car -1 -1 -3.8844 643.1996 178.0638 699.3788 198.2508 1.4204 1.6386 4.1525 4.5546 1.8216 53.6796 -3.8007 0.0814
Car -1 -1 -3.9149 639.0339 178.0499 690.4646 198.9954 1.4893 1.5625 3.8465 4.0948 1.8914 54.0493 -3.8402 0.0779
Car -1 -1 -6.5842 647.9908 178.6171 708.4307 199.2645 1.4672 1.6035 4.1433 4.9811 1.9012 53.1622 -6.4918 0.0725
Car -1 -1 -3.6982 637.9734 177.3091 690.4506 198.3221 1.5191 1.6058 3.6472 4.0619 1.8642 54.3824 -3.6245 0.0627
Car -1 -1 -4.1229 643.7194 179.3629 691.9495 199.4704 1.3937 1.6219 3.9822 4.2871 1.8938 53.4123 -4.0437 0.0478
Car -1 -1 -4.3560 638.2386 179.2362 677.4316 200.9622 1.5060 1.5660 4.1159 3.5599 1.9984 53.5035 -4.2904 0.0397
Pedestrian -1 -1 -7.8939 69.5636 181.2661 86.0558 211.4212 1.7580 0.7643 0.6347 -31.6207 2.2626 42.8221 -8.5271 0.0395
Pedestrian -1 -1 -7.6425 402.3564 178.9295 424.5889 228.8881 1.7888 0.6711 0.5888 -7.1838 2.0119 26.2232 -7.9079 0.0388
Car -1 -1 -6.5617 645.3810 179.6139 705.5266 199.9950 1.4424 1.6348 4.1113 4.7648 1.9502 53.0446 -6.4731 0.0377
Car -1 -1 -4.4707 639.1745 180.5776 674.0667 202.9567 1.5178 1.5767 4.2636 3.4234 2.1068 52.7747 -4.4068 0.0364
Car -1 -1 -4.6998 643.5051 178.6250 664.6838 199.8417 1.5025 1.5317 4.0421 3.3105 1.9530 54.2943 -4.6397 0.0351
Car -1 -1 -4.4591 638.2366 179.5466 673.3433 201.1742 1.5112 1.6628 4.0472 3.4350 2.0316 53.9491 -4.3964 0.0299
Car -1 -1 -4.8653 638.0062 178.0976 667.4512 199.0247 1.4859 1.5753 4.2998 3.1599 1.8982 54.5588 -4.8082 0.0293
Pedestrian -1 -1 -7.5975 398.9654 182.5736 421.6512 231.9605 1.7666 0.6686 0.5835 -7.2989 2.1235 26.2227 -7.8670 0.0276
Car -1 -1 -6.3370 649.7103 178.7592 709.1528 199.1417 1.4518 1.6303 4.2453 5.0153 1.8911 52.8146 -6.2433 0.0271
Car -1 -1 -3.6538 644.6832 178.9956 705.2287 198.9596 1.4026 1.6669 4.1748 4.7734 1.8698 53.3061 -3.5654 0.0255
Pedestrian -1 -1 -7.3239 307.3989 180.9826 336.8711 242.0652 1.7208 0.5990 0.5323 -8.3108 1.9574 20.7181 -7.7014 0.0234
Pedestrian -1 -1 -7.9189 305.0963 181.6223 330.1681 241.8807 1.7044 0.6378 0.5928 -8.5332 1.9634 20.9318 -8.3021 0.0227
Car -1 -1 -4.3617 634.0251 180.0372 674.1443 203.1243 1.5790 1.5782 4.2638 3.2559 2.1293 53.0307 -4.3012 0.0210
Car -1 -1 -4.5066 39.4909 179.6287 96.7823 213.4042 1.5141 1.5129 3.5957 -26.3054 1.8615 35.0767 -5.1466 0.0195
Car -1 -1 -4.3375 43.2562 180.3450 110.9419 214.4001 1.5341 1.4734 3.4823 -25.9496 1.9187 35.1990 -4.9693 0.0180
Car -1 -1 -6.2560 646.7590 180.5633 704.4672 200.8702 1.4263 1.6560 4.1211 4.7598 1.9988 52.5484 -6.1666 0.0105
Pedestrian -1 -1 -8.0310 310.3761 179.6737 338.0397 239.7845 1.7015 0.6529 0.5945 -8.3469 1.9032 20.9447 -8.4063 0.0094
Pedestrian -1 -1 -7.2728 314.1928 185.1834 342.4810 245.2118 1.6391 0.5569 0.4908 -7.9014 1.9877 20.1223 -7.6430 0.0087
Pedestrian -1 -1 -7.4033 299.2451 182.5005 329.7409 242.0772 1.6785 0.6327 0.5526 -8.5303 1.9592 20.7206 -7.7898 0.0081
Car -1 -1 -4.7277 635.2104 180.9712 653.2404 198.7488 1.4674 1.5153 4.2110 2.9682 2.2068 63.6266 -4.6817 0.0071
Car -1 -1 -5.9366 646.0896 180.4923 713.0850 201.0497 1.3999 1.6386 4.5287 4.9851 1.9694 52.1122 -5.8422 0.0069
Car -1 -1 -6.0762 646.8546 180.7149 712.3884 201.2671 1.4189 1.6496 4.4936 5.0296 2.0051 52.3816 -5.9815 0.0068
Car -1 -1 -4.7563 645.8716 181.0281 669.6089 203.3152 1.4964 1.5168 4.1684 3.3812 2.1099 52.0835 -4.6924 0.0065
Cyclist -1 -1 -7.1862 303.7968 184.2426 348.1246 241.7331 1.5925 0.4432 1.3740 -8.2959 1.9350 20.9948 -7.5587 0.0061
Cyclist -1 -1 -7.3674 302.2062 185.1369 345.0443 242.3808 1.5641 0.4816 1.5454 -8.3031 1.9323 20.8509 -7.7425 0.0059
Car -1 -1 -4.9608 632.7985 178.8914 665.7830 200.1193 1.4996 1.5196 4.0567 2.8872 1.9718 54.3266 -4.9084 0.0059
Car -1 -1 -4.4179 627.8126 179.2923 659.9825 196.6483 1.4756 1.6789 4.5354 3.0990 2.0818 65.5558 -4.3713 0.0057
Car -1 -1 -4.3528 621.7982 178.4027 662.5984 203.3531 1.6719 1.5744 4.0916 2.3125 2.0845 51.5131 -4.3087 0.0055
Pedestrian -1 -1 -4.5137 311.7561 183.4474 337.0713 242.8346 1.6062 0.5673 0.4688 -7.9197 1.9021 19.8954 -4.8885 0.0053
Pedestrian -1 -1 -4.4349 303.8159 187.7664 330.2312 243.4834 1.5073 0.5840 0.4104 -8.1178 1.9227 19.8797 -4.8184 0.0053
Car -1 -1 -4.5641 638.8800 180.8190 667.8837 203.7018 1.5306 1.4935 4.1494 3.1318 2.1281 51.9670 -4.5047 0.0051
Car -1 -1 -4.6461 633.8672 180.8198 653.0540 198.7769 1.5229 1.4935 3.4812 2.9956 2.2560 64.6151 -4.6005 0.0045
Car -1 -1 -4.9055 624.2451 182.1605 648.9350 199.7867 1.4514 1.4684 3.7641 2.2859 2.2953 63.4738 -4.8701 0.0045
Cyclist -1 -1 -2.5477 47.7347 171.9866 89.0261 205.5226 1.9687 0.8114 1.8176 -32.1552 1.9175 42.8058 -3.1892 0.0043
Pedestrian -1 -1 -7.3142 303.0308 187.7586 334.4152 244.7891 1.5572 0.6354 0.5223 -8.1877 1.9799 20.1699 -7.6958 0.0040
Car -1 -1 -4.7196 632.2255 179.8274 649.4893 197.5646 1.4674 1.4655 3.9938 2.6651 2.0984 63.3017 -4.6782 0.0037
Cyclist -1 -1 -7.1015 281.0682 179.7214 347.5320 247.9446 1.8515 0.5574 1.9972 -8.5444 2.0592 20.8220 -7.4869 0.0036
Pedestrian -1 -1 -4.4836 213.7825 220.1654 265.7440 330.2265 1.2718 0.4649 0.5061 -4.6110 1.8745 8.8967 -4.9504 0.0033
Car -1 -1 -3.8599 60.2574 174.1331 133.1431 200.0327 1.5256 1.5084 3.5536 -31.6819 1.6078 44.5957 -4.4749 0.0032
Car -1 -1 -4.8541 55.0044 173.4865 102.6541 200.8355 1.5979 1.8133 4.0241 -32.6923 1.6383 44.3252 -5.4868 0.0032
Pedestrian -1 -1 -3.8697 336.3092 214.5102 375.4576 306.7643 1.3347 0.4145 0.3813 -3.9092 1.9818 10.9474 -4.2060 0.0030
Car -1 -1 -4.6784 632.5245 180.5109 651.3571 198.0430 1.4945 1.5738 3.9983 2.8961 2.2096 65.3557 -4.6347 0.0026
Car -1 -1 -4.5323 632.8195 179.2486 663.7026 203.6327 1.6373 1.5079 4.0913 2.7524 2.1148 51.7477 -4.4799 0.0025
Car -1 -1 -1.9834 26.2235 174.4685 105.0046 202.9408 1.6499 1.9021 5.2747 -33.3905 1.7532 44.1758 -2.6279 0.0025
Car -1 -1 -7.4338 55.1361 175.6483 121.1003 201.9588 1.5337 1.6420 4.4539 -32.4075 1.7164 44.9059 -8.0562 0.0024
Car -1 -1 -4.7169 631.6796 181.2990 649.5627 198.3384 1.4330 1.5473 3.5332 2.6924 2.2058 64.2537 -4.6757 0.0024
Cyclist -1 -1 -2.4485 52.0321 172.2841 90.8998 203.2413 1.8290 0.7982 1.7564 -32.1769 1.7950 43.0759 -3.0872 0.0023
Car -1 -1 -5.3259 40.3721 173.5647 119.2574 202.8619 1.7184 1.8105 4.1594 -32.2959 1.7628 43.9182 -5.9572 0.0023
Car -1 -1 -4.5475 632.8124 180.0681 657.2808 198.5137 1.5690 1.5765 3.9956 3.1724 2.2412 65.1495 -4.4995 0.0022
Car -1 -1 -5.1402 41.2540 173.9352 106.5280 201.5410 1.6142 1.7981 3.7760 -32.7531 1.6825 44.0264 -5.7771 0.0021
Cyclist -1 -1 -2.3631 41.2620 172.5991 83.4558 205.1639 1.9112 0.7957 2.0235 -32.5695 1.8960 42.8742 -3.0099 0.0021
Car -1 -1 -7.6620 46.1458 175.9114 96.0817 201.5208 1.4816 1.7531 3.8196 -33.0826 1.6781 44.3460 -8.3002 0.0021
Car -1 -1 -1.8334 40.7643 174.6070 98.2566 201.8020 1.5800 1.7846 4.2418 -33.1638 1.6920 44.1932 -2.4744 0.0020
Car -1 -1 -2.5375 3.4505 174.1585 100.2393 203.2020 1.6947 1.9162 4.2595 -33.4305 1.7745 43.2624 -3.1926 0.0020
Car -1 -1 -2.2207 24.0423 174.6921 104.5568 201.4943 1.5687 1.8271 4.0564 -33.1876 1.6838 43.8587 -2.8657 0.0019
Car -1 -1 -2.3850 13.9123 174.4466 102.8298 202.1368 1.6230 1.8947 4.0859 -33.3119 1.7214 43.5842 -3.0348 0.0019
Car -1 -1 -4.9664 623.0679 181.3762 650.8051 200.6487 1.6266 1.6057 3.6647 2.3578 2.4125 64.5979 -4.9305 0.0018
Pedestrian -1 -1 -4.1330 319.7844 212.8550 360.9121 307.7177 1.3805 0.4457 0.3853 -4.1393 1.9997 10.9380 -4.4877 0.0017
Car -1 -1 -4.8430 633.0923 180.0092 663.2990 204.7946 1.6659 1.5751 4.6930 2.6899 2.2079 52.2850 -4.7924 0.0016
Cyclist -1 -1 -2.1497 51.4103 171.7865 87.4335 202.3232 1.7976 0.8044 1.9282 -32.3881 1.7344 43.1839 -2.7903 0.0016
Car -1 -1 -7.6130 51.2395 175.0013 102.2721 200.7523 1.5026 1.6746 3.7553 -32.8491 1.6408 44.4994 -8.2462 0.0015
Cyclist -1 -1 -2.7148 52.8934 174.2389 95.6722 206.7527 1.9008 0.8051 1.8738 -31.8108 1.9838 42.8198 -3.3510 0.0015
Car -1 -1 -7.6604 46.9363 178.3774 89.8506 201.1812 1.3055 1.5139 3.0872 -32.9054 1.6541 43.8581 -8.3013 0.0014
Car -1 -1 -7.5014 54.9755 175.0742 111.7841 201.6311 1.5535 1.6117 3.8106 -32.5088 1.6968 44.6041 -8.1285 0.0013
Cyclist -1 -1 -7.1655 322.2285 184.5841 418.4853 311.4377 1.8214 0.4554 1.7115 -3.7948 2.0208 11.4029 -7.4809 0.0011
Car -1 -1 -7.3454 57.0254 174.4841 123.2576 201.6280 1.5969 1.6092 3.9419 -32.1776 1.7023 44.7431 -7.9662 0.0009
Cyclist -1 -1 -2.0825 48.1930 171.8845 82.7932 202.2020 1.7837 0.7658 2.0202 -32.6434 1.7263 43.2073 -2.7267 0.0008
Pedestrian -1 -1 -4.6354 475.3841 183.5380 491.9504 232.2513 1.7219 0.5544 0.4189 -4.5686 2.1078 25.8439 -4.8094 0.0005
Pedestrian -1 -1 -6.0904 810.5916 164.6716 822.2825 189.3423 2.0685 0.5870 0.8537 17.4140 1.3821 60.9506 -5.8136 0.0005
Pedestrian -1 -1 -4.4694 472.5076 187.3085 491.4646 231.3703 1.5363 0.5637 0.4784 -4.5826 2.0536 25.5835 -4.6455 0.0003
