Car -1 -1 -4.4028 368.3781 183.0948 447.5112 227.8106 1.4723 1.6415 4.1206 -7.4418 1.8822 26.8075 -4.6716 0.9993
Car -1 -1 -7.8346 592.6899 177.9817 638.5506 225.8557 1.6698 1.6323 4.5322 0.2122 1.8844 27.9438 -7.8278 0.9993
Car -1 -1 -4.2862 175.7097 184.2040 346.2590 262.8253 1.4919 1.7075 4.7179 -7.8698 1.7921 16.7402 -4.7200 0.9993
Car -1 -1 -4.4836 428.2638 182.2474 480.1346 215.9359 1.4943 1.5529 4.2594 -7.5961 1.9820 35.3427 -4.6943 0.9732
Car -1 -1 -4.4797 426.1071 183.0010 479.8957 216.4531 1.4781 1.6167 4.3325 -7.6604 2.0061 35.3878 -4.6918 0.9004
Car -1 -1 -4.4091 369.7805 182.7464 447.5121 227.7896 1.4865 1.6264 4.0675 -7.4108 1.8816 26.7786 -4.6771 0.8319
Car -1 -1 -7.3556 186.6457 184.5560 349.3263 260.7968 1.5016 1.6253 4.1851 -7.8875 1.8120 17.0137 -7.7842 0.7911
Car -1 -1 -4.4327 427.7425 182.9089 482.8172 216.6458 1.4839 1.6039 3.8311 -7.4487 1.9970 34.8766 -4.6421 0.5640
Car -1 -1 -4.4650 429.9961 182.3379 482.8702 216.3178 1.5021 1.5514 4.1285 -7.4488 1.9914 35.1568 -4.6727 0.5413
Car -1 -1 -4.4636 421.7517 183.2467 477.1519 217.2228 1.4809 1.6762 3.9335 -7.6791 2.0086 34.6618 -4.6805 0.4671
Pedestrian -1 -1 -4.1698 1101.6812 161.4910 1125.7732 211.9778 1.7894 0.5487 0.4656 18.0458 1.3863 25.9189 -3.5673 0.3473
Pedestrian -1 -1 -6.9980 1103.0968 158.5922 1131.2938 212.4472 1.8881 0.5911 0.5706 17.9587 1.3878 25.6216 -6.3924 0.1630
Car -1 -1 -4.5333 474.8983 181.9491 519.3516 212.2595 1.4650 1.6417 3.9241 -5.9310 1.9693 38.0464 -4.6874 0.1198
Car -1 -1 -4.5348 468.0212 179.2435 504.5589 204.4561 1.4894 1.6239 3.8050 -7.7879 1.9090 45.5022 -4.7038 0.1108
Car -1 -1 -4.4053 469.2789 178.9890 512.5476 204.3292 1.4940 1.6152 3.8123 -7.4929 1.8977 45.5124 -4.5679 0.1096
Pedestrian -1 -1 -4.4982 1105.2939 161.6628 1127.5566 211.7202 1.7741 0.5692 0.4767 18.1620 1.3772 25.9435 -3.8931 0.1051
Car -1 -1 -4.2622 466.3085 180.4139 515.7663 205.3673 1.4537 1.6039 3.7150 -7.4437 1.9487 45.2612 -4.4247 0.1045
Pedestrian -1 -1 -7.5114 775.4987 173.1114 788.6965 202.3611 1.8727 0.6625 0.6159 11.0920 1.8892 46.6425 -7.2798 0.0994
Car -1 -1 -4.1103 468.6202 179.6628 526.1374 205.1189 1.4886 1.6150 3.9735 -7.0756 1.9377 45.4792 -4.2642 0.0941
Pedestrian -1 -1 -4.5864 1100.3120 161.4585 1120.5072 211.6563 1.7911 0.5502 0.4536 18.0529 1.3842 26.0973 -3.9868 0.0743
Car -1 -1 -4.5176 746.3201 174.4737 774.6807 194.1156 1.5332 1.5410 3.9039 12.2610 1.6696 58.7671 -4.3132 0.0730
Pedestrian -1 -1 -4.8093 1104.8623 161.5219 1124.4148 211.5073 1.7849 0.5320 0.4849 18.2075 1.3800 26.1060 -4.2059 0.0668
Car -1 -1 -4.5919 472.8175 181.3088 514.7955 213.1025 1.5445 1.7007 4.2727 -6.1548 2.0192 38.3709 -4.7504 0.0606
Car -1 -1 -4.6611 744.7671 174.6179 766.5099 194.3202 1.5399 1.5483 3.8767 11.8746 1.6885 58.8345 -4.4633 0.0567
Car -1 -1 -3.5825 463.5084 181.0337 529.7532 205.6982 1.4369 1.6278 3.7353 -7.0723 1.9651 44.9001 -3.7382 0.0550
Car -1 -1 -4.7340 468.8527 179.1449 496.3848 204.4694 1.4870 1.6191 3.8272 -8.0846 1.9004 45.4136 -4.9095 0.0498
Car -1 -1 -4.8717 738.5261 174.6676 765.6359 194.3783 1.5451 1.5548 3.9461 11.5392 1.6979 58.9239 -4.6796 0.0488
Car -1 -1 -4.4808 470.1875 182.9464 516.2411 213.0953 1.4477 1.5870 3.6331 -6.0962 2.0019 37.7685 -4.6402 0.0486
Car -1 -1 -4.4580 748.3933 174.2095 779.7724 193.8639 1.5333 1.5694 3.9053 12.5344 1.6472 58.6772 -4.2489 0.0484
Car -1 -1 -4.5966 474.5762 181.3507 514.8358 211.9256 1.5076 1.6602 4.2919 -6.2041 1.9918 38.9670 -4.7539 0.0451
Car -1 -1 -8.1159 454.5590 179.5159 496.5578 205.0214 1.4830 1.6168 3.9358 -8.4954 1.9195 45.1862 -8.3010 0.0448
Car -1 -1 -3.6300 464.5189 179.8443 531.4530 204.8220 1.4664 1.6461 3.8147 -7.0244 1.9211 45.1695 -3.7838 0.0372
Car -1 -1 -4.5451 745.2780 174.7794 772.3503 194.1098 1.4990 1.5777 3.5547 12.0192 1.6594 58.2801 -4.3430 0.0348
Car -1 -1 -7.7593 470.4947 181.8320 509.4957 211.8650 1.4673 1.6616 4.3848 -6.4373 1.9782 38.8385 -7.9229 0.0305
Car -1 -1 -4.8410 462.7431 180.0294 494.9786 204.7885 1.4462 1.5376 3.5666 -8.2819 1.9145 45.1974 -5.0216 0.0287
Car -1 -1 -4.5214 444.7155 185.0618 490.3039 214.6368 1.4180 1.6239 4.1063 -7.5465 2.1012 38.3462 -4.7149 0.0277
Car -1 -1 -4.5185 749.0604 174.3421 777.4603 193.5878 1.4954 1.5845 3.6202 12.3931 1.6195 58.3449 -4.3105 0.0268
Car -1 -1 -2.8951 432.1479 181.4651 501.1965 206.1882 1.4670 1.6313 3.8838 -8.8132 2.0070 44.3631 -3.0905 0.0258
Car -1 -1 -4.6084 470.3473 183.1204 510.2055 213.6445 1.4726 1.6780 3.9619 -6.3213 2.0446 38.1997 -4.7718 0.0258
Car -1 -1 -2.7401 433.2914 180.4877 502.8159 205.0953 1.4582 1.6333 3.8986 -8.8100 1.9435 44.7030 -2.9339 0.0249
Car -1 -1 -2.8695 440.8998 182.9967 505.0290 206.5899 1.3967 1.5662 3.5929 -8.4489 2.0343 44.4486 -3.0567 0.0247
Car -1 -1 -4.9985 732.1367 175.2441 764.2617 194.9810 1.5401 1.5405 3.8329 11.1885 1.7410 58.7650 -4.8117 0.0241
Cyclist -1 -1 -4.8792 1102.3937 164.1203 1130.1763 213.0781 1.7059 0.5517 1.5858 18.1645 1.4013 25.9763 -4.2746 0.0218
Car -1 -1 -8.0123 740.5768 170.0403 766.7149 188.8378 1.6130 1.6433 4.0577 12.6751 1.3712 63.9708 -7.8179 0.0189
Car -1 -1 -4.6757 204.6459 182.1516 258.0074 222.7551 1.3788 1.6495 4.3313 -14.5867 1.7674 27.8708 -5.1542 0.0188
Cyclist -1 -1 -4.5012 1097.7319 161.3316 1127.8455 212.0171 1.7727 0.5780 1.5976 18.0743 1.3694 25.9942 -3.8993 0.0187
Car -1 -1 -3.0369 456.0830 182.4106 522.2015 208.4828 1.5465 1.5973 3.8659 -7.4276 2.1462 44.3847 -3.2022 0.0177
Car -1 -1 -3.9132 492.8641 179.8659 542.1323 202.6873 1.5622 1.5300 3.4587 -6.7111 2.0884 52.3461 -4.0405 0.0171
Car -1 -1 -4.6152 749.0142 169.3864 772.5928 189.5421 1.7203 1.6614 4.0459 13.3306 1.4240 63.7613 -4.4104 0.0171
Cyclist -1 -1 -4.9917 1095.1564 164.2531 1128.2385 213.6614 1.7234 0.5430 1.6195 18.0278 1.4231 26.0221 -4.3915 0.0151
Car -1 -1 -7.9364 746.6179 170.3421 769.2747 188.8534 1.5843 1.6234 4.0874 13.0408 1.3690 63.8760 -7.7362 0.0149
Cyclist -1 -1 -4.8427 1012.5746 156.9033 1039.7892 209.7885 1.7204 0.5922 1.4982 13.9411 1.2012 24.2782 -4.3270 0.0148
Car -1 -1 -3.0951 433.7810 181.4154 497.9726 206.4622 1.4680 1.5899 3.7762 -8.7936 2.0034 44.0856 -3.2913 0.0147
Car -1 -1 -4.4165 431.8471 181.1960 495.8791 219.1415 1.4653 1.5997 3.9146 -6.1943 1.8442 30.7793 -4.6140 0.0144
Car -1 -1 -4.6194 194.6414 182.4864 256.1834 223.8760 1.3789 1.6490 4.3613 -14.5785 1.7762 27.4525 -5.1038 0.0139
Car -1 -1 -7.4858 371.6991 182.6009 455.7198 234.3493 1.4950 1.4744 3.4263 -6.2917 1.8335 23.2988 -7.7473 0.0138
Car -1 -1 -4.9895 735.0835 169.9934 766.1934 189.1762 1.6427 1.6560 4.0215 12.3831 1.3974 63.8631 -4.7991 0.0136
Car -1 -1 -2.4409 433.3056 179.8273 505.3469 205.9228 1.5247 1.7278 4.3005 -8.8070 1.9759 44.9201 -2.6338 0.0118
Car -1 -1 -8.1423 688.2542 177.6659 726.9741 202.5558 1.6445 1.7162 3.5885 6.7316 1.9925 50.3157 -8.0105 0.0112
Car -1 -1 -2.8287 448.9293 179.1994 512.4918 203.6776 1.4630 1.6493 3.5435 -8.0243 1.8653 44.7292 -3.0056 0.0111
Car -1 -1 -4.1435 188.4568 181.2717 285.4287 218.3474 1.4192 1.6489 4.2212 -15.8268 1.8035 30.7897 -4.6151 0.0111
Car -1 -1 -3.7934 489.7729 180.8061 541.2589 203.4614 1.5446 1.4726 3.5224 -6.8393 2.1389 52.1936 -3.9235 0.0109
Car -1 -1 -5.1538 681.5987 175.9066 724.9896 201.7352 1.7070 1.5484 3.7037 6.4083 1.9274 50.1591 -5.0280 0.0107
Car -1 -1 -4.6679 525.6157 178.6968 552.0032 203.1840 1.4805 1.5254 3.8509 -4.5883 1.8729 46.5258 -4.7661 0.0105
Car -1 -1 -3.0767 437.3666 182.3478 503.0968 207.1979 1.4519 1.6657 3.8386 -8.5175 2.0451 44.0394 -3.2671 0.0103
Car -1 -1 -4.2147 494.2376 179.1308 542.1011 203.2253 1.6171 1.7045 3.9932 -6.5624 2.0857 51.7267 -4.3407 0.0101
Cyclist -1 -1 -4.7630 1019.1607 161.6554 1039.2936 209.7996 1.5938 0.5109 1.4487 14.2630 1.2228 24.6476 -4.2439 0.0100
Car -1 -1 -3.8442 489.7050 179.8941 542.3140 203.5196 1.6165 1.5922 3.6129 -6.8211 2.1453 52.3558 -3.9735 0.0093
Car -1 -1 -2.5040 454.0748 180.2439 513.6667 203.9520 1.4061 1.5295 3.4385 -7.9315 1.8832 45.1548 -2.6773 0.0088
Cyclist -1 -1 -5.0950 1004.2441 154.5138 1040.4698 208.8217 1.7837 0.5333 1.5067 13.9234 1.1810 24.4800 -4.5833 0.0087
Car -1 -1 -4.1030 495.7096 180.4711 541.0624 203.7554 1.5789 1.5584 3.4387 -6.6022 2.1480 52.0457 -4.2289 0.0085
Cyclist -1 -1 -4.7461 1017.8973 159.7193 1039.5446 209.9824 1.6139 0.5587 1.5341 13.8546 1.1919 23.9769 -4.2277 0.0084
Car -1 -1 -3.3742 431.1722 181.0142 500.9104 206.7282 1.4684 1.5979 3.8795 -8.7527 1.9798 43.7117 -3.5710 0.0072
Car -1 -1 -3.5374 424.8456 180.3974 499.9279 207.5934 1.5277 1.6405 4.1081 -8.8857 2.0000 43.3803 -3.7386 0.0066
Car -1 -1 -4.3534 185.6598 181.1126 276.9951 222.0004 1.3758 1.6761 4.2050 -14.2602 1.7136 27.3490 -4.8304 0.0065
Car -1 -1 -3.7389 427.0722 180.0250 500.2544 206.3127 1.4653 1.7219 4.0445 -8.7917 1.9165 43.3841 -3.9381 0.0063
Cyclist -1 -1 -4.1930 994.2641 159.7579 1044.7622 211.8011 1.6653 0.6994 1.7153 13.4821 1.2459 23.8297 -3.6837 0.0059
Pedestrian -1 -1 -8.1619 1012.7405 157.9734 1042.4419 208.1585 1.6559 0.6514 0.7891 13.9848 1.1646 24.2617 -7.6445 0.0056
Car -1 -1 -4.1032 493.3593 179.5266 541.7936 203.8976 1.6482 1.6584 3.6640 -6.6374 2.1464 51.9039 -4.2302 0.0053
Car -1 -1 -3.9830 431.9037 180.3969 500.5262 208.0902 1.5095 1.6439 4.1393 -8.4860 1.9789 42.7282 -4.1783 0.0053
Car -1 -1 -4.1953 438.8011 181.0447 502.1123 209.2769 1.5206 1.7174 4.3960 -8.1935 2.0306 42.5885 -4.3846 0.0051
Cyclist -1 -1 -4.8681 1018.7200 161.6036 1043.8822 210.8262 1.6151 0.5349 1.2631 14.1652 1.2457 24.3614 -4.3470 0.0044
Car -1 -1 -3.8492 224.0475 182.5452 339.8682 221.7965 1.3427 1.6130 3.9742 -12.6045 1.7456 27.8808 -4.2706 0.0041
Car -1 -1 -4.0894 224.4022 181.0222 329.5126 222.1099 1.4014 1.6727 3.8880 -12.6128 1.7359 27.5024 -4.5161 0.0041
Pedestrian -1 -1 -7.9012 1019.7073 160.2317 1042.5468 208.6247 1.5701 0.6136 0.7246 13.8787 1.1603 23.8732 -7.3802 0.0038
Cyclist -1 -1 -2.9649 468.2832 178.5277 497.5667 205.9233 1.6489 0.7603 1.6500 -7.7714 1.9974 43.9695 -3.1392 0.0038
Car -1 -1 -3.8371 285.3638 179.7843 342.1207 198.1769 1.3822 1.6019 4.1695 -23.8286 1.9613 58.1101 -4.2249 0.0034
Pedestrian -1 -1 -8.0917 1019.2003 161.9588 1045.7407 210.5301 1.6083 0.6375 0.6265 14.1633 1.2473 24.2825 -7.5693 0.0031
Car -1 -1 -4.5085 222.1624 183.0316 304.1952 232.3502 1.4244 1.6446 4.0240 -11.4012 1.7911 23.8746 -4.9501 0.0030
Car -1 -1 -8.0074 693.6106 177.6175 728.3431 202.3948 1.6352 1.7944 4.0450 6.9793 1.9814 50.4405 -7.8712 0.0027
Car -1 -1 -4.3106 221.2833 180.3853 309.8687 219.5208 1.3406 1.6464 3.8603 -13.0190 1.6471 27.4306 -4.7503 0.0021
Cyclist -1 -1 -4.0811 1010.5076 155.3220 1053.0490 209.9568 1.8041 0.5818 1.3135 14.1913 1.2249 24.3580 -3.5591 0.0020
Car -1 -1 -4.0392 486.4040 179.8837 534.9210 202.9037 1.5765 1.5786 3.6395 -7.2305 2.1077 52.5834 -4.1756 0.0018
Cyclist -1 -1 -4.3333 1007.2764 161.0366 1048.0277 210.3582 1.5857 0.6552 1.5393 13.8128 1.2055 23.9342 -3.8155 0.0014
Pedestrian -1 -1 -6.3431 1115.0425 149.8335 1126.6886 207.9002 1.9594 0.5302 0.2895 17.4029 1.1823 24.6496 -5.7342 0.0009
Pedestrian -1 -1 -6.9075 981.6375 156.8432 1003.5960 223.0509 1.9516 0.5103 0.3439 11.3727 1.4793 21.5456 -6.4279 0.0007
Pedestrian -1 -1 -3.3672 1106.8722 150.7636 1121.3723 204.8958 1.8267 0.4943 0.2996 17.1611 1.0810 24.6338 -2.7645 0.0005
Cyclist -1 -1 -7.6121 258.7255 174.5358 270.1255 199.6080 1.9000 0.3871 1.7392 -26.6925 2.0315 55.6882 -8.0574 0.0004
Cyclist -1 -1 -7.7192 259.3842 174.9025 267.7223 199.6385 1.8680 0.3672 1.5808 -26.6395 2.0274 55.4323 -8.1655 0.0003
Pedestrian -1 -1 -6.0644 256.6008 171.4248 267.2450 198.6803 2.0703 0.8289 0.5677 -26.6897 1.9614 55.2741 -6.5126 0.0003
