Car -1 -1 -4.2508 119.3982 186.7510 317.8826 283.6415 1.4691 1.6598 3.8373 -7.0701 1.7645 13.4252 -4.7278 0.9998
Car -1 -1 -7.9330 576.8071 174.7557 598.0120 191.9857 1.4985 1.6016 3.9857 -2.0939 1.6757 65.2795 -7.9653 0.4511
Car -1 -1 -7.8887 581.3951 175.2128 600.6749 191.8118 1.4429 1.6033 3.9073 -1.7638 1.6626 65.2903 -7.9159 0.2668
Car -1 -1 -4.3503 246.1896 184.1713 320.5742 220.2710 1.4028 1.6208 4.0038 -14.1364 1.9266 31.3670 -4.7709 0.2181
Car -1 -1 -4.3900 247.4123 184.6992 318.5336 220.7941 1.3773 1.6135 3.8773 -13.9313 1.9166 30.8603 -4.8111 0.2116
Car -1 -1 -4.2996 231.0409 181.9650 315.2379 220.1869 1.4491 1.6061 4.3587 -14.1995 1.8629 30.5956 -4.7311 0.1964
Car -1 -1 -7.4080 648.7023 176.9200 718.7981 212.0864 1.5159 1.6594 4.1105 3.4771 1.7184 33.7956 -7.3069 0.1605
Car -1 -1 -7.8277 583.4834 175.0477 602.0307 191.5477 1.4370 1.5809 3.7674 -1.5569 1.6408 65.2280 -7.8518 0.1410
Car -1 -1 -4.6974 622.2930 177.2015 653.8732 207.7788 1.5008 1.5776 4.2461 1.4747 1.7436 38.1903 -4.6597 0.1363
Car -1 -1 -4.4884 254.6536 184.7151 316.9883 221.9844 1.4172 1.5990 3.8498 -13.7848 1.9565 30.7812 -4.9066 0.1248
Car -1 -1 -4.1200 223.3916 181.9306 319.4114 220.0317 1.4566 1.6553 4.1694 -14.3764 1.8715 30.8163 -4.5535 0.1161
Car -1 -1 -4.8305 625.5728 176.1790 665.0573 207.0914 1.5246 1.5819 4.2706 1.7763 1.7106 38.2444 -4.7850 0.0794
Car -1 -1 -4.6072 259.2874 183.2586 313.6065 221.8382 1.4357 1.6251 4.3901 -13.6107 1.9083 30.4516 -5.0246 0.0767
Car -1 -1 -4.3963 264.3620 183.6010 331.0123 218.2369 1.4036 1.5722 4.0538 -14.0672 1.9204 32.6248 -4.8007 0.0697
Car -1 -1 -4.4118 261.8203 183.4686 329.9618 218.1424 1.4061 1.6695 4.1437 -14.1863 1.9188 32.7233 -4.8182 0.0661
Car -1 -1 -6.8773 641.9454 177.6375 735.2896 212.0871 1.4970 1.6448 4.0923 3.6243 1.7300 33.5075 -6.7711 0.0653
Car -1 -1 -4.3617 261.0120 184.8692 328.3427 219.4358 1.3789 1.5224 3.7899 -13.9644 1.9447 32.0631 -4.7697 0.0567
Car -1 -1 -3.5569 834.6048 193.9811 931.7224 228.8563 1.4243 1.6217 3.6170 11.8338 2.3731 31.4960 -3.2013 0.0479
Car -1 -1 -7.0673 648.7585 177.5488 736.1310 212.0751 1.4742 1.6505 4.0028 3.7897 1.7023 33.2146 -6.9553 0.0417
Car -1 -1 -6.8605 634.5167 178.8836 710.9318 206.4957 1.4940 1.6542 4.1498 3.5839 1.8548 41.4968 -6.7755 0.0336
Car -1 -1 -6.2775 638.3741 180.3008 711.5242 206.6870 1.4178 1.6084 3.9894 3.5840 1.8437 40.3124 -6.1901 0.0288
Pedestrian -1 -1 -3.1065 16.5195 198.0246 41.1575 245.2142 1.7780 0.6632 0.7248 -22.7368 2.7777 28.1831 -3.7809 0.0287
Car -1 -1 -6.5702 638.0547 179.9766 713.4299 206.7039 1.4449 1.5805 3.9569 3.6595 1.8588 40.7935 -6.4819 0.0275
Car -1 -1 -2.7750 204.1793 182.2772 316.9022 217.3557 1.4623 1.6769 4.1190 -15.2782 1.8880 31.6183 -3.2222 0.0259
Car -1 -1 -6.2955 896.5894 190.4355 998.6508 228.7288 1.4919 1.6501 3.8837 14.4201 2.2862 31.0684 -5.8653 0.0256
Car -1 -1 -6.5145 835.7818 192.1108 933.2690 228.4409 1.4925 1.6842 3.7276 12.0003 2.3705 31.8425 -6.1580 0.0239
Car -1 -1 -4.3430 643.3116 177.1315 678.7520 198.3849 1.5985 1.5562 3.7400 4.0451 1.9488 57.1064 -4.2731 0.0235
Car -1 -1 -2.6721 204.7693 182.0317 317.0267 217.6650 1.5074 1.7206 4.1385 -15.4119 1.9243 31.8964 -3.1192 0.0216
Car -1 -1 -6.7560 638.8778 179.6387 710.7353 206.4719 1.4492 1.5618 3.7840 3.6563 1.8491 41.1276 -6.6685 0.0213
Car -1 -1 -3.7523 875.2718 190.2577 973.5782 225.2775 1.4373 1.6247 3.7409 13.8568 2.2363 31.9607 -3.3472 0.0213
Car -1 -1 -4.8069 901.1411 188.4722 949.6572 224.4935 1.4360 1.6561 3.2749 13.9495 2.1708 32.1488 -4.4016 0.0208
Car -1 -1 -4.9680 887.9517 188.9312 949.7478 226.1778 1.4842 1.6987 3.4145 13.6309 2.2401 32.1250 -4.5707 0.0199
Pedestrian -1 -1 -4.1921 7.9623 200.5282 42.1713 246.0431 1.7017 0.7170 0.8210 -22.7323 2.7930 27.9991 -4.8696 0.0195
Car -1 -1 -2.5223 210.4018 182.2354 318.5348 217.7884 1.4953 1.7243 4.1185 -15.4219 1.9292 32.1918 -2.9661 0.0193
Car -1 -1 -5.5415 832.0943 193.2716 918.8301 231.1516 1.4796 1.5691 3.4657 11.7082 2.4423 32.1301 -5.1958 0.0190
Car -1 -1 -6.2656 895.2403 192.7307 987.3809 229.0905 1.4102 1.5412 3.5180 14.1596 2.3042 31.0164 -5.8417 0.0189
Car -1 -1 -6.9488 649.0347 177.2648 740.0883 212.2386 1.4921 1.6440 3.9652 3.8421 1.7039 32.9603 -6.8343 0.0181
Car -1 -1 -5.2444 884.0339 189.2960 967.3072 227.1378 1.4474 1.5975 3.7626 13.5377 2.2046 31.2747 -4.8401 0.0178
Car -1 -1 -3.8583 882.5410 190.3421 982.4059 226.4975 1.4639 1.6860 3.8930 14.2156 2.2713 31.9380 -3.4437 0.0168
Car -1 -1 -6.1593 897.1230 190.1255 1002.0455 228.8364 1.4745 1.6156 3.8788 14.3906 2.2505 30.7215 -5.7256 0.0155
Car -1 -1 -4.7366 646.0580 178.3770 677.8298 205.7909 1.4762 1.7223 4.3882 2.9367 1.8143 41.9826 -4.6678 0.0139
Car -1 -1 -5.5056 834.2950 192.8761 921.1645 229.7701 1.4459 1.5664 3.5642 11.8790 2.3968 32.3347 -5.1572 0.0138
Car -1 -1 -5.4381 844.0804 191.5072 919.4252 228.2249 1.4640 1.5123 3.0160 12.0092 2.3384 32.1556 -5.0844 0.0138
Car -1 -1 -4.2637 880.7665 189.9556 955.4603 225.0459 1.4012 1.6450 3.7375 13.8559 2.2145 32.4717 -3.8644 0.0134
Car -1 -1 -5.6142 822.7615 191.8911 919.3439 230.2352 1.4999 1.7114 3.8289 11.5882 2.4082 32.3620 -5.2741 0.0134
Car -1 -1 -6.5873 891.3671 190.1258 1000.9485 226.0181 1.4552 1.6874 3.9942 14.4958 2.2321 31.3832 -6.1588 0.0130
Car -1 -1 -6.3764 891.2052 189.6205 988.5117 225.9035 1.4404 1.6850 3.6889 14.1820 2.2002 31.3214 -5.9554 0.0130
Car -1 -1 -5.3614 840.7020 192.5704 921.5186 229.8242 1.4716 1.5136 3.6205 12.0924 2.4133 32.5206 -5.0091 0.0127
Car -1 -1 -4.2427 638.2372 176.3965 678.8111 197.7766 1.6151 1.6041 3.9520 3.8636 1.9066 57.3151 -4.1762 0.0127
Pedestrian -1 -1 -5.9280 307.9553 177.0029 335.5460 233.1865 1.8323 0.5485 0.6999 -9.5723 1.9708 23.8554 -6.3062 0.0124
Car -1 -1 -3.7791 838.3470 194.6936 927.6600 230.1988 1.4046 1.5849 3.3367 11.7723 2.3881 31.2763 -3.4230 0.0114
Car -1 -1 -6.7055 646.0989 177.8157 743.0035 212.3935 1.4897 1.6102 4.0841 3.8000 1.7250 32.8715 -6.5921 0.0110
Car -1 -1 -4.7495 909.4332 187.5485 955.1818 222.6691 1.3825 1.6974 3.6699 14.2373 2.0773 32.1111 -4.3362 0.0104
Car -1 -1 -6.8858 819.2656 191.5959 925.6887 229.0910 1.4864 1.6640 4.1221 11.3111 2.3329 31.2680 -6.5425 0.0103
Car -1 -1 -4.2511 884.4601 189.8784 961.7153 225.9606 1.4331 1.6649 3.8023 13.9981 2.2386 32.2840 -3.8460 0.0101
Car -1 -1 -5.1289 849.0984 189.5076 918.4316 228.0717 1.5112 1.5720 3.3984 11.8390 2.2787 31.5247 -4.7735 0.0093
Car -1 -1 -5.3306 890.4292 188.1486 979.6615 223.2446 1.3406 1.7574 3.5621 13.8961 2.0415 31.1576 -4.9153 0.0091
Car -1 -1 -6.5578 825.1873 190.7429 924.3272 226.6511 1.4852 1.6751 3.7813 11.5505 2.2967 31.7762 -6.2129 0.0090
Car -1 -1 -4.5070 895.8773 187.5878 958.4827 227.1776 1.5621 1.7825 4.0903 14.1974 2.2655 32.2796 -4.0967 0.0086
Car -1 -1 -4.6571 894.2594 187.8467 940.4092 227.8260 1.5949 1.7166 3.9245 13.8573 2.3149 32.5285 -4.2584 0.0081
Car -1 -1 -5.1609 855.9890 192.1087 926.4340 229.3873 1.4923 1.5452 3.5925 12.6002 2.4129 32.6542 -4.7964 0.0079
Car -1 -1 -4.9407 870.6668 189.1865 929.4235 228.0101 1.5694 1.6552 3.7039 13.0488 2.3549 32.7638 -4.5655 0.0077
Car -1 -1 -4.5866 1068.9269 183.1720 1099.3818 201.7772 1.5132 1.7475 4.0092 41.4616 2.4451 63.0987 -4.0079 0.0076
Car -1 -1 -5.3759 898.2881 186.6774 992.0833 221.9586 1.3477 1.7044 3.7597 14.3342 1.9835 31.1771 -4.9492 0.0071
Car -1 -1 -5.1251 884.7208 191.7599 963.7474 231.3569 1.4646 1.6433 3.7983 13.1001 2.3113 30.4179 -4.7227 0.0071
Car -1 -1 -4.8416 885.1692 188.4907 937.5255 228.0086 1.5895 1.6875 3.7954 13.5389 2.3423 32.6963 -4.4529 0.0070
Car -1 -1 -6.7114 815.8815 191.5117 926.3367 229.2963 1.5408 1.7792 4.1796 11.3192 2.3838 31.5464 -6.3706 0.0067
Car -1 -1 -4.2262 430.6129 172.5458 461.6688 187.8706 1.4778 1.5760 3.4358 -16.2120 1.4478 71.4438 -4.4488 0.0065
Car -1 -1 -4.4094 425.7480 173.1928 451.3073 187.9228 1.4201 1.4939 3.4710 -16.9634 1.4542 71.4275 -4.6420 0.0062
Car -1 -1 -4.5772 1066.4921 183.0230 1096.6647 201.2810 1.4986 1.7146 3.9923 41.5643 2.4238 63.6006 -4.0009 0.0061
Cyclist -1 -1 -3.6487 874.0530 192.5126 920.1033 232.0976 1.6584 0.6390 1.7559 12.3213 2.5170 31.0928 -3.2755 0.0056
Car -1 -1 -4.1243 194.4521 185.9892 300.5964 224.4587 1.2756 1.5518 4.1823 -13.7573 1.8171 27.5838 -4.5834 0.0055
Car -1 -1 -4.6225 1065.2959 180.9125 1092.7781 199.0750 1.5093 1.7008 3.9885 41.5439 2.2462 63.9136 -4.0487 0.0050
Car -1 -1 -4.4840 1091.2560 182.9085 1130.0173 201.8341 1.4578 1.7773 4.0487 41.4472 2.3182 59.7450 -3.8803 0.0046
Cyclist -1 -1 -3.6624 869.9500 189.9846 916.1935 229.8462 1.6713 0.6396 1.7733 12.1479 2.4198 31.0895 -3.2939 0.0045
Car -1 -1 -4.5978 1072.8148 183.8792 1103.2793 203.3438 1.5674 1.7674 4.0097 41.4663 2.5557 62.5921 -4.0154 0.0044
Car -1 -1 -4.1548 425.7023 173.9548 457.7301 188.6658 1.4086 1.4227 3.5418 -16.6111 1.5200 71.2799 -4.3832 0.0042
Car -1 -1 -4.0518 410.5062 175.9943 461.3037 196.9607 1.5353 1.6608 4.0732 -13.4124 1.7869 55.6917 -4.2874 0.0041
Car -1 -1 -4.6932 1062.3070 179.1136 1085.7860 197.2010 1.5330 1.7069 3.9121 41.6115 2.1122 64.7070 -4.1241 0.0039
Car -1 -1 -4.7320 644.9722 179.0196 673.5336 205.4211 1.4172 1.5571 4.2838 2.7821 1.7937 41.9227 -4.6667 0.0039
Car -1 -1 -4.6499 1055.3390 177.3939 1081.0601 195.1895 1.5348 1.7321 4.0304 41.5691 1.9599 65.4632 -4.0865 0.0038
Car -1 -1 -4.7605 1105.5219 180.5643 1134.8236 200.4713 1.5194 1.7473 3.9797 41.5642 2.1712 58.8830 -4.1486 0.0037
Car -1 -1 -5.4021 895.6894 187.7922 989.0667 225.3691 1.4078 1.7677 3.4589 13.8878 2.0772 30.4445 -4.9785 0.0035
Car -1 -1 -4.2850 419.6697 176.6926 462.0166 197.1118 1.4906 1.6178 4.1190 -13.0252 1.7981 55.6715 -4.5141 0.0035
Car -1 -1 -4.6284 1052.2594 177.6186 1078.6863 194.8176 1.4918 1.7199 4.0178 41.5877 1.9406 65.8844 -4.0677 0.0034
Car -1 -1 -4.3307 417.0021 177.9010 457.0651 198.6249 1.5073 1.5587 4.1908 -13.3336 1.9121 55.7312 -4.5648 0.0034
Car -1 -1 -4.6163 1044.3395 174.7025 1069.9264 190.7775 1.4386 1.6643 3.9183 41.5864 1.6155 67.1118 -4.0638 0.0030
Car -1 -1 -4.6199 1047.2455 175.8426 1073.0696 192.0820 1.4378 1.6802 3.9270 41.6222 1.7224 66.7184 -4.0644 0.0030
Car -1 -1 -4.6224 1049.8387 175.9091 1075.5900 192.1828 1.4303 1.6681 3.9106 41.5666 1.7193 66.2536 -4.0644 0.0030
Car -1 -1 -7.5884 1083.1609 181.9482 1123.6278 201.7236 1.5564 1.7889 4.1699 41.4987 2.3468 60.6965 -6.9914 0.0029
Car -1 -1 -4.5012 1074.5616 184.3848 1107.6438 203.4521 1.5327 1.6716 3.5399 41.3675 2.5535 62.0556 -3.9159 0.0021
Car -1 -1 -4.9303 681.6617 176.6721 708.7132 194.0885 1.6404 1.7729 4.1982 8.3373 2.0278 71.0926 -4.8144 0.0021
Car -1 -1 -4.2713 685.1078 177.1011 718.9955 193.8325 1.5701 1.7822 3.9773 9.0623 2.0002 70.9609 -4.1452 0.0016
Car -1 -1 -7.2848 1074.7217 183.6501 1125.3691 202.2045 1.4885 1.7544 3.8741 41.5997 2.4288 61.2893 -6.6912 0.0016
Pedestrian -1 -1 -2.9181 302.3147 176.3066 335.8052 234.1922 1.8598 0.5961 0.9056 -9.5520 1.9742 23.5919 -3.2994 0.0016
Car -1 -1 -5.2568 673.4313 175.6542 711.9481 193.1607 1.6467 1.8313 4.2237 8.0662 1.9305 70.9063 -5.1444 0.0014
Car -1 -1 -7.1894 1071.9485 183.7812 1123.4424 203.0255 1.5673 1.6773 3.7851 41.6828 2.5226 61.7165 -6.5980 0.0014
Car -1 -1 -4.8199 1063.9086 182.8130 1093.6681 203.0787 1.6350 1.7276 4.0057 40.5566 2.5278 62.5289 -4.2471 0.0010
Car -1 -1 -4.9715 1062.3375 182.5030 1102.6316 204.6790 1.7726 1.8642 4.2038 40.4811 2.6314 61.9540 -4.3954 0.0009
Car -1 -1 -7.5476 650.3409 171.7850 691.0809 196.3177 1.5719 1.5974 3.9889 4.0816 1.5031 48.3793 -7.4643 0.0009
