Car -1 -1 -4.3313 211.9599 191.2572 310.9460 245.3580 1.4242 1.5768 3.2722 -10.4744 2.0234 21.8210 -4.7745 0.9916
Car -1 -1 -4.0801 0.0000 199.1665 58.5956 339.9835 1.4105 1.6175 3.8231 -9.7616 1.8469 9.9743 -4.8414 0.7841
Car -1 -1 -4.0304 0.0000 201.0233 66.6580 331.6000 1.3748 1.5792 3.6018 -9.8281 1.8469 10.2474 -4.7820 0.6554
Car -1 -1 -4.1658 0.0000 197.4472 51.1109 348.7688 1.4309 1.6283 4.1027 -9.6119 1.8359 9.7108 -4.9323 0.5866
Car -1 -1 -8.0917 444.4087 182.3229 485.8520 208.0217 1.4573 1.6267 3.9340 -9.0327 2.0703 44.6083 -8.2907 0.5669
Car -1 -1 -7.9431 453.7645 182.3802 485.7326 208.2084 1.4691 1.5954 3.9333 -8.7623 2.0870 44.7093 -8.1360 0.5070
Car -1 -1 -4.1243 0.0000 200.4794 92.7996 320.9545 1.3728 1.5599 3.6367 -9.8411 1.8665 10.9989 -4.8422 0.5021
Car -1 -1 -4.1734 0.0000 201.2556 68.1128 330.0087 1.3726 1.5401 3.4404 -9.6186 1.8516 10.3406 -4.9099 0.4603
Car -1 -1 -3.9384 0.0000 196.1459 62.0114 335.3457 1.4494 1.6253 3.8035 -9.9595 1.8353 10.0582 -4.7056 0.4507
Pedestrian -1 -1 -2.8590 35.1530 191.0164 70.1556 270.6770 1.7488 0.5727 0.4854 -12.6782 2.1692 16.3567 -3.5107 0.4008
Car -1 -1 -3.9717 0.0000 191.6553 54.5765 351.0144 1.4837 1.6497 4.4333 -9.8236 1.7897 9.5026 -4.7596 0.3804
Car -1 -1 -3.9961 0.0000 198.6534 69.2566 326.2218 1.4194 1.6199 3.5260 -10.0461 1.8599 10.5399 -4.7449 0.3793
Car -1 -1 -4.2723 0.0000 198.4158 53.4654 338.4261 1.3886 1.5621 3.7709 -9.4578 1.8122 9.9322 -5.0199 0.3546
Car -1 -1 -7.3349 950.0038 177.7996 1173.3553 278.8775 1.4783 1.6327 3.7262 7.6912 1.5736 12.3273 -6.7884 0.3483
Pedestrian -1 -1 -3.0562 40.4985 190.4442 68.2974 271.8893 1.7949 0.5842 0.4504 -12.6943 2.2040 16.4271 -3.7065 0.3306
Car -1 -1 -7.4499 951.1484 176.9000 1150.8633 277.3781 1.4856 1.5973 3.9179 7.7229 1.5661 12.6104 -6.9114 0.3079
Car -1 -1 -4.3327 0.0000 195.2823 45.9397 354.8972 1.4480 1.6784 4.3465 -9.3003 1.8164 9.5300 -5.0919 0.2960
Car -1 -1 -2.0476 430.0772 181.9883 487.1948 208.7069 1.5160 1.6600 4.3121 -9.4442 2.1086 44.6369 -2.2554 0.2867
Car -1 -1 -4.2352 445.4676 182.6951 493.9599 208.4129 1.4564 1.5523 3.3264 -8.5561 2.0818 44.0633 -4.4264 0.2796
Car -1 -1 -7.6216 954.6138 178.6909 1116.1914 281.1204 1.4845 1.6293 3.8240 7.4843 1.6021 12.6289 -7.0975 0.2675
Car -1 -1 -7.6535 953.3935 178.2536 1103.9510 278.8128 1.4897 1.6215 3.8429 7.5161 1.6007 12.8825 -7.1359 0.2643
Car -1 -1 -7.5367 949.0853 178.1753 1128.0886 277.6470 1.4755 1.6229 3.9117 7.6421 1.5838 12.8125 -7.0096 0.2540
Car -1 -1 -4.6044 452.5558 182.1250 484.6503 207.9729 1.4768 1.5494 3.7368 -8.7193 2.0735 44.5344 -4.7970 0.2523
Car -1 -1 -7.5516 960.4318 179.8965 1147.9786 283.4897 1.4696 1.6744 3.9920 7.7020 1.6098 12.4518 -7.0089 0.2453
Car -1 -1 -7.3998 932.6876 181.7144 1130.1362 281.7662 1.4735 1.5816 3.6094 7.3505 1.6484 12.5933 -6.8823 0.2076
Car -1 -1 -7.2832 941.3662 182.5119 1161.2726 280.2001 1.4231 1.5531 3.5537 7.4820 1.6074 12.2966 -6.7479 0.1931
Pedestrian -1 -1 -4.4822 958.2267 175.6167 1001.9875 274.5899 1.6105 0.5614 0.4964 6.1685 1.6581 12.1318 -4.0225 0.1865
Car -1 -1 -7.7419 950.6277 180.3019 1076.3269 281.0777 1.4954 1.6051 3.5426 7.2449 1.6480 12.8995 -7.2406 0.1816
Pedestrian -1 -1 -7.1945 943.2760 179.8126 991.9729 275.9546 1.5672 0.5346 0.5129 5.9714 1.6876 12.1666 -6.7487 0.1797
Car -1 -1 -5.0831 436.1891 181.5137 485.1977 207.8754 1.4962 1.6139 3.9979 -9.2765 2.0548 44.4571 -5.2881 0.1633
Pedestrian -1 -1 -8.2552 1041.9341 187.9049 1071.5619 237.1315 1.7534 0.6968 0.7045 16.2563 2.3109 26.3431 -7.7081 0.1508
Car -1 -1 -7.1170 949.8911 178.5338 1223.3114 280.1907 1.4820 1.6301 3.8814 7.7966 1.5861 11.9644 -6.5514 0.1451
Car -1 -1 -4.0975 449.7683 182.3530 503.5026 208.0312 1.4613 1.4725 3.5511 -8.1936 2.0708 44.4024 -4.2793 0.1447
Car -1 -1 -4.9365 443.4533 182.7222 482.1736 208.5185 1.4566 1.5743 3.5209 -9.0748 2.0864 44.1459 -5.1385 0.1353
Car -1 -1 -4.0404 450.6339 183.1119 503.3568 208.3625 1.4330 1.4918 3.2224 -8.1363 2.0857 44.1597 -4.2220 0.1351
Car -1 -1 -7.8152 963.2273 182.2401 1085.2542 285.9864 1.4655 1.6086 3.6295 7.1489 1.6536 12.5168 -7.3071 0.1160
Pedestrian -1 -1 -4.1469 1116.8660 180.7676 1150.7786 236.1192 1.7825 0.6284 0.7014 17.2127 2.0477 23.7804 -3.5269 0.0897
Car -1 -1 -7.9409 557.5948 179.4456 577.4630 195.0864 1.4287 1.5864 3.7613 -4.1376 2.0818 69.5507 -8.0005 0.0809
Pedestrian -1 -1 -8.3195 1034.8970 190.0067 1066.0779 237.1753 1.6985 0.7271 0.7374 16.2238 2.3415 26.6644 -7.7785 0.0751
Cyclist -1 -1 -3.8938 1016.5592 188.0003 1076.2460 235.9072 1.6865 0.8115 1.8022 15.8900 2.2520 26.3622 -3.3570 0.0728
Car -1 -1 -8.0154 552.5701 179.3662 575.4940 195.3636 1.4587 1.5932 3.9098 -4.4795 2.1052 69.5738 -8.0799 0.0703
Car -1 -1 -7.4803 931.7346 174.8075 1119.7526 274.5303 1.5314 1.5962 4.0860 7.5600 1.5716 13.0633 -6.9661 0.0682
Pedestrian -1 -1 -7.6869 181.7918 191.1481 199.5309 225.2932 1.7049 0.7129 0.4660 -21.3863 2.6447 36.7374 -8.2112 0.0649
Car -1 -1 -6.8595 957.6445 179.1856 1241.0000 279.8653 1.4891 1.5844 3.8512 7.8311 1.5974 11.5765 -6.2772 0.0631
Pedestrian -1 -1 -8.4516 1029.6702 190.3590 1061.1930 237.7344 1.7003 0.6929 0.7455 15.9873 2.3545 26.5808 -7.9158 0.0597
Pedestrian -1 -1 -7.7343 967.1681 172.4102 1016.0270 275.9220 1.6439 0.6595 0.5135 6.2163 1.6366 11.8560 -7.2624 0.0588
Cyclist -1 -1 -3.7717 1019.7210 186.9658 1083.2795 236.1281 1.7466 0.7975 1.8764 16.0875 2.2718 26.3895 -3.2300 0.0569
Pedestrian -1 -1 -4.2847 1122.6309 178.9016 1154.7909 235.8177 1.8342 0.6425 0.6588 17.3813 2.0370 23.7890 -3.6602 0.0538
Car -1 -1 -2.9344 433.6606 184.1647 493.6254 208.2999 1.4191 1.5176 3.3368 -8.9133 2.1194 43.9210 -3.1338 0.0537
Cyclist -1 -1 -8.5062 949.0430 171.2557 1043.0786 279.5574 1.6547 0.4981 1.5603 6.2310 1.6300 11.8363 -8.0327 0.0531
Car -1 -1 -3.7891 448.7910 182.2576 512.9795 207.9969 1.4653 1.5556 3.6918 -7.9319 2.0674 44.3353 -3.9656 0.0516
Car -1 -1 -7.8427 561.6566 178.8933 578.0768 194.6202 1.4426 1.5408 4.0628 -3.8819 2.0440 69.8315 -7.8984 0.0511
Car -1 -1 -2.4447 0.0000 199.0017 58.9738 309.8888 1.4541 1.6050 3.9004 -10.9661 1.8823 10.8698 -3.2222 0.0510
Car -1 -1 -7.5576 363.9752 174.1591 420.8644 211.3196 1.9114 1.8201 4.1918 -11.8252 1.9861 39.3615 -7.8480 0.0500
Car -1 -1 -5.3226 424.5222 181.4652 487.1116 208.3930 1.5322 1.6365 4.2273 -9.5590 2.0861 44.3992 -5.5338 0.0462
Cyclist -1 -1 -7.9931 1028.9821 190.0952 1061.8516 240.4276 1.7356 0.7849 1.7508 15.9222 2.3914 26.4974 -7.4578 0.0450
Car -1 -1 -8.2706 924.6111 183.7076 1113.4567 283.9038 1.4211 1.4911 3.4110 6.7268 1.6332 12.3674 -7.7832 0.0448
Car -1 -1 -2.3988 0.0000 199.3678 67.9768 305.5238 1.4458 1.6136 3.9688 -11.0106 1.8854 11.1133 -3.1675 0.0404
Car -1 -1 -5.4204 423.9542 182.0429 487.2902 208.7076 1.5155 1.5829 3.9697 -9.4968 2.1002 44.1040 -5.6317 0.0399
Car -1 -1 -3.7088 449.8665 182.4648 512.2430 208.0068 1.4522 1.5204 3.4787 -7.8840 2.0621 44.0688 -3.8853 0.0398
Cyclist -1 -1 -5.1946 946.0794 173.4980 1026.1562 277.3264 1.6287 0.5079 1.5562 6.2152 1.6399 12.1105 -4.7312 0.0397
Car -1 -1 -3.9327 452.2567 182.4418 512.3857 208.2871 1.4644 1.4476 3.7006 -7.8192 2.0778 44.2503 -4.1070 0.0390
Cyclist -1 -1 -7.8428 767.5856 171.8204 773.1780 197.8706 1.6562 0.3400 1.6062 10.3482 1.5902 46.6938 -7.6265 0.0390
Car -1 -1 -2.7604 0.0000 194.9773 52.8688 320.6774 1.4783 1.6256 3.5865 -10.5676 1.8423 10.4375 -3.5392 0.0386
Pedestrian -1 -1 -6.0232 1033.2971 191.5313 1059.9214 238.9311 1.7078 0.7725 0.6778 16.2404 2.4175 26.9136 -5.4859 0.0372
Car -1 -1 -2.8970 429.7526 184.0475 490.4372 209.4537 1.4796 1.5316 3.3174 -9.0616 2.1684 43.5864 -3.1012 0.0317
Cyclist -1 -1 -8.1895 1030.5270 190.1679 1073.8274 241.2990 1.7630 0.7787 1.8516 16.1840 2.4230 26.5321 -7.6475 0.0309
Car -1 -1 -2.5244 0.0000 198.2219 54.5190 316.2029 1.4837 1.5983 3.9713 -10.9614 1.8982 10.6773 -3.3104 0.0242
Car -1 -1 -8.0120 1020.0861 173.4265 1184.9633 273.2316 1.4402 1.6809 3.8666 8.2675 1.4516 12.5444 -7.4406 0.0226
Car -1 -1 -6.7488 941.4877 181.1536 1241.0000 285.2469 1.4933 1.6591 3.8921 7.5681 1.6375 11.5386 -6.1807 0.0208
Cyclist -1 -1 -7.7417 766.1127 171.5104 774.8830 197.8573 1.6665 0.3802 1.5864 10.3028 1.5812 46.4504 -7.5252 0.0194
Car -1 -1 -4.8794 961.3253 184.1588 994.5934 207.0755 1.5859 1.5521 4.1036 27.6027 2.4704 54.2824 -4.4117 0.0163
Car -1 -1 -5.5368 423.3762 182.1098 485.6750 208.0291 1.4758 1.5667 3.5864 -9.4844 2.0578 43.8039 -5.7492 0.0160
Car -1 -1 -7.5445 365.4509 174.3036 423.3887 211.5847 1.9124 1.8495 4.1121 -11.6837 1.9952 39.2504 -7.8324 0.0150
Car -1 -1 -4.7221 970.9320 184.1550 994.8959 206.9210 1.5733 1.5422 4.0978 27.9482 2.4560 54.2022 -4.2487 0.0149
Car -1 -1 -3.5602 440.9880 183.0637 506.4475 208.1896 1.4165 1.4581 3.6082 -8.2557 2.0564 43.6237 -3.7466 0.0144
Cyclist -1 -1 -7.5854 766.9824 171.1703 779.3427 195.9960 1.5810 0.3590 1.6560 10.5471 1.4735 46.7656 -7.3653 0.0140
Cyclist -1 -1 -7.4831 766.2778 170.8272 781.2094 196.4974 1.6310 0.3985 1.5808 10.5496 1.5019 46.6108 -7.2622 0.0129
Car -1 -1 -6.5467 962.2343 177.3158 1241.0000 288.8474 1.5015 1.5554 4.1680 7.8407 1.5795 11.2425 -5.9506 0.0112
Car -1 -1 -3.2569 878.2228 182.5262 966.3925 212.6071 1.7110 1.8294 4.6990 18.7324 2.3156 43.5784 -2.8539 0.0072
Car -1 -1 -4.5378 979.2605 183.6352 1017.7168 211.2058 1.7027 1.6389 3.7754 25.8955 2.4510 48.1081 -4.0471 0.0070
Pedestrian -1 -1 -6.1160 180.5972 181.4354 192.8822 213.3767 1.9542 0.7380 0.5423 -26.3243 2.4922 44.8225 -6.6446 0.0069
Car -1 -1 -2.6225 421.9891 183.2070 483.6997 208.9533 1.4740 1.4774 3.3415 -9.4981 2.1149 43.4843 -2.8367 0.0047
Car -1 -1 -8.1437 627.7982 177.6456 663.3650 197.7600 1.4176 1.6482 3.7158 2.5845 1.7879 53.8056 -8.0964 0.0044
Car -1 -1 -3.2552 884.3285 180.8009 972.0268 210.2525 1.6744 1.8064 4.6424 19.0063 2.1690 43.3942 -2.8454 0.0038
Car -1 -1 -4.6989 719.9738 175.5374 739.2701 196.2786 1.7163 1.5924 3.7379 10.3077 1.9547 62.1977 -4.5358 0.0037
Pedestrian -1 -1 -4.0674 1135.4307 184.3303 1176.1500 244.6034 1.6220 0.5805 0.7248 15.0311 1.9450 19.9438 -3.4293 0.0036
Car -1 -1 -8.5744 848.3754 175.2661 904.2263 199.3262 1.7076 1.6501 4.0316 19.7747 1.8945 53.8244 -8.2245 0.0034
Car -1 -1 -7.3693 724.5014 177.4665 760.9398 196.4258 1.5413 1.4764 3.7658 11.3202 1.9467 61.5351 -7.1887 0.0032
Pedestrian -1 -1 -4.2494 1130.3981 178.4966 1173.7334 241.1177 1.6926 0.6946 0.7748 15.0282 1.8531 20.0756 -3.6145 0.0032
Car -1 -1 -3.1859 888.2107 179.6933 972.8166 210.7495 1.7717 1.8916 4.5839 19.2414 2.2011 43.6214 -2.7735 0.0032
Car -1 -1 -8.0474 627.9842 177.9803 659.0132 198.6109 1.4525 1.6244 3.6631 2.4271 1.8474 53.6933 -8.0029 0.0031
Car -1 -1 -8.4618 850.0941 174.5106 901.2314 198.7348 1.7190 1.6955 3.7798 19.6211 1.8463 53.5257 -8.1126 0.0028
Pedestrian -1 -1 -8.1186 1132.2826 171.2641 1174.1262 236.1295 1.6751 0.7696 0.5152 14.2521 1.6338 19.0129 -7.4832 0.0025
Car -1 -1 -3.9389 721.1365 175.1612 761.9689 195.8138 1.6988 1.4005 3.4523 11.1588 1.8994 61.2728 -3.7600 0.0025
Car -1 -1 -7.7150 719.7298 175.4428 746.1693 195.4592 1.6425 1.6893 4.1387 10.5741 1.8727 62.0128 -7.5473 0.0024
Car -1 -1 -7.6319 722.5712 176.8633 749.9175 196.6532 1.6151 1.5804 3.4583 10.7703 1.9674 61.5567 -7.4599 0.0023
Car -1 -1 -7.4232 723.6954 177.9447 756.0098 196.8424 1.5383 1.4256 3.4015 11.0673 1.9847 61.5098 -7.2465 0.0021
Car -1 -1 -4.6518 722.2366 175.7882 742.2432 196.1564 1.6728 1.4780 3.6128 10.4572 1.9314 61.7391 -4.4852 0.0014
Car -1 -1 -8.0210 859.0890 172.6287 895.9116 198.6793 1.8766 1.8501 4.5752 20.0753 1.8600 54.3945 -7.6696 0.0010
