Car -1 -1 -7.6482 411.2618 179.8862 488.7373 231.2699 1.4976 1.6733 3.6697 -4.9477 1.3424 22.7908 -7.8599 0.9999
Car -1 -1 -7.4275 107.4189 159.9819 391.9417 326.8003 1.8197 1.7813 4.3679 -4.6199 1.5446 10.0297 -7.8493 0.9999
Car -1 -1 -7.8629 574.0989 173.1531 625.0814 220.7281 1.5938 1.7093 3.6839 -0.3598 1.1898 25.9429 -7.8771 0.9990
Car -1 -1 -7.2168 0.0000 190.3267 124.8812 269.8709 1.4516 1.6791 4.1886 -12.6574 1.5771 15.5164 -7.8928 0.9786
Car -1 -1 -7.5910 363.5593 179.9522 409.2605 204.9965 1.4561 1.7075 3.8701 -13.4404 1.1503 43.7589 -7.8876 0.9784
Car -1 -1 -7.4192 102.5955 162.3684 392.6093 329.1817 1.8092 1.8100 4.3576 -4.6207 1.5616 9.9854 -7.8427 0.9220
Car -1 -1 -7.3870 396.7661 180.4705 466.5052 211.2399 1.4223 1.6084 4.2198 -8.6340 1.2031 35.4671 -7.6244 0.9120
Car -1 -1 -7.8522 575.3718 174.6517 624.3265 220.3728 1.5291 1.6378 3.9598 -0.3307 1.1759 26.0301 -7.8652 0.8653
Car -1 -1 -7.5592 364.4162 179.8736 410.9202 204.6861 1.4447 1.6494 3.8789 -13.3744 1.1338 43.7947 -7.8542 0.8445
Car -1 -1 -6.8688 0.0000 197.3264 67.4971 375.0000 1.4824 1.6331 3.7111 -8.5844 1.6531 8.1473 -7.6640 0.7781
Car -1 -1 -7.4802 397.4478 180.2253 459.4349 211.0250 1.4257 1.5762 4.0777 -8.7833 1.1949 35.4009 -7.7220 0.7723
Car -1 -1 -7.2121 0.0000 188.5013 119.4344 273.5523 1.5094 1.7557 4.5095 -12.7242 1.5896 15.2268 -7.8997 0.7708
Car -1 -1 -7.6393 363.4088 179.1972 406.6179 204.6877 1.4810 1.6771 4.1149 -13.5631 1.1315 43.8849 -7.9377 0.7295
Car -1 -1 -4.0419 0.0000 189.7217 125.8400 272.6008 1.4662 1.6697 4.6681 -12.6935 1.5770 15.3167 -4.7256 0.7151
Car -1 -1 -7.0653 0.0000 199.6902 61.5030 375.0000 1.4378 1.6239 4.0975 -8.3524 1.6369 7.8248 -7.8663 0.7150
Car -1 -1 -7.9345 572.8283 175.8898 610.6792 207.1082 1.5305 1.6564 3.6441 -0.9062 1.0734 37.1411 -7.9591 0.6918
Car -1 -1 -7.3370 397.9910 179.7948 470.8248 211.1349 1.4456 1.6181 4.1978 -8.4810 1.1957 35.3990 -7.5708 0.6251
Car -1 -1 -7.6663 364.2200 179.2816 404.2127 204.5840 1.4614 1.6415 3.7103 -13.4885 1.1189 43.4559 -7.9658 0.6085
Car -1 -1 -6.9340 0.0000 193.9735 56.6860 375.0000 1.5366 1.6455 4.2074 -8.5525 1.6575 7.7293 -7.7528 0.5358
Car -1 -1 -7.6700 362.4344 180.3126 402.6774 205.1709 1.4392 1.6588 3.7962 -13.6322 1.1554 43.5997 -7.9716 0.5247
Car -1 -1 -8.0836 561.9375 176.5008 608.8279 207.4940 1.5191 1.6403 3.5895 -1.2407 1.0921 37.1801 -8.1171 0.4866
Car -1 -1 -7.5873 396.6519 179.7894 451.7659 210.7586 1.4362 1.5866 4.1560 -9.0029 1.1847 35.4308 -7.8347 0.4627
Car -1 -1 -6.6494 0.0000 197.9298 60.2528 375.0000 1.4716 1.6500 3.9433 -8.8618 1.6523 8.0669 -7.4653 0.4432
Car -1 -1 -6.7217 0.0000 197.6730 50.4962 375.0000 1.5009 1.6227 4.0589 -8.8339 1.6748 7.8474 -7.5493 0.4369
Car -1 -1 -7.7176 574.5804 175.5701 617.2283 207.2114 1.5281 1.6723 3.8549 -0.5861 1.0624 36.7297 -7.7339 0.3773
Car -1 -1 -8.0425 567.3152 176.8540 611.9434 207.7790 1.4963 1.6180 3.6254 -1.0100 1.0919 36.7263 -8.0702 0.3759
Car -1 -1 -7.7476 575.6230 176.0532 614.8047 206.8474 1.5075 1.6494 3.5972 -0.6338 1.0591 37.0560 -7.7650 0.3568
Car -1 -1 -7.6970 408.4304 177.8046 456.0407 209.5813 1.4839 1.6204 4.4817 -8.7167 1.1380 35.8681 -7.9341 0.3184
Car -1 -1 -4.9093 516.8011 173.5289 551.4827 198.2883 1.4761 1.4753 3.5588 -4.6489 0.7795 44.7740 -5.0124 0.2343
Car -1 -1 -4.0325 0.0000 198.4941 60.5850 375.0000 1.4330 1.5292 3.9718 -8.1611 1.6165 7.8718 -4.8190 0.2274
Car -1 -1 -7.5739 574.7451 175.6780 625.9108 206.9288 1.5177 1.6597 3.7463 -0.3595 1.0546 36.9374 -7.5840 0.2076
Car -1 -1 -4.8719 514.3358 172.3095 549.4607 197.4866 1.5141 1.5693 4.0920 -4.8627 0.7381 45.4101 -4.9782 0.1994
Car -1 -1 -8.1884 556.9622 176.1128 610.1978 207.9372 1.5373 1.5977 3.6529 -1.3215 1.0978 36.7173 -8.2245 0.1885
Car -1 -1 -7.9242 572.4617 176.4266 608.3389 205.7782 1.4596 1.6001 3.9554 -0.9932 1.0227 37.7921 -7.9507 0.1682
Car -1 -1 -4.9334 508.5896 172.3401 546.6658 197.8505 1.5302 1.5449 3.9576 -5.1135 0.7580 45.2420 -5.0456 0.1597
Car -1 -1 -4.8743 520.9335 173.9556 554.8850 198.3358 1.4446 1.4904 3.8497 -4.4054 0.7775 44.6450 -4.9724 0.1519
Car -1 -1 -7.3662 571.5282 174.7759 636.5951 207.2145 1.5520 1.6632 3.9196 -0.1611 1.0527 36.5155 -7.3710 0.1514
Car -1 -1 -4.7389 525.7476 173.3816 551.0546 197.3575 1.4469 1.4864 3.4591 -4.4161 0.7329 45.1881 -4.8361 0.1466
Car -1 -1 -7.3937 574.2261 175.0924 637.9306 207.0479 1.5397 1.6773 3.9579 -0.0580 1.0521 36.7826 -7.3957 0.1387
Car -1 -1 -4.8819 513.5648 173.4331 547.0714 198.0831 1.4797 1.5154 3.4846 -4.9136 0.7726 45.0365 -4.9903 0.1371
Car -1 -1 -4.8066 520.2782 172.8091 549.6096 197.3836 1.4819 1.4934 3.6722 -4.6492 0.7339 45.2938 -4.9086 0.1248
Car -1 -1 -4.6034 246.0810 189.8141 336.0816 254.4606 1.4033 1.6077 4.0734 -7.8848 1.5332 18.0976 -5.0092 0.1139
Car -1 -1 -4.5057 226.3763 188.9897 333.1396 253.1013 1.4098 1.6226 4.1007 -8.2091 1.5171 18.2384 -4.9234 0.1136
Car -1 -1 -4.8300 570.3013 176.3936 610.7410 208.3199 1.5083 1.5499 4.0648 -0.9534 1.0916 36.0828 -4.8566 0.1107
Car -1 -1 -4.9067 515.6780 174.8306 551.6664 199.9667 1.4747 1.4552 3.9912 -4.6359 0.8656 44.2960 -5.0107 0.1043
Car -1 -1 -4.1239 181.2373 186.4349 336.4734 251.7307 1.4393 1.5903 3.8517 -8.5649 1.4733 17.9431 -4.5638 0.1004
Car -1 -1 -2.9528 219.6469 181.3720 366.9781 233.4293 1.5260 1.6577 3.9428 -9.6760 1.4135 22.3049 -3.3581 0.0902
Car -1 -1 -2.7134 220.3522 182.9090 369.3143 232.3816 1.4935 1.6464 3.9645 -9.7897 1.4240 22.5700 -3.1186 0.0891
Car -1 -1 -5.9917 0.0000 198.5798 50.2257 370.9286 1.4838 1.6186 4.2160 -9.2156 1.6699 8.2330 -6.8173 0.0854
Car -1 -1 -3.1926 220.1115 182.5481 368.4151 234.9632 1.4796 1.6409 4.0107 -9.5540 1.4045 21.9151 -3.5995 0.0830
Car -1 -1 -2.7347 464.3296 177.2026 537.3699 202.6346 1.5374 1.7033 4.1707 -6.6779 1.0531 44.8132 -2.8822 0.0803
Car -1 -1 -4.4831 257.2881 189.7551 348.4269 243.7148 1.3444 1.5184 3.7864 -8.5045 1.4849 20.2372 -4.8766 0.0743
Car -1 -1 -4.6913 573.1759 178.3150 605.2742 208.8818 1.4274 1.4989 3.9872 -0.9116 1.1053 35.5656 -4.7171 0.0681
Car -1 -1 -4.5061 248.2321 191.3666 339.5028 250.3687 1.3709 1.4751 3.6532 -8.2400 1.5506 19.0420 -4.9097 0.0677
Car -1 -1 -4.4018 254.1279 191.4630 354.9093 244.5358 1.3077 1.5193 3.6693 -8.3718 1.4986 20.0478 -4.7929 0.0672
Car -1 -1 -7.5177 265.4963 185.9346 367.5778 240.0438 1.4365 1.6098 3.7200 -8.4301 1.4595 21.0255 -7.8949 0.0496
Car -1 -1 -5.7165 0.0000 199.7554 59.7751 349.1195 1.4608 1.6321 4.0007 -9.2927 1.6597 8.5547 -6.5277 0.0475
Car -1 -1 -4.7941 263.8778 190.0075 347.7145 253.1037 1.3706 1.6169 4.0242 -7.7348 1.5058 18.1013 -5.1929 0.0454
Car -1 -1 -7.5050 249.1103 184.4982 357.6560 240.0798 1.4769 1.6697 3.9225 -8.8286 1.4580 21.0968 -7.8971 0.0430
Car -1 -1 -7.4829 257.5666 184.9173 366.5251 239.0837 1.4469 1.6418 3.8990 -8.6027 1.4391 21.1603 -7.8649 0.0410
Car -1 -1 -7.7833 573.8672 173.7795 599.8518 196.7801 1.5374 1.5468 3.7576 -1.4429 0.7732 49.9603 -7.8124 0.0306
Car -1 -1 -7.5551 276.8067 183.5877 379.8556 239.8065 1.4974 1.6859 4.0813 -8.1515 1.4542 21.2365 -7.9177 0.0295
Car -1 -1 -4.5728 224.9352 187.5091 334.5114 255.5200 1.4253 1.7954 4.4565 -7.9056 1.4893 17.6154 -4.9893 0.0247
Car -1 -1 -2.3314 0.0000 200.5828 64.4396 335.3316 1.4910 1.6185 3.9656 -9.4302 1.7012 8.9854 -3.1262 0.0194
Car -1 -1 -2.4744 0.0000 195.3668 49.7265 343.8138 1.5203 1.6317 4.1571 -9.5646 1.6583 8.6401 -3.2952 0.0194
Car -1 -1 -2.2231 0.0000 198.7561 65.7327 332.6352 1.4749 1.6220 3.8774 -9.4312 1.6683 9.1993 -3.0065 0.0170
Car -1 -1 -7.9625 568.2910 174.1789 596.0472 196.3800 1.4869 1.5218 3.8293 -1.8434 0.7479 50.1508 -7.9994 0.0133
Pedestrian -1 -1 -6.5979 801.6635 169.7884 820.3562 227.4433 1.6444 0.4645 0.3922 5.8154 1.2046 20.7438 -6.3285 0.0131
Car -1 -1 -8.2377 547.6381 172.5043 592.0579 195.9320 1.5582 1.6278 4.1991 -2.7118 0.7129 50.0581 -8.2919 0.0094
Car -1 -1 -3.3568 512.2158 176.5550 584.3939 200.7357 1.4450 1.5240 4.2044 -3.6981 0.9276 44.3050 -3.4399 0.0090
Car -1 -1 -2.6046 464.5664 174.5273 547.1532 202.4673 1.6583 1.7950 4.8113 -6.3305 1.0241 44.4204 -2.7457 0.0082
Car -1 -1 -4.8195 543.0265 176.5865 571.4448 198.0003 1.6063 1.7857 4.0060 -3.9944 0.9592 56.0538 -4.8907 0.0082
Car -1 -1 -4.2238 467.2125 173.4522 515.3183 196.1488 1.3962 1.5341 3.6121 -7.4612 0.6727 46.1780 -4.3834 0.0080
Car -1 -1 -4.3641 469.3857 177.9041 510.3096 199.7796 1.3236 1.3624 3.7277 -7.4344 0.8814 45.4537 -4.5256 0.0079
Car -1 -1 -8.0638 561.4875 174.2447 594.5113 196.5148 1.4896 1.5114 3.9233 -2.1400 0.7559 50.1723 -8.1065 0.0073
Car -1 -1 -7.7877 648.5566 177.1946 685.3480 211.7307 1.5791 1.5506 3.4382 2.8607 1.2125 34.6828 -7.7065 0.0069
Car -1 -1 -4.9091 470.0829 178.5105 505.7501 201.1250 1.3488 1.5224 3.5573 -7.5322 0.9490 44.8066 -5.0750 0.0063
Car -1 -1 -4.9925 554.7833 174.5503 591.5378 196.5991 1.4663 1.5602 3.7582 -2.4614 0.7572 49.8348 -5.0419 0.0063
Car -1 -1 -4.7932 471.5230 179.5316 499.1279 202.0820 1.3425 1.4051 3.5542 -7.6696 1.0043 44.6928 -4.9625 0.0061
Car -1 -1 -4.1221 469.9727 174.3687 522.3022 196.8558 1.3766 1.5590 3.6143 -7.1181 0.7127 45.9742 -4.2751 0.0061
Pedestrian -1 -1 -6.6258 799.2894 171.4776 820.8497 229.7030 1.6721 0.5221 0.4525 5.8377 1.2778 20.9214 -6.3576 0.0058
Car -1 -1 -8.0369 561.6236 175.1494 595.1595 197.8988 1.5168 1.6371 3.9258 -2.1078 0.8458 50.0266 -8.0792 0.0057
Car -1 -1 -8.4211 580.5748 177.4330 655.1198 211.7453 1.5295 1.6661 3.9587 0.3789 1.1827 34.1640 -8.4106 0.0055
Car -1 -1 -4.7495 541.7414 177.9282 565.7169 197.5042 1.4703 1.7147 3.8457 -4.2583 0.9231 56.0004 -4.8254 0.0055
Car -1 -1 -4.2367 462.3851 173.5085 510.5047 195.9924 1.3853 1.5356 3.6882 -7.7861 0.6641 46.2808 -4.4027 0.0055
Pedestrian -1 -1 -4.9752 816.5351 185.5841 843.9828 249.6382 1.4283 0.4901 0.4509 4.9796 1.4370 16.2649 -4.6834 0.0053
Car -1 -1 -5.1902 464.6520 178.1057 512.0116 203.3737 1.4986 1.4801 3.4170 -7.4426 1.0771 44.4462 -5.3555 0.0052
Car -1 -1 -4.9658 467.5458 179.3956 502.9318 203.0204 1.4000 1.3833 3.2304 -7.6174 1.0553 44.3562 -5.1352 0.0049
Car -1 -1 -8.1722 554.4843 173.3805 594.2435 195.8726 1.5011 1.5588 4.1031 -2.3995 0.7114 50.1694 -8.2201 0.0044
Car -1 -1 -4.5088 450.3138 178.6347 490.3307 203.8791 1.4622 1.6018 4.0417 -8.3220 1.0811 43.6697 -4.6963 0.0043
Car -1 -1 -8.4945 569.4664 175.5828 653.7402 213.2065 1.6681 1.7201 4.3707 0.0735 1.2411 34.1382 -8.4928 0.0035
Car -1 -1 -4.7821 466.2276 177.9850 497.1417 204.0978 1.5171 1.5893 3.7979 -7.7457 1.0972 43.7989 -4.9565 0.0033
Car -1 -1 -5.0344 530.9402 177.3186 568.1454 196.6147 1.4428 1.6948 4.0190 -4.5879 0.8525 55.9321 -5.1162 0.0031
Car -1 -1 -7.7934 649.1583 174.8096 687.6799 211.0975 1.6581 1.6387 3.8107 2.9524 1.1827 34.8490 -7.7100 0.0031
Car -1 -1 -4.2646 43.5240 183.3071 105.6615 208.3994 1.6186 1.6992 4.2408 -35.9826 1.4956 48.6116 -4.8995 0.0029
Pedestrian -1 -1 -5.1668 813.3701 189.2141 839.9075 244.1189 1.2440 0.4672 0.3716 4.9837 1.3373 16.5411 -4.8792 0.0023
Car -1 -1 -4.5687 94.7647 172.8153 126.9970 192.5351 1.5815 1.6699 3.8073 -41.2534 0.5872 59.7272 -5.1713 0.0015
Car -1 -1 -8.3947 592.6285 178.1485 657.3298 209.5827 1.4122 1.5247 3.4147 0.7323 1.0948 34.1544 -8.3738 0.0010
Car -1 -1 -7.6845 623.4741 174.2586 667.9080 209.3321 1.5964 1.5247 3.8319 1.8508 1.0978 34.7561 -7.6321 0.0008
Pedestrian -1 -1 -6.3813 648.2668 171.0018 664.5267 210.5488 1.7993 0.6235 0.6859 2.1943 1.1528 33.0297 -6.3160 0.0002
