Car -1 -1 -8.0930 716.8354 153.4328 853.2388 269.8782 1.9110 1.5911 3.7286 3.2743 1.4510 13.6636 -7.8676 0.9997
Pedestrian -1 -1 -7.2244 389.1479 164.6521 426.0406 246.0203 1.8623 0.6522 0.5202 -4.5675 1.4772 16.7994 -7.4914 0.7895
Pedestrian -1 -1 -7.5438 464.1505 180.5079 504.4686 245.3965 1.4713 0.7312 0.7636 -2.7544 1.4494 16.7184 -7.7100 0.7359
Pedestrian -1 -1 -7.0746 388.5408 165.3498 426.9500 245.7736 1.8412 0.6554 0.5749 -4.5801 1.4720 16.8564 -7.3414 0.7248
Cyclist -1 -1 -4.5475 680.7648 159.7110 694.4377 190.4257 1.8043 0.5423 1.7744 5.1814 0.5245 43.1264 -4.4335 0.6711
Pedestrian -1 -1 -4.1565 1003.2625 142.8905 1054.1852 234.4001 1.8445 0.5540 0.8431 8.8348 1.0669 14.9228 -3.6347 0.6609
Pedestrian -1 -1 -7.9780 492.1525 179.9871 529.0247 246.6397 1.5027 0.7483 0.8246 -2.1560 1.4691 16.6887 -8.1099 0.6226
Pedestrian -1 -1 -6.4284 373.8657 169.1342 412.5905 243.4730 1.7678 0.5452 0.8346 -5.1120 1.4743 17.5042 -6.7139 0.6213
Pedestrian -1 -1 -6.5482 379.5418 168.0654 416.0494 243.1625 1.7841 0.5959 0.7238 -5.0016 1.4655 17.5083 -6.8279 0.5986
Pedestrian -1 -1 -3.4368 1022.8410 138.2583 1076.8533 232.2887 1.8163 0.4741 0.7982 8.8122 0.9816 14.2026 -2.8948 0.5858
Car -1 -1 -3.3447 493.2335 175.5990 551.5889 196.0318 1.4807 1.6114 4.0717 -5.8702 1.0530 53.4568 -3.4585 0.5794
Car -1 -1 -3.3653 497.6155 174.7427 556.6961 195.0513 1.4755 1.7677 4.0986 -5.5428 0.9845 53.6924 -3.4727 0.5518
Car -1 -1 -7.9146 472.5362 178.6256 538.8040 236.4017 1.5600 1.6860 4.1232 -2.9934 1.4829 21.5840 -8.0560 0.5261
Cyclist -1 -1 -6.2323 458.9474 175.4750 532.1389 247.3011 1.6263 0.7146 1.6498 -2.4792 1.4904 16.7018 -6.3828 0.4636
Cyclist -1 -1 -4.5404 681.1353 160.3899 695.2473 190.3020 1.7465 0.5491 1.7922 5.1868 0.5140 42.8784 -4.4257 0.4546
Pedestrian -1 -1 -4.1667 1005.9092 142.8724 1055.0072 233.4157 1.8092 0.5265 0.8163 8.7859 1.0379 14.7804 -3.6433 0.3430
Car -1 -1 -3.3498 491.8721 174.5484 547.0262 195.6711 1.5259 1.6040 3.8103 -6.0692 1.0237 53.2632 -3.4676 0.3316
Pedestrian -1 -1 -6.6238 379.8183 172.5173 419.6403 243.8204 1.7058 0.5894 0.7897 -4.9938 1.4915 17.6541 -6.9010 0.3166
Car -1 -1 -7.8743 474.4864 180.1667 535.0222 235.8097 1.5053 1.6350 4.1228 -2.9929 1.4697 21.5985 -8.0157 0.3152
Pedestrian -1 -1 -7.6555 470.8203 181.1970 513.5526 246.9184 1.4903 0.8532 0.7531 -2.5643 1.4840 16.6834 -7.8112 0.3101
Pedestrian -1 -1 -7.0878 380.8144 164.5553 419.8083 245.8020 1.8474 0.6668 0.5693 -4.7225 1.4627 16.7417 -7.3641 0.3069
Cyclist -1 -1 -6.1516 466.3095 173.6590 541.0602 245.8980 1.6585 0.7259 1.6610 -2.3127 1.4790 16.8615 -6.2912 0.3062
Cyclist -1 -1 -7.3338 650.0333 173.2262 679.5078 207.1503 1.6376 0.7085 1.7047 3.1371 1.2384 35.5784 -7.2515 0.2901
Car -1 -1 -3.2677 488.7855 174.5161 543.7717 195.3485 1.5129 1.6876 3.8763 -6.3350 1.0057 53.4629 -3.3901 0.2642
Pedestrian -1 -1 -6.8434 536.0961 169.8680 558.0355 211.5177 1.7572 0.6788 0.6793 -2.3480 1.2668 30.7821 -6.9240 0.2527
Pedestrian -1 -1 -7.8754 493.6196 179.2401 526.3586 245.2188 1.5048 0.7379 0.8734 -2.1937 1.4538 16.8710 -8.0082 0.2168
Car -1 -1 -7.9097 535.6838 175.0680 569.2797 204.7826 1.5693 1.6346 3.6226 -2.7583 1.2298 39.8375 -7.9835 0.2033
Pedestrian -1 -1 -8.4088 539.1600 169.6521 561.2431 211.2354 1.7542 0.6764 0.6978 -2.2140 1.2547 30.7844 -8.4851 0.1877
Cyclist -1 -1 -7.6495 380.9713 168.6101 417.0009 245.3865 1.7696 0.4839 1.8586 -4.9453 1.4731 17.5015 -7.9263 0.1582
Pedestrian -1 -1 -4.5571 488.0619 181.2586 511.4131 242.4805 1.4865 0.4825 0.6386 -2.5458 1.4812 17.7635 -4.7028 0.1463
Pedestrian -1 -1 -7.7334 659.4240 176.5832 674.5124 212.9852 1.5332 0.5578 0.7793 2.7863 1.3264 30.6932 -7.6488 0.1398
Cyclist -1 -1 -7.7416 386.5672 166.5571 413.1182 248.1467 1.8296 0.4150 1.7860 -4.7976 1.4951 17.0231 -8.0177 0.1293
Car -1 -1 -6.4795 495.1347 173.8937 561.7482 194.8950 1.5239 1.6634 4.7096 -5.4368 0.9719 53.6194 -6.5850 0.1268
Car -1 -1 -7.7768 538.6417 174.9691 572.1240 204.7520 1.5777 1.5987 3.6083 -2.5177 1.2319 39.8638 -7.8445 0.1264
Pedestrian -1 -1 -7.5738 483.0791 181.9053 513.3378 244.8749 1.5005 0.5810 0.6259 -2.5413 1.5111 17.4700 -7.7216 0.1159
Pedestrian -1 -1 -7.9957 643.3359 166.6970 657.7802 199.1990 1.8461 0.7533 0.5361 2.8060 1.0054 41.0984 -7.9329 0.1137
Pedestrian -1 -1 -7.1213 835.0436 169.5698 869.1384 233.0278 1.6090 0.6252 0.5522 6.4597 1.3070 18.6215 -6.7970 0.1116
Car -1 -1 -8.0654 525.2203 175.0279 568.6186 205.0289 1.5765 1.6273 3.7207 -3.0684 1.2366 39.7631 -8.1469 0.1047
Pedestrian -1 -1 -7.5391 841.5540 169.4829 873.5275 232.6360 1.6000 0.6447 0.5529 6.6021 1.2961 18.6139 -7.2079 0.1031
Pedestrian -1 -1 -3.4467 1035.9574 139.8203 1088.7284 232.8366 1.7919 0.5009 0.7561 9.0411 0.9896 14.1744 -2.8923 0.0965
Pedestrian -1 -1 -7.6402 1027.5946 145.4874 1055.7509 213.5490 1.8621 0.5672 0.5719 12.2589 0.8773 20.0557 -7.1024 0.0862
Car -1 -1 -7.8289 536.6588 173.6830 566.6759 203.8452 1.5998 1.5904 3.9274 -2.7417 1.1854 40.1004 -7.9018 0.0822
Pedestrian -1 -1 -7.7466 660.2338 175.4880 676.0027 212.9457 1.5653 0.5917 0.7726 2.8131 1.3144 30.4550 -7.6604 0.0774
Pedestrian -1 -1 -4.5386 479.7591 179.7521 503.8923 241.7268 1.5119 0.4989 0.6015 -2.7515 1.4697 17.8287 -4.6949 0.0731
Cyclist -1 -1 -7.7318 650.0540 173.5785 664.8716 207.3251 1.6398 0.5488 1.6589 2.7880 1.2551 35.7716 -7.6597 0.0706
Cyclist -1 -1 -8.5274 977.9511 125.1531 1237.0000 373.0000 1.6826 0.4445 1.8362 2.7553 1.4521 3.8828 -7.9473 0.0704
Pedestrian -1 -1 -7.4645 686.0860 175.8585 704.8442 218.1338 1.5785 0.5429 0.5377 3.5379 1.3682 27.1884 -7.3416 0.0701
Pedestrian -1 -1 -3.3028 1034.9846 141.8649 1079.9320 236.3384 1.7859 0.4767 0.6610 8.7875 1.0372 13.9249 -2.7535 0.0698
Pedestrian -1 -1 -5.8983 1017.5642 143.5168 1052.1497 214.4162 1.9411 0.5951 0.6571 12.0981 0.9017 20.1081 -5.3675 0.0610
Car -1 -1 -3.3697 544.4232 173.5305 608.2677 193.7120 1.4937 1.7383 4.5721 -1.9001 0.9037 54.6078 -3.4093 0.0590
Cyclist -1 -1 -8.0912 642.3710 175.7273 659.4827 207.4256 1.5338 0.4689 1.6132 2.4332 1.2547 35.5937 -8.0285 0.0576
Pedestrian -1 -1 -4.4585 685.8915 175.3462 703.5148 218.0531 1.6040 0.5544 0.5221 3.5273 1.3732 27.3242 -4.3365 0.0569
Cyclist -1 -1 -8.1236 641.6785 175.0453 659.6813 207.3338 1.5691 0.4459 1.7023 2.4337 1.2557 35.7880 -8.0613 0.0521
Pedestrian -1 -1 -6.7717 1026.9312 141.8350 1063.3402 211.1944 1.8915 0.6442 0.6261 12.2676 0.8103 19.9281 -6.2307 0.0457
Cyclist -1 -1 -8.6310 1007.3669 114.5981 1237.0000 373.0000 1.7452 0.4369 1.8139 2.9515 1.4763 3.8249 -8.0121 0.0454
Cyclist -1 -1 -8.5401 1054.5509 116.4223 1237.0000 373.0000 1.7657 0.4190 1.8676 3.0500 1.5233 3.6231 -7.8811 0.0417
Cyclist -1 -1 -8.6929 987.5774 118.1254 1237.0000 373.0000 1.7219 0.5186 1.7698 2.9944 1.4493 4.0198 -8.0891 0.0397
Cyclist -1 -1 -8.5884 963.6919 128.8526 1237.0000 373.0000 1.6777 0.4895 1.8491 2.7814 1.4567 3.9786 -8.0144 0.0382
Pedestrian -1 -1 -3.3849 1052.0786 142.3997 1099.6703 235.0457 1.7480 0.4595 0.6709 9.1134 1.0109 13.8778 -2.8176 0.0367
Pedestrian -1 -1 -6.6995 367.8300 168.3495 401.4195 244.3570 1.7744 0.5596 0.5922 -5.2211 1.4679 17.1749 -6.9958 0.0329
Pedestrian -1 -1 -6.9509 689.6382 157.9080 706.5560 191.5171 1.9335 0.7058 0.6847 5.6228 0.5764 41.8044 -6.8230 0.0282
Pedestrian -1 -1 -6.9704 379.4391 165.0238 419.6670 245.9581 1.8718 0.7151 0.6027 -4.8318 1.4913 17.0649 -7.2477 0.0270
Cyclist -1 -1 -8.3894 1008.5399 123.1738 1237.0000 373.0000 1.7255 0.4265 1.9242 2.7494 1.5043 3.7074 -7.7903 0.0255
Car -1 -1 -3.3665 543.6850 173.7989 603.0972 194.0990 1.4987 1.7398 4.2122 -2.1192 0.9301 54.4297 -3.4102 0.0250
Cyclist -1 -1 -7.6372 648.7851 174.2843 666.9836 207.2819 1.5972 0.5801 1.5957 2.7975 1.2482 35.6180 -7.5644 0.0242
Pedestrian -1 -1 -5.2088 461.0070 162.5360 479.9738 213.4048 2.0297 0.6234 0.4315 -5.3104 1.2734 29.0257 -5.3933 0.0219
Pedestrian -1 -1 -8.0767 1019.3421 133.0622 1189.2867 373.0000 1.6436 0.6023 0.7822 2.7559 1.3997 4.0957 -7.5192 0.0204
Pedestrian -1 -1 -2.9129 689.6008 156.5715 705.9021 191.0920 1.9795 0.7140 0.7996 5.5875 0.5502 41.6650 -2.7854 0.0192
Cyclist -1 -1 -7.7174 658.8597 175.3967 675.5759 213.6164 1.5976 0.5320 1.4460 2.8101 1.3428 30.7904 -7.6323 0.0172
Pedestrian -1 -1 -6.7032 685.3738 160.4166 699.9470 191.4307 1.7903 0.6497 0.6299 5.3139 0.5734 41.8686 -6.5827 0.0171
Cyclist -1 -1 -7.7616 489.0853 175.7673 527.2867 247.3614 1.5937 0.7438 1.7146 -2.2031 1.4666 16.8617 -7.8950 0.0158
Cyclist -1 -1 -3.0721 536.4801 171.9356 569.2802 205.4659 1.7626 0.6906 1.6959 -2.5745 1.2600 38.1091 -3.1442 0.0150
Pedestrian -1 -1 -3.8772 1097.0635 137.6744 1145.7489 252.9100 1.7194 0.4346 0.4167 7.8813 1.0661 10.9604 -3.2702 0.0147
Cyclist -1 -1 -7.6263 378.7136 164.7029 416.1793 249.4060 1.8546 0.4491 1.7850 -4.7370 1.4874 16.6312 -7.9051 0.0144
Pedestrian -1 -1 -8.0916 1052.6084 136.0748 1232.5734 373.0000 1.6367 0.5811 0.7106 2.7625 1.4238 3.8139 -7.5025 0.0139
Pedestrian -1 -1 -7.4832 845.9489 166.0632 882.0620 233.1750 1.6728 0.7041 0.5908 6.6752 1.2886 18.3587 -7.1443 0.0133
Cyclist -1 -1 -7.9505 497.5506 175.2670 525.6793 238.0181 1.6380 0.5950 1.6443 -2.5009 1.4758 19.6186 -8.0809 0.0126
Cyclist -1 -1 -5.8037 361.6570 164.7425 435.3013 244.6953 1.8564 0.4635 1.6562 -4.8572 1.4679 17.0712 -6.0823 0.0125
Car -1 -1 -4.3207 660.0159 176.2874 738.0858 214.7327 1.4751 1.6508 4.4945 4.1311 1.2755 29.9210 -4.1898 0.0119
Cyclist -1 -1 -7.8339 363.8817 169.0909 384.4511 250.8241 1.7837 0.4238 1.7936 -5.2754 1.5134 16.5964 -8.1426 0.0082
Pedestrian -1 -1 -5.3095 693.8367 157.5059 711.7269 190.0462 1.8627 0.6980 0.7956 5.8697 0.4893 41.6307 -5.1752 0.0078
Pedestrian -1 -1 -7.4292 691.8715 174.6260 714.5058 217.9909 1.6087 0.6493 0.6206 3.8153 1.3541 27.0834 -7.2958 0.0057
Pedestrian -1 -1 -6.1789 355.9968 169.7086 381.1747 248.8878 1.7584 0.4791 0.4962 -5.2972 1.4971 16.2391 -6.4949 0.0056
Cyclist -1 -1 -7.4557 462.1353 178.7134 521.6479 248.0649 1.5357 0.7910 1.6892 -2.5726 1.4745 16.8213 -7.6106 0.0055
Pedestrian -1 -1 -4.0824 694.4676 158.9749 711.6138 189.7849 1.7738 0.7286 0.6809 5.9191 0.4771 41.8549 -3.9476 0.0052
Cyclist -1 -1 -6.7244 955.1556 137.1332 1237.0000 373.0000 1.7008 0.4576 1.8339 2.8652 1.4905 3.7951 -6.1161 0.0045
Cyclist -1 -1 -7.9455 845.1490 170.9454 875.7614 234.7583 1.5925 0.6053 1.4001 6.6847 1.3297 18.6793 -7.6115 0.0042
Car -1 -1 -7.0458 664.1872 180.1503 756.4829 215.5492 1.3626 1.5318 3.7073 4.4591 1.3110 29.3497 -6.9015 0.0040
Pedestrian -1 -1 -7.4950 359.2178 171.6445 390.9139 246.5440 1.7029 0.5506 0.5264 -5.2661 1.4793 16.6085 -7.8029 0.0039
Cyclist -1 -1 -7.8677 840.9268 172.1806 864.1534 234.6380 1.5590 0.5327 1.3875 6.4806 1.3269 18.6728 -7.5432 0.0026
Cyclist -1 -1 -7.6660 389.3336 165.3029 424.0694 246.6019 1.8123 0.4740 1.7660 -4.6002 1.4518 16.9116 -7.9331 0.0026
Cyclist -1 -1 -3.3555 683.2141 158.1530 713.0363 190.4196 1.8645 0.5465 1.6417 5.6282 0.5155 41.8518 -3.2275 0.0023
Cyclist -1 -1 -7.6379 368.4314 165.2032 402.2548 252.6273 1.8750 0.3992 1.6196 -4.9011 1.5261 16.2292 -7.9322 0.0019
Pedestrian -1 -1 -4.4356 681.4933 157.7132 694.8793 188.8301 1.8380 0.5738 0.9061 5.1916 0.4331 42.9597 -4.3209 0.0013
Pedestrian -1 -1 -6.0777 996.9273 150.7311 1015.3312 212.1981 1.7295 0.5035 0.3682 11.5307 0.8642 20.5224 -5.5762 0.0013
Pedestrian -1 -1 -4.9098 1056.7642 146.2430 1094.7935 226.0917 1.5731 0.5121 0.6691 9.5610 0.8791 14.5568 -4.3420 0.0008
Cyclist -1 -1 -3.6052 826.1725 170.9793 889.9633 234.8311 1.6193 0.6280 1.4277 6.6088 1.3530 18.6229 -3.2739 0.0003
Cyclist -1 -1 -7.7252 1078.4070 153.6937 1109.0598 233.5782 1.6018 0.3687 1.4504 10.2987 1.0449 15.0725 -7.1390 0.0002
Cyclist -1 -1 -7.7797 1086.7754 146.6668 1117.3794 224.7551 1.5215 0.4251 1.5422 10.2380 0.8434 14.7334 -7.1858 0.0001
Cyclist -1 -1 -5.9855 366.1126 166.5401 442.8232 246.0874 1.8370 0.5064 1.6621 -4.6494 1.4921 16.8648 -6.2560 0.0001
