Pedestrian -1 -1 -4.7256 549.3989 164.9916 572.7371 223.9488 1.8367 0.7267 0.9140 -1.4399 1.3539 22.5098 -4.7868 0.8358
Pedestrian -1 -1 -6.4064 491.9142 169.8734 513.0577 206.5030 1.7774 0.4505 0.9782 -5.0454 1.2619 34.6539 -6.5479 0.8239
Pedestrian -1 -1 -4.8140 547.1202 165.5802 570.6426 224.3304 1.8234 0.6603 0.8592 -1.5043 1.3606 22.4221 -4.8784 0.7233
Pedestrian -1 -1 -4.2052 555.3642 164.3359 591.1936 223.9195 1.8543 0.7180 1.0681 -1.0431 1.3515 22.6422 -4.2488 0.6176
Pedestrian -1 -1 -6.4823 493.9197 169.2998 515.6089 205.7981 1.7682 0.4939 0.9744 -4.9329 1.2258 34.6491 -6.6207 0.6055
Car -1 -1 -4.7688 603.1661 169.2050 636.1928 198.4525 1.7006 1.7693 4.5379 0.8407 1.0439 43.4094 -4.7478 0.6008
Car -1 -1 -4.7644 602.1464 170.1859 632.7015 198.5601 1.6470 1.6442 4.2348 0.7051 1.0484 43.1858 -4.7465 0.5241
Pedestrian -1 -1 -4.1468 561.7835 166.2340 596.4253 224.4780 1.8261 0.6746 1.0186 -0.8628 1.3791 22.7772 -4.1824 0.4950
Car -1 -1 -4.8928 597.7914 170.5680 634.2640 198.7410 1.6287 1.5787 3.6277 0.6155 1.0546 42.7932 -4.8769 0.4797
Pedestrian -1 -1 -4.0707 561.0348 164.6207 595.6855 223.9200 1.8542 0.6603 0.9736 -0.8852 1.3580 22.6970 -4.1074 0.4703
Car -1 -1 -4.7753 604.9446 171.1008 636.0061 198.5641 1.5890 1.6317 4.0561 0.8878 1.0453 42.9686 -4.7530 0.4565
Pedestrian -1 -1 -4.7940 544.8043 166.4302 567.8438 224.7606 1.8168 0.6648 0.8351 -1.5894 1.3789 22.4852 -4.8619 0.4557
Pedestrian -1 -1 -7.8305 544.0209 166.4153 564.9877 224.6803 1.8074 0.6415 0.8929 -1.6281 1.3707 22.3934 -7.9003 0.4205
Car -1 -1 -4.7595 607.4128 170.0645 639.5183 198.0901 1.6295 1.7552 4.4632 1.0737 1.0228 43.3584 -4.7332 0.4074
Pedestrian -1 -1 -6.3493 492.4630 170.3778 511.8022 206.6804 1.7545 0.5158 0.9028 -5.0438 1.2654 34.5164 -6.4914 0.4057
Pedestrian -1 -1 -7.7946 487.3870 170.8302 499.5914 201.4627 1.7182 0.6487 0.5606 -6.3138 1.1760 39.9694 -7.9483 0.1911
Car -1 -1 -4.8128 593.8018 170.5658 626.2538 198.8370 1.6417 1.5678 4.1905 0.2525 1.0649 43.2164 -4.8053 0.1720
Pedestrian -1 -1 -4.5518 482.5795 190.5036 498.5472 229.4500 1.1220 0.4067 0.3663 -3.3776 1.4170 20.6472 -4.7098 0.0943
Car -1 -1 -4.8190 586.2926 171.2880 620.0836 199.2483 1.6226 1.6267 4.1639 -0.1666 1.0881 43.1894 -4.8211 0.0813
Cyclist -1 -1 -8.0507 600.0236 170.8173 613.6905 199.6468 1.6803 0.4863 1.7234 0.0928 1.1160 42.1015 -8.0468 0.0613
Pedestrian -1 -1 -4.4314 445.7556 201.5257 468.0885 253.6945 1.0479 0.3543 0.3969 -3.0973 1.4883 14.5846 -4.6346 0.0584
Pedestrian -1 -1 -4.3474 471.9673 193.0289 491.1393 239.9509 1.1519 0.3667 0.3635 -3.1276 1.4694 17.6858 -4.5177 0.0485
Car -1 -1 -7.8957 611.4023 164.0724 649.1561 202.1902 1.9377 1.8462 4.3762 1.2901 1.1028 38.1366 -7.8605 0.0394
Car -1 -1 -8.0138 519.5277 171.5980 550.9961 194.5373 1.6209 1.6981 3.9763 -5.1736 0.9919 52.0981 -8.1104 0.0319
Cyclist -1 -1 -8.1805 598.6835 169.8961 616.1734 199.0705 1.7046 0.4984 1.7850 0.1257 1.0851 42.2362 -8.1759 0.0313
Pedestrian -1 -1 -4.5955 490.3002 189.7944 505.3299 229.9818 1.1581 0.3927 0.3766 -3.1676 1.4325 20.6589 -4.7436 0.0258
Cyclist -1 -1 -7.4074 485.3707 172.1793 523.8213 228.6480 1.6363 0.4545 1.7104 -3.0517 1.3955 21.3725 -7.5455 0.0253
Car -1 -1 -7.9088 611.1675 163.9798 649.4051 202.3599 1.9606 1.8162 4.7154 1.2987 1.1169 38.4944 -7.8736 0.0232
Pedestrian -1 -1 -4.4825 470.2791 192.8387 490.0355 241.8262 1.1855 0.3976 0.4045 -3.1174 1.4938 17.4321 -4.6546 0.0218
Car -1 -1 -7.9382 517.3287 171.2616 545.6992 194.7305 1.6529 1.7513 3.8869 -5.4235 1.0023 51.8705 -8.0400 0.0207
Pedestrian -1 -1 -4.6639 459.7170 192.3716 478.7893 243.4249 1.2323 0.4414 0.4041 -3.3804 1.5287 17.4041 -4.8506 0.0198
Pedestrian -1 -1 -4.5686 462.0888 190.6954 481.9444 240.2192 1.2218 0.4421 0.3541 -3.3693 1.4802 17.7062 -4.7517 0.0184
Cyclist -1 -1 -7.9182 484.1286 174.0870 502.4790 228.5077 1.5760 0.4443 1.6257 -3.4143 1.3906 21.3172 -8.0729 0.0158
Pedestrian -1 -1 -3.5994 707.8741 170.9234 726.5505 219.4770 1.6439 0.5166 0.4498 3.8135 1.3200 24.2529 -3.4438 0.0142
Car -1 -1 -4.5565 546.5609 172.6051 585.8325 201.1061 1.5975 1.6554 4.3826 -2.2515 1.1551 41.8971 -4.6081 0.0132
Pedestrian -1 -1 -4.5088 480.0461 181.2026 500.6109 228.6225 1.3886 0.5172 0.4688 -3.4332 1.4099 20.9572 -4.6670 0.0106
Car -1 -1 -7.4369 488.9975 171.4154 543.1143 203.4922 1.5434 1.5274 3.2499 -4.4704 1.1065 35.7975 -7.5583 0.0102
Pedestrian -1 -1 -4.5686 448.7296 194.8521 470.9611 253.1920 1.1943 0.3993 0.4198 -3.0810 1.4996 14.8031 -4.7679 0.0083
Car -1 -1 -5.2607 532.8618 173.9164 596.9708 202.5758 1.5554 1.5995 4.4364 -2.3787 1.1982 40.6528 -5.3170 0.0083
Car -1 -1 -7.6885 494.9460 172.6933 538.2539 203.5864 1.5188 1.6499 3.5711 -4.5372 1.1351 36.5805 -7.8091 0.0076
Car -1 -1 -5.1273 535.3177 173.9108 589.1007 201.7486 1.5095 1.5362 4.1413 -2.5217 1.1523 40.5316 -5.1872 0.0075
Car -1 -1 -4.1744 538.9819 170.1550 585.7588 190.9013 1.4645 1.6502 3.9328 -3.0895 0.7343 52.0379 -4.2316 0.0071
Pedestrian -1 -1 -4.5324 431.6843 194.7839 457.4980 253.4695 1.1854 0.4500 0.4296 -3.3571 1.4855 14.6137 -4.7518 0.0070
Car -1 -1 -4.6950 541.6318 171.1564 564.0774 191.2451 1.4324 1.5869 3.5036 -3.8187 0.7662 52.2068 -4.7658 0.0062
Car -1 -1 -4.2203 527.6519 170.6946 574.5943 191.4834 1.4751 1.6723 4.2161 -3.9396 0.7794 52.4359 -4.2931 0.0059
Car -1 -1 -5.0085 535.5976 174.2034 584.2148 201.1320 1.4492 1.5967 4.2378 -2.6420 1.1104 40.3139 -5.0717 0.0059
Car -1 -1 -7.2864 536.1609 173.4243 589.3109 197.4627 1.3858 1.5397 3.5362 -2.5167 0.9780 42.6807 -7.3431 0.0059
Car -1 -1 -7.8564 497.5263 171.1350 530.1149 204.8852 1.6538 1.5887 3.3594 -4.7132 1.1951 36.4137 -7.9823 0.0058
Car -1 -1 -4.7701 534.6675 171.0490 560.1970 191.6472 1.4645 1.6503 4.2036 -4.3039 0.7926 52.4664 -4.8497 0.0058
Pedestrian -1 -1 -4.1872 487.8104 181.7565 511.3483 229.2944 1.3864 0.5366 0.4495 -3.1585 1.4244 20.9443 -4.3329 0.0057
Car -1 -1 -5.1036 535.1133 171.7899 590.2770 201.9225 1.6656 1.6508 4.4556 -2.5550 1.1843 41.4477 -5.1630 0.0056
Car -1 -1 -4.2824 535.8993 170.0398 578.6436 190.9921 1.4839 1.6507 3.9431 -3.4746 0.7431 52.2116 -4.3467 0.0056
Car -1 -1 -4.9775 508.9933 177.2362 535.2454 193.5790 1.4235 1.5029 3.4045 -7.4434 1.1391 63.4438 -5.0920 0.0055
Car -1 -1 -4.7694 515.7876 177.1501 534.6573 193.8431 1.4600 1.4997 3.3933 -7.1828 1.1669 63.6356 -4.8796 0.0054
Car -1 -1 -5.9838 530.5405 173.4864 613.5975 201.0643 1.5687 1.7123 4.5834 -1.9347 1.1699 41.6259 -6.0282 0.0051
Car -1 -1 -5.5170 529.7231 173.1671 604.4723 199.6783 1.4565 1.6495 4.4053 -2.2478 1.0537 40.9088 -5.5698 0.0049
Car -1 -1 -2.4880 473.8705 170.9685 553.9333 201.7174 1.6744 1.8783 4.2771 -5.2312 1.1555 40.3897 -2.6141 0.0046
Car -1 -1 -4.6126 483.2466 170.7293 529.8293 210.8192 1.6555 1.6126 4.3157 -4.3221 1.2522 31.3812 -4.7464 0.0044
Car -1 -1 -5.1289 532.9315 172.7338 582.4582 201.4599 1.5789 1.5064 3.6459 -2.7875 1.1522 40.8269 -5.1948 0.0043
Car -1 -1 -4.6291 478.7571 169.3008 525.7750 210.4855 1.6792 1.6642 4.5064 -4.4704 1.2228 31.1249 -4.7686 0.0040
Pedestrian -1 -1 -4.1265 247.9803 176.1517 276.4746 229.2076 1.4042 0.5592 0.4007 -9.2242 1.2894 18.9509 -4.5711 0.0039
Cyclist -1 -1 -7.4217 479.5116 175.0422 519.7178 233.1001 1.6440 0.4884 1.7455 -3.1349 1.4897 20.9270 -7.5665 0.0037
Pedestrian -1 -1 -2.8860 144.8588 177.8022 190.5141 254.6221 1.5034 0.4677 0.6793 -8.7927 1.4509 14.1579 -3.4300 0.0035
Car -1 -1 -4.4530 459.8707 172.4351 526.1779 215.0591 1.5688 1.5735 4.1900 -4.3989 1.2722 28.1903 -4.6044 0.0035
Cyclist -1 -1 -8.0120 646.7174 170.7012 655.4073 193.8153 1.4637 0.3484 1.3550 2.9521 0.8432 45.4633 -7.9458 0.0033
Car -1 -1 -4.3827 450.6955 172.1251 527.3941 216.2753 1.6240 1.6632 4.4561 -4.5652 1.3161 28.3452 -4.5389 0.0032
Car -1 -1 -4.7673 538.7399 173.8050 568.1988 199.4100 1.3896 1.4624 4.0121 -3.0001 1.0264 40.4555 -4.8390 0.0031
Car -1 -1 -7.5873 489.2409 171.0727 535.8160 203.9295 1.5913 1.5335 3.2787 -4.6730 1.1349 35.9749 -7.7136 0.0031
Car -1 -1 -7.5791 524.0880 174.3530 575.7625 205.0392 1.4020 1.5523 3.6652 -2.6284 1.1213 34.2534 -7.6532 0.0027
Pedestrian -1 -1 -4.4758 343.0223 213.0015 384.5761 309.1309 1.1161 0.3835 0.4421 -2.9821 1.5229 8.6050 -4.7964 0.0023
Cyclist -1 -1 -7.8292 479.4608 176.9800 497.4865 232.6692 1.5818 0.4825 1.6975 -3.4802 1.4821 20.9568 -7.9896 0.0022
Car -1 -1 -8.1795 539.6177 172.3559 590.1277 200.0232 1.4953 1.6290 4.1885 -2.3669 1.0553 40.4591 -8.2358 0.0021
Car -1 -1 -8.0697 495.6211 174.4520 538.7117 201.1577 1.4375 1.6608 3.7549 -5.0402 1.1121 40.1048 -8.1920 0.0021
Pedestrian -1 -1 -4.1387 241.8477 175.7005 272.8103 229.9995 1.4351 0.5941 0.4527 -9.3535 1.3086 18.9488 -4.5888 0.0020
Car -1 -1 -4.5654 530.0405 173.1054 564.2126 200.9299 1.5165 1.4503 3.4184 -3.2701 1.1136 40.2895 -4.6440 0.0019
Cyclist -1 -1 -4.3616 243.6527 176.7976 283.1084 230.2898 1.3833 0.4955 1.4047 -9.2032 1.2879 19.0067 -4.8041 0.0016
Car -1 -1 -4.5523 0.0000 233.5599 14.4128 369.0000 1.3277 1.6092 3.9695 -5.3870 1.8548 4.9428 -5.3478 0.0015
Cyclist -1 -1 -7.6181 514.1171 169.7260 532.5950 207.6838 1.5879 0.4398 1.5372 -3.5224 1.1374 30.3689 -7.7305 0.0014
Cyclist -1 -1 -4.6601 244.4052 177.5358 269.2964 230.8887 1.3786 0.5230 1.3261 -9.3742 1.3023 18.9821 -5.1103 0.0013
Cyclist -1 -1 -7.5631 467.8497 173.4218 505.5859 235.5361 1.5218 0.4923 1.6831 -3.0625 1.3487 18.1890 -7.7253 0.0013
Cyclist -1 -1 -7.8826 509.2297 172.3496 520.7161 210.3049 1.5831 0.4454 1.5407 -3.8876 1.2434 30.2863 -8.0072 0.0013
Car -1 -1 -7.8186 525.2601 174.4496 559.8206 204.7083 1.3831 1.5297 3.6115 -2.9930 1.1067 34.1599 -7.9035 0.0010
Car -1 -1 -7.8646 555.7335 166.1351 572.8403 183.8481 1.6947 1.6355 4.0968 -4.0096 0.3202 69.7467 -7.9200 0.0010
Cyclist -1 -1 -7.8332 524.9468 172.5993 533.6030 202.3134 1.4957 0.4092 1.5504 -3.9088 1.0981 36.3792 -7.9376 0.0008
Cyclist -1 -1 -7.6531 530.1943 173.9071 543.8544 202.9004 1.4566 0.3908 1.5747 -3.5025 1.1255 36.3254 -7.7466 0.0008
Cyclist -1 -1 -8.0470 513.9929 172.8213 530.4213 206.0203 1.5293 0.4599 1.6763 -3.9453 1.1758 33.4388 -8.1616 0.0007
Cyclist -1 -1 -7.7177 524.4957 172.1062 537.8687 204.4666 1.4984 0.4235 1.5425 -3.5133 1.1100 33.5180 -7.8194 0.0007
Car -1 -1 -4.5549 507.8895 173.6783 544.4459 201.4330 1.5136 1.5259 3.5790 -4.4696 1.1417 40.3838 -4.6625 0.0007
Cyclist -1 -1 -7.2639 510.6926 171.3504 543.1503 212.7317 1.5514 0.4258 1.6021 -3.0316 1.2086 27.3153 -7.3714 0.0005
Cyclist -1 -1 -8.0780 512.5551 172.6925 529.5471 206.6823 1.5644 0.4717 1.5156 -3.9870 1.2052 33.3350 -8.1942 0.0005
Car -1 -1 -7.6034 501.0197 175.7104 550.6287 205.5233 1.3661 1.5511 3.5450 -3.7993 1.1468 34.2628 -7.7111 0.0005
Car -1 -1 -4.1808 512.2106 174.1207 562.5950 200.6160 1.4429 1.3828 3.2785 -3.8213 1.0956 40.2832 -4.2729 0.0004
Car -1 -1 -7.5641 508.9140 171.9623 561.5368 204.6409 1.4856 1.5043 3.7755 -3.3260 1.0976 34.1402 -7.6586 0.0004
Cyclist -1 -1 -7.7111 507.5402 171.1289 524.3562 211.8511 1.5237 0.4208 1.5788 -3.4521 1.1733 27.2498 -7.8339 0.0004
Pedestrian -1 -1 -4.4250 347.0076 197.2582 390.7416 305.6981 1.3205 0.4163 0.4269 -3.0174 1.5369 8.8964 -4.7395 0.0003
Pedestrian -1 -1 -4.3921 513.2548 175.1963 530.3743 208.1449 1.3647 0.5860 0.4926 -3.5049 1.1452 29.5856 -4.5069 0.0001
Pedestrian -1 -1 -7.1861 512.6140 176.0605 531.4693 209.7906 1.4059 0.6063 0.5080 -3.5271 1.2211 29.8465 -7.3008 0.0001
Cyclist -1 -1 -4.4988 546.3129 166.6409 575.9297 224.9699 1.7904 0.6322 1.5214 -1.4173 1.3653 22.5031 -4.5591 0.0001
Cyclist -1 -1 -7.8254 545.5919 167.8197 566.2038 225.3629 1.7609 0.6073 1.5727 -1.5820 1.3732 22.4349 -7.8931 0.0001
Pedestrian -1 -1 -4.1342 503.4594 169.1066 526.0621 210.9436 1.5556 0.6920 0.4868 -3.4315 1.1322 26.6596 -4.2589 0.0000
