Car -1 -1 -4.4259 340.4619 182.9728 426.6629 232.7020 1.4156 1.6131 3.8554 -7.2336 1.7688 23.2655 -4.7246 0.9983
Car -1 -1 -4.4621 341.9482 182.6186 423.2552 232.6994 1.4253 1.5907 3.7957 -7.2583 1.7655 23.2243 -4.7622 0.9013
Pedestrian -1 -1 -3.0692 356.6647 174.3000 377.3931 219.0685 1.7711 0.6648 0.7428 -9.7993 1.8297 28.9860 -3.3929 0.4033
Car -1 -1 -4.3197 300.1526 181.6979 367.3543 212.5150 1.4467 1.6911 4.3856 -14.2431 1.9315 37.3628 -4.6819 0.2827
Car -1 -1 -4.3078 307.9664 180.0475 371.7549 211.4570 1.5142 1.6409 4.1067 -14.1145 1.9119 37.8326 -4.6630 0.1739
Car -1 -1 -4.5678 620.1365 175.9827 658.8715 206.3076 1.5645 1.5786 3.9930 1.6370 1.7458 39.7682 -4.5275 0.1591
Car -1 -1 -7.1809 0.0000 186.6044 115.5144 255.9033 1.4352 1.6494 3.9608 -14.3683 1.8102 17.7114 -7.8552 0.1566
Pedestrian -1 -1 -3.1839 354.8226 174.0395 378.7578 219.6573 1.7899 0.7271 0.8768 -9.7665 1.8378 28.8335 -3.5081 0.1559
Car -1 -1 -7.8658 579.6536 175.3487 597.0958 191.5109 1.4347 1.5580 3.7433 -2.0380 1.6710 66.5398 -7.8967 0.1508
Car -1 -1 -4.2943 302.7747 180.5696 370.3896 211.6822 1.4871 1.6921 4.3271 -14.2619 1.9146 37.7943 -4.6531 0.1504
Car -1 -1 -4.5291 622.6743 175.8499 664.3525 206.1768 1.5630 1.5858 4.0576 1.8611 1.7368 39.7684 -4.4832 0.1391
Car -1 -1 -7.8398 344.0872 175.0091 388.3234 218.7231 1.7292 1.6862 4.2205 -10.4853 1.8284 31.0322 -8.1635 0.1194
Car -1 -1 -7.8287 581.3503 175.6698 598.9724 191.4766 1.4031 1.5372 3.4115 -1.8254 1.6684 66.3636 -7.8564 0.1192
Car -1 -1 -4.2693 303.5259 181.0346 373.7525 212.0034 1.4985 1.7756 4.3933 -14.3686 1.9590 38.3758 -4.6257 0.1178
Car -1 -1 -7.2243 0.0000 187.8653 105.7047 260.5804 1.4229 1.6468 4.2863 -14.3067 1.8261 17.2082 -7.9104 0.1123
Car -1 -1 -7.8707 579.4308 175.4067 596.4865 191.6809 1.4411 1.5023 3.3006 -2.0603 1.6807 66.1074 -7.9020 0.1016
Car -1 -1 -7.7593 331.8889 176.9987 380.4007 218.9995 1.6460 1.5927 3.7111 -10.7641 1.8333 30.6619 -8.0946 0.0926
Pedestrian -1 -1 -7.1453 358.7304 175.4939 385.5522 220.6859 1.7817 0.7096 0.7446 -9.5949 1.8892 28.9829 -7.4627 0.0878
Car -1 -1 -7.7620 581.9802 175.2719 602.2360 191.2747 1.4210 1.5309 3.7802 -1.6470 1.6503 66.5917 -7.7870 0.0870
Pedestrian -1 -1 -5.6617 0.0000 180.3160 23.7245 244.9097 1.7092 0.6082 0.5400 -16.3956 1.9138 19.4893 -6.3545 0.0783
Car -1 -1 -8.0333 349.1794 174.7410 405.4434 218.5431 1.7369 1.6472 3.7144 -10.0286 1.8225 30.8120 -8.3458 0.0765
Car -1 -1 -4.3015 313.1060 178.6770 376.3626 209.9059 1.5426 1.6617 4.1053 -14.1145 1.8702 38.5253 -4.6508 0.0747
Pedestrian -1 -1 -5.2317 0.0000 182.2224 18.2017 245.7800 1.6765 0.5873 0.5165 -16.5441 1.9341 19.5047 -5.9285 0.0676
Car -1 -1 -4.5120 627.3174 176.0680 670.8376 205.9654 1.5322 1.5861 4.2247 2.1680 1.7187 39.7040 -4.4584 0.0667
Car -1 -1 -7.7304 353.3740 173.2294 406.1223 216.0843 1.7142 1.6723 3.9831 -9.8613 1.7311 31.0085 -8.0362 0.0569
Car -1 -1 -7.6210 334.0282 176.1467 394.2257 219.2311 1.7055 1.6131 3.6895 -10.4474 1.8543 30.7655 -7.9462 0.0548
Car -1 -1 -4.2801 310.8763 178.4881 376.9041 209.0387 1.5178 1.7146 4.2227 -14.2639 1.8376 38.8236 -4.6303 0.0514
Car -1 -1 -4.7199 165.6801 183.4277 195.3966 212.0696 1.7076 1.5936 4.0551 -27.8667 2.4239 46.7516 -5.2551 0.0472
Pedestrian -1 -1 -5.3036 0.0000 179.6615 23.5326 242.8197 1.6898 0.5412 0.4998 -16.5369 1.8785 19.7062 -5.9952 0.0470
Car -1 -1 -4.6868 839.6621 190.2161 873.7176 221.7997 1.4709 1.6139 3.9365 13.0128 2.4377 38.0663 -4.3605 0.0436
Pedestrian -1 -1 -5.4935 0.0000 178.7944 27.9908 242.7094 1.7133 0.5432 0.5031 -16.4096 1.8776 19.6924 -6.1817 0.0435
Pedestrian -1 -1 -7.4694 358.0561 174.3384 385.4104 220.2675 1.8012 0.7500 0.9106 -9.5492 1.8612 28.8073 -7.7871 0.0398
Car -1 -1 -7.8413 363.5852 173.8860 407.5135 217.2422 1.7282 1.6921 3.7660 -9.6221 1.7751 30.9045 -8.1411 0.0388
Car -1 -1 -7.7358 582.6036 175.8621 603.2561 191.4824 1.3831 1.5099 3.4048 -1.5677 1.6667 66.3338 -7.7597 0.0368
Car -1 -1 -4.9055 828.6172 191.7008 874.0636 222.5468 1.4404 1.5721 3.6698 12.5959 2.4816 37.9553 -4.5881 0.0348
Car -1 -1 -5.1599 811.8165 193.2764 869.8061 223.9442 1.4111 1.5137 3.4280 11.8628 2.5206 37.4067 -4.8559 0.0282
Car -1 -1 -3.7695 793.9537 193.3740 876.0040 224.2482 1.4254 1.5566 3.7643 11.3175 2.5000 36.4480 -3.4714 0.0243
Car -1 -1 -3.5707 803.9961 194.8869 885.3595 224.8854 1.4328 1.6644 3.6049 11.9710 2.5952 37.0334 -3.2612 0.0200
Pedestrian -1 -1 -5.9133 104.9237 189.1938 130.8235 229.5286 1.8075 0.7763 0.7532 -22.6581 2.5689 33.1712 -6.5091 0.0198
Pedestrian -1 -1 -7.1223 107.3788 186.2537 131.7045 227.1658 1.8550 0.6997 0.6108 -22.6701 2.4796 33.2959 -7.7165 0.0150
Car -1 -1 -3.7773 146.1133 187.6509 249.4217 229.5133 1.6622 1.6661 3.7330 -18.3067 2.3629 32.1389 -4.2919 0.0136
Car -1 -1 -7.9220 348.7426 174.4053 394.5269 219.1342 1.7744 1.6069 3.6165 -10.2414 1.8444 30.7379 -8.2415 0.0134
Car -1 -1 -5.0715 816.8784 192.2910 872.3608 223.1752 1.4400 1.5664 3.6519 12.2002 2.5096 37.8510 -4.7627 0.0114
Car -1 -1 -6.7752 786.4030 192.4541 874.4447 223.7487 1.4720 1.6394 3.9741 11.1281 2.4995 36.6386 -6.4833 0.0108
Car -1 -1 -7.6480 241.0528 190.9350 281.7440 218.5318 1.5462 1.5510 3.7321 -21.7395 2.7247 45.0415 -8.0957 0.0104
Car -1 -1 -5.2374 806.9443 192.1891 871.8082 223.1189 1.4273 1.5742 3.7045 11.8895 2.4918 37.7540 -4.9353 0.0096
Car -1 -1 -6.5715 788.9710 191.8835 872.7820 222.3073 1.4828 1.6329 3.8010 11.2453 2.4806 37.0206 -6.2796 0.0096
Car -1 -1 -6.7281 775.4179 188.2991 868.9332 220.1904 1.5184 1.7051 4.2420 10.7172 2.3289 36.6902 -6.4468 0.0092
Car -1 -1 -3.6625 840.2865 191.7479 923.0741 222.2384 1.4657 1.5982 3.6814 13.9128 2.4662 37.1287 -3.3073 0.0092
Car -1 -1 -4.5934 1053.5499 181.3977 1081.3953 199.0917 1.5038 1.6724 4.0739 41.5071 2.3037 65.4690 -4.0308 0.0090
Car -1 -1 -7.5842 245.3212 192.5691 285.2503 218.8864 1.4828 1.4236 3.2619 -21.4732 2.7586 44.9740 -8.0277 0.0080
Car -1 -1 -4.5947 630.6802 175.0545 651.8298 191.4061 1.5412 1.6105 4.0468 3.0712 1.7630 70.7068 -4.5518 0.0078
Car -1 -1 -4.4811 641.1494 175.2312 685.4672 204.4279 1.4933 1.5783 3.8185 2.9138 1.6292 39.2969 -4.4081 0.0077
Car -1 -1 -7.4718 641.3548 176.6270 696.1324 205.8712 1.4727 1.6049 3.9302 3.1899 1.6874 38.9994 -7.3913 0.0073
Car -1 -1 -4.7517 639.5965 175.5168 661.4198 192.9034 1.5472 1.8393 4.7048 3.7215 1.8040 67.2997 -4.6970 0.0072
Car -1 -1 -4.8952 625.9690 174.8624 649.9731 191.3936 1.5580 1.6172 4.1404 2.6894 1.7605 70.6943 -4.8577 0.0071
Car -1 -1 -7.3196 641.3712 176.3345 704.9178 205.2595 1.4534 1.6407 3.9232 3.4086 1.6504 38.8262 -7.2332 0.0069
Car -1 -1 -4.6110 635.0380 175.6848 657.9564 193.7282 1.5945 1.6717 4.5804 3.3967 1.8660 66.9016 -4.5609 0.0068
Car -1 -1 -4.4766 631.2232 175.1218 658.0902 192.0943 1.5950 1.6753 4.3011 3.4118 1.8241 70.7184 -4.4289 0.0067
Car -1 -1 -5.4174 797.4575 192.4569 869.5764 223.2048 1.4116 1.5752 3.6826 11.5647 2.4894 37.6804 -5.1225 0.0064
Pedestrian -1 -1 -6.2051 234.7063 181.5554 249.2652 222.4264 1.8615 0.6396 0.5520 -17.0903 2.2692 33.4338 -6.6747 0.0061
Car -1 -1 -3.7414 136.5529 182.2624 252.2482 228.4139 1.8538 1.7958 4.1861 -18.4615 2.3028 32.1851 -4.2589 0.0061
Car -1 -1 -7.9203 196.6323 179.3266 232.5903 210.5718 1.5870 1.4897 3.5665 -21.6243 1.9567 39.3418 -8.4203 0.0050
Car -1 -1 -4.4583 1044.8538 182.7437 1079.3531 200.6007 1.5331 1.7499 3.9630 41.4500 2.4670 66.1592 -3.9011 0.0044
Car -1 -1 -5.8730 641.5278 174.9084 720.0753 205.3852 1.5094 1.5025 3.7784 3.6283 1.6204 37.5183 -5.7779 0.0044
Car -1 -1 -4.6554 1041.0194 182.2693 1064.9578 199.4234 1.5027 1.7023 3.8805 41.4829 2.4113 67.5711 -4.1071 0.0040
Car -1 -1 -4.5786 1055.8606 180.2384 1085.1012 198.8130 1.5761 1.7172 3.9468 41.4339 2.2614 64.9286 -4.0131 0.0040
Car -1 -1 -4.5514 1031.3013 176.3225 1059.6858 192.8088 1.5005 1.6980 4.0224 41.4224 1.8401 68.6311 -4.0106 0.0037
Pedestrian -1 -1 -2.8048 229.9410 185.1801 244.9952 222.4260 1.6829 0.6234 0.4326 -17.1615 2.2550 33.1649 -3.2794 0.0036
Car -1 -1 -6.0855 252.4743 187.1893 325.6820 215.7586 1.6708 1.7226 3.8826 -19.8629 2.5841 44.7238 -6.5016 0.0034
Car -1 -1 -7.1667 639.5815 173.8343 709.2761 204.2375 1.5373 1.7162 3.7604 3.4398 1.5920 38.5528 -7.0789 0.0033
Cyclist -1 -1 -7.4606 229.4176 186.8682 256.1524 223.5446 1.6257 0.4605 1.7768 -17.1125 2.2950 33.5751 -7.9291 0.0033
Cyclist -1 -1 -7.0651 192.0798 188.7680 229.3512 226.0296 1.5859 0.4136 1.6433 -17.8867 2.3163 32.2800 -7.5679 0.0033
Car -1 -1 -4.0414 69.1053 193.2817 161.2127 229.6791 1.6362 1.7077 4.0819 -25.2135 2.7397 36.8900 -4.6378 0.0032
Car -1 -1 -6.2935 913.2850 183.1347 969.8754 200.2408 1.4436 1.6940 4.5498 29.6271 2.3883 64.6266 -5.8658 0.0030
Car -1 -1 -4.6466 1061.8329 180.2397 1086.9583 198.3177 1.5282 1.6598 3.7478 41.5920 2.2099 64.6299 -4.0772 0.0028
Car -1 -1 -4.1477 82.3348 195.8207 163.5787 228.9584 1.4774 1.5839 3.9157 -24.8267 2.7141 36.8860 -4.7370 0.0026
Cyclist -1 -1 -6.9019 204.0710 188.5261 240.4296 224.7433 1.5674 0.4618 1.4484 -17.5626 2.2921 32.6280 -7.3926 0.0025
Cyclist -1 -1 -7.0832 190.5329 187.3486 224.6380 225.0471 1.6019 0.3648 1.5210 -17.8974 2.2610 32.0431 -7.5893 0.0025
Car -1 -1 -4.5796 117.4334 186.3866 167.7078 224.1991 1.7661 1.6430 4.1947 -24.2920 2.5124 37.5582 -5.1507 0.0025
Car -1 -1 -6.5904 920.2052 179.0634 981.5307 196.8764 1.5452 1.7944 4.6378 30.4517 2.1112 64.6144 -6.1521 0.0025
Car -1 -1 -4.5204 1062.2423 178.5024 1095.4182 196.9606 1.5574 1.7807 3.8419 41.6500 2.0747 64.1083 -3.9467 0.0025
Cyclist -1 -1 -7.6536 223.9869 183.4192 243.9350 223.8595 1.8036 0.4837 1.7381 -17.5164 2.3079 33.5541 -8.1317 0.0022
Car -1 -1 -4.6028 1043.6707 182.8424 1069.7871 200.2008 1.5076 1.6703 3.7478 41.4478 2.4617 66.9508 -4.0509 0.0021
Car -1 -1 -4.4794 1043.9867 182.0822 1075.9332 199.2260 1.4892 1.7044 3.6981 41.5516 2.3656 66.6401 -3.9243 0.0021
Cyclist -1 -1 -7.7334 33.6525 181.6673 47.5555 210.1780 1.5814 0.4168 1.7361 -32.6974 2.0972 41.3978 -8.3989 0.0016
Pedestrian -1 -1 -7.3224 224.2843 181.0429 247.6953 222.1447 1.8837 0.7741 0.5879 -17.4066 2.2673 33.5087 -7.7985 0.0015
Cyclist -1 -1 -7.3202 234.5322 187.8163 261.0544 222.0899 1.5428 0.3761 1.5526 -17.0721 2.2629 33.9540 -7.7832 0.0015
Cyclist -1 -1 -2.0338 9.5955 178.2544 42.3147 209.2041 1.7085 0.6723 1.8783 -33.0413 2.0186 40.7713 -2.7118 0.0014
Car -1 -1 -4.5076 493.8433 172.8086 517.5446 188.5968 1.5131 1.6110 3.5982 -10.2533 1.5084 70.9956 -4.6508 0.0014
Cyclist -1 -1 -1.7109 21.4642 178.5249 43.1379 209.3834 1.7050 0.6905 2.0459 -33.0072 2.0358 41.1708 -2.3837 0.0012
Car -1 -1 -4.9005 27.7334 178.0165 77.9001 207.9551 1.6399 1.6118 3.9568 -32.5714 1.9545 42.0999 -5.5560 0.0011
Cyclist -1 -1 -7.7202 30.6171 181.1710 45.4381 209.9689 1.5924 0.4326 1.7374 -32.7278 2.0774 41.2502 -8.3879 0.0011
Cyclist -1 -1 -3.7233 828.6819 189.9943 870.5920 223.5867 1.6335 0.7004 1.9353 12.0071 2.5091 36.2807 -3.4069 0.0011
Car -1 -1 -4.3774 120.3286 181.8480 186.5389 219.4282 1.8301 1.6898 4.1744 -24.2510 2.3365 38.4253 -4.9375 0.0009
Cyclist -1 -1 -7.7915 23.3350 180.0785 40.3750 209.2534 1.6077 0.6348 1.9582 -33.0634 2.0301 41.2322 -8.4644 0.0007
Cyclist -1 -1 -7.5420 228.5045 183.8387 251.3520 222.0874 1.7249 0.4284 1.7826 -17.4541 2.2558 33.9781 -8.0137 0.0006
Cyclist -1 -1 -2.9012 341.6275 170.5216 388.0686 217.4200 1.8470 0.6592 1.6466 -9.8222 1.7549 28.8157 -3.2273 0.0001
Pedestrian -1 -1 -6.1977 494.1069 170.7405 502.3001 191.7709 2.0003 0.6106 0.7247 -10.7028 1.7990 68.9590 -6.3514 0.0001
Cyclist -1 -1 -2.8929 344.6679 172.3363 387.2836 218.0653 1.8113 0.6518 1.5064 -9.8281 1.7905 28.9619 -3.2177 0.0001
