Car -1 -1 -6.1452 53.0231 178.7790 209.8177 232.8294 1.4689 1.5765 3.6536 -13.6152 1.3954 21.0084 -6.7197 0.9992
Car -1 -1 -7.6172 524.0331 167.4089 574.6199 198.9857 1.4767 1.6296 4.0029 -2.5347 0.8180 35.6999 -7.6925 0.9991
Car -1 -1 -7.0843 0.0000 212.8104 254.5551 373.0000 1.4026 1.5940 3.8564 -2.7243 1.5854 2.1939 -7.9281 0.8576
Car -1 -1 -7.6339 523.3928 166.6806 573.1053 199.3145 1.5266 1.6154 4.1648 -2.5917 0.8336 35.7800 -7.7106 0.8259
Car -1 -1 -4.5731 573.6012 164.7054 606.3993 191.2689 1.6049 1.5549 4.0069 -0.6764 0.5903 45.4814 -4.5928 0.8028
Car -1 -1 -6.9604 0.0000 210.3896 273.0477 373.0000 1.4236 1.6080 3.7303 -2.8692 1.5957 2.3540 -7.7985 0.7658
Car -1 -1 -7.6373 521.8973 167.4723 573.2294 199.9897 1.5208 1.6852 4.3006 -2.6258 0.8650 35.8419 -7.7149 0.7648
Car -1 -1 -7.7949 574.0771 165.3214 602.2103 191.4873 1.5825 1.5691 3.9667 -0.7986 0.6041 45.4562 -7.8173 0.7621
Car -1 -1 -4.5380 574.2005 164.0092 608.9099 190.5547 1.6018 1.5540 3.9330 -0.5764 0.5465 45.4090 -4.5555 0.7443
Car -1 -1 -4.2316 337.7017 172.7740 401.6895 200.2748 1.4333 1.6347 4.1474 -12.7004 0.9787 39.6185 -4.5449 0.7206
Car -1 -1 -7.2109 0.0000 214.1871 236.8312 373.0000 1.3981 1.5197 3.7921 -2.5687 1.5877 2.1484 -8.0349 0.7138
Car -1 -1 -7.1860 0.0000 0.0000 1237.0000 373.0000 1.5267 1.6047 4.1993 -2.5899 1.6258 1.9649 -8.0535 0.7027
Car -1 -1 -4.3541 339.5631 172.9910 397.5584 201.1679 1.4715 1.6891 4.2009 -12.7745 1.0273 39.6484 -4.6689 0.6899
Car -1 -1 -4.4457 339.2341 172.4473 392.1003 200.2181 1.4506 1.6963 4.3801 -12.9697 0.9779 39.7537 -4.7641 0.6505
Car -1 -1 -4.0787 338.1644 172.7843 411.1930 200.9457 1.4618 1.6240 4.2828 -12.4074 1.0096 39.5760 -4.3856 0.6120
Car -1 -1 -6.7835 0.0000 198.9142 272.2149 373.0000 1.4668 1.6261 3.9096 -3.0326 1.5713 2.2135 -7.6761 0.5944
Car -1 -1 -4.5111 339.7227 172.5371 388.4820 201.5011 1.5109 1.7442 4.3131 -13.0503 1.0436 39.7174 -4.8316 0.5830
Car -1 -1 -7.0775 0.0000 226.2083 271.5328 373.0000 1.3681 1.5050 3.5882 -2.7423 1.6352 2.4721 -7.8712 0.5758
Car -1 -1 -4.1658 338.3573 173.2770 405.4749 201.3630 1.4594 1.6250 4.1113 -12.5456 1.0323 39.5151 -4.4763 0.5471
Car -1 -1 -6.9519 0.0000 0.0000 1237.0000 373.0000 1.5573 1.6244 4.3465 -2.8371 1.6399 1.8567 -7.8879 0.4908
Car -1 -1 -4.6010 573.2594 166.2083 604.1066 192.0968 1.5496 1.5651 3.4709 -0.7564 0.6344 44.7970 -4.6227 0.4220
Car -1 -1 -6.5991 0.0000 203.7324 289.7048 373.0000 1.4164 1.6231 3.8029 -3.2529 1.5593 2.5272 -7.4674 0.3762
Pedestrian -1 -1 -4.3623 188.2041 192.9107 210.7253 238.7237 1.0984 0.3700 0.3888 -9.8564 1.3813 17.5549 -4.8728 0.2753
Car -1 -1 -4.6420 340.8043 172.2870 379.8743 201.2779 1.5108 1.7671 4.2338 -13.2687 1.0309 39.7053 -4.9675 0.2609
Pedestrian -1 -1 -6.2568 802.8558 132.7639 891.8871 301.3271 1.9292 0.5156 0.9825 2.8952 1.3721 8.6263 -5.9477 0.2474
Car -1 -1 -4.5016 348.4857 174.7302 394.2867 200.7237 1.3866 1.6359 4.1561 -12.8944 1.0256 40.4677 -4.8132 0.2301
Car -1 -1 -4.3862 573.6392 163.1211 618.1489 190.7787 1.6605 1.6070 4.0628 -0.2933 0.5572 45.3074 -4.3975 0.2205
Pedestrian -1 -1 -3.1185 788.5128 136.4350 883.4028 301.5190 1.8901 0.5483 1.0530 2.7640 1.3748 8.6496 -2.8235 0.2195
Car -1 -1 -4.3554 335.4274 174.0919 389.0873 202.9190 1.4851 1.6272 3.5323 -12.8592 1.1036 38.7993 -4.6784 0.2114
Car -1 -1 -4.6008 338.5505 172.4673 378.9171 201.9630 1.5216 1.6802 3.8036 -13.1569 1.0559 39.0956 -4.9284 0.2050
Car -1 -1 -3.2310 45.0976 181.3564 160.1100 218.1681 1.5311 1.6087 4.0552 -22.0407 1.5255 31.7958 -3.8383 0.1701
Car -1 -1 -6.3536 0.0000 198.1399 252.6491 373.0000 1.4588 1.5972 3.8836 -3.7233 1.5714 2.7802 -7.2455 0.1661
Car -1 -1 -4.6872 340.9939 172.6176 375.1877 202.3611 1.5446 1.6925 3.9996 -13.3226 1.0836 39.4660 -5.0157 0.1621
Pedestrian -1 -1 -7.6618 200.1303 168.4718 216.9689 208.3528 1.8269 0.5834 0.5951 -18.2108 1.2304 33.2791 -8.1642 0.1496
Car -1 -1 -4.1162 33.1265 184.6882 129.8486 220.3452 1.4233 1.4957 3.8090 -22.2837 1.5695 30.9419 -4.7414 0.1461
Car -1 -1 -4.0944 329.0831 174.2209 397.6801 202.8249 1.4504 1.5848 3.8021 -12.6801 1.0815 38.4732 -4.4157 0.1337
Cyclist -1 -1 -7.3669 48.9706 175.1575 120.7383 261.4622 1.6039 0.4120 1.6795 -10.2168 1.4866 14.2093 -7.9869 0.1254
Pedestrian -1 -1 -3.1012 784.4180 139.9283 870.8248 298.8036 1.8561 0.5500 0.9807 2.7210 1.3711 8.8096 -2.8155 0.0804
Pedestrian -1 -1 -4.0998 45.6501 198.5570 83.8140 261.1936 1.1543 0.4297 0.3921 -10.1601 1.4814 13.5491 -4.7394 0.0794
Pedestrian -1 -1 -4.5864 179.6392 195.4221 201.4368 241.3616 1.0955 0.4178 0.3846 -10.0674 1.4410 17.5432 -5.1062 0.0793
Car -1 -1 -4.1075 13.5281 183.5545 110.5371 220.5030 1.4692 1.5944 3.4960 -22.8283 1.5619 30.5375 -4.7504 0.0760
Car -1 -1 -3.9366 29.3760 183.7266 140.4790 219.8480 1.4502 1.5614 4.0046 -22.3033 1.5537 31.1953 -4.5584 0.0712
Car -1 -1 -4.5503 55.8906 185.1851 117.6448 220.8007 1.3965 1.5469 3.8336 -21.8902 1.5646 30.6522 -5.1715 0.0710
Car -1 -1 -3.3862 146.7495 182.3174 226.7675 209.1136 1.5884 1.6527 4.0329 -25.7544 1.6416 44.6974 -3.9115 0.0685
Car -1 -1 -3.3765 154.6127 182.8626 227.1178 208.4228 1.5173 1.6393 3.6338 -25.5013 1.6056 44.6800 -3.8976 0.0672
Car -1 -1 -3.5768 43.3759 180.8828 146.0089 215.9313 1.4649 1.5010 3.4090 -22.4227 1.4394 31.8752 -4.1910 0.0669
Car -1 -1 -3.5426 148.9284 183.0088 227.6372 209.7331 1.5832 1.8018 3.8683 -25.7526 1.6819 44.8765 -4.0661 0.0503
Car -1 -1 -3.5541 157.2012 183.3358 229.4520 209.4466 1.5520 1.6579 3.5621 -25.4532 1.6717 44.8903 -4.0725 0.0493
Car -1 -1 -3.5453 25.3963 180.9830 137.0012 217.9895 1.5198 1.5553 3.6439 -22.7130 1.4989 31.4642 -4.1717 0.0467
Car -1 -1 -4.0289 24.3110 183.8345 122.8977 219.1403 1.4174 1.4627 3.6239 -22.6217 1.5242 30.9288 -4.6615 0.0452
Cyclist -1 -1 -7.5725 42.7494 176.2275 97.1802 260.8336 1.5732 0.4164 1.6669 -10.5232 1.4758 14.2111 -8.2064 0.0452
Car -1 -1 -6.5553 161.1324 182.1088 236.0935 208.5658 1.5852 1.6921 3.7871 -25.2286 1.6251 45.0644 -7.0682 0.0419
Car -1 -1 -4.5446 60.4990 183.2084 124.7192 219.7556 1.4593 1.5999 4.1599 -21.9534 1.5388 31.1094 -5.1602 0.0406
Car -1 -1 -5.1613 321.9558 172.3135 382.5655 201.4704 1.5118 1.5750 3.8977 -13.6304 1.0357 39.1807 -5.4989 0.0399
Pedestrian -1 -1 -3.7958 702.9521 157.1217 715.1248 195.5409 1.9714 0.5243 0.3812 5.5607 0.7207 37.1816 -3.6534 0.0389
Cyclist -1 -1 -7.4319 32.4975 181.7595 102.9179 265.3357 1.5064 0.4655 1.6048 -10.2440 1.5123 13.7858 -8.0672 0.0368
Car -1 -1 -5.9101 327.8830 171.6895 405.4510 200.9506 1.5636 1.6502 3.6897 -12.8134 1.0396 39.3110 -6.2282 0.0359
Car -1 -1 -3.8656 21.8294 181.4567 127.1367 217.6401 1.4721 1.5364 3.5558 -22.7338 1.4706 31.1250 -4.4975 0.0350
Car -1 -1 -3.9078 17.3711 180.4686 118.6050 217.9533 1.5292 1.5830 3.3625 -22.9994 1.4874 31.0932 -4.5457 0.0334
Car -1 -1 -3.5440 34.5690 181.7841 145.3909 217.4556 1.4706 1.5428 3.6636 -22.4322 1.4841 31.6090 -4.1623 0.0319
Pedestrian -1 -1 -7.5657 195.0717 169.6106 214.8102 208.4842 1.7768 0.6256 0.7107 -18.3593 1.2336 33.2476 -8.0719 0.0297
Car -1 -1 -3.0780 33.4379 183.2231 144.7193 219.2626 1.4776 1.5707 3.8572 -22.2069 1.5570 31.2944 -3.6963 0.0215
Car -1 -1 -3.7922 23.5029 182.3687 135.0476 217.6693 1.4284 1.5181 3.7707 -22.5648 1.4688 31.1890 -4.4195 0.0205
Car -1 -1 -5.7236 309.5615 172.6551 383.0488 201.3538 1.4962 1.5534 3.4146 -13.6857 1.0352 38.5734 -6.0674 0.0152
Car -1 -1 -6.6492 171.1335 181.8202 246.3393 208.5701 1.6189 1.8169 3.7868 -24.8535 1.6401 45.5529 -7.1513 0.0132
Car -1 -1 -5.9553 0.0000 200.6260 213.5437 373.0000 1.4755 1.4306 4.2857 -3.9790 1.5942 2.5947 -6.9095 0.0131
Car -1 -1 -3.4634 150.7919 182.6626 231.8179 209.2680 1.5772 1.7642 4.0459 -25.5581 1.6532 44.8615 -3.9838 0.0130
Car -1 -1 -5.9300 1075.1362 159.7010 1230.2637 206.4766 1.5331 1.6372 4.0889 19.5647 0.8191 25.7043 -5.2893 0.0105
Car -1 -1 -5.3430 313.7148 172.1233 382.7310 200.5192 1.4719 1.5075 3.9061 -13.7603 0.9860 38.9568 -5.6854 0.0101
Car -1 -1 -6.5261 163.4960 181.0746 246.5147 207.7960 1.6097 1.9827 4.2464 -25.0344 1.5842 45.4457 -7.0322 0.0100
Car -1 -1 -6.6060 163.1588 182.5085 241.7950 209.3626 1.6114 1.7266 3.9970 -25.1144 1.6779 45.3146 -7.1147 0.0099
Car -1 -1 -5.8538 0.0000 201.5065 216.8192 373.0000 1.4307 1.4277 4.0325 -3.9287 1.5559 2.9251 -6.7491 0.0095
Car -1 -1 -2.0057 160.6418 182.4503 216.1772 209.2293 1.6171 1.7660 3.3708 -25.9868 1.6791 45.1865 -2.5301 0.0086
Cyclist -1 -1 -6.4341 420.3144 170.4953 465.2903 211.6607 1.5907 0.6578 1.6525 -6.2847 1.1658 28.3644 -6.6553 0.0082
Car -1 -1 -5.9109 1062.1672 157.9920 1216.9210 204.0063 1.5131 1.6763 4.1207 19.1706 0.7405 25.8084 -5.2818 0.0080
Car -1 -1 -5.6155 0.0000 207.6883 175.3546 373.0000 1.4758 1.5847 4.3187 -4.4249 1.6320 2.8833 -6.5743 0.0075
Car -1 -1 -5.7951 1053.5518 160.7170 1205.5580 205.4659 1.4977 1.6823 4.1691 19.1416 0.8025 26.2825 -5.1754 0.0075
Cyclist -1 -1 -7.6547 411.6611 168.3354 432.6451 209.3981 1.6184 0.5411 1.5180 -7.2670 1.0999 29.0836 -7.9025 0.0069
Car -1 -1 -5.5574 0.0000 204.8803 251.1928 373.0000 1.4154 1.4450 3.9712 -4.0332 1.5560 3.3372 -6.4056 0.0050
Car -1 -1 -8.0764 158.3609 182.3604 207.9101 210.8772 1.7180 1.8321 4.1457 -26.5460 1.7751 45.5417 -8.6067 0.0048
Car -1 -1 -5.4474 0.0000 214.0284 232.7621 373.0000 1.4427 1.5393 4.4245 -4.3575 1.6322 3.2677 -6.3434 0.0037
Car -1 -1 -7.1486 171.5427 178.6759 240.9880 207.8331 1.7790 1.9686 3.6851 -25.1296 1.6068 45.8304 -7.6527 0.0036
Car -1 -1 -7.0199 165.0425 182.0842 236.8237 210.0147 1.6882 1.7374 3.8027 -25.3334 1.7270 45.5824 -7.5298 0.0034
Cyclist -1 -1 -7.8390 411.6866 167.5707 428.0662 209.1960 1.6292 0.6234 1.4611 -7.3152 1.0843 28.8980 -8.0899 0.0033
Car -1 -1 -2.7602 520.6702 164.3174 604.2473 192.3886 1.6893 1.7765 4.9006 -2.4263 0.6553 44.8475 -2.8188 0.0031
Cyclist -1 -1 -2.2931 389.6604 168.9643 427.2634 208.1205 1.5278 0.6525 1.4500 -7.7332 1.0390 28.6991 -2.5591 0.0031
Car -1 -1 -8.1440 211.8414 172.5749 264.9185 203.0194 1.5785 1.5903 3.6532 -19.8032 1.1159 39.1158 -8.6149 0.0029
Car -1 -1 -1.8270 0.0000 218.3946 245.0277 373.0000 1.3710 1.6688 4.0891 -4.1897 1.6886 4.3614 -2.5695 0.0025
Car -1 -1 -2.5355 519.3325 165.0235 601.3209 193.1399 1.6896 1.8271 4.9958 -2.6142 0.6996 45.2400 -2.5978 0.0022
Car -1 -1 -4.7478 0.0000 200.1967 280.7440 373.0000 1.4039 1.6601 4.6412 -3.7911 1.5957 5.0072 -5.3776 0.0020
Car -1 -1 -2.8970 523.3549 166.8150 601.5719 193.3080 1.5985 1.7091 4.5756 -2.3944 0.7125 44.6056 -2.9552 0.0018
Car -1 -1 -5.0570 0.0000 199.6382 228.7303 373.0000 1.3553 1.4255 4.2554 -4.2982 1.5010 4.1698 -5.8330 0.0017
Pedestrian -1 -1 -4.2802 680.4011 163.7286 706.0966 222.9211 1.4744 0.4534 0.5713 2.3001 1.0323 18.2547 -4.1618 0.0014
Pedestrian -1 -1 -3.0565 172.3699 172.8051 180.5797 205.5628 1.9402 0.6494 0.3706 -25.3876 1.4253 42.9186 -3.5930 0.0013
Car -1 -1 -1.8603 0.0000 217.2383 305.4781 373.0000 1.4393 1.7060 4.2065 -3.8398 1.7377 4.1469 -2.5833 0.0013
Car -1 -1 -5.2879 0.0000 197.3171 252.6496 373.0000 1.4030 1.4261 4.2513 -4.2453 1.5093 3.7256 -6.1105 0.0012
Car -1 -1 -7.9780 180.4143 178.7316 223.9925 207.4869 1.7695 1.9644 4.0204 -25.8163 1.5992 46.4046 -8.4883 0.0010
Car -1 -1 -8.0785 185.5883 181.2563 227.5623 206.4762 1.5656 1.6666 3.3261 -25.5135 1.5506 46.3883 -8.5840 0.0006
Car -1 -1 -1.7610 0.0000 221.7511 266.2462 373.0000 1.3429 1.7059 4.0921 -3.9912 1.7035 4.4780 -2.4671 0.0005
Cyclist -1 -1 -7.8389 363.8114 169.5868 377.2240 209.9675 1.5802 0.4975 1.4800 -9.2999 1.1144 28.8908 -8.1527 0.0004
