Car -1 -1 -8.1969 747.2717 156.3217 1036.0835 374.0000 1.8825 1.6622 3.7956 2.7281 1.7407 8.0945 -7.8843 0.9998
Car -1 -1 -4.6143 455.7438 181.6776 543.5234 255.3021 1.4655 1.6177 4.2919 -2.5296 1.7006 17.0670 -4.7600 0.9996
Car -1 -1 -4.3746 182.3235 152.7065 466.0179 368.2206 1.8862 1.6837 3.9510 -2.9552 1.7096 8.2943 -4.7079 0.9996
Car -1 -1 -4.5236 522.0782 170.2937 584.5045 219.1723 1.7565 1.6478 4.2942 -2.1695 1.6642 28.1555 -4.6004 0.9993
Car -1 -1 -7.1126 620.4640 173.3560 677.2766 201.3023 1.5376 1.5872 3.0909 2.2142 1.5673 41.4085 -7.0600 0.9805
Car -1 -1 -4.6007 494.4068 166.5451 561.5780 231.3738 1.8705 1.6557 4.1730 -2.5545 1.6882 22.9061 -4.7111 0.9768
Car -1 -1 -4.6163 494.0273 166.6092 559.9818 231.9407 1.8851 1.6795 4.1908 -2.5891 1.7046 22.9281 -4.7281 0.8860
Car -1 -1 -4.5891 455.7789 181.2112 547.2457 256.1485 1.4950 1.6015 4.2233 -2.4724 1.7162 16.9960 -4.7322 0.7776
Car -1 -1 -4.5371 524.7426 170.4779 584.6935 219.1455 1.7462 1.6059 4.2548 -2.1123 1.6606 28.0858 -4.6120 0.7656
Car -1 -1 -4.5113 518.3936 170.2204 585.1138 218.1631 1.7321 1.7727 4.3542 -2.2375 1.6366 28.3368 -4.5899 0.7644
Car -1 -1 -4.4962 517.3268 169.9443 584.1661 218.8311 1.7569 1.7112 4.3172 -2.2659 1.6520 28.1853 -4.5763 0.6749
Car -1 -1 -7.7417 490.7739 167.4619 561.1187 231.7759 1.8588 1.7456 4.3232 -2.6239 1.7027 23.0163 -7.8546 0.6054
Car -1 -1 -7.1645 619.3991 173.5352 681.9234 201.1596 1.5221 1.5859 3.7617 2.3539 1.5630 41.7712 -7.1091 0.4763
Car -1 -1 -2.1224 0.0000 187.6340 52.0068 374.0000 1.5358 1.6629 4.0422 -6.1595 1.6509 4.5756 -3.0260 0.3664
Car -1 -1 -1.9814 0.0000 191.2677 51.4367 374.0000 1.5052 1.6573 4.1394 -6.2204 1.6642 4.8705 -2.8610 0.3445
Pedestrian -1 -1 -3.3993 723.1374 163.5566 743.4744 207.3281 1.8207 0.7641 0.6702 5.1507 1.4337 30.4239 -3.2337 0.3200
Pedestrian -1 -1 -6.8699 720.5042 163.1687 743.3580 206.8432 1.8235 0.7712 0.6336 5.1253 1.4188 30.6077 -6.7060 0.2893
Car -1 -1 -2.5068 0.0000 174.8635 31.7819 374.0000 1.5832 1.6406 3.8949 -5.8817 1.5976 3.8898 -3.4612 0.2719
Cyclist -1 -1 -8.4565 722.0883 164.0032 753.8225 208.0197 1.7955 0.4415 1.6625 5.3115 1.4341 30.2797 -8.2850 0.2459
Car -1 -1 -6.3329 0.0000 144.3562 9.7799 374.0000 1.6393 1.6757 3.9541 -5.6726 1.5891 3.3942 -7.3291 0.2248
Car -1 -1 -2.2761 0.0000 175.8407 44.3439 374.0000 1.5788 1.6654 3.9617 -6.0411 1.5999 4.2182 -3.2072 0.2128
Car -1 -1 -1.7905 0.0000 178.0877 42.5017 374.0000 1.4919 1.6525 4.1116 -6.1282 1.5419 5.2043 -2.6319 0.2027
Pedestrian -1 -1 -6.8628 724.3958 162.2801 748.8522 207.3584 1.8677 0.7764 0.7030 5.2862 1.4293 30.3913 -6.6927 0.1943
Car -1 -1 -2.7135 0.0000 162.0453 13.2736 374.0000 1.6333 1.6934 4.0088 -5.6774 1.6072 3.4981 -3.6974 0.1840
Car -1 -1 -7.9239 0.0000 190.5984 36.5654 374.0000 1.4825 1.6952 4.2717 -6.0144 1.6657 5.4494 -8.7342 0.1749
Car -1 -1 -2.0856 0.0000 194.1388 85.5718 374.0000 1.4876 1.6059 3.7780 -5.6496 1.6534 4.4939 -2.9553 0.1618
Car -1 -1 -1.7718 0.0000 191.3200 73.4460 374.0000 1.4987 1.6011 3.9424 -5.5869 1.6693 4.9639 -2.5895 0.1618
Car -1 -1 -1.9451 0.0000 189.7374 72.3898 374.0000 1.5004 1.6446 4.0726 -5.9945 1.6494 4.9260 -2.8012 0.1445
Cyclist -1 -1 -8.4562 723.7550 166.3400 757.7520 209.5879 1.7481 0.4756 1.7585 5.3876 1.4845 30.0632 -8.2811 0.1342
Car -1 -1 -1.7155 0.0000 192.2192 54.8537 374.0000 1.4813 1.6273 4.1007 -5.9440 1.6751 5.3829 -2.5257 0.1266
Cyclist -1 -1 -8.2911 717.8420 164.8112 743.3084 208.3026 1.8054 0.3907 1.6833 5.0927 1.4712 30.8150 -8.1294 0.1233
Car -1 -1 -1.6082 0.0000 190.9048 43.2617 374.0000 1.4873 1.6458 4.1186 -5.9289 1.6779 5.6286 -2.3960 0.1141
Car -1 -1 -6.5881 0.0000 164.7564 31.9447 374.0000 1.6005 1.6102 3.8164 -5.2995 1.5863 3.2994 -7.5651 0.1124
Cyclist -1 -1 -8.4024 719.6016 164.9723 748.2324 207.0383 1.7259 0.4025 1.6132 5.1685 1.4022 30.4265 -8.2363 0.1076
Car -1 -1 -6.8141 0.0000 173.7379 35.2168 374.0000 1.5682 1.5929 3.9327 -5.0071 1.5742 3.1386 -7.7861 0.1004
Car -1 -1 -7.8403 0.0000 192.1099 32.7727 374.0000 1.4608 1.5948 3.8405 -5.6424 1.6569 5.4252 -8.6208 0.0985
Car -1 -1 -4.3190 0.0000 174.6289 118.8353 374.0000 1.5752 1.6284 3.9001 -3.4675 1.5874 2.9815 -5.1359 0.0963
Car -1 -1 -2.4686 0.0000 189.6110 58.1400 374.0000 1.5180 1.6199 3.8157 -5.6189 1.6370 3.8579 -3.4050 0.0938
Car -1 -1 -7.0133 0.0000 180.0741 43.0120 374.0000 1.5349 1.6100 3.5826 -4.9600 1.5884 3.5387 -7.9284 0.0899
Car -1 -1 -7.3340 0.0000 177.7406 29.9227 374.0000 1.5323 1.6040 3.8992 -4.3092 1.5676 3.1495 -8.2331 0.0892
Car -1 -1 -2.6221 0.0000 179.4146 49.7931 374.0000 1.5651 1.6434 4.0031 -5.4967 1.6115 3.5293 -3.5871 0.0877
Pedestrian -1 -1 -3.9973 156.1511 182.9882 224.6320 318.7741 1.5245 0.4399 0.5507 -4.9665 1.6474 8.4607 -4.5149 0.0864
Cyclist -1 -1 -8.3921 719.2117 164.1190 745.7092 206.1496 1.7365 0.3572 1.5529 5.1378 1.3754 30.5993 -8.2278 0.0831
Car -1 -1 -7.8404 0.0000 178.5699 18.6658 374.0000 1.5026 1.7560 4.3906 -6.3217 1.5665 5.9368 -8.6347 0.0785
Car -1 -1 -4.3570 0.0000 174.0153 42.3582 374.0000 1.5760 1.6332 4.1724 -3.8497 1.5841 2.9924 -5.2239 0.0743
Car -1 -1 -7.1414 0.0000 176.7035 24.8228 374.0000 1.5407 1.5813 3.8832 -4.6316 1.5682 3.1456 -8.0757 0.0716
Car -1 -1 -4.5266 0.0000 185.6611 1.8159 374.0000 1.4575 1.6303 3.8303 -5.5292 1.5820 5.0009 -5.3356 0.0710
Car -1 -1 -1.7543 0.0000 200.7579 111.5545 374.0000 1.4655 1.5731 3.7012 -4.5422 1.6817 3.9419 -2.5769 0.0688
Car -1 -1 -6.5911 0.0000 182.5080 59.3140 374.0000 1.5100 1.6231 3.5947 -5.4267 1.5872 3.8220 -7.5150 0.0645
Car -1 -1 -4.4664 0.0000 193.5123 41.3623 374.0000 1.4323 1.5326 3.5744 -5.0487 1.6230 4.7444 -5.2549 0.0539
Car -1 -1 -5.8081 0.0000 178.5496 36.0199 374.0000 1.5423 1.6588 4.0244 -5.4461 1.5820 3.3643 -6.7894 0.0482
Car -1 -1 -4.9265 663.0364 167.1313 689.8727 185.4902 1.6746 1.6287 4.3336 6.2101 1.1523 68.0639 -4.8362 0.0473
Car -1 -1 -6.4692 0.0000 176.4494 0.0000 374.0000 1.5677 1.6986 3.8402 -6.1345 1.5944 3.3276 -7.5085 0.0455
Cyclist -1 -1 -4.4177 177.5010 168.4076 266.1875 325.1378 1.7087 0.5496 1.3463 -4.6283 1.6599 8.5790 -4.9001 0.0425
Car -1 -1 -1.6427 0.0000 192.5950 74.0706 374.0000 1.5308 1.6265 3.9442 -4.3610 1.6782 3.5572 -2.4925 0.0421
Car -1 -1 -4.1936 0.0000 196.1259 59.5330 374.0000 1.4595 1.7283 3.8058 -4.9488 1.6576 4.0702 -5.0438 0.0417
Car -1 -1 -4.6124 0.0000 205.4801 38.0852 374.0000 1.4407 1.5076 3.8308 -4.2547 1.7128 4.0590 -5.3888 0.0378
Car -1 -1 -4.6621 0.0000 194.7638 323.1536 374.0000 1.5108 1.6046 3.8465 -2.8032 1.6921 3.9174 -5.2525 0.0368
Car -1 -1 -4.4468 0.0000 206.6344 47.1697 374.0000 1.3937 1.4971 3.3446 -4.6093 1.6782 4.2629 -5.2402 0.0368
Car -1 -1 -4.3813 0.0000 199.0826 36.6608 374.0000 1.4382 1.5656 3.8426 -4.2013 1.6391 3.4770 -5.2231 0.0357
Pedestrian -1 -1 -3.0156 136.6041 174.0165 213.8412 325.0954 1.6419 0.4615 0.6956 -4.9772 1.6553 8.1961 -3.5476 0.0344
Pedestrian -1 -1 -7.0217 151.2411 171.8156 242.1907 324.1908 1.6363 0.5109 0.7440 -4.7265 1.6248 8.1819 -7.5321 0.0332
Car -1 -1 -4.2617 0.0000 201.9768 28.7140 374.0000 1.4375 1.5190 3.6018 -4.5484 1.6631 3.6425 -5.1214 0.0313
Car -1 -1 -7.7879 0.0000 198.9534 41.6345 374.0000 1.4117 1.5995 3.7620 -5.5599 1.6856 5.6207 -8.5443 0.0311
Car -1 -1 -4.9931 657.6942 167.2750 688.7700 185.8047 1.6874 1.7140 4.5723 5.9039 1.1790 68.1137 -4.9073 0.0304
Car -1 -1 -4.4902 0.0000 205.5600 55.7443 374.0000 1.3321 1.4285 3.4257 -4.7527 1.6253 4.6413 -5.2590 0.0128
Car -1 -1 -4.6283 0.0000 194.8825 35.9620 374.0000 1.4100 1.5998 4.0910 -5.2685 1.6337 5.2409 -5.3910 0.0123
Cyclist -1 -1 -8.3145 719.4719 166.0406 748.5749 210.2110 1.7805 0.4830 1.6928 5.0919 1.5056 29.9657 -8.1483 0.0115
Pedestrian -1 -1 -7.3615 753.7292 165.3849 777.9388 214.9413 1.8610 0.7128 0.5841 5.9044 1.5802 27.5489 -7.1531 0.0072
Car -1 -1 -5.1376 778.0718 182.1461 913.9365 246.4711 1.3828 1.6281 4.2269 5.7617 1.6470 18.3450 -4.8386 0.0068
Car -1 -1 -4.9681 776.3661 181.6928 882.8195 243.6105 1.3694 1.5602 4.2393 5.4845 1.6244 18.7061 -4.6879 0.0068
Car -1 -1 -5.3740 767.7405 180.3709 951.9577 251.0359 1.4393 1.7185 4.6558 5.8377 1.6493 17.7051 -5.0612 0.0057
Car -1 -1 -5.5644 764.7655 180.4938 969.4565 253.2645 1.4358 1.6617 4.5821 5.8337 1.6423 17.1361 -5.2423 0.0052
Pedestrian -1 -1 -6.5025 775.3887 172.9738 801.4071 227.6118 1.6604 0.6901 0.6415 5.4537 1.6639 22.2795 -6.2662 0.0052
Car -1 -1 -5.2158 767.2556 177.8937 920.3166 243.8352 1.3755 1.6521 4.2698 5.4660 1.5143 17.6562 -4.9210 0.0046
Car -1 -1 -4.9898 767.8233 178.8901 894.3156 245.1926 1.3533 1.6743 4.4931 5.0778 1.5173 17.3846 -4.7109 0.0045
Pedestrian -1 -1 -7.5556 760.5309 172.6456 791.5721 227.2153 1.6502 0.7973 0.5909 5.0787 1.6436 22.2738 -7.3350 0.0039
Car -1 -1 -5.2746 757.3123 176.5273 929.6066 247.0595 1.4308 1.7060 4.5545 5.3149 1.5310 17.3119 -4.9822 0.0039
Car -1 -1 -6.2787 671.0314 170.0543 723.0278 188.0979 1.7158 1.7818 4.9301 8.3908 1.4492 69.7985 -6.1598 0.0034
Car -1 -1 -8.9487 0.0000 0.0000 1241.0000 374.0000 1.5353 1.5918 3.5793 3.8587 1.5868 1.3079 -7.7720 0.0030
Car -1 -1 -8.9172 0.0000 0.0000 1241.0000 374.0000 1.5510 1.5858 3.5560 3.4490 1.5892 1.2676 -7.7723 0.0030
Car -1 -1 -8.9741 0.0000 0.0000 1241.0000 374.0000 1.5507 1.5927 3.5724 4.2206 1.6074 1.3389 -7.7730 0.0030
Car -1 -1 -8.8799 0.0000 0.0000 1241.0000 374.0000 1.5453 1.5879 3.5699 3.0897 1.5772 1.2408 -7.7711 0.0030
Pedestrian -1 -1 -4.6200 764.9333 160.6727 785.8907 212.7918 1.9519 0.7277 0.5844 6.2412 1.4954 27.4120 -4.3990 0.0027
Car -1 -1 -6.2811 679.9666 172.2148 726.0876 188.9914 1.5936 1.6308 4.3626 8.9488 1.5326 69.6292 -6.1542 0.0027
Cyclist -1 -1 -6.5536 764.1389 168.4520 822.7808 225.0917 1.7202 0.7525 1.6129 5.6104 1.5862 22.3128 -6.3110 0.0023
Car -1 -1 -6.3745 680.6981 171.1728 724.6433 187.8535 1.5892 1.4669 4.0821 8.8882 1.4288 69.5481 -6.2482 0.0022
Car -1 -1 -6.5054 718.6335 171.7868 821.9670 205.4695 1.5095 1.5647 4.3921 7.2652 1.4613 33.1366 -6.2919 0.0021
Car -1 -1 -3.0973 661.1257 177.7417 714.4084 195.7958 1.4925 1.7677 4.4443 6.6248 1.9170 61.5091 -2.9909 0.0020
Pedestrian -1 -1 -6.6322 786.1459 172.7389 810.0447 229.7125 1.7257 0.7353 0.4872 5.7448 1.7219 22.2451 -6.3835 0.0018
Car -1 -1 -6.4087 669.9989 168.2290 722.6438 185.9545 1.6875 1.8272 4.8506 8.2773 1.2469 69.6250 -6.2911 0.0014
Cyclist -1 -1 -4.8194 730.2068 167.7988 749.3679 211.2754 1.9024 0.6727 1.6018 5.7736 1.6809 32.3938 -4.6452 0.0012
Pedestrian -1 -1 -4.3745 724.4219 177.5108 742.5320 209.5378 1.4137 0.6614 0.5359 5.4962 1.6248 32.3593 -4.2083 0.0011
Cyclist -1 -1 -4.7895 722.9236 172.8638 742.0034 213.8272 1.7978 0.7205 1.5835 5.4608 1.7980 32.4874 -4.6251 0.0010
Cyclist -1 -1 -3.4039 722.8834 168.5005 763.5617 212.3746 1.9406 0.6517 1.6787 5.9159 1.7478 32.3094 -3.2250 0.0010
Car -1 -1 -6.5622 661.2759 167.2284 716.2938 184.1237 1.5973 1.9127 4.9369 7.5576 1.0651 69.5773 -6.4547 0.0008
Pedestrian -1 -1 -7.6906 433.3088 169.2707 454.8236 213.7690 1.6517 0.6994 0.6013 -6.2739 1.5184 27.1036 -7.9164 0.0006
Pedestrian -1 -1 -7.7524 716.4362 171.2831 737.9084 212.2862 1.8102 0.8829 0.7224 5.2090 1.7405 32.3166 -7.5946 0.0004
Pedestrian -1 -1 -5.8763 425.8588 165.4955 449.3368 213.6671 1.7808 0.7019 0.6307 -6.5099 1.5085 27.0743 -6.1104 0.0004
Pedestrian -1 -1 -4.3475 1173.4080 134.9873 1241.0000 374.0000 1.6711 0.6128 0.5364 4.6209 1.4101 5.3679 -3.6640 0.0001
