Car -1 -1 -7.1310 693.2423 184.5508 784.2166 222.6540 1.4403 1.6477 3.8124 5.3844 1.9598 30.2321 -6.9571 0.9994
Car -1 -1 -8.1033 622.5228 190.6691 713.4529 256.7222 1.4594 1.5603 3.2237 1.3526 1.9608 18.5972 -8.0329 0.9988
Car -1 -1 -7.2543 829.3685 183.0990 894.5862 214.4385 1.4515 1.5156 3.2425 12.5557 1.9850 36.0220 -6.9221 0.9988
Car -1 -1 -3.7893 552.7709 189.5327 636.4088 222.1441 1.3741 1.5788 3.7497 -0.7361 2.2011 34.0089 -3.8115 0.9988
Car -1 -1 -7.2477 761.6304 182.1657 845.2696 218.0216 1.5004 1.6467 4.1614 8.8996 1.9540 33.1944 -6.9886 0.9906
Car -1 -1 -8.5938 877.4482 186.4999 1241.0000 374.0000 1.6067 1.5946 3.6239 2.9304 1.7118 3.6856 -7.9615 0.9840
Car -1 -1 -7.3727 874.3864 176.0694 944.7698 210.4894 1.7357 1.7880 4.1459 16.0948 1.9172 38.7808 -6.9825 0.9488
Car -1 -1 -7.4148 874.1686 176.2533 942.8559 210.4623 1.7249 1.7415 4.3715 16.1039 1.9179 38.9216 -7.0257 0.9089
Car -1 -1 -7.2576 831.6347 183.0308 895.8235 214.4263 1.4529 1.4366 3.2688 12.6194 1.9816 35.9499 -6.9232 0.8369
Car -1 -1 -8.6243 865.8592 183.5328 1241.0000 374.0000 1.6162 1.6462 4.0463 2.9864 1.7013 3.6633 -7.9801 0.8343
Car -1 -1 -6.3213 969.9097 176.7944 1067.2528 213.1504 1.4779 1.6184 3.5803 17.5234 1.6563 31.1945 -5.8140 0.8157
Car -1 -1 -3.9986 666.2660 185.6644 730.1349 216.6109 1.5057 1.4701 3.4370 4.6594 2.2140 38.2132 -3.8789 0.8156
Car -1 -1 -8.5596 874.9689 186.2314 1241.0000 374.0000 1.5788 1.5677 3.6221 2.8537 1.6809 3.6570 -7.9365 0.7994
Car -1 -1 -5.5402 864.1708 188.4537 1241.0000 374.0000 1.5428 1.6678 4.1972 2.9930 1.6648 3.4547 -4.8687 0.7337
Car -1 -1 -4.5414 967.5955 175.9043 1010.3610 204.4403 1.6983 1.7031 4.2908 23.9729 1.9004 45.6402 -4.0609 0.7324
Car -1 -1 -3.9848 663.5329 186.1223 732.9388 217.8022 1.5271 1.5600 3.7272 4.6542 2.2612 38.1217 -3.8649 0.7241
Car -1 -1 -4.3680 963.8553 175.0898 1019.9156 204.2671 1.7458 1.7539 4.4303 24.1577 1.8936 45.6460 -3.8843 0.6893
Car -1 -1 -6.3343 985.2617 176.0348 1082.6401 212.6451 1.4797 1.6599 3.5096 18.0484 1.6227 30.9675 -5.8112 0.6854
Car -1 -1 -6.3426 978.9370 176.4181 1076.8997 212.7465 1.4708 1.5467 3.5418 17.7993 1.6308 30.9783 -5.8256 0.6839
Car -1 -1 -4.3432 967.1072 175.6616 1020.0555 204.2090 1.7045 1.6212 3.9887 24.1161 1.8883 45.3804 -3.8578 0.6761
Car -1 -1 -2.3460 0.0000 193.8505 81.4656 238.1086 1.4739 1.5513 3.6864 -21.3726 2.2565 25.9298 -3.0305 0.6245
Car -1 -1 -1.9868 111.6840 186.0546 189.4764 222.2945 1.4595 1.6063 3.5626 -20.3877 2.0736 31.9253 -2.5515 0.6230
Car -1 -1 -6.2499 946.8938 175.6606 1059.7612 212.9540 1.5220 1.6611 4.2273 17.0672 1.6512 31.4947 -5.7576 0.6113
Car -1 -1 -4.0396 663.9836 185.8570 726.9354 216.3954 1.4818 1.4929 3.4498 4.5206 2.2022 38.2430 -3.9235 0.5974
Car -1 -1 -6.2907 960.9462 176.1906 1063.0712 212.6275 1.4873 1.6559 3.7887 17.3604 1.6396 31.3763 -5.7897 0.5786
Car -1 -1 -3.9008 665.4598 185.7149 740.5701 216.5007 1.4985 1.6335 3.9292 4.9458 2.2162 38.4625 -3.7746 0.5782
Car -1 -1 -4.6422 967.8511 176.8554 1003.3283 204.4352 1.6356 1.7105 4.3234 23.8128 1.9017 45.7458 -4.1653 0.5455
Car -1 -1 -6.4407 1001.6209 173.8503 1129.2231 212.2199 1.5343 1.7402 4.3427 19.1115 1.5784 30.5777 -5.8868 0.5380
Car -1 -1 -4.4983 968.3600 176.8123 1013.6968 205.0727 1.6733 1.6385 4.4483 24.0723 1.9353 45.5795 -4.0155 0.5216
Car -1 -1 -6.3849 972.5237 177.6617 1067.4154 213.5581 1.4558 1.5375 3.3966 17.4855 1.6713 31.0096 -5.8760 0.5081
Car -1 -1 -1.9048 120.3666 185.4713 190.4631 222.2981 1.4881 1.6088 3.4053 -20.2304 2.0771 32.0091 -2.4649 0.4971
Car -1 -1 -6.8213 685.3569 183.6259 787.0828 221.6482 1.4730 1.6438 3.9155 5.2454 1.9464 30.2596 -6.6520 0.4922
Car -1 -1 -4.8293 962.1986 177.3931 1002.3965 204.6726 1.6154 1.7316 4.5757 23.6265 1.9198 45.9879 -4.3577 0.4753
Car -1 -1 -6.4141 998.9197 175.3607 1110.9784 212.4933 1.4874 1.6880 3.8538 18.7416 1.5989 30.6569 -5.8700 0.4589
Car -1 -1 -2.4451 0.0000 194.6447 79.5938 238.3563 1.4622 1.5471 3.7230 -21.3715 2.2622 25.7107 -3.1337 0.4533
Car -1 -1 -8.0883 127.3666 185.3347 188.1907 222.7408 1.5128 1.5709 3.2987 -20.1513 2.0965 32.0440 -8.6462 0.4451
Car -1 -1 -1.9099 122.4673 185.1040 187.9894 222.5504 1.5178 1.5258 3.0317 -20.0972 2.0834 31.7933 -2.4701 0.3906
Car -1 -1 -4.6019 969.5424 176.5839 1006.8837 203.4455 1.5857 1.6822 3.7261 23.6701 1.8293 45.1694 -4.1223 0.3834
Car -1 -1 -4.1256 669.4052 186.3669 733.0521 216.4275 1.4361 1.5290 3.7311 4.8190 2.1852 38.1028 -4.0014 0.3649
Pedestrian -1 -1 -7.5090 836.9641 176.2024 851.1884 203.2188 1.8060 0.7544 0.6108 15.8068 2.0345 48.8238 -7.1981 0.3447
Car -1 -1 -7.7587 283.3881 189.2109 322.0823 218.0795 1.4345 1.6147 4.0096 -17.2054 2.4001 40.4505 -8.1588 0.3365
Car -1 -1 -3.8727 666.2692 185.7534 738.0927 216.0019 1.4661 1.5445 3.6705 4.8471 2.1767 38.0849 -3.7477 0.3285
Car -1 -1 -4.7077 974.2162 177.1663 1006.0941 204.8773 1.6427 1.7166 4.5912 24.1725 1.9316 45.9590 -4.2266 0.3172
Car -1 -1 -4.1375 663.8300 186.8029 726.2350 217.4629 1.4600 1.5249 3.6542 4.4764 2.2305 37.9765 -4.0218 0.3010
Car -1 -1 -3.9935 266.6465 184.5383 320.1251 210.3591 1.8811 1.7846 3.7831 -24.7698 2.8296 56.5149 -4.4052 0.2977
Car -1 -1 -4.7175 968.4568 177.7634 999.3409 204.3992 1.5677 1.6579 3.9629 23.4619 1.8909 45.3999 -4.2436 0.2813
Car -1 -1 -2.3085 0.0000 191.9145 90.4815 236.6029 1.4968 1.6434 3.6300 -21.2100 2.2175 26.1984 -2.9842 0.2812
Car -1 -1 -6.3771 999.6964 175.3210 1118.3320 212.7998 1.4871 1.6229 4.1076 18.7867 1.5966 30.4744 -5.8294 0.2726
Car -1 -1 -2.3039 0.0000 191.7228 83.8943 235.8103 1.4697 1.6223 3.9963 -21.5411 2.1809 26.1044 -2.9889 0.2650
Car -1 -1 -6.6330 450.5504 186.5416 516.8910 216.5620 1.5457 1.5655 3.2869 -7.0348 2.3330 40.0178 -6.8064 0.2584
Car -1 -1 -4.2226 956.5598 177.3304 1018.9686 203.8671 1.5805 1.7166 4.2158 23.8172 1.8744 45.5168 -3.7436 0.2534
Car -1 -1 -6.3986 951.4301 177.7787 1060.3140 214.5277 1.4971 1.5915 3.9682 16.9969 1.7202 31.2605 -5.9050 0.2421
Car -1 -1 -6.4254 995.1903 174.4802 1119.4550 212.8832 1.5412 1.8065 4.2788 18.8885 1.6140 30.7695 -5.8795 0.2399
Car -1 -1 -6.2987 1004.0030 173.4802 1130.3492 212.3046 1.5255 1.6357 4.3685 18.9909 1.5530 30.2343 -5.7426 0.2351
Car -1 -1 -6.3108 991.1943 175.0263 1102.3978 212.8630 1.5053 1.5834 3.9375 18.3399 1.6019 30.5449 -5.7747 0.2344
Car -1 -1 -6.3524 1007.0471 173.7519 1139.4224 212.3077 1.5149 1.7153 4.5497 19.2198 1.5546 30.2664 -5.7914 0.2083
Car -1 -1 -7.2456 266.5110 186.9103 315.1881 211.3727 1.7649 1.7580 3.5340 -24.8097 2.8954 56.1463 -7.6602 0.1964
Car -1 -1 -6.8021 447.3150 186.4123 513.6655 216.5176 1.5461 1.5225 3.3201 -7.2293 2.3320 40.1898 -6.9794 0.1943
Car -1 -1 -2.1170 100.2052 186.4058 186.8749 222.4477 1.4516 1.6052 3.5214 -20.5229 2.0742 31.6748 -2.6883 0.1934
Car -1 -1 -7.8139 140.2598 185.6327 183.9848 223.0364 1.5081 1.5135 3.2628 -19.9199 2.1082 32.1102 -8.3657 0.1931
Car -1 -1 -8.0131 998.1147 176.0162 1041.3055 204.9702 1.5601 1.5782 3.6013 23.3385 1.7493 41.2698 -7.5019 0.1769
Car -1 -1 -4.3022 665.6430 185.4762 718.3485 215.5616 1.4584 1.5268 3.5033 4.3744 2.1642 38.4682 -4.1905 0.1682
Car -1 -1 -4.8875 960.1965 178.3395 1001.5120 204.7604 1.5619 1.6195 4.1106 23.4286 1.9264 45.7721 -4.4175 0.1591
Car -1 -1 -6.7027 974.4316 175.1070 1081.4216 211.3433 1.5183 1.6652 3.6628 18.0499 1.6191 31.3659 -6.1850 0.1566
Car -1 -1 -7.8915 1008.7753 175.3907 1043.0775 204.4332 1.5659 1.5474 3.4083 23.6096 1.7167 41.0986 -7.3735 0.1421
Car -1 -1 -5.5853 210.3501 191.1660 281.5371 216.5902 1.4598 1.6070 3.7591 -22.4169 2.6170 44.3935 -6.0508 0.1327
Car -1 -1 -6.6564 1014.2161 175.3119 1104.6976 203.5108 1.5078 1.6164 3.9290 24.7595 1.6474 39.9235 -6.1049 0.1103
Car -1 -1 -6.5181 1005.9084 176.5099 1139.0142 213.4514 1.4681 1.6424 4.4653 19.3437 1.6297 30.4631 -5.9571 0.1004
Car -1 -1 -3.2690 936.0250 178.3202 1054.0568 216.0996 1.5433 1.7243 4.3493 16.6333 1.7934 31.4896 -2.7874 0.0959
Car -1 -1 -5.6883 210.0406 190.9774 280.5529 216.3023 1.4639 1.5816 3.5841 -22.3366 2.5987 44.1752 -6.1544 0.0884
Car -1 -1 -7.8669 1013.3981 174.4252 1046.0309 203.8726 1.5903 1.5414 3.5820 23.8347 1.6838 41.1137 -7.3450 0.0866
Car -1 -1 -6.8134 1011.2724 175.4815 1099.7417 203.2498 1.5080 1.6076 3.9196 24.7208 1.6571 40.1817 -6.2655 0.0825
Car -1 -1 -6.5356 1018.3697 174.9265 1109.3920 204.1077 1.5405 1.6528 3.9423 24.8245 1.6580 39.6622 -5.9801 0.0635
Car -1 -1 -4.8284 1006.3099 172.9089 1049.0170 204.8261 1.7335 1.6445 3.9967 23.8381 1.7365 41.3559 -4.3090 0.0608
Car -1 -1 -2.4532 86.5417 185.7190 201.3915 221.8053 1.5165 1.7888 4.1210 -20.8286 2.1116 32.2616 -3.0230 0.0528
Car -1 -1 -7.1780 0.0000 189.3138 119.4720 236.1782 1.5326 1.7272 3.7676 -20.4758 2.1882 26.8449 -7.8249 0.0390
Car -1 -1 -7.1578 1009.8287 173.8517 1088.2001 202.9301 1.5763 1.5778 4.0015 24.6645 1.6340 40.6069 -6.6155 0.0334
Car -1 -1 -7.9091 1003.8328 174.6290 1053.8689 211.8770 1.5288 1.6817 3.6686 18.3610 1.6118 31.8238 -7.3902 0.0232
Car -1 -1 -7.8163 1016.5836 173.9928 1050.5640 203.8105 1.6086 1.5428 3.7450 24.1016 1.6763 41.0723 -7.2891 0.0214
Cyclist -1 -1 -8.3308 461.7049 185.9383 483.9472 218.1316 1.6139 0.3547 1.7945 -7.2061 2.3111 37.6497 -8.5192 0.0202
Car -1 -1 -3.3508 244.9512 189.7974 316.5645 216.0433 1.4819 1.5902 3.7987 -20.4483 2.5749 44.7894 -3.7772 0.0188
Cyclist -1 -1 -8.2861 461.6422 185.2670 481.9943 218.0501 1.6521 0.3713 1.6895 -7.2783 2.3150 37.7579 -8.4757 0.0174
Cyclist -1 -1 -8.3081 461.5525 186.0229 482.2839 218.6638 1.6383 0.3471 1.7070 -7.2502 2.3393 37.6372 -8.4977 0.0169
Cyclist -1 -1 -6.9111 1021.5350 169.9235 1056.0752 203.5451 1.8268 0.6305 1.5576 23.4862 1.6673 39.5931 -6.3793 0.0166
Cyclist -1 -1 -8.2906 465.0203 186.4857 483.6022 218.3700 1.5937 0.3629 1.4555 -7.0708 2.3123 37.3569 -8.4770 0.0150
Car -1 -1 -7.8492 1011.4828 172.0181 1060.0662 211.6990 1.6313 1.7453 3.5750 18.6128 1.5966 31.6456 -7.3220 0.0147
Cyclist -1 -1 -8.1770 465.7766 185.9397 483.9499 218.3827 1.6262 0.3728 1.8268 -7.1224 2.3271 37.7726 -8.3627 0.0087
Car -1 -1 -8.2057 440.0119 187.0165 486.6802 217.2031 1.5405 1.4488 3.4781 -8.2901 2.3703 40.4280 -8.4072 0.0087
Car -1 -1 -7.2217 238.5125 190.9657 298.3474 215.9535 1.4032 1.6842 3.4046 -21.2774 2.5786 45.0056 -7.6614 0.0082
Car -1 -1 -4.2620 1006.4805 172.6855 1075.5908 203.6765 1.6764 1.6535 4.3386 24.4317 1.6670 40.9190 -3.7273 0.0077
Car -1 -1 -7.8851 1005.4948 174.5611 1055.3943 212.9486 1.5749 1.7533 4.2645 18.5826 1.6559 32.0994 -7.3647 0.0072
Car -1 -1 -4.6324 1021.8298 174.1582 1059.0497 203.1262 1.5555 1.5487 3.4536 24.3091 1.6323 40.7697 -4.0983 0.0068
Car -1 -1 -4.8524 993.2385 173.8149 1054.9224 212.3830 1.5898 1.7548 4.4343 18.3605 1.6356 32.2449 -4.3391 0.0067
Pedestrian -1 -1 -7.8422 37.3695 185.0478 57.9059 221.7647 1.6293 0.7275 0.6300 -25.6012 2.1913 32.8021 -8.5012 0.0066
Car -1 -1 -8.2587 432.6707 186.4977 485.3979 217.1387 1.5604 1.4933 3.8681 -8.5632 2.3648 40.5475 -8.4660 0.0052
Cyclist -1 -1 -7.2612 1023.5309 171.2428 1055.0687 204.8422 1.8286 0.6112 1.7865 23.7221 1.7406 39.9300 -6.7288 0.0044
Car -1 -1 -4.6949 1004.7296 174.2614 1058.4098 212.4205 1.5536 1.9309 4.9302 18.7742 1.6211 32.1785 -4.1711 0.0041
Cyclist -1 -1 -7.2054 1020.5219 171.7972 1052.5868 204.8357 1.7974 0.6543 1.6688 23.5363 1.7396 39.8761 -6.6758 0.0024
Car -1 -1 -3.1805 267.0862 190.6806 368.3247 229.5430 1.4602 1.5855 3.8098 -12.1712 2.2381 29.9930 -3.5633 0.0018
Car -1 -1 -3.1155 268.1732 190.8521 374.3004 232.9984 1.5947 1.7299 3.9993 -12.0045 2.3821 30.0808 -3.4926 0.0012
