Car -1 -1 -2.7429 114.3499 181.5226 371.5180 272.5339 1.5153 1.6713 3.8253 -6.5693 1.6842 13.1374 -3.1990 0.9999
Car -1 -1 -8.1625 767.3600 176.8132 1008.6125 338.4971 1.6223 1.6657 3.7899 3.1842 1.6832 9.2383 -7.8416 0.9998
Car -1 -1 -8.0266 680.8337 181.5201 749.9807 234.3029 1.4945 1.5662 3.4076 3.1918 1.7879 22.7283 -7.8897 0.9996
Car -1 -1 -2.7683 260.4978 179.8283 443.5986 247.6605 1.5705 1.6072 3.9286 -6.3074 1.7503 17.7591 -3.1054 0.9989
Car -1 -1 -6.0453 365.4944 171.6769 491.7901 231.4119 1.8019 1.5823 3.5568 -5.6502 1.7661 22.5656 -6.2885 0.9955
Car -1 -1 -2.5208 0.0000 189.5713 234.8882 350.3469 1.4444 1.6019 4.0732 -6.4796 1.6422 7.6131 -3.2089 0.9938
Car -1 -1 -8.5136 888.7246 187.8282 1241.0000 374.0000 1.5163 1.6287 3.8077 3.1217 1.6405 4.0607 -7.8937 0.9924
Car -1 -1 -3.2867 727.9733 182.9449 824.6132 218.4556 1.4016 1.6883 3.7044 6.8088 1.8349 30.0182 -3.0665 0.9808
Car -1 -1 -3.1470 497.3449 173.3395 560.4241 200.2808 1.8723 1.8377 4.3827 -5.7988 1.9073 51.3553 -3.2593 0.9740
Car -1 -1 -6.0722 309.8876 178.1747 476.8706 239.2399 1.6037 1.6316 4.2011 -5.9685 1.7586 20.0883 -6.3580 0.9570
Car -1 -1 -3.0223 390.5896 178.2376 496.9213 221.7339 1.5759 1.6290 3.7656 -6.2839 1.7876 27.3980 -3.2461 0.9552
Car -1 -1 -3.2652 736.3289 182.8381 817.1331 218.6451 1.4156 1.6453 3.0896 6.8424 1.8443 30.0356 -3.0439 0.9216
Car -1 -1 -6.1255 436.2543 167.3583 525.5891 207.7277 2.0028 1.7467 4.2521 -6.5502 1.7298 36.7081 -6.3013 0.9187
Car -1 -1 -6.0520 199.3767 180.8526 432.0799 260.2901 1.5243 1.6208 4.2680 -6.0634 1.7045 15.1751 -6.4267 0.8996
Car -1 -1 -2.7312 112.0436 181.1075 370.1886 273.1246 1.5351 1.5773 3.8592 -6.5816 1.6944 13.0759 -3.1898 0.8953
Car -1 -1 -2.8095 254.1176 180.0692 441.8391 246.9106 1.5516 1.5774 4.0424 -6.3851 1.7367 17.7309 -3.1509 0.8586
Car -1 -1 -6.1042 437.0948 170.5832 524.6500 209.1116 1.9121 1.6717 4.1465 -6.5486 1.7991 36.6512 -6.2802 0.8574
Car -1 -1 -6.0404 352.8296 171.8024 493.3658 230.4158 1.7626 1.6459 3.9682 -5.8041 1.7307 22.5344 -6.2902 0.8487
Car -1 -1 -3.0254 483.0458 176.9105 547.1216 202.6194 1.6068 1.7411 3.8995 -6.0817 1.8717 46.2773 -3.1558 0.8418
Car -1 -1 -3.0065 389.4088 178.1998 498.2972 221.3064 1.5638 1.5619 3.8467 -6.2738 1.7732 27.3588 -3.2303 0.8368
Car -1 -1 -8.0149 681.0288 180.6122 751.9534 234.4723 1.5250 1.6173 3.7046 3.2324 1.7904 22.8387 -7.8768 0.7959
Car -1 -1 -6.0379 359.2076 172.1199 492.4013 230.9984 1.7777 1.6723 3.7512 -5.7463 1.7552 22.6235 -6.2844 0.7633
Car -1 -1 -6.1543 297.8763 175.6190 473.4704 239.9993 1.6563 1.7427 4.4277 -6.0852 1.7369 19.8905 -6.4480 0.7570
Car -1 -1 -3.2825 729.2664 182.8618 828.7777 219.0053 1.4270 1.5559 3.8324 6.9049 1.8549 29.9388 -3.0586 0.7330
Car -1 -1 -3.3208 730.3870 181.4706 833.4209 217.6404 1.4383 1.7136 3.9307 7.0584 1.8087 30.0951 -3.0933 0.7206
Car -1 -1 -6.1170 202.4738 181.2708 431.4016 261.3875 1.5078 1.6596 4.2060 -5.9819 1.6979 15.0827 -6.4891 0.7094
Car -1 -1 -6.0946 435.4853 166.4957 523.8445 204.6181 1.8979 1.7939 4.1774 -6.6410 1.5811 36.8412 -6.2721 0.6977
Car -1 -1 -3.1444 498.7261 174.6766 561.7719 200.0301 1.7568 1.7835 4.3782 -5.6929 1.8890 51.2946 -3.2548 0.6689
Car -1 -1 -6.2147 502.5549 178.3405 558.2101 202.9879 1.5377 1.6802 3.4461 -5.1111 1.8966 46.3313 -6.3244 0.6652
Car -1 -1 -6.4620 733.0048 180.9470 838.9833 217.4310 1.4460 1.7023 4.0324 7.1986 1.7927 29.9810 -6.2292 0.6594
Car -1 -1 -3.0265 478.5266 176.6929 545.9626 202.4593 1.6077 1.7027 4.1088 -6.2484 1.8578 46.1761 -3.1607 0.6212
Car -1 -1 -6.3024 711.6331 178.1457 803.3065 214.4826 1.5650 1.6732 3.9550 6.5753 1.8123 32.5900 -6.1057 0.6199
Car -1 -1 -3.0671 493.1639 178.3327 548.0972 202.6132 1.5089 1.6411 3.3748 -5.7157 1.8659 46.1494 -3.1901 0.5945
Car -1 -1 -2.9982 480.4881 175.5036 547.7645 201.2306 1.6148 1.7848 4.0753 -6.1578 1.7882 46.3930 -3.1298 0.5744
Car -1 -1 -6.3128 721.2798 176.2787 814.9356 214.2634 1.6359 1.6902 4.0150 7.0211 1.7954 32.4817 -6.1024 0.5258
Car -1 -1 -2.9596 383.9990 178.0730 499.4243 220.9030 1.5658 1.6709 4.0519 -6.3920 1.7713 27.5284 -3.1862 0.5138
Car -1 -1 -6.3992 719.8567 176.4442 815.0870 214.3601 1.6507 1.7731 4.0279 7.0207 1.8184 32.6856 -6.1900 0.5004
Car -1 -1 -6.4039 713.3973 177.3069 807.7579 214.1790 1.6106 1.7409 4.0095 6.7341 1.8190 32.7921 -6.2037 0.4510
Car -1 -1 -6.2578 720.8160 177.5367 816.8604 215.1577 1.6013 1.6315 4.0967 7.0539 1.8189 32.3036 -6.0453 0.3026
Car -1 -1 -6.2974 709.1497 179.2396 803.5520 215.5042 1.5490 1.6339 4.0516 6.4890 1.8458 32.3995 -6.1021 0.3014
Pedestrian -1 -1 -5.2726 239.2705 158.8969 258.3901 207.5336 1.9339 0.5406 0.4335 -14.5758 1.3786 29.0335 -5.7344 0.2681
Pedestrian -1 -1 -7.4070 0.0000 179.1877 17.6558 219.7332 1.7249 0.6631 0.5762 -26.1783 2.0014 31.1695 -8.1015 0.2546
Pedestrian -1 -1 -7.5885 0.0000 180.0286 21.2156 220.2509 1.7084 0.6930 0.5946 -26.0390 2.0225 31.2074 -8.2798 0.2186
Pedestrian -1 -1 -6.4811 941.0040 181.5234 953.2316 217.7842 1.8127 0.6148 0.4468 17.0522 2.2562 36.5887 -6.0487 0.1238
Pedestrian -1 -1 -8.1552 242.2430 156.8310 261.3229 206.8703 1.9883 0.5806 0.4510 -14.4577 1.3513 29.0329 -8.6138 0.0889
Cyclist -1 -1 -2.8213 0.0000 174.0361 26.9110 216.7549 1.8038 0.7047 1.8004 -26.4664 1.8556 31.1638 -3.5213 0.0668
Pedestrian -1 -1 -8.1202 227.4337 167.5157 245.3116 206.4940 1.7900 0.6228 0.5237 -17.4081 1.5445 33.5379 -8.5960 0.0605
Pedestrian -1 -1 -8.2629 852.0303 169.7735 889.2584 247.2794 1.8450 0.6591 0.6076 6.2638 1.7714 17.5024 -7.9254 0.0598
Pedestrian -1 -1 -6.0465 141.5611 163.5387 155.3726 221.1261 1.8618 0.4444 0.2829 -15.1304 1.5603 23.5833 -6.6120 0.0530
Pedestrian -1 -1 -6.5755 942.2933 182.3883 956.1654 219.3819 1.8405 0.6253 0.4708 17.0787 2.3260 36.4182 -6.1408 0.0462
Car -1 -1 -5.5489 682.8418 180.3915 762.5572 209.6875 1.4731 1.6610 4.3134 6.0849 1.9094 39.6048 -5.3982 0.0461
Pedestrian -1 -1 -6.0590 143.4896 163.2386 157.0925 221.8280 1.9053 0.4768 0.2772 -15.1671 1.5923 23.7348 -6.6228 0.0453
Car -1 -1 -3.2460 453.0164 178.4015 523.4737 208.5436 1.5519 1.5683 3.5951 -6.6062 1.8597 38.8425 -3.4138 0.0442
Car -1 -1 -5.3847 682.9785 179.9743 755.2207 209.8401 1.4970 1.6279 4.2084 5.8573 1.9080 39.4564 -5.2389 0.0423
Car -1 -1 -4.9064 685.3040 178.6261 731.2469 208.9384 1.5064 1.6410 4.2710 5.1898 1.8345 38.8715 -4.7752 0.0417
Car -1 -1 -2.6910 683.4462 181.3972 766.8760 211.3759 1.5386 1.6750 4.2635 6.3188 2.0346 40.0165 -2.5361 0.0398
Cyclist -1 -1 -2.5739 0.0000 174.3655 30.0860 215.4785 1.7629 0.7392 1.7585 -26.5333 1.8295 31.4547 -3.2706 0.0352
Car -1 -1 -2.8446 682.6237 180.2509 757.7051 208.5503 1.4894 1.6088 3.8487 6.1167 1.9187 40.3438 -2.6958 0.0312
Car -1 -1 -5.1914 683.5676 179.9620 743.6307 209.2394 1.4695 1.5885 3.9515 5.5492 1.8781 39.3772 -5.0530 0.0277
Car -1 -1 -2.7139 453.4016 179.2945 525.5102 209.5449 1.5763 1.6354 3.5205 -6.5998 1.9386 39.3755 -2.8793 0.0276
Car -1 -1 -3.6968 681.2545 179.6893 762.6938 208.8685 1.5658 1.7133 4.3374 6.3488 1.9706 41.1258 -3.5452 0.0265
Car -1 -1 -4.6105 685.0391 179.7229 720.0767 207.4057 1.4845 1.6092 4.2512 5.4051 1.9060 42.0624 -4.4842 0.0262
Car -1 -1 -4.9573 685.3098 180.0690 731.5607 209.5185 1.4761 1.5739 3.9013 5.2484 1.8879 39.1856 -4.8257 0.0248
Car -1 -1 -4.7669 683.1633 179.9829 714.9239 207.8934 1.5041 1.5965 4.2406 5.1186 1.9418 42.1591 -4.6475 0.0240
Car -1 -1 -3.7463 688.8818 175.2388 775.1223 209.3007 1.8423 1.9041 4.5778 6.9222 1.9840 41.1185 -3.5813 0.0236
Car -1 -1 -5.5706 680.2160 181.6937 754.9548 210.7692 1.4775 1.6321 3.9902 5.8684 1.9916 39.9487 -5.4264 0.0207
Car -1 -1 -2.9754 453.9757 180.1608 522.3348 208.9704 1.5140 1.6221 3.4359 -6.6096 1.9183 39.1415 -3.1420 0.0196
Car -1 -1 -5.3434 681.7318 180.8729 744.7418 209.7604 1.4691 1.5567 3.6841 5.6005 1.9331 39.7903 -5.2051 0.0195
Car -1 -1 -7.7883 450.3785 177.4748 498.6985 222.3627 1.6230 1.6304 3.5834 -5.3044 1.8162 28.3493 -7.9721 0.0181
Car -1 -1 -4.9394 672.4398 179.8310 716.3595 207.6844 1.4991 1.5939 4.3684 4.8397 1.9289 42.2266 -4.8266 0.0178
Car -1 -1 -3.5206 683.6357 180.5232 765.9331 208.0112 1.4768 1.7056 4.2671 6.4329 1.9240 40.7996 -3.3659 0.0135
Car -1 -1 -4.8501 551.7665 175.6266 572.7232 191.9435 1.5328 1.5749 3.4375 -4.6908 1.8095 70.2478 -4.9169 0.0102
Car -1 -1 -8.0697 927.1291 181.9396 978.7723 216.5094 1.6761 1.7008 3.6027 17.9296 2.1782 37.9506 -7.6319 0.0101
Car -1 -1 -5.1277 544.3768 175.6549 572.9509 191.9662 1.5280 1.5371 3.3676 -5.0275 1.8069 70.0756 -5.1994 0.0096
Car -1 -1 -3.6498 686.4095 175.2782 775.4308 209.1633 1.8255 1.9557 4.5964 6.7933 1.9680 40.8108 -3.4866 0.0092
Car -1 -1 -4.9276 547.8503 174.9215 572.4616 191.6145 1.5689 1.6040 3.8601 -4.9107 1.7763 70.4083 -4.9973 0.0090
Car -1 -1 -4.6953 554.5775 174.9489 571.8090 191.8793 1.5958 1.6161 3.8492 -4.5663 1.8058 70.4570 -4.7601 0.0089
Car -1 -1 -4.5152 553.5956 174.7619 578.5083 191.9000 1.6134 1.6951 3.9156 -4.2779 1.8047 70.4372 -4.5759 0.0077
Car -1 -1 -8.3180 912.6982 183.5324 977.7693 215.9021 1.5672 1.6593 3.5829 17.5154 2.1555 37.9540 -7.8891 0.0067
Car -1 -1 -5.1651 540.7017 175.2947 570.1017 191.3374 1.5036 1.4993 3.4177 -5.3420 1.7465 70.0450 -5.2412 0.0066
Car -1 -1 -4.9906 543.1116 174.5672 571.5198 191.8641 1.6221 1.6775 4.1684 -5.1891 1.7942 70.3554 -5.0643 0.0065
Pedestrian -1 -1 -6.8523 1225.8960 161.7001 1241.0000 223.9951 1.7181 0.4805 0.2814 17.4824 1.4102 20.1574 -6.1454 0.0059
Car -1 -1 -5.0584 705.2142 181.5060 758.6177 208.5140 1.3441 1.5997 3.9860 6.5459 1.8411 39.3639 -4.8953 0.0056
Pedestrian -1 -1 -3.7888 988.1898 156.4825 1015.2927 213.4331 1.6359 0.5497 0.4529 11.3657 1.1653 21.0332 -3.2995 0.0052
Pedestrian -1 -1 -6.8348 1230.7671 151.3644 1241.0000 217.4059 1.7966 0.5894 0.3186 17.4925 1.2117 19.9457 -6.1224 0.0046
Car -1 -1 -4.8344 740.5828 173.3154 781.8309 201.5728 1.4838 1.7278 4.1948 8.3081 1.5106 40.1192 -4.6320 0.0043
Pedestrian -1 -1 -4.0775 1059.7333 154.0883 1105.0585 230.8097 1.7540 0.6981 0.5519 11.0192 1.3247 16.9208 -3.5086 0.0039
Car -1 -1 -5.1042 536.7003 174.7703 571.6614 191.7176 1.5815 1.7443 4.6663 -5.5037 1.7746 70.3672 -5.1823 0.0037
Car -1 -1 -4.3600 552.5120 175.0998 586.0838 192.3016 1.6088 1.8484 4.4699 -3.9536 1.8355 70.5181 -4.4162 0.0036
Car -1 -1 -4.5834 729.9548 176.8003 774.5338 209.4956 1.7110 1.9238 4.4351 8.0514 1.9467 40.7479 -4.3902 0.0034
Car -1 -1 -4.8329 736.5462 175.2288 780.0949 206.4313 1.6558 1.8877 4.3393 8.2958 1.7974 40.8661 -4.6345 0.0033
Pedestrian -1 -1 -3.9302 1049.8608 152.6761 1092.1216 225.4915 1.6742 0.6007 0.5819 10.7702 1.2100 16.9489 -3.3722 0.0031
Pedestrian -1 -1 -7.2401 1067.1948 155.1356 1107.6582 228.4584 1.6631 0.6058 0.5004 11.0193 1.2609 16.7400 -6.6664 0.0023
Cyclist -1 -1 -8.5511 1055.0717 160.2394 1119.3195 227.5554 1.4979 0.3579 1.5008 11.0419 1.2169 16.8228 -7.9785 0.0019
Pedestrian -1 -1 -3.4582 1189.6259 161.1363 1210.6721 218.3428 1.5543 0.4663 0.3159 16.2045 1.2356 19.8783 -2.7818 0.0006
Cyclist -1 -1 -8.2662 898.1711 162.9989 964.0287 273.7305 1.9201 0.4625 1.6686 5.8480 1.7489 13.3476 -7.8623 0.0005
Cyclist -1 -1 -8.3184 929.9256 171.6162 993.2129 276.6387 1.7889 0.3814 1.4936 6.2678 1.7675 13.0416 -7.8802 0.0004
Cyclist -1 -1 -8.2101 909.3692 171.7180 968.3742 278.6258 1.8153 0.4196 1.5995 5.8662 1.7957 13.0620 -7.7974 0.0004
Cyclist -1 -1 -8.2951 911.0046 161.9482 977.7899 270.3314 1.8095 0.4890 1.4359 5.8308 1.6271 12.7698 -7.8763 0.0003
Cyclist -1 -1 -2.5906 542.7616 171.4558 565.3441 194.4126 2.1683 0.8819 1.9847 -5.3707 2.0359 68.9946 -2.6684 0.0003
