Car -1 -1 -6.4922 674.1038 181.4223 810.1309 223.9132 1.4056 1.6748 4.4064 4.4870 1.7148 25.1517 -6.3184 0.9999
Car -1 -1 -3.2387 643.9501 179.9533 714.1425 203.4173 1.4910 1.6370 4.4269 4.4421 1.9631 47.1801 -3.1460 0.9852
Car -1 -1 -6.4748 675.9444 180.2938 812.4940 223.5607 1.4345 1.6894 4.4227 4.5460 1.7021 25.1025 -6.2984 0.8651
Car -1 -1 -3.2037 644.4963 179.3508 711.7295 203.4221 1.5284 1.5611 4.2774 4.3747 1.9599 47.1116 -3.1122 0.8103
Car -1 -1 -6.4656 676.7766 181.7215 810.2148 223.8087 1.4015 1.6812 4.3503 4.5472 1.7219 25.2427 -6.2901 0.7066
Car -1 -1 -3.1944 643.7213 180.0628 709.0381 203.8350 1.5086 1.7098 4.1726 4.2744 1.9899 47.2818 -3.1053 0.6858
Car -1 -1 -4.5834 641.9431 178.0490 670.4882 199.2637 1.4605 1.5897 3.9928 3.3889 1.8557 52.8183 -4.5201 0.5979
Car -1 -1 -7.2369 484.2502 175.8934 535.2751 201.3085 1.6811 1.5796 3.8631 -6.9719 1.9015 50.3030 -7.3743 0.5059
Car -1 -1 -4.7259 642.7458 178.2425 665.2479 199.5367 1.4688 1.5814 4.1467 3.1656 1.8796 52.9431 -4.6670 0.4933
Car -1 -1 -4.5568 638.9861 178.1203 669.1741 200.0829 1.5038 1.6027 3.9686 3.2158 1.9023 52.5260 -4.4965 0.4693
Car -1 -1 -4.8292 638.1172 178.4330 665.9481 200.2586 1.5031 1.5714 3.9482 3.0053 1.9261 52.7397 -4.7730 0.3610
Car -1 -1 -7.3977 483.3026 176.7359 526.6813 201.1726 1.6142 1.5508 3.6262 -7.2998 1.8948 50.2498 -7.5417 0.3327
Car -1 -1 -4.4197 638.6559 178.1663 675.7051 200.2787 1.5048 1.6203 3.9135 3.4253 1.9047 52.2373 -4.3551 0.2923
Car -1 -1 -4.4295 641.5854 178.1239 678.2504 199.2133 1.4472 1.5944 4.1243 3.6673 1.8489 52.8302 -4.3610 0.2662
Car -1 -1 -4.0180 485.7099 174.0986 540.2030 200.9056 1.7830 1.6091 3.9499 -6.7477 1.8730 50.2855 -4.1511 0.2294
Pedestrian -1 -1 -6.0224 447.4763 177.6693 464.1587 216.0973 1.8350 0.6337 0.6473 -7.4887 2.0696 34.8704 -6.2329 0.1937
Car -1 -1 -4.4453 634.5560 179.1736 672.3898 201.7210 1.5037 1.6485 4.2362 3.1277 1.9757 51.6624 -4.3857 0.1916
Car -1 -1 -4.3207 635.7033 178.7428 678.6788 200.8014 1.4794 1.6479 4.0774 3.3980 1.9193 51.7539 -4.2560 0.1602
Car -1 -1 -4.5683 635.3666 178.4333 666.2789 200.7036 1.5159 1.6840 4.0076 2.9680 1.9366 52.3136 -4.5124 0.1459
Pedestrian -1 -1 -5.8580 446.8165 177.6374 465.1706 217.4210 1.9034 0.6757 0.6506 -7.5114 2.1379 35.0164 -6.0683 0.1364
Car -1 -1 -4.2243 641.1273 176.8618 688.4513 197.9572 1.4523 1.6481 4.2626 4.0217 1.7576 52.7691 -4.1491 0.1305
Car -1 -1 -7.0843 487.3419 173.9789 546.8277 201.2790 1.8146 1.6565 4.2034 -6.4623 1.8962 50.3192 -7.2118 0.1239
Pedestrian -1 -1 -5.5551 442.0704 177.8965 462.3631 216.5262 1.8332 0.6831 0.6730 -7.6544 2.0795 34.8249 -5.7703 0.1157
Pedestrian -1 -1 -5.7241 443.5589 177.7900 464.1194 217.5855 1.9007 0.6707 0.7308 -7.6151 2.1429 35.0097 -5.9372 0.1100
Car -1 -1 -4.8584 479.0458 177.6102 511.1589 201.3801 1.5602 1.6275 4.1378 -8.1058 1.9071 50.4642 -5.0173 0.1070
Car -1 -1 -3.8606 635.1509 177.6169 690.8412 199.1096 1.4910 1.6041 3.9914 3.8636 1.8509 52.7147 -3.7883 0.0813
Car -1 -1 -4.1719 638.1309 179.1480 687.7921 200.5927 1.4360 1.6496 4.1639 3.8117 1.9063 51.7708 -4.0993 0.0684
Car -1 -1 -4.4367 629.8123 179.3153 669.1398 202.9446 1.5608 1.6648 4.3831 2.8241 2.0407 51.2845 -4.3825 0.0610
Pedestrian -1 -1 -5.8166 108.9598 180.3596 173.5766 319.0097 1.7459 0.4271 0.5704 -6.1214 1.8454 9.3527 -6.3836 0.0596
Car -1 -1 -3.9819 638.3817 177.8376 690.6688 199.0858 1.4636 1.5408 3.9738 3.9700 1.8395 52.5394 -3.9073 0.0587
Car -1 -1 -4.4386 484.7293 178.3799 519.4694 201.5509 1.5164 1.5124 3.3952 -7.4478 1.9115 49.8473 -4.5865 0.0578
Car -1 -1 -3.9227 638.7368 178.0509 691.7998 199.0019 1.4374 1.5406 3.8720 3.9972 1.8267 52.2576 -3.8473 0.0545
Car -1 -1 -4.5892 483.8640 177.1111 513.0715 201.1072 1.5827 1.5527 3.8070 -7.7522 1.8900 50.2000 -4.7420 0.0490
Car -1 -1 -4.6414 639.2302 179.7829 666.6779 203.1341 1.5292 1.6418 4.1142 3.0220 2.0361 50.6701 -4.5827 0.0462
Car -1 -1 -3.6745 691.4156 179.5710 762.8393 204.4530 1.5671 1.6524 4.4592 7.7421 2.0273 47.8824 -3.5157 0.0412
Car -1 -1 -4.2012 487.4293 177.5201 530.8743 201.4252 1.5715 1.5400 3.3496 -6.9805 1.9064 49.9923 -4.3396 0.0410
Car -1 -1 -4.8921 740.2057 181.3940 773.6693 204.5598 1.4199 1.5579 3.3498 9.5309 1.9977 47.1575 -4.6944 0.0389
Car -1 -1 -4.5791 640.0746 179.8039 672.1172 203.1457 1.5341 1.7118 4.2947 3.2734 2.0474 51.0496 -4.5159 0.0360
Car -1 -1 -4.9372 475.6975 177.7622 511.0825 201.8154 1.5727 1.5927 3.9038 -8.1727 1.9279 50.1457 -5.0983 0.0351
Car -1 -1 -4.5109 632.0884 179.6528 665.6179 203.3884 1.5513 1.5752 4.0279 2.7306 2.0474 50.5363 -4.4577 0.0334
Car -1 -1 -4.6228 483.8084 177.6406 511.1081 200.9772 1.5262 1.5398 3.6947 -7.7723 1.8692 49.8566 -4.7770 0.0316
Car -1 -1 -4.5218 724.7179 180.7337 758.5693 203.7620 1.4070 1.5438 3.5725 8.6398 1.9451 47.3586 -4.3430 0.0303
Pedestrian -1 -1 -2.7327 412.4200 174.5000 436.6295 225.1303 1.8473 0.5853 0.6919 -6.9031 1.9087 26.6914 -2.9840 0.0303
Car -1 -1 -3.3191 630.0453 178.1991 689.4271 200.7502 1.5979 1.6185 4.0985 3.5750 1.9952 52.6443 -3.2522 0.0303
Car -1 -1 -4.9258 631.3073 179.2816 672.2249 204.4744 1.5782 1.7743 4.8467 2.7417 2.0372 49.0259 -4.8708 0.0297
Car -1 -1 -2.3031 459.2508 178.8408 519.5776 202.4749 1.5475 1.6782 4.3298 -8.4608 1.9809 50.2651 -2.4694 0.0285
Car -1 -1 -5.6129 454.9974 178.9952 517.4039 202.5690 1.5457 1.6403 4.1279 -8.6068 1.9847 49.9101 -5.7832 0.0273
Car -1 -1 -3.9659 641.6532 176.1176 697.5579 197.7242 1.4978 1.6236 4.2371 4.3528 1.7449 52.6639 -3.8843 0.0270
Car -1 -1 -4.6194 535.6084 183.7476 561.1267 204.2696 1.5279 1.6545 4.3916 -4.9642 2.4404 58.2583 -4.7045 0.0241
Car -1 -1 -4.3273 622.2328 178.1423 665.6052 203.6866 1.6715 1.5943 4.1217 2.3810 2.0563 50.3338 -4.2808 0.0215
Car -1 -1 -4.8944 641.5975 179.8911 675.2687 202.9848 1.5087 1.6224 4.1382 3.3194 2.0229 50.5989 -4.8297 0.0192
Car -1 -1 -5.0287 778.5320 172.0420 832.9994 204.0405 1.6488 1.6286 4.1659 10.5491 1.6067 39.3046 -4.7688 0.0175
Car -1 -1 -4.7697 735.4348 181.2301 763.5662 204.8672 1.4447 1.6003 3.4231 9.0528 2.0130 47.1778 -4.5817 0.0172
Car -1 -1 -2.5376 461.2359 177.7802 517.1443 201.8194 1.5857 1.5360 3.5486 -8.3450 1.9342 49.6370 -2.7037 0.0171
Pedestrian -1 -1 -6.0137 0.0000 177.7113 27.8229 272.0838 1.6026 0.5615 0.4821 -10.6477 1.6898 12.6439 -6.7033 0.0167
Car -1 -1 -4.4034 624.3949 179.3566 664.6054 204.3727 1.6455 1.6632 4.1056 2.4446 2.1232 50.8258 -4.3561 0.0145
Car -1 -1 -5.7753 452.0117 179.0441 515.8625 202.6393 1.5499 1.6127 4.0481 -8.6886 1.9872 49.5721 -5.9483 0.0142
Car -1 -1 -2.8497 461.4926 179.3316 516.9695 202.8527 1.5568 1.5282 3.4424 -8.2576 2.0075 49.2677 -3.0153 0.0139
Car -1 -1 -3.8792 642.5762 177.1829 699.1806 198.2408 1.4497 1.5862 4.0878 4.4080 1.7745 52.3166 -3.7960 0.0137
Pedestrian -1 -1 -3.3596 415.6773 173.2015 441.9960 224.8665 1.8923 0.5957 0.8423 -6.7983 1.9052 26.8883 -3.6055 0.0137
Car -1 -1 -4.7376 734.7337 182.7305 758.5651 206.1210 1.4444 1.4561 3.4266 9.0067 2.1243 47.8884 -4.5533 0.0120
Car -1 -1 -4.8518 777.5465 171.1504 817.5956 202.9302 1.6413 1.5823 3.7558 10.1026 1.5530 39.2176 -4.6019 0.0120
Pedestrian -1 -1 -3.5059 414.6972 172.1584 441.2529 223.9465 1.8857 0.6012 0.7923 -6.7934 1.8601 26.7458 -3.7528 0.0113
Car -1 -1 -4.9628 777.3108 171.6683 826.3585 203.3919 1.6392 1.5957 4.1112 10.3515 1.5776 39.3412 -4.7078 0.0107
Car -1 -1 -4.4121 723.0671 181.5000 759.0433 204.3926 1.4198 1.4434 3.3041 8.6969 2.0151 47.9073 -4.2341 0.0103
Car -1 -1 -5.1112 733.9700 181.5271 776.9908 205.2282 1.4607 1.5313 3.5216 9.5425 2.0567 47.7240 -4.9156 0.0100
Car -1 -1 -4.2468 713.6031 179.6520 762.5790 205.0278 1.5761 1.6719 3.8199 8.5118 2.0466 47.9348 -4.0726 0.0096
Car -1 -1 -4.4642 718.2947 178.7771 757.6426 202.3562 1.4758 1.7140 3.8209 8.5725 1.8892 48.3052 -4.2901 0.0089
Pedestrian -1 -1 -3.3364 979.7969 165.4158 1012.2443 232.0234 1.6820 0.5801 0.6321 9.8858 1.4939 18.5887 -2.8547 0.0070
Car -1 -1 -6.3221 666.8189 180.4245 739.0677 208.8473 1.5482 1.6026 3.9747 5.1734 1.9860 40.7868 -6.1974 0.0065
Car -1 -1 -3.8108 642.7223 177.4635 700.0084 197.9319 1.4055 1.5860 4.0041 4.4192 1.7494 52.1096 -3.7271 0.0063
Car -1 -1 -2.7659 449.5788 180.0129 515.3679 203.2957 1.5279 1.6545 4.1084 -8.7310 2.0291 49.3215 -2.9406 0.0055
Car -1 -1 -5.8527 665.2833 180.2726 743.7726 209.7359 1.5408 1.5918 4.0583 5.2287 1.9735 40.3629 -5.7254 0.0050
Pedestrian -1 -1 -3.4171 446.4196 179.3519 460.4868 222.0974 1.9798 0.5776 0.5078 -7.3994 2.2882 33.9071 -3.6309 0.0049
Car -1 -1 -6.6929 667.5963 176.6778 745.4135 203.7208 1.4735 1.6331 4.0741 5.4403 1.6979 41.0427 -6.5625 0.0047
Car -1 -1 -6.9601 663.0716 180.3217 737.2153 207.9436 1.4854 1.6234 4.1332 5.1736 1.9335 41.5424 -6.8376 0.0046
Car -1 -1 -4.7278 620.7108 179.8248 639.3853 199.1479 1.5704 1.5361 3.7517 1.6707 2.1862 61.8835 -4.7014 0.0044
Pedestrian -1 -1 -8.0110 351.9496 184.4206 379.5219 240.9383 1.6724 0.7175 0.5456 -7.4729 2.0301 21.9261 -8.3363 0.0043
Car -1 -1 -5.1182 613.1572 180.1837 646.5325 199.7619 1.6103 1.5839 3.6581 1.6718 2.2685 62.8316 -5.0922 0.0042
Car -1 -1 -6.7702 644.0520 177.3534 706.9415 199.0485 1.4968 1.6979 4.2136 4.6952 1.8310 52.0427 -6.6812 0.0041
Car -1 -1 -5.0555 623.5844 179.6134 654.4615 197.1606 1.4604 1.4672 3.9812 2.5073 2.0777 63.8035 -5.0169 0.0038
Car -1 -1 -5.1414 620.1334 180.1686 652.2822 199.5102 1.5977 1.5414 3.3440 2.2307 2.2531 62.8353 -5.1066 0.0035
Car -1 -1 -5.0478 620.5228 178.8385 651.4819 197.5078 1.5345 1.5832 3.5807 2.1965 2.0686 62.4953 -5.0133 0.0032
Cyclist -1 -1 -4.8323 448.3154 178.4328 462.6049 217.4492 1.8296 0.4887 1.5835 -7.5223 2.1055 34.8996 -5.0435 0.0031
Car -1 -1 -4.6340 669.5048 178.9914 701.5937 204.0085 1.3596 1.5947 3.4967 4.3954 1.7324 41.9926 -4.5310 0.0030
Car -1 -1 -3.6425 667.3504 178.8738 734.2210 204.7535 1.4057 1.5937 3.4480 5.1432 1.7607 41.2088 -3.5197 0.0028
Car -1 -1 -3.5319 642.7474 178.0873 704.7735 198.7928 1.4253 1.5566 4.1485 4.5345 1.8100 51.7191 -3.4453 0.0026
Pedestrian -1 -1 -5.9118 280.0602 168.9733 304.4484 223.8210 1.6635 0.6646 0.4782 -9.8306 1.5455 22.2260 -6.3241 0.0025
Car -1 -1 -4.3332 668.1653 179.6347 716.1632 204.6478 1.3430 1.5636 3.5372 4.7529 1.7528 41.7131 -4.2211 0.0024
Car -1 -1 -2.9963 448.3017 180.7188 514.7372 203.8123 1.5213 1.6410 4.2512 -8.7202 2.0650 49.0199 -3.1718 0.0021
Car -1 -1 -5.0117 623.3882 179.3912 650.9978 197.8676 1.5394 1.4628 3.4463 2.3332 2.1292 63.2806 -4.9754 0.0019
Car -1 -1 -6.5225 647.6304 178.8797 710.5051 199.8378 1.4475 1.6835 4.1969 4.8882 1.8879 51.6268 -6.4291 0.0017
Car -1 -1 -5.2090 614.2863 180.4279 648.4258 199.2405 1.5546 1.4474 3.5819 1.8139 2.2369 63.1004 -5.1809 0.0016
Car -1 -1 -6.2870 648.8345 178.9879 710.9861 200.0199 1.4460 1.6270 4.3200 4.9163 1.8895 51.1997 -6.1923 0.0011
Pedestrian -1 -1 -4.1729 116.9092 217.3239 199.1976 366.8264 1.4303 0.5315 0.4816 -4.6106 1.8944 7.2909 -4.7211 0.0009
Pedestrian -1 -1 -4.1932 267.4467 223.0231 314.5311 330.7424 1.3386 0.4373 0.3596 -4.1883 2.0029 9.3569 -4.6045 0.0008
Car -1 -1 -5.3136 531.3724 187.5337 611.4686 227.0258 1.3812 1.4760 3.3921 -1.6107 1.9944 28.3621 -5.3706 0.0007
Car -1 -1 -5.4710 543.6547 184.3108 634.4322 224.5247 1.4248 1.5323 3.5636 -0.9138 1.9038 28.3869 -5.5036 0.0006
Car -1 -1 -5.3887 538.3097 186.3751 622.4838 225.5317 1.3765 1.5056 3.3943 -1.2538 1.9408 28.3596 -5.4332 0.0005
Car -1 -1 -6.0446 643.8598 180.2614 711.5702 202.8959 1.5197 1.6932 4.4908 4.7563 2.0584 50.9760 -5.9526 0.0005
