Car -1 -1 -6.4078 260.5670 193.7400 338.9662 221.6345 1.4486 1.5820 3.9984 -17.9463 2.7042 41.6951 -6.8123 0.9841
Car -1 -1 -6.4384 259.4875 194.3950 341.2525 222.2617 1.4351 1.7132 4.1402 -17.9540 2.7372 41.8024 -6.8422 0.8019
Car -1 -1 -6.5203 260.2927 193.7182 339.8409 221.6342 1.4377 1.6842 3.9500 -17.9593 2.6995 41.7897 -6.9242 0.7354
Car -1 -1 -6.3913 260.1171 193.3854 337.7829 221.2524 1.4504 1.5026 3.9737 -17.9470 2.6798 41.5862 -6.7968 0.7060
Car -1 -1 -6.4052 258.6103 193.8486 333.6993 221.2622 1.4256 1.5275 3.8180 -18.1316 2.6841 41.6374 -6.8139 0.6662
Car -1 -1 -6.5367 654.2299 177.3978 731.9103 204.6750 1.6242 1.7505 4.4651 5.0632 1.9119 44.5396 -6.4248 0.1205
Car -1 -1 -4.3008 234.5590 192.3346 276.4555 213.5761 1.6279 1.7554 3.9090 -29.9069 3.3267 60.9395 -4.7556 0.0770
Pedestrian -1 -1 -5.4831 428.7925 174.5358 442.0612 208.7968 1.8795 0.5898 0.4186 -9.7093 1.9732 39.9793 -5.7203 0.0611
Car -1 -1 -4.4582 238.9980 193.0026 275.4938 214.3657 1.6277 1.7807 4.2386 -30.0239 3.4070 61.4783 -4.9111 0.0539
Pedestrian -1 -1 -4.7615 406.1777 170.5121 421.5140 212.7316 2.0709 0.6900 0.9850 -9.8219 1.9557 35.9672 -5.0267 0.0535
Car -1 -1 -4.5879 238.7538 193.2198 269.1147 214.6842 1.6255 1.7806 4.4446 -30.3580 3.4305 61.5701 -5.0446 0.0525
Car -1 -1 -4.5680 235.9160 192.0040 266.6700 213.5353 1.6433 1.7828 3.8835 -30.2891 3.3174 60.9671 -5.0276 0.0425
Car -1 -1 -3.0809 230.2254 194.0658 285.6623 214.2904 1.5629 1.6561 4.0868 -29.5066 3.3879 60.5438 -3.5330 0.0386
Car -1 -1 -7.0833 1125.3142 172.0815 1195.6344 193.9901 1.5097 1.6212 3.9923 38.7199 1.4562 50.8250 -6.4354 0.0383
Car -1 -1 -3.0266 233.5363 194.3360 292.8967 214.5915 1.5761 1.6908 4.3457 -29.2058 3.4321 60.8442 -3.4727 0.0288
Car -1 -1 -4.6302 236.6446 193.5307 263.7556 214.7539 1.6045 1.7094 4.3705 -30.6322 3.4329 61.4684 -5.0911 0.0170
Pedestrian -1 -1 -7.5696 549.2602 174.4866 570.0336 222.2963 1.7138 0.6268 0.5424 -1.8729 1.7735 26.2177 -7.6409 0.0152
Car -1 -1 -4.9239 1141.7957 165.0237 1189.6823 190.7573 1.7764 1.8201 4.5133 40.1231 1.2356 52.2374 -4.2719 0.0149
Car -1 -1 -3.9012 1123.9277 171.3151 1208.2611 194.3236 1.5878 1.7176 4.8786 39.1685 1.4813 50.9069 -3.2484 0.0145
Car -1 -1 -4.7066 1167.3956 167.4817 1200.5929 192.2070 1.6891 1.7944 4.2126 40.9273 1.3218 51.4957 -4.0380 0.0121
Car -1 -1 -5.4872 865.2001 170.1535 955.7501 200.5879 1.6964 2.0033 5.0415 17.7192 1.5456 42.9309 -5.0986 0.0097
Car -1 -1 -4.7495 234.5081 192.8893 259.2880 214.6062 1.6480 1.7238 4.3883 -30.9521 3.4177 61.4059 -5.2150 0.0080
Car -1 -1 -4.6918 243.2630 193.5784 272.4225 217.7347 1.5376 1.7984 4.0614 -25.3446 3.0935 51.9584 -5.1439 0.0079
Car -1 -1 -4.8597 234.1826 195.7584 268.5692 220.3597 1.5652 1.6625 3.8740 -25.8112 3.2753 51.8162 -5.3201 0.0074
Car -1 -1 -1.8675 98.7081 195.9903 141.4743 216.1834 1.4851 1.7911 4.1613 -40.5523 3.4621 59.6609 -2.4627 0.0071
Pedestrian -1 -1 -4.7289 10.0907 174.5703 34.8156 238.4330 1.9934 0.6032 0.5055 -18.7202 2.0486 22.9302 -5.4080 0.0071
Car -1 -1 -5.3662 865.7520 170.8748 944.2307 200.5163 1.6606 1.8080 4.7195 17.4088 1.5495 42.9392 -4.9838 0.0070
Car -1 -1 -6.1683 233.8641 192.6548 293.8130 213.4784 1.6289 1.5656 4.3931 -29.0661 3.3331 60.6589 -6.6138 0.0069
Car -1 -1 -4.6528 238.8722 193.4353 266.1082 213.6573 1.5127 1.7999 4.8699 -30.6188 3.3504 61.8453 -5.1112 0.0069
Car -1 -1 -4.2216 124.4527 195.1599 172.3251 217.2383 1.6565 1.5958 4.1940 -38.7445 3.5971 60.6332 -4.7884 0.0069
Car -1 -1 -5.5270 862.5201 172.3427 947.0106 201.6395 1.6646 1.8737 4.7018 17.6431 1.6353 43.5243 -5.1446 0.0068
Pedestrian -1 -1 -4.3711 0.0000 175.4924 35.1954 244.7959 2.1385 0.7180 0.6403 -18.7137 2.2228 22.7187 -5.0545 0.0067
Car -1 -1 -4.4721 125.3154 194.7878 162.0939 217.3527 1.6837 1.6144 4.2839 -39.1131 3.5943 60.5742 -5.0437 0.0067
Car -1 -1 -1.8176 103.7524 195.8034 143.2556 215.3539 1.4411 1.7834 4.0801 -40.4792 3.4126 59.9696 -2.4095 0.0064
Car -1 -1 -4.8487 237.1609 195.9536 272.8352 221.7546 1.6336 1.7559 4.1331 -25.5641 3.3633 51.8354 -5.3051 0.0064
Car -1 -1 -6.9053 553.2523 184.6560 783.3923 282.6889 1.5305 1.6147 4.1041 1.0916 1.7787 13.4400 -6.8273 0.0059
Car -1 -1 -3.7204 125.3280 195.5632 188.0084 217.4052 1.6227 1.6759 4.2291 -38.0294 3.6010 60.5972 -4.2792 0.0053
Cyclist -1 -1 -4.8682 402.3282 169.4543 424.7681 216.8258 2.2874 0.7742 2.0113 -9.8310 2.1229 35.9166 -5.1340 0.0052
Car -1 -1 -7.5518 1165.6815 171.4717 1211.2102 192.7421 1.4593 1.5085 3.6571 40.9895 1.3641 51.1519 -6.8793 0.0051
Car -1 -1 -7.9022 627.8613 165.1104 649.1058 184.2994 1.7574 1.7955 4.2878 2.6417 1.0479 68.2331 -7.8639 0.0047
Car -1 -1 -2.0659 87.8591 196.5897 139.7233 216.1539 1.4473 1.7756 4.1127 -40.8148 3.4547 59.3033 -2.6668 0.0047
Car -1 -1 -4.6043 121.0611 193.2598 152.4699 215.8368 1.6828 1.7306 4.3487 -39.5381 3.4543 60.3222 -5.1827 0.0044
Car -1 -1 -3.9656 123.7100 195.1409 180.9447 217.4016 1.6652 1.6566 4.1825 -38.3886 3.6049 60.6005 -4.5286 0.0043
Car -1 -1 -5.2652 1122.2654 165.6627 1188.6315 192.8076 1.8779 1.9008 4.1706 39.2401 1.3801 52.0798 -4.6225 0.0042
Car -1 -1 -5.4236 876.9799 171.1697 959.9586 199.7267 1.5866 1.7964 4.7984 18.0804 1.4927 42.6460 -5.0254 0.0041
Pedestrian -1 -1 -7.7740 0.8241 172.7418 30.3482 243.9968 2.2249 0.6802 0.5635 -18.9495 2.2210 22.9543 -8.4585 0.0039
Car -1 -1 -4.6109 75.4365 192.9160 107.9849 214.2615 1.5158 1.7019 4.0062 -41.2549 3.1734 57.4632 -5.2316 0.0038
Car -1 -1 -5.1341 109.7213 193.8705 157.9221 216.4723 1.7120 1.7385 4.3165 -39.6808 3.5164 60.0669 -5.7161 0.0038
Car -1 -1 -5.1764 1121.7971 160.3746 1189.3390 191.2239 2.1238 1.9488 4.7730 39.3184 1.2644 52.1964 -4.5337 0.0037
Car -1 -1 -4.6866 74.1436 191.1084 101.1980 211.6813 1.4693 1.6332 3.8366 -41.4007 2.9680 57.2057 -5.3111 0.0037
Pedestrian -1 -1 -4.5619 0.0000 173.9995 28.0382 248.5045 2.2900 0.8205 0.6186 -18.9086 2.3265 22.6683 -5.2515 0.0036
Car -1 -1 -4.8994 230.6299 195.1822 268.0676 219.0774 1.5241 1.7171 3.9093 -26.0374 3.1965 51.9771 -5.3621 0.0035
Car -1 -1 -4.4922 356.6837 190.0650 393.6209 214.1229 1.5617 1.6731 4.0987 -16.8974 2.8521 51.9882 -4.8054 0.0035
Car -1 -1 -7.7826 1150.2051 159.6874 1184.9908 182.7427 1.6385 1.7579 4.1557 41.2741 0.7025 53.4171 -7.1275 0.0033
Cyclist -1 -1 -7.7610 77.0995 182.9450 87.2129 212.4999 1.9061 0.3606 1.9605 -35.2204 2.5917 48.1088 -8.3905 0.0032
Car -1 -1 -4.7901 1241.0000 168.2187 1241.0000 192.9265 1.4984 1.6810 3.9617 41.5979 1.2170 45.8397 -4.0565 0.0030
Car -1 -1 -4.7823 1234.6549 169.3712 1241.0000 193.7795 1.5063 1.6874 3.9850 41.5973 1.2911 46.6222 -4.0572 0.0030
Car -1 -1 -4.8712 1241.0000 166.0286 1241.0000 194.9435 1.4799 1.6711 3.9466 41.6024 1.1303 39.0035 -4.0575 0.0030
Car -1 -1 -4.5746 112.3856 185.8680 142.8553 204.4310 1.4693 1.6581 3.9034 -41.5633 2.6291 62.2006 -5.1619 0.0030
Car -1 -1 -4.5714 109.1680 189.2468 140.2600 208.1923 1.4709 1.6772 3.8615 -41.5189 2.9216 61.7626 -5.1614 0.0030
Car -1 -1 -4.8607 1241.0000 166.1771 1241.0000 194.5326 1.4833 1.6737 3.9529 41.6074 1.1337 39.8203 -4.0573 0.0030
Car -1 -1 -4.8273 1241.0000 166.5254 1241.0000 193.3126 1.4895 1.6587 3.9390 41.5567 1.1373 42.1858 -4.0531 0.0030
Car -1 -1 -4.8557 1241.0000 166.9312 1241.0000 194.8591 1.4780 1.6768 3.9420 41.6200 1.1642 40.2585 -4.0575 0.0030
Car -1 -1 -4.8170 1241.0000 166.5712 1241.0000 192.8983 1.4919 1.6572 3.9449 41.5496 1.1355 42.9531 -4.0518 0.0030
Car -1 -1 -4.8048 1241.0000 167.0600 1241.0000 192.4313 1.4812 1.6699 3.9441 41.5801 1.1427 44.1952 -4.0534 0.0030
Car -1 -1 -4.4557 0.0000 189.4110 16.3609 213.9707 1.4834 1.6623 3.9353 -41.6576 2.6471 48.5907 -5.1619 0.0030
Car -1 -1 -4.8662 1241.0000 166.9208 1241.0000 195.3750 1.4740 1.6744 3.9358 41.6187 1.1664 39.4488 -4.0579 0.0030
Car -1 -1 -4.7875 1240.2340 169.2929 1241.0000 193.6842 1.4912 1.6724 3.9468 41.5831 1.2732 46.1861 -4.0579 0.0030
Car -1 -1 -4.8451 1241.0000 166.9555 1241.0000 194.2973 1.4771 1.6749 3.9450 41.6025 1.1582 41.0550 -4.0568 0.0030
Car -1 -1 -3.4831 0.0000 0.0000 1241.0000 374.0000 1.5828 1.6056 3.8192 -5.0468 1.6885 1.8028 -4.6620 0.0030
Car -1 -1 -4.5712 105.9223 190.5809 137.6495 209.7259 1.4659 1.6899 3.9538 -41.5028 3.0261 61.3708 -5.1640 0.0030
Car -1 -1 -6.5809 0.0000 0.0000 1241.0000 374.0000 1.5492 1.5898 3.6738 -4.1966 1.6659 1.3966 -7.7710 0.0030
Car -1 -1 -4.8045 1241.0000 167.3376 1241.0000 192.4714 1.4814 1.6653 3.9483 41.5557 1.1560 44.6022 -4.0579 0.0030
Car -1 -1 -4.8006 1241.0000 167.5553 1241.0000 192.4270 1.4809 1.6714 3.9435 41.5907 1.1651 45.0357 -4.0584 0.0030
Car -1 -1 -4.8033 1241.0000 166.9354 1241.0000 192.5744 1.4814 1.6604 3.9506 41.5328 1.1391 43.7573 -4.0475 0.0030
Car -1 -1 -4.5758 115.5527 185.4549 145.8575 203.7581 1.4603 1.6661 3.9325 -41.5869 2.5911 62.6370 -5.1601 0.0030
Car -1 -1 -4.7952 1241.0000 168.0883 1241.0000 192.9352 1.4920 1.6711 3.9546 41.5761 1.2056 45.4044 -4.0572 0.0030
Car -1 -1 -4.8505 1241.0000 166.3901 1241.0000 194.0785 1.4793 1.6713 3.9517 41.5890 1.1336 40.6247 -4.0571 0.0030
Car -1 -1 -6.9059 552.9347 186.5040 774.2025 287.1975 1.5577 1.5267 3.9117 0.9901 1.8405 13.2905 -6.8346 0.0028
Car -1 -1 -4.6635 631.4732 184.1723 669.2687 219.4189 1.4683 1.5636 3.7621 1.8661 2.0203 33.2624 -4.6086 0.0027
Car -1 -1 -4.5777 622.5826 183.9693 665.2541 216.8400 1.3679 1.4916 3.6683 1.5717 1.9100 33.2750 -4.5316 0.0026
Car -1 -1 -5.3675 101.3372 193.7978 160.4859 216.5701 1.7475 1.7687 4.4049 -39.7113 3.5274 59.7766 -5.9521 0.0025
Car -1 -1 -8.4027 814.6390 157.3646 866.5518 186.0515 2.1922 1.7799 4.6334 18.3087 1.0082 57.6019 -8.0967 0.0022
Car -1 -1 -7.3491 1171.1891 171.5625 1227.4672 192.2308 1.4114 1.4965 3.6351 41.3359 1.3229 50.6480 -6.6677 0.0021
Car -1 -1 -8.3605 812.8013 153.5539 860.9984 185.1811 2.4281 1.7660 4.3737 18.0571 0.9461 57.7151 -8.0590 0.0020
Car -1 -1 -4.8135 614.2143 183.4291 654.7668 215.6768 1.3437 1.4913 3.5797 1.0331 1.8556 33.1088 -4.7833 0.0019
Pedestrian -1 -1 -4.6368 1118.2220 158.7948 1148.1462 242.9300 1.8892 0.5262 0.4744 11.9499 1.5732 16.5519 -4.0204 0.0017
Car -1 -1 -4.5871 619.3602 183.9922 664.3524 217.0790 1.3784 1.5900 4.2553 1.5116 1.9342 33.7922 -4.5434 0.0015
Car -1 -1 -4.6328 608.6335 181.7538 647.9873 215.4572 1.5542 1.6790 3.9919 0.9366 2.0289 36.4396 -4.6079 0.0014
Car -1 -1 -4.8429 607.1205 186.3306 653.1346 219.5059 1.3723 1.6019 4.2074 0.8372 2.0439 33.7928 -4.8190 0.0014
Pedestrian -1 -1 -5.4640 903.4151 197.0431 971.7249 318.0143 1.3707 0.5082 0.5475 3.8649 1.6721 8.6565 -5.0579 0.0014
Car -1 -1 -8.2765 808.9662 154.6233 854.0730 186.7577 2.4867 1.8330 4.3625 17.7514 1.0756 58.1154 -7.9817 0.0013
Car -1 -1 -5.2486 804.1022 157.9808 854.7855 188.4324 2.3724 1.8839 4.5206 17.7369 1.2134 58.6330 -4.9565 0.0011
Car -1 -1 -6.8282 540.9310 189.0723 756.3036 286.9688 1.4848 1.4425 3.6396 0.6728 1.8091 12.9407 -6.7788 0.0010
Pedestrian -1 -1 -4.9738 940.2960 192.9596 995.1830 313.6126 1.3857 0.4818 0.4517 4.2167 1.6335 8.6399 -4.5342 0.0007
Cyclist -1 -1 -7.1718 35.1938 180.0194 74.0360 214.2085 1.7604 0.6788 1.7605 -29.5848 2.1505 38.4157 -7.8249 0.0005
Pedestrian -1 -1 -2.6236 0.0000 189.1411 14.4155 238.4912 1.7578 0.7138 0.4181 -22.2552 2.3610 26.3454 -3.3202 0.0002
Pedestrian -1 -1 -4.2785 897.2142 167.7193 940.9922 286.6873 1.7582 0.4017 0.6083 4.6662 1.6820 11.0174 -3.8885 0.0002
Pedestrian -1 -1 -4.9509 767.2767 198.6821 805.4557 316.1630 1.4693 0.3535 0.5685 2.2428 1.8171 9.4368 -4.7261 0.0002
Pedestrian -1 -1 -3.9950 503.4352 175.5145 520.8236 218.9597 1.6609 0.5349 0.4016 -3.8344 1.7648 27.9376 -4.1307 0.0001
