Car -1 -1 -7.8719 554.7802 171.2585 723.8430 332.5201 1.6686 1.7502 4.3442 0.2593 1.6518 9.6436 -7.8475 0.9971
Car -1 -1 -4.3601 305.6186 181.9680 383.5420 219.3278 1.4269 1.6525 4.5542 -11.3058 1.8463 30.9507 -4.7079 0.9938
Car -1 -1 -4.3727 308.1093 181.2465 382.2583 219.3658 1.4625 1.5849 4.4122 -11.2588 1.8469 30.8681 -4.7200 0.8434
Car -1 -1 -7.8771 549.2643 172.5332 721.7969 336.2814 1.6716 1.7625 3.8034 0.1951 1.6680 9.2712 -7.8584 0.6540
Pedestrian -1 -1 -7.7977 325.2014 174.2771 336.4580 204.1846 1.8917 0.6268 0.8107 -17.8921 1.9834 46.1653 -8.1658 0.4792
Pedestrian -1 -1 -7.9281 325.7284 173.6263 337.3699 204.3195 1.9477 0.6435 0.7479 -17.8983 1.9975 46.2871 -8.2955 0.4786
Car -1 -1 -8.0601 574.5235 172.6980 640.2720 219.6416 1.5944 1.6420 3.8815 -0.2202 1.5888 26.5777 -8.0689 0.4688
Car -1 -1 -7.7612 539.5374 178.4944 692.3815 325.4821 1.5892 1.7152 3.9148 0.2185 1.6831 9.9991 -7.7417 0.4283
Car -1 -1 -4.8771 579.1525 171.9189 641.4358 219.6696 1.6141 1.6684 3.7245 -0.1085 1.5822 26.3668 -4.8818 0.3948
Car -1 -1 -8.0041 579.4233 172.3443 642.1786 219.4996 1.5992 1.6816 4.2449 -0.1018 1.5816 26.6963 -8.0086 0.3919
Car -1 -1 -7.8693 589.8784 172.2066 638.8128 219.6792 1.6167 1.6675 4.3004 0.0726 1.5943 26.7333 -7.8673 0.3759
Pedestrian -1 -1 -2.6402 539.9564 173.4340 556.8799 211.7006 1.6852 0.5695 0.5453 -2.7853 1.7110 32.1567 -2.7264 0.3287
Car -1 -1 -7.9525 585.1238 172.3843 642.0330 219.8249 1.6095 1.6913 3.9349 0.0116 1.5933 26.5212 -7.9527 0.3099
Pedestrian -1 -1 -7.4996 658.7534 171.5272 677.2446 207.1212 1.8120 0.8311 0.4881 2.9455 1.7442 37.1275 -7.4216 0.3092
Pedestrian -1 -1 -5.4505 535.6320 173.1939 554.5329 211.5562 1.6779 0.5106 0.6784 -2.9207 1.6928 31.9828 -5.5414 0.3066
Car -1 -1 -4.8439 585.9074 171.8838 645.5117 220.9853 1.6112 1.6171 3.7703 0.0835 1.5790 25.6493 -4.8414 0.2840
Pedestrian -1 -1 -5.7818 538.3732 172.8407 558.1026 211.0551 1.6727 0.4631 0.7387 -2.7761 1.6718 31.9434 -5.8684 0.2737
Pedestrian -1 -1 -2.3671 536.3355 173.3334 554.0857 211.0854 1.6602 0.5441 0.5691 -2.9274 1.6815 32.1320 -2.4578 0.2311
Car -1 -1 -4.9455 583.5170 172.2326 656.2930 221.8694 1.6202 1.6992 3.9497 0.2183 1.5996 25.6665 -4.9378 0.2140
Car -1 -1 -7.7752 589.8484 172.7528 645.4652 219.8654 1.5993 1.7436 3.9068 0.3074 1.5956 26.5174 -7.7645 0.2066
Pedestrian -1 -1 -7.7446 323.1046 173.7464 335.2417 204.3480 1.9435 0.6499 0.7270 -18.0443 2.0009 46.2840 -8.1147 0.1987
Car -1 -1 -4.8428 584.4912 173.5054 642.7996 222.1579 1.5667 1.5425 3.7721 0.0094 1.5910 25.2583 -4.8431 0.1907
Car -1 -1 -7.9483 740.9734 170.3005 770.4983 194.4182 1.6343 1.6510 4.1364 10.2335 1.4610 51.0364 -7.7519 0.1744
Car -1 -1 -4.8924 587.6482 172.8210 652.8883 222.7256 1.6056 1.5983 3.8392 0.2331 1.6042 25.2420 -4.8840 0.1377
Car -1 -1 -4.8965 584.6992 172.5883 649.8712 224.0521 1.6393 1.5484 3.9158 0.1253 1.6305 25.0481 -4.8923 0.1353
Car -1 -1 -7.8460 744.4125 169.5452 768.8553 195.1671 1.7268 1.6197 3.9742 10.2888 1.5035 50.7403 -7.6474 0.1336
Car -1 -1 -4.7682 176.5084 194.1860 206.2483 218.7916 1.5774 1.6448 3.5839 -29.9805 3.1598 51.5844 -5.2927 0.1096
Car -1 -1 -7.7990 653.2446 169.6475 684.0062 201.0646 1.8415 1.6760 3.9590 3.6093 1.6533 44.3679 -7.7188 0.0677
Car -1 -1 -2.7811 543.4753 172.5103 651.5256 219.4033 1.5947 1.5637 3.5503 -0.4838 1.5827 25.8679 -2.8003 0.0673
Pedestrian -1 -1 -7.4350 979.4528 165.6796 1007.7187 223.0685 1.6686 0.5427 0.6056 11.3163 1.4597 21.3796 -6.9543 0.0510
Pedestrian -1 -1 -7.6222 320.6035 174.2170 334.2715 204.6012 1.9216 0.6539 0.7684 -18.0821 2.0092 46.0969 -7.9944 0.0500
Cyclist -1 -1 -7.5470 542.9752 174.2926 560.6470 210.8846 1.6103 0.3551 1.5198 -2.6622 1.6765 32.5936 -7.6284 0.0491
Car -1 -1 -6.4464 581.2172 172.3256 688.6182 220.1723 1.6450 1.6339 3.6240 0.8042 1.6265 25.8571 -6.4163 0.0386
Car -1 -1 -6.1577 575.3580 171.6977 683.4789 219.1521 1.6051 1.6007 3.6459 0.6776 1.5657 25.4710 -6.1321 0.0379
Pedestrian -1 -1 -7.9325 654.0759 171.3855 667.9182 203.2707 1.8677 0.7683 0.6030 2.9698 1.7814 42.5702 -7.8638 0.0379
Car -1 -1 -3.1273 558.6572 171.3115 667.3383 218.5491 1.6205 1.6711 3.7332 0.0672 1.5673 25.6187 -3.1253 0.0377
Car -1 -1 -2.7619 593.9944 172.0863 670.5342 200.2955 1.6538 1.7062 4.3360 1.3165 1.6085 43.9471 -2.7326 0.0368
Car -1 -1 -2.9699 544.2851 172.8248 647.5589 219.7535 1.5941 1.5556 3.4407 -0.5084 1.5928 25.5372 -2.9903 0.0354
Car -1 -1 -3.0582 455.0672 174.8499 762.5741 306.2195 1.6281 1.7156 3.9011 -0.0370 1.6581 9.9801 -3.0634 0.0298
Cyclist -1 -1 -4.5379 532.5351 172.0138 551.1766 212.0836 1.7069 0.5351 1.6563 -3.0154 1.6709 31.5838 -4.6328 0.0298
Car -1 -1 -2.5157 602.4915 169.5653 679.5938 200.0576 1.7823 1.7746 4.5451 1.8320 1.5897 44.2763 -2.4751 0.0278
Car -1 -1 -6.2009 584.0657 172.4396 693.8351 222.3367 1.6785 1.6170 3.7279 1.0123 1.6643 25.2998 -6.1621 0.0275
Cyclist -1 -1 -7.8491 541.0401 174.6903 549.4283 210.8707 1.5850 0.3671 1.5164 -2.9533 1.6693 32.4587 -7.9397 0.0271
Car -1 -1 -4.5271 246.3968 182.7746 282.2776 207.6119 1.5697 1.5414 3.7238 -23.5491 2.2732 49.1931 -4.9717 0.0265
Pedestrian -1 -1 -7.4083 971.0276 162.2441 1000.2455 221.8982 1.7319 0.5845 0.5600 11.0646 1.4236 21.3501 -6.9362 0.0253
Car -1 -1 -7.8440 279.7016 185.6260 303.0173 205.8438 1.3756 1.5357 3.7224 -23.6944 2.3606 53.6492 -8.2583 0.0236
Car -1 -1 -7.8079 650.4016 168.9272 680.6748 200.3505 1.8456 1.6862 3.8818 3.4214 1.6147 44.4080 -7.7319 0.0233
Car -1 -1 -8.1664 737.6954 170.3181 776.9432 195.8475 1.6971 1.6991 3.3283 10.0762 1.5282 49.7140 -7.9680 0.0211
Cyclist -1 -1 -7.1370 956.2849 163.7783 1009.1144 221.5720 1.6681 0.4683 1.5862 10.9771 1.4059 21.3408 -6.6680 0.0204
Car -1 -1 -5.1133 160.0637 194.8052 207.7023 219.1499 1.5664 1.6851 3.4973 -30.3041 3.1772 51.2409 -5.6453 0.0200
Cyclist -1 -1 -7.1368 960.5535 163.7708 1013.3617 221.9102 1.6780 0.5170 1.5240 11.1054 1.4156 21.3481 -6.6632 0.0193
Pedestrian -1 -1 -7.4619 975.6407 166.7617 1002.6799 224.5758 1.6637 0.5663 0.4695 11.0539 1.4881 21.1314 -6.9861 0.0192
Pedestrian -1 -1 -2.8427 529.4429 172.9048 547.0993 209.9910 1.6265 0.5382 0.6494 -3.2188 1.6285 31.9742 -2.9427 0.0190
Car -1 -1 -2.8309 600.7025 169.0882 672.6694 199.2185 1.7652 1.6690 4.0439 1.5873 1.5442 43.7421 -2.7953 0.0182
Cyclist -1 -1 -7.5396 540.7520 173.7675 559.4137 210.8991 1.6224 0.4295 1.3760 -2.7151 1.6639 32.2810 -7.6234 0.0179
Car -1 -1 -4.3403 375.2040 178.9550 406.8471 195.4253 1.5344 1.6335 3.9824 -21.4594 2.1500 70.7866 -4.6339 0.0167
Car -1 -1 -2.9465 592.1006 171.7037 669.4883 200.3727 1.6788 1.7307 4.4223 1.2396 1.6111 43.5842 -2.9187 0.0167
Car -1 -1 -4.6065 376.9117 179.1054 398.8336 195.6686 1.5413 1.6483 3.9356 -21.7861 2.1726 70.8094 -4.9042 0.0150
Car -1 -1 -2.7154 600.1907 169.1529 676.0873 199.8559 1.7966 1.7329 4.2864 1.6692 1.5797 43.9538 -2.6782 0.0145
Pedestrian -1 -1 -2.4843 634.9041 167.5838 645.1438 189.5996 1.9713 0.6241 0.6838 2.6851 1.4991 65.0642 -2.4435 0.0138
Pedestrian -1 -1 -8.5716 1146.3467 161.5970 1170.5613 205.3873 1.9260 0.6557 0.5501 24.3022 1.4306 32.0331 -7.9273 0.0130
Car -1 -1 -4.6489 245.3655 182.2843 275.2209 207.7504 1.6085 1.5852 3.8585 -23.8369 2.2786 49.2047 -5.0982 0.0130
Car -1 -1 -4.3935 328.9922 181.8485 369.9077 201.7490 1.3621 1.5769 4.3182 -19.2997 2.0564 53.5359 -4.7382 0.0127
Car -1 -1 -4.4043 247.0705 182.4639 290.7619 207.3754 1.5718 1.5592 3.9620 -23.2208 2.2541 49.1862 -4.8435 0.0117
Car -1 -1 -4.8206 272.3285 184.7426 301.6951 206.9437 1.5144 1.5700 3.9994 -24.0561 2.4324 53.6138 -5.2408 0.0116
Pedestrian -1 -1 -5.7399 532.3437 172.9829 553.4122 211.3420 1.6589 0.5480 0.7431 -2.9827 1.6644 31.6156 -5.8338 0.0114
Pedestrian -1 -1 -7.4463 962.8635 158.2668 992.4897 224.1865 1.9134 0.6297 0.5165 10.8293 1.4897 21.3511 -6.9830 0.0112
Cyclist -1 -1 -8.4504 742.5160 170.2842 759.8953 195.4808 1.6881 0.3741 1.5101 9.5712 1.5157 49.1100 -8.2595 0.0110
Car -1 -1 -4.8327 374.1317 179.0128 396.6645 196.0302 1.5793 1.6316 4.0729 -22.0638 2.2016 70.7429 -5.1342 0.0108
Car -1 -1 -8.2655 731.0706 169.3309 772.7174 195.6678 1.7674 1.5615 3.5219 9.8175 1.5307 50.3096 -8.0742 0.0103
Cyclist -1 -1 -7.9708 983.1480 168.8957 1007.7153 226.1987 1.6313 0.4490 1.5584 11.3415 1.5184 21.3492 -7.4887 0.0101
Car -1 -1 -3.1954 593.3575 171.3902 669.5689 200.6615 1.7142 1.7384 4.4674 1.2060 1.6281 43.1821 -3.1681 0.0091
Car -1 -1 -5.0423 480.4293 178.9459 508.2311 194.3481 1.4420 1.5750 3.7512 -11.4541 2.0597 71.1784 -5.2016 0.0075
Pedestrian -1 -1 -7.6787 968.4323 163.9417 994.3420 227.8760 1.8327 0.5926 0.5323 10.7985 1.5769 21.0741 -7.2114 0.0075
Car -1 -1 -5.0708 732.4769 168.8350 775.4409 196.9028 1.8629 1.7870 3.4835 9.8481 1.5958 49.7538 -4.8769 0.0073
Pedestrian -1 -1 -5.2782 635.6554 167.0332 644.8583 189.4009 2.0100 0.5689 0.6550 2.7137 1.4867 65.2661 -5.2371 0.0072
Car -1 -1 -4.5614 397.5072 178.2726 428.5663 198.9398 1.4729 1.6428 4.3265 -14.9510 1.9013 54.8421 -4.8266 0.0070
Car -1 -1 -4.8311 487.9193 179.3054 508.6142 194.5377 1.4268 1.5810 3.7949 -11.0915 2.0828 71.3560 -4.9851 0.0062
Car -1 -1 -4.2928 486.9147 179.1920 518.2920 194.4617 1.4289 1.5655 4.0375 -10.6177 2.0753 71.4630 -4.4401 0.0060
Car -1 -1 -5.1390 473.2751 178.9062 506.0903 194.2668 1.4319 1.6350 4.1073 -11.9068 2.0463 71.1223 -5.3046 0.0058
Cyclist -1 -1 -7.8229 971.8989 165.7537 990.1525 225.5281 1.7293 0.4518 1.5434 11.0961 1.5236 21.6599 -7.3555 0.0051
Car -1 -1 -4.1200 489.2785 178.4886 524.1224 194.0701 1.4648 1.5625 3.7889 -10.2012 2.0377 71.3549 -4.2618 0.0042
Pedestrian -1 -1 -5.4457 636.9018 165.8954 647.2383 189.8943 2.1541 0.6172 0.7094 2.8766 1.5292 65.2343 -5.4021 0.0041
Pedestrian -1 -1 -8.2202 1099.6222 161.4117 1130.1433 222.8824 1.6318 0.5654 0.3997 13.5286 1.3277 19.4138 -7.6190 0.0038
Car -1 -1 -4.0217 490.7247 176.1480 531.0387 193.3888 1.6289 1.7456 4.0754 -9.7641 1.9637 71.2010 -4.1578 0.0035
Car -1 -1 -7.2323 1241.0000 129.4142 1241.0000 374.0000 1.4990 1.6816 4.0403 6.7729 1.2757 4.5464 -6.2823 0.0033
Cyclist -1 -1 -4.7051 537.2852 172.1562 549.7951 211.9144 1.7246 0.5408 1.4465 -2.9896 1.6941 32.0425 -4.7979 0.0033
Pedestrian -1 -1 -8.6681 1105.9525 153.7863 1141.1554 220.9947 1.7826 0.6917 0.4106 13.7611 1.2766 19.4093 -8.0588 0.0032
Car -1 -1 -3.9821 315.5400 178.3898 383.4327 204.4293 1.4397 1.6120 3.8861 -15.4512 1.7846 42.8901 -4.3262 0.0030
Cyclist -1 -1 -7.9103 977.3160 167.4312 996.4102 225.2344 1.6514 0.3997 1.5923 11.1296 1.4962 21.4230 -7.4373 0.0030
Car -1 -1 -7.1718 1221.5946 128.1369 1241.0000 374.0000 1.5229 1.6848 4.1617 6.9688 1.2723 4.9561 -6.2469 0.0030
Car -1 -1 -7.2110 1226.2753 139.1391 1241.0000 374.0000 1.4761 1.6353 4.0118 7.1541 1.2682 5.3010 -6.3042 0.0030
Cyclist -1 -1 -7.5865 321.4436 175.0688 339.0733 204.5557 1.8440 0.6557 1.5754 -17.8826 1.9876 46.0624 -7.9552 0.0027
Cyclist -1 -1 -6.0657 528.7568 173.7348 563.5678 212.0118 1.6863 0.4905 1.4739 -2.8826 1.7257 32.1409 -6.1549 0.0025
Cyclist -1 -1 -6.0530 527.8637 172.8027 561.8968 212.0925 1.7238 0.5342 1.4202 -2.9285 1.7213 32.0198 -6.1440 0.0023
Cyclist -1 -1 -7.6078 326.4893 173.8864 343.8210 203.6083 1.8724 0.6902 1.5156 -17.6616 1.9395 46.3023 -7.9706 0.0007
Cyclist -1 -1 -7.5264 318.2213 174.4121 337.5340 204.4177 1.8862 0.6983 1.5239 -18.0933 1.9874 46.2140 -7.8979 0.0005
Cyclist -1 -1 -7.4966 321.2564 174.0470 341.0125 204.1129 1.8947 0.7000 1.5029 -17.9121 1.9722 46.2848 -7.8642 0.0003
Cyclist -1 -1 -2.6986 317.2849 173.3154 346.5592 203.3510 1.9085 0.7066 1.6042 -17.8616 1.9381 46.2735 -3.0653 0.0000
Cyclist -1 -1 -2.5533 316.5388 172.9178 346.6388 203.4144 1.9285 0.7317 1.6725 -17.8452 1.9323 46.1694 -2.9205 0.0000
