Car -1 -1 -4.3229 302.0260 186.9217 355.6976 214.8378 1.4562 1.6180 3.5773 -16.0478 2.2955 41.2606 -4.6920 0.9882
Car -1 -1 -4.1822 104.0278 191.1967 207.0906 232.4735 1.5333 1.7241 4.4459 -19.4341 2.3792 31.0423 -4.7380 0.9784
Car -1 -1 -4.1790 104.9858 190.4030 207.6614 231.3311 1.5190 1.6797 4.4559 -19.3435 2.3260 30.9496 -4.7340 0.6857
Pedestrian -1 -1 -5.4357 688.8363 170.2818 702.3456 195.8886 1.9101 0.4608 1.0037 6.4175 1.7179 54.3659 -5.3192 0.6669
Car -1 -1 -4.3249 299.8458 186.6797 352.2500 215.2318 1.4851 1.5849 3.4257 -16.0811 2.3021 40.9255 -4.6975 0.6202
Car -1 -1 -4.3210 301.0406 186.6703 354.4712 215.1589 1.4752 1.5765 3.5630 -15.9727 2.2926 40.9052 -4.6915 0.5639
Car -1 -1 -4.2200 103.1830 191.4682 196.7703 231.9147 1.4975 1.6605 3.9598 -19.4323 2.3395 30.6178 -4.7818 0.5575
Pedestrian -1 -1 -5.7389 688.2424 170.2539 702.9534 196.1210 1.9259 0.5238 0.9660 6.4027 1.7320 54.2232 -5.6224 0.3603
Pedestrian -1 -1 -6.8181 689.7352 169.8073 704.2871 195.2448 1.8958 0.5292 0.9480 6.5073 1.6684 54.2071 -6.6996 0.2828
Car -1 -1 -7.9552 737.3029 172.2224 768.5428 199.3106 1.6722 1.6014 3.6131 9.1195 1.6329 46.4146 -7.7628 0.2342
Car -1 -1 -7.9826 733.6687 173.3633 766.0871 200.4066 1.6684 1.5666 3.7777 8.9410 1.7023 46.5188 -7.7943 0.2229
Car -1 -1 -7.9317 739.9882 171.8751 770.6331 199.4661 1.7019 1.6301 3.8210 9.2885 1.6412 46.4999 -7.7362 0.1875
Car -1 -1 -4.8842 733.1467 171.5647 770.4996 199.9116 1.7551 1.6699 4.1850 9.1071 1.6750 46.7817 -4.6935 0.1139
Car -1 -1 -4.0964 211.2769 179.1446 256.5517 199.4055 1.6171 1.5029 3.7226 -31.6311 2.1633 60.7423 -4.5749 0.1124
Pedestrian -1 -1 -7.1655 735.6529 173.7659 751.1692 200.4785 1.6512 0.7387 0.6034 8.3053 1.7085 45.1108 -6.9851 0.1012
Car -1 -1 -7.5137 208.8730 179.7485 244.7240 199.3140 1.5577 1.5333 3.6403 -32.2174 2.1557 60.7049 -8.0000 0.0857
Car -1 -1 -3.8276 210.6046 179.6094 266.4870 201.3678 1.7282 1.5823 4.1214 -31.3076 2.3186 60.8838 -4.3010 0.0677
Car -1 -1 -4.2418 209.9389 179.2215 250.6304 199.6113 1.6328 1.5194 3.6986 -31.9685 2.1854 60.7987 -4.7243 0.0630
Car -1 -1 -6.1741 735.6539 172.6217 803.8244 198.7808 1.5852 1.6487 4.0119 9.9669 1.5709 45.1463 -5.9586 0.0505
Car -1 -1 -4.3258 210.9900 179.4641 255.1491 202.3518 1.8261 1.7334 4.5430 -31.9569 2.4085 61.2632 -4.8051 0.0492
Car -1 -1 -5.5819 732.9701 172.9542 799.3899 199.1137 1.5371 1.6653 3.8190 9.5364 1.5433 44.4316 -5.3722 0.0214
Car -1 -1 -4.3935 0.0000 184.1305 45.6753 211.2362 1.5256 1.5539 3.7919 -36.3823 2.2507 44.3640 -5.0776 0.0213
Car -1 -1 -4.4889 0.0000 184.5537 33.2090 211.3439 1.4944 1.5648 3.8175 -36.7685 2.2426 44.1020 -5.1810 0.0208
Car -1 -1 -4.5989 208.8946 179.5464 236.5688 199.6436 1.5910 1.6118 3.9189 -32.5367 2.1729 60.6496 -5.0897 0.0203
Car -1 -1 -4.5046 0.0000 186.7855 27.4422 212.8611 1.4312 1.5415 3.8193 -36.8659 2.3168 43.8381 -5.2010 0.0170
Car -1 -1 -4.3911 436.1892 179.5634 466.0824 196.3522 1.5404 1.5951 4.1885 -15.4122 2.2121 70.1001 -4.6071 0.0151
Car -1 -1 -5.7426 731.8348 172.3037 809.5313 199.7486 1.6074 1.7125 4.4098 9.8035 1.5749 44.3948 -5.5271 0.0118
Car -1 -1 -6.4721 737.0644 173.6204 810.2262 199.5541 1.6026 1.6843 4.2595 10.2499 1.6516 45.5475 -6.2525 0.0115
Car -1 -1 -4.6316 437.6882 179.5016 457.9931 196.3873 1.5488 1.5878 4.2568 -15.7528 2.2152 70.1460 -4.8521 0.0110
Car -1 -1 -4.2974 437.8031 179.0626 470.4470 196.2189 1.5779 1.5708 4.1250 -15.1248 2.1997 70.1172 -4.5094 0.0101
Car -1 -1 -4.8094 435.1546 179.5429 457.1921 196.1584 1.5168 1.6655 4.4237 -15.9712 2.1886 70.1330 -5.0328 0.0092
Pedestrian -1 -1 -3.3291 993.4631 179.7494 1012.4086 223.9416 1.8996 0.6159 0.6197 17.1184 2.2042 31.5222 -2.8362 0.0090
Pedestrian -1 -1 -6.0633 655.0170 175.2174 705.5494 297.7900 1.6545 0.5906 0.5956 0.9370 1.6886 10.1254 -5.9752 0.0089
Car -1 -1 -4.9759 962.8516 173.7474 997.5754 193.2602 1.5652 1.6191 3.8297 30.7646 1.6418 60.1047 -4.5051 0.0088
Car -1 -1 -4.2887 441.3142 178.9905 475.4956 196.4073 1.5999 1.6687 4.2024 -14.6994 2.2146 70.0825 -4.4950 0.0087
Car -1 -1 -6.8766 735.1785 172.0774 797.2596 198.0197 1.6566 1.7765 3.6291 10.2614 1.6067 47.5771 -6.6659 0.0083
Car -1 -1 -6.1168 735.9969 172.5065 812.8270 199.8210 1.6335 1.6900 4.4319 10.1641 1.6125 44.7721 -5.8954 0.0082
Car -1 -1 -4.9118 957.6754 173.1600 989.9400 193.1681 1.6126 1.6546 3.9022 30.3411 1.6388 60.3187 -4.4480 0.0079
Car -1 -1 -4.4603 426.7731 183.3687 452.9321 200.1240 1.4770 1.4808 3.8710 -16.0215 2.4961 68.0018 -4.6912 0.0076
Car -1 -1 -6.7133 730.6500 173.2372 809.0605 200.2624 1.6682 1.7814 4.5450 10.1213 1.6930 45.9331 -6.4982 0.0075
Car -1 -1 -4.0913 22.6192 190.2225 118.4336 223.5798 1.7141 1.8850 5.0731 -31.4831 2.7931 42.2862 -4.7285 0.0072
Car -1 -1 -4.3088 296.2676 183.6062 345.6626 206.5838 1.4237 1.6614 3.9592 -19.4249 2.1771 48.5779 -4.6876 0.0061
Car -1 -1 -4.7677 973.2871 174.6921 999.0876 194.2628 1.5549 1.6700 3.9036 31.1390 1.7125 59.8475 -4.2903 0.0060
Car -1 -1 -4.0755 438.4609 178.7564 482.3219 196.5003 1.6207 1.7452 4.6490 -14.4865 2.2135 70.0278 -4.2790 0.0060
Car -1 -1 -4.7341 976.3017 174.8028 1000.9103 194.8184 1.5850 1.7051 3.7432 31.2083 1.7512 59.5919 -4.2540 0.0059
Pedestrian -1 -1 -2.5457 634.9376 177.0811 694.6277 304.5248 1.6741 0.5385 0.6236 0.6971 1.7342 9.9089 -2.4792 0.0058
Car -1 -1 -4.6901 431.6785 181.5822 449.2758 197.3283 1.4205 1.5631 4.0745 -16.3535 2.2886 69.6333 -4.9203 0.0057
Car -1 -1 -4.3711 302.2598 184.2661 347.6899 206.8067 1.4112 1.6503 3.9489 -19.4045 2.2207 49.2004 -4.7452 0.0056
Car -1 -1 -3.7897 9.4369 191.2857 115.8249 226.7341 1.7852 1.8981 4.6642 -31.3298 2.9075 41.4426 -4.4341 0.0055
Car -1 -1 -4.5008 432.9566 181.7596 456.7782 196.9627 1.3823 1.4751 3.8259 -15.9571 2.2669 69.7770 -4.7251 0.0054
Car -1 -1 -3.4143 0.0000 186.5186 27.5508 215.3634 1.5282 1.6723 3.7948 -36.7561 2.3659 42.2074 -4.1277 0.0054
Pedestrian -1 -1 -5.9436 641.5939 176.4920 690.8865 297.0721 1.6306 0.5770 0.5329 0.7406 1.6833 10.1501 -5.8744 0.0054
Car -1 -1 -6.0918 210.9057 183.8852 263.8906 203.0205 1.5226 1.4648 3.7067 -30.9864 2.4589 60.0421 -6.5667 0.0054
Car -1 -1 -4.5767 425.3592 182.2465 448.8183 200.1162 1.5753 1.6449 3.7533 -16.1902 2.4804 67.6049 -4.8112 0.0052
Car -1 -1 -4.3838 436.0836 182.1830 463.2233 196.7515 1.3223 1.4576 3.6707 -15.5056 2.2495 69.8329 -4.6018 0.0052
Car -1 -1 -4.5130 286.5731 179.4774 313.6297 195.6606 1.5177 1.7355 3.8185 -30.6411 2.1915 71.3878 -4.9173 0.0051
Car -1 -1 -4.6284 427.6115 182.0822 449.6502 199.1966 1.5142 1.6701 4.5038 -16.3069 2.4230 68.7251 -4.8609 0.0050
Car -1 -1 -5.3224 947.7465 174.9341 993.1293 193.2919 1.4706 1.4985 3.7539 29.9989 1.6495 60.2135 -4.8624 0.0049
Car -1 -1 -4.7912 424.1451 182.5886 445.7509 198.7464 1.4198 1.6563 4.3115 -16.6632 2.3747 68.4888 -5.0293 0.0049
Car -1 -1 -4.5514 428.2018 182.8475 452.8724 200.3676 1.5471 1.6104 4.2858 -16.0495 2.5246 68.4083 -4.7813 0.0047
Car -1 -1 -4.2464 425.9724 183.2103 459.4356 200.1845 1.4955 1.5349 3.7921 -15.7634 2.5012 68.0638 -4.4735 0.0046
Car -1 -1 -3.8068 8.1577 190.7080 114.3971 226.2437 1.7812 1.8813 4.6489 -31.1873 2.8608 41.1548 -4.4524 0.0045
Car -1 -1 -3.9576 925.1360 176.2206 986.8499 195.1573 1.4716 1.8399 4.6229 27.9636 1.7516 58.3725 -3.5132 0.0043
Car -1 -1 -4.5726 791.7833 168.9803 835.5020 204.9144 1.6800 1.6285 3.4048 10.0498 1.4986 35.6189 -4.3002 0.0041
Car -1 -1 -4.4090 788.4893 169.0155 843.9722 204.8484 1.6830 1.6260 3.7186 10.2608 1.5024 35.8906 -4.1332 0.0041
Car -1 -1 -5.2388 955.1769 175.6093 998.5073 194.1695 1.4820 1.5463 3.7198 30.4664 1.7184 60.0810 -4.7718 0.0041
Car -1 -1 -4.6030 426.0114 182.9024 448.5539 199.7745 1.4802 1.6255 4.1260 -16.2667 2.4570 68.0090 -4.8373 0.0038
Car -1 -1 -4.0563 932.2131 176.1737 990.9318 197.1888 1.6296 1.8450 4.6181 28.4359 1.9065 58.3964 -3.6056 0.0036
Car -1 -1 -4.4906 428.0563 182.0837 455.5510 199.0856 1.5125 1.5824 4.6247 -16.0656 2.4248 69.0227 -4.7188 0.0035
Car -1 -1 -4.2536 144.9768 184.6366 207.0485 211.7002 1.5681 1.6641 4.2533 -27.5456 2.3530 45.8962 -4.7918 0.0034
Cyclist -1 -1 -6.9407 1039.5515 172.4473 1076.4526 209.1241 1.8072 0.6884 1.4449 22.2880 1.7869 35.9720 -6.3901 0.0034
Car -1 -1 -4.7839 284.6897 179.7493 306.2261 196.2547 1.5446 1.6869 3.7748 -31.1247 2.2455 71.3112 -5.1943 0.0033
Car -1 -1 -4.8979 421.3313 182.5926 447.6173 199.8777 1.5154 1.6829 4.0560 -16.5720 2.4615 67.9256 -5.1367 0.0032
Car -1 -1 -4.3017 300.9707 184.1174 350.1288 207.3374 1.4331 1.6361 3.9248 -19.0691 2.2203 48.4550 -4.6750 0.0031
Car -1 -1 -4.2716 308.2133 183.6084 359.0611 207.3678 1.4763 1.6410 4.0377 -18.6512 2.2342 48.7900 -4.6353 0.0031
Car -1 -1 -3.8168 926.4118 175.8948 991.3499 196.9379 1.6601 1.8812 4.5992 28.3747 1.9136 58.7744 -3.3694 0.0031
Car -1 -1 -4.3742 0.0000 180.0356 0.0000 207.3531 1.4605 1.6488 3.9611 -41.5654 1.8981 41.8468 -5.1531 0.0030
Car -1 -1 -4.2039 303.4539 183.7463 356.2669 206.6327 1.4321 1.6378 3.9478 -19.0620 2.2055 49.1874 -4.5721 0.0030
Car -1 -1 -4.2319 308.0538 182.6988 359.0435 204.9963 1.4207 1.6305 3.9854 -19.0753 2.1292 49.8776 -4.5958 0.0030
Car -1 -1 -4.3911 0.0000 178.6449 0.0000 204.7535 1.4604 1.6474 3.9445 -41.5519 1.8259 43.4421 -5.1513 0.0030
Car -1 -1 -4.3828 0.0000 179.2771 0.0000 205.9933 1.4614 1.6484 3.9561 -41.5517 1.8597 42.6379 -5.1522 0.0030
Car -1 -1 -7.0513 954.4256 175.6623 1009.7344 194.3523 1.5025 1.7181 4.0139 30.8203 1.7406 59.8342 -6.5780 0.0029
Car -1 -1 -4.9839 944.7309 178.2819 981.3947 197.0664 1.4292 1.6469 3.9343 28.3914 1.8823 58.1848 -4.5323 0.0029
Car -1 -1 -4.0622 961.2490 174.2305 1016.0109 194.6659 1.6350 1.7229 4.3700 31.2917 1.7518 59.6692 -3.5816 0.0026
Cyclist -1 -1 -6.7590 1032.3413 173.2726 1073.0353 209.3028 1.7869 0.7398 1.5773 22.1692 1.8079 36.2183 -6.2137 0.0025
Cyclist -1 -1 -8.3524 735.4380 175.1011 752.4612 201.1163 1.5937 0.3724 1.4967 8.3308 1.7362 45.1028 -8.1714 0.0024
Car -1 -1 -5.1590 966.5637 179.9699 1011.1074 201.5423 1.6411 1.6065 3.9855 30.4898 2.2351 58.2408 -4.6793 0.0023
Car -1 -1 -4.0263 143.3782 184.7731 212.4531 212.5945 1.6154 1.6014 3.9695 -27.3488 2.4054 45.7599 -4.5627 0.0022
Car -1 -1 -4.8940 971.2544 177.1402 1006.3271 200.5759 1.8096 1.7947 4.1457 30.7771 2.1718 58.7796 -4.4141 0.0021
Car -1 -1 -5.5607 1028.8085 188.6300 1139.7484 233.2101 1.5312 1.5154 3.4367 18.2212 2.1828 27.9584 -4.9886 0.0020
Car -1 -1 -3.4778 939.4169 178.3646 994.7296 199.7136 1.7032 1.6564 3.7237 29.2055 2.1626 59.1491 -3.0215 0.0013
Car -1 -1 -4.9398 1020.6504 173.7762 1079.4385 206.8366 1.6224 1.7434 3.9891 22.8617 1.6730 37.6951 -4.3985 0.0010
Car -1 -1 -6.4626 962.8541 179.4153 1019.3808 200.2053 1.6328 1.7135 3.8333 31.0490 2.1811 58.9351 -5.9802 0.0010
Car -1 -1 -5.0528 964.9311 178.5504 1007.6435 201.4955 1.7658 1.8138 4.0686 30.5373 2.2460 58.7276 -4.5758 0.0009
Car -1 -1 -4.4881 711.4608 173.5062 743.4724 194.6110 1.5864 1.6384 3.9698 9.2073 1.6391 56.5168 -4.3278 0.0009
Car -1 -1 -4.2047 430.8669 182.1292 468.0782 200.6423 1.6346 1.6216 4.1411 -15.1356 2.5387 68.1421 -4.4228 0.0008
Car -1 -1 -7.3322 712.5078 171.7258 760.5873 192.3270 1.5438 1.6361 4.5844 9.8972 1.4589 56.3543 -7.1596 0.0005
Car -1 -1 -7.4311 711.2183 173.9302 753.3383 194.8711 1.5629 1.5737 4.4197 9.5645 1.6501 56.3607 -7.2642 0.0005
Car -1 -1 -5.3156 956.0323 180.0051 1005.4727 201.4040 1.6399 1.6092 3.9564 30.0945 2.2423 58.7431 -4.8446 0.0003
Car -1 -1 -4.7259 714.2203 173.0627 734.4946 194.7233 1.6340 1.5048 3.8558 8.8963 1.6506 56.4845 -4.5709 0.0002
