Car -1 -1 -3.4549 1063.2825 179.0080 1241.0000 280.2742 1.5008 1.6392 4.2173 10.3686 1.6193 12.4065 -2.7710 0.9913
Car -1 -1 -7.0913 657.8606 195.0398 755.7680 237.8221 1.4542 1.6169 3.8130 3.7831 2.3785 28.2437 -6.9605 0.9867
Car -1 -1 -5.2303 0.0000 228.0734 65.6911 296.2194 1.4528 1.5552 3.7332 -16.4452 3.0075 18.9552 -5.9381 0.9000
Car -1 -1 -7.1007 655.9218 194.5340 759.5562 237.2926 1.4503 1.6739 4.1342 3.8513 2.3625 28.4126 -6.9683 0.7941
Car -1 -1 -7.0756 656.0554 193.5804 753.0384 236.3394 1.4658 1.7137 3.6343 3.6895 2.3291 28.2703 -6.9480 0.7883
Car -1 -1 -5.3109 0.0000 225.3297 66.0548 294.0958 1.4860 1.6790 4.0204 -16.7066 2.9585 18.9295 -6.0272 0.7723
Car -1 -1 -6.5996 1063.8429 179.4124 1241.0000 282.2534 1.5138 1.5274 4.3120 10.3575 1.6389 12.3045 -5.9123 0.6886
Car -1 -1 -5.3332 0.0000 229.4594 63.6438 296.3422 1.4410 1.5882 3.6389 -16.4817 3.0074 18.7720 -6.0469 0.6711
Car -1 -1 -5.2043 0.0000 228.6991 69.3076 296.4231 1.4257 1.5840 3.9996 -16.5005 3.0149 19.0716 -5.9108 0.6246
Car -1 -1 -5.3822 0.0000 226.8017 63.6255 294.1394 1.4653 1.6422 4.0131 -16.7006 2.9533 18.7381 -6.1033 0.6214
Car -1 -1 -6.7049 1058.9910 176.9072 1241.0000 276.9854 1.5237 1.7319 4.2808 10.4259 1.6013 12.4883 -6.0214 0.6045
Pedestrian -1 -1 -4.4969 1090.9198 172.3962 1123.3461 254.2689 1.7578 0.5093 0.4289 10.8492 1.7477 15.8239 -3.9053 0.5940
Car -1 -1 -6.6420 1066.1963 174.2723 1241.0000 276.8165 1.5139 1.7675 4.8405 10.7769 1.5411 12.3510 -5.9368 0.5748
Car -1 -1 -5.0682 0.0000 226.8158 65.4887 295.1957 1.4371 1.5048 3.3883 -16.1040 2.9707 19.0157 -5.7641 0.5239
Car -1 -1 -5.2316 0.0000 226.9648 67.6948 295.0082 1.4550 1.5708 3.2090 -16.0721 2.9586 18.7657 -5.9330 0.5183
Pedestrian -1 -1 -4.5669 1094.4504 170.9539 1125.5804 253.3069 1.7668 0.5057 0.4469 10.9070 1.7257 15.8151 -3.9725 0.4872
Car -1 -1 -6.1656 1084.6222 178.6691 1241.0000 287.2184 1.4803 1.7436 4.1752 10.6402 1.5954 12.1904 -5.4604 0.4150
Car -1 -1 -5.0657 0.0000 224.6274 74.2475 295.3976 1.4712 1.6019 3.3027 -15.7006 2.9256 18.7506 -5.7560 0.3362
Car -1 -1 -7.6520 0.0000 227.5776 39.2484 300.9163 1.4282 1.5556 3.5603 -16.3284 3.0059 18.8721 -8.3584 0.2518
Car -1 -1 -5.5601 0.0000 231.5203 67.6576 295.4046 1.4394 1.5782 3.5498 -16.3445 3.0112 18.5328 -6.2758 0.2373
Car -1 -1 -4.9983 0.0000 231.5149 64.7048 298.6144 1.3353 1.6038 4.1501 -16.4835 3.0557 19.3491 -5.6972 0.2252
Car -1 -1 -5.6422 0.0000 226.9285 61.1616 294.0250 1.4673 1.6099 4.1330 -16.7582 2.9176 18.3660 -6.3748 0.2188
Car -1 -1 -4.8220 0.0000 228.3087 58.7583 296.1676 1.3605 1.5162 3.5774 -15.9789 2.9726 19.1874 -5.5098 0.2000
Car -1 -1 -4.5548 0.0000 225.5227 50.9900 298.2043 1.4489 1.5727 3.4274 -16.0037 2.9706 18.9758 -5.2487 0.1937
Car -1 -1 -4.4137 470.2299 180.2854 507.0957 203.4072 1.6285 1.7274 3.6303 -9.0606 2.2037 53.9615 -4.5797 0.1415
Pedestrian -1 -1 -4.2595 1088.8677 173.2070 1134.3560 256.7502 1.7548 0.5462 0.7319 10.7761 1.7624 15.5789 -3.6639 0.1077
Car -1 -1 -4.5077 0.0000 223.6167 66.0730 297.4493 1.4778 1.6697 3.3811 -15.6905 2.9411 18.9189 -5.1933 0.0883
Pedestrian -1 -1 -4.4400 1100.5341 169.3291 1141.9476 254.7831 1.7911 0.5535 0.7558 10.9859 1.7170 15.5781 -3.8354 0.0794
Pedestrian -1 -1 -5.7910 39.8112 177.1008 59.7013 208.1306 1.8565 0.4572 0.8309 -33.8409 2.1142 43.5430 -6.4489 0.0732
Car -1 -1 -5.9778 443.7729 181.9671 504.8368 204.8203 1.6260 1.6758 4.1184 -10.0242 2.3122 53.2761 -6.1633 0.0728
Pedestrian -1 -1 -5.6520 36.7260 177.8128 56.9631 208.5745 1.8323 0.5810 0.7636 -33.8866 2.1322 43.3766 -6.3124 0.0718
Pedestrian -1 -1 -7.9810 604.2739 185.9573 616.2551 216.8999 1.6909 0.6063 0.4806 -0.0248 2.4210 39.9421 -7.9824 0.0685
Car -1 -1 -5.8750 448.7472 181.4848 510.7092 204.4115 1.6206 1.6920 4.1744 -9.6343 2.2732 53.2802 -6.0535 0.0676
Pedestrian -1 -1 -4.1197 1087.0249 172.7744 1126.2916 255.3329 1.7915 0.5145 0.5224 10.9532 1.7895 15.9943 -3.5285 0.0675
Car -1 -1 -7.0377 0.0000 225.8833 81.6243 303.8362 1.4767 1.7607 4.0531 -16.2049 3.0020 18.6483 -7.7462 0.0568
Car -1 -1 -7.9420 560.3467 171.2142 610.6700 224.3669 2.3030 1.9292 4.6131 -1.2601 2.2317 33.6725 -7.9798 0.0514
Car -1 -1 -6.0157 462.7668 183.1217 523.1452 204.2987 1.5024 1.6057 4.1165 -8.6345 2.2736 53.1951 -6.1762 0.0456
Car -1 -1 -6.3332 461.2201 184.8489 519.0900 207.4438 1.5263 1.6925 3.9796 -8.5712 2.4000 51.3211 -6.4984 0.0405
Pedestrian -1 -1 -6.9627 606.1934 184.9930 620.1187 216.9610 1.7366 0.6142 0.4930 0.1359 2.4140 39.8891 -6.9600 0.0390
Car -1 -1 -5.9122 0.0000 235.9722 60.5020 305.6902 1.3862 1.5600 3.5302 -16.2579 3.0884 18.1192 -6.6363 0.0374
Pedestrian -1 -1 -5.6357 41.1370 176.4783 62.1082 207.9304 1.8847 0.5084 0.8714 -33.7369 2.1045 43.5539 -6.2919 0.0368
Pedestrian -1 -1 -4.1397 1078.6978 174.1349 1116.0126 256.1743 1.7877 0.5239 0.4600 10.7955 1.8165 16.0661 -3.5572 0.0357
Pedestrian -1 -1 -4.9949 902.6547 198.3992 926.3972 254.8746 1.2687 0.4132 0.3727 6.9521 1.8635 16.6035 -4.6056 0.0330
Car -1 -1 -6.5432 0.0000 233.1681 61.8498 309.3752 1.3993 1.5989 3.4775 -16.2162 3.0726 18.1308 -7.2658 0.0327
Car -1 -1 -6.3544 463.3931 184.5109 523.3815 207.5696 1.5607 1.8435 4.1121 -8.3861 2.4160 51.5899 -6.5152 0.0309
Car -1 -1 -7.9788 553.5723 169.8200 606.8497 225.0382 2.3840 1.8719 4.8895 -1.5168 2.2527 33.7191 -8.0241 0.0291
Car -1 -1 -7.9462 554.8400 174.0591 602.5613 226.2276 2.2393 1.7757 4.6263 -1.5664 2.2990 33.4969 -7.9933 0.0195
Pedestrian -1 -1 -5.1045 891.5971 196.2397 916.4792 256.0817 1.3457 0.4049 0.4009 6.7043 1.8896 16.5878 -4.7275 0.0165
Cyclist -1 -1 -8.1093 599.3609 184.8024 615.2858 216.7706 1.7203 0.4655 1.7318 -0.1959 2.4038 40.3960 -8.1148 0.0136
Car -1 -1 -4.6575 420.6816 183.3029 454.1891 212.2873 1.6630 1.8056 4.5968 -10.8763 2.3577 45.5683 -4.8909 0.0114
Car -1 -1 -4.6247 422.9465 183.5044 456.1809 212.1504 1.6381 1.6493 4.3619 -10.6661 2.3391 45.2301 -4.8554 0.0101
Car -1 -1 -4.7722 413.3174 185.7973 447.5885 215.4190 1.6130 1.7534 4.2114 -10.9131 2.4346 43.5466 -5.0168 0.0100
Car -1 -1 -4.4352 405.7442 184.9668 456.6670 215.2754 1.6243 1.7756 4.4357 -10.5433 2.3788 42.7137 -4.6763 0.0093
Car -1 -1 -4.6030 426.2565 178.0700 459.2751 207.5810 1.9658 1.8066 4.4362 -11.8421 2.3522 51.1878 -4.8297 0.0084
Cyclist -1 -1 -2.2299 0.0000 228.1470 29.4387 299.2177 1.6967 0.6697 2.0808 -16.1969 3.1627 18.5974 -2.9395 0.0075
Pedestrian -1 -1 -6.2271 1063.0604 159.0250 1086.0222 227.9597 1.9678 0.6365 0.5326 13.4794 1.5727 21.0106 -5.6636 0.0073
Cyclist -1 -1 -8.4630 615.7683 178.7727 643.7750 214.5372 1.7710 0.5828 1.6597 0.9602 2.0801 36.8656 -8.4378 0.0072
Cyclist -1 -1 -2.3262 0.0000 229.9467 44.2895 297.2188 1.6197 0.7424 1.9012 -15.8753 3.1344 18.6669 -3.0241 0.0070
Car -1 -1 -4.9640 400.6360 186.9425 446.9790 213.7624 1.4456 1.6979 4.2562 -11.3209 2.3401 43.5525 -5.2173 0.0060
Pedestrian -1 -1 -6.7165 605.8470 185.1722 623.8340 218.6569 1.8007 0.7247 0.7528 0.2259 2.4856 39.6460 -6.7115 0.0056
Pedestrian -1 -1 -1.7458 9.3444 186.8258 34.6693 224.8304 1.8813 0.8973 0.6667 -29.9330 2.6022 36.6851 -2.4268 0.0055
Cyclist -1 -1 -2.8403 0.0000 226.9302 23.0341 297.9113 1.5737 0.6810 2.0917 -15.9970 2.9675 17.8618 -3.5634 0.0053
Car -1 -1 -4.8067 560.2893 177.3906 586.6240 196.6373 1.4213 1.6742 4.0618 -2.9196 1.7891 56.4192 -4.8586 0.0051
Car -1 -1 -4.5504 414.4285 184.7498 455.4662 214.6691 1.6404 1.7319 4.2991 -10.5325 2.3941 43.5252 -4.7869 0.0048
Cyclist -1 -1 -2.4931 0.0000 226.6325 32.0567 294.2173 1.5988 0.7566 1.9430 -15.9313 2.9882 18.2066 -3.2048 0.0046
Car -1 -1 -2.1987 386.8801 184.6318 454.2568 213.7064 1.5946 1.7500 4.2323 -11.4150 2.3328 43.2252 -2.4558 0.0043
Car -1 -1 -4.5668 562.4548 177.5765 590.7240 196.7487 1.3964 1.6205 3.9689 -2.5666 1.7736 55.6219 -4.6130 0.0043
Pedestrian -1 -1 -4.8814 1039.9230 171.5303 1070.6591 224.7598 1.7287 0.7674 0.6207 14.6701 1.6854 23.8631 -4.3362 0.0038
Car -1 -1 -4.8751 558.7261 177.2227 587.7344 196.3508 1.4326 1.6537 4.0574 -2.9776 1.7916 57.1833 -4.9273 0.0038
Pedestrian -1 -1 -4.3891 1050.8341 172.4072 1077.8273 221.6899 1.6010 0.6363 0.4822 14.9615 1.5862 23.8392 -3.8346 0.0037
Pedestrian -1 -1 -6.8070 204.7795 181.7758 221.4234 224.5970 1.5822 0.6624 0.2501 -14.9284 1.9198 27.0546 -7.3073 0.0036
Cyclist -1 -1 -5.9247 611.7717 178.6517 646.7262 218.0296 1.9807 0.7414 1.6430 0.9521 2.2841 37.1364 -5.9000 0.0035
Cyclist -1 -1 -5.1414 616.9302 179.4265 642.5131 216.4099 1.8459 0.7281 1.5689 0.9666 2.1922 37.1847 -5.1163 0.0033
Pedestrian -1 -1 -6.5472 601.3939 184.4306 617.9886 218.9899 1.8617 0.7534 0.7394 -0.0580 2.5048 39.6384 -6.5494 0.0033
Cyclist -1 -1 -3.7357 1029.2836 172.5826 1086.8772 224.9394 1.7114 0.6411 1.5288 14.8086 1.7023 23.9410 -3.1878 0.0032
Car -1 -1 -6.6642 0.0000 0.0000 1241.0000 374.0000 1.5610 1.5928 3.7068 -3.3893 1.6686 1.4147 -7.7710 0.0030
Cyclist -1 -1 -6.0838 613.2828 180.9296 645.6924 217.4517 1.8546 0.7728 1.5597 0.9763 2.2794 37.4336 -6.0587 0.0029
Car -1 -1 -4.9582 483.2849 178.7066 509.3213 195.4526 1.4803 1.5865 3.4840 -10.6073 2.0392 67.0329 -5.1149 0.0027
Pedestrian -1 -1 -7.2599 619.7283 177.9518 639.2759 212.5045 1.7479 0.8013 0.6100 0.9641 2.0133 37.1235 -7.2348 0.0027
Cyclist -1 -1 -2.2028 0.0000 182.0275 33.0625 222.8378 2.0285 0.7408 1.8491 -30.4897 2.5025 36.7161 -2.8924 0.0027
Car -1 -1 -1.8665 166.9231 187.6869 239.4921 228.5569 1.5208 1.5959 3.8334 -17.0686 2.1790 30.1306 -2.3784 0.0026
Car -1 -1 -4.5913 414.7982 186.6172 454.1474 216.8824 1.5959 1.7201 4.4666 -10.3053 2.4499 42.4726 -4.8284 0.0023
Car -1 -1 -4.6442 418.0608 183.7003 453.7229 213.4806 1.6547 1.8178 4.4891 -10.6373 2.3541 44.1793 -4.8796 0.0022
Car -1 -1 -4.4512 456.1230 173.5507 482.7276 190.2176 1.5886 1.6461 3.7762 -13.7937 1.6586 70.8759 -4.6430 0.0022
Pedestrian -1 -1 -7.8764 616.8577 179.7358 630.9645 214.3511 1.7658 0.7135 0.5559 0.6750 2.1230 37.1985 -7.8591 0.0021
Car -1 -1 -4.5349 414.2991 187.6149 457.7411 215.4593 1.4864 1.7795 4.3426 -10.3586 2.4129 43.0878 -4.7699 0.0020
Car -1 -1 -4.7192 423.6125 185.1018 452.0043 214.3820 1.6124 1.6014 4.3038 -10.5302 2.3964 43.9231 -4.9536 0.0020
Pedestrian -1 -1 -7.4181 209.2731 179.1906 229.9726 223.1934 1.6389 0.6415 0.2401 -14.6796 1.8774 27.0518 -7.9115 0.0017
Car -1 -1 -4.5416 449.2193 175.0617 470.8821 191.8607 1.5907 1.4582 3.7809 -14.6913 1.8127 70.7395 -4.7459 0.0017
Car -1 -1 -5.9380 290.0058 182.4189 386.3492 217.7849 1.4539 1.5300 3.5499 -11.6223 1.8733 30.8752 -6.2956 0.0016
Car -1 -1 -4.7272 457.4152 172.9368 475.3352 190.4420 1.6656 1.6636 3.8500 -14.1192 1.6737 70.7300 -4.9238 0.0016
Car -1 -1 -1.7875 169.4014 187.6291 234.6339 229.0214 1.5151 1.5837 3.6849 -16.8586 2.1613 29.6698 -2.3006 0.0015
Car -1 -1 -5.0371 439.5326 173.2522 467.7184 189.6443 1.5634 1.5555 3.8675 -15.4261 1.6035 70.9778 -5.2506 0.0013
Car -1 -1 -3.2012 443.2009 174.1303 499.0528 199.4002 1.9200 1.9406 4.1798 -10.9042 2.0220 56.4253 -3.3916 0.0012
Cyclist -1 -1 -4.8265 452.7643 174.1348 461.6136 193.0083 1.7891 0.6611 1.5333 -14.7090 1.9133 69.3407 -5.0351 0.0010
Car -1 -1 -4.5509 253.3279 181.1891 306.2542 216.2162 1.3482 1.5205 3.2018 -13.8676 1.7186 30.3465 -4.9765 0.0010
Car -1 -1 -4.6815 448.5192 172.7877 464.9738 189.9684 1.6435 1.4648 3.9505 -15.0959 1.6369 71.0964 -4.8902 0.0010
Pedestrian -1 -1 -7.7173 453.2863 173.4843 461.3755 193.4497 1.9021 0.6261 1.0301 -14.6818 1.9628 69.3091 -7.9256 0.0004
Pedestrian -1 -1 -6.6113 616.2252 180.7191 627.4411 204.9564 1.5194 0.7432 0.5001 0.7172 2.0245 45.9412 -6.5963 0.0004
Pedestrian -1 -1 -4.1485 622.7083 181.4340 640.0076 220.6478 1.8110 0.5931 0.5835 0.9632 2.2188 33.9089 -4.1211 0.0003
