Car -1 -1 -4.4697 428.7314 187.5906 488.3322 227.8291 1.4839 1.5534 3.7699 -6.2490 2.1339 29.9236 -4.6743 0.9995
Car -1 -1 -7.9865 649.2865 175.9969 695.4303 212.7271 1.5850 1.6052 3.9739 2.7920 1.7395 33.5076 -7.9047 0.9994
Car -1 -1 -4.0537 0.0000 211.2462 202.0164 374.0000 1.4833 1.6224 3.9321 -6.0271 1.9722 7.2114 -4.7320 0.9985
Car -1 -1 -4.5467 460.3483 185.4096 505.6975 218.5787 1.4713 1.5759 3.8476 -6.2088 2.1205 35.3953 -4.7197 0.9758
Car -1 -1 -7.3367 161.0460 196.2382 236.0372 230.1946 1.5097 1.6027 3.8623 -20.8537 2.7606 36.6752 -7.8509 0.9409
Car -1 -1 -7.3460 161.6104 196.7458 236.5192 230.2651 1.4882 1.6535 3.8147 -20.8268 2.7656 36.6730 -7.8597 0.9391
Car -1 -1 -7.2745 71.9328 202.6642 150.9101 236.9548 1.5386 1.6039 3.7005 -25.8408 3.1642 37.4875 -7.8750 0.9333
Car -1 -1 -8.5454 994.8475 196.4459 1241.0000 374.0000 1.4277 1.6479 3.8108 3.0109 1.5780 2.6226 -7.7459 0.9264
Car -1 -1 -7.3498 160.4125 197.4014 235.2115 230.6892 1.4692 1.6289 3.8573 -20.8705 2.7813 36.6401 -7.8648 0.9245
Car -1 -1 -4.5542 486.1756 181.7540 525.4052 209.4394 1.5484 1.7067 4.2926 -6.3179 2.1162 43.9013 -4.6968 0.9225
Car -1 -1 -4.5388 487.4408 181.5720 527.4167 209.3316 1.5532 1.6889 4.3133 -6.2208 2.1100 43.9259 -4.6791 0.9089
Car -1 -1 -3.9891 0.0000 208.0732 65.2614 241.4695 1.4692 1.6131 3.7191 -30.7052 3.3978 37.6254 -4.6703 0.8923
Car -1 -1 -4.5333 459.2537 185.8190 506.5007 219.0038 1.4640 1.5992 3.9536 -6.2063 2.1348 35.3626 -4.7063 0.8682
Car -1 -1 -7.2296 117.9931 200.3669 195.2731 232.1095 1.4198 1.5474 3.6407 -23.4326 2.9161 37.3810 -7.7866 0.8619
Car -1 -1 -4.2311 215.1569 191.9860 289.8751 226.9238 1.5683 1.6624 4.1738 -18.1667 2.5997 36.8031 -4.6871 0.8474
Car -1 -1 -8.0692 820.4930 162.9495 851.5753 183.7807 1.6341 1.6295 3.7624 18.2722 0.8569 58.5458 -7.7683 0.8130
Car -1 -1 -4.1117 215.8318 192.1067 295.3469 226.9456 1.5556 1.5918 4.0896 -17.9722 2.5922 36.7221 -4.5643 0.8017
Car -1 -1 -7.3350 69.2584 202.7019 149.6989 236.8846 1.5105 1.6581 4.0157 -25.9843 3.1499 37.5680 -7.9370 0.8005
Car -1 -1 -7.2670 117.9013 199.8158 192.7658 232.0528 1.4534 1.5935 3.5000 -23.4326 2.9118 37.2662 -7.8254 0.7793
Car -1 -1 -5.5212 987.0983 191.3118 1241.0000 374.0000 1.5074 1.6478 4.2922 3.0622 1.6239 2.3874 -4.6715 0.7610
Car -1 -1 -5.3803 989.9668 208.1518 1241.0000 374.0000 1.3821 1.6168 3.8968 2.9089 1.6060 2.5479 -4.5852 0.7525
Car -1 -1 -7.3278 70.9778 201.7913 144.3836 236.7401 1.5787 1.6199 3.3902 -25.8818 3.1425 37.2485 -7.9320 0.7486
Car -1 -1 -8.6546 984.2458 193.7457 1241.0000 374.0000 1.4365 1.6221 3.7543 3.1085 1.5683 2.6808 -7.8490 0.7452
Car -1 -1 -4.5382 457.1720 185.3114 506.2172 218.5064 1.4692 1.6856 4.1301 -6.2918 2.1183 35.5499 -4.7127 0.7193
Car -1 -1 -7.2398 73.0701 202.7110 150.5374 236.9014 1.5410 1.5661 3.4942 -25.7341 3.1589 37.3487 -7.8400 0.7020
Car -1 -1 -4.0527 0.0000 208.5242 203.9863 374.0000 1.4956 1.6325 3.8553 -5.9714 1.9460 7.1763 -4.7287 0.6755
Car -1 -1 -4.2418 214.9554 192.8465 281.5665 226.9466 1.5433 1.6109 3.4483 -18.2182 2.6000 36.4170 -4.7031 0.6485
Car -1 -1 -8.0207 822.3900 162.2010 852.6491 184.1351 1.7184 1.6891 4.0193 18.4185 0.8835 58.6346 -7.7180 0.6427
Car -1 -1 -7.4428 618.4611 178.5551 655.9565 198.7188 1.4722 1.5627 3.6741 2.1104 1.9285 55.8022 -7.4057 0.6113
Car -1 -1 -4.0214 0.0000 208.0340 63.6178 241.3647 1.4742 1.6557 3.6954 -30.8122 3.4017 37.6845 -4.7035 0.5861
Car -1 -1 -3.5526 911.2082 161.5325 978.0665 180.9280 1.6423 1.6940 4.9464 28.6849 0.6833 61.9917 -3.1212 0.5622
Car -1 -1 -7.1508 117.6900 198.4544 205.3288 231.1909 1.4597 1.6557 4.0364 -23.3024 2.8690 37.6089 -7.7027 0.5584
Car -1 -1 -7.3352 115.5916 199.2041 193.1756 231.5794 1.4459 1.6448 3.9852 -23.6368 2.8905 37.5427 -7.8942 0.5578
Car -1 -1 -8.1430 818.0512 162.9621 851.2466 183.4395 1.6055 1.6165 3.5211 18.0964 0.8296 58.3389 -7.8438 0.5576
Car -1 -1 -4.3682 215.7229 192.0355 281.0131 226.7144 1.5505 1.6558 4.1811 -18.4039 2.5873 36.8370 -4.8290 0.5571
Car -1 -1 -4.0471 217.6075 193.0674 304.2319 227.1222 1.5039 1.6558 4.3346 -17.7684 2.6013 36.8850 -4.4935 0.5378
Car -1 -1 -5.8666 618.0969 176.4178 674.4361 197.8320 1.5489 1.6822 3.8906 2.6982 1.8251 54.3538 -5.8177 0.5369
Car -1 -1 -4.0767 0.0000 207.0000 68.6007 240.4306 1.4911 1.5165 3.6214 -30.4517 3.3657 37.7795 -4.7519 0.5208
Car -1 -1 -5.7970 618.0470 176.3108 678.0599 198.2625 1.5763 1.7038 4.1885 2.8144 1.8442 54.1836 -5.7458 0.5170
Car -1 -1 -4.3073 487.4271 181.9314 538.7879 209.5708 1.5379 1.6367 4.0063 -5.8442 2.1145 43.7093 -4.4399 0.4894
Car -1 -1 -4.1106 216.6382 192.9521 290.1001 227.0481 1.5263 1.5952 3.5300 -17.9276 2.5907 36.3582 -4.5662 0.4882
Car -1 -1 -7.5227 617.5841 178.3136 651.0301 198.6355 1.4907 1.5386 3.4923 1.8851 1.9275 55.8571 -7.4895 0.4534
Car -1 -1 -3.5231 912.2149 161.1171 978.5089 180.8781 1.6733 1.7269 4.8801 28.7858 0.6791 62.0828 -3.0909 0.3694
Car -1 -1 -4.5978 618.3504 178.2808 643.7125 199.1761 1.5347 1.5595 3.6714 1.6321 1.9696 55.9259 -4.5692 0.3171
Car -1 -1 -6.1416 0.0000 200.9563 80.1547 307.1230 1.5405 1.5644 3.9445 -12.1931 2.1208 13.1528 -6.8791 0.3094
Car -1 -1 -4.5146 215.5943 193.1883 269.4999 227.5284 1.5212 1.6718 4.0398 -18.6494 2.6163 36.7013 -4.9821 0.2871
Car -1 -1 -4.2152 620.6709 177.3320 661.8915 198.2236 1.5304 1.6139 3.6992 2.4208 1.8883 55.7163 -4.1724 0.2793
Car -1 -1 -4.5905 620.9503 177.3276 647.6588 198.0687 1.5176 1.6410 3.5104 1.8695 1.8727 55.4573 -4.5574 0.2789
Car -1 -1 -4.2602 619.0751 177.5467 660.3969 198.3837 1.5246 1.6340 3.9615 2.3140 1.9016 55.8842 -4.2195 0.2657
Car -1 -1 -4.5417 618.1583 177.8660 648.0328 199.2229 1.5672 1.6405 4.1999 1.8107 1.9728 56.2132 -4.5101 0.2624
Car -1 -1 -4.1585 487.8133 181.4637 547.1468 209.3857 1.5542 1.5945 4.2119 -5.5858 2.1033 43.7942 -4.2851 0.2621
Car -1 -1 -3.5548 907.7506 162.3797 972.7355 181.0819 1.5857 1.6626 4.8191 28.3329 0.6973 62.0416 -3.1284 0.2534
Car -1 -1 -5.7263 601.9107 179.2701 653.9302 199.8220 1.4959 1.6262 3.6779 1.3322 2.0020 55.2605 -5.7027 0.2382
Car -1 -1 -5.7194 607.4424 178.8237 661.1906 199.3576 1.4856 1.6345 3.8059 1.8090 1.9544 54.9608 -5.6872 0.1884
Car -1 -1 -4.9598 610.6987 178.3176 642.3688 199.2321 1.5314 1.5804 3.7220 1.2161 1.9692 55.8636 -4.9386 0.1491
Car -1 -1 -5.8806 0.0000 202.6296 86.2468 298.6944 1.5157 1.4993 3.5639 -12.1976 2.1233 13.4543 -6.6072 0.1434
Car -1 -1 -2.5261 0.0000 203.4347 93.1199 294.5168 1.5229 1.5727 3.7166 -12.3371 2.1451 13.7051 -3.2494 0.1386
Car -1 -1 -5.8922 614.3458 177.3244 667.9393 197.8944 1.4979 1.6720 3.7051 2.3335 1.8463 54.7459 -5.8502 0.1319
Car -1 -1 -2.2037 463.3629 183.2249 525.9061 210.1515 1.4905 1.5995 4.1081 -7.0286 2.1443 43.5004 -2.3634 0.1091
Car -1 -1 -5.4739 0.0000 200.9468 90.4417 289.9919 1.5396 1.5143 3.5117 -12.3590 2.1192 13.9748 -6.1886 0.1030
Car -1 -1 -5.7200 593.1423 180.5980 646.0684 201.0147 1.4829 1.5353 3.8319 0.6942 2.0950 55.3720 -5.7080 0.0969
Car -1 -1 -3.5340 0.0000 202.2368 96.4400 316.4445 1.4923 1.6258 4.1998 -11.9206 2.1059 12.8296 -4.2724 0.0634
Car -1 -1 -5.6873 592.0227 180.1985 645.4230 200.9618 1.5129 1.5950 3.8865 0.6270 2.0964 55.5857 -5.6765 0.0522
Car -1 -1 -4.4585 0.0000 199.2922 88.0679 295.2617 1.5172 1.4754 3.5646 -11.8005 2.1151 14.3970 -5.1362 0.0440
Car -1 -1 -3.9808 0.0000 205.2359 99.9408 307.8845 1.4391 1.5544 3.6397 -11.4188 2.1099 13.1146 -4.6872 0.0395
Car -1 -1 -7.5999 322.2845 191.2339 399.7770 241.1220 1.4504 1.5904 3.5987 -8.2966 2.1136 24.1954 -7.9274 0.0279
Car -1 -1 -5.8276 583.3737 180.0906 641.4554 200.9582 1.5249 1.7055 4.1453 0.1517 2.0988 55.5731 -5.8254 0.0273
Car -1 -1 -3.4274 335.3277 191.0679 449.3155 238.7063 1.4623 1.5741 3.4777 -7.5624 2.1334 24.9874 -3.7189 0.0251
Pedestrian -1 -1 -3.4877 982.4488 145.5798 1010.5704 238.9837 1.9369 0.5035 0.3704 8.1035 1.3710 15.2363 -3.0073 0.0228
Pedestrian -1 -1 -3.5257 974.4667 143.3412 1004.1646 241.6090 2.0389 0.4801 0.4004 7.9471 1.4263 15.2277 -3.0532 0.0205
Car -1 -1 -4.4320 312.4511 191.0929 392.8367 242.6666 1.4457 1.5289 3.4622 -8.2422 2.0779 23.2505 -4.7696 0.0189
Pedestrian -1 -1 -3.6221 984.3662 146.6400 1012.6788 241.2743 1.9468 0.4714 0.3381 8.0621 1.4072 15.0794 -3.1397 0.0145
Car -1 -1 -4.9613 498.4903 180.3680 532.9996 202.4254 1.4385 1.4957 3.8158 -6.6639 1.9854 50.4999 -5.0923 0.0131
Pedestrian -1 -1 -3.6148 978.3293 145.8339 1006.7015 243.1884 2.0067 0.4903 0.3351 7.9569 1.4494 15.1180 -3.1388 0.0129
Car -1 -1 -4.8934 505.1042 180.6531 535.0919 202.4910 1.4286 1.4382 3.7036 -6.3679 1.9966 50.5986 -5.0184 0.0113
Car -1 -1 -5.1908 479.4625 181.0752 526.2355 203.1936 1.4225 1.6008 3.8618 -7.4849 2.0145 49.9503 -5.3392 0.0099
Car -1 -1 -4.9684 493.2456 179.8925 529.6386 202.5049 1.4724 1.5802 3.8863 -6.9517 1.9841 50.3874 -5.1052 0.0097
Car -1 -1 -5.0114 488.0353 181.2269 526.0879 203.8278 1.4600 1.6045 3.6570 -7.2118 2.0641 50.0871 -5.1540 0.0084
Car -1 -1 -4.9160 494.8384 180.7935 527.4171 203.8052 1.4937 1.5564 3.5163 -6.9248 2.0655 50.0745 -5.0531 0.0073
Car -1 -1 -5.3730 473.5924 180.3770 526.4966 202.1091 1.4000 1.5938 3.8140 -7.6297 1.9374 49.6814 -5.5250 0.0052
Car -1 -1 -5.3429 795.9578 173.5784 888.2366 211.2797 1.4072 1.5613 3.8337 9.2090 1.4382 29.0777 -5.0396 0.0046
Car -1 -1 -3.3109 781.8927 172.1592 880.1403 205.4191 1.3283 1.5458 3.6653 9.0183 1.3002 29.8047 -3.0202 0.0037
Car -1 -1 -5.2672 806.3175 173.2213 883.3824 212.1066 1.4479 1.4192 3.1984 9.1981 1.4630 28.6228 -4.9598 0.0033
Car -1 -1 -8.4705 777.6896 173.4076 860.6049 205.8763 1.2705 1.5863 3.5041 8.6353 1.2949 30.2166 -8.1951 0.0030
Car -1 -1 -3.9994 799.9679 170.9828 889.0143 205.9572 1.3678 1.3877 3.7526 9.6603 1.2943 29.7875 -3.6891 0.0029
Car -1 -1 -5.3719 790.4016 173.5863 879.1803 208.5617 1.3194 1.5046 3.6452 8.9872 1.3508 29.2725 -5.0773 0.0028
Cyclist -1 -1 -7.5808 362.1812 179.6709 390.8502 238.0804 1.8701 0.4454 1.7989 -7.8668 2.1072 24.2202 -7.8922 0.0027
Car -1 -1 -5.4217 784.8817 170.7184 875.2003 206.0184 1.3506 1.5403 3.6205 8.8907 1.2686 29.5728 -5.1328 0.0026
Car -1 -1 -6.5501 803.6143 170.7890 901.5504 204.3111 1.3336 1.6024 3.5038 9.8449 1.2511 29.5934 -6.2323 0.0025
Car -1 -1 -3.1888 778.3629 171.0202 873.1019 203.3246 1.2758 1.5425 3.6433 8.7559 1.2031 29.6727 -2.9049 0.0024
Car -1 -1 -8.4618 770.1625 167.8183 855.8358 201.4799 1.3252 1.7567 3.5269 8.4171 1.1267 30.3615 -8.1942 0.0020
Car -1 -1 -4.7410 820.0406 171.6531 862.5898 205.0829 1.2766 1.5291 3.5933 9.3532 1.2305 29.4911 -4.4371 0.0019
Car -1 -1 -4.9792 809.2242 171.1350 874.2457 206.5852 1.3516 1.5758 3.7034 9.3101 1.2858 29.3896 -4.6757 0.0019
Car -1 -1 -3.4122 764.9065 170.8280 866.0723 204.8164 1.3590 1.6529 3.6897 8.3499 1.2777 29.6774 -3.1409 0.0018
Car -1 -1 -7.2381 803.6039 166.5172 892.7354 200.7004 1.3377 1.7295 3.6667 9.8914 1.0894 30.0238 -6.9230 0.0017
Car -1 -1 -3.0842 772.3661 171.4542 858.5732 204.3840 1.3051 1.5453 3.3528 8.4727 1.2494 29.8726 -2.8108 0.0016
Pedestrian -1 -1 -6.0667 427.0626 176.9205 431.6473 200.7706 1.5000 0.4180 0.1964 -11.4656 1.7582 45.6621 -6.3117 0.0014
Car -1 -1 -6.7691 791.6335 165.8575 907.3289 204.8811 1.5346 1.8231 4.1373 9.7451 1.2592 29.6257 -6.4546 0.0012
Car -1 -1 -5.0719 799.3863 171.2603 868.2579 204.3267 1.2766 1.5051 3.6329 9.0905 1.2148 29.7184 -4.7782 0.0011
Car -1 -1 -6.9050 791.1260 167.5208 894.7932 202.5722 1.3933 1.7299 3.8277 9.6569 1.1810 30.0968 -6.5977 0.0010
