Car -1 -1 -4.2676 0.0000 191.1754 381.4843 374.0000 1.4960 1.7385 4.1881 -3.6708 1.7219 6.7820 -4.7483 0.9999
Car -1 -1 -4.5139 459.5803 184.2420 536.0897 234.6298 1.4320 1.6531 4.3096 -3.6180 1.8401 23.6879 -4.6645 0.9998
Car -1 -1 -4.8630 669.9989 174.9403 767.5246 254.4975 1.6634 1.6751 3.8928 2.4023 1.7183 17.1469 -4.7271 0.9998
Car -1 -1 -7.9902 647.8750 181.3918 711.6732 231.1611 1.4761 1.5777 3.8572 2.1935 1.7835 24.0377 -7.9011 0.9989
Car -1 -1 -4.6116 515.6684 179.8826 550.7099 210.4234 1.5376 1.5482 3.2971 -4.1225 1.9308 38.7405 -4.7174 0.9961
Car -1 -1 -4.7912 635.2866 178.5325 681.9610 221.3829 1.5970 1.5663 4.0377 1.8763 1.8445 29.4602 -4.7290 0.9618
Car -1 -1 -7.9936 647.2731 181.3401 712.5744 231.7689 1.4953 1.6066 3.9419 2.1989 1.8019 24.0806 -7.9044 0.9182
Car -1 -1 -4.6020 514.2474 179.8418 550.2441 210.2339 1.5312 1.5727 3.2633 -4.1724 1.9219 38.7386 -4.7091 0.8769
Car -1 -1 -7.9995 646.9393 181.3547 715.3069 231.5382 1.4870 1.6767 4.0450 2.2391 1.7955 24.1449 -7.9089 0.8139
Car -1 -1 -4.2575 0.0000 189.9800 383.9171 374.0000 1.4980 1.6947 4.2367 -3.6312 1.7082 6.7305 -4.7367 0.8130
Car -1 -1 -4.6027 516.7353 180.1790 551.8353 210.3877 1.5153 1.5202 3.2866 -4.0533 1.9240 38.6390 -4.7071 0.7795
Car -1 -1 -4.5907 514.8393 180.4266 551.4515 210.7475 1.5113 1.5413 3.4331 -4.1022 1.9338 38.5562 -4.6965 0.7080
Car -1 -1 -4.8078 635.5118 178.9671 687.7496 221.3858 1.5701 1.7024 4.3258 1.9912 1.8384 29.5243 -4.7418 0.6471
Car -1 -1 -4.7574 640.3918 180.9717 687.4266 221.8462 1.4984 1.7025 3.9612 2.0756 1.8497 29.2468 -4.6879 0.5463
Car -1 -1 -4.7635 633.4586 176.8668 678.6456 221.1982 1.6588 1.6161 3.7847 1.7626 1.8317 29.2412 -4.7046 0.5357
Car -1 -1 -7.7877 620.9728 178.1733 641.6115 196.0768 1.5001 1.5725 3.8343 1.8802 1.9834 63.6175 -7.7587 0.5095
Car -1 -1 -7.8410 622.0721 177.4029 640.7685 195.3892 1.5101 1.5939 3.5776 1.8769 1.9205 63.3218 -7.8120 0.4314
Car -1 -1 -7.8523 492.4533 182.7655 533.1675 221.6288 1.5054 1.6240 3.6700 -4.1960 1.9554 30.8577 -7.9869 0.4252
Car -1 -1 -7.7682 623.1630 177.5909 644.7984 195.6146 1.5107 1.5868 3.8085 2.1141 1.9403 63.5038 -7.7355 0.3857
Car -1 -1 -7.9071 619.4427 178.1113 639.4420 195.8779 1.4898 1.5547 3.7952 1.6633 1.9666 63.5591 -7.8815 0.3710
Car -1 -1 -7.7526 493.8950 183.2127 538.1362 221.8573 1.4840 1.5078 3.4116 -3.9450 1.9443 30.3581 -7.8813 0.3168
Car -1 -1 -7.9881 483.4056 182.6183 533.7670 222.1340 1.5201 1.6382 3.6594 -4.4148 1.9623 30.7200 -8.1303 0.2862
Car -1 -1 -8.1569 467.4134 182.4103 535.4802 222.8627 1.5499 1.7002 4.2072 -4.7753 1.9899 30.9781 -8.3091 0.2854
Car -1 -1 -7.9513 486.1976 181.8574 533.4221 221.1756 1.5216 1.6260 3.8752 -4.3959 1.9333 30.9478 -8.0918 0.2748
Car -1 -1 -7.7924 494.0893 182.0668 536.7456 220.8736 1.5167 1.5935 3.6011 -4.0428 1.9349 30.9285 -7.9219 0.2406
Car -1 -1 -7.9013 490.7499 183.5948 532.4803 222.5778 1.4870 1.5690 3.5587 -4.2433 1.9683 30.4598 -8.0391 0.2177
Car -1 -1 -2.3914 451.8586 183.0416 546.6142 223.9820 1.5998 1.6423 3.9432 -4.8104 2.0606 30.8707 -2.5453 0.1918
Car -1 -1 -8.1883 467.4054 182.6994 535.6064 223.1602 1.5435 1.6865 3.8424 -4.7117 1.9898 30.6362 -8.3402 0.1900
Car -1 -1 -7.6704 623.2662 177.2697 649.8090 195.8636 1.5553 1.6283 4.0438 2.3461 1.9569 63.5256 -7.6341 0.1683
Car -1 -1 -8.0037 614.9117 178.2376 639.7033 196.6272 1.5413 1.5830 4.1719 1.4761 2.0340 63.9130 -7.9811 0.1545
Car -1 -1 -2.5904 454.9446 183.1902 547.1622 221.5778 1.5007 1.5863 3.5329 -4.6298 1.9561 30.3913 -2.7409 0.1390
Car -1 -1 -2.9366 446.1527 183.3078 541.7220 221.1817 1.5042 1.5978 3.6787 -4.8268 1.9518 30.0280 -3.0952 0.1295
Car -1 -1 -3.1609 438.3860 183.1095 536.7200 223.0177 1.5434 1.5973 3.8782 -5.0658 1.9806 29.6398 -3.3293 0.1209
Car -1 -1 -4.6197 492.4417 183.3311 538.1698 223.8558 1.4895 1.4945 3.9786 -3.8620 1.9479 29.5776 -4.7490 0.1148
Car -1 -1 -2.4784 456.4503 182.2597 545.6182 222.8640 1.5897 1.5534 3.5141 -4.6608 2.0070 30.4990 -2.6294 0.1113
Car -1 -1 -4.6034 486.6817 182.8350 534.0308 224.4589 1.5443 1.5203 3.7727 -4.0680 1.9797 29.5910 -4.7395 0.1054
Car -1 -1 -8.1046 611.4796 178.3637 639.9099 196.0351 1.4737 1.5882 3.8569 1.3248 1.9741 63.5150 -8.0843 0.0932
Car -1 -1 -2.9916 441.8281 182.9102 537.3385 221.5404 1.5365 1.5708 3.7150 -4.9857 1.9647 29.9333 -3.1558 0.0822
Car -1 -1 -2.7818 450.3505 182.4986 539.5040 222.0898 1.5672 1.5526 3.3525 -4.8326 1.9851 30.1920 -2.9397 0.0816
Car -1 -1 -3.3031 433.0216 182.4051 538.0811 223.6449 1.5557 1.5985 3.9954 -5.1018 1.9616 29.2799 -3.4747 0.0805
Pedestrian -1 -1 -8.0411 834.0979 175.9959 856.1770 229.3183 1.6802 0.5513 0.6872 7.4918 1.7823 23.1542 -7.7326 0.0777
Car -1 -1 -3.2635 445.3803 183.0838 545.0576 222.5969 1.5126 1.5582 3.8723 -4.7631 1.9498 29.5723 -3.4224 0.0762
Car -1 -1 -4.5916 631.2510 178.6801 668.1007 204.0523 1.4224 1.7066 4.5815 2.4356 1.7964 43.9581 -4.5371 0.0688
Car -1 -1 -4.6013 630.5584 179.3377 664.0390 205.5641 1.4657 1.5949 3.8766 2.2479 1.8735 43.3743 -4.5504 0.0618
Cyclist -1 -1 -4.6606 833.6678 178.6387 851.8259 230.4451 1.6205 0.5028 1.2927 7.5128 1.8136 23.4186 -4.3545 0.0536
Car -1 -1 -4.5061 631.2123 178.8634 672.3591 205.3297 1.4695 1.6390 4.2367 2.5268 1.8490 43.3468 -4.4488 0.0499
Pedestrian -1 -1 -4.5078 92.7505 157.1178 126.2372 237.4535 1.7955 0.5213 0.5724 -11.4827 1.4435 16.4908 -5.1087 0.0374
Pedestrian -1 -1 -3.9388 84.7708 159.6532 125.6574 240.1819 1.7863 0.5171 0.5552 -11.4646 1.4932 16.3222 -4.5436 0.0358
Car -1 -1 -4.5949 625.9808 178.9770 659.2825 205.5279 1.4873 1.5535 3.9780 1.9727 1.8736 43.4705 -4.5504 0.0353
Car -1 -1 -4.5018 632.5743 178.1087 677.2488 202.8976 1.3784 1.7507 4.7502 2.7490 1.7148 43.7143 -4.4399 0.0298
Cyclist -1 -1 -4.7211 853.3446 174.8087 885.1652 254.5896 1.6185 0.6125 1.8162 5.5468 1.6631 15.6427 -4.3871 0.0292
Car -1 -1 -5.0019 636.6626 178.0486 687.5364 206.2599 1.4447 1.6646 4.2158 2.7855 1.7486 40.0145 -4.9334 0.0265
Pedestrian -1 -1 -4.5968 821.9022 163.1774 837.9735 208.0721 1.7560 0.5303 0.7608 8.6991 1.3772 28.6762 -4.3055 0.0239
Car -1 -1 -5.3119 633.0915 180.1423 711.1848 207.6817 1.3646 1.8078 4.9158 3.2900 1.7915 39.7041 -5.2303 0.0226
Car -1 -1 -5.1651 632.1329 178.6722 697.7635 204.6428 1.2877 1.7229 4.5733 2.8737 1.6241 39.3133 -5.0932 0.0220
Cyclist -1 -1 -4.7347 855.2688 174.7372 886.9580 253.6058 1.5869 0.5788 1.8663 5.5502 1.6297 15.5417 -4.3985 0.0206
Cyclist -1 -1 -7.5357 0.0000 165.1062 45.1996 256.4818 1.6483 0.4807 1.5750 -11.4711 1.5082 13.8368 -8.2185 0.0202
Car -1 -1 -4.7188 639.4247 179.8531 667.2511 205.8649 1.4016 1.5433 4.2794 2.4792 1.8320 42.2255 -4.6610 0.0182
Car -1 -1 -5.5339 627.2120 178.8694 701.4787 206.4056 1.4563 1.6140 4.2637 3.0134 1.8170 41.1911 -5.4619 0.0181
Car -1 -1 -5.1381 631.3336 178.3714 683.4566 202.1096 1.3613 1.6149 4.2093 2.8393 1.7199 44.6807 -5.0756 0.0172
Car -1 -1 -5.4031 627.0378 179.5600 692.5547 207.0150 1.4504 1.6031 3.9029 2.7539 1.8519 41.1722 -5.3373 0.0158
Car -1 -1 -4.6878 635.8828 178.9222 664.3750 204.5474 1.4281 1.6119 3.8179 2.3981 1.8069 43.1100 -4.6331 0.0156
Car -1 -1 -6.0653 629.0182 179.6064 706.4043 206.4146 1.4759 1.6310 4.2196 3.3172 1.8800 41.8209 -5.9872 0.0152
Car -1 -1 -4.4780 634.6509 179.5254 675.4228 204.3628 1.3701 1.5518 3.9793 2.7002 1.7878 43.0753 -4.4163 0.0146
Car -1 -1 -4.9258 633.0974 178.5558 676.3352 207.6685 1.4995 1.5848 3.9286 2.3889 1.8318 40.0345 -4.8671 0.0143
Car -1 -1 -5.4732 631.5305 179.8234 710.0840 207.3957 1.4152 1.6622 4.6153 3.3083 1.8286 40.5213 -5.3929 0.0141
Car -1 -1 -4.7103 621.9414 179.3439 648.8445 205.0757 1.4422 1.5457 3.9722 1.4935 1.8510 43.4682 -4.6767 0.0134
Car -1 -1 -4.4369 633.7822 178.5275 680.7377 204.0947 1.4119 1.6628 4.4646 2.8588 1.7707 43.2844 -4.3719 0.0132
Car -1 -1 -5.3402 630.0671 178.3310 700.9327 206.3898 1.4490 1.6072 4.5205 3.0059 1.7741 40.5213 -5.2672 0.0114
Car -1 -1 -5.1691 624.6240 179.0255 676.8117 201.7587 1.3071 1.6059 4.0524 2.4402 1.7091 44.8493 -5.1156 0.0106
Car -1 -1 -5.2154 633.9153 178.0839 700.4336 204.1979 1.2831 1.6614 4.3278 2.9525 1.5800 38.6914 -5.1403 0.0102
Car -1 -1 -5.1789 627.3832 178.2705 690.3710 204.8913 1.3382 1.7047 4.2310 2.5659 1.6514 39.4800 -5.1150 0.0099
Car -1 -1 -5.0658 639.8986 177.4295 696.9194 205.3338 1.3629 1.6399 4.2097 2.9845 1.6192 38.2263 -4.9890 0.0095
Car -1 -1 -5.1584 632.9926 178.4479 690.4323 206.1373 1.4329 1.5633 4.1463 2.7962 1.7633 40.4481 -5.0904 0.0091
Cyclist -1 -1 -4.2787 833.2133 170.3089 866.9608 227.3891 1.7976 0.5059 1.3953 7.7481 1.7171 23.4056 -3.9634 0.0085
Cyclist -1 -1 -4.5603 855.0101 175.9890 894.5778 252.8372 1.5797 0.5953 1.5468 5.7315 1.6512 15.7207 -4.2175 0.0085
Car -1 -1 -5.0586 635.6711 177.4940 698.3669 210.9969 1.4650 1.6473 4.1611 2.5993 1.7002 34.3931 -4.9844 0.0084
Car -1 -1 -5.2092 627.4411 180.3432 682.1848 208.7962 1.5037 1.5057 3.7499 2.4702 1.9521 41.2112 -5.1503 0.0080
Car -1 -1 -5.1137 639.9825 174.1187 704.4052 206.2527 1.5006 1.6732 4.2475 2.9978 1.5676 36.1523 -5.0321 0.0075
Cyclist -1 -1 -7.5038 835.4584 173.9028 862.3756 227.3002 1.6919 0.3919 1.3799 7.7585 1.7268 23.5516 -7.1900 0.0073
Car -1 -1 -4.8962 646.3082 174.2705 694.2106 205.8292 1.5058 1.6665 4.2703 2.9691 1.5822 36.8365 -4.8169 0.0070
Car -1 -1 -5.2062 628.0013 177.6360 692.2205 204.4496 1.3343 1.6748 4.1566 2.5974 1.6069 38.9414 -5.1406 0.0069
Car -1 -1 -4.9946 633.5754 178.9323 680.1400 207.7459 1.4971 1.5733 3.8750 2.5322 1.8547 40.4226 -4.9331 0.0064
Car -1 -1 -4.7310 647.2455 175.8313 682.7442 207.3805 1.4896 1.6949 4.4598 2.7106 1.6504 36.7694 -4.6586 0.0063
Car -1 -1 -5.1916 631.0723 178.5870 697.3663 207.2103 1.2825 1.5872 3.9303 2.5434 1.5795 35.2978 -5.1208 0.0062
Car -1 -1 -4.9436 646.4651 176.4665 699.5240 207.3654 1.3634 1.6261 4.0261 2.8972 1.5462 34.4435 -4.8609 0.0055
Car -1 -1 -5.0491 636.4343 174.9531 696.7424 207.0428 1.4934 1.6890 4.2380 2.7179 1.6048 36.1403 -4.9752 0.0055
Car -1 -1 -5.2030 624.1755 178.0092 681.2875 204.6139 1.3552 1.5633 3.6818 2.2499 1.6516 39.5277 -5.1470 0.0052
Car -1 -1 -5.1655 638.0301 175.2599 706.3558 207.0704 1.4598 1.6533 4.2713 2.9609 1.5863 35.7474 -5.0841 0.0052
Car -1 -1 -5.1122 641.2363 177.3783 704.4916 207.2584 1.3296 1.6102 3.9797 2.9277 1.5615 34.8966 -5.0297 0.0050
Car -1 -1 -5.2040 637.3867 176.4754 706.0967 206.3930 1.3504 1.6116 4.0497 2.9046 1.5380 35.2727 -5.1231 0.0049
Car -1 -1 -4.8287 611.9763 179.1543 645.2419 205.6383 1.4824 1.5245 4.1297 1.0412 1.8807 43.5244 -4.8055 0.0044
Car -1 -1 -5.2593 629.3937 178.0009 699.9978 207.1086 1.3175 1.5821 4.0536 2.5868 1.5864 35.5873 -5.1879 0.0042
Car -1 -1 -5.1138 654.0587 178.8958 717.3971 209.0004 1.4229 1.6069 4.5409 3.8094 1.7566 37.4773 -5.0138 0.0042
Car -1 -1 -5.2688 612.5175 179.0293 678.3802 208.2946 1.4809 1.5259 4.3873 1.8454 1.8405 39.7644 -5.2234 0.0041
Car -1 -1 -6.5926 0.0000 0.0000 1241.0000 374.0000 1.5504 1.5804 3.5432 -3.8333 1.6319 1.2931 -7.7733 0.0030
Car -1 -1 -6.5787 0.0000 0.0000 1241.0000 374.0000 1.5554 1.5920 3.5907 -4.2103 1.6672 1.3847 -7.7723 0.0030
Car -1 -1 -6.6294 0.0000 0.0000 1241.0000 374.0000 1.5433 1.5798 3.5349 -3.4408 1.6210 1.2801 -7.7740 0.0030
Car -1 -1 -6.5489 0.0000 0.0000 1241.0000 374.0000 1.5533 1.5928 3.5981 -4.5899 1.6677 1.3819 -7.7716 0.0030
Pedestrian -1 -1 -8.4865 808.3094 168.5571 833.7759 208.7507 1.5475 0.5740 0.8336 8.2189 1.3818 28.2709 -8.2068 0.0022
