Car -1 -1 -4.4135 412.2700 184.1369 518.2139 244.6772 1.4199 1.6665 4.2820 -3.9064 1.7666 19.9681 -4.6049 0.9999
Car -1 -1 -7.8645 717.0101 174.5491 779.3667 232.9217 1.5823 1.6815 3.4331 4.0306 1.6369 21.5005 -7.6824 0.9974
Car -1 -1 -7.5888 654.7668 172.9411 686.4534 194.2740 1.7145 1.7092 3.7502 5.0518 1.7217 60.0587 -7.5057 0.9512
Pedestrian -1 -1 -8.1812 893.1393 142.9732 963.5016 273.1289 1.9165 0.6557 1.1347 4.8631 1.4762 11.2136 -7.7823 0.9142
Pedestrian -1 -1 -8.2392 889.1607 144.1306 965.8683 273.9743 1.9084 0.7007 1.1292 4.8316 1.4860 11.1742 -7.8415 0.9058
Car -1 -1 -7.7665 723.8093 174.9113 768.9036 212.2647 1.5242 1.6438 3.5700 5.9749 1.6195 31.5955 -7.5819 0.8339
Car -1 -1 -4.4111 412.7417 183.8129 518.4883 244.0295 1.4168 1.6369 4.3751 -3.9125 1.7557 20.0658 -4.6019 0.8313
Car -1 -1 -7.8711 718.4398 174.6428 782.0577 233.2565 1.5885 1.7152 3.5735 4.0920 1.6464 21.5749 -7.6869 0.8082
Car -1 -1 -8.0591 715.9009 175.3847 770.5797 212.5536 1.5206 1.6464 3.5351 5.7175 1.6372 31.5521 -7.8820 0.7208
Car -1 -1 -4.4257 414.1846 184.1003 518.4601 245.9182 1.4480 1.6758 4.1989 -3.8598 1.7911 19.8614 -4.6159 0.7084
Car -1 -1 -4.4134 654.8079 172.2097 689.1651 193.8764 1.7401 1.6882 4.2367 5.1881 1.6881 60.2290 -4.3282 0.7045
Car -1 -1 -7.7385 725.7160 174.1107 772.9094 211.7744 1.5404 1.6234 3.7344 6.1223 1.5988 31.6703 -7.5498 0.6660
Car -1 -1 -7.6244 723.8518 174.5729 780.3365 212.1251 1.5301 1.6441 3.6635 6.2306 1.6098 31.5908 -7.4320 0.6430
Car -1 -1 -7.5040 655.3740 172.9092 689.5151 194.5436 1.7360 1.6361 3.7722 5.1961 1.7404 59.9626 -7.4183 0.6278
Car -1 -1 -4.4800 653.7954 172.6473 685.6323 194.0551 1.7209 1.7583 4.0868 4.9949 1.7039 60.2159 -4.3981 0.6183
Car -1 -1 -7.9493 719.9729 175.1506 766.9747 212.5559 1.5326 1.6337 4.1662 5.8013 1.6408 31.9687 -7.7720 0.5587
Cyclist -1 -1 -7.6438 710.5381 167.8319 727.2506 199.4839 1.8472 0.6238 1.8248 6.4733 1.5538 43.0727 -7.4961 0.5196
Car -1 -1 -4.5047 654.5498 173.5929 683.8157 194.6966 1.6884 1.7127 3.6249 4.9136 1.7515 59.8479 -4.4236 0.5181
Car -1 -1 -7.8603 728.8536 174.2009 769.7922 211.8380 1.5430 1.6652 4.3188 6.1107 1.6067 32.0176 -7.6739 0.4756
Car -1 -1 -8.0913 710.2321 174.9305 769.5594 212.5837 1.5403 1.6446 4.0551 5.6049 1.6375 31.8212 -7.9191 0.4307
Cyclist -1 -1 -7.6560 709.6985 168.2967 726.1363 199.5293 1.8231 0.6255 1.8395 6.4172 1.5567 43.0876 -7.5095 0.3891
Car -1 -1 -7.8573 685.6708 172.3558 703.1237 189.0798 1.5105 1.5676 3.9132 7.8277 1.4652 67.1987 -7.7421 0.3399
Car -1 -1 -8.2651 703.4005 176.2877 771.8557 213.5576 1.5076 1.6091 3.6305 5.4549 1.6666 31.5028 -8.0958 0.3008
Car -1 -1 -7.9374 681.9208 172.3514 701.8820 188.9026 1.4960 1.5270 3.7929 7.5727 1.4503 67.1342 -7.8258 0.2863
Car -1 -1 -7.7347 685.4858 172.2194 707.6306 189.1764 1.5287 1.5861 4.0137 8.0658 1.4712 67.1863 -7.6161 0.2784
Car -1 -1 -8.2813 695.5860 176.3111 769.9539 213.3167 1.5000 1.6108 4.2367 5.2947 1.6635 31.9238 -8.1190 0.2764
Car -1 -1 -4.7456 686.1461 172.4823 704.5731 188.7134 1.4576 1.5621 3.6984 7.8455 1.4239 66.7043 -4.6293 0.2518
Car -1 -1 -7.2693 715.0502 175.0998 793.0090 212.3381 1.5174 1.6425 3.5711 6.2769 1.6208 31.4725 -7.0748 0.2320
Car -1 -1 -7.5967 726.5555 174.8195 785.6720 212.6447 1.5311 1.6326 3.7561 6.3831 1.6221 31.4644 -7.3989 0.1974
Car -1 -1 -8.0269 680.0231 172.7204 702.5945 188.8627 1.4536 1.4926 3.4744 7.4745 1.4413 66.7535 -7.9162 0.1536
Car -1 -1 -5.8102 692.7556 175.1112 785.5353 212.1328 1.5112 1.5710 3.6574 5.5450 1.6145 31.3904 -5.6375 0.1488
Cyclist -1 -1 -6.9806 703.3471 167.7777 733.8234 198.8773 1.8261 0.6149 1.8362 6.4565 1.5278 43.1103 -6.8334 0.1284
Pedestrian -1 -1 -7.9111 793.2210 166.0321 804.6431 196.9225 1.7989 0.6057 0.7491 11.0745 1.4013 42.4453 -7.6579 0.1222
Car -1 -1 -4.6840 727.1473 176.3583 768.7134 208.8963 1.3682 1.7556 4.2901 6.3396 1.5398 33.1152 -4.4970 0.1216
Pedestrian -1 -1 -8.3513 789.9716 167.0447 806.5422 197.4711 1.7794 0.6566 0.7743 11.0892 1.4394 42.6532 -8.0990 0.1192
Car -1 -1 -7.2482 720.2716 175.1234 799.1102 212.1989 1.5009 1.5983 3.5736 6.4745 1.6045 31.2431 -7.0463 0.1149
Car -1 -1 -2.6667 691.1948 176.1892 781.3795 212.8040 1.4816 1.5399 3.5224 5.3857 1.6332 31.1753 -2.4977 0.1013
Car -1 -1 -7.6881 687.9009 169.9225 713.3516 188.6801 1.6909 1.6659 4.3582 8.4731 1.4263 67.3677 -7.5638 0.0843
Car -1 -1 -4.9345 675.4129 171.9017 701.7697 189.2565 1.5627 1.5884 3.9811 7.2462 1.4766 67.0378 -4.8276 0.0817
Cyclist -1 -1 -7.8484 793.9219 168.4480 803.2431 197.5604 1.6881 0.5237 1.5333 11.1116 1.4323 42.6478 -7.5956 0.0760
Pedestrian -1 -1 -7.5533 720.2780 169.8037 734.5375 198.6073 1.8026 0.7026 0.7447 7.3950 1.6114 45.6463 -7.3941 0.0709
Car -1 -1 -7.9437 857.8033 154.1905 909.9548 206.9884 2.0617 1.6629 4.0773 11.4019 1.3326 30.3615 -7.5880 0.0632
Car -1 -1 -6.5870 707.2777 174.8679 795.3640 210.7982 1.5001 1.5663 3.4244 6.0341 1.5897 31.2092 -6.3983 0.0620
Car -1 -1 -6.7147 704.8918 174.2589 790.4545 208.5775 1.4426 1.6176 3.3088 5.9674 1.5062 31.6174 -6.5304 0.0586
Car -1 -1 -4.4315 686.6360 171.7972 715.2652 188.6019 1.5111 1.5733 4.0867 8.4638 1.4157 67.0677 -4.3068 0.0581
Cyclist -1 -1 -7.9548 792.1065 168.3329 803.6794 197.1822 1.6796 0.5035 1.5732 11.1087 1.4161 42.8226 -7.7030 0.0556
Car -1 -1 -6.5448 711.4227 174.7641 805.5037 211.1951 1.5056 1.6959 3.6243 6.2633 1.5896 30.8819 -6.3471 0.0515
Car -1 -1 -2.6163 685.5404 175.8109 776.1547 212.2992 1.4741 1.5206 3.5750 5.1399 1.6086 31.1508 -2.4549 0.0439
Car -1 -1 -7.9980 851.2601 154.6762 907.8908 207.7258 2.0799 1.6544 3.9633 11.2307 1.3669 30.3979 -7.6476 0.0409
Pedestrian -1 -1 -8.3857 714.8264 169.5689 731.8339 198.5000 1.8100 0.7579 0.8065 7.1339 1.6042 45.6552 -8.2321 0.0328
Car -1 -1 -7.4651 704.0665 167.2220 752.5707 194.9230 1.7395 1.7125 4.1499 7.8047 1.3856 47.5264 -7.3037 0.0201
Car -1 -1 -3.9521 681.6122 171.9073 725.7993 188.6372 1.5043 1.5671 4.2451 8.6797 1.4189 66.8264 -3.8238 0.0193
Car -1 -1 -3.0442 646.5396 175.5561 697.9988 196.5183 1.4621 1.5866 3.5389 4.4486 1.6596 51.7128 -2.9593 0.0177
Pedestrian -1 -1 -6.4646 889.3486 179.5933 921.5594 247.0415 1.4434 0.4821 0.5706 6.4071 1.5933 15.7911 -6.0864 0.0155
Pedestrian -1 -1 -6.4407 894.8925 176.2030 924.1536 244.5969 1.4636 0.4684 0.5188 6.4818 1.5378 15.7550 -6.0577 0.0153
Car -1 -1 -5.1585 702.4387 174.6605 769.4977 204.5331 1.4039 1.6726 4.1917 6.2366 1.5004 36.4267 -4.9907 0.0149
Car -1 -1 -3.0653 645.6373 177.3667 697.0076 197.8849 1.4297 1.6391 3.5659 4.3949 1.7605 51.8504 -2.9817 0.0141
Car -1 -1 -5.0251 708.9807 176.9592 763.3708 205.2570 1.3404 1.5691 3.9886 6.3376 1.5618 36.8696 -4.8566 0.0127
Car -1 -1 -5.1748 714.1777 176.7147 779.5881 205.3181 1.3033 1.5617 3.9273 6.6277 1.5045 35.5484 -4.9924 0.0114
Car -1 -1 -5.0684 709.4185 175.9836 775.3578 206.1080 1.4225 1.8339 4.5395 6.6486 1.5930 36.9672 -4.8923 0.0113
Car -1 -1 -4.6671 729.6855 173.8984 770.1774 206.2760 1.4237 1.6966 4.4467 6.6540 1.4764 34.2390 -4.4773 0.0097
Car -1 -1 -5.0751 714.7928 175.9445 775.8109 203.7947 1.2874 1.6298 4.0834 6.6295 1.4505 35.9874 -4.8948 0.0097
Car -1 -1 -7.6245 713.6163 167.3833 753.7863 194.7683 1.7073 1.6706 4.2805 8.1183 1.3659 47.2798 -7.4558 0.0095
Car -1 -1 -6.3278 684.1560 172.3545 728.8479 188.7272 1.4743 1.5602 3.9780 8.7650 1.4290 65.9190 -6.1965 0.0088
Car -1 -1 -3.5086 680.1423 172.9182 728.7755 188.9783 1.4511 1.5821 4.1503 8.6700 1.4569 66.4639 -3.3797 0.0087
Car -1 -1 -4.9884 726.4320 176.4045 783.6308 205.5615 1.3116 1.6140 4.2527 6.9484 1.4951 35.1758 -4.7954 0.0084
Car -1 -1 -3.2878 681.3591 172.9165 729.7857 189.0429 1.4604 1.5276 4.2212 8.7151 1.4659 66.1450 -3.1577 0.0081
Car -1 -1 -5.2222 702.3685 175.0256 771.5369 204.5949 1.3725 1.6342 4.0040 6.2109 1.4869 35.9678 -5.0530 0.0081
Car -1 -1 -4.9069 724.7673 173.8161 775.7377 202.0617 1.3561 1.7515 4.2432 7.0612 1.4079 36.9148 -4.7198 0.0079
Car -1 -1 -7.8084 725.1883 168.7603 753.8726 194.6964 1.6197 1.6705 4.1194 8.4856 1.3637 47.2519 -7.6321 0.0078
Car -1 -1 -4.9944 724.1752 173.7293 781.1915 203.1875 1.3784 1.6858 4.1449 7.0064 1.4244 36.0305 -4.8043 0.0072
Pedestrian -1 -1 -7.5302 710.2413 167.8495 725.4437 199.5456 1.8677 0.6320 0.9440 6.4059 1.5725 43.0801 -7.3840 0.0057
Car -1 -1 -4.7340 740.3612 174.6544 778.3625 205.1973 1.3427 1.6498 4.3537 6.9943 1.4337 34.2782 -4.5349 0.0051
Car -1 -1 -4.6188 728.2957 175.8214 764.8374 202.1387 1.3289 1.5873 3.9667 7.3935 1.4979 39.0396 -4.4334 0.0050
Car -1 -1 -4.5155 726.6096 175.5888 771.0639 202.6409 1.3440 1.5801 4.0046 7.4050 1.4976 38.4357 -4.3270 0.0048
Pedestrian -1 -1 -6.6365 898.8627 180.4193 936.8468 245.1983 1.3621 0.4594 0.6263 6.5414 1.5265 15.4699 -6.2439 0.0043
Car -1 -1 -4.5237 731.8809 174.0424 777.1242 202.4830 1.4387 1.6520 4.1482 7.8064 1.5062 38.9185 -4.3276 0.0042
Pedestrian -1 -1 -6.3824 887.5181 176.4706 927.3387 249.0423 1.5191 0.5387 0.7357 6.3266 1.5983 15.4998 -6.0023 0.0041
Car -1 -1 -4.1094 0.0000 175.5097 0.0000 374.0000 1.4368 1.6082 3.8145 -8.2142 1.4654 5.7950 -5.0437 0.0033
Car -1 -1 -4.1121 0.0000 173.9745 0.0000 374.0000 1.4408 1.6161 3.7919 -7.8089 1.4520 5.3792 -5.0561 0.0032
Car -1 -1 -3.4342 0.0000 0.0000 1241.0000 374.0000 1.5843 1.6073 3.8140 -5.8440 1.7236 1.8045 -4.6618 0.0030
Car -1 -1 -9.0367 0.0000 0.0000 1241.0000 374.0000 1.5390 1.5795 3.5476 5.0469 1.5095 1.3022 -7.7723 0.0030
Car -1 -1 -8.9984 0.0000 0.0000 1241.0000 374.0000 1.5460 1.5753 3.5322 4.2682 1.5045 1.2366 -7.7721 0.0030
Car -1 -1 -3.4513 0.0000 0.0000 1241.0000 374.0000 1.5638 1.5940 3.7582 -5.4487 1.6754 1.7761 -4.6608 0.0030
Car -1 -1 -6.5287 0.0000 0.0000 1241.0000 374.0000 1.5453 1.5895 3.6708 -4.9948 1.6763 1.4216 -7.7705 0.0030
Car -1 -1 -6.5647 0.0000 0.0000 1241.0000 374.0000 1.5358 1.5797 3.5902 -4.1857 1.6501 1.3162 -7.7705 0.0030
Car -1 -1 -9.0197 0.0000 0.0000 1241.0000 374.0000 1.5410 1.5838 3.5588 4.6810 1.5067 1.2706 -7.7715 0.0030
Car -1 -1 -6.5326 0.0000 0.0000 1241.0000 374.0000 1.5440 1.5811 3.5945 -4.5987 1.6548 1.3035 -7.7710 0.0030
Car -1 -1 -1.9118 0.0000 170.4197 0.0000 374.0000 1.5397 1.6785 4.1649 -7.8283 1.5250 5.7178 -2.8292 0.0028
Car -1 -1 -7.2886 1241.0000 133.6115 1241.0000 374.0000 1.4800 1.6196 3.8933 6.4122 1.3040 4.1110 -6.3200 0.0022
Cyclist -1 -1 -4.7941 720.4428 170.0395 734.1483 197.9907 1.7381 0.7190 1.6651 7.3911 1.5628 45.7265 -4.6353 0.0015
Pedestrian -1 -1 -2.9802 636.5275 167.4216 650.6410 190.1691 1.9711 0.6765 1.1371 2.9093 1.5000 62.9686 -2.9346 0.0011
Pedestrian -1 -1 -2.8283 635.8367 171.5773 646.4554 190.5568 1.6436 0.5060 0.8080 2.6905 1.5328 62.8629 -2.7860 0.0011
Pedestrian -1 -1 -6.3445 639.3909 167.6005 650.2842 190.7371 2.0149 0.6994 0.9107 3.0249 1.5571 63.1915 -6.2973 0.0010
Pedestrian -1 -1 -2.5233 633.6548 167.2227 647.1642 188.5208 1.8293 0.6391 0.9806 2.6108 1.3453 62.5269 -2.4820 0.0009
Cyclist -1 -1 -8.0408 897.5674 144.4013 963.1809 276.0004 1.8880 0.6156 1.6152 4.8815 1.4795 11.2060 -7.6404 0.0004
Car -1 -1 -7.7988 859.5046 157.2365 886.6826 183.2949 1.7471 1.5744 4.1385 18.4447 0.6997 50.5882 -7.4512 0.0004
Cyclist -1 -1 -8.2004 887.3184 145.1077 967.4373 274.6708 1.8644 0.5957 1.6342 4.8311 1.4648 11.2138 -7.8039 0.0003
Cyclist -1 -1 -8.1574 713.4568 169.6431 732.6935 197.8479 1.7545 0.7731 1.5476 7.1193 1.5545 45.7074 -8.0043 0.0003
Car -1 -1 -7.8997 855.3563 158.5670 880.7210 183.5568 1.6822 1.4860 3.8887 18.0445 0.7202 50.6462 -7.5594 0.0002
