Car -1 -1 -8.1022 716.7260 162.4915 883.2831 297.6148 1.8020 1.6121 3.6988 2.7583 1.6635 11.4874 -7.8735 1.0000
Car -1 -1 -4.6371 490.1492 174.4168 558.2609 233.6246 1.4956 1.5941 4.2767 -2.3859 1.5444 20.5089 -4.7521 0.9993
Car -1 -1 -2.6100 0.0000 179.2811 270.4323 342.2767 1.4542 1.6720 4.0778 -6.0652 1.5313 7.6061 -3.2664 0.9992
Car -1 -1 -4.4733 342.8936 154.5390 506.9627 292.8864 1.8835 1.6584 3.9169 -2.8560 1.6339 11.7863 -4.7068 0.9977
Car -1 -1 -4.6176 516.5681 164.9860 572.0302 217.6739 1.7819 1.6376 4.1559 -2.3779 1.5155 26.4849 -4.7068 0.9564
Car -1 -1 -4.5521 539.1589 167.3273 591.6737 208.3469 1.6802 1.6563 4.1838 -1.9300 1.4535 31.7192 -4.6128 0.9539
Car -1 -1 -6.9215 605.5856 169.6197 661.5652 196.2335 1.5566 1.5947 3.0397 1.4014 1.3671 43.7236 -6.8901 0.9368
Car -1 -1 -4.5678 538.6635 167.3231 589.7471 208.3625 1.6835 1.6679 4.0848 -1.9852 1.4563 31.7021 -4.6303 0.8808
Car -1 -1 -4.4617 333.7328 154.0915 504.6687 293.0489 1.8813 1.7159 3.8847 -2.9252 1.6270 11.7200 -4.7019 0.8452
Car -1 -1 -4.6260 487.7074 174.4585 557.7214 232.5185 1.4768 1.6142 4.2494 -2.4398 1.5271 20.6200 -4.7429 0.8377
Car -1 -1 -4.6701 492.7675 174.6782 554.4955 233.8473 1.4897 1.5517 4.1981 -2.4054 1.5465 20.4490 -4.7864 0.7862
Car -1 -1 -2.6012 0.0000 174.0298 264.5415 341.7787 1.5074 1.7103 3.9248 -6.0499 1.5212 7.5765 -3.2582 0.7629
Car -1 -1 -4.6154 519.8971 166.8089 573.2889 217.5023 1.7114 1.5611 3.9958 -2.2894 1.5070 26.3652 -4.7017 0.6948
Car -1 -1 -6.9255 604.5521 169.4164 661.7092 195.9606 1.5454 1.5891 3.1190 1.3703 1.3449 43.5532 -6.8947 0.6945
Car -1 -1 -2.5967 0.0000 179.6503 267.7749 343.8824 1.4550 1.6967 3.9418 -6.0017 1.5357 7.5405 -3.2521 0.6523
Car -1 -1 -6.8981 605.9216 169.1743 665.2933 195.7417 1.5573 1.6049 3.2839 1.5309 1.3413 43.8664 -6.8638 0.6503
Car -1 -1 -4.5083 536.9138 169.5201 592.8799 209.2733 1.6209 1.6539 4.0507 -1.9414 1.4847 31.5424 -4.5697 0.6379
Car -1 -1 -7.7887 515.2276 167.4975 570.2125 217.3543 1.7026 1.7565 4.1897 -2.4601 1.5193 26.7569 -7.8800 0.5955
Car -1 -1 -2.6312 0.0000 185.0358 289.0653 340.2962 1.4204 1.6164 3.3647 -5.5157 1.5666 7.7153 -3.2360 0.5096
Car -1 -1 -4.5214 542.3583 169.0116 595.4349 208.5255 1.6084 1.5570 4.1390 -1.7672 1.4517 31.5255 -4.5774 0.4876
Car -1 -1 -4.6206 493.6672 173.9044 560.7103 234.3227 1.5147 1.5065 3.7371 -2.2622 1.5463 20.0375 -4.7323 0.4452
Car -1 -1 -4.4160 539.0119 170.4782 598.3384 208.7274 1.5542 1.5766 3.6252 -1.7692 1.4574 31.2670 -4.4726 0.4279
Pedestrian -1 -1 -4.0007 305.7667 173.1989 347.5384 263.3666 1.5290 0.5034 0.4507 -4.9730 1.5348 12.5342 -4.3718 0.1740
Pedestrian -1 -1 -3.8199 324.3688 164.2546 366.3854 261.9534 1.6555 0.5452 0.4429 -4.6584 1.5095 12.5572 -4.1689 0.1597
Cyclist -1 -1 -8.3602 714.6017 165.3715 739.8331 202.8485 1.7086 0.4093 1.6533 5.4276 1.3671 33.7416 -8.2025 0.1390
Pedestrian -1 -1 -4.1516 310.1153 160.5815 358.9817 264.2889 1.7099 0.5963 0.5020 -4.7065 1.5073 12.2019 -4.5131 0.0753
Cyclist -1 -1 -8.2760 715.2491 162.4536 736.5767 200.5549 1.7524 0.3602 1.6085 5.4113 1.2737 34.0091 -8.1199 0.0706
Car -1 -1 -6.0806 715.9006 171.0487 806.4615 203.5110 1.5360 1.6302 4.1456 7.4368 1.4502 35.7067 -5.8773 0.0610
Cyclist -1 -1 -8.1780 716.0170 163.7891 733.3894 202.1478 1.7740 0.3310 1.5496 5.3805 1.3545 34.1613 -8.0235 0.0546
Pedestrian -1 -1 -4.0481 245.3511 196.8618 284.8288 284.7077 1.2508 0.3541 0.3987 -5.1351 1.6121 10.6348 -4.4888 0.0540
Pedestrian -1 -1 -4.1698 289.9785 166.6392 337.5690 266.3096 1.6409 0.5787 0.4767 -5.0404 1.5383 12.1592 -4.5557 0.0495
Car -1 -1 -6.7581 713.8804 171.5775 802.4032 201.5665 1.4803 1.6379 4.1552 7.5373 1.4170 36.9701 -6.5590 0.0460
Cyclist -1 -1 -4.4432 282.8972 168.1259 339.6885 270.5818 1.5985 0.4798 1.5298 -5.0103 1.5244 12.0450 -4.8302 0.0450
Pedestrian -1 -1 -4.0854 233.5584 189.5259 277.9719 284.5888 1.3604 0.4121 0.4348 -5.2852 1.6122 10.6632 -4.5363 0.0386
Pedestrian -1 -1 -4.0810 249.3130 188.3610 291.1884 283.3277 1.3864 0.4070 0.4083 -5.1607 1.6245 10.8518 -4.5160 0.0353
Car -1 -1 -6.2740 720.8739 174.0109 801.2266 204.7277 1.4769 1.5958 3.8348 7.4706 1.5362 35.9654 -6.0713 0.0332
Car -1 -1 -6.4376 718.0777 173.1128 805.5372 202.7669 1.4537 1.6102 4.1003 7.5405 1.4667 36.2901 -6.2348 0.0303
Car -1 -1 -6.5855 716.7504 172.4879 805.6451 202.2440 1.4678 1.6288 4.1136 7.5937 1.4494 36.6060 -6.3830 0.0302
Car -1 -1 -4.9800 735.5198 174.1610 826.3824 219.9530 1.3386 1.7293 4.4009 5.3740 1.3849 23.4580 -4.7581 0.0278
Cyclist -1 -1 -7.8422 317.1419 162.5664 350.5669 269.2555 1.6571 0.4886 1.5897 -4.6468 1.4970 12.0372 -8.2038 0.0227
Car -1 -1 -4.9687 741.5536 175.1617 833.8009 223.3840 1.3484 1.6969 4.4203 5.3820 1.4275 22.6203 -4.7386 0.0216
Cyclist -1 -1 -7.7646 304.4704 162.5347 346.5634 274.5802 1.6845 0.4795 1.7028 -4.6548 1.5290 11.7320 -8.1352 0.0189
Pedestrian -1 -1 -7.5259 725.3299 171.2384 741.7997 210.8237 1.6407 0.5424 0.5235 5.1405 1.5735 30.2657 -7.3598 0.0124
Cyclist -1 -1 -7.5833 269.3295 170.2876 330.1375 275.6590 1.5852 0.4534 1.7333 -5.0673 1.5463 11.7434 -7.9831 0.0124
Pedestrian -1 -1 -4.2261 277.8712 164.0345 328.7825 270.7086 1.7124 0.5960 0.5207 -5.0910 1.5705 11.8683 -4.6238 0.0122
Cyclist -1 -1 -7.5490 256.9359 175.1982 318.7607 278.5170 1.5136 0.4028 1.6780 -5.1375 1.5534 11.4653 -7.9622 0.0098
Pedestrian -1 -1 -7.3584 730.3301 172.9921 750.1180 210.8176 1.5638 0.6095 0.5914 5.4171 1.5693 30.2535 -7.1835 0.0096
Pedestrian -1 -1 -7.0147 724.2663 172.6639 744.8373 210.6822 1.5593 0.6079 0.5867 5.1346 1.5512 30.0074 -6.8474 0.0091
Cyclist -1 -1 -7.5455 234.1335 170.8809 301.3806 285.8756 1.6675 0.4604 1.6614 -5.3829 1.6386 11.3159 -7.9810 0.0076
Pedestrian -1 -1 -3.6573 1212.6947 157.2342 1241.0000 286.2651 1.5727 0.4600 0.3772 7.8683 1.3820 9.0551 -2.9583 0.0070
Cyclist -1 -1 -4.3223 728.0515 174.8818 752.3301 211.0441 1.5009 0.5381 1.3801 5.5132 1.5890 30.7547 -4.1471 0.0068
Pedestrian -1 -1 -7.1017 730.3849 174.1244 752.5569 212.0674 1.5498 0.6913 0.5862 5.4125 1.6030 29.9540 -6.9252 0.0064
Car -1 -1 -1.8347 0.0000 179.4036 2.0156 374.0000 1.3442 1.6445 3.9595 -5.9593 1.3987 4.4959 -2.7303 0.0063
Car -1 -1 -7.7109 0.0000 198.9886 0.0000 374.0000 1.2898 1.5174 3.7297 -5.5425 1.5361 4.8816 -8.5325 0.0054
Cyclist -1 -1 -7.8135 578.5682 169.9259 586.8220 204.5256 1.5680 0.3238 1.5280 -1.3037 1.4350 33.4630 -7.8526 0.0052
Car -1 -1 -7.9726 722.3395 167.7520 768.1426 203.6835 1.6215 1.7356 3.3796 6.3327 1.3909 34.3008 -7.7920 0.0052
Car -1 -1 -7.8252 664.0876 168.1984 682.0703 182.6759 1.3898 1.6605 4.0624 6.2457 0.9426 71.3808 -7.7385 0.0045
Car -1 -1 -1.9212 0.0000 170.8382 0.0000 374.0000 1.4348 1.6559 3.9603 -6.2040 1.4268 4.0921 -2.8785 0.0044
Cyclist -1 -1 -4.8413 731.4827 169.8609 753.0457 213.4622 1.7669 0.6394 1.9074 5.4791 1.6453 30.2073 -4.6641 0.0044
Car -1 -1 -4.2443 672.3718 167.2198 705.0269 182.6876 1.4789 1.6932 3.7386 7.7519 0.9399 71.0144 -4.1362 0.0042
Cyclist -1 -1 -7.5479 246.2057 174.5540 317.0145 278.8735 1.5388 0.5042 1.8081 -5.2890 1.5680 11.6000 -7.9676 0.0041
Pedestrian -1 -1 -7.7067 719.4447 175.1010 735.0645 208.5793 1.6436 0.6995 0.5096 5.7821 1.7560 35.8193 -7.5485 0.0041
Car -1 -1 -1.8171 0.0000 155.3502 0.0000 374.0000 1.4772 1.6937 3.9388 -7.3549 1.4019 4.5374 -2.8083 0.0038
Cyclist -1 -1 -4.5086 730.2121 171.7914 752.3208 212.2186 1.6606 0.6070 1.6358 5.5169 1.6166 30.5100 -4.3320 0.0038
Car -1 -1 -2.0074 0.0000 160.3517 0.0000 374.0000 1.5237 1.6677 4.1365 -6.5873 1.4657 4.5468 -2.9462 0.0037
Car -1 -1 -1.8466 0.0000 177.2948 0.0000 374.0000 1.4112 1.6113 3.8053 -5.6524 1.4425 3.7414 -2.7994 0.0037
Car -1 -1 -1.8456 0.0000 160.0981 0.0000 374.0000 1.4573 1.6661 3.9041 -7.3564 1.3955 4.9207 -2.8013 0.0037
Cyclist -1 -1 -7.7997 559.1148 170.5423 571.5475 212.3228 1.5929 0.4074 1.5162 -1.7884 1.5045 28.2689 -7.8629 0.0036
Car -1 -1 -7.5836 671.3807 167.8661 697.9066 183.0087 1.4530 1.6174 3.9482 7.3926 0.9741 71.3658 -7.4810 0.0036
Car -1 -1 -1.7936 0.0000 148.7014 0.0000 374.0000 1.4801 1.6818 3.9353 -6.9872 1.3910 4.0951 -2.8052 0.0036
Cyclist -1 -1 -4.8348 721.9225 175.3899 736.3493 208.4001 1.6060 0.5321 1.4393 5.8874 1.7346 35.9446 -4.6743 0.0036
Cyclist -1 -1 -7.6145 223.3362 180.4909 279.9297 284.1583 1.4337 0.4107 1.4982 -5.4234 1.5567 10.8689 -8.0681 0.0036
Cyclist -1 -1 -6.9219 731.6788 169.1389 774.0969 210.4722 1.6925 0.6860 1.6629 5.9410 1.5401 30.2135 -6.7301 0.0032
Car -1 -1 -4.4401 671.2735 174.3587 732.1068 207.8402 1.5086 1.7656 4.6458 4.5104 1.5869 35.2167 -4.3143 0.0031
Car -1 -1 -6.5092 0.0000 0.0000 1241.0000 374.0000 1.5583 1.6122 3.6479 -4.2173 1.6378 0.9939 -7.7856 0.0030
Car -1 -1 -9.0283 0.0000 0.0000 1241.0000 374.0000 1.5456 1.5900 3.5881 5.0256 1.5700 1.3441 -7.7729 0.0030
Car -1 -1 -8.9671 0.0000 0.0000 1241.0000 374.0000 1.5491 1.5879 3.5744 3.8909 1.5641 1.2354 -7.7713 0.0030
Car -1 -1 -9.0122 0.0000 0.0000 1241.0000 374.0000 1.5365 1.5900 3.5833 4.6644 1.5671 1.3040 -7.7717 0.0030
Car -1 -1 -8.9927 0.0000 0.0000 1241.0000 374.0000 1.5514 1.5844 3.5582 4.2519 1.5697 1.2590 -7.7724 0.0030
Car -1 -1 -6.5118 0.0000 0.0000 1241.0000 374.0000 1.5306 1.5805 3.5606 -4.9837 1.6588 1.3226 -7.7707 0.0030
Car -1 -1 -4.1886 0.0000 175.0830 0.0000 374.0000 1.3909 1.6389 3.7885 -6.2430 1.4094 4.0348 -5.1550 0.0030
Car -1 -1 -7.7725 670.9545 168.4963 690.3529 183.5564 1.4473 1.5985 3.9624 7.0005 1.0282 71.4326 -7.6755 0.0027
Pedestrian -1 -1 -7.5591 720.5580 171.2209 738.0089 209.9347 1.8893 0.7162 0.5711 5.8504 1.8093 35.6260 -7.3982 0.0026
Car -1 -1 -4.8134 668.9727 167.6162 691.2572 185.3607 1.6744 1.7133 4.4417 6.7790 1.1799 70.3109 -4.7180 0.0025
Cyclist -1 -1 -7.6468 575.0318 169.3763 589.3302 203.8229 1.5492 0.3689 1.4528 -1.3150 1.3925 33.1966 -7.6866 0.0023
Cyclist -1 -1 -6.3802 734.4883 166.9129 777.4301 208.0226 1.6775 0.6248 1.6855 5.9799 1.4348 29.8366 -6.1848 0.0023
Car -1 -1 -6.7331 670.9348 168.1006 718.2189 183.0124 1.4298 1.5657 4.3499 8.2599 0.9737 70.6362 -6.6174 0.0022
Car -1 -1 -4.6038 666.9602 166.2959 688.9861 182.4066 1.5411 1.7381 4.0556 6.7148 0.9135 71.1831 -4.5103 0.0022
Cyclist -1 -1 -7.6619 580.6603 169.6286 593.1197 204.0530 1.5611 0.3003 1.4970 -1.1080 1.4145 33.4839 -7.6952 0.0019
Cyclist -1 -1 -6.4691 727.0734 168.3446 768.8925 210.3883 1.7278 0.6170 1.6178 5.6769 1.5422 29.9614 -6.2841 0.0018
Car -1 -1 -4.6354 673.8168 167.9229 693.6179 185.2292 1.6291 1.5907 4.3638 7.1811 1.1646 70.2073 -4.5342 0.0017
Cyclist -1 -1 -6.9965 724.9241 172.0067 762.3815 209.6604 1.5445 0.6425 1.4885 5.5625 1.5094 30.2513 -6.8169 0.0016
Pedestrian -1 -1 -6.0266 575.8880 167.8273 592.3954 204.8579 1.6807 0.6526 0.6129 -1.2265 1.4522 33.1326 -6.0638 0.0013
Cyclist -1 -1 -7.7834 582.2780 169.0780 591.0652 203.6817 1.5592 0.3012 1.5234 -1.1132 1.3888 33.2793 -7.8170 0.0011
Car -1 -1 -7.4834 622.2944 164.5045 657.7908 185.1210 1.9037 1.9497 4.3547 2.8928 1.1324 69.0099 -7.4419 0.0010
Car -1 -1 -7.4090 673.3794 167.8820 702.3359 184.0954 1.5410 1.4384 3.5215 7.6059 1.0682 70.4557 -7.3021 0.0009
Pedestrian -1 -1 -3.0941 555.8118 168.4425 571.7764 213.1180 1.7083 0.6676 0.5870 -1.8298 1.5393 27.9284 -3.1595 0.0002
Pedestrian -1 -1 -3.8738 673.6033 166.1222 684.1063 184.1917 1.7260 0.8034 0.6303 6.6051 1.0827 69.4330 -3.7796 0.0001
Pedestrian -1 -1 -6.3604 557.8503 171.0877 573.7573 212.0198 1.5801 0.6116 0.5737 -1.7750 1.5116 28.1967 -6.4233 0.0001
Pedestrian -1 -1 -3.9960 673.0989 164.6242 684.9835 183.5365 1.8092 0.8427 0.7698 6.6394 1.0216 69.5961 -3.9016 0.0000
