Car -1 -1 -6.4434 505.9688 191.7325 580.4754 219.2368 1.4729 1.6563 4.0799 -3.9161 2.5995 41.7561 -6.5369 0.9888
Car -1 -1 -6.4579 505.0350 191.0175 576.4136 218.9064 1.4962 1.6738 3.8792 -4.0606 2.5806 41.7644 -6.5549 0.8195
Car -1 -1 -6.4509 509.8662 190.6186 586.3804 218.0892 1.4765 1.6639 4.2004 -3.6394 2.5392 41.8411 -6.5378 0.7838
Car -1 -1 -6.4774 507.9349 192.0668 585.2764 219.1661 1.4455 1.6861 4.2235 -3.7271 2.5974 41.8705 -6.5663 0.7531
Car -1 -1 -6.4649 504.2507 191.5241 577.9637 219.5287 1.5003 1.4876 4.0285 -4.0183 2.6095 41.6133 -6.5612 0.6585
Car -1 -1 -6.4792 520.8682 190.7294 595.7316 217.9179 1.4682 1.7018 4.1052 -3.0691 2.5454 42.1256 -6.5521 0.4397
Car -1 -1 -5.3113 1157.8716 169.4096 1241.0000 201.1741 1.4597 1.6275 3.1500 28.3052 1.3011 34.7920 -4.6327 0.4356
Car -1 -1 -5.2318 1143.3738 169.3185 1234.8641 200.7388 1.4523 1.6772 4.0953 28.3170 1.2886 35.5011 -4.5628 0.3882
Car -1 -1 -4.6214 495.8439 191.7249 519.9215 210.5434 1.5059 1.7420 4.3337 -9.0968 3.2470 64.3744 -4.7617 0.3571
Car -1 -1 -5.1635 1153.8179 168.8275 1236.5291 200.6342 1.4658 1.5975 3.8647 28.4798 1.2799 35.3122 -4.4891 0.3367
Car -1 -1 -4.7257 495.1519 191.9081 515.2607 210.8004 1.5047 1.7119 4.3539 -9.3985 3.2643 64.3607 -4.8706 0.3367
Car -1 -1 -8.4857 1146.9047 169.4911 1235.2396 200.7838 1.4486 1.5890 3.4831 28.1765 1.2926 35.1730 -7.8146 0.3066
Car -1 -1 -8.4688 1158.5999 170.0613 1240.4590 201.8115 1.4516 1.5680 3.0206 28.0953 1.3236 34.5448 -7.7904 0.2792
Pedestrian -1 -1 -8.1103 803.2635 170.2007 830.0151 229.4990 1.7662 0.6304 0.6488 6.1943 1.6869 21.8209 -7.8380 0.2783
Pedestrian -1 -1 -4.2806 1227.8781 155.5177 1241.0000 199.7055 1.8104 0.5151 0.5545 26.0319 1.0998 29.9116 -3.5695 0.1742
Pedestrian -1 -1 -4.1910 1231.6678 154.9330 1241.0000 199.8555 1.8398 0.5194 0.5430 26.1805 1.1055 29.8845 -3.4766 0.1221
Car -1 -1 -5.2417 1167.8748 169.5264 1241.0000 200.9204 1.4369 1.6073 3.1821 28.6640 1.2843 34.7217 -4.5560 0.1040
Car -1 -1 -5.4846 1137.5149 168.5722 1232.0200 200.9733 1.4951 1.5626 3.5381 27.8386 1.2972 35.1362 -4.8189 0.0961
Car -1 -1 -3.7870 1172.8094 170.6635 1241.0000 201.1682 1.4053 1.4811 3.8259 29.0765 1.3041 34.0870 -3.0852 0.0826
Car -1 -1 -6.3596 487.6705 190.1601 536.3210 208.9254 1.5555 1.6796 4.1172 -8.6451 3.1055 63.3786 -6.4951 0.0792
Pedestrian -1 -1 -2.7865 668.4279 172.0262 677.3809 206.4659 1.7624 0.4929 0.3089 3.2058 1.7198 37.2127 -2.7018 0.0790
Car -1 -1 -7.1060 1158.3993 170.0206 1241.0000 202.2994 1.4881 1.6647 3.4793 28.3313 1.3572 34.3260 -6.4204 0.0738
Car -1 -1 -6.5771 877.4672 167.6331 933.1626 186.2134 1.4909 1.4823 3.9394 24.0107 1.0717 58.8158 -6.1915 0.0737
Car -1 -1 -5.4790 1130.5073 169.1294 1233.2461 200.4454 1.4494 1.5692 4.0585 27.9539 1.2767 35.4946 -4.8161 0.0624
Car -1 -1 -4.7299 492.6990 192.5183 512.2247 211.4945 1.5138 1.6434 4.1972 -9.6377 3.3270 64.3364 -4.8786 0.0604
Car -1 -1 -7.1251 1159.6514 170.0956 1241.0000 201.2732 1.4266 1.5621 3.4415 28.1067 1.3001 34.0556 -6.4396 0.0598
Car -1 -1 -3.5121 864.5769 167.1408 927.9054 186.3729 1.5477 1.6620 4.5091 23.3049 1.0876 58.9044 -3.1373 0.0576
Car -1 -1 -3.8187 1169.2831 170.1725 1241.0000 200.4020 1.3988 1.5773 3.6316 28.9175 1.2744 34.2127 -3.1215 0.0555
Pedestrian -1 -1 -6.3366 672.3334 172.7222 678.8052 206.9341 1.7542 0.4747 0.3064 3.3435 1.7471 37.2382 -6.2483 0.0533
Car -1 -1 -3.4063 872.2870 168.2428 932.4090 186.6082 1.4732 1.5857 4.2820 23.8027 1.1030 58.9182 -3.0243 0.0516
Pedestrian -1 -1 -6.3916 671.2277 171.8160 678.7328 207.1755 1.8218 0.5005 0.3342 3.3301 1.7680 37.4285 -6.3041 0.0497
Pedestrian -1 -1 -2.8978 667.7663 172.3029 676.2330 206.9916 1.7861 0.4968 0.3286 3.1788 1.7574 37.4393 -2.8143 0.0482
Cyclist -1 -1 -7.7126 823.0040 166.9295 845.3381 222.7213 1.6929 0.4498 1.6836 7.0305 1.5128 22.7511 -7.4171 0.0464
Car -1 -1 -3.9765 1173.2876 168.8020 1241.0000 201.4824 1.5066 1.6921 4.2154 29.4369 1.3195 34.3779 -3.2729 0.0426
Cyclist -1 -1 -7.7840 815.0018 165.7942 834.2231 222.6595 1.7149 0.4672 1.7666 6.7043 1.5017 22.6692 -7.5006 0.0412
Car -1 -1 -4.1136 1161.7581 168.3198 1241.0000 199.6596 1.4522 1.6445 3.4238 28.6061 1.2418 34.7064 -3.4287 0.0402
Car -1 -1 -4.0423 1169.7625 168.7324 1241.0000 200.2838 1.4577 1.6169 3.6260 28.9879 1.2669 34.4974 -3.3479 0.0399
Pedestrian -1 -1 -4.4661 1222.5892 156.8498 1241.0000 201.1337 1.8253 0.5739 0.5203 25.9821 1.1654 30.1257 -3.7595 0.0382
Pedestrian -1 -1 -7.2217 823.7833 178.4131 837.5351 213.5584 1.8074 0.5675 0.3832 11.4450 2.0991 37.5561 -6.9287 0.0348
Cyclist -1 -1 -7.7360 811.7530 168.6268 835.4893 225.8386 1.7080 0.5178 1.7319 6.6064 1.5815 22.4392 -7.4539 0.0346
Car -1 -1 -3.3772 875.1421 168.3293 931.7468 186.5970 1.4678 1.6383 4.0188 23.9582 1.1039 59.0805 -2.9939 0.0323
Car -1 -1 -3.9994 1097.8700 171.0336 1185.1335 201.3130 1.4784 1.5823 3.6030 26.7566 1.3892 36.4073 -3.3697 0.0302
Car -1 -1 -3.4651 882.1788 168.3303 940.9288 186.9603 1.5000 1.6873 4.1135 24.6251 1.1355 59.0796 -3.0721 0.0291
Car -1 -1 -6.5712 882.2635 167.3268 939.7969 186.3722 1.5267 1.5535 4.0522 24.4753 1.0833 58.8216 -6.1789 0.0270
Car -1 -1 -6.7129 886.6036 165.5066 950.1371 185.6445 1.6235 1.7759 4.4517 25.2053 1.0309 59.1223 -6.3119 0.0269
Car -1 -1 -6.6848 1136.9789 169.9877 1241.0000 203.2604 1.5408 1.6549 3.8388 27.9068 1.4078 34.7249 -6.0123 0.0263
Car -1 -1 -3.4226 864.9591 166.5071 928.9284 185.6308 1.5357 1.7673 4.5492 23.4028 1.0257 59.0354 -3.0471 0.0244
Cyclist -1 -1 -5.6491 612.6031 176.4969 632.3042 200.7675 1.7253 0.5966 1.3269 0.8671 1.9914 52.1232 -5.6331 0.0232
Car -1 -1 -3.4158 880.8299 168.2409 938.2252 186.5014 1.4658 1.5618 4.0557 24.3968 1.0952 58.9299 -3.0252 0.0222
Cyclist -1 -1 -7.6185 823.2460 169.7444 851.5863 225.9996 1.6933 0.4903 1.6146 7.0663 1.5994 22.5377 -7.3190 0.0216
Car -1 -1 -4.8281 486.2481 192.1479 510.1133 211.2030 1.5181 1.6196 4.2262 -10.0173 3.2973 64.2968 -4.9825 0.0215
Car -1 -1 -4.8432 595.8208 191.2767 626.5159 214.9877 1.4991 1.6866 3.5490 0.0151 2.8332 50.3932 -4.8436 0.0200
Car -1 -1 -6.5400 950.5914 180.3630 1057.3827 212.2633 1.5448 1.7523 4.4994 20.0438 1.9435 36.9670 -6.0470 0.0184
Car -1 -1 -6.6068 886.0335 166.1172 949.1682 185.3532 1.5446 1.7238 4.4260 25.0666 1.0033 58.9655 -6.2068 0.0173
Car -1 -1 -6.6130 942.1606 182.2072 1049.0980 212.4756 1.4739 1.8365 4.5023 19.7291 1.9715 37.1622 -6.1287 0.0163
Cyclist -1 -1 -5.1118 718.1285 182.8961 741.6617 216.8757 1.5923 0.4936 1.7314 5.8029 2.0951 35.2435 -4.9506 0.0154
Car -1 -1 -8.4692 886.0358 167.9778 930.0104 186.5491 1.4749 1.4929 3.6565 24.3988 1.0874 59.2535 -8.0805 0.0145
Car -1 -1 -6.7557 790.5626 182.8527 931.6295 236.7858 1.5999 1.6424 3.9136 7.8724 1.9322 22.9083 -6.4294 0.0137
Car -1 -1 -3.3327 961.0341 181.1708 1067.2528 212.1844 1.4829 1.8253 4.4641 20.5073 1.9257 36.8877 -2.8292 0.0128
Car -1 -1 -6.8910 1174.6409 166.2031 1241.0000 200.1473 1.5552 1.6335 4.3502 29.5266 1.2502 34.0908 -6.1817 0.0107
Car -1 -1 -8.4024 881.0031 168.6597 918.9018 187.0245 1.4778 1.4070 3.2723 23.9639 1.1400 59.7948 -8.0232 0.0100
Cyclist -1 -1 -3.7293 1210.9111 163.8343 1241.0000 199.4234 1.6511 0.6143 1.8515 29.4140 1.2323 33.8918 -3.0191 0.0088
Cyclist -1 -1 -8.2741 796.3991 169.6594 836.1268 230.4275 1.7739 0.5482 1.5904 6.1881 1.6803 21.8893 -8.0028 0.0085
Cyclist -1 -1 -8.0014 147.4286 176.2666 179.0450 251.6275 1.8355 0.4701 1.5303 -11.4397 1.9256 18.3779 -8.5520 0.0084
Car -1 -1 -8.3567 1186.4446 153.0689 1241.0000 200.9514 1.9430 1.6638 3.7015 26.9547 1.1399 31.2605 -7.6499 0.0057
Car -1 -1 -4.0248 1106.0396 167.6517 1196.4053 200.7854 1.5996 1.7511 3.5824 27.0248 1.3481 36.1165 -3.3866 0.0055
Cyclist -1 -1 -7.8599 140.2455 174.4935 162.3693 250.2173 1.8540 0.4614 1.7129 -11.8430 1.8978 18.5491 -8.4219 0.0045
Pedestrian -1 -1 -3.9374 1172.2246 162.3697 1189.9309 198.4869 1.6802 0.5463 0.3721 26.7556 1.1921 33.8611 -3.2731 0.0044
Car -1 -1 -8.0199 764.8663 161.4933 791.8538 184.6029 2.1054 1.7476 4.5012 15.8114 1.0701 68.0354 -7.7927 0.0043
Car -1 -1 -8.0723 895.0826 167.5627 925.8305 187.2699 1.5844 1.5823 3.7058 24.9047 1.1587 59.9695 -7.6807 0.0043
Car -1 -1 -4.9111 597.1014 192.5683 628.9820 214.5349 1.3690 1.5146 3.7380 0.1443 2.8027 50.5037 -4.9089 0.0042
Car -1 -1 -8.0476 890.5123 168.2214 920.3060 187.0502 1.5152 1.5969 3.7183 24.5157 1.1421 60.0418 -7.6619 0.0040
Car -1 -1 -5.3288 1097.4709 154.1636 1174.1791 183.5282 1.6917 1.6239 4.1699 31.6702 0.6146 43.6591 -4.7045 0.0040
Car -1 -1 -6.6431 954.7936 181.3897 1074.4790 215.8105 1.6695 1.9963 4.9674 20.6033 2.1230 37.0087 -6.1390 0.0040
Car -1 -1 -5.2958 1104.6675 153.2553 1177.8458 182.8880 1.7105 1.6318 3.9754 32.0172 0.5789 43.6724 -4.6665 0.0040
Cyclist -1 -1 -3.1873 785.0276 168.5727 845.7812 229.5408 1.8039 0.6370 1.7379 6.1509 1.6769 21.8526 -2.9171 0.0039
Cyclist -1 -1 -8.0124 798.9700 167.9199 829.1406 228.4863 1.7951 0.6405 1.5854 6.2149 1.6486 22.2084 -7.7437 0.0039
Car -1 -1 -8.0185 760.9171 160.7416 788.4999 184.3766 2.1552 1.8058 4.5538 15.4853 1.0504 68.1210 -7.7962 0.0037
Car -1 -1 -8.0860 886.0367 168.4825 918.1910 187.2584 1.5108 1.6398 3.7962 24.2443 1.1587 60.0577 -7.7043 0.0036
Car -1 -1 -7.9169 771.1456 161.0535 792.9755 184.2646 2.1127 1.7161 4.4063 16.1579 1.0383 67.9918 -7.6848 0.0035
Pedestrian -1 -1 -6.7522 40.4983 174.1872 75.5748 243.4239 1.5586 0.5286 0.4514 -12.7289 1.5896 16.5742 -7.3995 0.0033
Car -1 -1 -6.6603 0.0000 0.0000 1241.0000 374.0000 1.5606 1.5921 3.6974 -3.3913 1.6652 1.3982 -7.7712 0.0030
Car -1 -1 -6.5953 0.0000 0.0000 1241.0000 374.0000 1.5720 1.6009 3.7552 -4.1980 1.6989 1.4659 -7.7713 0.0030
Car -1 -1 -8.1166 882.0643 168.2307 914.9201 187.0339 1.5150 1.6091 3.7574 23.9566 1.1422 60.0922 -7.7391 0.0028
Car -1 -1 -4.9105 598.1686 190.6730 634.0851 216.6270 1.6073 1.7067 4.0313 0.3456 2.8888 49.7647 -4.9042 0.0028
Car -1 -1 -4.9648 587.9257 188.9737 625.7569 214.6265 1.6369 1.7156 3.9960 -0.2988 2.8217 50.8960 -4.9713 0.0027
Pedestrian -1 -1 -5.6743 112.0289 172.3170 146.7664 245.6989 1.8268 0.5841 0.4839 -12.2073 1.8132 18.2607 -6.2570 0.0027
Pedestrian -1 -1 -6.5287 909.2173 177.3420 929.9183 221.6835 1.7410 0.5720 0.6348 12.2764 1.9215 28.7289 -6.1292 0.0024
Pedestrian -1 -1 -4.5843 639.6479 170.4392 652.7263 205.0108 1.8042 0.6451 0.3670 1.8625 1.6779 37.8931 -4.5361 0.0021
Pedestrian -1 -1 -6.0901 672.6810 170.0900 682.4028 211.9285 1.9263 0.5871 0.3454 3.1005 1.7987 33.5504 -5.9993 0.0019
Car -1 -1 -4.4554 547.6523 181.2412 576.7406 199.9535 1.7009 1.7160 4.5821 -4.6256 2.5442 70.1610 -4.5214 0.0019
Pedestrian -1 -1 -6.0900 671.9489 172.0817 683.0508 212.5083 1.8753 0.6277 0.4070 3.1250 1.8392 33.8284 -5.9993 0.0018
Cyclist -1 -1 -2.7186 306.5691 174.4008 343.3868 209.6955 2.0299 0.8440 1.8066 -16.6193 2.1207 42.0040 -3.0935 0.0016
Car -1 -1 -8.0252 895.5869 159.6277 936.3152 188.6978 1.8025 1.7199 4.2817 19.8389 0.9821 47.0176 -7.6284 0.0016
Pedestrian -1 -1 -4.0991 28.6749 165.4546 68.4618 245.5941 1.8101 0.5366 0.4888 -12.9249 1.6427 16.5530 -4.7543 0.0015
Car -1 -1 -6.7006 938.4785 181.0675 1241.0000 374.0000 1.5539 1.7287 4.6736 4.1961 1.6145 3.6478 -5.8854 0.0013
Cyclist -1 -1 -6.5889 895.0436 164.7830 923.3347 187.1318 1.8005 0.7719 1.9810 24.2621 1.1500 58.5973 -6.1983 0.0013
Pedestrian -1 -1 -7.5783 639.9527 171.6450 652.2944 203.6695 1.6591 0.5879 0.2831 1.8440 1.5962 37.6090 -7.5302 0.0013
Car -1 -1 -6.3811 822.2832 160.4534 878.3937 182.7240 1.8035 2.0122 4.2350 19.8624 0.7990 59.8759 -6.0624 0.0006
Cyclist -1 -1 -5.1455 716.9265 181.7938 742.3441 213.2698 1.4960 0.5950 1.6546 5.8611 1.9485 35.6689 -4.9846 0.0004
