Car -1 -1 -8.0551 595.9635 180.1109 699.2606 255.2057 1.5246 1.6809 3.7122 0.7127 1.7150 16.9957 -8.0149 0.9999
Car -1 -1 -7.7635 374.5050 180.4564 434.4396 231.4708 1.6331 1.7013 3.9572 -7.3153 1.9270 25.8249 -8.0374 0.9995
Car -1 -1 -8.0251 549.6445 180.7177 606.5540 223.5930 1.4935 1.5870 3.5668 -1.3339 1.8165 27.7488 -8.0734 0.9990
Car -1 -1 -7.9587 528.5863 179.3602 562.9509 206.9516 1.4475 1.5541 3.5967 -3.6962 1.8312 40.6702 -8.0492 0.9952
Car -1 -1 -7.9842 575.5664 178.5045 639.7789 233.0793 1.5926 1.6044 3.5662 -0.1968 1.7896 23.3219 -7.9933 0.9951
Car -1 -1 -7.9317 530.3722 179.1593 563.9182 206.9832 1.4605 1.5945 3.7079 -3.6241 1.8332 40.7223 -8.0204 0.8790
Car -1 -1 -7.9923 573.6382 178.1237 638.1649 232.8650 1.5960 1.5881 3.5223 -0.2526 1.7791 23.2544 -8.0038 0.8768
Car -1 -1 -7.9540 527.7869 179.5772 563.2782 207.2576 1.4473 1.6122 3.8470 -3.7218 1.8459 40.7605 -8.0449 0.8177
Car -1 -1 -7.8949 508.4695 175.9363 528.6786 194.7437 1.6388 1.6709 3.4738 -8.3225 1.9255 65.3317 -8.0215 0.8006
Car -1 -1 -7.9077 532.8038 178.7169 563.5908 206.8688 1.4831 1.5359 3.4105 -3.5449 1.8269 40.5558 -7.9948 0.7437
Car -1 -1 -7.9125 506.1604 175.9327 526.9509 194.5183 1.6145 1.6548 3.5492 -8.4899 1.9005 65.2062 -8.0418 0.6240
Pedestrian -1 -1 -5.8227 332.7981 169.5759 348.7601 202.1017 1.9461 0.7212 0.6501 -16.2867 1.7497 43.5642 -6.1788 0.5667
Car -1 -1 -7.8969 507.3040 175.3465 527.6497 194.9072 1.7057 1.6651 3.7905 -8.4381 1.9385 65.4414 -8.0250 0.5328
Car -1 -1 -7.8417 510.9109 176.4348 529.1959 195.1196 1.6260 1.6000 3.6767 -8.1572 1.9600 65.4423 -7.9656 0.5102
Car -1 -1 -4.4121 0.0000 181.9632 356.1422 374.0000 1.5730 1.7054 4.3190 -3.6925 1.6872 6.7867 -4.8949 0.3979
Car -1 -1 -4.4165 0.0000 172.2289 354.3104 374.0000 1.6710 1.7728 4.5121 -3.8569 1.6666 7.0768 -4.9006 0.3002
Car -1 -1 -7.9381 415.1097 180.2870 452.8622 212.0293 1.5350 1.6108 3.7634 -9.3214 1.9460 37.8878 -8.1781 0.1561
Car -1 -1 -7.8114 421.0353 180.7207 455.4679 212.0409 1.5205 1.6041 3.7805 -9.0470 1.9569 38.0455 -8.0437 0.1465
Car -1 -1 -8.0680 405.0621 180.5849 453.8282 212.8968 1.5506 1.6340 4.1618 -9.5783 1.9804 37.9183 -8.3142 0.1401
Pedestrian -1 -1 -3.8844 1090.8151 155.7489 1126.4591 252.9182 1.5952 0.4010 0.2954 8.2793 1.3141 12.0658 -3.2948 0.1319
Pedestrian -1 -1 -5.4680 334.9516 171.0115 349.1675 201.9636 1.8593 0.6831 0.4534 -16.2800 1.7483 43.7504 -5.8225 0.1023
Pedestrian -1 -1 -5.0538 737.7686 165.3174 753.9596 203.0473 1.8299 0.6064 0.6170 6.6123 1.4641 35.3469 -4.8708 0.0996
Pedestrian -1 -1 -5.1019 738.2448 164.8439 754.3688 202.8730 1.8412 0.6074 0.5566 6.6196 1.4531 35.2682 -4.9184 0.0729
Pedestrian -1 -1 -3.8810 1093.4868 161.5301 1135.8865 256.1118 1.5289 0.3892 0.4194 8.2541 1.3455 11.8860 -3.2860 0.0724
Pedestrian -1 -1 -4.4276 1110.0223 161.8158 1155.5894 240.0629 1.7395 0.6606 0.7760 11.9319 1.4938 16.5401 -3.8116 0.0492
Pedestrian -1 -1 -5.2632 1116.8551 171.8647 1153.6592 238.6570 1.4007 0.4714 0.4400 11.1277 1.3797 15.3667 -4.6460 0.0402
Pedestrian -1 -1 -4.5325 1121.2362 163.1133 1159.1808 239.3438 1.7057 0.5917 0.7167 12.1521 1.4875 16.6068 -3.9097 0.0381
Cyclist -1 -1 -4.7658 1116.7321 162.3050 1151.9486 241.8527 1.7277 0.5439 1.6709 11.9341 1.4983 16.5225 -4.1491 0.0374
Cyclist -1 -1 -4.7033 1119.6268 163.2374 1150.1001 241.8636 1.6889 0.5345 1.6526 11.8168 1.4820 16.3247 -4.0857 0.0360
Car -1 -1 -2.9694 367.1988 176.0460 452.5525 214.5693 1.7355 1.7280 3.5987 -9.3304 1.8889 33.7104 -3.2378 0.0353
Cyclist -1 -1 -3.9806 1099.7429 159.0502 1180.5863 238.8027 1.7843 0.5996 1.5893 12.1431 1.4752 16.6066 -3.3581 0.0345
Cyclist -1 -1 -4.1722 1095.9132 161.9582 1168.9131 241.2901 1.7499 0.5872 1.6777 11.9141 1.5093 16.5225 -3.5563 0.0299
Car -1 -1 -3.0844 374.9673 176.6203 451.3353 215.2352 1.7180 1.6979 3.3274 -9.1197 1.8987 33.5024 -3.3486 0.0243
Car -1 -1 -3.1978 370.3622 176.9038 451.7081 216.1299 1.7152 1.6351 3.5178 -9.1984 1.9085 33.1622 -3.4667 0.0236
Car -1 -1 -2.8321 0.0000 183.4630 172.4001 249.2363 1.5263 1.6384 3.5806 -13.5314 1.8177 18.5072 -3.4568 0.0223
Car -1 -1 -2.8819 349.0760 176.0645 448.8782 213.7837 1.6962 1.7394 4.1418 -9.7813 1.8491 33.5188 -3.1642 0.0203
Car -1 -1 -2.5513 0.0000 177.3071 172.4162 243.8274 1.6388 1.6809 3.9187 -13.9438 1.7603 18.8182 -3.1824 0.0189
Cyclist -1 -1 -7.5288 128.1558 183.7938 168.3531 248.7245 1.6141 0.3637 1.7057 -12.2502 1.9166 19.1016 -8.0930 0.0188
Pedestrian -1 -1 -3.3158 1222.5331 149.2230 1241.0000 236.9471 1.7688 0.5919 0.4412 12.9608 1.2920 14.9151 -2.6104 0.0160
Car -1 -1 -6.7580 0.0000 183.7556 52.9210 374.0000 1.5851 1.6002 3.6913 -3.9148 1.6439 2.0247 -7.7967 0.0159
Car -1 -1 -6.7028 0.0000 180.9162 14.9730 374.0000 1.6214 1.6296 3.7960 -4.2854 1.6667 2.1158 -7.7638 0.0149
Car -1 -1 -3.0844 362.7393 175.0544 450.8627 215.6718 1.7969 1.7161 3.8206 -9.3438 1.9019 33.3002 -3.3563 0.0144
Cyclist -1 -1 -4.8851 1116.9379 159.7771 1162.8375 241.9708 1.8025 0.5697 1.6006 12.1619 1.5154 16.6680 -4.2636 0.0133
Car -1 -1 -8.2479 662.6718 178.0284 747.7012 220.2191 1.3304 1.5603 3.8974 3.1993 1.5269 25.3511 -8.1245 0.0121
Pedestrian -1 -1 -3.5569 1104.7092 158.2035 1139.2843 249.8298 1.5115 0.4420 0.3193 8.5604 1.2695 12.1493 -2.9548 0.0113
Pedestrian -1 -1 -3.5303 1207.7847 149.6773 1241.0000 236.2633 1.7574 0.5660 0.4476 12.7669 1.2867 14.9819 -2.8346 0.0104
Cyclist -1 -1 -6.8791 1111.5615 157.2422 1212.7218 240.0125 1.8648 0.5876 1.8412 12.6209 1.5128 16.5917 -6.2378 0.0101
Car -1 -1 -6.6895 0.0000 176.7801 0.0000 374.0000 1.6037 1.6166 3.7939 -4.6395 1.6256 2.1319 -7.7808 0.0091
Cyclist -1 -1 -7.4527 128.0511 178.7427 178.0830 246.5648 1.7131 0.4402 1.8439 -12.2615 1.8783 19.3342 -8.0119 0.0088
Cyclist -1 -1 -7.1352 135.3268 177.9372 201.4488 247.0126 1.7525 0.3927 1.8445 -11.8757 1.8954 19.3866 -7.6790 0.0086
Car -1 -1 -8.3489 661.4958 177.5526 752.7783 219.7038 1.3605 1.5938 3.8182 3.3348 1.5418 25.8178 -8.2225 0.0085
Cyclist -1 -1 -4.3983 1105.5327 160.8284 1167.1085 242.6234 1.7605 0.6264 1.7626 11.8539 1.5014 16.3063 -3.7787 0.0068
Cyclist -1 -1 -4.6420 1109.5615 157.5567 1144.0874 243.1470 1.8065 0.5160 1.8893 11.5114 1.4833 16.1251 -4.0311 0.0061
Car -1 -1 -4.3039 187.4702 187.1286 313.6924 243.4321 1.3572 1.6430 4.2715 -10.1522 1.8086 20.6621 -4.7558 0.0059
Pedestrian -1 -1 -5.0771 925.5534 151.4220 971.1511 229.7027 1.5820 0.6126 0.7828 6.9642 1.1486 14.9919 -4.6500 0.0059
Cyclist -1 -1 -7.2606 131.5937 182.1218 191.8491 249.3388 1.6746 0.3593 1.8901 -11.9341 1.9330 19.1905 -7.8110 0.0058
Car -1 -1 -6.6859 0.0000 179.6828 0.0000 374.0000 1.5749 1.6145 3.7816 -5.0085 1.6129 2.1154 -7.8103 0.0054
Car -1 -1 -4.9539 524.5159 176.7464 565.9020 201.6092 1.4665 1.6453 4.1503 -4.1675 1.7236 45.4871 -5.0452 0.0048
Car -1 -1 -4.8946 533.3918 176.3131 569.7184 200.1315 1.4410 1.6302 3.9581 -3.8343 1.6733 46.3922 -4.9770 0.0046
Cyclist -1 -1 -3.9407 1126.6320 158.7153 1215.9509 233.4381 1.5435 0.6490 1.4926 11.8653 1.2512 15.3373 -3.2918 0.0042
Car -1 -1 -4.9896 499.6289 176.2066 538.7587 199.9776 1.5544 1.6634 3.9504 -6.3558 1.7961 49.9296 -5.1159 0.0042
Pedestrian -1 -1 -4.7315 940.0346 156.9992 970.7427 233.7877 1.5181 0.5433 0.6299 6.9570 1.2043 14.6625 -4.2967 0.0041
Cyclist -1 -1 -5.4484 912.7371 154.9288 993.2673 233.1402 1.5276 0.5686 1.5992 7.0116 1.1772 14.9406 -5.0176 0.0041
Cyclist -1 -1 -5.4769 916.9869 159.3005 993.7888 233.9965 1.4480 0.5144 1.4993 6.9882 1.1849 14.7794 -5.0433 0.0041
Car -1 -1 -4.9919 529.0568 176.6540 571.7601 201.1726 1.4514 1.6344 4.0164 -3.8433 1.7024 45.5501 -5.0760 0.0039
Car -1 -1 -4.9694 530.5560 176.3935 570.4351 200.2348 1.4283 1.5931 3.8629 -3.8650 1.6635 45.9318 -5.0533 0.0039
Car -1 -1 -4.9282 525.9290 176.1511 566.1893 200.7706 1.4690 1.6896 4.1652 -4.1494 1.6886 45.8929 -5.0183 0.0035
Car -1 -1 -4.4315 213.7867 184.5279 316.6108 238.7477 1.3820 1.6581 4.1239 -10.1640 1.7644 21.4898 -4.8689 0.0031
Car -1 -1 -6.6616 0.0000 0.0000 1241.0000 374.0000 1.5627 1.6142 3.6681 -2.6483 1.5909 0.9790 -7.7880 0.0030
Car -1 -1 -2.0412 0.0000 144.2161 17.6053 374.0000 1.5920 1.6720 3.9925 -4.3771 1.5463 2.0001 -3.1317 0.0030
Car -1 -1 -6.5800 0.0000 0.0000 1241.0000 374.0000 1.5511 1.6006 3.5970 -4.2110 1.6289 1.3853 -7.7736 0.0030
Car -1 -1 -6.5289 0.0000 0.0000 1241.0000 374.0000 1.5547 1.6083 3.6245 -4.9433 1.6656 1.3997 -7.7715 0.0030
Car -1 -1 -6.5523 0.0000 0.0000 1241.0000 374.0000 1.5468 1.6002 3.6105 -4.5705 1.6267 1.3918 -7.7718 0.0030
Car -1 -1 -6.5905 0.0000 0.0000 1241.0000 374.0000 1.5560 1.6200 3.6611 -3.4384 1.5986 1.0678 -7.7870 0.0030
Car -1 -1 -1.9374 0.0000 150.2952 0.0000 374.0000 1.5858 1.6719 3.9899 -5.0324 1.5519 2.0405 -3.0759 0.0030
Car -1 -1 -6.6003 0.0000 0.0000 1241.0000 374.0000 1.5574 1.5940 3.5946 -3.8483 1.6185 1.3257 -7.7753 0.0030
Car -1 -1 -6.5015 0.0000 0.0000 1241.0000 374.0000 1.5453 1.6212 3.6322 -5.3324 1.6640 1.3694 -7.7716 0.0030
Car -1 -1 -6.6264 0.0000 0.0000 1241.0000 374.0000 1.5599 1.6124 3.6712 -3.0348 1.5946 1.0399 -7.7863 0.0030
Pedestrian -1 -1 -4.3891 923.4068 161.2356 965.3953 234.7449 1.4505 0.6098 0.6334 6.7497 1.2209 14.6770 -3.9661 0.0030
Car -1 -1 -4.3161 183.0617 184.3683 316.3401 246.8791 1.4066 1.6645 4.1200 -9.4008 1.7449 19.1139 -4.7680 0.0026
Pedestrian -1 -1 -4.2633 916.0073 153.6430 960.8644 227.8340 1.4966 0.6522 0.6083 6.7736 1.1088 15.0007 -3.8468 0.0023
Car -1 -1 -4.3188 199.5233 183.0454 327.0065 242.7851 1.4093 1.6628 4.1617 -9.4063 1.7194 19.8589 -4.7564 0.0023
Cyclist -1 -1 -8.6987 895.0583 156.2126 983.0431 232.9531 1.4886 0.5311 1.7239 6.6967 1.1655 14.8907 -8.2838 0.0022
Pedestrian -1 -1 -6.4422 752.4081 161.2371 762.3113 192.6565 1.8509 0.6514 0.4772 8.7111 1.1663 42.8410 -6.2432 0.0020
Car -1 -1 -5.1767 667.8578 177.2216 759.0821 219.5675 1.3121 1.5809 3.7218 3.4127 1.4740 24.7892 -5.0421 0.0019
Cyclist -1 -1 -6.1999 902.8663 152.8748 985.6165 230.3311 1.5155 0.5287 1.4966 6.7541 1.1243 14.7114 -5.7774 0.0019
Pedestrian -1 -1 -4.6610 726.6651 180.3274 741.5422 217.3858 1.2501 0.4841 0.3849 4.1988 1.5079 24.6773 -4.4950 0.0012
Car -1 -1 -4.8749 491.8181 177.2529 514.9339 193.4290 1.5184 1.6421 3.8613 -10.5293 1.9634 70.9531 -5.0220 0.0012
Pedestrian -1 -1 -4.8396 1021.6313 148.8644 1064.8789 238.2320 1.5164 0.5675 0.6178 7.5223 1.1090 12.6379 -4.3132 0.0011
Car -1 -1 -4.3891 497.4513 178.2061 525.4426 194.1736 1.4957 1.6081 3.7869 -9.6759 2.0366 70.9454 -4.5245 0.0011
Car -1 -1 -4.5883 496.1053 177.8575 517.4738 194.3001 1.5463 1.6059 3.9676 -10.1546 2.0526 71.0661 -4.7300 0.0010
Cyclist -1 -1 -5.4091 772.0585 164.1497 815.4604 221.0837 1.6413 0.5829 1.2487 5.4108 1.3901 21.4896 -5.1663 0.0009
Car -1 -1 -4.8596 486.5702 177.6755 509.3620 193.9277 1.5136 1.6116 4.1610 -11.0315 2.0010 70.7466 -5.0141 0.0009
Pedestrian -1 -1 -3.5825 981.5958 157.8319 1016.1996 228.0407 1.5503 0.5244 0.5056 8.6753 1.2183 16.2047 -3.0989 0.0007
Pedestrian -1 -1 -5.9248 328.0391 182.1518 350.2391 226.9060 1.8546 0.6612 0.6863 -11.4387 2.2499 30.3686 -6.2826 0.0004
Pedestrian -1 -1 -4.5858 916.4303 164.2307 948.9045 256.8973 1.4357 0.4291 0.3958 5.0703 1.3018 11.4584 -4.1792 0.0004
Cyclist -1 -1 -8.1048 807.2672 164.1860 846.3476 230.3456 1.3739 0.4579 1.4423 4.6489 1.1936 15.7123 -7.8228 0.0002
Pedestrian -1 -1 -6.3326 340.4484 178.7538 357.5279 221.3194 1.7768 0.6292 0.6524 -11.1326 2.0305 30.6494 -6.6787 0.0002
Pedestrian -1 -1 -6.3295 337.1584 182.6713 352.3220 226.2665 1.8213 0.5505 0.5806 -11.3219 2.2433 30.6746 -6.6807 0.0002
Cyclist -1 -1 -7.8668 446.0051 182.8961 453.4737 211.3424 1.4179 0.3570 1.4254 -8.3093 1.9458 37.2180 -8.0854 0.0001
