Car -1 -1 -3.3848 364.4227 170.1067 529.1926 224.4585 1.4942 1.7029 4.5386 -4.9083 1.4184 21.6139 -3.6060 0.9996
Car -1 -1 -3.3625 0.0000 181.8254 170.0624 261.3086 1.4610 1.6361 3.8939 -12.1105 1.6813 15.7322 -4.0105 0.9990
Car -1 -1 -7.3832 853.3275 159.1977 1023.4622 250.1871 1.6031 1.6817 3.6007 6.6023 1.3622 14.4991 -6.9641 0.9956
Car -1 -1 -3.3763 0.0000 181.6492 170.4600 260.7074 1.4630 1.6626 3.7498 -12.0491 1.6790 15.7662 -4.0208 0.8817
Car -1 -1 -7.1393 1200.2084 161.0412 1241.0000 199.3126 1.3610 1.6054 4.1286 24.3927 0.9406 26.7055 -6.4047 0.8568
Car -1 -1 -6.5891 674.0402 171.0778 800.6537 221.8949 1.5297 1.6401 3.6062 3.9228 1.4759 22.7802 -6.4213 0.8182
Car -1 -1 -7.2061 1199.4911 160.3860 1241.0000 198.9068 1.3731 1.6000 4.0914 24.4110 0.9284 26.8941 -6.4746 0.7877
Car -1 -1 -3.3862 365.1425 167.1570 534.8881 223.9635 1.5606 1.7331 4.6918 -4.8161 1.4038 21.6426 -3.6031 0.7395
Car -1 -1 -7.4146 1231.6161 158.5315 1241.0000 221.0764 1.4530 1.6253 3.8475 17.7847 1.1200 18.2098 -6.6492 0.6817
Car -1 -1 -7.5713 1233.4392 158.5459 1241.0000 221.2203 1.4598 1.6061 3.7965 17.7092 1.1262 18.4600 -6.8148 0.6708
Car -1 -1 -7.2008 1229.5425 158.3826 1241.0000 221.5329 1.4673 1.6375 3.8328 17.7499 1.1308 17.8497 -6.4266 0.6308
Car -1 -1 -6.6016 670.2972 171.1951 813.3253 223.3608 1.5653 1.6264 4.1333 4.0582 1.5152 22.7538 -6.4280 0.6240
Car -1 -1 -6.9462 937.2189 146.9371 1065.7562 204.2535 1.9213 1.6562 3.7477 13.6510 1.0522 25.3264 -6.4569 0.6188
Car -1 -1 -4.2270 1198.0951 158.7561 1241.0000 198.6368 1.4202 1.6279 4.1303 24.3588 0.9179 27.1851 -3.5019 0.6148
Car -1 -1 -6.6039 669.1777 168.2680 810.0574 221.3796 1.5997 1.6704 4.0719 4.0079 1.4612 22.8622 -6.4332 0.6138
Car -1 -1 -3.7583 933.3113 147.4562 1066.2422 205.7192 1.9647 1.7074 3.8494 13.6337 1.1080 25.4263 -3.2712 0.6044
Car -1 -1 -7.7487 1233.9055 159.0917 1241.0000 221.5187 1.4638 1.6028 3.8578 17.5971 1.1408 18.7938 -7.0042 0.5829
Car -1 -1 -3.7595 912.8864 146.1161 1051.6541 203.6240 1.9159 1.7345 4.0599 12.9011 1.0248 25.1992 -3.2913 0.5784
Car -1 -1 -7.7462 1229.6036 158.2547 1241.0000 220.9807 1.4797 1.6446 3.9084 17.6372 1.1350 18.9286 -7.0040 0.5398
Car -1 -1 -3.9108 1201.6669 158.2777 1241.0000 199.5858 1.4794 1.6814 4.4195 24.7552 0.9571 26.7432 -3.1696 0.5158
Car -1 -1 -6.9731 938.5023 145.4069 1080.1666 206.4019 2.0413 1.7745 4.2102 13.9762 1.1224 25.4202 -6.4755 0.5045
Car -1 -1 -6.5989 669.4502 171.9381 810.9402 222.7547 1.5177 1.6075 4.0682 3.9871 1.4901 22.6378 -6.4274 0.4895
Car -1 -1 -4.1234 1193.1638 158.6001 1241.0000 198.2127 1.4123 1.5498 3.8040 23.9929 0.9038 26.9619 -3.4017 0.4756
Car -1 -1 -7.0082 1200.5441 160.0896 1241.0000 200.4895 1.4358 1.6106 4.3230 24.4628 0.9819 26.4811 -6.2681 0.4552
Car -1 -1 -7.7543 1240.1840 158.4350 1241.0000 221.8207 1.4700 1.6448 4.0148 17.6940 1.1353 18.6761 -7.0039 0.4550
Car -1 -1 -6.6299 668.9169 163.8449 842.4657 219.2154 1.6594 1.7255 5.1104 4.5147 1.3891 22.8708 -6.4380 0.4124
Car -1 -1 -7.8506 1236.3187 158.3794 1241.0000 221.1869 1.4685 1.6001 3.7591 17.3911 1.1298 18.7962 -7.1120 0.4068
Car -1 -1 -6.9932 1199.7640 160.4603 1241.0000 199.0853 1.3712 1.5520 4.0775 24.2662 0.9309 26.4455 -6.2564 0.4051
Car -1 -1 -3.9556 1196.0399 159.7790 1241.0000 198.7745 1.3897 1.5325 3.6561 23.9671 0.9234 26.6358 -3.2285 0.3793
Car -1 -1 -7.0122 1231.0034 157.3222 1241.0000 221.4062 1.4782 1.6520 3.9102 17.7821 1.1196 17.5732 -6.2293 0.3588
Car -1 -1 -7.8280 1230.3029 161.3254 1241.0000 223.0873 1.4649 1.6002 4.0299 17.5800 1.1911 19.1241 -7.0925 0.3377
Car -1 -1 -6.9215 1202.5217 159.4291 1241.0000 199.7747 1.4126 1.5751 4.2205 24.3624 0.9422 26.2640 -6.1793 0.3208
Car -1 -1 -6.9762 938.0588 149.5662 1065.1237 204.1473 1.8062 1.7069 3.6382 13.5236 1.0353 25.0806 -6.4868 0.2954
Car -1 -1 -6.9385 943.6166 147.8111 1083.3945 205.2905 1.9160 1.7838 4.0218 14.0129 1.0809 25.2404 -6.4369 0.2864
Car -1 -1 -7.9209 1225.4534 158.7687 1241.0000 220.8920 1.4695 1.5733 3.7607 17.3243 1.1360 19.0339 -7.1903 0.2081
Pedestrian -1 -1 -5.8300 390.4059 164.2011 409.7917 211.4162 1.8177 0.5308 0.5475 -8.2125 1.4843 28.0857 -6.1123 0.1996
Car -1 -1 -6.7653 1222.3059 157.5416 1241.0000 223.8993 1.4776 1.6523 4.0035 17.5937 1.1363 17.4454 -5.9843 0.1723
Pedestrian -1 -1 -5.7826 389.1765 164.8007 411.1059 211.7915 1.8022 0.5491 0.6314 -8.1885 1.4931 28.0093 -6.0649 0.1718
Car -1 -1 -3.7947 1195.4698 160.4585 1241.0000 199.4520 1.3741 1.5167 3.6023 23.7723 0.9370 26.3182 -3.0658 0.1464
Car -1 -1 -6.5091 1231.2281 155.4611 1241.0000 225.8573 1.4970 1.6496 4.2383 17.6616 1.1268 17.1747 -5.7185 0.1461
Car -1 -1 -6.0404 1232.2186 155.5238 1241.0000 227.3640 1.4911 1.7209 4.0691 17.6589 1.1311 17.1644 -5.2495 0.1380
Car -1 -1 -3.4910 693.0554 169.7670 862.1931 220.8339 1.5357 1.6300 4.9539 5.1970 1.4426 22.8251 -3.2705 0.1321
Car -1 -1 -6.7539 1201.2588 157.1957 1241.0000 200.1727 1.4679 1.5664 4.2473 24.1567 0.9328 25.9704 -6.0104 0.1259
Car -1 -1 -3.4989 731.0928 168.8573 875.8234 217.2726 1.4649 1.5811 4.1303 6.0156 1.3436 22.8306 -3.2450 0.1036
Car -1 -1 -8.0093 1241.0000 157.9987 1241.0000 222.8197 1.4508 1.7073 3.9815 17.6499 1.1180 18.2721 -7.2494 0.1017
Car -1 -1 -3.9247 1094.6077 160.6173 1241.0000 203.9574 1.5089 1.6599 4.4821 20.2614 1.0826 26.2363 -3.2727 0.0822
Car -1 -1 -4.9531 1216.4294 159.8226 1241.0000 200.1256 1.3953 1.6380 4.0549 24.3857 0.9439 27.1556 -4.2269 0.0714
Pedestrian -1 -1 -6.0203 396.0822 163.6166 414.6916 210.5677 1.8123 0.5540 0.5738 -8.0190 1.4554 28.1318 -6.2959 0.0660
Pedestrian -1 -1 -6.0036 392.8932 164.9025 415.8429 210.9243 1.7656 0.5478 0.7325 -8.0081 1.4603 27.9565 -6.2804 0.0602
Car -1 -1 -4.8618 962.0375 146.6414 1034.3851 204.4376 1.8847 1.7250 3.4139 13.5374 1.0296 25.4243 -4.3775 0.0592
Car -1 -1 -8.1769 1199.5177 160.8040 1241.0000 201.3566 1.4101 1.6068 3.6221 23.7429 0.9908 27.0709 -7.4624 0.0563
Car -1 -1 -5.8402 1232.8367 157.1744 1241.0000 230.1831 1.4582 1.6053 4.0306 17.0955 1.1447 16.5782 -5.0485 0.0552
Car -1 -1 -5.8440 1233.7312 158.4624 1241.0000 228.0522 1.4530 1.6569 3.9294 17.6121 1.1522 17.1940 -5.0552 0.0522
Car -1 -1 -6.7441 750.0746 164.1716 887.7592 214.0609 1.5182 1.6320 3.9235 6.6051 1.2537 23.1225 -6.4697 0.0510
Car -1 -1 -4.8792 954.3441 145.5663 1029.4103 204.9736 1.9423 1.7795 3.3479 13.3292 1.0498 25.4564 -4.4018 0.0499
Car -1 -1 -5.9556 1234.4668 159.9078 1241.0000 227.0433 1.4068 1.6715 4.1476 17.9220 1.1352 17.3508 -5.1626 0.0440
Car -1 -1 -6.7496 1208.0374 158.7173 1241.0000 200.9707 1.4441 1.6130 4.4759 24.6408 0.9606 26.0633 -5.9979 0.0410
Pedestrian -1 -1 -2.7461 383.2689 165.0441 403.5829 211.2269 1.7698 0.5517 0.5866 -8.4325 1.4702 27.9548 -3.0369 0.0404
Car -1 -1 -5.1770 1202.0166 160.9902 1241.0000 200.3875 1.3603 1.6707 4.0144 24.2242 0.9504 27.0681 -4.4525 0.0388
Car -1 -1 -5.8751 1218.3624 156.9113 1241.0000 226.2860 1.4558 1.6270 3.7774 17.1311 1.1209 17.1972 -5.1003 0.0354
Car -1 -1 -6.0380 1233.7485 154.4928 1241.0000 228.1596 1.5001 1.6348 4.0919 17.4408 1.1259 16.8702 -5.2448 0.0348
Car -1 -1 -5.1245 1218.6085 159.9636 1241.0000 199.9581 1.3917 1.6077 3.8153 24.7748 0.9428 27.1713 -4.3907 0.0331
Pedestrian -1 -1 -2.6346 384.8148 161.9920 402.6914 209.6751 1.8417 0.5537 0.4578 -8.4904 1.4219 28.1887 -2.9249 0.0292
Car -1 -1 -5.5598 1229.7512 157.0320 1241.0000 229.7199 1.4390 1.6286 4.1720 16.7357 1.1255 16.4161 -4.7739 0.0211
Car -1 -1 -8.2649 1241.0000 152.7736 1241.0000 217.7034 1.4715 1.6939 3.8270 18.0727 1.0161 18.4413 -7.4976 0.0191
Car -1 -1 -5.3536 1229.0857 160.9258 1241.0000 223.2361 1.3757 1.6490 4.1592 17.8884 1.1121 18.0994 -4.5823 0.0185
Car -1 -1 -6.6987 727.6032 165.3988 870.5099 214.3215 1.4852 1.6475 4.1023 5.9467 1.2586 23.0574 -6.4499 0.0182
Car -1 -1 -5.1005 1229.0497 157.0035 1241.0000 231.6202 1.4540 1.6068 4.3572 15.9457 1.1448 16.3813 -4.3377 0.0158
Car -1 -1 -5.3671 1203.9922 160.5278 1241.0000 201.5519 1.3947 1.7115 4.2246 24.4134 0.9754 26.7051 -4.6321 0.0155
Pedestrian -1 -1 -5.9562 383.8026 166.7013 408.0319 210.8202 1.6706 0.5657 0.7471 -8.2356 1.4373 27.6194 -6.2437 0.0136
Pedestrian -1 -1 -2.7812 395.7969 163.4243 412.3290 209.7755 1.8213 0.5027 0.4845 -8.2115 1.4505 28.6230 -3.0585 0.0118
Car -1 -1 -5.4673 1214.9587 159.4370 1241.0000 199.9319 1.3560 1.6864 4.2437 24.6295 0.9064 26.2887 -4.7201 0.0103
Car -1 -1 -3.9181 1015.0212 163.8973 1152.2401 208.1495 1.3987 1.5041 3.8750 15.6305 1.1153 23.9342 -3.3454 0.0091
Car -1 -1 -8.6629 1197.1312 158.3617 1241.0000 201.9173 1.4436 1.4088 3.9968 23.5164 0.9630 25.9624 -7.9327 0.0081
Car -1 -1 -3.9827 1014.4831 167.6171 1133.6511 209.1235 1.3081 1.4257 3.4024 15.3005 1.1428 23.8916 -3.4189 0.0076
Car -1 -1 -8.6036 1195.0967 160.5537 1241.0000 202.5504 1.4015 1.3709 3.7077 23.2178 0.9907 25.9488 -7.8794 0.0070
Car -1 -1 -8.9486 1203.6903 153.2837 1241.0000 200.0102 1.4983 1.5449 4.0434 23.5356 0.8705 25.3001 -8.2052 0.0068
Car -1 -1 -3.8781 1012.0840 169.1819 1139.4088 210.6373 1.3092 1.4138 3.4914 15.2675 1.1929 23.7808 -3.3132 0.0065
Cyclist -1 -1 -2.6951 260.3311 172.0553 297.8710 210.1364 1.8336 0.7027 1.5047 -16.1318 1.7948 35.1063 -3.1233 0.0063
Car -1 -1 -8.6740 1198.2301 153.9426 1241.0000 201.2176 1.5351 1.5321 3.9579 23.2049 0.9207 25.4676 -7.9409 0.0046
Pedestrian -1 -1 -5.1556 274.2971 173.7162 295.1612 212.8839 1.8784 0.7237 0.6347 -15.8653 1.9206 35.1053 -5.5775 0.0039
Car -1 -1 -6.3644 510.5136 177.8748 586.8817 205.3034 1.4526 1.6599 4.0730 -3.4442 1.7373 39.7945 -6.4506 0.0015
Cyclist -1 -1 -4.5381 389.3254 166.5364 410.7812 212.4767 1.7354 0.5333 1.5901 -8.2018 1.4964 28.0748 -4.8202 0.0014
Car -1 -1 -6.2853 566.0762 174.9886 654.0373 204.1531 1.5899 1.6684 4.8112 -0.0374 1.7113 40.2998 -6.2867 0.0012
Cyclist -1 -1 -5.9871 375.3479 165.5699 418.7578 211.4542 1.7645 0.5304 1.5288 -8.3067 1.4841 28.0196 -6.2732 0.0012
Car -1 -1 -6.4631 520.8699 178.6921 606.4687 206.6852 1.4815 1.6175 4.5271 -2.6251 1.8163 40.0781 -6.5286 0.0012
Pedestrian -1 -1 -3.4564 622.9263 144.6155 643.7713 213.9437 2.0369 0.5827 0.4627 0.6451 1.2070 21.5442 -3.4275 0.0011
Car -1 -1 -6.0695 263.7114 172.8339 364.6025 203.4454 1.5669 1.6727 4.6879 -15.5985 1.5655 38.1576 -6.4554 0.0010
Cyclist -1 -1 -5.9818 377.4924 167.2719 419.2103 212.6895 1.7520 0.4919 1.4795 -8.2784 1.5364 28.0918 -6.2663 0.0009
Car -1 -1 -6.1886 501.1986 179.0006 574.2239 206.5677 1.4632 1.6087 3.8411 -3.9517 1.8061 39.4740 -6.2882 0.0008
Pedestrian -1 -1 -5.7053 0.0000 167.2371 16.7527 201.5185 1.7739 0.4302 0.5876 -31.4115 1.4830 37.5844 -6.3981 0.0007
Pedestrian -1 -1 -5.6634 3.7108 166.9199 20.0000 199.4710 1.6857 0.4098 0.5102 -31.1960 1.3781 37.5872 -6.3528 0.0006
Car -1 -1 -6.3943 520.2722 178.2234 606.4557 206.7172 1.5068 1.7394 4.5879 -2.6432 1.8128 39.8930 -6.4605 0.0005
Car -1 -1 -3.1560 547.4401 177.0065 634.9848 204.9105 1.5059 1.7154 4.7702 -1.0919 1.7423 40.1800 -3.1835 0.0005
Car -1 -1 -6.3365 527.7564 178.1496 619.6752 206.8946 1.5397 1.6153 5.0087 -2.0829 1.8416 40.1078 -6.3886 0.0005
Cyclist -1 -1 -7.9289 987.6567 166.4936 1012.5205 214.8763 1.4655 0.5482 1.7225 12.2377 1.2725 22.7537 -7.4411 0.0004
Car -1 -1 -6.0336 260.2439 175.2857 350.6904 205.1088 1.5203 1.4242 4.1608 -15.9957 1.6514 37.9565 -6.4302 0.0004
Car -1 -1 -6.1934 510.3265 177.9302 587.7208 206.5400 1.5202 1.7152 4.0871 -3.3322 1.8040 39.5172 -6.2775 0.0003
Cyclist -1 -1 -7.8800 986.6039 164.1917 1009.3097 214.1058 1.5181 0.5717 1.8409 12.2482 1.2544 22.8972 -7.3944 0.0002
Cyclist -1 -1 -7.0548 1045.0459 154.9431 1100.5079 202.5717 1.5198 0.5974 1.5446 15.0040 0.9480 23.4759 -6.4920 0.0001
