Car -1 -1 -7.1392 0.0000 200.7758 304.7779 369.0000 1.4835 1.5269 3.8675 -3.1298 1.6381 3.4250 -7.8332 0.9759
Car -1 -1 -4.5964 438.1471 175.5081 472.7007 199.3248 1.4733 1.7144 4.1478 -9.6584 1.1646 45.8785 -4.8008 0.8717
Car -1 -1 -7.1383 0.0000 194.7332 304.8351 369.0000 1.5304 1.6423 4.1220 -3.1720 1.6394 3.3307 -7.8515 0.8619
Cyclist -1 -1 -7.9727 995.9623 151.5689 1020.6496 221.2319 1.7160 0.3463 1.6450 10.3502 1.0036 18.2425 -7.4623 0.7883
Car -1 -1 -4.5368 437.9982 174.7276 476.3090 198.8136 1.4949 1.7056 4.3060 -9.5769 1.1367 46.0583 -4.7387 0.6938
Car -1 -1 -4.5343 439.3861 175.3660 476.2547 199.1982 1.4759 1.6556 3.9408 -9.4821 1.1580 45.7760 -4.7355 0.6653
Car -1 -1 -4.6692 439.0733 175.1240 468.3351 199.0434 1.4820 1.6689 4.3017 -9.8156 1.1490 46.0666 -4.8760 0.6652
Car -1 -1 -4.0058 0.0000 201.3136 299.6249 369.0000 1.4810 1.6481 4.2764 -3.1322 1.6382 3.1680 -4.7353 0.6483
Cyclist -1 -1 -7.9495 996.6268 151.4886 1020.7305 220.0822 1.7006 0.3738 1.6440 10.4257 0.9817 18.3570 -7.4387 0.5824
Car -1 -1 -4.6494 436.4829 175.2851 467.5028 199.7647 1.5018 1.7015 3.7833 -9.7806 1.1820 45.3720 -4.8586 0.5641
Car -1 -1 -4.6016 437.2516 175.2007 470.2332 200.2863 1.5335 1.6599 3.6066 -9.6097 1.2096 45.0961 -4.8084 0.5241
Cyclist -1 -1 -8.0197 990.4564 150.7134 1020.3815 220.6159 1.7323 0.3870 1.7004 10.3543 0.9945 18.3878 -7.5125 0.4919
Car -1 -1 -4.5020 440.0796 174.8938 478.4862 198.8851 1.4748 1.6607 3.7319 -9.2994 1.1303 45.3391 -4.7012 0.4517
Cyclist -1 -1 -5.2982 875.0749 153.4744 909.6793 193.5464 1.8359 0.5597 1.8835 13.5216 0.5979 33.3727 -4.9148 0.4451
Car -1 -1 -4.7290 438.2564 175.6493 465.9402 199.6451 1.4789 1.6755 4.1736 -9.9384 1.1800 45.7974 -4.9396 0.4393
Pedestrian -1 -1 -5.8281 507.9642 165.9216 520.4191 187.8320 1.8724 0.6032 0.8885 -7.7999 0.6265 60.8527 -5.9532 0.3513
Cyclist -1 -1 -7.9476 999.9203 151.9288 1023.3220 222.0467 1.7073 0.3559 1.5849 10.3040 1.0119 18.0118 -7.4338 0.3281
Cyclist -1 -1 -7.9148 1000.9522 152.6386 1021.3928 221.5329 1.7000 0.3455 1.6164 10.4306 1.0128 18.2488 -7.4012 0.3166
Car -1 -1 -4.0860 428.0796 173.8643 467.3875 189.7377 1.4730 1.6018 4.0542 -15.0126 0.8571 67.7918 -4.3013 0.2654
Car -1 -1 -4.1385 427.3828 174.4026 463.3964 190.1924 1.4616 1.5265 3.8078 -15.1761 0.8971 67.5009 -4.3570 0.2441
Cyclist -1 -1 -5.1814 879.8931 154.3482 910.5829 194.2111 1.8273 0.5517 1.8620 13.6538 0.6287 33.3619 -4.7945 0.2350
Pedestrian -1 -1 -6.0440 509.3371 165.0328 521.3730 187.2225 1.8990 0.5876 0.9142 -7.6993 0.5753 60.8555 -6.1674 0.2209
Cyclist -1 -1 -5.4178 871.7222 152.6360 910.3600 193.3925 1.8614 0.6018 1.8865 13.4209 0.5890 33.2815 -5.0361 0.2178
Car -1 -1 -4.1740 427.4842 174.1543 463.5121 189.8750 1.4623 1.5567 3.9649 -15.2509 0.8719 67.8942 -4.3923 0.2171
Car -1 -1 -4.2103 424.8569 175.4556 459.1015 191.3525 1.4699 1.5299 3.8141 -15.4826 1.0033 67.4201 -4.4333 0.2144
Pedestrian -1 -1 -5.8778 509.3956 166.8726 521.7575 188.2645 1.8203 0.6215 0.8767 -7.6469 0.6606 60.5852 -6.0009 0.2137
Car -1 -1 -4.2580 426.3860 174.5922 459.8581 190.3019 1.4632 1.5553 3.9467 -15.4934 0.9128 67.9549 -4.4794 0.2106
Cyclist -1 -1 -6.1779 864.3733 153.7408 908.7766 193.4693 1.8242 0.5692 1.8854 13.1763 0.5957 33.1554 -5.8011 0.1772
Pedestrian -1 -1 -5.1657 879.1891 152.7640 899.2173 193.6821 1.9273 0.6114 0.7638 13.5226 0.6211 33.7066 -4.7857 0.1628
Pedestrian -1 -1 -6.0672 0.0000 187.2643 14.7556 222.6619 1.8051 0.6568 0.7778 -31.2454 2.1609 36.7078 -6.7666 0.1617
Pedestrian -1 -1 -5.5500 508.2984 166.2145 519.9691 187.8891 1.8565 0.6107 0.7952 -7.8296 0.6328 61.0386 -5.6751 0.1590
Car -1 -1 -4.8152 431.5382 176.1750 464.5924 200.1740 1.4627 1.6620 4.0770 -10.0974 1.1992 45.2897 -5.0313 0.1545
Car -1 -1 -4.3784 426.9796 174.8864 471.5906 200.3244 1.5279 1.5434 3.8874 -9.7472 1.1908 44.4903 -4.5909 0.1505
Pedestrian -1 -1 -5.1106 883.2067 153.0033 905.1024 192.9322 1.8614 0.6376 0.9497 13.6468 0.5797 33.4395 -4.7246 0.1408
Cyclist -1 -1 -5.1992 876.0862 154.1576 907.9653 194.3832 1.8312 0.6078 1.7971 13.4010 0.6322 33.1130 -4.8162 0.1297
Pedestrian -1 -1 -5.7115 509.8837 165.8244 521.9209 187.6724 1.8709 0.6146 0.8299 -7.6717 0.6141 61.0022 -5.8342 0.1166
Pedestrian -1 -1 -5.0221 880.7494 151.6832 900.9802 193.0473 1.9301 0.6619 0.8337 13.4891 0.5857 33.4318 -4.6401 0.1129
Cyclist -1 -1 -5.1578 882.8369 155.4871 912.9152 194.8656 1.7961 0.5645 1.8308 13.7030 0.6554 33.1795 -4.7677 0.0948
Car -1 -1 -4.4980 427.0645 174.2293 452.9791 190.0266 1.4773 1.5662 4.2162 -15.8591 0.8908 68.2366 -4.7237 0.0832
Car -1 -1 -3.9764 427.9787 174.1058 468.9160 190.1687 1.4845 1.5885 3.9203 -14.8717 0.8934 67.4400 -4.1907 0.0794
Car -1 -1 -4.3655 424.7509 174.5258 454.9207 190.3642 1.4756 1.5539 3.9856 -15.8084 0.9189 67.9470 -4.5913 0.0749
Pedestrian -1 -1 -5.0451 880.8325 151.7184 902.3811 193.8491 1.9478 0.6744 0.9079 13.4125 0.6174 33.1593 -4.6623 0.0651
Car -1 -1 -4.4672 510.8033 171.7560 542.3495 190.7553 1.4937 1.6342 3.9793 -6.3451 0.8063 57.6721 -4.5745 0.0645
Car -1 -1 -4.3421 511.9834 171.7936 549.0054 190.7659 1.4863 1.6260 4.0796 -6.0110 0.8042 57.5744 -4.4438 0.0636
Car -1 -1 -4.3032 421.0866 175.8516 455.7138 192.0590 1.4898 1.6365 4.2639 -15.7722 1.0624 67.2358 -4.5309 0.0602
Cyclist -1 -1 -2.5346 0.0000 181.5694 11.4940 218.1433 1.8730 0.6840 1.8132 -32.0285 1.9293 36.6697 -3.2466 0.0497
Car -1 -1 -4.7167 511.9477 171.5380 532.6750 190.6184 1.5018 1.6234 3.9257 -6.7419 0.7964 57.6958 -4.8306 0.0471
Pedestrian -1 -1 -5.0388 887.7816 153.2900 907.5250 193.3524 1.8513 0.6007 0.8835 13.6860 0.5941 33.1333 -4.6487 0.0402
Cyclist -1 -1 -6.2749 868.2909 152.9778 913.4004 193.1768 1.8496 0.5975 1.9453 13.3815 0.5835 33.1785 -5.8931 0.0346
Car -1 -1 -4.2276 417.9203 177.7422 457.4647 195.1350 1.5711 1.6585 4.5774 -15.6087 1.3218 66.2904 -4.4562 0.0219
Cyclist -1 -1 -6.8467 779.7283 161.9552 811.7194 192.4258 1.6786 0.6942 1.6034 10.6447 0.6571 39.5193 -6.5839 0.0213
Cyclist -1 -1 -7.8776 1009.3711 155.2534 1029.7042 221.4095 1.6104 0.3946 1.5953 10.5041 0.9962 18.0062 -7.3554 0.0194
Car -1 -1 -4.8473 501.2667 170.9751 527.2930 190.5159 1.5368 1.5874 4.0048 -7.4307 0.7877 57.7450 -4.9728 0.0189
Car -1 -1 -4.8929 503.6917 171.4346 531.9388 190.6323 1.5057 1.6024 3.9531 -7.1228 0.7946 57.5789 -5.0136 0.0187
Cyclist -1 -1 -7.3488 982.3835 150.2298 1033.5103 221.2481 1.7673 0.3624 1.7286 10.3443 1.0143 18.2041 -6.8378 0.0170
Car -1 -1 -7.9384 272.8635 179.8679 362.8493 258.7530 1.5869 1.6028 3.9509 -6.7717 1.5745 16.3477 -8.3226 0.0134
Car -1 -1 -4.4747 422.7232 178.4849 449.9865 195.3401 1.5117 1.5145 4.1481 -15.5610 1.3309 65.4927 -4.7053 0.0112
Car -1 -1 -4.6602 84.3075 180.8324 118.3083 205.2019 1.5870 1.6562 4.2472 -34.3869 1.6108 48.3429 -5.2737 0.0105
Pedestrian -1 -1 -4.7328 1049.2336 161.7900 1074.7784 223.3651 1.5105 0.5222 0.4836 11.3840 1.0518 17.6867 -4.1674 0.0105
Cyclist -1 -1 -4.9452 1039.4379 162.5979 1079.6106 222.6411 1.4476 0.5201 1.4399 11.3868 1.0163 17.8116 -4.3827 0.0086
Pedestrian -1 -1 -7.7113 985.8282 151.0523 1004.1469 192.6781 1.9655 0.6890 0.6123 18.6432 0.5752 33.8370 -7.2100 0.0072
Cyclist -1 -1 -8.5099 756.8578 163.8903 784.5737 194.3797 1.6897 0.6964 1.5985 9.3641 0.7693 40.0562 -8.2803 0.0070
Car -1 -1 -4.3262 416.1790 178.8672 448.4663 195.6622 1.5056 1.4712 4.0792 -15.9354 1.3591 65.5114 -4.5621 0.0069
Cyclist -1 -1 -8.1548 1023.0174 156.6449 1066.5862 222.4302 1.5852 0.4869 1.5356 11.0313 1.0107 17.8411 -7.6072 0.0065
Pedestrian -1 -1 -4.5740 1054.6799 163.1207 1080.7208 223.6273 1.4680 0.4817 0.4735 11.4048 1.0467 17.4911 -4.0028 0.0064
Car -1 -1 -4.4203 82.6678 181.6883 130.7042 204.8890 1.5086 1.5442 4.1466 -34.0454 1.5937 48.4103 -5.0285 0.0061
Car -1 -1 -4.4145 84.5273 181.1073 127.5262 204.6482 1.5343 1.3734 3.6290 -33.9014 1.5773 48.1189 -5.0235 0.0057
Pedestrian -1 -1 -7.6998 278.0756 165.9366 316.9824 250.7163 1.6982 0.6530 0.5488 -6.3459 1.4069 14.5093 -8.1022 0.0057
Car -1 -1 -5.2315 509.1853 171.7710 544.7100 188.5032 1.6289 1.7513 4.0881 -7.8389 0.7789 70.9993 -5.3392 0.0055
Pedestrian -1 -1 -7.6929 987.3034 153.2860 1006.9526 195.2177 1.9683 0.7414 0.5402 18.6304 0.6910 33.6310 -7.1893 0.0055
Pedestrian -1 -1 -7.6856 274.2852 168.4415 312.8091 249.7660 1.6328 0.6399 0.5454 -6.4399 1.3911 14.5366 -8.0927 0.0055
Cyclist -1 -1 -8.1066 1065.9075 159.5013 1112.7944 227.0920 1.5813 0.5687 1.5387 11.8241 1.0904 17.3620 -7.5156 0.0052
Car -1 -1 -4.5201 522.2159 173.2953 545.2368 188.1871 1.4633 1.5903 3.9217 -7.1489 0.7552 71.5016 -4.6176 0.0050
Car -1 -1 -4.9683 516.4822 171.4935 544.5104 188.3281 1.6422 1.7531 4.4258 -7.5257 0.7635 71.3540 -5.0712 0.0049
Car -1 -1 -5.1765 506.1593 172.1991 538.1049 187.4587 1.4879 1.6548 3.8183 -8.3191 0.6784 70.9947 -5.2909 0.0048
Car -1 -1 -4.3443 86.1151 181.8221 136.2638 204.9620 1.5099 1.4633 4.0032 -33.7943 1.6045 48.4924 -4.9482 0.0048
Car -1 -1 -4.2089 89.0529 181.1613 145.7741 203.6856 1.4808 1.4690 3.9677 -33.4668 1.5282 48.6469 -4.8068 0.0046
Car -1 -1 -3.9070 95.0184 180.2987 167.3047 203.4251 1.5133 1.6345 4.1289 -32.3849 1.5002 48.4612 -4.4915 0.0043
Car -1 -1 -4.3351 523.5609 171.3034 552.9023 186.9009 1.5279 1.6803 3.7426 -6.6722 0.6269 71.2933 -4.4262 0.0031
Pedestrian -1 -1 -4.0993 38.2999 206.2654 59.9714 247.4407 1.1574 0.3963 0.2837 -15.9277 1.8998 20.2137 -4.7575 0.0029
Car -1 -1 -4.0791 92.7999 180.1234 157.4196 204.0653 1.5760 1.6057 4.0045 -32.8824 1.5513 48.5775 -4.6695 0.0028
Pedestrian -1 -1 -4.1741 24.2021 205.2422 49.9073 248.7944 1.2135 0.4385 0.3797 -16.2309 1.9269 20.1633 -4.8426 0.0023
Pedestrian -1 -1 -3.3178 725.7020 163.0242 734.1171 184.0639 1.6570 0.5805 0.5627 9.8951 0.2806 55.9755 -3.1420 0.0022
Cyclist -1 -1 -8.0395 1059.6313 161.9327 1097.2157 221.9996 1.4431 0.5310 1.3437 11.7966 0.9973 17.7090 -7.4584 0.0021
Cyclist -1 -1 -8.1487 1046.8959 159.9199 1093.4567 227.4751 1.5972 0.5304 1.5235 11.4597 1.1110 17.5224 -7.5762 0.0020
Cyclist -1 -1 -8.3506 1117.7645 150.9989 1186.5603 228.3263 1.5383 0.4511 1.5352 11.4143 0.9518 14.8582 -7.7041 0.0018
Cyclist -1 -1 -8.4598 1147.4686 152.8523 1206.3262 213.7077 1.5000 0.4374 1.4139 14.6070 0.8188 18.1469 -7.7889 0.0015
Cyclist -1 -1 -4.5416 278.1821 168.1315 320.2801 248.9228 1.5951 0.5508 1.4912 -6.4000 1.3513 14.7482 -4.9413 0.0014
Cyclist -1 -1 -7.8168 278.1227 171.9258 306.6354 249.0350 1.5038 0.4729 1.4572 -6.4655 1.3370 14.5541 -8.2249 0.0010
Pedestrian -1 -1 -3.8120 42.9866 200.5207 66.8581 247.4246 1.3287 0.4414 0.3468 -15.9389 1.9141 20.4407 -4.4653 0.0008
Cyclist -1 -1 -6.9303 34.7573 186.6796 105.2238 247.9464 1.7191 0.4706 1.7221 -15.8229 1.9099 20.9114 -7.5692 0.0006
Pedestrian -1 -1 -4.9408 1101.5594 161.8081 1133.6721 221.0210 1.2981 0.5089 0.3582 11.3782 0.8887 15.7632 -4.3233 0.0005
Pedestrian -1 -1 -3.9854 0.0000 200.3682 24.2393 251.3860 1.3126 0.4988 0.3531 -15.6459 1.8385 18.5204 -4.6768 0.0004
Pedestrian -1 -1 -3.7230 727.6143 163.6270 737.3757 183.6719 1.5765 0.5407 0.5543 10.0989 0.2494 55.9664 -3.5437 0.0004
Cyclist -1 -1 -5.0080 0.0000 181.9809 9.4023 252.8626 1.7915 0.5777 1.6153 -16.3668 1.8321 18.5738 -5.7203 0.0004
Pedestrian -1 -1 -4.2905 539.7859 170.9444 563.5864 226.3159 1.4013 0.4264 0.5439 -1.4119 1.1598 18.2214 -4.3645 0.0003
Pedestrian -1 -1 -6.6427 539.3800 170.0567 554.6209 197.1496 1.6090 0.5796 0.7559 -3.4899 0.9889 42.4137 -6.7224 0.0003
Pedestrian -1 -1 -4.1339 0.0000 199.4516 16.1646 254.1812 1.4087 0.5365 0.3771 -15.9317 1.9126 18.5698 -4.8330 0.0003
Pedestrian -1 -1 -5.2781 1099.2242 153.7428 1138.4749 215.8251 1.5067 0.6583 0.4190 12.5872 0.8576 17.3864 -4.6584 0.0003
Pedestrian -1 -1 -6.2781 539.7507 168.4269 553.6367 196.0581 1.6531 0.5503 0.8286 -3.5209 0.9309 42.6056 -6.3582 0.0001
