Car -1 -1 -4.3141 239.4554 188.8463 355.4470 250.8517 1.4894 1.6107 3.8030 -8.6537 1.9793 20.2158 -4.7143 0.9988
Car -1 -1 -7.8587 599.0726 175.6483 627.2663 203.4026 1.6289 1.6721 4.4076 0.1477 1.8114 44.9960 -7.8559 0.9243
Car -1 -1 -4.3139 237.5348 188.8533 354.9796 250.7315 1.4821 1.6107 3.9002 -8.6935 1.9740 20.2439 -4.7152 0.8493
Car -1 -1 -7.8753 598.1165 175.0901 626.1690 203.0892 1.6475 1.6448 4.4907 0.0559 1.7939 45.0790 -7.8745 0.8184
Car -1 -1 -7.8466 599.9703 175.6569 628.0318 202.8523 1.5948 1.6641 4.5074 0.2279 1.7782 45.0421 -7.8421 0.7053
Car -1 -1 -7.1662 705.3616 176.8830 796.8070 213.2323 1.4130 1.6090 4.0001 5.9353 1.5928 30.3644 -6.9755 0.5050
Car -1 -1 -6.8937 705.4374 176.7680 810.7181 213.6738 1.4334 1.6048 4.0997 6.1006 1.6038 29.9102 -6.6950 0.4724
Car -1 -1 -7.0442 707.0754 177.2393 805.2984 213.7957 1.4136 1.6080 4.0170 6.0763 1.6067 30.0747 -6.8473 0.4383
Car -1 -1 -7.3233 703.6134 176.6655 786.6333 213.2978 1.4263 1.6281 4.0751 5.7446 1.5986 30.5979 -7.1400 0.4352
Car -1 -1 -6.3464 709.2653 176.8261 818.7687 213.6031 1.4384 1.6249 4.2783 6.1849 1.6069 29.5620 -6.1427 0.4239
Car -1 -1 -7.6092 394.5137 184.3400 463.9550 227.3314 1.4080 1.6164 3.6881 -6.5872 1.8583 26.4635 -7.8513 0.3906
Car -1 -1 -6.0323 706.4895 176.2264 822.4439 214.7614 1.4494 1.6298 4.3076 6.1708 1.5930 29.1146 -5.8260 0.2719
Car -1 -1 -7.5581 365.1685 182.7410 447.9339 232.7568 1.4909 1.5886 3.9373 -6.7826 1.8506 24.2830 -7.8282 0.2668
Car -1 -1 -6.8303 705.9005 178.5531 807.3320 214.6566 1.3919 1.5938 3.8171 5.9772 1.6370 29.6642 -6.6339 0.2472
Car -1 -1 -7.3239 706.9636 177.8903 790.2191 214.6572 1.3979 1.6439 3.9331 5.7747 1.6212 30.0098 -7.1362 0.2022
Cyclist -1 -1 -8.0274 768.2069 170.8052 780.2592 201.9836 1.6758 0.3676 1.6058 8.9670 1.5654 39.5919 -7.8067 0.1791
Car -1 -1 -5.9822 704.9114 178.5275 811.7399 215.3727 1.3778 1.5487 3.9400 5.9190 1.6191 29.1041 -5.7841 0.1469
Car -1 -1 -7.6980 715.9209 180.0094 766.9066 216.1576 1.3704 1.5732 3.4796 5.4705 1.6865 30.0080 -7.5200 0.1279
Car -1 -1 -7.6363 708.1401 179.4789 762.6237 215.4254 1.3729 1.5465 3.4212 5.2398 1.6664 30.1248 -7.4663 0.1269
Car -1 -1 -5.8282 705.2188 176.6727 824.3252 215.5897 1.4250 1.6214 4.3759 6.0732 1.5875 28.7905 -5.6229 0.1027
Car -1 -1 -4.4434 373.3637 182.6254 454.5338 231.5347 1.4602 1.6081 4.0851 -6.5653 1.8183 24.4103 -4.7040 0.0926
Pedestrian -1 -1 -6.3269 869.9156 159.2817 901.2919 214.4334 1.8195 0.6199 0.9545 9.2044 1.3714 24.2465 -5.9686 0.0925
Car -1 -1 -9.3092 1168.4321 146.4670 1241.0000 183.4959 1.8520 1.7512 4.2052 32.3385 0.5320 38.2180 -8.6107 0.0885
Cyclist -1 -1 -7.9658 765.6666 171.3307 775.1986 202.0380 1.6488 0.3274 1.6038 8.7520 1.5667 39.5570 -7.7501 0.0841
Pedestrian -1 -1 -6.1059 872.3212 157.8390 905.5596 213.8191 1.8395 0.6383 0.9461 9.3190 1.3458 24.2261 -5.7432 0.0819
Car -1 -1 -5.6760 704.5806 174.7976 824.9562 215.2149 1.4596 1.6363 4.5048 5.9715 1.5419 28.4645 -5.4719 0.0716
Car -1 -1 -5.5432 998.8551 158.0438 1065.7649 189.3286 1.9919 1.7947 3.5440 27.9362 1.0486 47.8991 -5.0181 0.0662
Car -1 -1 -9.0546 1010.8165 154.9263 1092.0645 185.5686 1.8995 1.7328 4.1597 28.6004 0.7879 46.9055 -8.5099 0.0615
Car -1 -1 -7.7170 430.9299 182.8824 481.6794 219.0709 1.4443 1.6507 4.1619 -6.8080 1.9200 32.1132 -7.9248 0.0560
Car -1 -1 -4.9684 703.1538 179.3777 764.7659 217.3375 1.4303 1.5418 3.9644 5.0176 1.7191 29.9347 -4.8045 0.0518
Cyclist -1 -1 -7.9804 765.7160 171.0148 776.5155 202.3843 1.6740 0.3713 1.5881 8.7337 1.5755 39.3109 -7.7638 0.0506
Car -1 -1 -8.8952 1004.6915 154.8965 1079.4996 187.6735 2.0575 1.8195 3.8173 28.2902 0.9299 47.4024 -8.3600 0.0448
Car -1 -1 -4.1222 46.4977 191.9651 196.7191 243.2375 1.3893 1.7366 4.6820 -15.8103 2.0775 23.6464 -4.7066 0.0438
Car -1 -1 -8.7562 1005.9771 155.3816 1079.8588 188.5609 2.0684 1.8006 3.8396 28.1478 0.9788 47.0946 -8.2204 0.0339
Car -1 -1 -4.4369 729.9319 177.1349 793.1429 212.3392 1.3373 1.5957 3.8354 6.3114 1.5272 29.9823 -4.2319 0.0307
Car -1 -1 -5.3876 702.3391 179.5377 792.5334 217.7505 1.3784 1.5296 3.7093 5.3467 1.6627 28.7215 -5.2060 0.0300
Car -1 -1 -5.5902 706.3192 177.5727 810.0941 215.1073 1.3731 1.6083 3.9540 5.8283 1.5755 28.9517 -5.3940 0.0300
Pedestrian -1 -1 -8.2432 863.9636 167.1194 882.5987 206.4505 1.7703 0.6308 0.5529 11.9106 1.5119 32.7665 -7.8979 0.0282
Pedestrian -1 -1 -8.2388 789.0184 166.8774 806.1263 200.7192 1.8352 0.7129 0.6506 10.2269 1.5108 39.4988 -7.9876 0.0278
Car -1 -1 -7.6407 432.8507 183.5374 487.4765 219.1748 1.4271 1.5957 3.7975 -6.6048 1.9280 31.9448 -7.8434 0.0266
Pedestrian -1 -1 -8.9456 863.0860 162.1950 895.1968 216.4658 1.8028 0.6004 0.8393 9.0819 1.4484 24.4806 -8.5948 0.0254
Car -1 -1 -3.9648 0.0000 190.0004 73.8795 262.3564 1.4922 1.6428 4.1196 -15.7903 1.9682 17.9552 -4.6789 0.0254
Car -1 -1 -6.9186 0.0000 188.5408 68.1009 263.4879 1.5456 1.6844 4.0862 -16.1604 1.9831 17.9641 -7.6438 0.0215
Pedestrian -1 -1 -8.1445 1224.5785 159.0131 1241.0000 195.4709 1.7527 0.6304 0.5900 30.3507 1.0870 35.0854 -7.4357 0.0214
Car -1 -1 -4.1426 0.0000 191.0303 68.5145 265.0372 1.4921 1.6442 4.1978 -15.5866 1.9960 17.8191 -4.8540 0.0208
Cyclist -1 -1 -8.0156 763.8570 171.6822 775.1453 202.2250 1.6480 0.3425 1.6377 8.7448 1.5845 39.7597 -7.8012 0.0193
Car -1 -1 -8.3050 1062.5857 151.6609 1113.2745 174.6337 1.6898 1.6582 3.9567 36.4239 0.1306 55.1424 -7.7237 0.0187
Car -1 -1 -4.0845 0.0000 184.6811 63.2270 261.4585 1.5638 1.7633 4.4743 -15.8925 1.8918 17.7194 -4.8082 0.0173
Car -1 -1 -8.2443 1065.7874 150.6801 1115.4498 174.2088 1.7274 1.6828 4.1805 36.6548 0.0992 55.1858 -7.6605 0.0170
Car -1 -1 -5.5870 704.9190 179.6409 803.8076 217.3670 1.3641 1.5057 3.7597 5.6339 1.6521 28.7179 -5.3958 0.0150
Car -1 -1 -4.7274 140.3334 178.1222 164.1007 197.6678 1.6888 1.7702 4.0069 -41.7049 2.1837 65.6678 -5.2915 0.0125
Car -1 -1 -5.4209 706.1440 177.1287 808.3240 217.5423 1.4306 1.5743 4.1490 5.6088 1.6104 28.1989 -5.2271 0.0100
Cyclist -1 -1 -5.5434 867.1099 160.2606 918.9174 215.0334 1.7655 0.5850 1.6418 9.3925 1.3593 24.1220 -5.1766 0.0096
Car -1 -1 -4.1469 0.0000 193.0055 79.2417 263.8793 1.4694 1.6461 4.0981 -15.6400 2.0404 18.3173 -4.8465 0.0089
Car -1 -1 -5.5209 706.7974 178.3284 807.0296 217.3425 1.3985 1.5218 3.8865 5.6700 1.6295 28.4590 -5.3268 0.0066
Car -1 -1 -4.4604 105.7473 189.9647 141.0701 209.7373 1.3810 1.4719 3.2616 -37.2524 2.7334 55.2619 -5.0515 0.0061
Car -1 -1 -4.2431 0.0000 188.9300 69.9166 267.1895 1.5843 1.6467 4.3054 -15.4052 2.0322 17.8317 -4.9484 0.0050
Car -1 -1 -4.4221 96.6374 188.8581 136.6854 209.5797 1.4435 1.5991 3.4434 -37.6195 2.7061 55.0556 -5.0195 0.0050
Car -1 -1 -4.6809 135.2893 184.4710 166.4894 211.3401 1.8304 1.8063 4.7832 -34.2390 2.7376 53.8496 -5.2452 0.0049
Car -1 -1 -4.1907 452.7019 179.8679 506.0714 203.3063 1.4366 1.6299 4.1405 -8.6204 1.9224 47.7807 -4.3686 0.0048
Cyclist -1 -1 -7.4105 48.9777 184.8492 96.5224 247.7742 1.6677 0.4049 1.6314 -15.1241 2.0185 20.2823 -8.0451 0.0043
Car -1 -1 -4.3856 453.4554 178.9921 508.3250 206.5651 1.4730 1.7580 4.6009 -7.4748 1.8507 42.0245 -4.5610 0.0040
Car -1 -1 -4.4527 101.9757 189.1679 142.1880 209.0927 1.3837 1.6566 3.7131 -37.4685 2.6829 55.4503 -5.0449 0.0039
Car -1 -1 -7.7550 463.6819 180.1421 499.8392 208.4186 1.5057 1.6386 4.3497 -7.4101 1.9501 41.8011 -7.9298 0.0038
Car -1 -1 -4.4307 106.6852 189.5725 146.9108 209.4653 1.3878 1.6362 3.5911 -37.1992 2.7208 55.5868 -5.0185 0.0037
Pedestrian -1 -1 -4.4677 1162.5713 163.5208 1196.4647 227.6999 1.5787 0.5272 0.6753 14.2869 1.3488 18.1651 -3.8095 0.0036
Car -1 -1 -4.3020 108.0354 190.6118 153.1472 210.0611 1.3585 1.5969 3.6019 -37.0434 2.7785 55.8001 -4.8860 0.0033
Pedestrian -1 -1 -3.9345 1165.3152 164.1782 1211.4956 227.1977 1.5361 0.5379 0.7297 14.2917 1.3244 17.9011 -3.2691 0.0033
Car -1 -1 -4.4983 25.4396 188.7596 68.5317 210.8310 1.4630 1.6819 4.0011 -41.4142 2.6815 53.1197 -5.1582 0.0030
Car -1 -1 -4.4856 14.5072 188.6914 59.3481 211.3864 1.4818 1.6825 3.9931 -41.4992 2.6769 52.2970 -5.1540 0.0030
Car -1 -1 -4.4661 0.0000 186.3093 28.0912 210.2789 1.4911 1.6578 3.9443 -41.4984 2.4522 49.4190 -5.1621 0.0030
Car -1 -1 -4.4868 19.8038 188.5901 63.9151 211.0824 1.4805 1.6738 3.9847 -41.4398 2.6761 52.6743 -5.1511 0.0030
Car -1 -1 -5.7008 483.2883 177.5241 567.4614 207.5924 1.3989 1.6604 3.8546 -4.2313 1.6398 35.6728 -5.8184 0.0029
Car -1 -1 -4.3980 101.0724 190.1774 141.3837 211.0859 1.4364 1.5146 3.4913 -36.9505 2.7919 54.5825 -4.9911 0.0027
Car -1 -1 -4.3667 94.0507 188.8287 138.5302 210.4763 1.4656 1.5706 3.6958 -36.7573 2.6996 53.7659 -4.9643 0.0024
Car -1 -1 -4.1295 439.7077 179.0562 509.7712 206.7841 1.4749 1.7725 4.5762 -7.8113 1.8561 41.9307 -4.3129 0.0024
Car -1 -1 -5.3114 706.3383 177.8232 800.8937 217.1541 1.3806 1.5419 4.1028 5.4388 1.5887 28.0693 -5.1225 0.0019
Car -1 -1 -4.6881 160.5434 177.7239 181.8357 194.6373 1.5146 1.6149 3.7495 -41.2310 1.9857 67.8113 -5.2328 0.0018
Car -1 -1 -4.6413 165.1636 176.7661 187.1410 193.0372 1.4650 1.5475 3.0240 -40.5685 1.8397 67.4781 -5.1810 0.0018
Car -1 -1 -4.6660 471.7309 179.9357 503.8702 205.0341 1.3535 1.6710 3.7636 -7.1044 1.7847 41.9919 -4.8330 0.0018
Pedestrian -1 -1 -3.5503 238.5365 175.8199 256.3847 223.9779 2.1287 0.6327 0.5057 -16.2916 2.2629 32.3393 -4.0140 0.0017
Car -1 -1 -4.9037 145.9984 176.8884 174.0731 193.8150 1.5030 1.6029 3.3152 -41.6102 1.8853 66.6685 -5.4601 0.0016
Car -1 -1 -7.7613 453.3558 180.8136 492.1174 214.1054 1.5582 1.5817 3.9275 -6.9803 1.9859 36.7704 -7.9481 0.0015
Cyclist -1 -1 -7.4296 45.4950 188.9366 91.3645 246.2859 1.4979 0.4157 1.5470 -15.1073 1.9634 20.0950 -8.0681 0.0014
Car -1 -1 -7.8766 480.1448 180.3804 508.6388 205.7655 1.3759 1.5567 3.5093 -6.8105 1.8341 42.0831 -8.0364 0.0013
Car -1 -1 -4.8699 152.4668 176.5265 179.1776 193.2629 1.4972 1.6167 3.3289 -41.3551 1.8476 67.1220 -5.4205 0.0012
Car -1 -1 -8.2887 477.0770 180.0022 526.8287 208.3381 1.5371 1.4937 3.5732 -6.3632 1.9717 42.0011 -8.4386 0.0012
Car -1 -1 -4.7549 158.4419 177.3105 180.2729 194.0372 1.4954 1.5957 3.5321 -41.2212 1.9235 67.4386 -5.3020 0.0011
Car -1 -1 -1.9002 137.8942 175.6717 175.7026 194.4751 1.6583 1.7523 3.9574 -41.5795 1.9239 66.1400 -2.4598 0.0011
Car -1 -1 -7.7098 455.1615 180.6232 499.2612 213.2892 1.5508 1.6891 3.9034 -6.8210 1.9721 37.1781 -7.8905 0.0011
Pedestrian -1 -1 -6.3127 170.9984 176.7028 178.8166 194.4435 1.5996 0.6750 0.5907 -39.6356 1.9520 65.6922 -6.8539 0.0008
Cyclist -1 -1 -6.2229 862.4881 158.9113 919.4265 214.8846 1.8278 0.7231 1.7468 9.3945 1.3722 24.2511 -5.8579 0.0006
Car -1 -1 -8.0203 461.6157 180.2212 508.4080 213.2327 1.5610 1.7115 4.1805 -6.5694 1.9654 37.3812 -8.1935 0.0006
Car -1 -1 -7.4883 151.2452 175.4501 188.3536 191.5688 1.4326 1.7878 3.5020 -40.6154 1.6787 66.6174 -8.0342 0.0006
Car -1 -1 -7.7409 160.3006 175.3662 185.7807 192.2462 1.5135 1.6431 3.4883 -40.6807 1.7539 67.1961 -8.2837 0.0004
Cyclist -1 -1 -7.9820 479.9383 176.3335 495.2196 213.7241 1.8284 0.5354 1.7764 -6.2210 2.0080 36.3825 -8.1506 0.0004
Cyclist -1 -1 -8.8573 1214.5327 158.5434 1241.0000 194.0849 1.6849 0.6921 1.5111 30.3810 1.0062 35.0299 -8.1472 0.0003
Cyclist -1 -1 -7.9273 479.4827 176.6752 492.7695 211.9081 1.7160 0.5417 1.5571 -6.2513 1.9115 36.1420 -8.0979 0.0002
Cyclist -1 -1 -7.8376 490.7921 177.6611 499.5146 208.3308 1.5053 0.4132 1.3161 -5.8151 1.7515 36.3084 -7.9957 0.0002
Cyclist -1 -1 -7.8468 490.3713 179.6147 499.9259 213.7557 1.6642 0.4642 1.3881 -5.7940 2.0096 36.1773 -8.0050 0.0001
