Car -1 -1 -6.6645 953.9494 178.5983 1241.0000 281.0137 1.5159 1.7224 4.3439 8.2834 1.6223 12.1129 -6.0767 0.9999
Car -1 -1 -5.5984 62.9371 182.1206 297.1341 259.1089 1.4950 1.6794 4.2051 -9.1755 1.7080 15.4462 -6.1272 0.9997
Car -1 -1 -6.6796 951.3426 176.6220 1241.0000 278.5464 1.5290 1.6388 4.3078 8.2134 1.5982 12.1190 -6.0959 0.8545
Car -1 -1 -5.5598 75.9508 183.2655 299.7877 261.1765 1.4976 1.7058 4.0242 -9.0184 1.7380 15.4394 -6.0813 0.7398
Car -1 -1 -7.7889 102.9973 175.3509 172.7637 228.0701 1.5775 1.6556 4.0600 -15.6286 1.6677 23.9732 -8.3618 0.1820
Car -1 -1 -7.9742 94.9793 174.5071 175.2434 226.3529 1.5534 1.7273 4.3229 -15.8840 1.6131 23.9690 -8.5545 0.1061
Car -1 -1 -5.6029 1123.0292 179.1310 1241.0000 374.0000 1.5328 1.5898 3.8087 3.9178 1.5722 2.6412 -4.6763 0.0847
Car -1 -1 -7.8308 107.0865 175.4338 168.2312 226.6438 1.5293 1.5721 3.6706 -15.4965 1.6209 23.7217 -8.4046 0.0837
Car -1 -1 -7.7962 108.5682 171.5174 178.0123 227.1746 1.6958 1.6893 4.3451 -15.6494 1.6548 24.2928 -8.3637 0.0751
Car -1 -1 -5.6828 1163.1609 178.8487 1241.0000 232.2283 1.5807 1.5979 3.7651 20.7292 1.7953 23.8462 -4.9738 0.0738
Car -1 -1 -8.7576 1151.5806 177.8977 1241.0000 230.3979 1.6033 1.6241 3.7095 20.6798 1.7874 24.3981 -8.0609 0.0684
Car -1 -1 -7.6169 104.4797 169.2535 198.7406 226.7781 1.7609 1.7076 4.2657 -15.3860 1.6503 24.3800 -8.1751 0.0668
Car -1 -1 -7.6831 102.3531 173.2833 186.6891 226.8856 1.6226 1.6731 4.0662 -15.4506 1.6379 24.0756 -8.2488 0.0619
Car -1 -1 -5.6868 1169.7887 181.1524 1241.0000 233.4162 1.5314 1.6042 3.8533 21.0234 1.8293 23.8658 -4.9712 0.0493
Car -1 -1 -6.6700 1159.5850 180.6203 1241.0000 228.2816 1.4919 1.5152 3.5829 20.8872 1.7667 24.2804 -5.9661 0.0395
Car -1 -1 -6.4981 1137.6979 178.5804 1241.0000 374.0000 1.5244 1.6112 4.0900 5.2059 1.5684 3.6415 -5.5756 0.0392
Car -1 -1 -7.4480 110.3876 168.6495 223.7732 224.4972 1.7362 1.6644 4.4534 -15.0582 1.6052 24.7507 -7.9900 0.0355
Car -1 -1 -5.8281 1068.5161 175.4605 1154.8616 205.7129 1.4898 1.5488 3.3638 26.1065 1.6324 37.6964 -5.2264 0.0347
Car -1 -1 -5.4382 1070.4670 175.5704 1147.6752 204.7483 1.4557 1.4707 3.3769 26.2250 1.6054 38.0937 -4.8392 0.0339
Car -1 -1 -6.3907 1167.7646 180.9224 1241.0000 231.0290 1.5135 1.4921 3.7341 20.9193 1.8004 24.0063 -5.6804 0.0297
Car -1 -1 -8.0920 1088.2367 174.6070 1143.2969 203.1516 1.4213 1.5674 3.5529 26.5959 1.5182 38.1033 -7.4865 0.0241
Car -1 -1 -5.7668 1062.9622 174.6810 1143.7533 204.7194 1.5044 1.4597 3.2194 25.9620 1.6051 38.1180 -5.1728 0.0235
Car -1 -1 -7.5381 99.6090 174.3746 197.1897 227.8725 1.6297 1.6844 3.6019 -15.2970 1.6842 24.0431 -8.0999 0.0167
Car -1 -1 -7.6516 135.9017 169.8791 219.2294 222.3936 1.6317 1.6081 4.1988 -14.7003 1.5390 24.6660 -8.1845 0.0154
Car -1 -1 -7.7455 784.7128 177.5606 823.3620 205.1755 1.3394 1.5765 3.5920 10.1157 1.5973 37.6231 -7.4852 0.0140
Car -1 -1 -7.5325 103.3454 169.4940 207.2850 225.8013 1.7276 1.7051 4.2026 -15.2486 1.6242 24.3791 -8.0867 0.0139
Car -1 -1 -7.3325 128.1190 170.3655 249.2224 222.2578 1.6313 1.6814 4.2480 -14.3548 1.5528 24.8076 -7.8526 0.0120
Car -1 -1 -7.6508 794.3457 175.5533 842.5377 204.3081 1.3962 1.6436 4.0305 10.8718 1.5447 37.6068 -7.3719 0.0106
Car -1 -1 -9.0556 1052.7799 175.4680 1140.9008 205.8985 1.5178 1.5781 3.5381 25.6860 1.6629 38.2160 -8.4678 0.0101
Car -1 -1 -2.3968 319.3104 175.8101 388.5307 201.8854 1.6098 1.7862 4.0776 -16.5492 1.8068 46.5371 -2.7370 0.0091
Car -1 -1 -5.4726 1062.3992 173.8542 1138.7100 203.6173 1.5056 1.4540 3.3279 25.9745 1.5609 38.3799 -4.8815 0.0090
Car -1 -1 -4.6525 357.3994 175.9875 389.2509 200.4570 1.4186 1.6282 3.9558 -14.5824 1.6207 44.4925 -4.9677 0.0090
Car -1 -1 -4.6055 805.9109 174.6117 845.1243 203.6464 1.4041 1.5395 3.9479 11.1338 1.4998 37.2683 -4.3177 0.0089
Car -1 -1 -2.1833 315.1389 177.5227 382.3672 202.8107 1.5423 1.8304 4.5291 -17.0086 1.8582 46.8124 -2.5303 0.0082
Car -1 -1 -6.7237 791.0104 176.8154 881.9843 207.1563 1.4682 1.6498 4.0511 11.3229 1.6733 36.3050 -6.4241 0.0082
Car -1 -1 -4.3534 356.3853 175.4681 402.0191 198.9069 1.4665 1.6799 3.6460 -15.1466 1.6448 47.4243 -4.6612 0.0077
Car -1 -1 -7.6801 787.8954 177.1119 832.4521 204.9520 1.3475 1.5864 4.0043 10.4734 1.5825 37.7293 -7.4118 0.0075
Pedestrian -1 -1 -6.3422 926.9858 169.1790 942.8330 202.3115 1.9397 0.7104 0.8119 19.1944 1.7243 42.7174 -5.9229 0.0074
Car -1 -1 -4.4155 344.2540 175.6248 392.4162 199.9702 1.4217 1.7332 3.9669 -14.9049 1.6004 44.5969 -4.7365 0.0073
Car -1 -1 -4.6360 354.4740 175.6939 384.2712 199.4927 1.4735 1.5932 3.1919 -15.6158 1.6644 46.8321 -4.9564 0.0072
Car -1 -1 -4.9325 359.3618 177.0804 402.0843 202.1143 1.4334 1.6121 4.2347 -14.1550 1.7057 44.3030 -5.2403 0.0071
Car -1 -1 -7.7589 136.0017 169.7579 207.1194 227.6992 1.7934 1.6558 4.2050 -14.8764 1.6973 24.5872 -8.2985 0.0070
Car -1 -1 -4.3808 788.8531 175.0290 839.9075 204.2284 1.4259 1.4478 3.6496 10.6024 1.5442 37.4333 -4.1072 0.0069
Car -1 -1 -8.3170 327.9988 175.2115 385.7197 202.4082 1.6764 1.8584 4.2172 -16.5485 1.8366 46.9821 -8.6541 0.0066
Car -1 -1 -6.5465 371.5840 178.2952 441.7643 202.9808 1.5414 1.6003 4.1834 -13.4241 1.9132 47.5862 -6.8204 0.0064
Car -1 -1 -7.6150 155.5390 170.2761 244.7234 221.4052 1.6055 1.7203 4.1364 -14.0423 1.5242 24.8793 -8.1245 0.0063
Car -1 -1 -2.1667 327.4796 176.2996 387.5746 202.2753 1.6007 1.8028 3.9051 -16.4461 1.8332 46.8528 -2.5028 0.0062
Car -1 -1 -7.8691 355.5257 176.3564 386.0038 201.3318 1.5396 1.8216 4.2201 -15.7816 1.7805 47.4129 -8.1891 0.0058
Car -1 -1 -8.8796 1051.4825 174.9503 1142.2462 205.4349 1.5237 1.6739 3.6573 25.7583 1.6407 38.3528 -8.2921 0.0058
Car -1 -1 -7.7905 155.4899 170.2906 221.2872 222.8479 1.6488 1.6779 4.0990 -14.4639 1.5681 24.8452 -8.3133 0.0057
Car -1 -1 -8.7923 937.9497 170.8440 1165.9526 247.8352 1.5966 1.8549 4.4081 10.3168 1.5546 17.3536 -8.2640 0.0056
Car -1 -1 -5.0599 359.9160 176.4534 411.3024 201.4413 1.4402 1.6637 4.2718 -13.8934 1.6725 44.4250 -5.3616 0.0056
Car -1 -1 -4.4974 786.8098 175.3456 828.8561 204.1196 1.4062 1.4141 3.4272 10.2578 1.5415 37.4288 -4.2323 0.0055
Car -1 -1 -6.1332 340.3201 176.1519 409.6046 198.1936 1.3786 1.7761 4.0426 -15.1864 1.5973 46.6948 -6.4463 0.0052
Car -1 -1 -2.9445 328.9147 176.8599 393.0545 198.5745 1.3462 1.7814 3.6082 -15.9516 1.6090 46.2670 -3.2750 0.0050
Car -1 -1 -6.4281 374.8607 178.3969 438.9325 202.4437 1.5031 1.5307 3.8606 -13.3356 1.8774 47.2707 -6.7019 0.0049
Car -1 -1 -8.2007 335.6572 175.7372 387.5967 202.5194 1.6527 1.9128 4.1621 -16.3257 1.8500 47.2235 -8.5322 0.0048
Car -1 -1 -6.2022 374.2593 178.5686 436.9412 202.0986 1.4739 1.5336 3.8046 -13.2594 1.8536 46.8591 -6.4768 0.0046
Car -1 -1 -2.1766 332.4875 176.2351 394.2776 201.7904 1.5832 1.7866 4.1331 -16.1746 1.8130 47.1613 -2.5055 0.0045
Car -1 -1 -6.9334 792.7773 176.2582 878.6926 205.3157 1.3993 1.6667 3.9561 11.3894 1.5784 36.5520 -6.6340 0.0045
Car -1 -1 -4.5573 350.9820 176.5241 385.4163 198.7298 1.3603 1.6410 3.0821 -15.5451 1.6045 46.4039 -4.8791 0.0045
Pedestrian -1 -1 -3.0040 377.3917 174.2009 385.4576 197.3113 1.8704 0.7939 0.5236 -18.6770 1.9808 58.8822 -3.3101 0.0045
Car -1 -1 -7.9818 347.5403 175.9645 385.1185 201.9117 1.6040 1.8434 3.9614 -16.0465 1.8170 47.3109 -8.3074 0.0044
Car -1 -1 -2.8619 323.2656 177.2449 392.5772 200.6674 1.4637 1.7589 3.8767 -16.2115 1.7520 46.4416 -3.1963 0.0044
Cyclist -1 -1 -2.2082 102.5867 170.8013 163.1591 226.3238 1.6997 0.6887 1.7489 -15.0669 1.6365 22.7133 -2.7887 0.0043
Car -1 -1 -7.9930 364.1278 176.5116 400.3745 201.5838 1.5643 1.7456 4.0624 -15.1800 1.8179 47.8718 -8.2987 0.0042
Car -1 -1 -8.0013 370.7762 176.5411 406.1875 200.0620 1.4698 1.6889 3.9105 -14.7678 1.7250 47.8829 -8.2992 0.0042
Car -1 -1 -8.2908 968.6436 169.8708 1126.1287 235.8413 1.4556 1.7348 4.1063 10.6544 1.3895 18.0425 -7.7649 0.0039
Car -1 -1 -4.6096 383.7478 177.6133 417.5144 202.3625 1.4812 1.6601 4.1024 -13.3835 1.7998 46.1805 -4.8905 0.0038
Car -1 -1 -7.7925 357.8158 176.8511 389.8891 201.3178 1.5165 1.7622 4.0483 -15.5679 1.7920 47.6139 -8.1072 0.0038
Car -1 -1 -7.9154 354.9634 177.1146 384.8282 199.1723 1.3668 1.6568 3.2845 -15.7819 1.6563 47.2507 -8.2363 0.0038
Car -1 -1 -3.0344 320.7711 177.1178 388.0902 201.6762 1.5096 1.7624 3.8876 -16.3051 1.7895 46.1092 -3.3728 0.0036
Car -1 -1 -4.6618 362.2798 178.0903 391.5288 201.2495 1.3661 1.5774 3.2043 -14.5709 1.7059 45.1064 -4.9728 0.0036
Car -1 -1 -5.1736 560.5812 171.7361 601.0536 192.2846 1.6091 1.6776 4.0003 -2.4366 1.5213 58.6594 -5.2152 0.0034
Pedestrian -1 -1 -5.1214 135.7217 176.4449 173.1483 234.6206 1.7746 0.7954 0.6589 -14.3059 1.8892 22.5873 -5.6809 0.0033
Car -1 -1 -7.6113 372.9806 175.7328 414.6787 201.1338 1.6000 1.7337 4.0335 -14.3450 1.7993 47.9696 -7.9007 0.0033
Car -1 -1 -3.2048 325.0257 176.7981 392.0468 200.2198 1.4197 1.8324 3.9175 -16.0280 1.6790 45.8805 -3.5394 0.0032
Car -1 -1 -4.4784 388.6915 177.5951 429.4505 201.6362 1.4242 1.5623 4.1501 -12.6939 1.7378 45.6739 -4.7484 0.0032
Car -1 -1 -4.6620 389.0397 178.5300 417.6956 202.3270 1.4023 1.5385 4.0956 -13.0849 1.7787 45.7219 -4.9396 0.0031
Car -1 -1 -4.6934 0.0000 177.1868 0.0620 203.0420 1.5838 1.7475 4.3145 -41.0603 1.8800 47.1583 -5.4071 0.0031
Car -1 -1 -7.4135 153.5562 170.5756 267.5738 224.1428 1.6806 1.7637 4.2488 -13.6091 1.6088 24.8084 -7.9109 0.0025
Car -1 -1 -4.9988 571.5610 172.0780 601.5440 190.2913 1.4351 1.5413 3.3793 -1.9622 1.3737 58.7010 -5.0324 0.0025
Car -1 -1 -2.5309 327.0666 176.9087 396.4336 199.3598 1.3962 1.8193 3.9212 -16.1195 1.6669 46.7998 -2.8612 0.0024
Car -1 -1 -7.2007 370.1371 176.1715 430.9602 201.8798 1.6066 1.7498 4.0888 -13.8668 1.8367 47.8866 -7.4815 0.0022
Car -1 -1 -4.1187 368.3883 175.8260 432.0353 202.8219 1.6359 1.7286 4.4965 -13.5171 1.8377 46.6584 -4.3995 0.0022
Car -1 -1 -6.2557 335.0439 175.7926 400.5774 198.0258 1.3739 1.7946 3.9230 -15.5527 1.5683 46.3923 -6.5777 0.0022
Car -1 -1 -4.7231 358.7546 176.6273 388.4839 201.2397 1.4506 1.7009 3.7564 -14.8605 1.6975 45.2073 -5.0392 0.0021
Car -1 -1 -7.0741 371.5201 176.5755 437.5118 201.6686 1.5565 1.7137 4.2312 -13.5497 1.8138 47.6936 -7.3498 0.0021
Car -1 -1 -4.4803 367.4743 174.5490 406.4564 197.1397 1.4121 1.6101 3.7981 -14.6151 1.5276 47.3438 -4.7785 0.0021
Car -1 -1 -7.8686 967.8968 171.3535 1054.7325 242.6425 1.5626 1.7050 4.2937 9.9295 1.5294 18.1135 -7.3745 0.0019
Car -1 -1 -3.1587 321.7643 176.8034 388.3772 200.7014 1.4401 1.8748 3.8899 -16.1133 1.6977 45.5511 -3.4972 0.0019
Cyclist -1 -1 -2.3918 103.3529 168.9681 167.5167 226.0094 1.7506 0.7173 1.6338 -14.9274 1.6310 22.6369 -2.9696 0.0014
Pedestrian -1 -1 -5.9826 187.1228 163.5762 211.0819 208.6543 1.9013 0.5346 0.7636 -17.5635 1.5097 30.7755 -6.4977 0.0011
Pedestrian -1 -1 -6.3746 192.4987 164.0859 213.6254 207.7451 1.8491 0.5727 0.7428 -17.5302 1.4774 31.0054 -6.8857 0.0011
Pedestrian -1 -1 -6.1547 85.2168 170.9701 98.0525 201.0802 1.8143 0.7248 0.5452 -31.5870 1.7004 43.9238 -6.7754 0.0009
Pedestrian -1 -1 -6.0830 294.9322 163.0388 375.8250 327.6092 1.5200 0.4433 0.6497 -2.6819 1.4290 6.9339 -6.4403 0.0005
Cyclist -1 -1 -2.5480 112.7449 167.7270 177.7229 226.8977 1.8245 0.7294 1.5768 -14.6115 1.6661 22.6331 -3.1161 0.0005
Pedestrian -1 -1 -3.0275 56.5036 167.2491 69.6232 221.9983 1.7312 0.4961 0.2784 -17.5555 1.5537 23.0999 -3.6720 0.0004
Car -1 -1 -4.5483 240.2267 173.4187 267.8929 191.3534 1.5396 1.6219 3.6675 -31.5847 1.5910 64.0570 -5.0049 0.0003
Pedestrian -1 -1 -3.3432 1039.3185 161.4777 1055.0428 212.6376 1.6912 0.5327 0.3471 14.5883 1.3148 24.1608 -2.8057 0.0003
