Car -1 -1 -7.4487 161.8879 193.0870 386.7960 314.4489 1.4109 1.5958 3.5780 -4.5890 1.5443 10.3795 -7.8558 0.9998
Car -1 -1 -7.8366 573.7176 175.9259 660.5007 256.6615 1.6530 1.7799 3.8949 0.1939 1.4630 16.6902 -7.8256 0.9994
Car -1 -1 -7.6403 383.5369 183.0113 483.6996 245.4796 1.4421 1.6411 4.2807 -4.4399 1.3913 18.7478 -7.8700 0.9984
Car -1 -1 -7.3309 106.6591 185.9256 294.1645 267.0557 1.4777 1.6395 3.9403 -8.3639 1.4948 15.1181 -7.8290 0.9976
Car -1 -1 -7.4525 239.1858 179.1902 323.6654 218.0083 1.3703 1.4681 4.0045 -12.3580 1.1578 27.3919 -7.8729 0.9608
Car -1 -1 -7.1972 0.0000 187.2351 95.5273 268.1687 1.4563 1.5897 3.8107 -12.8100 1.5039 14.9688 -7.8963 0.9420
Car -1 -1 -7.6432 353.7017 181.1548 418.9424 219.8347 1.3862 1.5660 4.1928 -8.5427 1.2408 27.9161 -7.9378 0.9017
Car -1 -1 -7.6330 382.7259 182.1194 482.9648 245.0150 1.4527 1.6143 4.2813 -4.4614 1.3814 18.7523 -7.8637 0.8783
Car -1 -1 -4.5897 660.0611 179.6539 685.8367 198.8053 1.5276 1.6449 4.0654 5.4120 1.0841 59.4997 -4.4999 0.8673
Car -1 -1 -4.2842 235.4173 175.7889 323.2058 217.3862 1.4680 1.5461 3.8864 -12.4041 1.1355 27.3162 -4.7070 0.8327
Car -1 -1 -4.5528 660.2722 179.6641 688.3971 198.7180 1.5205 1.6861 4.1639 5.5379 1.0776 59.5897 -4.4610 0.8119
Car -1 -1 -7.7824 613.9291 181.3391 649.5101 211.6129 1.4664 1.5796 3.3102 1.2226 1.2788 36.5491 -7.7496 0.7722
Car -1 -1 -7.6999 352.9323 180.8554 411.6958 219.8277 1.3946 1.5516 4.0918 -8.6913 1.2387 27.8604 -7.9998 0.7491
Car -1 -1 -4.5555 660.0908 180.2656 686.6847 199.2221 1.5076 1.6126 3.7983 5.4196 1.1141 59.2102 -4.4651 0.7364
Car -1 -1 -4.0363 0.0000 189.9024 97.6241 272.6860 1.4373 1.5892 4.1076 -12.7570 1.5474 14.7902 -4.7393 0.6710
Car -1 -1 -7.7791 611.2993 181.1236 648.0611 211.4134 1.4672 1.6232 3.4393 1.1238 1.2691 36.6151 -7.7491 0.6527
Car -1 -1 -4.5911 658.5105 180.1151 683.4342 199.0975 1.5122 1.6121 3.7302 5.2233 1.1061 59.2592 -4.5040 0.6496
Car -1 -1 -7.6697 608.1786 180.1772 651.8059 211.1143 1.4914 1.6044 3.5074 1.1425 1.2486 36.5374 -7.6391 0.5975
Car -1 -1 -7.6335 351.7538 181.3011 414.7662 220.1889 1.3902 1.5247 3.7169 -8.5807 1.2504 27.6116 -7.9324 0.5839
Car -1 -1 -4.4098 282.4962 178.2165 329.2174 202.6930 1.5004 1.6375 4.0145 -19.3366 1.0715 46.1388 -4.8049 0.5648
Car -1 -1 -7.8910 584.0092 178.3641 667.6257 253.5171 1.5825 1.7643 4.1875 0.2862 1.4384 17.2494 -7.8752 0.5419
Car -1 -1 -4.6348 658.6774 179.4488 682.8819 198.7005 1.5389 1.6840 4.2393 5.2497 1.0781 59.6908 -4.5479 0.5381
Car -1 -1 -4.3598 285.0767 179.9611 330.1272 203.7529 1.4617 1.4966 3.6256 -19.1790 1.1390 46.0062 -4.7530 0.5095
Car -1 -1 -7.5243 353.1884 181.0586 423.7836 220.5244 1.4127 1.5284 3.4889 -8.3469 1.2641 27.5042 -7.8166 0.4549
Car -1 -1 -7.6818 616.0723 181.5168 655.5331 211.6127 1.4643 1.4747 3.3076 1.4395 1.2845 36.7465 -7.6434 0.4465
Car -1 -1 -4.6040 660.4616 180.0864 685.6205 199.2687 1.5138 1.6537 3.7780 5.3477 1.1092 58.7462 -4.5141 0.4263
Car -1 -1 -4.3640 282.3588 179.4172 328.2426 202.9413 1.4337 1.5304 3.6441 -19.1819 1.0804 45.6661 -4.7599 0.4093
Car -1 -1 -7.8432 609.6330 180.8262 644.2471 212.1397 1.5200 1.6812 3.4826 0.9586 1.3071 36.6660 -7.8178 0.4043
Car -1 -1 -7.4729 353.1755 180.7338 434.1215 220.2707 1.4179 1.5654 4.1643 -8.2472 1.2574 27.9286 -7.7578 0.3915
Car -1 -1 -5.0656 541.5729 179.0188 584.9202 203.0079 1.5803 1.7229 3.9195 -3.1326 1.1723 49.4970 -5.1289 0.3784
Car -1 -1 -7.9239 620.7080 181.4555 656.7506 212.0258 1.4793 1.5825 3.4111 1.4966 1.2975 36.5138 -7.8837 0.3412
Car -1 -1 -7.6836 601.8241 180.8261 647.3090 212.7402 1.5175 1.6683 3.8344 0.8668 1.3089 36.2232 -7.6603 0.3372
Car -1 -1 -4.6733 659.1239 179.9612 681.4064 199.4349 1.5357 1.6731 3.6735 5.1065 1.1215 58.6166 -4.5873 0.3078
Car -1 -1 -7.5955 266.1096 177.7728 320.2739 208.7358 1.5297 1.6030 4.0689 -16.4274 1.1622 37.6472 -8.0046 0.3072
Car -1 -1 -4.5730 611.8859 180.1988 654.4760 211.3901 1.4751 1.6228 3.8066 1.2901 1.2380 36.0105 -4.5379 0.2535
Car -1 -1 -4.6988 657.9045 180.2389 678.5052 198.9536 1.4920 1.6388 3.7221 4.9862 1.0954 59.2401 -4.6157 0.2482
Pedestrian -1 -1 -8.2513 818.9224 168.8220 851.0443 236.7442 1.8175 0.6359 0.6337 6.1357 1.3790 19.5821 -7.9521 0.2454
Car -1 -1 -4.4199 601.6248 180.1489 655.5206 211.9345 1.4828 1.5783 4.0467 1.0614 1.2466 35.7046 -4.3909 0.2409
Car -1 -1 -7.4784 259.7010 177.6254 321.7409 207.6596 1.4986 1.6359 3.9862 -16.6569 1.1200 37.8903 -7.8903 0.2355
Car -1 -1 -5.0246 616.6844 180.2526 671.6701 211.7360 1.4750 1.6398 3.7560 1.7127 1.2426 35.7048 -4.9775 0.2034
Pedestrian -1 -1 -8.1623 818.2250 168.8820 849.3569 236.0559 1.8093 0.6450 0.6440 6.1359 1.3695 19.6877 -7.8647 0.1910
Pedestrian -1 -1 -7.9779 817.5745 170.0602 844.4662 237.3065 1.7954 0.6240 0.6048 6.0155 1.3909 19.5436 -7.6838 0.1435
Pedestrian -1 -1 -8.3297 1061.3767 160.4014 1144.5277 310.3909 1.7375 0.6422 0.5393 5.8707 1.4502 8.6294 -7.7477 0.1132
Car -1 -1 -6.4049 588.8685 180.0557 673.7111 211.7001 1.5383 1.7140 4.0624 1.1037 1.2876 35.9843 -6.3749 0.1107
Pedestrian -1 -1 -7.9559 815.7975 169.5219 842.3425 236.4691 1.8015 0.6311 0.6229 6.0135 1.3793 19.7093 -7.6641 0.1001
Car -1 -1 -6.0351 585.2236 179.9957 668.3306 212.3279 1.5722 1.7592 3.8867 0.9452 1.3185 36.3277 -6.0097 0.0996
Car -1 -1 -7.2775 245.6160 177.0818 322.0172 208.9323 1.5760 1.6522 4.1566 -16.9440 1.1737 37.7528 -7.6970 0.0939
Car -1 -1 -4.3115 228.5299 176.3839 273.0461 197.7895 1.5407 1.5599 3.9491 -26.6526 0.9052 53.7559 -4.7701 0.0887
Car -1 -1 -4.2852 219.6389 177.6266 269.1319 199.4988 1.5430 1.6414 4.2210 -26.6647 1.0078 52.8535 -4.7507 0.0863
Car -1 -1 -5.2778 537.7520 179.3961 589.3015 202.6762 1.5424 1.6477 4.0389 -3.1261 1.1570 49.7451 -5.3407 0.0833
Car -1 -1 -5.1565 619.6814 179.9228 683.0891 212.3586 1.5081 1.6328 3.8132 2.0548 1.2621 35.4960 -5.0996 0.0755
Car -1 -1 -4.1800 230.1903 176.5748 279.8347 197.7926 1.5270 1.5543 3.9203 -26.3311 0.9053 53.7505 -4.6338 0.0745
Car -1 -1 -5.0584 535.9786 178.1571 579.7172 202.2252 1.5798 1.6880 4.1407 -3.5027 1.1167 49.4204 -5.1292 0.0725
Car -1 -1 -3.2144 581.0281 181.2330 659.8610 212.5374 1.5246 1.6706 3.8261 0.5600 1.3308 35.9546 -3.1994 0.0725
Car -1 -1 -2.5989 578.2885 180.6769 659.2720 212.9601 1.5653 1.7223 3.7717 0.5116 1.3453 36.5806 -2.5855 0.0699
Car -1 -1 -4.4284 226.3654 176.3884 265.7585 197.9947 1.5511 1.5687 3.9933 -26.9878 0.9175 53.7102 -4.8924 0.0689
Cyclist -1 -1 -7.9830 765.3616 172.2722 779.9030 215.7098 1.6929 0.3562 1.6136 6.5649 1.1886 28.8359 -7.7617 0.0674
Car -1 -1 -4.9981 520.4538 175.5197 555.5093 196.9249 1.4936 1.5471 3.6983 -5.1204 0.8172 52.1653 -5.0958 0.0641
Car -1 -1 -6.3906 597.9940 181.4957 676.1032 212.1506 1.5069 1.7552 3.7743 1.4059 1.3242 36.3433 -6.3527 0.0618
Cyclist -1 -1 -8.3146 835.9305 174.6536 892.0471 253.6610 1.6017 0.3849 1.7456 5.4282 1.3878 15.4639 -7.9831 0.0590
Cyclist -1 -1 -7.7302 824.5112 176.7737 852.4259 255.4486 1.6234 0.3874 1.6938 4.9963 1.4494 15.6841 -7.4274 0.0582
Car -1 -1 -5.1899 536.0175 178.9328 584.7770 202.6768 1.5680 1.6615 4.0877 -3.3398 1.1532 49.6487 -5.2571 0.0579
Car -1 -1 -2.7884 574.5405 180.4114 655.7470 212.9755 1.5764 1.6979 3.7396 0.3453 1.3440 36.2552 -2.7795 0.0575
Car -1 -1 -7.6785 480.7478 178.9614 536.4116 217.5515 1.4933 1.6000 4.0812 -4.0855 1.2514 29.8879 -7.8135 0.0553
Car -1 -1 -4.2183 224.5650 177.3204 275.1139 198.6284 1.5102 1.5675 4.1205 -26.3561 0.9508 53.0350 -4.6778 0.0532
Car -1 -1 -4.7952 532.7685 175.1016 558.7838 197.2464 1.5547 1.5680 3.9346 -4.5847 0.8448 52.5399 -4.8821 0.0526
Pedestrian -1 -1 -4.5508 841.7751 185.6111 868.8710 248.3159 1.3584 0.5063 0.4322 5.4218 1.3675 15.8863 -4.2278 0.0509
Pedestrian -1 -1 -4.6303 838.4703 184.6508 861.9958 247.5965 1.3912 0.4708 0.4407 5.4100 1.3789 16.1827 -4.3133 0.0507
Car -1 -1 -8.2837 502.0820 175.4064 544.4631 196.9696 1.4947 1.5774 3.8390 -6.1558 0.8149 51.8794 -8.4015 0.0484
Car -1 -1 -4.8776 524.5028 175.0826 554.5583 196.9160 1.5316 1.5634 3.8734 -5.0396 0.8209 52.5003 -4.9732 0.0468
Car -1 -1 -5.4949 524.9261 179.3830 586.4136 202.8907 1.5437 1.7009 4.2425 -3.6243 1.1609 49.2394 -5.5684 0.0467
Car -1 -1 -4.3115 220.1849 176.8882 264.2242 198.0234 1.5079 1.5383 3.8102 -27.0350 0.9139 53.2398 -4.7796 0.0432
Car -1 -1 -4.6539 536.8345 174.9945 561.8743 197.1050 1.5540 1.5982 3.9280 -4.2532 0.8358 52.5054 -4.7347 0.0432
Car -1 -1 -6.6283 532.5049 175.0115 595.6551 196.8705 1.5339 1.6820 4.2460 -3.1823 0.8180 52.0567 -6.6894 0.0428
Car -1 -1 -4.0586 230.6941 176.3074 285.1636 197.4875 1.5203 1.5585 3.9778 -26.0889 0.8810 53.7059 -4.5091 0.0413
Car -1 -1 -4.8599 520.4194 175.0517 550.2432 197.3314 1.5621 1.5769 4.1123 -5.3576 0.8496 52.5895 -4.9613 0.0411
Car -1 -1 -5.1806 620.8656 179.9302 686.0024 212.0214 1.4680 1.5846 3.8446 2.1203 1.2264 34.9636 -5.1210 0.0406
Car -1 -1 -7.4843 313.3629 166.8069 389.2355 211.9308 2.0167 1.9345 4.4338 -12.1837 1.1941 34.3730 -7.8228 0.0358
Car -1 -1 -5.0399 515.8003 175.2951 552.7372 196.9470 1.5139 1.5319 3.7861 -5.4050 0.8204 52.3033 -5.1427 0.0354
Car -1 -1 -4.4783 538.0647 175.1736 571.7887 197.0386 1.5315 1.6048 3.8408 -3.8298 0.8283 52.3756 -4.5513 0.0338
Car -1 -1 -7.7097 484.8857 178.5436 537.2598 217.3936 1.4893 1.5645 4.0676 -3.9473 1.2336 29.5997 -7.8414 0.0333
Car -1 -1 -5.0397 510.9974 175.4824 548.9762 197.1321 1.5110 1.5885 3.8418 -5.7118 0.8318 52.2481 -5.1484 0.0331
Cyclist -1 -1 -7.6258 825.5918 175.7573 860.3917 251.2843 1.5358 0.3628 1.6282 5.0065 1.3437 15.4104 -7.3174 0.0323
Cyclist -1 -1 -7.8850 824.3782 177.1585 845.2137 253.1132 1.5998 0.3744 1.6694 4.9891 1.4303 15.9958 -7.5880 0.0296
Car -1 -1 -5.1024 508.1726 175.8968 547.3900 196.9083 1.4613 1.5436 3.6442 -5.8369 0.8133 51.9627 -5.2140 0.0268
Car -1 -1 -3.0424 571.6614 179.8851 650.8990 211.2832 1.5233 1.6384 3.8139 0.1750 1.2648 35.8876 -3.0380 0.0259
Cyclist -1 -1 -8.0435 764.0062 174.1422 779.0452 214.9998 1.6043 0.3105 1.4819 6.5521 1.1697 28.9718 -7.8236 0.0256
Car -1 -1 -6.1007 611.4417 180.6612 696.5071 212.1862 1.5103 1.7441 3.9751 2.2860 1.2922 35.7666 -6.0378 0.0235
Cyclist -1 -1 -8.2327 836.5156 175.9822 886.9883 254.8986 1.6138 0.3824 1.7855 5.4307 1.4252 15.6016 -7.9037 0.0214
Cyclist -1 -1 -8.0913 835.0204 178.6985 873.8206 253.7627 1.5750 0.3833 1.8138 5.4156 1.4384 16.0026 -7.7707 0.0164
Pedestrian -1 -1 -8.4416 1071.3574 155.3437 1162.7378 316.8989 1.8850 0.7021 0.5652 6.0700 1.5366 8.6727 -7.8464 0.0118
Car -1 -1 -4.5885 489.5121 177.5453 538.4476 212.7950 1.4685 1.6088 4.6805 -4.1705 1.1491 32.2909 -4.7163 0.0085
Pedestrian -1 -1 -3.9950 1023.1804 146.5133 1099.9062 282.9409 1.7894 0.6007 0.6616 6.1306 1.2819 9.8151 -3.4497 0.0077
Car -1 -1 -4.3240 387.6190 174.5885 455.2869 209.1452 1.5062 1.6587 3.9684 -8.6089 1.0431 33.4113 -4.5745 0.0062
Car -1 -1 -4.1226 169.1538 176.6456 219.6399 194.4493 1.5218 1.7472 4.3543 -36.5559 0.7894 63.6787 -4.6422 0.0058
Car -1 -1 -4.4203 265.5513 174.7060 298.6732 192.9330 1.6773 1.7606 4.0904 -30.8969 0.7103 68.2924 -4.8440 0.0024
Car -1 -1 -7.2551 170.0751 175.9775 219.1798 194.1290 1.5509 1.6434 4.2704 -36.5030 0.7618 63.6158 -7.7745 0.0020
Cyclist -1 -1 -3.3451 799.0634 169.5359 870.7018 235.4522 1.7626 0.5979 1.7764 6.1271 1.3435 19.6036 -3.0467 0.0019
Cyclist -1 -1 -8.0644 815.2783 169.2681 850.1257 236.9834 1.7827 0.5847 1.5770 6.1084 1.3630 19.7355 -7.7687 0.0007
Cyclist -1 -1 -8.1214 811.5566 170.2744 846.4553 234.8929 1.7071 0.5324 1.4825 6.0093 1.3125 19.7384 -7.8302 0.0002
