Car -1 -1 -4.1574 0.0000 175.5782 351.9701 374.0000 1.7719 1.6724 4.0938 -3.9641 1.8037 6.4401 -4.6917 0.9997
Car -1 -1 -4.5581 465.7703 180.8465 534.1625 231.1617 1.4576 1.6053 3.9658 -3.5410 1.7398 23.5211 -4.7065 0.9990
Car -1 -1 -4.5882 497.9998 171.6247 549.9165 216.9694 1.7290 1.6177 4.0564 -3.4947 1.6818 29.5464 -4.7054 0.9901
Car -1 -1 -7.7915 546.7029 174.9356 573.7564 197.8408 1.4682 1.5894 3.6189 -3.3367 1.6128 48.3943 -7.8603 0.9686
Car -1 -1 -4.5412 463.4735 181.6358 533.8849 232.0849 1.4560 1.5996 4.0360 -3.5861 1.7673 23.5665 -4.6912 0.8856
Car -1 -1 -4.6160 546.9384 174.3409 576.7996 197.0094 1.4544 1.6290 4.0215 -3.2331 1.5585 48.5964 -4.6824 0.8352
Car -1 -1 -4.5676 496.0626 173.2649 549.5815 217.5334 1.6828 1.6129 3.9532 -3.5313 1.7004 29.4616 -4.6864 0.8320
Car -1 -1 -4.6936 546.2162 174.2578 571.3060 197.0587 1.4629 1.6125 3.9299 -3.4451 1.5610 48.5461 -4.7644 0.8009
Car -1 -1 -4.5997 498.1685 174.1400 550.3807 217.8482 1.6477 1.6653 3.9918 -3.4551 1.7032 29.3171 -4.7165 0.7859
Car -1 -1 -7.7421 546.7386 174.8208 575.9911 197.7496 1.4694 1.5825 3.4292 -3.2536 1.6055 48.2891 -7.8095 0.7751
Car -1 -1 -4.5932 499.7174 172.3421 550.6567 217.0845 1.7046 1.5925 4.0948 -3.4442 1.6848 29.5400 -4.7088 0.7686
Car -1 -1 -4.5176 464.4558 181.2895 536.2001 232.5201 1.4739 1.5923 3.7108 -3.4948 1.7677 23.2712 -4.6656 0.6613
Car -1 -1 -4.6106 495.9520 171.9508 547.6219 216.7505 1.7043 1.6767 4.2446 -3.5848 1.6697 29.5870 -4.7307 0.6434
Car -1 -1 -7.7988 546.3498 174.6111 573.0625 197.8321 1.4874 1.6022 3.2426 -3.3551 1.6082 48.0964 -7.8685 0.5921
Car -1 -1 -4.7109 547.1036 174.1520 572.4689 197.2521 1.4886 1.6413 4.2388 -3.4348 1.5802 48.9125 -4.7810 0.5543
Car -1 -1 -7.6522 546.6488 174.5547 581.1999 197.7622 1.4861 1.6098 3.6850 -3.0838 1.6045 48.4243 -7.7158 0.5144
Car -1 -1 -4.7097 544.4605 174.2407 570.9193 197.9381 1.5126 1.6948 3.6626 -3.5205 1.6085 48.1624 -4.7826 0.4822
Car -1 -1 -6.4083 648.0450 168.5471 712.9411 191.5971 1.5536 1.7087 4.2520 4.7736 1.2630 49.5510 -6.3132 0.3852
Car -1 -1 -7.7375 547.5919 174.5248 578.1517 197.9319 1.4920 1.6515 3.3392 -3.1301 1.6067 47.9455 -7.8027 0.3826
Car -1 -1 -4.4697 547.5815 174.2834 587.2191 197.2455 1.4682 1.6648 4.4011 -2.8548 1.5691 48.7401 -4.5282 0.2989
Car -1 -1 -6.6209 645.4687 168.4569 711.6404 191.6259 1.5572 1.7142 4.2197 4.6887 1.2614 49.8372 -6.5280 0.2960
Car -1 -1 -4.6583 546.9250 173.8473 576.1761 197.9165 1.5096 1.7141 3.7705 -3.1713 1.5770 47.3061 -4.7252 0.2025
Car -1 -1 -4.5834 539.6782 173.6508 572.4029 198.1648 1.5432 1.6981 3.5768 -3.5365 1.5972 47.3719 -4.6579 0.1913
Car -1 -1 -4.6738 544.0900 172.9639 572.5499 198.1059 1.5746 1.7161 3.5351 -3.3644 1.5817 46.9996 -4.7453 0.1480
Car -1 -1 -6.3928 646.0676 170.4229 702.5358 192.6961 1.5033 1.6644 3.7009 4.3552 1.3389 49.5744 -6.3061 0.1429
Car -1 -1 -6.3141 649.1912 168.8946 713.3674 191.5728 1.5188 1.6753 4.2917 4.8033 1.2533 49.2980 -6.2179 0.1184
Car -1 -1 -5.7149 523.5541 174.3123 586.3781 197.5647 1.4920 1.6909 3.8809 -3.7139 1.5924 48.1661 -5.7918 0.0962
Car -1 -1 -7.5037 648.5894 168.4971 688.1835 191.7546 1.5548 1.6235 3.5671 4.0655 1.2632 50.1957 -7.4237 0.0961
Car -1 -1 -7.6982 646.3737 170.2095 675.2804 192.7474 1.5123 1.5160 3.3038 3.5333 1.3346 50.1955 -7.6287 0.0926
Car -1 -1 -7.6576 648.7949 169.8001 680.2407 192.7689 1.5407 1.5630 3.3513 3.7940 1.3356 50.2242 -7.5830 0.0491
Car -1 -1 -3.0644 533.5581 175.2163 589.1046 197.0156 1.4058 1.6948 3.5356 -3.2106 1.5641 47.5816 -3.1318 0.0449
Car -1 -1 -4.8578 545.2278 172.4192 581.9886 198.7922 1.6197 1.7909 4.0155 -3.0665 1.5927 46.4654 -4.9237 0.0440
Car -1 -1 -4.8507 448.0894 167.7919 476.8448 189.8419 1.6309 1.6408 3.9031 -11.4036 1.2562 55.4804 -5.0527 0.0437
Car -1 -1 -3.1720 535.4191 175.2425 589.8361 197.3904 1.4335 1.7153 3.5461 -3.2021 1.5953 47.9484 -3.2387 0.0435
Car -1 -1 -7.6308 647.4106 171.7934 680.0837 194.7275 1.5391 1.5012 3.6881 3.7582 1.4676 50.4041 -7.5572 0.0318
Car -1 -1 -4.2047 447.8752 167.4094 492.8352 189.2538 1.6098 1.6352 4.0226 -10.6869 1.2083 55.3386 -4.3948 0.0287
Car -1 -1 -4.6881 646.9755 170.3430 672.5056 193.8077 1.5252 1.6373 3.9625 3.3757 1.3617 48.9493 -4.6200 0.0282
Car -1 -1 -7.7555 675.1735 175.3101 713.2482 207.3647 1.4973 1.5481 3.5283 4.1887 1.6256 35.8818 -7.6408 0.0265
Car -1 -1 -4.5887 452.2271 167.6774 479.9544 189.0315 1.5806 1.6174 3.9117 -11.0426 1.1972 55.4175 -4.7847 0.0263
Car -1 -1 -6.6023 541.1079 173.6483 603.5602 197.3615 1.5240 1.6965 3.8043 -2.5404 1.5781 47.9532 -6.6553 0.0239
Car -1 -1 -7.9916 652.2519 168.8895 674.8213 187.7803 1.6095 1.5322 3.2497 4.6371 1.2714 63.1463 -7.9190 0.0222
Car -1 -1 -7.8082 673.4513 175.5724 707.7070 206.7678 1.4575 1.5402 3.5744 4.0107 1.5996 35.9238 -7.6985 0.0186
Car -1 -1 -4.6843 650.8215 169.1673 679.9142 194.3928 1.6259 1.8443 4.3264 3.7502 1.3880 48.7535 -4.6083 0.0168
Car -1 -1 -7.7015 654.8688 167.4861 679.7402 187.6006 1.7035 1.5982 3.9236 5.0254 1.2486 63.1979 -7.6228 0.0160
Car -1 -1 -7.7806 652.8992 167.7559 674.1521 187.4471 1.6696 1.5769 3.9515 4.6954 1.2370 63.2467 -7.7071 0.0145
Car -1 -1 -6.6935 0.0000 188.2522 0.0000 374.0000 1.5887 1.5577 3.5713 -4.6553 1.6696 1.9884 -7.8107 0.0143
Car -1 -1 -7.6666 659.6105 167.0596 687.7435 188.3484 1.7976 1.7075 4.1892 5.5865 1.3081 63.1748 -7.5792 0.0140
Car -1 -1 -6.3218 545.6586 173.7271 605.3003 196.8777 1.4920 1.7064 3.8631 -2.3380 1.5506 47.5987 -6.3710 0.0118
Car -1 -1 -2.9700 611.3711 170.1136 672.1464 193.0476 1.5409 1.5787 3.9699 2.1692 1.3565 49.6723 -2.9270 0.0117
Car -1 -1 -6.6069 471.7047 161.6470 531.6465 184.3059 1.6688 1.6629 4.1943 -8.2524 0.8431 54.8364 -6.7558 0.0113
Car -1 -1 -7.9126 657.2661 168.0533 678.0134 187.1680 1.6144 1.5855 3.5561 4.9619 1.2087 62.7349 -7.8343 0.0106
Car -1 -1 -7.9141 649.9926 167.7783 671.2214 187.6481 1.6879 1.6144 3.9545 4.3854 1.2564 63.2777 -7.8456 0.0098
Car -1 -1 -6.7208 0.0000 195.0983 0.0000 374.0000 1.5914 1.5912 3.6654 -5.0253 1.7130 2.1165 -7.8463 0.0090
Car -1 -1 -7.7365 665.5623 174.4563 707.2275 206.2312 1.4831 1.6476 3.6467 3.7999 1.5667 35.8348 -7.6322 0.0088
Car -1 -1 -7.6589 656.7840 167.1627 684.0412 187.7457 1.7412 1.6429 3.9744 5.2977 1.2595 63.1745 -7.5759 0.0081
Car -1 -1 -3.5229 0.0000 0.0000 1241.0000 374.0000 1.5834 1.5607 3.4489 -4.2441 1.6755 1.7661 -4.6441 0.0077
Car -1 -1 -4.3880 657.1666 168.1452 701.2756 192.3112 1.5464 1.6766 4.2807 4.6667 1.2448 48.4691 -4.2929 0.0076
Car -1 -1 -6.2661 544.5856 173.2476 603.9757 196.7558 1.5165 1.6211 3.8346 -2.3665 1.5425 47.4474 -6.3160 0.0073
Car -1 -1 -4.5215 652.5272 168.3752 691.3696 194.1553 1.6491 1.8044 4.4009 4.1834 1.3623 48.5184 -4.4364 0.0062
Car -1 -1 -4.8365 646.1725 165.5060 673.6889 185.5542 1.6884 1.9026 3.9876 4.2856 1.0692 62.8082 -4.7689 0.0054
Pedestrian -1 -1 -7.9156 857.3593 163.3447 888.3595 226.2278 1.7600 0.7927 0.5705 7.4388 1.4935 20.5780 -7.5738 0.0049
Car -1 -1 -7.5919 658.3569 168.1478 686.0938 187.4501 1.6359 1.5540 3.5462 5.4437 1.2368 63.0845 -7.5065 0.0048
Car -1 -1 -8.0539 642.3708 167.2189 670.6860 187.8087 1.7460 1.6986 4.0620 4.0222 1.2679 63.3151 -7.9911 0.0045
Car -1 -1 -5.1194 0.0000 186.9068 0.0000 374.0000 1.5671 1.6765 3.9001 -4.9345 1.6324 2.3651 -6.1981 0.0036
Pedestrian -1 -1 -7.3327 277.8829 179.7536 313.1818 238.5745 1.6456 0.6951 0.6472 -9.0344 1.8460 20.6314 -7.7412 0.0033
Pedestrian -1 -1 -7.8810 860.2253 165.4819 891.6550 227.2330 1.7143 0.8154 0.5594 7.4695 1.5093 20.4239 -7.5356 0.0033
Pedestrian -1 -1 -4.3395 819.5581 196.4821 850.8133 274.2386 1.1911 0.3832 0.3258 3.5181 1.5738 11.4488 -4.0496 0.0032
Car -1 -1 -6.6472 0.0000 0.0000 1241.0000 374.0000 1.5512 1.5692 3.4712 -3.0233 1.6259 1.1602 -7.7729 0.0030
Car -1 -1 -6.7159 0.0000 0.0000 1241.0000 374.0000 1.5424 1.5741 3.5030 -2.6106 1.6152 1.1923 -7.7730 0.0030
Car -1 -1 -6.5782 0.0000 0.0000 1241.0000 374.0000 1.5488 1.5750 3.5019 -3.8281 1.6326 1.2273 -7.7732 0.0030
Car -1 -1 -6.5401 0.0000 0.0000 1241.0000 374.0000 1.5505 1.5862 3.5680 -4.6023 1.6584 1.3384 -7.7721 0.0030
Car -1 -1 -6.5677 0.0000 0.0000 1241.0000 374.0000 1.5483 1.5836 3.5581 -4.2287 1.6492 1.3361 -7.7728 0.0030
Car -1 -1 -6.6190 0.0000 0.0000 1241.0000 374.0000 1.5392 1.5738 3.5082 -3.4283 1.6168 1.2351 -7.7731 0.0030
Car -1 -1 -6.5314 0.0000 0.0000 1241.0000 374.0000 1.5631 1.5995 3.6305 -4.9796 1.7184 1.4289 -7.7708 0.0030
Car -1 -1 -4.4145 133.2933 182.9703 285.8357 267.2697 1.4552 1.6427 3.9720 -8.1927 1.6957 15.0681 -4.9055 0.0029
Car -1 -1 -4.2423 659.1110 171.4566 706.2064 193.6612 1.4189 1.5146 3.9338 4.8589 1.3293 48.1725 -4.1427 0.0029
Car -1 -1 -4.3883 654.4580 171.7201 696.2892 195.1658 1.4982 1.6131 3.9578 4.3813 1.4254 48.2415 -4.2986 0.0026
Pedestrian -1 -1 -6.4383 277.6694 175.9241 306.6085 238.3947 1.7120 0.7824 0.6340 -9.0062 1.8003 20.3236 -6.8510 0.0024
Car -1 -1 -7.6827 330.4194 186.3579 401.5140 237.7355 1.4441 1.5628 3.5642 -7.7840 1.9121 23.1467 -8.0042 0.0022
Car -1 -1 -6.1713 463.9504 161.0021 531.5927 184.0719 1.7264 1.7778 4.9260 -8.5346 0.8392 54.9851 -6.3248 0.0022
Pedestrian -1 -1 -7.2799 408.2903 172.7587 430.4991 211.4449 1.4924 0.6349 0.5640 -7.4920 1.4884 28.2009 -7.5377 0.0021
Cyclist -1 -1 -7.4283 401.7702 174.8414 435.2209 217.1874 1.5892 0.6329 1.6442 -7.4652 1.6685 28.0235 -7.6868 0.0018
Cyclist -1 -1 -2.6003 365.4855 168.0030 420.7843 214.7357 1.7372 0.8665 1.8319 -8.2938 1.5566 27.4681 -2.8913 0.0018
Cyclist -1 -1 -7.7970 405.7673 172.5595 422.0292 215.2433 1.6208 0.5198 1.6822 -7.7195 1.6093 28.2743 -8.0616 0.0017
Car -1 -1 -6.5347 545.4280 173.4071 616.9609 197.4852 1.5457 1.6723 4.4615 -1.9502 1.5832 47.8293 -6.5756 0.0017
Cyclist -1 -1 -7.4206 404.6947 176.3983 435.3001 218.6404 1.5930 0.5738 1.5077 -7.4391 1.7348 28.1352 -7.6772 0.0016
Car -1 -1 -8.2188 487.1390 157.8250 532.0070 185.3451 2.0424 1.8906 4.7135 -7.8818 0.9267 56.0686 -8.3580 0.0016
Car -1 -1 -8.1108 494.9195 159.2375 531.8660 185.2915 1.9466 1.7676 4.5024 -7.6140 0.9289 56.3265 -8.2447 0.0015
Car -1 -1 -7.5277 466.1227 159.5514 506.3143 186.6771 2.0037 1.8652 3.9750 -9.4828 1.0208 55.4064 -7.6966 0.0015
Car -1 -1 -7.7024 325.2269 185.6777 394.6657 234.8564 1.3906 1.5777 3.6309 -8.0413 1.8392 23.3325 -8.0312 0.0014
Car -1 -1 -7.5642 531.2609 172.1795 578.7513 199.6337 1.6637 1.8671 4.3095 -3.4794 1.6225 46.0279 -7.6396 0.0014
Cyclist -1 -1 -7.4477 404.9890 174.2134 437.5761 217.6425 1.6541 0.5907 1.7727 -7.4696 1.7091 28.4598 -7.7026 0.0013
Pedestrian -1 -1 -7.5513 401.7858 171.3382 423.5653 211.6133 1.5534 0.6293 0.7405 -7.7546 1.4946 28.2108 -7.8175 0.0012
Pedestrian -1 -1 -7.4955 406.6633 176.4217 429.9588 219.6085 1.6420 0.6563 0.7297 -7.4505 1.7816 27.8948 -7.7546 0.0012
Cyclist -1 -1 -7.6025 396.6386 172.8373 424.4946 217.0930 1.6559 0.5609 2.0005 -7.7654 1.6549 28.0018 -7.8710 0.0011
Cyclist -1 -1 -7.6047 400.2495 171.2142 427.0994 216.6694 1.7355 0.5835 1.8504 -7.7763 1.6726 28.4784 -7.8694 0.0009
Pedestrian -1 -1 -7.7761 402.2325 170.5144 419.9236 215.2679 1.7067 0.6118 0.6319 -7.7283 1.6172 27.8851 -8.0444 0.0008
Car -1 -1 -6.6997 655.3795 166.7498 709.3509 187.3845 1.7472 1.6198 4.3741 6.2459 1.2300 62.5479 -6.6009 0.0006
Cyclist -1 -1 -4.0059 258.1096 177.0721 321.3560 243.5558 1.7834 0.5745 1.8453 -9.0892 1.9083 20.4444 -4.4198 0.0005
Pedestrian -1 -1 -3.5362 837.9100 171.9694 884.7037 279.8555 1.4777 0.5646 0.4341 3.4812 1.4653 10.1804 -3.2165 0.0005
