Cyclist -1 -1 -4.2108 441.5412 155.7652 563.7846 319.1055 1.6022 0.5612 1.7560 -1.1858 1.4343 7.9984 -4.3547 0.6213
Cyclist -1 -1 -4.1937 438.9433 155.4449 565.5519 320.5154 1.6322 0.5751 1.8131 -1.1996 1.4598 8.0834 -4.3377 0.5774
Cyclist -1 -1 -4.2408 437.6024 150.4265 559.8251 318.2725 1.6586 0.5822 1.8277 -1.2393 1.4367 8.0892 -4.3893 0.5601
Cyclist -1 -1 -4.1893 447.6863 151.7667 566.8618 314.3284 1.6471 0.5504 1.7287 -1.1691 1.4332 8.2153 -4.3276 0.4792
Cyclist -1 -1 -4.2677 438.9552 150.0720 555.7070 314.0008 1.6420 0.5802 1.8100 -1.2709 1.4135 8.1778 -4.4183 0.4733
Pedestrian -1 -1 -4.0657 470.7400 150.1052 549.7775 309.3760 1.6979 0.6296 0.6291 -1.1729 1.4551 8.1197 -4.2060 0.3570
Cyclist -1 -1 -6.9251 428.0770 156.4525 583.0076 316.7856 1.6196 0.5881 1.7091 -1.1874 1.4536 8.1001 -7.0674 0.3062
Pedestrian -1 -1 -4.5137 978.4078 147.9635 1030.9052 254.3379 1.7136 0.6531 0.7124 6.5692 1.3123 12.1058 -4.0272 0.2199
Pedestrian -1 -1 -4.2493 460.6545 148.7217 541.3042 307.4366 1.6855 0.6474 0.7091 -1.2677 1.4289 8.0993 -4.4010 0.1893
Pedestrian -1 -1 -4.4380 968.9922 148.2509 1022.6102 251.8642 1.6774 0.6390 0.6952 6.4449 1.2788 12.1533 -3.9609 0.1275
Pedestrian -1 -1 -4.5679 986.9303 149.3053 1034.6371 254.8445 1.6844 0.6117 0.6534 6.5912 1.3083 11.9603 -4.0750 0.1106
Pedestrian -1 -1 -4.7285 1004.0688 149.8067 1045.3385 253.4440 1.6808 0.5816 0.5849 6.8868 1.3067 12.0971 -4.2218 0.0463
Pedestrian -1 -1 -4.1221 454.3692 155.1678 537.1435 315.4058 1.6477 0.5888 0.7250 -1.2919 1.4655 7.8717 -4.2809 0.0459
Pedestrian -1 -1 -4.6956 1015.7976 141.0907 1062.1649 255.0082 1.7941 0.6365 0.5980 6.9457 1.2935 11.7831 -4.1743 0.0266
Pedestrian -1 -1 -3.2394 1098.0352 155.2888 1130.3735 258.4753 1.6785 0.4413 0.3942 8.3414 1.3924 12.0246 -2.6448 0.0236
Pedestrian -1 -1 -4.4507 972.6189 147.0298 1023.2395 251.0894 1.7217 0.6249 0.6512 6.6075 1.2942 12.3894 -3.9711 0.0192
Cyclist -1 -1 -7.9584 975.3889 153.2109 1032.8815 261.6384 1.7019 0.6483 1.7689 6.6085 1.3933 12.2669 -7.4748 0.0175
Pedestrian -1 -1 -6.3918 1102.9480 156.0567 1142.1704 259.2485 1.6497 0.5322 0.4637 8.3744 1.3809 11.8792 -5.7899 0.0147
Pedestrian -1 -1 -3.3337 1103.6663 157.9587 1139.4290 260.0362 1.6606 0.4685 0.3983 8.4685 1.4180 12.0324 -2.7324 0.0142
Pedestrian -1 -1 -4.5619 1179.6670 117.8571 1234.9648 234.7518 2.0840 0.7068 0.6390 10.9878 1.1032 13.3402 -3.8838 0.0131
Cyclist -1 -1 -7.6868 468.2816 150.3226 534.5281 303.4830 1.6807 0.5038 1.8264 -1.3449 1.4332 8.8358 -7.8347 0.0118
Pedestrian -1 -1 -4.3091 455.0994 176.2782 506.9453 316.1660 1.3988 0.3622 0.5080 -1.3938 1.4355 7.5169 -4.4876 0.0104
Cyclist -1 -1 -7.6847 667.8339 140.8386 693.7714 197.7483 1.7284 0.5537 1.6283 2.1991 0.7558 22.7717 -7.5899 0.0102
Pedestrian -1 -1 -3.5273 1106.8232 161.3978 1155.4476 256.1008 1.5111 0.5525 0.4674 8.4818 1.3280 11.8345 -2.9176 0.0075
Pedestrian -1 -1 -3.4729 508.4170 161.8642 556.4567 288.8878 1.5257 0.4817 0.4615 -1.0263 1.3934 8.9827 -3.5847 0.0070
Cyclist -1 -1 -7.7163 681.0761 144.0827 703.7019 197.1031 1.6184 0.4965 1.6576 2.5770 0.7399 22.8891 -7.6059 0.0070
Pedestrian -1 -1 -4.2021 1092.2344 145.6004 1116.3839 191.5461 1.6798 0.6011 0.4390 18.2752 0.6831 26.7471 -3.6079 0.0058
Car -1 -1 -1.8883 0.0000 179.4638 2.7639 374.0000 1.3687 1.6377 3.8498 -5.7131 1.4188 4.0992 -2.8056 0.0051
Car -1 -1 -6.6505 677.2382 165.5022 782.1407 202.0135 1.4197 1.5510 3.8924 4.7760 1.1335 29.2158 -6.4905 0.0042
Pedestrian -1 -1 -5.1301 1201.0316 158.9101 1241.0000 294.0666 1.7470 0.5062 0.4121 8.2086 1.5665 9.5935 -4.4380 0.0040
Car -1 -1 -1.9375 0.0000 147.2383 0.0000 374.0000 1.4691 1.6854 3.9351 -7.3461 1.3407 4.9051 -2.8940 0.0040
Pedestrian -1 -1 -5.0175 1189.0588 158.6965 1241.0000 296.4810 1.7983 0.5269 0.4597 8.1606 1.6132 9.7280 -4.3350 0.0036
Cyclist -1 -1 -7.7171 668.5563 135.8587 693.4014 199.6236 1.9093 0.5247 1.9134 2.1895 0.8013 22.5962 -7.6221 0.0034
Car -1 -1 -1.7972 0.0000 150.5785 0.0000 374.0000 1.4466 1.6606 3.9049 -6.5155 1.3637 4.1572 -2.7705 0.0034
Car -1 -1 -1.8238 0.0000 141.8858 0.0000 374.0000 1.4591 1.6678 3.9331 -6.9791 1.3421 4.1115 -2.8332 0.0031
Car -1 -1 -8.9640 0.0000 0.0000 1241.0000 374.0000 1.5415 1.5838 3.5640 3.8937 1.5215 1.2503 -7.7711 0.0030
Car -1 -1 -8.9936 0.0000 0.0000 1241.0000 374.0000 1.5454 1.5811 3.5480 4.2483 1.5467 1.2543 -7.7726 0.0030
Car -1 -1 -9.0338 0.0000 0.0000 1241.0000 374.0000 1.5427 1.5873 3.5730 5.0452 1.5620 1.3168 -7.7723 0.0030
Car -1 -1 -9.0637 0.0000 0.0000 1241.0000 374.0000 1.5459 1.5953 3.6234 5.8301 1.5717 1.3804 -7.7727 0.0030
Car -1 -1 -5.8745 1241.0000 176.2586 1241.0000 374.0000 1.5322 1.5946 3.6885 6.2392 1.5504 2.0403 -4.6620 0.0030
Car -1 -1 -9.0493 0.0000 0.0000 1241.0000 374.0000 1.5286 1.5950 3.6005 5.4492 1.5666 1.3545 -7.7725 0.0030
Car -1 -1 -9.0153 0.0000 0.0000 1241.0000 374.0000 1.5330 1.5879 3.5737 4.6680 1.5452 1.2901 -7.7719 0.0030
Car -1 -1 -8.9328 0.0000 0.0000 1241.0000 374.0000 1.5499 1.5765 3.5387 3.4709 1.5261 1.2135 -7.7722 0.0030
Car -1 -1 -8.8909 0.0000 0.0000 1241.0000 374.0000 1.5453 1.5822 3.5478 3.1020 1.5208 1.2054 -7.7710 0.0030
Car -1 -1 -6.4831 0.0000 0.0000 1241.0000 374.0000 1.5435 1.5876 3.6213 -5.7940 1.6988 1.4047 -7.7702 0.0030
Car -1 -1 -5.8360 1241.0000 119.2960 1241.0000 374.0000 1.5410 1.5886 3.6609 5.4591 1.5320 1.9866 -4.6613 0.0030
Car -1 -1 -6.5084 0.0000 0.0000 1241.0000 374.0000 1.5242 1.5764 3.5408 -4.9894 1.6557 1.3071 -7.7705 0.0030
Car -1 -1 -9.0757 0.0000 0.0000 1241.0000 374.0000 1.5349 1.6044 3.6557 6.2338 1.5871 1.4192 -7.7733 0.0030
Car -1 -1 -7.5702 727.9880 164.1113 779.4230 196.7242 1.5807 1.6146 3.7261 7.3745 1.1566 36.9964 -7.3753 0.0029
Car -1 -1 -6.4311 672.6797 162.7685 768.0767 198.8625 1.4022 1.4556 3.5779 4.3070 1.0101 28.7600 -6.2843 0.0027
Car -1 -1 -7.7052 725.4929 161.0665 767.3943 194.1669 1.6082 1.5787 3.8046 7.0231 1.0352 37.1119 -7.5199 0.0024
Cyclist -1 -1 -4.9617 1178.8232 123.0669 1241.0000 230.3839 1.8657 0.5279 1.5843 11.0532 0.9998 13.3737 -4.2818 0.0021
Cyclist -1 -1 -8.2060 972.4199 152.0363 1043.8444 256.7657 1.6448 0.5444 1.5019 6.5900 1.3175 12.1125 -7.7184 0.0020
Car -1 -1 -4.4147 0.0000 201.3060 16.8040 374.0000 1.2895 1.6446 3.9587 -5.4025 1.5592 4.7221 -5.2391 0.0020
Cyclist -1 -1 -7.9634 672.5425 144.6787 693.2712 202.0616 1.6916 0.4314 1.7958 2.1787 0.8607 22.1706 -7.8671 0.0016
Car -1 -1 -3.0271 637.6690 157.3616 741.3235 199.9337 1.6607 1.6279 4.0394 3.2184 1.0560 29.3852 -2.9195 0.0016
Car -1 -1 -8.1180 665.3156 163.2425 724.5002 202.2600 1.5429 1.5303 3.7944 3.4763 1.1626 30.5242 -8.0061 0.0015
Pedestrian -1 -1 -8.2926 1172.8669 150.1996 1241.0000 293.3369 1.8787 0.5789 0.4832 8.0287 1.5811 9.7724 -7.6202 0.0015
Car -1 -1 -3.4092 639.2840 160.2652 740.1894 202.1333 1.6302 1.5263 3.7808 3.1458 1.1398 29.1523 -3.3032 0.0014
Cyclist -1 -1 -5.7009 1147.0555 160.8648 1241.0000 307.0715 1.7719 0.5104 1.7228 8.1765 1.6263 9.6427 -5.0132 0.0014
Car -1 -1 -4.5559 668.4968 151.8603 726.0815 201.1573 1.7808 1.6398 3.9779 3.4343 1.0221 28.2023 -4.4364 0.0013
Pedestrian -1 -1 -8.2673 1017.5566 158.4211 1049.3417 222.3087 1.7282 0.5945 0.5120 11.5662 1.3375 19.8043 -7.7455 0.0013
Car -1 -1 -6.7264 676.9156 162.8793 777.5242 200.9051 1.5003 1.5943 3.7785 4.7755 1.1064 29.7656 -6.5692 0.0013
Pedestrian -1 -1 -5.7107 892.0226 135.0791 924.6083 213.7593 1.7314 0.5115 0.4776 6.6528 0.8998 16.2202 -5.3280 0.0011
Car -1 -1 -6.7495 678.9634 163.8756 768.7452 199.5149 1.3989 1.4476 3.3347 4.6039 1.0462 29.5249 -6.5967 0.0010
Cyclist -1 -1 -5.1873 1023.1827 140.4382 1084.8503 221.6658 1.8655 0.5255 1.7212 10.6473 1.1207 17.4466 -4.6470 0.0009
Cyclist -1 -1 -7.3874 421.6877 156.9608 518.2888 301.3927 1.6299 0.4869 1.6568 -1.7554 1.4502 9.0057 -7.5756 0.0008
Car -1 -1 -8.2821 657.7261 156.7527 735.7905 200.0886 1.6685 1.6433 4.1093 3.4699 1.0482 29.9877 -8.1684 0.0008
Car -1 -1 -8.4247 642.4724 149.7366 725.8594 193.9121 1.7120 1.7078 3.7004 2.9671 0.8158 29.9996 -8.3274 0.0008
Car -1 -1 -3.5311 650.9336 163.1507 762.2983 202.0450 1.4893 1.5000 4.1620 3.8091 1.1175 28.8884 -3.4017 0.0008
Car -1 -1 -3.1134 624.5180 146.5291 735.1361 192.4718 1.7715 1.9859 4.2864 2.7736 0.7562 29.0686 -3.0195 0.0008
Car -1 -1 -4.6637 678.9821 149.3526 727.4754 201.7715 1.8832 1.6786 4.2694 3.6607 1.0386 28.1712 -4.5362 0.0008
Cyclist -1 -1 -6.5583 662.2731 138.4333 721.4825 197.2467 1.9374 0.8220 1.8274 2.7026 0.8032 24.3252 -6.4493 0.0007
Car -1 -1 -8.0108 674.4296 154.2562 733.1024 199.0540 1.7269 1.7698 4.0837 3.7579 1.0097 29.8847 -7.8873 0.0007
Car -1 -1 -3.5712 633.9067 158.5558 739.4697 200.7498 1.6075 1.5808 3.8952 3.0142 1.0625 28.8635 -3.4686 0.0006
Car -1 -1 -7.7761 672.2796 160.8661 721.3713 207.5620 1.6759 1.5739 4.4066 3.4181 1.2454 28.2109 -7.6573 0.0006
Pedestrian -1 -1 -4.7342 1029.6754 147.5333 1057.1934 223.1634 1.8291 0.5664 0.4849 10.6345 1.2164 17.7997 -4.2032 0.0006
Car -1 -1 -3.5666 651.1169 159.3039 756.3015 202.1694 1.6576 1.4853 3.9615 3.7383 1.1333 29.1956 -3.4409 0.0006
Car -1 -1 -3.2271 635.8352 162.4426 747.1803 202.3006 1.4426 1.6209 4.0033 2.9350 1.0655 26.9686 -3.1203 0.0006
Pedestrian -1 -1 -8.0061 1029.1755 153.5503 1057.3975 221.2081 1.8230 0.5942 0.4749 11.8167 1.3026 19.7722 -7.4743 0.0005
Car -1 -1 -3.2729 650.9192 165.5155 757.2390 201.5363 1.2983 1.4559 3.7439 3.3890 1.0335 26.7474 -3.1486 0.0005
Car -1 -1 -6.7390 665.9896 167.4378 771.4225 202.5409 1.2577 1.4815 3.6378 4.0282 1.0633 27.1126 -6.5935 0.0005
Car -1 -1 -3.1654 633.8251 162.4096 743.6265 201.2852 1.3896 1.5583 3.9270 2.8355 1.0160 26.7263 -3.0613 0.0004
Car -1 -1 -7.8314 684.9280 161.8573 726.4202 206.2179 1.6062 1.4960 4.2896 3.7556 1.2078 28.3594 -7.7015 0.0004
Pedestrian -1 -1 -3.5172 588.0527 151.6438 616.0662 226.7502 1.3642 0.4390 0.3838 -0.2038 0.9787 13.3821 -3.5329 0.0003
Car -1 -1 -4.4743 663.9384 162.2710 731.4377 203.2019 1.3676 1.5796 3.8163 3.2051 1.0137 26.1717 -4.3542 0.0003
Car -1 -1 -4.3840 664.4099 157.8987 749.5353 203.0067 1.4837 1.7936 4.1710 3.5346 0.9915 25.9998 -4.2507 0.0003
Car -1 -1 -6.5582 674.7951 165.6460 790.2142 202.7405 1.3332 1.4892 3.9844 4.4793 1.0738 26.8953 -6.3953 0.0003
Pedestrian -1 -1 -6.6216 971.7909 136.1663 1000.2482 200.0051 1.7215 0.7042 0.4828 10.2809 0.7319 19.8384 -6.1496 0.0003
Car -1 -1 -7.7362 660.6075 160.5022 719.6990 202.7193 1.4289 1.7061 4.0300 2.9789 1.0105 26.5773 -7.6262 0.0002
Car -1 -1 -4.7463 687.4415 150.5266 729.0653 200.6162 1.8877 1.5155 3.9310 3.8764 1.0460 29.2219 -4.6161 0.0002
Cyclist -1 -1 -3.0831 671.9023 137.6259 730.4933 197.4066 1.9663 0.8388 1.9160 3.0360 0.8073 24.3172 -2.9606 0.0002
Car -1 -1 -7.9868 665.4764 156.6810 724.3233 201.4121 1.5090 1.5944 3.9864 2.9739 0.9631 26.3506 -7.8760 0.0002
Car -1 -1 -7.9115 678.7275 158.3150 728.4244 199.4739 1.3949 1.5663 3.7048 3.3062 0.9018 26.3526 -7.7884 0.0002
Car -1 -1 -3.4183 644.9474 162.0307 765.9261 201.5569 1.3822 1.5618 4.1002 3.3949 1.0034 26.3103 -3.2917 0.0002
Car -1 -1 -8.0137 651.4109 154.7900 716.1146 202.1277 1.5830 1.6660 4.2258 2.5495 0.9786 26.2913 -7.9185 0.0001
Cyclist -1 -1 -3.4501 684.2446 147.3991 742.0677 201.3314 1.9190 0.8122 1.9246 3.6953 1.0129 26.2364 -3.3121 0.0001
Cyclist -1 -1 -6.4668 681.9168 148.2220 737.1064 202.9050 1.9546 0.7936 1.8722 3.5586 1.0738 26.2342 -6.3339 0.0001
Car -1 -1 -3.2567 619.7177 149.5241 748.3481 195.8050 1.6221 1.8688 4.4638 2.5694 0.8041 26.2664 -3.1606 0.0001
Car -1 -1 -7.8045 685.3038 152.4282 739.1939 197.7596 1.5228 1.7596 4.0633 3.7633 0.8363 26.3994 -7.6647 0.0001
