Car -1 -1 -4.5790 465.6220 177.2849 501.8883 204.9976 1.5487 1.6374 3.7337 -7.4814 1.8230 42.8256 -4.7513 0.9709
Car -1 -1 -3.9085 0.0000 194.1987 119.9492 374.0000 1.4242 1.6572 4.2536 -7.7639 1.7217 7.9034 -4.6681 0.9410
Car -1 -1 -4.5436 464.4628 177.6549 502.3922 204.9359 1.5254 1.6109 3.7604 -7.5102 1.8230 42.8895 -4.7163 0.8220
Car -1 -1 -3.9938 0.0000 195.5129 117.1564 364.7986 1.4117 1.5564 3.5228 -7.6647 1.7265 8.2627 -4.7257 0.7910
Car -1 -1 -4.5552 463.8894 175.9245 503.5664 204.6561 1.5976 1.6760 4.1776 -7.4459 1.7878 42.6710 -4.7273 0.7176
Car -1 -1 -4.5597 467.8758 176.5597 504.6413 204.5403 1.5714 1.5737 3.9835 -7.3692 1.8026 43.0582 -4.7286 0.6318
Car -1 -1 -3.9915 0.0000 198.3291 117.2938 360.8473 1.3969 1.6187 3.3851 -7.7708 1.7544 8.4335 -4.7203 0.5735
Car -1 -1 -3.7234 0.0000 192.2545 121.8313 374.0000 1.4748 1.6308 4.3255 -7.9699 1.7484 7.8972 -4.4965 0.5655
Pedestrian -1 -1 -2.1256 175.3432 183.1614 201.7480 228.4865 1.7466 0.5670 0.7931 -16.6556 2.1588 28.4400 -2.6516 0.5497
Car -1 -1 -3.8224 0.0000 193.6236 119.0365 374.0000 1.4335 1.6790 4.2225 -7.9066 1.7250 7.9392 -4.5889 0.5418
Pedestrian -1 -1 -5.2619 178.2921 182.2183 201.6143 228.6534 1.8021 0.5605 0.6134 -16.6654 2.1775 28.5530 -5.7864 0.5413
Car -1 -1 -4.5402 465.8257 176.2150 505.3445 204.9229 1.5978 1.6457 3.9487 -7.3275 1.8052 42.5989 -4.7099 0.5332
Car -1 -1 -3.9956 0.0000 191.3310 118.0146 374.0000 1.4548 1.6351 4.4758 -7.5950 1.7106 7.7280 -4.7551 0.5132
Car -1 -1 -4.4986 458.9600 176.4701 505.0474 206.5761 1.6356 1.7428 4.4007 -7.4125 1.8568 41.9692 -4.6728 0.3772
Car -1 -1 -4.8427 627.8463 173.7309 659.8354 199.6343 1.6983 1.6716 4.0422 2.2481 1.7607 49.5321 -4.7981 0.3020
Pedestrian -1 -1 -5.3089 173.0910 182.9191 198.7587 229.9397 1.8248 0.5895 0.6944 -16.8495 2.2292 28.5958 -5.8376 0.2934
Pedestrian -1 -1 -2.9375 169.8438 183.5802 194.7325 230.3212 1.7994 0.6280 0.7291 -16.8617 2.2271 28.3816 -3.4697 0.2192
Pedestrian -1 -1 -5.4432 182.1651 181.8335 208.1002 227.8463 1.7883 0.5774 0.6907 -16.4721 2.1484 28.5756 -5.9624 0.2172
Car -1 -1 -4.7562 627.2610 173.6381 653.2159 200.0591 1.7394 1.6062 3.7519 2.0085 1.7950 49.4931 -4.7164 0.1339
Car -1 -1 -4.7993 625.9985 173.8714 654.0269 199.7941 1.7109 1.5814 4.0062 2.0024 1.7837 49.8198 -4.7598 0.1241
Car -1 -1 -2.5772 131.2237 184.6090 264.3550 225.9304 1.4733 1.6696 4.1049 -15.5146 1.9313 27.1954 -3.0917 0.1091
Car -1 -1 -7.7577 579.7656 176.0293 599.0969 191.5629 1.4135 1.5186 3.2527 -1.9384 1.7198 68.0135 -7.7865 0.1012
Car -1 -1 -7.8147 580.8790 175.4221 599.6702 192.2202 1.5402 1.6312 4.3112 -1.8780 1.7931 68.9847 -7.8422 0.0907
Pedestrian -1 -1 -3.3982 179.5171 183.4342 205.2647 228.0454 1.7084 0.5950 0.7496 -16.4420 2.1305 28.3322 -3.9202 0.0846
Car -1 -1 -7.8740 579.1074 176.1998 596.6006 191.9466 1.4395 1.5842 3.7694 -2.1511 1.7667 68.6992 -7.9055 0.0636
Car -1 -1 -2.2922 156.8018 186.1416 265.5056 228.0874 1.4809 1.6158 3.7097 -15.3724 2.0171 27.7453 -2.7943 0.0592
Car -1 -1 -4.0124 140.7375 185.0242 267.0739 229.6155 1.3978 1.6473 4.1908 -14.5378 1.8742 26.0431 -4.5174 0.0498
Car -1 -1 -4.7350 621.7113 175.9908 658.2863 210.7797 1.5502 1.6418 3.7798 1.3407 1.7077 34.3976 -4.6969 0.0493
Car -1 -1 -2.9198 176.7763 198.9606 249.2892 227.5882 1.4826 1.5593 3.3280 -22.4106 3.0014 40.7766 -3.4200 0.0485
Car -1 -1 -4.0353 146.0581 186.2520 266.0367 229.9279 1.3628 1.6254 3.9512 -14.3853 1.8818 25.8803 -4.5386 0.0479
Car -1 -1 -2.9262 170.4180 199.7985 247.4853 228.4798 1.4783 1.6056 3.5525 -22.6807 3.0515 40.8612 -3.4304 0.0368
Car -1 -1 -4.6049 631.7730 175.4507 662.9283 199.3956 1.5588 1.7416 3.7540 2.5619 1.7434 49.3935 -4.5538 0.0349
Car -1 -1 -7.9812 574.3818 176.1752 596.2820 192.2385 1.4655 1.6034 3.8456 -2.3955 1.7907 68.6935 -8.0163 0.0349
Car -1 -1 -4.2862 623.3484 180.4192 681.5102 211.1960 1.4391 1.5451 3.7607 2.1744 1.8455 36.7582 -4.2282 0.0338
Car -1 -1 -7.8026 580.5154 176.2759 598.6514 191.8502 1.4277 1.5518 3.4720 -1.9417 1.7614 68.6678 -7.8311 0.0295
Car -1 -1 -2.4559 140.2791 185.3403 267.0024 226.9440 1.4737 1.7054 4.0431 -15.4741 1.9695 27.4709 -2.9650 0.0277
Cyclist -1 -1 -5.7320 165.7905 183.3201 215.2202 228.3730 1.7578 0.5465 1.6529 -16.6554 2.1765 28.5853 -6.2558 0.0273
Car -1 -1 -6.7418 621.2812 179.6530 709.2364 210.6637 1.4621 1.7142 4.0695 2.7351 1.8182 36.2612 -6.6677 0.0265
Car -1 -1 -4.7715 623.3022 176.9216 661.3975 212.5304 1.5223 1.5019 4.1412 1.4017 1.7221 33.4065 -4.7305 0.0253
Car -1 -1 -4.6778 462.0756 175.9072 494.4650 207.2251 1.6280 1.6272 4.1303 -7.3085 1.8065 40.0907 -4.8574 0.0232
Car -1 -1 -7.3317 624.4543 180.8443 684.8159 211.4959 1.4268 1.4429 3.6063 2.2632 1.8516 36.4816 -7.2708 0.0216
Pedestrian -1 -1 -2.9426 251.5738 175.9347 279.7847 237.9194 1.7418 0.5302 0.6354 -9.8939 1.8311 20.6429 -3.3850 0.0213
Car -1 -1 -5.2159 181.4566 200.6537 248.5876 229.1419 1.4331 1.6386 4.0615 -22.8053 3.1027 41.5589 -5.7154 0.0210
Car -1 -1 -3.1331 167.7531 199.0645 244.6306 228.9936 1.4972 1.5942 3.6974 -22.6208 3.0240 40.4546 -3.6405 0.0207
Car -1 -1 -6.5402 627.0275 180.1546 717.5246 211.4916 1.4974 1.7418 4.2261 3.0598 1.8765 36.2724 -6.4573 0.0198
Car -1 -1 -4.8677 204.9029 199.8826 247.4046 228.6226 1.4382 1.6129 3.7914 -22.3418 3.0813 41.8711 -5.3556 0.0186
Car -1 -1 -4.8892 609.0248 173.5775 642.6953 200.2220 1.7458 1.6266 3.9640 1.0128 1.7972 49.4738 -4.8693 0.0186
Car -1 -1 -4.4285 632.8159 180.6293 686.9055 211.2906 1.4262 1.6563 4.2071 2.5783 1.8486 36.9675 -4.3600 0.0185
Car -1 -1 -6.5002 627.4390 179.3493 713.5959 211.0876 1.5135 1.7628 3.9968 2.9452 1.8477 36.0212 -6.4198 0.0171
Pedestrian -1 -1 -2.9812 248.9313 180.0796 273.6111 239.7624 1.6077 0.6167 0.5197 -9.6593 1.8104 19.8953 -3.4283 0.0168
Car -1 -1 -4.6948 617.4844 177.2716 653.0718 211.8984 1.4897 1.5581 4.0486 1.1674 1.7079 33.6287 -4.6610 0.0167
Car -1 -1 -7.6472 624.2697 181.1421 665.6273 210.8672 1.3906 1.4163 3.4955 1.7797 1.8330 36.6682 -7.5996 0.0166
Car -1 -1 -7.8082 623.3997 181.0465 653.7111 210.7806 1.3985 1.3894 3.4528 1.4474 1.8351 36.6957 -7.7697 0.0165
Pedestrian -1 -1 -3.1133 253.8952 178.7642 275.6812 239.9038 1.6422 0.6564 0.5211 -9.5476 1.8079 19.8639 -3.5565 0.0157
Car -1 -1 -7.5196 633.1775 180.6384 685.6641 211.8873 1.4463 1.5343 3.6359 2.4999 1.8595 36.3523 -7.4521 0.0152
Car -1 -1 -4.6718 211.4486 198.9237 246.7473 228.4642 1.4174 1.5801 3.5038 -21.0712 2.9293 39.9324 -5.1550 0.0149
Car -1 -1 -5.2328 651.4417 179.0334 736.9420 217.4107 1.3387 1.5553 3.8579 3.1261 1.5953 27.9179 -5.1230 0.0141
Cyclist -1 -1 -4.3519 173.8223 181.9865 203.9500 228.4230 1.7649 0.5023 1.5791 -16.7000 2.1366 28.5665 -4.8771 0.0132
Car -1 -1 -4.3980 623.2687 171.6985 666.4341 198.9168 1.7652 1.7882 3.9734 2.3791 1.6899 48.9679 -4.3501 0.0124
Car -1 -1 -4.8526 215.9033 198.1650 259.2492 227.8524 1.4231 1.6356 3.6789 -20.6771 2.8926 39.9270 -5.3281 0.0122
Car -1 -1 -5.0455 651.5282 178.3443 722.9222 217.9326 1.4253 1.5200 4.2015 2.9468 1.6611 28.8128 -4.9453 0.0105
Car -1 -1 -7.9468 659.5300 177.8232 706.9357 212.7990 1.3297 1.5855 3.8186 2.9265 1.5483 29.8855 -7.8507 0.0095
Car -1 -1 -6.4765 631.9658 177.7009 715.6210 210.4453 1.5572 1.6761 3.8651 3.0767 1.8035 35.6649 -6.3918 0.0092
Pedestrian -1 -1 -3.0763 251.8711 179.9854 274.1036 240.0510 1.6393 0.6393 0.5183 -9.7484 1.8424 20.1787 -3.5216 0.0087
Car -1 -1 -7.4677 230.1171 182.4122 316.8495 218.1049 1.3690 1.7872 4.6010 -14.4847 1.8139 31.2660 -7.8986 0.0085
Car -1 -1 -4.9483 641.4257 178.3076 696.9382 210.3415 1.3915 1.6806 4.1739 2.6965 1.6669 34.2825 -4.8711 0.0080
Car -1 -1 -4.6967 644.5334 179.1283 675.2313 208.2582 1.4098 1.5234 4.0993 2.6101 1.7576 37.9327 -4.6291 0.0079
Car -1 -1 -4.8792 654.5041 175.7652 716.7400 219.0767 1.6040 1.7257 4.8050 2.9477 1.7327 29.5083 -4.7813 0.0072
Car -1 -1 -5.3130 655.1149 177.2358 745.7543 216.2216 1.3756 1.5487 3.8873 3.3799 1.5581 28.0090 -5.1948 0.0071
Car -1 -1 -4.5925 637.7150 179.4699 672.1979 207.9867 1.3867 1.3879 3.6362 2.3613 1.7513 37.8872 -4.5313 0.0071
Car -1 -1 -7.9099 655.5786 180.1016 700.1272 216.0431 1.3510 1.6000 3.9287 2.7077 1.6711 29.9131 -7.8212 0.0065
Cyclist -1 -1 -7.9252 628.4338 174.8959 635.5368 197.8340 1.5201 0.3583 1.6805 1.4509 1.6603 48.8135 -7.8961 0.0063
Car -1 -1 -4.9935 652.4528 179.9085 715.0419 217.8586 1.3737 1.4987 3.6972 2.8262 1.6741 28.7998 -4.8973 0.0060
Car -1 -1 -5.0240 443.4158 176.4470 472.7724 193.3119 1.5850 1.6728 4.0052 -14.9692 1.9484 70.8848 -5.2316 0.0053
Car -1 -1 -4.7157 452.5989 176.4447 470.3325 193.3615 1.5940 1.6629 4.0440 -14.6505 1.9580 71.0494 -4.9186 0.0048
Car -1 -1 -6.6005 575.2794 176.0808 620.8684 191.8377 1.4448 1.5749 4.0131 -1.1494 1.7555 68.1360 -6.6177 0.0047
Car -1 -1 -5.0480 658.9811 175.4746 737.5416 216.7708 1.4866 1.6369 4.6434 3.3561 1.5995 28.7292 -4.9335 0.0047
Car -1 -1 -7.4117 224.5133 182.2812 317.4277 218.1419 1.3527 1.7746 4.5791 -14.3324 1.7839 30.7231 -7.8452 0.0046
Car -1 -1 -4.2217 447.1751 177.6040 481.9138 193.8592 1.5243 1.6435 4.0449 -14.3115 2.0063 71.1025 -4.4199 0.0044
Car -1 -1 -6.5732 656.2043 175.4186 755.1293 211.1676 1.3997 1.7495 3.6696 3.8388 1.5087 29.5784 -6.4459 0.0044
Car -1 -1 -4.8269 773.7503 185.2729 806.7031 210.6752 1.5583 1.6840 3.9794 12.0037 2.4265 48.3777 -4.5857 0.0044
Car -1 -1 -4.0142 448.4654 176.5988 488.6305 193.2019 1.5621 1.7201 3.9859 -13.9045 1.9416 71.0185 -4.2072 0.0041
Car -1 -1 -4.3493 774.3124 183.9380 822.4850 211.5737 1.6987 1.7080 4.3355 12.6552 2.4771 48.4293 -4.0958 0.0041
Car -1 -1 -7.5060 240.2339 183.0103 319.0854 218.1031 1.3549 1.6683 4.5423 -14.3527 1.8312 31.5336 -7.9303 0.0038
Car -1 -1 -6.5020 661.6075 175.3860 759.0977 210.5527 1.3676 1.6898 3.6223 3.9705 1.4733 29.2005 -6.3688 0.0038
Car -1 -1 -6.6154 652.8030 174.7692 757.9203 213.0258 1.5104 1.7905 3.9469 3.8723 1.5928 29.8927 -6.4884 0.0032
Car -1 -1 -4.7620 803.2053 189.1667 838.6356 222.3919 1.5300 1.5503 3.5304 10.7251 2.4087 36.9839 -4.4826 0.0031
Car -1 -1 -4.5993 777.3700 184.7560 809.4444 210.8626 1.5997 1.6508 4.0097 12.2941 2.4328 48.3558 -4.3524 0.0031
Car -1 -1 -4.3250 782.0826 183.7658 829.5366 209.3012 1.5710 1.7157 3.9210 13.0950 2.3318 48.2481 -4.0621 0.0023
Cyclist -1 -1 -7.9906 627.7077 177.0880 636.5430 199.9027 1.5041 0.3952 1.4713 1.4535 1.7934 48.6005 -7.9614 0.0023
Cyclist -1 -1 -7.9809 667.2106 174.4001 687.1535 228.0314 1.7653 0.4447 1.8223 2.2422 1.8199 24.7211 -7.8923 0.0018
Cyclist -1 -1 -7.7117 251.3846 179.4545 278.1123 239.9283 1.5820 0.4329 1.6385 -9.5599 1.7716 19.9073 -8.1546 0.0016
Car -1 -1 -4.8329 795.0978 190.2127 834.2265 223.5537 1.5227 1.4815 3.5649 10.3415 2.4523 36.7780 -4.5617 0.0016
Pedestrian -1 -1 -2.6647 316.3209 181.9537 328.0081 208.7602 1.5996 0.5614 0.4476 -17.4115 2.1525 43.5628 -3.0431 0.0015
Car -1 -1 -4.1125 316.5971 179.4737 376.2990 206.5230 1.5123 1.5059 3.7579 -15.7955 1.9280 43.3312 -4.4604 0.0014
Car -1 -1 -4.9230 224.1579 178.2211 265.3329 204.3220 1.6513 1.6796 3.9862 -24.6550 2.0278 48.5825 -5.3906 0.0009
Car -1 -1 -6.5494 576.0258 177.1226 620.8952 192.2353 1.3816 1.4281 3.9867 -1.1107 1.7904 67.9069 -6.5660 0.0008
Car -1 -1 -4.7412 234.6808 177.8151 263.2158 203.5197 1.6317 1.6159 3.5645 -24.3287 1.9783 48.5072 -5.2041 0.0007
Cyclist -1 -1 -7.7941 657.0723 179.3113 671.1156 225.2097 1.5026 0.3920 1.5481 1.8072 1.7299 24.6378 -7.7225 0.0006
Pedestrian -1 -1 -6.4356 647.1768 171.4671 653.2720 195.7378 2.0858 0.7388 0.4178 3.4530 1.9663 62.3968 -6.3810 0.0001
