Car -1 -1 -2.5662 0.0000 185.1564 255.0153 302.1150 1.4844 1.6725 4.0893 -7.5772 1.6754 10.2859 -3.1890 0.9997
Car -1 -1 -6.8142 812.2421 184.4682 1175.4152 321.1648 1.4876 1.6228 3.6859 4.5426 1.6468 8.9625 -6.3593 0.9995
Car -1 -1 -6.6608 759.9460 185.9107 1037.1721 288.2865 1.4596 1.5442 3.7259 4.3263 1.6787 11.3074 -6.3051 0.9947
Car -1 -1 -2.7494 0.0000 174.5094 268.0873 277.2492 1.6412 1.5973 3.6030 -8.2095 1.6725 12.6598 -3.3154 0.9925
Car -1 -1 -2.8558 92.6292 171.1331 315.9632 261.5498 1.7460 1.6706 3.7625 -8.3820 1.7125 15.1471 -3.3542 0.9774
Car -1 -1 -5.4580 1031.2433 181.3047 1103.6332 207.6199 1.4908 1.6911 3.6605 27.8323 2.0297 44.0867 -4.8983 0.9769
Car -1 -1 -8.1325 454.0703 177.1169 495.1301 204.3020 1.7032 1.6940 3.8145 -9.0676 1.9985 47.9443 -8.3188 0.9650
Car -1 -1 -7.7780 1139.5001 185.0566 1199.3453 226.7904 1.4424 1.5683 3.9808 21.7952 1.9516 28.1179 -7.1242 0.9622
Car -1 -1 -8.1128 453.4063 177.4335 494.0213 204.5873 1.6962 1.6934 3.9472 -9.1282 2.0138 47.9423 -8.3003 0.8881
Car -1 -1 -5.9912 163.9844 168.1155 348.6788 246.5082 1.8079 1.5529 3.7783 -8.5908 1.6983 17.6980 -6.4376 0.8768
Car -1 -1 -5.4426 1029.4874 181.9485 1103.1827 208.3574 1.4919 1.6900 3.8128 27.8168 2.0740 44.1785 -4.8842 0.8181
Car -1 -1 -2.5725 0.0000 185.0764 252.6073 304.5417 1.5164 1.5622 4.1163 -7.5806 1.7047 10.2372 -3.1977 0.7963
Car -1 -1 -7.8284 1141.5579 186.6198 1192.3202 226.9450 1.3967 1.4842 3.3086 21.5466 1.9629 27.9425 -7.1772 0.7917
Car -1 -1 -2.7578 0.0000 173.8308 266.1965 276.5042 1.6240 1.5645 3.6508 -8.2055 1.6422 12.5404 -3.3278 0.7579
Car -1 -1 -7.8331 1143.3495 184.7493 1195.1825 225.7586 1.4288 1.5074 2.9708 21.4468 1.9123 27.7158 -7.1802 0.7193
Car -1 -1 -5.4489 1031.3079 181.2406 1105.3291 207.6282 1.4957 1.7590 3.7378 27.9289 2.0319 44.1605 -4.8884 0.7078
Car -1 -1 -2.7901 98.9442 170.5735 315.7109 259.0430 1.7359 1.7218 3.6325 -8.4083 1.6909 15.2718 -3.2864 0.6980
Car -1 -1 -2.8890 88.5554 171.3957 311.2800 262.3851 1.7383 1.6549 3.7356 -8.4107 1.7102 15.0486 -3.3914 0.6965
Car -1 -1 -7.8408 1139.1052 186.8347 1190.9001 227.5806 1.4073 1.5158 3.4826 21.5057 1.9856 28.0218 -7.1919 0.6765
Car -1 -1 -7.7698 1141.8760 185.4469 1201.7404 226.5378 1.4140 1.5343 3.8458 21.7575 1.9353 27.9533 -7.1140 0.6453
Car -1 -1 -6.0201 154.6121 169.7646 349.8277 247.6943 1.7795 1.6185 3.9887 -8.6417 1.7087 17.6422 -6.4700 0.6112
Car -1 -1 -5.4867 1036.1027 180.3347 1104.8649 207.0360 1.5194 1.6586 3.3336 27.8949 1.9927 43.8730 -4.9239 0.5744
Car -1 -1 -5.8829 163.1875 174.3082 357.7101 244.9670 1.6583 1.6594 4.0112 -8.5926 1.6959 17.8851 -6.3254 0.5202
Car -1 -1 -6.1228 152.0615 176.2720 350.9571 247.9364 1.5851 1.6374 4.0909 -8.5366 1.6740 17.4572 -6.5720 0.4518
Car -1 -1 -3.1882 236.2750 177.6570 370.0405 222.8029 1.5140 1.6614 4.3545 -11.1590 1.6996 26.2435 -3.5869 0.4354
Car -1 -1 -3.0391 234.9822 177.6493 368.6497 221.9256 1.5194 1.6817 4.3617 -11.2364 1.7049 26.5116 -3.4367 0.4161
Car -1 -1 -3.3485 227.7301 175.8285 373.5404 224.3934 1.5952 1.6896 4.5727 -11.1085 1.7101 25.9450 -3.7496 0.3593
Car -1 -1 -5.0993 498.8739 174.4609 545.3262 204.6322 1.8996 1.7298 3.8265 -5.8894 2.0103 47.7432 -5.2219 0.2347
Car -1 -1 -7.9451 359.5103 176.0504 392.4157 205.6338 1.5798 1.4896 3.0381 -13.2266 1.7667 40.5850 -8.2585 0.1893
Car -1 -1 -5.0539 496.6869 174.7416 541.2012 204.2522 1.8669 1.7347 3.8828 -6.1368 1.9978 48.0408 -5.1807 0.1813
Car -1 -1 -8.0348 353.3111 176.1031 392.1456 205.8224 1.5831 1.4920 3.4015 -13.4488 1.7744 40.6910 -8.3524 0.1566
Car -1 -1 -4.9555 323.3048 178.5784 377.8698 213.6818 1.5212 1.5512 3.7653 -12.2780 1.8058 33.9157 -5.3007 0.1509
Car -1 -1 -4.8226 335.0436 178.1086 378.2798 213.4623 1.5383 1.5256 3.6580 -12.0052 1.7997 33.9618 -5.1603 0.1451
Car -1 -1 -4.7291 342.0804 177.1269 378.2306 213.5537 1.6014 1.5376 3.8134 -11.9312 1.8162 34.2575 -5.0622 0.1444
Car -1 -1 -2.8746 244.1392 179.1222 372.4844 221.9429 1.5122 1.6500 4.1190 -11.1849 1.7547 26.8695 -3.2659 0.1272
Car -1 -1 -8.2057 493.1959 176.0183 538.8570 206.0117 1.9023 1.6889 4.2135 -6.3956 2.1246 48.4983 -8.3366 0.1261
Car -1 -1 -2.4556 252.5236 179.3590 379.1959 222.4221 1.5164 1.6763 4.3659 -11.1582 1.7752 27.2929 -2.8407 0.0984
Car -1 -1 -5.1114 309.3889 178.0097 378.1405 213.4059 1.5303 1.6001 3.9733 -12.5463 1.7856 33.7732 -5.4649 0.0950
Cyclist -1 -1 -2.6990 329.7376 173.5718 372.2531 214.5166 1.8320 0.7118 1.6722 -11.7854 1.8647 32.7367 -3.0423 0.0852
Car -1 -1 -7.9402 312.4261 178.7539 367.8505 222.9059 1.5396 1.6571 4.1803 -10.5771 1.7866 28.0026 -8.2986 0.0806
Car -1 -1 -8.0449 349.4070 176.2045 391.3898 206.4634 1.6083 1.5847 3.6597 -13.6124 1.8066 40.7745 -8.3655 0.0742
Car -1 -1 -5.1770 299.9919 179.5565 374.1445 214.7294 1.5028 1.6346 3.9238 -12.7494 1.8316 33.4959 -5.5384 0.0737
Car -1 -1 -7.8303 321.7667 178.3521 368.0433 222.3769 1.5502 1.5797 4.2657 -10.3548 1.7825 28.2477 -8.1790 0.0699
Car -1 -1 -5.5284 1209.4059 178.7481 1241.0000 236.4268 1.4900 1.5946 3.8967 19.9275 1.6779 21.0429 -4.7776 0.0635
Car -1 -1 -6.9776 1104.0939 183.0241 1184.9869 208.4274 1.5176 1.6750 3.8662 33.1321 2.1625 44.8239 -6.3447 0.0600
Car -1 -1 -4.9644 1105.0667 182.7982 1157.0520 209.1952 1.5198 1.6547 4.1362 32.7063 2.1766 45.4489 -4.3441 0.0549
Car -1 -1 -5.1816 1093.4493 182.9906 1159.6101 209.4889 1.5230 1.6493 4.1807 32.3180 2.1903 45.3332 -4.5658 0.0523
Car -1 -1 -4.7716 319.9122 180.6703 362.5433 216.4357 1.4908 1.6045 3.8564 -12.4058 1.8715 33.0773 -5.1281 0.0501
Cyclist -1 -1 -2.3094 333.5887 174.1419 372.6132 214.4328 1.8062 0.7027 1.7351 -11.8335 1.8663 33.1109 -2.6505 0.0496
Car -1 -1 -5.6923 1104.1198 182.0253 1194.1630 208.3507 1.4612 1.6368 4.1720 32.6243 2.0467 43.8497 -5.0563 0.0495
Car -1 -1 -7.1470 1101.9784 183.3118 1178.4299 208.9366 1.5221 1.7111 3.9513 33.1627 2.1957 45.2039 -6.5176 0.0467
Car -1 -1 -5.3173 1099.7749 182.6860 1168.1241 208.7421 1.4822 1.6112 3.6095 32.0017 2.1095 44.2370 -4.6946 0.0447
Car -1 -1 -2.1712 299.3316 179.7215 378.0812 215.3912 1.5222 1.5892 3.6753 -12.5296 1.8537 33.1539 -2.5303 0.0439
Car -1 -1 -4.2565 1101.8851 183.9762 1165.5428 209.2856 1.4893 1.6528 4.0544 33.0905 2.2182 45.6234 -3.6325 0.0432
Car -1 -1 -2.4777 285.5219 178.7236 379.7266 214.3401 1.5311 1.6219 3.8076 -12.6341 1.8084 32.7919 -2.8430 0.0390
Car -1 -1 -7.6725 1211.3650 184.5285 1241.0000 236.5451 1.4814 1.6210 4.2550 21.0471 1.8907 23.3712 -6.9462 0.0383
Car -1 -1 -4.9296 1099.7891 183.0261 1149.2397 209.1899 1.5201 1.6607 4.2853 32.6916 2.2007 46.0038 -4.3153 0.0382
Car -1 -1 -5.3860 1072.4713 184.0754 1144.7542 209.1700 1.4796 1.6367 4.0717 32.0035 2.2351 46.5036 -4.7866 0.0377
Pedestrian -1 -1 -3.1102 994.0037 175.3583 1006.2268 211.8375 1.7675 0.7236 0.5096 19.1337 1.8918 35.4608 -2.6194 0.0335
Car -1 -1 -7.5268 1210.8057 185.2233 1241.0000 239.5138 1.5408 1.6496 4.1883 21.0938 1.9648 23.0109 -6.7918 0.0303
Car -1 -1 -6.8817 1106.5834 183.0723 1189.5995 207.9129 1.4745 1.6629 3.8346 33.0800 2.1168 44.4742 -6.2458 0.0294
Car -1 -1 -3.0968 275.3516 178.2208 373.4494 213.5958 1.4980 1.6646 4.0045 -12.7893 1.7495 32.4229 -3.4701 0.0272
Car -1 -1 -5.3867 1102.0315 182.9017 1174.0087 208.7408 1.4690 1.6600 3.6172 32.2978 2.1114 44.3032 -4.7604 0.0257
Car -1 -1 -5.9694 1105.6290 182.7340 1197.6581 208.4875 1.4237 1.5981 4.1688 32.6966 2.0515 43.7082 -5.3308 0.0252
Car -1 -1 -7.1699 1204.3441 184.8985 1241.0000 238.5337 1.5576 1.6753 4.1623 21.1707 1.9529 22.5778 -6.4237 0.0251
Car -1 -1 -5.4652 1102.3997 181.8621 1179.6873 208.5667 1.5050 1.6385 3.7846 32.2376 2.0785 43.9791 -4.8363 0.0233
Car -1 -1 -5.5181 1102.2023 183.3230 1181.4592 209.5076 1.4770 1.6585 3.8313 32.5638 2.1498 44.3568 -4.8885 0.0232
Car -1 -1 -5.1058 1088.8623 182.0791 1151.4669 208.8563 1.5603 1.7141 4.2999 32.3207 2.1760 45.9003 -4.4958 0.0186
Car -1 -1 -5.2175 1099.2836 182.6786 1161.2250 209.8279 1.5509 1.6293 3.3992 31.8216 2.1779 44.2880 -4.5980 0.0167
Car -1 -1 -7.3847 1209.7930 184.1087 1241.0000 237.6449 1.5286 1.6403 4.0466 21.0530 1.9055 22.7058 -6.6440 0.0154
Car -1 -1 -5.2456 1081.8414 181.4542 1149.5034 207.9492 1.5585 1.6542 4.1010 32.0443 2.1305 45.9132 -4.6398 0.0153
Car -1 -1 -5.3834 1087.5087 181.3364 1156.1974 207.1509 1.5001 1.5793 3.6108 31.7989 2.0504 44.9923 -4.7717 0.0127
Car -1 -1 -7.7960 353.2622 177.7538 385.3752 206.5707 1.6877 1.6646 4.2379 -15.0915 2.0103 45.2902 -8.1162 0.0125
Cyclist -1 -1 -8.1507 989.3763 177.8504 1009.1701 213.0012 1.6751 0.3850 1.6410 19.0827 1.9263 35.4672 -7.6611 0.0119
Car -1 -1 -5.4361 1072.5408 181.5417 1146.0057 207.4798 1.5309 1.6332 3.9540 31.7220 2.1096 46.0301 -4.8362 0.0116
Pedestrian -1 -1 -7.9278 828.9105 178.6330 845.8275 218.5656 1.6440 0.6213 0.7190 9.4828 1.8893 30.2472 -7.6274 0.0111
Pedestrian -1 -1 -3.0943 994.9728 176.5991 1007.0118 211.7308 1.6930 0.6460 0.4904 19.0671 1.8778 35.2590 -2.6026 0.0109
Car -1 -1 -5.1864 1151.7632 182.8298 1241.0000 232.4559 1.4564 1.6087 3.9872 20.0403 1.8192 24.1456 -4.5002 0.0102
Car -1 -1 -4.5139 1045.7438 174.8192 1077.6575 193.1214 1.6211 1.7143 4.1627 41.6075 1.8076 66.4648 -3.9569 0.0094
Car -1 -1 -5.3151 1105.3657 181.2936 1174.6855 207.3261 1.4642 1.5011 3.7645 31.9862 1.9975 43.7163 -4.6870 0.0091
Car -1 -1 -5.1209 1105.8547 183.1303 1162.5778 208.5748 1.4230 1.5021 3.4915 31.6587 2.0720 43.7252 -4.4978 0.0089
Car -1 -1 -4.9557 1147.5299 182.3899 1241.0000 233.1795 1.5051 1.6457 3.9806 19.6136 1.8550 24.3427 -4.2839 0.0085
Pedestrian -1 -1 -7.8442 831.9814 179.3001 846.6066 218.4178 1.5979 0.5732 0.5619 9.4734 1.8684 29.9474 -7.5413 0.0084
Cyclist -1 -1 -8.3132 985.2606 177.9687 1009.8284 213.3428 1.7034 0.3692 1.6605 19.1861 1.9630 35.8224 -7.8254 0.0066
Car -1 -1 -4.4242 1044.6431 174.9187 1081.3376 192.8067 1.5792 1.7294 4.2336 41.5739 1.7743 66.2243 -3.8659 0.0064
Car -1 -1 -7.8625 351.3315 177.6731 381.1525 206.2531 1.6644 1.6882 4.4937 -15.3284 1.9822 45.2276 -8.1878 0.0064
Pedestrian -1 -1 -8.0973 822.2288 181.4954 841.0682 221.3265 1.6305 0.6360 0.5311 9.1495 1.9921 29.9393 -7.8041 0.0062
Car -1 -1 -5.6155 1065.8990 180.8707 1144.7104 207.2647 1.5550 1.8777 3.7702 31.3591 2.0872 45.8527 -5.0191 0.0038
Cyclist -1 -1 -7.9272 828.6359 180.9389 844.2034 219.8633 1.5760 0.5051 1.5427 9.4740 1.9249 30.3580 -7.6281 0.0038
Pedestrian -1 -1 -4.3504 832.1569 181.1649 852.6650 222.8160 1.6712 0.6170 0.6349 9.4803 2.0165 29.5668 -4.0437 0.0034
Cyclist -1 -1 -7.7367 836.3713 175.5142 856.5771 217.4539 1.6961 0.6264 1.6049 9.8454 1.8101 30.1485 -7.4245 0.0033
Cyclist -1 -1 -8.1091 825.7333 178.9572 849.5366 219.6156 1.6386 0.5549 1.5967 9.4493 1.9000 30.1325 -7.8086 0.0018
Pedestrian -1 -1 -3.8028 1099.6477 177.4765 1112.2347 200.4242 1.8046 0.7748 0.4391 39.3566 2.1740 57.3036 -3.2038 0.0018
Cyclist -1 -1 -8.3869 1181.6224 177.6668 1228.6045 229.4356 1.6037 0.4180 1.5756 19.1537 1.7643 23.3127 -7.7058 0.0018
Pedestrian -1 -1 -4.2198 1102.1724 176.0700 1114.6742 199.6768 1.8577 0.7134 0.3978 39.5530 2.1146 57.3007 -3.6185 0.0017
Pedestrian -1 -1 -3.9870 1016.4207 174.3229 1022.8798 192.1546 1.5854 0.4961 0.1959 36.5751 1.7169 64.4633 -3.4732 0.0009
Pedestrian -1 -1 -6.5517 1217.0907 170.3808 1233.4207 206.9927 1.8644 0.7347 0.4583 31.6526 1.7381 37.1724 -5.8506 0.0009
Pedestrian -1 -1 -3.9365 1018.1255 174.7550 1024.2300 192.5834 1.5859 0.4873 0.1792 36.7311 1.7562 64.4975 -3.4211 0.0005
Pedestrian -1 -1 -2.5818 20.4656 138.5290 59.9962 237.6945 2.0073 0.5787 0.3922 -11.8210 1.3122 14.9132 -3.2435 0.0003
Pedestrian -1 -1 -5.6246 282.7969 167.8605 300.4850 201.6908 1.8167 0.6035 0.6425 -17.2949 1.5482 39.1169 -6.0386 0.0001
