Car -1 -1 -4.5422 378.8893 192.2912 515.2896 288.1673 1.4389 1.7916 4.5975 -3.0178 1.8813 14.1046 -4.7502 0.9995
Car -1 -1 -4.5496 383.9906 192.2891 515.1223 288.6630 1.4575 1.7413 4.5842 -2.9947 1.9018 14.1778 -4.7550 0.9133
Car -1 -1 -4.5572 381.7480 191.2416 511.6737 290.2745 1.4908 1.7428 4.3275 -2.9982 1.9007 13.8897 -4.7669 0.8231
Car -1 -1 -6.5667 764.6918 191.5477 949.0811 251.6050 1.3931 1.6987 4.0861 6.0668 1.8886 18.2210 -6.2511 0.7867
Car -1 -1 -6.5800 768.2960 193.4611 954.3381 253.8701 1.3931 1.6597 4.0996 6.1464 1.9354 18.1186 -6.2589 0.6727
Car -1 -1 -6.5696 764.5316 191.4619 954.0003 252.0734 1.4093 1.6706 4.2192 6.1297 1.9026 18.2342 -6.2511 0.5164
Car -1 -1 -6.6430 768.6345 192.7860 963.5090 254.9296 1.4125 1.6055 4.2443 6.1776 1.9289 17.8305 -6.3155 0.3570
Cyclist -1 -1 -3.4213 1112.1583 174.4281 1241.0000 307.5901 1.6877 0.6186 1.7722 7.8856 1.7101 9.7780 -2.7581 0.1841
Car -1 -1 -6.3845 1133.7880 184.9002 1241.0000 331.7310 1.4891 1.5914 3.7620 9.1036 1.6751 9.3834 -5.6305 0.1099
Pedestrian -1 -1 -4.9948 916.5718 165.4583 952.4895 241.4492 1.8720 0.6734 0.6169 8.0919 1.6895 18.1240 -4.5816 0.1074
Car -1 -1 -6.0176 1138.7631 177.6824 1241.0000 344.9218 1.4803 1.5991 4.0376 8.9800 1.5523 8.6602 -5.2315 0.0976
Car -1 -1 -3.4171 1041.9961 188.7072 1241.0000 322.2187 1.4788 1.4575 4.0723 8.2889 1.7268 9.8229 -2.7317 0.0953
Car -1 -1 -5.9046 1124.8855 178.0523 1241.0000 342.7995 1.4542 1.5844 4.0050 8.7351 1.5318 8.6563 -5.1321 0.0939
Car -1 -1 -6.2303 1131.9125 182.2331 1241.0000 339.6763 1.4967 1.5915 3.8464 9.0004 1.6392 9.0396 -5.4639 0.0849
Cyclist -1 -1 -8.9798 1116.4661 175.5833 1241.0000 311.8865 1.6672 0.5461 1.7268 7.8784 1.7071 9.7558 -8.3159 0.0836
Car -1 -1 -3.2065 1028.6586 185.8207 1241.0000 319.1218 1.4721 1.5004 4.0886 8.2244 1.6851 10.0926 -2.5377 0.0821
Pedestrian -1 -1 -4.9713 911.7323 166.0455 948.4086 243.0979 1.8911 0.6768 0.7108 7.9726 1.7237 18.1109 -4.5634 0.0721
Car -1 -1 -7.2814 1117.0841 188.1372 1241.0000 313.2013 1.4654 1.5460 3.5710 9.0708 1.7026 9.9852 -6.5592 0.0604
Car -1 -1 -5.0534 810.2880 188.5674 939.9025 257.8253 1.4229 1.6945 3.9918 6.2852 1.8524 17.7334 -4.7189 0.0574
Car -1 -1 -6.6483 1110.7273 184.2431 1241.0000 318.2928 1.4843 1.5626 3.5491 8.9230 1.6570 9.5899 -5.9148 0.0560
Car -1 -1 -6.3915 1086.7024 189.5836 1241.0000 326.1367 1.4466 1.4885 3.6323 8.5305 1.7088 9.6828 -5.6850 0.0560
Car -1 -1 -5.2632 1060.9430 185.5876 1241.0000 274.8984 1.4654 1.5745 4.1564 11.0075 1.7603 14.5864 -4.6271 0.0542
Car -1 -1 -6.0939 1119.8152 191.4405 1241.0000 338.8430 1.4119 1.5014 3.3961 8.6908 1.6947 9.1782 -5.3524 0.0512
Car -1 -1 -5.3190 1076.6022 189.8832 1241.0000 283.0670 1.4550 1.5196 3.7232 10.8057 1.8263 13.8522 -4.6676 0.0512
Pedestrian -1 -1 -4.9271 913.3397 167.2500 948.5242 243.5948 1.8596 0.6613 0.7012 7.9373 1.7228 17.9826 -4.5182 0.0494
Pedestrian -1 -1 -7.6262 853.1436 163.3229 869.7650 209.2018 1.8483 0.5680 0.3855 10.1953 1.4640 29.3816 -7.2957 0.0482
Car -1 -1 -4.9726 825.4940 192.4831 938.7328 260.3557 1.3750 1.6120 3.8624 6.4906 1.9120 17.7611 -4.6285 0.0475
Car -1 -1 -6.0654 1067.6744 194.5211 1241.0000 333.3562 1.3907 1.4758 3.5106 8.3125 1.7352 9.6423 -5.3697 0.0451
Car -1 -1 -6.9852 1116.7408 175.6940 1241.0000 297.4081 1.4858 1.5968 3.9336 9.3361 1.5274 9.7391 -6.2365 0.0432
Car -1 -1 -6.2903 1152.7684 167.8982 1241.0000 325.8344 1.5364 1.6572 4.0323 9.3740 1.4879 9.0266 -5.5027 0.0397
Pedestrian -1 -1 -4.8439 1153.9510 174.9812 1224.0541 306.7109 1.7099 0.6626 0.5741 7.7824 1.7396 9.7933 -4.1878 0.0393
Car -1 -1 -5.3012 800.0923 190.7785 950.8782 259.7343 1.4559 1.6972 3.8916 6.5522 1.9653 18.4206 -4.9655 0.0390
Car -1 -1 -7.4631 1124.6301 187.8972 1241.0000 312.4688 1.4599 1.5152 3.5713 9.1295 1.7052 10.2973 -6.7525 0.0373
Cyclist -1 -1 -3.3875 1091.0890 174.5835 1241.0000 309.0017 1.7018 0.6300 1.8121 7.6152 1.7265 9.7943 -2.7419 0.0373
Car -1 -1 -5.1053 983.0774 156.1024 1146.2725 257.3472 1.9101 1.7127 3.4416 9.4705 1.5937 15.4408 -4.5642 0.0355
Car -1 -1 -8.0360 812.6832 187.9169 911.0651 255.9151 1.5218 1.7412 3.7919 6.4570 1.9606 19.0323 -7.7146 0.0321
Car -1 -1 -5.6978 1123.3064 179.7683 1241.0000 347.0620 1.4542 1.5698 3.9196 8.4464 1.5556 8.5290 -4.9350 0.0305
Car -1 -1 -5.4295 703.9569 177.1285 759.1684 201.1684 1.7117 1.7258 4.2606 9.0922 2.0474 54.4470 -5.2654 0.0300
Pedestrian -1 -1 -4.8251 1134.9323 169.0200 1201.9420 300.4549 1.7692 0.6687 0.6232 7.7791 1.7173 10.1497 -4.1859 0.0284
Pedestrian -1 -1 -7.6302 848.0975 163.1307 864.7702 208.7894 1.8428 0.5719 0.3938 10.0104 1.4501 29.4383 -7.3059 0.0280
Car -1 -1 -4.9509 984.7600 150.3293 1134.8944 258.0997 1.9664 1.7522 3.8951 9.2553 1.5551 15.2841 -4.4155 0.0271
Car -1 -1 -5.8181 1053.0168 189.4141 1241.0000 335.4092 1.4520 1.5107 3.6338 8.0927 1.7170 9.5895 -5.1330 0.0264
Car -1 -1 -5.4773 700.7947 177.8725 756.4996 202.3587 1.7395 1.6600 4.2438 8.8647 2.1329 54.3849 -5.3170 0.0259
Car -1 -1 -5.0484 805.6047 190.8629 931.7742 260.6588 1.4671 1.7236 3.9781 6.2984 1.9707 18.1930 -4.7210 0.0249
Car -1 -1 -6.1516 1121.5276 185.1450 1241.0000 332.8623 1.4770 1.5574 3.5922 8.9863 1.6689 9.4066 -5.4053 0.0242
Car -1 -1 -5.9218 1114.8082 189.4918 1241.0000 337.7316 1.4057 1.4698 3.3301 8.5032 1.6564 9.0671 -5.1853 0.0238
Pedestrian -1 -1 -4.6596 1130.9916 173.7852 1195.9338 309.6071 1.7627 0.6815 0.5617 7.4639 1.7757 9.8037 -4.0241 0.0227
Car -1 -1 -5.2759 1058.2043 185.8632 1241.0000 274.6865 1.4683 1.5076 3.8814 10.8091 1.7652 14.4960 -4.6456 0.0225
Car -1 -1 -6.5440 1061.8717 186.5026 1241.0000 321.7323 1.5199 1.5691 3.8557 8.5423 1.7364 9.9393 -5.8494 0.0175
Cyclist -1 -1 -9.0048 1121.3414 174.6869 1241.0000 319.4723 1.7016 0.5359 1.9159 7.8549 1.7278 9.4790 -8.3288 0.0171
Pedestrian -1 -1 -7.7102 855.0563 161.9931 872.2290 206.5182 1.7828 0.6010 0.4409 10.2298 1.3476 29.2248 -7.3770 0.0167
Car -1 -1 -3.4251 1058.0725 181.5835 1241.0000 333.5245 1.6179 1.4587 4.1635 8.3115 1.7495 9.3811 -2.7164 0.0155
Car -1 -1 -5.5182 1114.5521 182.7237 1241.0000 344.7941 1.4708 1.5292 3.6332 8.1058 1.6142 8.6407 -4.7823 0.0139
Car -1 -1 -5.8583 1053.1777 187.6485 1241.0000 337.5364 1.5032 1.5888 3.8638 8.3357 1.7452 9.7324 -5.1657 0.0122
Car -1 -1 -5.0234 975.8007 154.4576 1119.8973 254.8993 1.9306 1.6643 3.4039 9.2960 1.5767 15.7085 -4.4979 0.0117
Pedestrian -1 -1 -4.7909 1114.7070 169.0591 1177.9053 302.4477 1.7932 0.6571 0.5833 7.4472 1.7419 10.1194 -4.1711 0.0094
Cyclist -1 -1 -8.8160 1089.9397 175.3901 1241.0000 315.6847 1.7384 0.5587 1.6796 7.5049 1.7759 9.8579 -8.1805 0.0093
Car -1 -1 -5.2421 975.5089 161.3851 1192.4091 261.6955 1.7720 1.8297 4.1032 9.3698 1.5691 14.8195 -4.6878 0.0092
Car -1 -1 -4.9456 977.3272 145.6033 1135.3588 255.4006 1.9494 1.8173 4.0975 9.0044 1.4653 15.0356 -4.4152 0.0087
Car -1 -1 -5.2228 991.1881 166.7677 1166.9758 259.7213 1.7356 1.6511 3.2943 9.5945 1.6217 15.1548 -4.6678 0.0082
Car -1 -1 -3.1705 572.4274 196.2557 626.3536 215.1200 1.5798 1.6461 4.6979 -0.9807 3.6742 63.6565 -3.1865 0.0062
Car -1 -1 -6.3845 586.9292 196.2870 642.0594 216.7340 1.7029 1.9940 4.7175 0.3471 3.8243 64.1102 -6.3799 0.0061
Car -1 -1 -5.6571 1092.1484 189.0402 1241.0000 341.4760 1.4438 1.5173 3.5170 8.2050 1.6904 9.1191 -4.9411 0.0056
Car -1 -1 -3.1118 575.3715 196.8812 625.5640 215.9095 1.6009 1.8362 4.3941 -0.8444 3.7656 64.0635 -3.1256 0.0056
Car -1 -1 -4.8183 983.2768 139.5089 1108.3772 254.0275 2.1101 1.8255 3.7175 9.0483 1.4954 15.3644 -4.2950 0.0049
Pedestrian -1 -1 -4.3872 133.6616 200.9557 171.7250 272.7044 1.5464 0.5899 0.4921 -10.2483 2.1851 16.1000 -4.9469 0.0047
Cyclist -1 -1 -4.8886 1013.0052 162.7895 1060.0209 246.6525 1.9245 0.6507 1.8396 10.2811 1.6932 17.5336 -4.3662 0.0043
Car -1 -1 -3.2206 573.0387 196.1188 634.2698 215.9723 1.6506 1.6316 5.2731 -0.6063 3.7313 63.4913 -3.2308 0.0037
Pedestrian -1 -1 -4.7468 1023.8391 164.9711 1054.4226 243.8646 1.8518 0.6003 0.7573 10.2940 1.6665 17.4118 -4.2209 0.0036
Pedestrian -1 -1 -2.0338 124.8176 199.0780 167.2310 275.6846 1.6151 0.5992 0.5614 -10.2660 2.2068 15.8884 -2.6002 0.0036
Car -1 -1 -5.4755 1095.8564 177.5505 1241.0000 334.8587 1.6608 1.6677 3.9890 8.7668 1.7374 9.7710 -4.7598 0.0034
Car -1 -1 -7.0495 653.8806 184.8628 734.4241 217.9092 1.3926 1.5446 3.6555 3.8792 1.9766 33.3816 -6.9355 0.0034
Car -1 -1 -6.6570 0.0000 0.0000 1241.0000 374.0000 1.5614 1.5898 3.6880 -3.3927 1.6520 1.3844 -7.7713 0.0030
Car -1 -1 -6.5917 0.0000 0.0000 1241.0000 374.0000 1.5697 1.5982 3.7415 -4.1998 1.6835 1.4487 -7.7714 0.0030
Car -1 -1 -3.2347 567.4695 194.5493 623.9509 214.9729 1.6933 1.7287 4.8168 -1.3012 3.6323 63.3632 -3.2558 0.0030
Car -1 -1 -6.5502 592.5917 197.6754 645.5323 217.0583 1.5798 1.7498 4.3724 0.7672 3.8222 63.7927 -6.5390 0.0027
Car -1 -1 -7.5312 1155.5527 180.1634 1241.0000 374.0000 1.3897 1.5276 3.9089 5.1746 1.4465 4.1885 -6.6751 0.0027
Pedestrian -1 -1 -4.1860 220.6852 205.3431 253.6920 271.6277 1.4141 0.4855 0.4467 -8.2425 2.1385 15.8602 -4.6590 0.0027
Pedestrian -1 -1 -3.9198 223.3274 197.7536 262.0526 269.9301 1.5587 0.6019 0.4912 -8.2640 2.1267 16.1381 -4.3869 0.0027
Car -1 -1 -6.6915 592.3448 196.5450 646.6785 215.7451 1.5503 1.6851 4.5202 0.8239 3.7048 63.9785 -6.6794 0.0025
Cyclist -1 -1 -7.3271 201.1461 191.7217 272.3591 277.5223 1.7438 0.4892 1.9483 -8.3254 2.1899 16.0845 -7.7985 0.0022
Cyclist -1 -1 -7.3395 222.2994 188.5430 294.5592 276.1879 1.7887 0.4936 2.0648 -7.8691 2.1622 16.1467 -7.7871 0.0021
Car -1 -1 -7.7280 603.8367 197.3842 628.5082 216.6093 1.5222 1.7171 4.1008 0.5641 3.7964 64.7559 -7.7200 0.0021
Car -1 -1 -8.0275 595.5189 198.5413 621.0214 216.6476 1.4279 1.6372 3.8768 -0.2091 3.8067 64.7768 -8.0314 0.0019
Car -1 -1 -7.9131 601.6194 197.6543 622.5378 216.0116 1.4653 1.6492 3.7784 0.1373 3.7571 64.7526 -7.9117 0.0017
Pedestrian -1 -1 -3.9696 264.1233 197.8051 296.8322 262.1610 1.4005 0.5294 0.4113 -7.4459 1.9698 16.1951 -4.3949 0.0016
Pedestrian -1 -1 -4.1410 282.7321 196.7406 311.3648 262.8264 1.4421 0.4653 0.3613 -7.0405 1.9826 16.1182 -4.5474 0.0016
Car -1 -1 -6.4232 584.7458 196.3108 640.8627 216.7009 1.6859 1.8725 4.7440 0.2013 3.8002 63.7926 -6.4208 0.0015
Car -1 -1 -7.3835 1168.9960 184.6826 1241.0000 374.0000 1.3771 1.5453 3.9534 5.1976 1.4558 3.6992 -6.4685 0.0015
Pedestrian -1 -1 -5.6654 0.0000 178.4961 19.2193 251.1317 1.9228 0.6833 0.4390 -16.5125 2.0779 19.5136 -6.3611 0.0014
Car -1 -1 -2.5179 114.5246 193.9064 327.5846 271.3601 1.6179 1.7570 4.1423 -9.0490 2.1429 16.8516 -3.0046 0.0014
Cyclist -1 -1 -7.3567 242.4790 180.4937 305.5111 268.6494 1.9064 0.4657 1.9077 -7.8057 2.0936 16.7383 -7.7875 0.0011
Pedestrian -1 -1 -4.2233 281.5860 203.9959 308.1253 265.1731 1.3136 0.4229 0.3439 -6.9823 2.0065 15.8726 -4.6321 0.0011
Pedestrian -1 -1 -5.4661 0.0000 178.3810 23.9269 252.0251 1.9418 0.7163 0.4858 -16.4131 2.0936 19.4685 -6.1599 0.0010
Pedestrian -1 -1 -3.9096 243.0668 194.1778 281.3954 266.6801 1.5712 0.5861 0.5108 -7.8469 2.0592 16.1795 -4.3552 0.0010
Pedestrian -1 -1 -3.9080 237.0573 198.7839 271.7671 270.7385 1.5235 0.4656 0.4994 -7.8441 2.1029 15.8178 -4.3622 0.0008
Car -1 -1 -7.4206 210.3501 193.3310 344.8049 267.2480 1.5413 1.5678 3.8080 -8.1765 2.1067 18.0194 -7.8416 0.0007
Cyclist -1 -1 -4.2991 329.1256 172.7128 365.9764 223.1684 1.7672 0.6678 1.5911 -9.5156 1.7620 26.0877 -4.6460 0.0005
Car -1 -1 -5.7200 115.7721 193.3388 337.7129 271.0490 1.6651 1.7223 4.4001 -9.0044 2.1784 17.0501 -6.1999 0.0004
Pedestrian -1 -1 -3.4221 866.9193 167.3963 881.7447 212.6434 1.6057 0.4289 0.3930 9.4149 1.4117 25.8324 -3.0767 0.0001
