Car -1 -1 -4.0883 0.0000 185.3512 141.2601 253.7324 1.5336 1.6129 3.8597 -14.3201 1.8933 18.8381 -4.7317 0.9992
Pedestrian -1 -1 -5.1057 788.6118 174.5300 812.4905 231.7834 1.7198 0.5587 0.4831 5.7495 1.7711 21.9681 -4.8538 0.8490
Car -1 -1 -4.0884 0.0000 186.4481 136.7271 254.2967 1.5025 1.5884 3.7860 -14.2896 1.8897 18.6547 -4.7353 0.7984
Pedestrian -1 -1 -5.0784 788.5842 174.5154 812.9006 232.4157 1.7423 0.5687 0.5149 5.7678 1.7934 22.0168 -4.8263 0.7241
Pedestrian -1 -1 -5.1024 787.3930 173.8725 811.3350 231.8854 1.7407 0.5437 0.5258 5.7104 1.7718 21.9584 -4.8520 0.6998
Pedestrian -1 -1 -3.9943 1156.1597 159.4337 1226.1956 271.5712 1.7067 0.6989 0.5044 9.0910 1.5022 11.3730 -3.3331 0.5542
Pedestrian -1 -1 -4.0655 1168.0020 160.5320 1233.2863 272.5025 1.6801 0.5899 0.5188 9.0842 1.4949 11.1772 -3.3964 0.3655
Pedestrian -1 -1 -8.2183 720.6411 175.7186 736.2156 208.3543 1.8202 0.6786 0.6499 6.6399 1.9830 40.6982 -8.0583 0.2659
Pedestrian -1 -1 -3.8554 1168.2174 157.4073 1236.1315 270.5696 1.7273 0.6433 0.5316 9.2421 1.4912 11.3462 -3.1850 0.2273
Pedestrian -1 -1 -8.4317 716.4390 176.3201 733.0793 209.0499 1.8226 0.7023 0.6191 6.4336 2.0198 40.6956 -8.2766 0.2216
Pedestrian -1 -1 -4.9223 876.1547 164.0320 901.6278 223.2707 1.8410 0.6654 0.4523 8.7202 1.5666 22.6980 -4.5604 0.1493
Pedestrian -1 -1 -8.3545 720.0560 176.7241 737.2224 209.0986 1.7924 0.7013 0.6971 6.6194 2.0118 40.5008 -8.1942 0.1296
Car -1 -1 -4.6469 102.1651 187.6793 144.0019 218.4435 1.4350 1.5554 3.7359 -25.3528 2.2485 37.5972 -5.2371 0.0969
Pedestrian -1 -1 -8.3124 719.8147 175.2245 736.8565 207.7239 1.8198 0.7181 0.6968 6.6688 1.9553 40.9053 -8.1525 0.0966
Car -1 -1 -4.4190 95.3527 188.5259 155.4277 219.7273 1.4418 1.5518 3.7679 -25.0781 2.2980 37.4061 -5.0065 0.0799
Cyclist -1 -1 -7.9079 677.5851 174.5384 688.8790 202.0917 1.8650 0.6714 1.8997 5.0274 1.9835 49.9206 -7.8086 0.0793
Pedestrian -1 -1 -7.9349 678.0510 174.0917 688.5545 201.8134 1.8959 0.6354 1.0816 5.0381 1.9822 49.9419 -7.8355 0.0765
Pedestrian -1 -1 -5.6714 715.2700 176.7427 732.9834 209.8564 1.8285 0.7557 0.6693 6.3636 2.0490 40.4657 -5.5171 0.0760
Car -1 -1 -4.5077 92.9645 187.3250 147.0189 219.2386 1.4693 1.5689 3.6835 -25.1170 2.2520 37.0369 -5.1005 0.0584
Car -1 -1 -8.3393 1215.1051 158.0202 1241.0000 200.6955 2.3997 1.9896 4.4000 38.4140 1.5652 42.9464 -7.6132 0.0357
Car -1 -1 -4.3433 95.5113 188.2263 159.7171 218.9935 1.4203 1.5239 3.6657 -24.8327 2.2545 37.2149 -4.9287 0.0332
Car -1 -1 -4.2853 76.1447 187.3081 148.6527 219.4591 1.4343 1.5500 3.7491 -24.7324 2.1938 35.9487 -4.8847 0.0329
Car -1 -1 -4.3504 81.9577 187.8906 147.3499 219.2229 1.4225 1.5574 3.5638 -25.0180 2.2230 36.5104 -4.9479 0.0324
Car -1 -1 -8.4692 1206.5717 157.6079 1241.0000 201.4340 2.4893 1.9336 4.1020 38.1377 1.6230 43.1247 -7.7488 0.0318
Car -1 -1 -4.4241 82.9974 189.9243 146.0920 221.3111 1.3606 1.5402 3.7720 -24.3404 2.2486 35.5177 -5.0216 0.0301
Car -1 -1 -8.5261 1203.4287 160.0832 1241.0000 203.9952 2.5197 1.9238 3.8067 38.0906 1.7866 43.3466 -7.8089 0.0217
Cyclist -1 -1 -7.8695 681.0998 173.5858 692.4864 201.3833 1.8847 0.7498 1.9013 5.2771 1.9361 49.9530 -7.7653 0.0213
Car -1 -1 -6.0371 770.4427 172.2478 857.5700 209.0405 1.6600 1.6624 3.6812 9.6133 1.6324 34.1871 -5.7657 0.0205
Pedestrian -1 -1 -8.3841 723.8589 175.6260 741.2593 208.8701 1.8543 0.7520 0.6316 6.8820 2.0122 40.7473 -8.2185 0.0191
Car -1 -1 -3.9238 60.4301 188.1923 152.0985 219.3511 1.3809 1.5156 3.7616 -25.0105 2.1865 35.9224 -4.5287 0.0159
Cyclist -1 -1 -8.0198 672.7399 174.2137 687.9766 201.9241 1.8752 0.7387 1.9135 4.8248 1.9708 49.9049 -7.9245 0.0158
Car -1 -1 -7.4537 96.2190 188.8369 161.9283 218.9744 1.4059 1.5579 3.6091 -25.0194 2.2811 37.6089 -8.0376 0.0137
Cyclist -1 -1 -7.7753 680.8589 174.2401 693.4235 201.0635 1.8220 0.7148 2.0454 5.3430 1.9202 50.1937 -7.6704 0.0128
Car -1 -1 -4.3223 48.4038 184.7940 137.9165 222.9532 1.4247 1.6117 4.1257 -21.7562 1.9654 30.5018 -4.9380 0.0119
Car -1 -1 -4.4362 47.0643 182.8418 129.5019 222.5350 1.4429 1.6563 4.1266 -21.2971 1.8826 29.5685 -5.0563 0.0086
Car -1 -1 -4.1648 42.7498 185.8582 143.6004 223.0021 1.4177 1.6028 4.1415 -22.2039 2.0170 31.1454 -4.7802 0.0077
Car -1 -1 -7.3799 103.4978 188.8144 170.4971 218.7216 1.4135 1.5077 3.4829 -24.7634 2.2904 37.8436 -7.9563 0.0075
Car -1 -1 -4.1171 673.4018 177.3917 714.5750 195.7186 1.5991 1.7252 4.1443 7.7065 2.0282 66.1458 -4.0020 0.0074
Pedestrian -1 -1 -6.8534 946.8783 165.8047 963.2166 198.0278 1.9117 0.7521 0.5646 20.6269 1.4932 43.2162 -6.4111 0.0071
Car -1 -1 -4.0527 48.9614 184.7982 157.1411 221.9689 1.4302 1.6146 4.1516 -21.8384 1.9820 31.2378 -4.6590 0.0064
Car -1 -1 -3.7893 55.5298 184.0782 171.8501 221.2323 1.4627 1.6247 4.0821 -21.8681 1.9932 31.9260 -4.3861 0.0058
Car -1 -1 -4.2927 50.9432 182.2238 144.0930 220.6906 1.4459 1.6487 4.1040 -21.4605 1.8679 30.3507 -4.9042 0.0057
Cyclist -1 -1 -7.8905 949.2169 165.2733 958.3906 197.6367 1.9035 0.4332 1.5540 20.5612 1.4573 43.2373 -7.4496 0.0056
Car -1 -1 -4.4585 459.8787 179.7192 486.7931 194.8633 1.4193 1.6909 3.9104 -13.5164 2.1179 71.4503 -4.6451 0.0052
Car -1 -1 -4.5450 1022.2591 172.3317 1050.1528 190.0974 1.5633 1.5836 3.7539 38.6491 1.5170 65.4375 -4.0137 0.0049
Car -1 -1 -4.5958 1019.7437 172.2359 1045.1187 189.9646 1.5646 1.5880 3.6346 38.4046 1.5097 65.6058 -4.0684 0.0047
Car -1 -1 -4.5984 457.4439 179.4535 479.6401 195.3860 1.4957 1.7318 3.8104 -13.9732 2.1658 71.3328 -4.7915 0.0044
Pedestrian -1 -1 -6.5085 946.7097 167.0839 958.3951 198.0745 1.8497 0.7320 0.4820 20.6005 1.5050 43.4740 -6.0690 0.0043
Car -1 -1 -4.6630 701.6789 177.9746 720.7915 195.9969 1.6239 1.6025 4.0066 9.5914 2.1236 68.3349 -4.5245 0.0043
Pedestrian -1 -1 -8.7712 942.6014 165.1873 960.6937 199.2757 2.0208 0.7273 0.6780 20.4377 1.5660 43.2422 -8.3327 0.0042
Car -1 -1 -5.2196 672.1544 180.4645 722.2221 204.9186 1.4940 1.5416 3.9441 5.6553 2.0172 47.5150 -5.1024 0.0041
Car -1 -1 -4.3453 268.7037 180.5333 328.1878 208.2907 1.4919 1.7065 4.4565 -18.2040 1.9658 42.2906 -4.7498 0.0036
Car -1 -1 -4.7147 1017.5522 172.4242 1037.9817 190.4560 1.5931 1.5711 3.8098 38.0522 1.5548 65.7894 -4.1926 0.0036
Car -1 -1 -4.4934 669.9176 175.1896 698.5515 195.4219 1.7893 1.7711 4.1632 6.8628 2.0118 66.5861 -4.3916 0.0035
Car -1 -1 -4.4183 661.4067 174.9679 694.2291 198.0154 2.0461 1.8057 4.5108 6.3094 2.2490 66.9315 -4.3252 0.0035
Pedestrian -1 -1 -8.1684 941.9871 165.6343 957.7966 198.4381 1.9608 0.7036 0.6173 20.4414 1.5289 43.4776 -7.7318 0.0035
Car -1 -1 -5.3109 660.8193 180.1105 713.0043 202.6834 1.4019 1.5426 3.8782 5.0583 1.9073 48.2155 -5.2075 0.0034
Pedestrian -1 -1 -8.1140 725.7831 171.3432 738.0132 196.7745 1.7901 0.6892 0.7312 8.6139 1.6835 51.1866 -7.9486 0.0033
Car -1 -1 -4.4093 463.3857 178.0595 494.2145 193.6963 1.4667 1.8614 4.0821 -12.9322 1.9958 71.2431 -4.5885 0.0033
Car -1 -1 -9.0522 0.0000 0.0000 1241.0000 374.0000 1.5358 1.5924 3.5853 5.4491 1.5807 1.3351 -7.7721 0.0030
Car -1 -1 -9.0189 0.0000 0.0000 1241.0000 374.0000 1.5445 1.5891 3.5706 4.6717 1.5810 1.2708 -7.7716 0.0030
Car -1 -1 -3.4808 0.0000 0.0000 1241.0000 374.0000 1.5733 1.6032 3.7943 -5.0449 1.6750 1.7888 -4.6620 0.0030
Car -1 -1 -9.0384 0.0000 0.0000 1241.0000 374.0000 1.5483 1.5868 3.5566 5.0455 1.5791 1.2914 -7.7723 0.0030
Car -1 -1 -9.0001 0.0000 0.0000 1241.0000 374.0000 1.5551 1.5834 3.5391 4.2577 1.5834 1.2246 -7.7723 0.0030
Car -1 -1 -4.5992 1053.6675 172.8157 1080.8666 189.5699 1.4720 1.6592 3.9383 41.4738 1.4683 65.4478 -4.0366 0.0030
Car -1 -1 -6.5452 0.0000 0.0000 1241.0000 374.0000 1.5525 1.5902 3.6649 -4.6166 1.6624 1.3705 -7.7720 0.0030
Car -1 -1 -8.9691 0.0000 0.0000 1241.0000 374.0000 1.5542 1.5881 3.5677 3.8937 1.5915 1.2257 -7.7709 0.0030
Car -1 -1 -4.5926 1057.9408 172.7023 1085.9800 189.8102 1.4847 1.6659 3.9551 41.4058 1.4713 64.6768 -4.0255 0.0030
Car -1 -1 -6.5764 0.0000 0.0000 1241.0000 374.0000 1.5458 1.5885 3.6565 -4.2045 1.6574 1.3749 -7.7716 0.0030
Car -1 -1 -9.0672 0.0000 0.0000 1241.0000 374.0000 1.5486 1.5921 3.5924 5.8293 1.5812 1.3565 -7.7725 0.0030
Car -1 -1 -3.4598 0.0000 0.0000 1241.0000 374.0000 1.5691 1.6040 3.8051 -5.4515 1.6842 1.8258 -4.6614 0.0030
Car -1 -1 -9.0792 0.0000 0.0000 1241.0000 374.0000 1.5363 1.5998 3.6238 6.2252 1.5917 1.3948 -7.7735 0.0030
Car -1 -1 -3.9852 38.3768 185.8839 153.6646 226.0183 1.4125 1.5562 3.8538 -20.3415 1.9666 28.6980 -4.5976 0.0030
Cyclist -1 -1 -7.8952 947.9768 166.3715 956.0051 197.9072 1.8743 0.3628 1.7011 20.6912 1.4887 43.7394 -7.4563 0.0030
Car -1 -1 -8.4986 1075.3356 171.7917 1143.2859 204.9327 2.4343 1.8122 4.7031 38.1926 2.3560 55.3890 -7.8979 0.0029
Cyclist -1 -1 -7.9934 943.5047 164.7780 955.5243 196.8145 1.8953 0.4317 1.5955 20.4322 1.4172 43.5128 -7.5573 0.0025
Car -1 -1 -4.8516 1010.2078 172.5697 1036.4186 190.3964 1.5776 1.5619 3.7302 37.6768 1.5522 65.8763 -4.3343 0.0025
Car -1 -1 -5.0374 662.9502 177.2110 706.5759 202.6089 1.6242 1.7082 4.1424 5.0011 1.9338 49.1096 -4.9370 0.0025
Car -1 -1 -4.2548 465.3189 177.5028 500.5124 194.2663 1.5763 1.8511 3.9860 -12.5230 2.0489 71.2240 -4.4285 0.0023
Car -1 -1 -4.3698 54.8074 182.1667 141.5936 221.3829 1.4472 1.6397 4.0653 -21.0777 1.8601 29.8381 -4.9808 0.0020
Pedestrian -1 -1 -8.4173 725.4598 171.4128 739.8049 199.7660 1.9834 0.7986 0.6034 8.6197 1.8823 50.9064 -8.2509 0.0020
Car -1 -1 -5.2665 970.6331 182.7683 1034.6075 212.3999 1.6873 1.6932 3.7983 24.0089 2.3230 44.3370 -4.7735 0.0018
Car -1 -1 -4.2557 669.3608 174.7623 708.9235 195.4478 1.8216 1.8380 4.4690 7.2950 2.0031 66.3569 -4.1471 0.0017
Car -1 -1 -7.5673 314.4425 175.6418 350.3385 202.7071 2.4034 1.8205 4.8237 -25.7605 2.6718 67.0593 -7.9331 0.0013
Car -1 -1 -5.6779 1008.6376 178.4437 1097.5541 212.4095 1.9094 1.8939 4.2566 26.6783 2.2653 43.6570 -5.1329 0.0012
Cyclist -1 -1 -4.6967 671.9716 178.2810 678.2599 197.2147 1.6945 0.5520 1.2573 5.9011 2.1926 65.6049 -4.6079 0.0011
Car -1 -1 -5.7021 1005.1566 177.7738 1088.8230 210.1812 1.8399 1.8076 4.0074 26.4269 2.1534 43.8284 -5.1630 0.0011
Car -1 -1 -4.3132 256.9231 182.2995 303.8827 204.5163 1.5752 1.8530 3.9531 -25.0243 2.3193 54.8617 -4.7396 0.0009
Car -1 -1 -5.1384 964.0878 181.6971 1023.3099 211.3429 1.6997 1.8450 3.6806 23.4909 2.2665 44.3859 -4.6549 0.0009
Cyclist -1 -1 -6.6404 711.9064 174.8054 744.8073 206.3932 1.7593 0.7114 1.6919 6.6452 1.8706 40.7639 -6.4804 0.0007
Car -1 -1 -4.6296 267.2939 166.6085 291.0672 189.6435 2.1480 1.7001 4.7424 -31.9823 1.5653 69.8033 -5.0580 0.0007
Car -1 -1 -4.5528 270.4212 166.0411 297.7987 189.5492 2.1981 1.7112 4.5522 -31.5391 1.5608 69.8877 -4.9755 0.0007
Pedestrian -1 -1 -7.0466 241.9778 179.5871 258.5650 204.2620 1.6702 0.6568 0.7836 -24.7478 2.1370 49.5807 -7.5077 0.0006
Car -1 -1 -4.5617 275.6709 166.1368 303.2474 189.8208 2.2079 1.7189 4.9024 -31.0031 1.5814 69.8556 -4.9781 0.0005
Cyclist -1 -1 -7.8007 721.1882 175.5608 734.3151 206.8987 1.7256 0.6491 1.6647 6.6221 1.8815 40.7647 -7.6414 0.0005
Cyclist -1 -1 -4.7065 672.3629 179.7900 678.6201 199.2986 1.7289 0.5571 1.4466 5.9006 2.3628 65.2228 -4.6172 0.0003
Car -1 -1 -4.4428 275.8068 167.1127 311.2261 190.0424 2.1379 1.8976 4.9024 -30.5874 1.6023 69.8336 -4.8544 0.0003
Pedestrian -1 -1 -6.1774 743.4398 168.3530 754.7293 201.2582 2.0544 0.7719 0.6231 8.7398 1.7730 45.5070 -5.9893 0.0002
Cyclist -1 -1 -3.6315 709.8947 175.0569 741.1191 207.6517 1.8094 0.6877 1.6057 6.4804 1.9353 40.7223 -3.4754 0.0001
Pedestrian -1 -1 -6.5605 743.5734 166.8587 756.0220 202.5435 2.2192 0.7465 0.5828 8.7333 1.8460 45.2685 -6.3716 0.0000
