Car -1 -1 -7.9541 997.2092 190.6065 1241.0000 374.0000 1.5056 1.6528 3.8177 5.1639 1.7498 7.8609 -7.3910 0.9992
Car -1 -1 -7.9584 958.3059 188.4502 1016.8047 231.8169 1.4873 1.5952 4.0899 14.7894 2.1509 28.5192 -7.4849 0.9990
Car -1 -1 -7.9434 958.3311 188.4474 1014.9247 231.3318 1.4706 1.5941 3.9834 14.7207 2.1315 28.4486 -7.4708 0.8706
Car -1 -1 -7.9725 990.4889 192.0337 1239.4640 374.0000 1.4741 1.6130 3.7129 5.1063 1.7369 7.8768 -7.4154 0.7945
Car -1 -1 -7.9705 955.8566 189.1323 1015.0739 231.9153 1.4672 1.5905 3.9680 14.7015 2.1582 28.5066 -7.4993 0.7483
Pedestrian -1 -1 -9.1847 1220.6365 177.1447 1241.0000 216.3361 1.7600 0.6713 0.7192 28.4477 1.9589 32.9980 -8.4781 0.3368
Pedestrian -1 -1 -8.1492 1143.0370 173.4891 1168.3027 218.3286 1.8873 0.7281 0.5509 23.2144 1.9144 30.7626 -7.5078 0.2924
Pedestrian -1 -1 -8.5924 1223.7341 175.6565 1241.0000 214.8426 1.7691 0.6904 0.6571 28.6200 1.8981 32.9611 -7.8823 0.2179
Car -1 -1 -3.2055 1158.5503 176.0180 1241.0000 210.6179 1.5274 1.6291 3.9349 28.3010 1.6841 33.9962 -2.5159 0.1846
Pedestrian -1 -1 -7.9404 1228.2510 176.6279 1241.0000 217.8059 1.8366 0.7908 0.7831 28.6505 2.0108 32.8305 -7.2278 0.1736
Car -1 -1 -8.9908 1147.1627 177.0798 1241.0000 210.9171 1.4941 1.5801 3.5483 27.9008 1.7059 34.2843 -8.3122 0.1688
Pedestrian -1 -1 -6.4666 1223.1422 177.1751 1241.0000 217.4144 1.7970 0.7889 0.7394 28.4537 1.9967 32.8628 -5.7579 0.1597
Pedestrian -1 -1 -4.8324 1147.9858 171.7066 1171.8828 217.1487 1.9085 0.7436 0.5686 23.3748 1.8600 30.7351 -4.1873 0.1368
Pedestrian -1 -1 -4.9606 1140.9843 172.9620 1165.2091 217.6653 1.8891 0.7054 0.5792 23.2046 1.8935 30.8952 -4.3214 0.1238
Car -1 -1 -6.4395 1154.6841 176.8683 1241.0000 211.8712 1.5602 1.6863 3.8881 28.3670 1.7600 34.2638 -5.7526 0.1058
Car -1 -1 -5.9090 1156.9427 177.7474 1241.0000 211.4738 1.4802 1.4883 3.2137 27.9111 1.7221 33.9442 -5.2255 0.0867
Car -1 -1 -3.2012 1152.3181 178.2401 1241.0000 211.4638 1.4611 1.6190 3.6663 27.8431 1.7276 34.0171 -2.5199 0.0650
Car -1 -1 -5.6129 1141.4730 174.6720 1238.0173 208.5310 1.5382 1.5939 3.3584 27.8169 1.6302 34.7921 -4.9429 0.0639
Car -1 -1 -5.6398 1135.2446 177.5381 1238.2185 210.7246 1.4824 1.6399 3.6003 27.6104 1.7202 34.7305 -4.9726 0.0317
Cyclist -1 -1 -7.0465 1218.6475 166.7007 1241.0000 208.7114 1.9047 0.7174 1.7457 29.0470 1.6254 33.1137 -6.3312 0.0279
Car -1 -1 -5.5903 1145.8326 178.1024 1241.0000 211.9774 1.4741 1.5976 3.7040 27.5790 1.7354 33.9847 -4.9132 0.0212
Pedestrian -1 -1 -7.7433 1214.0582 161.4160 1236.1136 208.9265 1.6507 0.5530 0.3955 21.6091 1.2530 25.4049 -7.0444 0.0145
Car -1 -1 -8.2712 1155.6200 174.7529 1239.1416 209.0664 1.5549 1.6957 3.8763 28.3446 1.6522 35.0172 -7.5952 0.0133
Cyclist -1 -1 -8.1346 1063.1390 180.6868 1086.8701 221.9357 1.6049 0.3851 1.5403 18.7406 1.9299 29.1684 -7.5687 0.0128
Car -1 -1 -5.3575 1154.1703 176.8129 1241.0000 212.2363 1.5303 1.6157 3.6815 27.3421 1.7238 33.4554 -4.6771 0.0127
Pedestrian -1 -1 -6.7692 906.7411 174.2016 926.1544 206.4078 2.0525 0.5548 1.0041 19.6405 2.1393 46.3310 -6.3711 0.0121
Car -1 -1 -7.8598 1194.9114 176.5217 1239.2111 208.7171 1.4417 1.5605 3.4864 29.0027 1.6265 34.5716 -7.1663 0.0121
Car -1 -1 -7.5889 854.4371 178.6657 897.5427 205.2410 1.5037 1.5354 3.7213 16.0871 1.8708 43.6478 -7.2385 0.0117
Cyclist -1 -1 -6.7722 1206.3003 172.3727 1241.0000 213.5164 1.8580 0.6571 1.5443 28.3734 1.8359 33.0692 -6.0678 0.0100
Car -1 -1 -7.6212 852.2515 177.5107 895.4363 204.8628 1.5536 1.6253 3.8469 15.9929 1.8489 43.7379 -7.2733 0.0098
Car -1 -1 -7.9923 1174.9974 174.8537 1236.1588 210.2009 1.5954 1.7168 4.0609 28.7531 1.6982 34.9955 -7.3090 0.0086
Car -1 -1 -3.4536 1093.4390 180.8988 1241.0000 234.6514 1.5056 1.5710 3.5162 16.9318 1.7646 21.9319 -2.8031 0.0085
Pedestrian -1 -1 -3.4427 966.1555 164.1309 1004.4941 230.2824 1.7854 0.5781 0.7957 10.2534 1.5496 19.8257 -2.9720 0.0072
Car -1 -1 -7.2316 1100.4785 168.8745 1185.4110 202.4714 1.5396 1.4859 3.5212 25.2997 1.3569 34.3207 -6.6007 0.0072
Pedestrian -1 -1 -4.7424 1225.0028 178.6780 1241.0000 227.1570 1.8057 0.6104 0.4814 23.6714 2.0291 27.3443 -4.0347 0.0071
Pedestrian -1 -1 -7.7499 1232.4031 181.3043 1241.0000 229.8569 1.7820 0.7329 0.5790 23.8622 2.1047 27.1102 -7.0341 0.0068
Car -1 -1 -6.4851 1120.4874 166.1003 1198.0996 190.7118 1.6316 1.6898 3.9684 37.5254 1.1835 49.4485 -5.8390 0.0066
Car -1 -1 -7.6884 856.2540 178.9580 890.2590 205.5257 1.5011 1.3919 3.3975 15.8359 1.8836 43.4273 -7.3414 0.0066
Pedestrian -1 -1 -6.6430 909.4350 174.6353 928.4615 206.4343 2.0262 0.5815 0.9799 19.7963 2.1411 46.3222 -6.2419 0.0063
Cyclist -1 -1 -7.9369 1123.4824 164.3230 1154.3431 233.7732 1.8631 0.5302 1.8501 14.8004 1.6339 20.2856 -7.3139 0.0062
Pedestrian -1 -1 -6.5934 907.9863 175.7757 926.3296 207.0431 1.9794 0.6388 0.9261 19.5879 2.1673 46.1042 -6.1945 0.0059
Pedestrian -1 -1 -7.2015 1205.3319 165.0440 1229.3408 214.6940 1.7454 0.5105 0.4077 21.5483 1.4705 25.6594 -6.5090 0.0057
Pedestrian -1 -1 -7.5804 1215.4143 167.8289 1239.9954 213.0066 1.5704 0.5742 0.3949 21.7208 1.3954 25.4290 -6.8795 0.0051
Pedestrian -1 -1 -7.9278 1217.7177 162.2096 1240.2040 208.9308 1.6094 0.5615 0.4454 21.5653 1.2424 25.2000 -7.2260 0.0050
Pedestrian -1 -1 -4.6757 1228.4155 177.7017 1241.0000 228.4639 1.8716 0.6795 0.5937 23.6765 2.0567 27.1381 -3.9642 0.0046
Car -1 -1 -8.1204 848.1238 178.7264 888.7491 204.3340 1.4556 1.4908 3.2319 15.4781 1.8224 43.4442 -7.7808 0.0045
Pedestrian -1 -1 -4.8144 1229.9561 179.8132 1241.0000 227.9954 1.7939 0.6306 0.4327 23.8756 2.0606 27.3259 -4.1022 0.0045
Cyclist -1 -1 -8.2225 1123.5748 170.2919 1167.6650 232.0647 1.7111 0.4292 1.6897 15.4079 1.6399 20.8586 -7.5935 0.0044
Pedestrian -1 -1 -8.4454 1163.5717 189.6549 1220.5883 269.3551 1.5856 0.6660 0.6416 11.9087 1.9390 14.8445 -7.7798 0.0043
Car -1 -1 -7.4812 1102.7831 168.5067 1174.0186 201.4692 1.5087 1.5237 3.7257 25.3678 1.3094 34.6715 -6.8539 0.0042
Cyclist -1 -1 -8.2607 1149.7711 178.0417 1229.7917 271.9103 1.8185 0.6515 1.7131 11.9416 1.9326 14.9902 -7.5984 0.0042
Car -1 -1 -6.9075 1101.1283 167.2314 1205.6658 198.7373 1.4510 1.5972 3.7130 25.5475 1.1918 34.0570 -6.2682 0.0041
Cyclist -1 -1 -8.3202 1161.8579 180.9520 1241.0000 268.4987 1.6969 0.6712 1.6922 12.2967 1.8756 15.0488 -7.6454 0.0041
Pedestrian -1 -1 -8.6985 1167.2454 190.4012 1225.2457 268.0732 1.5164 0.6123 0.6784 11.8377 1.8817 14.6489 -8.0294 0.0040
Car -1 -1 -6.6827 1096.5242 179.4730 1241.0000 234.4633 1.5481 1.6746 3.9616 17.3420 1.7613 21.9526 -6.0211 0.0036
Car -1 -1 -4.5705 1196.4338 166.0741 1239.2916 189.7013 1.5277 1.6433 4.2306 40.9999 1.0890 48.6774 -3.8737 0.0033
Car -1 -1 -9.0339 0.0000 0.0000 1241.0000 374.0000 1.5341 1.6083 3.6881 5.4414 1.6061 1.4463 -7.7729 0.0030
Car -1 -1 -9.0170 0.0000 0.0000 1241.0000 374.0000 1.5505 1.6019 3.6729 5.0378 1.6007 1.4082 -7.7724 0.0030
Car -1 -1 -8.9796 0.0000 0.0000 1241.0000 374.0000 1.5514 1.5928 3.6218 4.2476 1.5973 1.3196 -7.7724 0.0030
Car -1 -1 -9.0029 0.0000 0.0000 1241.0000 374.0000 1.5385 1.5989 3.6410 4.6656 1.6095 1.3517 -7.7716 0.0030
Car -1 -1 -5.8023 1241.0000 181.3841 1241.0000 374.0000 1.5644 1.5982 3.6940 5.0348 1.6101 2.0100 -4.6613 0.0030
Car -1 -1 -5.7817 1241.0000 182.6070 1241.0000 374.0000 1.5620 1.5966 3.7115 4.6815 1.6138 1.9582 -4.6601 0.0030
Car -1 -1 -5.8348 1241.0000 174.7353 1241.0000 374.0000 1.5540 1.6090 3.7111 6.5731 1.5651 2.4853 -4.6644 0.0030
Car -1 -1 -5.8449 1241.0000 179.0210 1241.0000 374.0000 1.5587 1.6006 3.7147 5.8039 1.5924 2.0750 -4.6621 0.0030
Car -1 -1 -8.9565 0.0000 0.0000 1241.0000 374.0000 1.5443 1.5933 3.6095 3.8754 1.6050 1.2768 -7.7714 0.0030
Car -1 -1 -6.5659 0.0000 0.0000 1241.0000 374.0000 1.5360 1.5820 3.5691 -4.1877 1.6563 1.3205 -7.7709 0.0030
Car -1 -1 -5.8215 1241.0000 178.2093 1241.0000 374.0000 1.5524 1.6046 3.6944 6.2195 1.5841 2.4259 -4.6635 0.0030
Car -1 -1 -5.8304 1241.0000 183.3740 1241.0000 374.0000 1.5505 1.6015 3.7042 5.4513 1.6072 2.0175 -4.6612 0.0030
Car -1 -1 -6.5763 0.0000 0.0000 1241.0000 374.0000 1.5703 1.6196 3.6797 -3.4149 1.6450 1.0043 -7.7865 0.0030
Car -1 -1 -9.0636 0.0000 0.0000 1241.0000 374.0000 1.5358 1.6170 3.7368 6.2141 1.6154 1.4996 -7.7741 0.0030
Car -1 -1 -6.5249 0.0000 0.0000 1241.0000 374.0000 1.5469 1.5901 3.6238 -4.9929 1.6942 1.3990 -7.7705 0.0030
Car -1 -1 -8.8842 0.0000 0.0000 1241.0000 374.0000 1.5497 1.5888 3.5889 3.0896 1.5947 1.2236 -7.7710 0.0030
Car -1 -1 -9.0480 0.0000 0.0000 1241.0000 374.0000 1.5516 1.6133 3.7215 5.8007 1.6170 1.4763 -7.7737 0.0030
Pedestrian -1 -1 -7.8332 1214.6201 169.6148 1235.0568 214.5540 1.5796 0.5487 0.3529 21.8313 1.4654 25.6753 -7.1345 0.0027
Car -1 -1 -4.5255 832.5797 178.2392 867.1929 203.3023 1.4388 1.3510 3.7472 14.7024 1.7833 44.2334 -4.2070 0.0026
Car -1 -1 -3.0704 863.6578 179.0827 923.9929 203.9810 1.5667 1.4263 3.6098 18.6574 1.9889 47.5286 -2.6989 0.0026
Cyclist -1 -1 -8.6061 1156.3807 184.8136 1241.0000 276.7590 1.7287 0.5846 1.5521 11.9004 1.9831 14.5696 -7.9319 0.0024
Car -1 -1 -6.9816 1086.3575 182.8165 1241.0000 237.9183 1.6055 1.7108 4.2676 17.3560 1.9264 22.3156 -6.3275 0.0022
Car -1 -1 -2.8622 862.1512 179.3479 923.7895 203.9633 1.5275 1.4809 3.4888 18.4919 1.9676 47.2874 -2.4920 0.0022
Car -1 -1 -4.9076 973.5305 179.7692 1016.6497 207.9282 1.7204 1.7492 3.8988 25.1169 2.1932 47.2421 -4.4220 0.0021
Pedestrian -1 -1 -8.7700 1162.8059 194.7911 1209.2600 271.0000 1.4917 0.5372 0.5169 11.6157 1.9456 14.6239 -8.1093 0.0021
Car -1 -1 -5.0479 967.4098 180.0602 1017.7012 208.1582 1.7169 1.7140 3.8544 24.9015 2.2079 47.1632 -4.5652 0.0020
Car -1 -1 -4.7147 842.3901 178.1500 869.2902 202.9842 1.4295 1.5033 3.6290 15.0518 1.7690 44.3284 -4.3898 0.0020
Car -1 -1 -4.7884 1092.3049 178.3981 1164.4847 237.2681 1.5296 1.4161 3.1690 14.8055 1.7023 20.7962 -4.1769 0.0018
Cyclist -1 -1 -3.0162 845.8484 174.6288 882.4959 206.3684 1.8234 0.8052 1.9444 14.8746 1.9292 42.3338 -2.6809 0.0015
Pedestrian -1 -1 -7.9901 1187.0319 168.0787 1207.9271 210.9745 1.4724 0.5213 0.3226 20.3356 1.3082 25.0385 -7.3140 0.0015
Car -1 -1 -4.7790 983.2595 178.1828 1019.4626 206.9781 1.7573 1.7840 4.1845 25.4835 2.1220 47.1498 -4.2866 0.0015
Car -1 -1 -6.7614 1083.0005 186.9275 1241.0000 240.3431 1.5190 1.5186 3.7373 16.8724 1.9710 22.1336 -6.1171 0.0015
Cyclist -1 -1 -6.6148 836.7714 168.6474 869.8141 202.3770 1.9801 0.7965 1.6872 14.3748 1.7329 42.7649 -6.2930 0.0014
Car -1 -1 -6.6136 1058.4236 186.5862 1236.2025 242.0721 1.5498 1.6399 4.0744 16.3245 1.9985 22.2150 -5.9868 0.0013
Pedestrian -1 -1 -4.6824 838.0828 170.4268 852.8977 205.5702 1.9257 0.7631 0.6676 13.0123 1.7924 39.9792 -4.3704 0.0013
Pedestrian -1 -1 -5.8150 1131.4244 169.6368 1160.6881 232.0986 1.8214 0.6083 0.4759 15.8412 1.7273 21.3906 -5.1846 0.0011
Pedestrian -1 -1 -6.7255 804.8509 166.9061 809.1691 188.5622 1.7483 0.3914 0.1873 15.9352 1.2679 58.4605 -6.4609 0.0010
Pedestrian -1 -1 -6.5220 1069.6815 168.3181 1092.2803 221.6208 1.9979 0.6820 0.5711 17.8725 1.8276 27.4601 -5.9504 0.0010
Pedestrian -1 -1 -3.0655 1125.9935 161.4369 1141.5291 192.5002 2.0952 0.7430 0.8058 35.6904 1.3248 49.2112 -2.4412 0.0009
Car -1 -1 -7.7935 837.1921 175.0089 866.3301 201.5861 1.5454 1.4735 4.0099 14.8861 1.6842 44.4366 -7.4727 0.0008
Pedestrian -1 -1 -5.2543 1199.9095 180.7885 1241.0000 276.9120 1.6788 0.6561 0.5575 11.1068 1.8248 12.9812 -4.5585 0.0008
Pedestrian -1 -1 -6.2528 1132.1106 163.7661 1144.4724 191.1643 1.8499 0.6327 0.6630 35.9694 1.2360 49.1701 -5.6243 0.0007
Pedestrian -1 -1 -6.1844 944.4600 168.3548 955.6065 198.9130 2.0265 0.8499 0.5978 22.7625 1.7278 48.3669 -5.7472 0.0007
Pedestrian -1 -1 -9.0187 1137.0031 166.7148 1169.0620 232.9106 1.9017 0.6475 0.5415 15.8487 1.7251 21.1260 -8.3822 0.0004
