Car -1 -1 -4.9398 734.3930 186.0527 925.9824 318.1056 1.4777 1.6817 3.9778 2.8785 1.7062 10.4918 -4.6804 0.9999
Car -1 -1 -4.5718 549.0060 167.8599 602.9218 216.9602 1.8493 1.6516 3.8733 -1.3517 1.6609 29.1811 -4.6183 0.9997
Car -1 -1 -2.9275 402.8334 177.7403 532.4507 220.9492 1.4531 1.6209 4.2126 -4.9725 1.6300 25.3144 -3.1200 0.9996
Car -1 -1 -7.9307 695.2332 168.4727 743.8097 217.1521 1.7955 1.5778 4.0463 4.2398 1.6336 28.6859 -7.7861 0.9989
Car -1 -1 -4.6226 585.9310 175.6337 623.1561 206.0517 1.4938 1.5932 4.1863 -0.2741 1.6481 37.9796 -4.6303 0.9577
Car -1 -1 -4.6954 586.1142 174.4416 619.2430 205.4143 1.5318 1.6489 4.2890 -0.3914 1.6200 38.0552 -4.7062 0.9392
Car -1 -1 -4.6180 585.9539 174.9367 624.4258 205.6832 1.5145 1.6345 4.2890 -0.2375 1.6304 38.0491 -4.6247 0.7861
Car -1 -1 -4.7414 584.4979 175.5231 617.9768 206.1827 1.5068 1.6268 4.1978 -0.5479 1.6548 37.9651 -4.7562 0.7002
Car -1 -1 -4.5374 586.1604 175.8631 630.5165 205.9573 1.4741 1.6314 4.2016 -0.0672 1.6414 37.9938 -4.5397 0.6697
Car -1 -1 -4.6031 586.2844 176.4341 624.1469 206.3884 1.4625 1.5746 3.7996 -0.2415 1.6588 37.6689 -4.6100 0.6484
Car -1 -1 -4.4530 585.6279 175.6393 634.7970 206.4662 1.5043 1.5531 4.2101 0.0346 1.6587 37.8465 -4.4526 0.5939
Car -1 -1 -4.6751 585.0275 177.0974 618.2467 206.4721 1.4285 1.5924 3.7822 -0.4314 1.6603 37.5522 -4.6870 0.5526
Pedestrian -1 -1 -8.0871 746.9044 169.3870 760.5239 200.8712 1.8292 0.6462 0.6578 8.3783 1.6275 42.2620 -7.8932 0.4814
Pedestrian -1 -1 -3.6227 1193.8636 195.0569 1241.0000 370.2215 1.5157 0.4051 0.3970 5.5826 1.7241 6.5423 -2.9393 0.3475
Car -1 -1 -4.3391 585.7717 175.4305 644.1608 205.4919 1.4711 1.6225 4.2923 0.2910 1.6147 37.9966 -4.3320 0.3470
Pedestrian -1 -1 -8.2018 801.5911 169.5851 823.3451 216.1476 1.6679 0.5949 0.5808 7.2901 1.5505 26.1588 -7.9335 0.3277
Car -1 -1 -4.7707 580.3936 177.2774 615.9767 206.8029 1.4306 1.6119 4.0173 -0.7034 1.6738 37.6447 -4.7898 0.2996
Pedestrian -1 -1 -5.1032 798.6932 171.1633 820.8781 217.7457 1.6689 0.5916 0.5956 7.1996 1.6080 26.1830 -4.8383 0.2965
Car -1 -1 -4.7058 600.9654 174.5776 629.1448 200.9972 1.5266 1.6390 4.0584 0.2827 1.6363 43.9977 -4.6999 0.2792
Pedestrian -1 -1 -8.1216 747.9365 169.2977 762.3751 200.8321 1.8321 0.6823 0.6413 8.4634 1.6252 42.2653 -7.9258 0.2509
Pedestrian -1 -1 -4.8393 805.1151 170.4413 824.6216 216.5443 1.6426 0.6024 0.6064 7.3458 1.5563 26.0509 -4.5679 0.2414
Car -1 -1 -8.2854 590.4296 174.8999 636.4343 197.9712 1.4754 1.6148 3.8871 0.1531 1.6189 48.6178 -8.2827 0.2343
Car -1 -1 -4.5010 601.5607 175.7842 638.6041 201.1330 1.4456 1.5283 3.5323 0.6117 1.6296 43.4785 -4.4875 0.2270
Car -1 -1 -4.5008 595.8093 174.9279 634.2184 200.9973 1.4779 1.5523 3.7429 0.3087 1.6076 43.2174 -4.4942 0.2186
Pedestrian -1 -1 -3.5477 1207.0773 184.1268 1241.0000 364.0406 1.5619 0.4719 0.3972 5.7458 1.6688 6.5820 -2.8528 0.2145
Car -1 -1 -7.6962 601.4088 176.2049 635.2256 201.3592 1.4390 1.4970 3.6522 0.5077 1.6507 43.7173 -7.6851 0.1857
Car -1 -1 -4.5210 591.9561 174.5729 629.9142 200.8811 1.4907 1.6030 3.6597 0.0632 1.5977 43.0877 -4.5201 0.1836
Car -1 -1 -4.6331 603.6519 175.1947 633.9182 201.5517 1.5188 1.5406 3.9493 0.5399 1.6678 43.9775 -4.6214 0.1795
Cyclist -1 -1 -5.4198 788.1274 172.3794 826.6310 218.3908 1.6303 0.5641 1.4186 7.1421 1.6132 26.3277 -5.1583 0.1738
Pedestrian -1 -1 -5.4151 797.4286 170.2089 823.1088 216.7814 1.6544 0.6238 0.6451 7.1827 1.5601 26.0549 -5.1496 0.1539
Car -1 -1 -4.4501 587.7344 175.6548 640.4875 205.5543 1.4585 1.6727 4.4985 0.2489 1.6151 38.0344 -4.4441 0.1537
Car -1 -1 -4.7728 596.3546 175.4506 627.0173 201.1669 1.4752 1.6228 3.7616 0.0278 1.6391 43.7052 -4.7727 0.1420
Car -1 -1 -4.5534 578.1982 177.3510 621.9273 207.5120 1.4201 1.6570 3.6398 -0.4912 1.6590 36.4660 -4.5673 0.1396
Car -1 -1 -4.5989 599.5364 175.4231 631.6864 201.0580 1.4732 1.5498 3.6503 0.3431 1.6354 43.7517 -4.5916 0.1362
Car -1 -1 -8.1685 597.1707 174.4498 637.4957 197.6716 1.4921 1.6095 3.8251 0.4185 1.6041 48.7117 -8.1604 0.1355
Car -1 -1 -8.4145 584.0259 175.1078 636.9187 198.4625 1.4858 1.6503 4.0408 -0.0474 1.6436 48.4669 -8.4160 0.1316
Car -1 -1 -7.6172 603.7536 176.6493 641.1655 201.3823 1.4095 1.4560 3.6285 0.7591 1.6490 43.6530 -7.6004 0.1305
Car -1 -1 -8.0518 602.5344 174.1571 637.4260 197.2326 1.4902 1.6058 3.9798 0.6009 1.5821 48.9384 -8.0400 0.1212
Car -1 -1 -2.3023 577.1409 172.9735 639.9297 197.1043 1.5524 1.7009 4.4351 -0.1779 1.5605 48.6555 -2.3064 0.1092
Car -1 -1 -2.6641 566.0446 174.0298 639.2858 200.0147 1.5129 1.6430 4.1579 -0.4911 1.5868 43.8288 -2.6757 0.1002
Car -1 -1 -4.5001 594.5810 174.6958 632.1161 200.2927 1.4318 1.4825 3.6505 0.2037 1.5451 42.5813 -4.4958 0.0843
Car -1 -1 -2.9793 566.3249 171.9030 637.2660 196.9416 1.6235 1.7212 4.4984 -0.5531 1.5615 47.9728 -2.9911 0.0763
Car -1 -1 -4.5949 597.7319 172.2820 632.6049 200.2450 1.6728 1.7267 4.0705 0.3361 1.6383 45.2897 -4.5879 0.0757
Car -1 -1 -2.4628 572.6872 173.3750 637.5438 197.7775 1.5541 1.6551 4.2029 -0.3873 1.5899 47.9896 -2.4713 0.0623
Car -1 -1 -8.5466 578.7695 174.3364 636.8547 198.2451 1.5193 1.6538 4.0756 -0.2204 1.6223 48.2032 -8.5515 0.0618
Car -1 -1 -3.2277 563.6487 170.0671 636.4235 196.5827 1.7084 1.7469 4.6640 -0.7222 1.5286 47.5947 -3.2432 0.0532
Car -1 -1 -4.6627 612.1039 176.3509 639.0499 200.6298 1.3824 1.4547 3.4167 0.9309 1.6006 43.3433 -4.6418 0.0503
Car -1 -1 -8.4791 589.0696 174.6936 637.1053 196.3360 1.3845 1.6430 3.2051 0.1463 1.5117 48.2409 -8.4765 0.0476
Car -1 -1 -2.5777 571.1711 173.7301 636.6609 198.1001 1.5482 1.6812 4.0630 -0.4517 1.6081 47.7515 -2.5875 0.0441
Pedestrian -1 -1 -3.1421 976.1290 168.2573 992.1209 230.4575 1.7490 0.5253 0.4005 10.6353 1.6195 20.6137 -2.6722 0.0423
Car -1 -1 -4.6315 603.8955 172.7337 634.5258 200.6036 1.6671 1.6101 3.9262 0.5822 1.6596 45.1909 -4.6191 0.0389
Pedestrian -1 -1 -8.3731 518.4370 171.3389 538.6986 211.7740 1.6767 0.6033 0.6510 -3.4714 1.6136 30.3612 -8.4865 0.0319
Car -1 -1 -7.9545 608.0103 174.1077 636.8112 197.5308 1.5145 1.5598 3.8719 0.7709 1.6026 48.8620 -7.9393 0.0315
Car -1 -1 -2.7558 564.6636 175.1069 635.9174 200.4396 1.4581 1.6091 3.9567 -0.6163 1.5974 43.2573 -2.7705 0.0313
Car -1 -1 -4.4044 677.6758 173.5289 710.4981 191.9469 1.5531 1.6821 4.1528 7.3822 1.6140 63.2459 -4.2891 0.0309
Car -1 -1 -2.6795 566.5012 174.9848 637.4453 200.4970 1.4727 1.6321 3.9660 -0.5259 1.6056 43.5151 -2.6920 0.0309
Car -1 -1 -3.4520 561.6318 168.5583 637.5267 196.2911 1.7535 1.7633 4.6475 -0.7198 1.4816 47.2014 -3.4675 0.0308
Pedestrian -1 -1 -8.5590 978.0722 182.0175 1018.8367 250.2155 1.6120 0.6500 0.5791 9.3659 1.8384 17.5035 -8.0754 0.0293
Car -1 -1 -3.2562 567.6299 172.8637 636.6893 197.7657 1.5935 1.7177 4.3563 -0.5748 1.5938 47.2996 -3.2687 0.0286
Car -1 -1 -4.4936 676.4185 172.8773 705.5615 191.2178 1.5536 1.6873 4.1491 7.1226 1.5554 63.3607 -4.3825 0.0283
Pedestrian -1 -1 -8.2803 512.9544 173.6792 532.8683 212.2781 1.5975 0.5991 0.6894 -3.7065 1.6324 30.3311 -8.4014 0.0270
Car -1 -1 -4.2550 676.9111 173.3553 716.0747 192.0088 1.5725 1.7227 4.2190 7.5858 1.6176 63.1846 -4.1364 0.0255
Car -1 -1 -4.5248 594.7057 170.3516 634.3491 199.6688 1.7701 1.7654 4.2077 0.3052 1.6187 45.7986 -4.5187 0.0240
Car -1 -1 -4.4459 677.5919 173.1465 707.2199 191.9266 1.5887 1.6394 3.7972 7.2209 1.6148 63.1698 -4.3330 0.0227
Cyclist -1 -1 -4.8994 519.6221 173.7769 538.4833 212.8471 1.5992 0.4901 1.6472 -3.4672 1.6390 30.4339 -5.0124 0.0222
Car -1 -1 -2.8269 561.9940 174.5805 634.0294 199.7331 1.4462 1.5929 3.9979 -0.7418 1.5521 43.0183 -2.8445 0.0214
Pedestrian -1 -1 -8.7169 1051.7554 172.4071 1109.3433 269.7020 1.6067 0.6602 0.5170 7.9343 1.5990 12.2594 -8.1541 0.0210
Car -1 -1 -2.8638 570.6810 173.5304 636.1238 197.2513 1.5123 1.6940 3.9903 -0.4537 1.5578 47.4234 -2.8738 0.0202
Car -1 -1 -4.5806 677.2739 172.4974 701.5981 191.0481 1.5747 1.6223 3.9574 6.9814 1.5441 63.3621 -4.4717 0.0179
Pedestrian -1 -1 -6.3191 534.3693 164.9822 553.4565 202.2232 1.8103 0.5102 0.9138 -3.2842 1.4273 35.3855 -6.4114 0.0165
Car -1 -1 -3.5697 564.2252 169.7252 640.0409 197.2724 1.7223 1.7594 4.6131 -0.5350 1.5264 46.8899 -3.5815 0.0157
Pedestrian -1 -1 -8.7669 971.1954 180.7991 1011.2447 248.2383 1.5899 0.6463 0.5884 9.1957 1.7869 17.5090 -8.2910 0.0154
Pedestrian -1 -1 -6.3443 533.7715 164.5250 553.9457 201.3360 1.7826 0.4743 0.9536 -3.2740 1.3790 35.2481 -6.4367 0.0149
Car -1 -1 -4.3611 588.1068 169.4977 637.6071 197.9416 1.7224 1.7275 4.4812 0.2102 1.5189 46.0938 -4.3570 0.0141
Car -1 -1 -3.4059 566.5364 169.7862 638.3326 198.4689 1.7992 1.7405 4.3404 -0.5354 1.6064 46.6883 -3.4177 0.0140
Car -1 -1 -8.6798 570.7287 173.0714 634.9962 196.4794 1.4885 1.7511 4.1925 -0.5409 1.5032 47.9725 -8.6914 0.0138
Cyclist -1 -1 -7.8365 521.0276 173.5636 534.0015 212.5266 1.5758 0.5114 1.5078 -3.4647 1.6058 29.9849 -7.9510 0.0136
Car -1 -1 -8.2521 586.9683 173.4978 639.1761 197.9992 1.5334 1.9715 4.1700 0.1137 1.5776 47.5827 -8.2501 0.0121
Pedestrian -1 -1 -7.2579 423.9887 172.1999 446.2645 214.8275 1.7012 0.7008 0.5259 -7.1108 1.6748 29.1642 -7.4954 0.0116
Pedestrian -1 -1 -6.2123 537.0919 166.3638 557.1823 201.9811 1.7322 0.5182 0.9471 -3.1173 1.4162 35.3570 -6.3000 0.0114
Car -1 -1 -4.5405 598.7625 170.8837 636.1884 199.3830 1.7188 1.6703 4.2760 0.4906 1.5997 45.7710 -4.5303 0.0114
Car -1 -1 -4.0520 574.9395 169.6319 640.1989 197.2767 1.6846 1.7914 4.5234 -0.1336 1.4879 46.3059 -4.0553 0.0102
Cyclist -1 -1 -5.5039 790.3984 172.8523 831.1008 218.4827 1.6065 0.5992 1.4014 7.2193 1.6062 26.1598 -5.2381 0.0094
Pedestrian -1 -1 -5.5322 519.8353 172.0346 541.6642 209.9209 1.5821 0.6031 0.6951 -3.4018 1.5476 30.5804 -5.6426 0.0088
Pedestrian -1 -1 -6.2132 537.3112 164.6305 558.0256 201.2426 1.7731 0.5002 0.9750 -3.0780 1.3746 35.2028 -6.3002 0.0087
Car -1 -1 -4.6286 617.4641 176.2154 644.3314 201.5084 1.4483 1.3568 3.2131 1.2506 1.6581 43.4323 -4.6004 0.0076
Cyclist -1 -1 -6.0128 790.2155 171.3392 832.4041 217.8886 1.6504 0.6025 1.3648 7.2584 1.5964 26.1907 -5.7459 0.0075
Car -1 -1 -4.7001 619.6127 175.9397 644.9109 201.1331 1.4355 1.4563 3.2934 1.3139 1.6271 43.1987 -4.6704 0.0073
Car -1 -1 -4.7006 593.1375 172.1436 621.4366 195.9665 1.4968 1.7784 4.2440 -0.1894 1.4518 47.4622 -4.7050 0.0051
Car -1 -1 -1.8802 0.0000 199.7565 215.1921 374.0000 1.3348 1.5972 3.8585 -4.0548 1.5281 3.6263 -2.6851 0.0047
Pedestrian -1 -1 -3.2453 780.0693 171.3731 796.0269 223.6322 1.6775 0.5132 0.4498 5.7344 1.6297 23.4453 -3.0089 0.0040
Pedestrian -1 -1 -4.1520 1070.5525 151.7014 1112.4683 263.4965 1.7056 0.4791 0.2608 7.4680 1.3826 11.2805 -3.5796 0.0036
Pedestrian -1 -1 -7.5480 363.0272 168.2831 397.7188 233.4875 1.8433 0.8206 0.5463 -6.6215 1.7138 20.6712 -7.8548 0.0033
Cyclist -1 -1 -5.4841 793.3005 172.0219 834.7589 217.4343 1.5944 0.5362 1.5137 7.3259 1.5649 26.1252 -5.2142 0.0030
Cyclist -1 -1 -7.8016 254.5887 180.5031 278.8088 250.4805 1.5652 0.4319 1.5857 -8.1895 1.7551 17.1325 -8.2419 0.0023
Pedestrian -1 -1 -4.2532 1075.5225 158.0891 1119.1633 265.3808 1.6169 0.4805 0.2913 7.4749 1.3941 11.1549 -3.6755 0.0019
Cyclist -1 -1 -7.5153 222.2701 171.9390 269.5161 247.1523 1.6937 0.4840 1.6143 -8.6429 1.6728 17.0788 -7.9779 0.0013
Cyclist -1 -1 -8.5986 1020.8849 171.3318 1130.9230 276.8665 1.6900 0.6096 1.6664 7.9138 1.6654 12.4304 -8.0431 0.0011
Cyclist -1 -1 -7.7935 258.1695 179.3252 283.8578 253.2896 1.6704 0.4546 1.6196 -8.1541 1.8325 17.2779 -8.2289 0.0010
Pedestrian -1 -1 -6.8159 397.2385 172.3832 415.7279 210.8978 1.4506 0.5185 0.4826 -7.8102 1.4325 27.5287 -7.0902 0.0004
