Car -1 -1 -8.0404 688.6005 181.1048 782.8591 245.8966 1.3927 1.5919 3.7261 2.9430 1.6184 17.8734 -7.8807 0.9999
Car -1 -1 -4.5209 335.2768 175.2906 482.2332 288.2004 1.5313 1.5907 3.6373 -3.1374 1.5770 11.7329 -4.7775 0.9999
Car -1 -1 -4.5614 473.1176 176.0938 538.5058 221.9283 1.4004 1.6056 3.8669 -3.4633 1.5177 24.2609 -4.7022 0.9991
Car -1 -1 -4.5822 513.0375 169.8871 558.9234 209.2379 1.6696 1.5849 3.7272 -3.3178 1.5434 32.4996 -4.6836 0.9975
Car -1 -1 -4.8156 650.4865 175.8334 696.6240 211.4275 1.5155 1.6757 4.1141 2.8120 1.6606 33.1408 -4.7323 0.9886
Car -1 -1 -7.8242 537.8348 172.3455 567.8926 199.4425 1.4949 1.6206 4.0473 -3.3091 1.4666 41.8684 -7.9030 0.9119
Car -1 -1 -4.6660 539.3057 170.9396 570.7585 199.3868 1.5690 1.6383 3.8861 -3.1754 1.4631 41.7628 -4.7418 0.8150
Car -1 -1 -4.8884 648.4025 175.8435 700.8524 210.8573 1.4879 1.6632 4.2711 2.8609 1.6345 33.2404 -4.8039 0.8094
Car -1 -1 -7.7338 537.7422 171.0340 574.3793 199.4914 1.5721 1.6451 4.0992 -3.1212 1.4712 41.9454 -7.8080 0.7830
Car -1 -1 -4.8228 652.1951 176.2530 700.0863 211.4574 1.4942 1.7168 4.2160 2.9289 1.6602 33.1642 -4.7361 0.7772
Car -1 -1 -4.8156 649.9859 175.0441 696.1683 211.2549 1.5406 1.6839 3.9318 2.7735 1.6463 32.9208 -4.7329 0.7187
Car -1 -1 -7.9026 535.6356 172.7323 567.3036 199.7837 1.4897 1.6268 4.0392 -3.4726 1.4827 41.8446 -7.9853 0.6825
Car -1 -1 -7.9675 532.7448 172.9584 568.6320 200.0904 1.4870 1.6313 3.8159 -3.4981 1.4930 41.5900 -8.0513 0.6592
Car -1 -1 -4.7766 654.8149 175.0603 698.3459 211.0695 1.5285 1.7014 4.0540 2.9343 1.6351 32.9241 -4.6890 0.6540
Car -1 -1 -7.9717 530.3148 173.1827 565.9470 200.2050 1.4842 1.6032 3.8563 -3.6576 1.5039 41.7319 -8.0590 0.5343
Car -1 -1 -4.7497 540.3529 171.7548 571.8737 200.1899 1.5569 1.6614 3.6341 -3.1666 1.4964 41.4058 -4.8259 0.4191
Car -1 -1 -7.6773 538.3652 170.4347 578.9244 198.9813 1.5749 1.6353 4.2425 -2.9691 1.4411 42.0017 -7.7478 0.4138
Car -1 -1 -4.7792 634.9304 174.0339 660.7129 195.4618 1.4927 1.5934 4.1272 2.6888 1.5817 52.5679 -4.7288 0.3188
Car -1 -1 -4.9644 625.1053 174.0037 660.2621 195.4992 1.4961 1.5807 4.0935 2.3086 1.5831 52.6163 -4.9212 0.3169
Car -1 -1 -4.5884 535.0063 172.7698 571.5432 200.0551 1.5228 1.6405 4.1383 -3.3161 1.5178 42.3729 -4.6664 0.2957
Cyclist -1 -1 -8.0599 775.4695 167.2180 796.1636 215.5903 1.6052 0.3809 1.5010 5.9607 1.4179 24.6999 -7.8264 0.2652
Car -1 -1 -4.7773 534.8478 172.9740 568.5087 201.7508 1.5382 1.6206 4.1238 -3.3756 1.5451 40.7458 -4.8599 0.2464
Car -1 -1 -8.0947 521.7301 172.8693 567.3720 200.0784 1.4894 1.6755 4.1662 -3.8765 1.4900 41.7414 -8.1871 0.2298
Pedestrian -1 -1 -7.7953 736.7668 159.2029 750.2582 196.4184 1.9130 0.6478 0.7856 6.9114 1.2110 37.5477 -7.6150 0.2185
Car -1 -1 -4.6110 634.7856 173.2052 663.7374 195.1504 1.5358 1.6891 4.3651 2.8869 1.5624 52.8568 -4.5571 0.2105
Car -1 -1 -8.1747 517.3232 173.2194 566.6204 200.5954 1.4923 1.6578 3.9459 -4.0025 1.5141 41.5295 -8.2705 0.2066
Car -1 -1 -4.9806 619.4565 174.1454 655.4937 195.5365 1.4884 1.5954 4.0720 1.9292 1.5862 52.6317 -4.9446 0.2065
Car -1 -1 -4.5719 636.8112 174.0971 666.7001 195.5612 1.4893 1.6146 4.1175 3.0463 1.5832 52.4943 -4.5146 0.1978
Cyclist -1 -1 -7.9720 781.3619 167.8984 799.2033 215.9186 1.5896 0.4056 1.5286 6.1066 1.4252 24.6674 -7.7326 0.1706
Pedestrian -1 -1 -4.6903 735.3790 158.5735 748.3558 196.4289 1.9461 0.6493 0.8004 6.8262 1.2116 37.5496 -4.5122 0.1516
Car -1 -1 -5.0587 622.1046 173.7591 661.8111 195.5758 1.5095 1.6120 3.9674 2.2378 1.5774 52.2345 -5.0166 0.1504
Car -1 -1 -5.0410 613.1381 174.0815 652.7191 195.8182 1.5086 1.6318 4.1110 1.5920 1.6014 52.5318 -5.0113 0.1200
Car -1 -1 -4.4349 637.4506 174.2087 675.1069 195.9471 1.5020 1.6487 4.1849 3.3739 1.6043 52.3834 -4.3713 0.1012
Car -1 -1 -4.7678 552.8369 171.6041 577.2413 193.8323 1.5775 1.5800 3.8174 -3.3749 1.4885 53.1951 -4.8312 0.0916
Car -1 -1 -3.7867 629.0524 173.8956 688.8396 195.1440 1.4859 1.6723 4.1734 3.5481 1.5640 52.4792 -3.7200 0.0875
Car -1 -1 -4.5458 628.0228 173.1807 653.8183 192.4809 1.6348 1.6429 3.8764 2.7180 1.6641 63.2537 -4.5034 0.0521
Car -1 -1 -4.7987 634.6675 174.1403 661.7836 195.7592 1.4806 1.5789 4.1728 2.6740 1.5764 51.7806 -4.7478 0.0512
Car -1 -1 -4.5236 637.1114 173.7761 669.1946 195.5966 1.4990 1.5938 3.9455 3.1089 1.5677 51.8539 -4.4645 0.0503
Pedestrian -1 -1 -5.7992 181.3593 153.8330 236.5730 251.7359 1.7796 0.5512 0.7220 -7.4895 1.4335 13.3973 -6.3008 0.0484
Car -1 -1 -4.3131 621.4417 173.1149 654.8509 192.5952 1.6549 1.6226 3.7038 2.4794 1.6782 63.3715 -4.2745 0.0389
Pedestrian -1 -1 -5.6236 174.7049 153.2421 231.0578 251.9778 1.7892 0.5703 0.7123 -7.6119 1.4335 13.4108 -6.1317 0.0379
Car -1 -1 -3.9004 633.2075 173.7959 692.6746 195.8221 1.5213 1.6781 4.3044 3.8159 1.5915 52.0204 -3.8280 0.0347
Car -1 -1 -4.7572 642.2578 172.1639 672.1709 201.0293 1.6026 1.5509 3.9592 2.6740 1.5640 42.0539 -4.6946 0.0345
Car -1 -1 -8.1231 543.2744 172.8119 578.7540 194.0086 1.5018 1.6214 3.9211 -3.6829 1.4985 53.2388 -8.1922 0.0328
Car -1 -1 -4.5539 638.0946 174.2598 669.1804 197.1872 1.5445 1.5162 4.5095 3.1132 1.6486 51.2608 -4.4940 0.0318
Car -1 -1 -3.8450 630.4210 174.0170 687.8979 195.3606 1.4818 1.6243 4.0601 3.5452 1.5686 52.1565 -3.7779 0.0313
Car -1 -1 -4.2762 637.8514 174.0702 684.3467 195.8895 1.5043 1.6825 4.3581 3.7230 1.5960 52.3158 -4.2060 0.0272
Car -1 -1 -4.1533 639.4737 173.6311 690.2938 195.0597 1.4714 1.6714 4.2051 3.9589 1.5294 51.8924 -4.0780 0.0257
Car -1 -1 -6.3230 689.1409 176.2818 749.8838 198.9969 1.4947 1.6241 3.9956 7.3327 1.7311 48.8091 -6.1752 0.0246
Car -1 -1 -4.8192 643.4564 173.4936 679.3424 201.7404 1.5589 1.6454 4.0561 2.9038 1.5976 41.9718 -4.7510 0.0242
Car -1 -1 -3.5461 617.6629 172.4801 665.8616 191.9972 1.6780 1.6711 3.8945 2.7690 1.6455 63.5041 -3.5031 0.0209
Car -1 -1 -4.5386 632.5754 173.0696 658.7499 192.6513 1.6600 1.6567 3.8415 3.1342 1.6792 63.2684 -4.4897 0.0206
Car -1 -1 -6.6157 620.3656 173.6854 667.4778 192.0759 1.5786 1.6122 3.8151 2.9480 1.6529 63.3677 -6.5698 0.0205
Car -1 -1 -4.7561 641.8732 173.4513 673.6266 200.6171 1.4960 1.6570 3.7412 2.6816 1.5317 41.7027 -4.6928 0.0171
Car -1 -1 -2.4579 500.6684 172.8769 573.9108 199.8905 1.4833 1.5603 4.1202 -4.2339 1.4844 41.4069 -2.5595 0.0164
Car -1 -1 -7.9004 632.8414 169.6621 654.4521 190.0656 1.7699 1.7333 4.2267 2.9630 1.4927 64.7032 -7.8552 0.0155
Car -1 -1 -4.0643 0.0000 164.3707 82.9278 282.3900 1.5287 1.5440 3.3552 -10.0525 1.4185 11.0777 -4.7893 0.0150
Car -1 -1 -4.6528 620.3185 172.3821 651.5237 201.1663 1.5962 1.5900 3.9414 1.5149 1.5697 42.0490 -4.6175 0.0149
Car -1 -1 -3.8901 635.0244 173.7616 694.1984 195.5142 1.4984 1.6601 4.2470 3.9208 1.5657 51.8390 -3.8155 0.0149
Car -1 -1 -4.7640 637.0210 173.8799 661.6696 196.3164 1.5029 1.4983 4.2783 2.6952 1.5777 50.6682 -4.7116 0.0136
Car -1 -1 -3.7071 621.6178 172.0853 671.4855 191.9028 1.6980 1.6249 4.1659 3.2074 1.6318 63.5571 -3.6573 0.0133
Car -1 -1 -5.0756 647.4249 175.2039 700.7173 203.2279 1.4090 1.4758 4.1154 3.3435 1.5422 38.8245 -4.9908 0.0123
Car -1 -1 -4.8639 648.4425 175.2726 688.7866 204.4297 1.4711 1.5451 4.1270 3.0633 1.6082 38.8710 -4.7864 0.0121
Car -1 -1 -4.7093 631.6624 171.9804 649.5409 190.4197 1.5437 1.4962 3.9934 2.6267 1.4703 62.4343 -4.6678 0.0120
Cyclist -1 -1 -7.3326 0.0000 161.1987 54.7716 261.1694 1.4730 0.4460 1.4563 -9.4991 1.3009 11.3857 -8.0165 0.0117
Car -1 -1 -4.7472 634.7084 171.8299 653.4998 190.1075 1.5335 1.4809 3.9995 2.9062 1.4473 62.5469 -4.7014 0.0117
Cyclist -1 -1 -7.3774 0.0000 157.3428 75.0991 258.3513 1.5494 0.4383 1.5806 -9.5382 1.3112 11.8853 -8.0428 0.0101
Car -1 -1 -7.9451 628.1124 170.0105 651.6563 190.0017 1.7336 1.7238 4.2352 2.6245 1.4867 64.7292 -7.9051 0.0098
Car -1 -1 -4.6847 632.9570 171.6690 652.0635 191.4379 1.6870 1.5733 4.2905 2.8777 1.5856 63.7703 -4.6401 0.0097
Car -1 -1 -4.7318 631.2891 171.9646 650.2621 191.8167 1.6988 1.5876 4.2692 2.6739 1.6224 63.8949 -4.6905 0.0091
Car -1 -1 -6.5015 624.2020 173.2371 670.4398 191.3061 1.5595 1.5109 3.8185 3.2414 1.5934 63.3839 -6.4510 0.0081
Car -1 -1 -4.5485 623.9671 172.5965 660.1426 200.8694 1.5715 1.5280 3.7032 1.8742 1.5569 42.0742 -4.5048 0.0079
Car -1 -1 -4.4449 627.4949 171.4063 668.6398 200.1917 1.5954 1.4509 3.7711 2.2244 1.5149 42.0091 -4.3928 0.0074
Car -1 -1 -1.9540 0.0000 196.6171 164.8462 374.0000 1.2950 1.6104 3.8781 -4.4423 1.4583 3.5756 -2.8106 0.0074
Car -1 -1 -4.7254 629.0150 171.4133 648.5242 192.0395 1.7662 1.6635 4.3176 2.4979 1.6425 63.9643 -4.6869 0.0068
Pedestrian -1 -1 -7.5554 455.7814 167.6959 473.3206 204.3459 1.5657 0.5968 0.5848 -6.3183 1.3451 31.1454 -7.7543 0.0067
Car -1 -1 -4.8031 645.7406 175.7114 682.9202 205.2235 1.4838 1.6167 3.9989 2.8230 1.6447 38.6822 -4.7313 0.0065
Cyclist -1 -1 -7.7803 457.5479 172.4046 470.9523 208.9651 1.5435 0.4596 1.5100 -6.3462 1.5242 31.2392 -7.9795 0.0062
Pedestrian -1 -1 -8.5107 449.2791 166.9876 469.8887 203.6714 1.5597 0.6151 0.6273 -6.5295 1.3100 31.1165 -8.7162 0.0049
Car -1 -1 -7.9696 625.3094 170.5685 649.4775 189.6574 1.6542 1.6859 4.1830 2.3991 1.4559 64.6793 -7.9330 0.0046
Cyclist -1 -1 -7.9245 452.1003 171.9285 466.0793 209.9634 1.6013 0.4799 1.5871 -6.5766 1.5620 31.2057 -8.1309 0.0044
Car -1 -1 -7.4038 0.0000 157.7162 95.5660 262.4279 1.4754 1.7360 3.6200 -10.4991 1.2618 12.1360 -8.1062 0.0043
Car -1 -1 -4.9482 645.5742 174.8621 689.3198 204.0231 1.5092 1.5473 3.7449 3.0615 1.6246 39.5863 -4.8721 0.0042
Car -1 -1 -4.6360 646.9177 171.7144 682.9614 199.0524 1.4636 1.7116 4.4294 3.1322 1.4023 40.9480 -4.5606 0.0042
Car -1 -1 -2.5991 493.8646 173.3854 573.4819 200.0078 1.4577 1.5952 4.3171 -4.4066 1.4890 41.2082 -2.7054 0.0040
Cyclist -1 -1 -7.8728 693.4678 172.9352 700.3472 197.6789 1.6568 0.4294 1.7109 5.8888 1.6622 49.1925 -7.7547 0.0038
Car -1 -1 -4.6520 644.3612 173.5770 678.8200 200.4982 1.4256 1.6708 4.6000 2.9266 1.4686 40.7279 -4.5812 0.0033
Car -1 -1 -2.7698 488.5642 173.2703 572.0328 199.7125 1.4476 1.6538 4.4046 -4.5431 1.4717 40.9123 -2.8800 0.0026
Cyclist -1 -1 -7.3118 0.0000 156.9390 94.9345 259.5042 1.5937 0.4823 1.8265 -9.5289 1.3461 12.1462 -7.9665 0.0025
Car -1 -1 -7.2039 0.0000 164.3629 129.4371 269.3058 1.4865 1.7217 3.8617 -10.2604 1.3660 12.1837 -7.8931 0.0022
Cyclist -1 -1 -7.8691 693.6174 173.3460 701.4449 197.4833 1.6109 0.5000 1.5827 5.9079 1.6446 49.0022 -7.7502 0.0019
Cyclist -1 -1 -7.7370 549.8763 174.5778 561.5605 205.8544 1.4342 0.3842 1.4383 -2.5856 1.5166 33.8937 -7.8130 0.0011
Pedestrian -1 -1 -4.8689 292.9959 160.7783 320.7979 230.2206 1.8968 0.6069 0.7642 -8.5359 1.5667 20.1936 -5.2645 0.0009
Cyclist -1 -1 -8.1196 684.4908 173.8973 697.5925 197.7073 1.5877 0.4985 1.5214 5.4619 1.6594 48.9737 -8.0096 0.0008
Pedestrian -1 -1 -4.5685 296.0347 166.0999 322.2791 228.4744 1.7319 0.5948 0.6721 -8.5621 1.5441 20.4334 -4.9610 0.0004
Cyclist -1 -1 -4.5578 295.0856 168.6713 323.6526 226.2672 1.5579 0.4895 1.6750 -8.5275 1.4445 20.3888 -4.9497 0.0004
Cyclist -1 -1 -7.8687 646.8906 174.7508 656.7719 200.9999 1.4240 0.5212 1.4990 2.2767 1.5308 40.0111 -7.8127 0.0002
Pedestrian -1 -1 -6.0791 642.6531 172.8632 655.7045 200.9980 1.5704 0.7767 0.5919 2.1768 1.5707 40.7261 -6.0266 0.0002
Pedestrian -1 -1 -6.4929 643.9106 173.2599 655.6171 200.6811 1.5236 0.5502 0.5512 2.1879 1.5462 40.4143 -6.4397 0.0001
Pedestrian -1 -1 -6.3004 549.6262 171.9569 563.1126 205.3447 1.5531 0.5967 0.6205 -2.5630 1.5111 33.8904 -6.3758 0.0001
