Car -1 -1 -8.1339 720.6649 152.8917 879.4133 279.2725 1.8645 1.6003 3.7183 3.2067 1.4431 12.4866 -7.8930 0.9999
Pedestrian -1 -1 -7.1211 370.2699 164.7254 409.8087 252.2285 1.8532 0.6248 0.5366 -4.6241 1.4985 15.5896 -7.4103 0.8044
Pedestrian -1 -1 -6.9149 370.4284 165.7099 411.2183 252.1021 1.8307 0.6423 0.5862 -4.6264 1.4967 15.6496 -7.2033 0.6954
Pedestrian -1 -1 -7.6353 453.7817 181.9963 495.3249 251.0532 1.4496 0.7399 0.7491 -2.7620 1.4611 15.4729 -7.8145 0.6740
Pedestrian -1 -1 -3.2821 363.9819 166.6230 395.5337 248.7942 1.8206 0.5971 0.6051 -5.0760 1.4915 16.3148 -3.5846 0.6522
Pedestrian -1 -1 -3.3420 356.9660 166.9647 395.4225 248.5479 1.8030 0.5493 0.7364 -5.1490 1.4823 16.2940 -3.6489 0.6518
Pedestrian -1 -1 -8.0516 481.4573 179.7878 523.4561 251.0737 1.4863 0.7609 0.7373 -2.1750 1.4512 15.4520 -8.1946 0.6475
Pedestrian -1 -1 -3.7147 1060.8077 135.6304 1125.7235 236.6755 1.7863 0.4797 0.8396 8.8076 0.9760 12.9428 -3.1316 0.6320
Pedestrian -1 -1 -6.9202 364.5864 163.1919 404.7420 252.0963 1.8721 0.6561 0.5486 -4.7288 1.4872 15.5423 -7.2164 0.6299
Pedestrian -1 -1 -4.1802 1036.2958 139.3670 1089.7935 235.6273 1.7832 0.5667 0.7440 8.7786 1.0033 13.7306 -3.6251 0.6249
Car -1 -1 -3.3354 485.9762 175.7437 547.3711 196.7776 1.4861 1.6250 4.1905 -6.1477 1.0794 52.1749 -3.4570 0.5625
Pedestrian -1 -1 -3.6442 361.4711 167.4473 402.3915 248.1666 1.7944 0.5843 0.6994 -5.0550 1.4825 16.4227 -3.9437 0.5410
Pedestrian -1 -1 -6.5193 531.0210 172.5481 554.7689 212.7196 1.6342 0.5514 0.8691 -2.4348 1.2703 29.6210 -6.6057 0.5371
Pedestrian -1 -1 -4.0590 1037.8708 140.9536 1096.9607 236.1362 1.7669 0.5771 0.8145 8.8709 1.0148 13.7476 -3.4997 0.5127
Pedestrian -1 -1 -3.7452 1067.0675 135.7015 1131.5345 236.5426 1.7811 0.4796 0.8292 8.9105 0.9728 12.9337 -3.1565 0.4237
Pedestrian -1 -1 -7.8399 462.7875 181.0293 501.3348 251.8098 1.4805 0.7988 0.7360 -2.6025 1.4712 15.4503 -8.0095 0.4009
Car -1 -1 -3.2486 484.4576 175.4634 540.5654 196.8495 1.5168 1.6939 3.8827 -6.4650 1.0886 52.2213 -3.3762 0.3657
Cyclist -1 -1 -6.2707 684.4502 165.0211 716.3132 197.3995 1.8049 0.6257 1.7648 5.5716 0.8865 40.4794 -6.1397 0.3000
Cyclist -1 -1 -2.9590 529.1694 169.4889 564.5265 205.0356 1.8177 0.6351 1.7383 -2.8244 1.2037 37.1367 -3.0394 0.2707
Car -1 -1 -3.3081 490.9769 175.9675 553.9063 196.7679 1.4743 1.6878 4.3319 -5.7491 1.0821 52.3252 -3.4220 0.2653
Pedestrian -1 -1 -6.8189 529.9636 172.4012 557.0380 213.2988 1.6626 0.6411 0.9179 -2.4163 1.2930 29.7300 -6.9044 0.2548
Pedestrian -1 -1 -4.6922 479.2438 180.1634 500.6280 247.4231 1.4942 0.4705 0.6335 -2.5640 1.4650 16.3042 -4.8511 0.2548
Pedestrian -1 -1 -4.0928 1040.4645 139.1472 1095.6871 236.3029 1.7786 0.5191 0.7846 8.7500 1.0039 13.5398 -3.5330 0.2425
Pedestrian -1 -1 -3.6592 1068.9219 137.1514 1127.6519 240.1169 1.7939 0.4708 0.7188 8.7821 1.0218 12.7749 -3.0716 0.1537
Pedestrian -1 -1 -4.1981 105.6290 207.5376 154.3820 295.7994 1.1767 0.4012 0.4367 -6.5654 1.5462 9.9435 -4.7753 0.1246
Pedestrian -1 -1 -8.2095 488.9230 176.0490 519.5567 239.1842 1.5930 0.6001 0.6280 -2.5469 1.4560 18.5436 -8.3494 0.0930
Cyclist -1 -1 -7.6990 368.4437 165.6755 399.4008 253.8356 1.8308 0.3928 1.7486 -4.8072 1.5028 15.8109 -7.9950 0.0907
Pedestrian -1 -1 -7.3402 857.2288 166.9831 894.0543 235.7123 1.6214 0.6402 0.5625 6.5931 1.2794 17.3720 -6.9877 0.0813
Car -1 -1 -7.9465 527.1745 174.5398 563.9525 205.6909 1.5932 1.6179 3.6685 -3.0573 1.2374 38.6867 -8.0298 0.0742
Pedestrian -1 -1 -4.9727 478.4816 179.5519 503.5432 246.3414 1.5096 0.4345 0.5798 -2.5910 1.4661 16.5893 -5.1307 0.0701
Pedestrian -1 -1 -4.3071 117.6134 206.0064 159.0145 294.8831 1.2148 0.3662 0.3952 -6.5954 1.5699 10.1669 -4.8765 0.0698
Car -1 -1 -7.7524 534.8646 175.7697 569.9915 205.2884 1.5177 1.5550 3.5521 -2.6052 1.2233 38.7326 -7.8242 0.0626
Pedestrian -1 -1 -7.4474 852.1561 167.3574 886.9764 235.8865 1.6166 0.6077 0.5927 6.4471 1.2835 17.3698 -7.1021 0.0584
Cyclist -1 -1 -7.2443 107.4820 177.5681 210.2590 296.1648 1.6192 0.3953 1.6942 -6.5579 1.5662 10.6657 -7.7903 0.0554
Car -1 -1 -7.8277 533.4275 174.9485 564.7554 205.3461 1.5627 1.6085 3.4762 -2.7883 1.2261 38.7046 -7.9042 0.0427
Pedestrian -1 -1 -3.5324 1086.4456 137.7511 1142.1384 239.2374 1.7592 0.4407 0.6844 9.0404 1.0014 12.7388 -2.9300 0.0410
Pedestrian -1 -1 -3.7438 1044.9725 136.8401 1100.2501 238.2946 1.7979 0.4468 0.7055 8.4540 1.0071 12.9666 -3.1803 0.0322
Cyclist -1 -1 -7.2832 124.8681 175.5971 215.5520 290.1785 1.6147 0.4069 1.5434 -6.5419 1.5321 10.9011 -7.8187 0.0310
Cyclist -1 -1 -8.4955 996.6842 127.5837 1237.0000 373.0000 1.6602 0.4742 1.6198 2.6863 1.4462 3.6817 -7.9041 0.0236
Cyclist -1 -1 -7.8271 111.1498 176.1022 148.1678 294.7222 1.6209 0.4099 1.5714 -6.9833 1.5478 10.5925 -8.4043 0.0202
Pedestrian -1 -1 -6.9317 361.9277 163.3345 405.3905 252.6878 1.9107 0.7321 0.5934 -4.8327 1.5228 15.8150 -7.2292 0.0187
Pedestrian -1 -1 -7.2592 861.0259 163.7586 904.2101 239.8858 1.7582 0.7365 0.6184 6.6407 1.3490 17.0691 -6.8986 0.0176
Pedestrian -1 -1 -7.9989 644.6523 169.7743 659.7710 201.4044 1.7452 0.7764 0.4625 2.8141 1.0984 39.8954 -7.9339 0.0153
Cyclist -1 -1 -8.4798 1016.5952 108.7066 1237.0000 373.0000 1.7036 0.4877 1.6476 2.6788 1.4361 3.4734 -7.8643 0.0147
Pedestrian -1 -1 -6.6844 338.4132 167.5743 372.9567 254.1117 1.8127 0.5485 0.5289 -5.3182 1.5216 15.4280 -7.0167 0.0127
Car -1 -1 -5.2427 1099.4596 125.6844 1237.0000 224.6113 1.7940 1.9909 4.1834 12.7377 0.7824 15.2451 -4.5602 0.0118
Pedestrian -1 -1 -3.6695 1117.5757 134.8920 1175.1951 220.2259 1.7889 0.6888 0.7357 11.6587 0.8124 15.4404 -3.0359 0.0117
Cyclist -1 -1 -7.6325 335.0754 167.7307 375.0792 258.4478 1.8312 0.4211 1.8541 -5.3101 1.5539 15.4449 -7.9640 0.0111
Cyclist -1 -1 -8.5703 1063.3110 115.0969 1237.0000 373.0000 1.7305 0.5350 1.6813 3.0314 1.4865 3.4993 -7.8986 0.0092
Car -1 -1 -5.3441 1095.2853 123.7085 1237.0000 226.7402 1.8462 1.8875 4.1392 12.5564 0.8113 14.9878 -4.6603 0.0083
Pedestrian -1 -1 -6.9679 1124.7061 131.3828 1188.7760 217.3353 1.7951 0.8042 0.7441 11.8637 0.7490 15.4200 -6.3253 0.0076
Car -1 -1 -5.6319 1063.9058 185.7967 1237.0000 373.0000 1.5369 1.5416 3.6698 3.3004 1.5618 2.1925 -4.7070 0.0073
Pedestrian -1 -1 -6.0832 335.9119 173.6742 363.3201 255.2822 1.6762 0.5169 0.4495 -5.3076 1.5161 15.0417 -6.4225 0.0070
Car -1 -1 -5.5957 1004.4174 44.7353 1237.0000 373.0000 1.6824 1.6655 4.1274 3.5253 1.5553 2.7577 -4.7396 0.0070
Car -1 -1 -5.6618 0.0000 0.0000 1237.0000 373.0000 1.5750 1.5252 4.0138 3.2034 1.5143 1.4437 -4.5866 0.0070
Car -1 -1 -5.9103 0.0000 0.0000 1237.0000 373.0000 1.5576 1.5072 3.8615 3.6023 1.4533 1.7228 -4.8492 0.0069
Cyclist -1 -1 -7.7344 863.1328 166.9256 898.8668 239.9593 1.6780 0.6483 1.4781 6.7126 1.3437 17.3099 -7.3749 0.0068
Car -1 -1 -9.0334 0.0000 0.0000 1237.0000 373.0000 1.5424 1.5801 3.8976 3.4807 1.4546 1.4209 -7.9191 0.0066
Cyclist -1 -1 -8.4106 1036.1252 66.4023 1237.0000 373.0000 1.8659 0.4823 1.9275 2.6595 1.5039 3.2451 -7.7686 0.0065
Pedestrian -1 -1 -3.9282 397.6806 181.7164 424.9241 240.0557 1.4975 0.5202 0.4528 -5.0005 1.5037 18.7664 -4.1906 0.0064
Cyclist -1 -1 -8.3069 1111.7325 134.4278 1179.6710 217.2906 1.7183 0.3597 1.9328 11.9460 0.7428 15.8791 -7.6748 0.0064
Car -1 -1 -6.1310 0.0000 0.0000 1237.0000 373.0000 1.5591 1.5530 4.0914 3.8443 1.4482 1.8427 -5.0672 0.0063
Cyclist -1 -1 -8.4075 1116.2856 133.9203 1196.1853 219.9178 1.7395 0.3708 1.9472 11.8896 0.7777 15.5161 -7.7668 0.0059
Cyclist -1 -1 -8.4604 1059.3065 120.4047 1237.0000 373.0000 1.6919 0.5466 1.7328 3.0479 1.4587 3.6309 -7.8026 0.0059
Pedestrian -1 -1 -6.7098 1061.4486 146.6143 1083.0758 219.2163 1.8840 0.4520 0.3124 12.3409 0.9793 18.8866 -6.1424 0.0057
Pedestrian -1 -1 -7.2180 1034.1262 142.6926 1232.9602 373.0000 1.6046 0.6103 0.5906 2.6992 1.4235 3.7548 -6.6329 0.0052
Pedestrian -1 -1 -4.0951 1049.9882 108.1089 1237.0000 373.0000 1.8610 0.6973 0.7119 2.6506 1.5598 3.4014 -3.4756 0.0048
Car -1 -1 -7.9431 661.3514 178.1218 717.4035 219.4127 1.3960 1.6140 4.4537 3.1372 1.2822 26.5313 -7.8317 0.0047
Car -1 -1 -6.3368 0.0000 0.0000 1237.0000 373.0000 1.5635 1.6169 4.2367 4.1363 1.4328 2.0505 -5.2818 0.0045
Car -1 -1 -8.3989 1066.7817 96.7119 1237.0000 373.0000 1.6809 1.7068 3.8312 3.9451 1.5054 3.5607 -7.6040 0.0044
Car -1 -1 -5.9986 1036.4219 0.0000 1237.0000 373.0000 1.6108 1.6279 4.0487 3.8605 1.4027 2.4552 -5.0472 0.0044
Pedestrian -1 -1 -4.3719 1101.7593 127.7163 1237.0000 373.0000 1.6653 0.6093 0.4762 3.0249 1.4122 3.7765 -3.7354 0.0043
Car -1 -1 -5.5426 0.0000 0.0000 1237.0000 373.0000 1.6324 1.5646 4.1370 2.7901 1.5502 1.0630 -4.4217 0.0043
Car -1 -1 -7.4053 1058.8446 88.6108 1237.0000 373.0000 1.6234 1.7589 4.2083 4.5192 1.3729 3.2595 -6.5024 0.0042
Cyclist -1 -1 -8.4677 968.5090 120.3519 1237.0000 373.0000 1.7593 0.4569 1.8230 2.7292 1.4971 4.0107 -7.9059 0.0040
Car -1 -1 -6.9011 1091.3409 123.6894 1237.0000 373.0000 1.5147 1.6002 4.2136 4.6211 1.4020 2.8834 -5.9338 0.0040
Car -1 -1 -6.0173 1030.4567 0.0000 1237.0000 373.0000 1.6448 1.7428 4.4879 4.2884 1.3590 2.7921 -5.0713 0.0037
Car -1 -1 -6.5565 1147.7926 0.0000 1237.0000 373.0000 1.6149 1.5750 4.2161 4.4982 1.4900 2.3861 -5.5237 0.0037
Car -1 -1 -6.5024 1169.0435 0.0000 1237.0000 373.0000 1.6157 1.6095 4.0950 4.3524 1.4613 2.0994 -5.4346 0.0037
Cyclist -1 -1 -7.5071 866.7378 161.9416 925.5653 238.4790 1.6476 0.6741 1.8411 6.6998 1.2271 16.3762 -7.1296 0.0037
Cyclist -1 -1 -7.5681 368.2942 166.4099 412.0327 252.4745 1.7723 0.4360 1.7841 -4.6250 1.4621 15.6848 -7.8558 0.0036
Cyclist -1 -1 -7.4589 355.4803 164.9318 406.9145 254.3066 1.8165 0.4332 1.7254 -4.7554 1.4804 15.4797 -7.7577 0.0033
Pedestrian -1 -1 -6.6185 1065.5718 146.0460 1086.3665 221.4657 1.9348 0.4834 0.3043 12.3134 1.0258 18.6981 -6.0477 0.0031
Car -1 -1 -7.4798 1052.4156 106.2189 1237.0000 373.0000 1.5759 1.7804 4.2957 4.6602 1.3531 3.6781 -6.6168 0.0029
Cyclist -1 -1 -7.5120 856.1452 162.6005 912.3016 238.7253 1.7071 0.7276 1.6909 6.6664 1.2838 16.9879 -7.1485 0.0028
Pedestrian -1 -1 -8.5665 1025.4980 147.4708 1057.3263 216.7547 1.9138 0.5941 0.4756 12.2916 0.9743 20.1280 -8.0291 0.0028
Cyclist -1 -1 -8.4450 1137.6656 136.4395 1215.7805 221.1524 1.6736 0.4456 1.5851 11.9269 0.7840 14.9973 -7.7866 0.0028
Cyclist -1 -1 -7.6233 857.5898 160.6515 908.0770 244.5767 1.8210 0.6827 1.9328 6.4781 1.3692 16.5786 -7.2614 0.0027
Cyclist -1 -1 -8.5160 1105.8447 133.1369 1192.0690 219.8583 1.7569 0.3596 1.9085 11.7266 0.7777 15.5113 -7.8818 0.0026
Cyclist -1 -1 -8.3971 931.8190 113.4802 1237.0000 373.0000 1.8199 0.5633 1.6931 2.2411 1.5686 3.5125 -7.8683 0.0025
Cyclist -1 -1 -7.1311 861.7877 159.7228 942.5339 235.7253 1.6419 0.7058 1.7604 6.7599 1.1720 16.2281 -6.7473 0.0020
Cyclist -1 -1 -7.6285 866.3463 160.8228 920.5638 240.4869 1.7273 0.7426 2.0687 6.7504 1.2795 16.6382 -7.2538 0.0020
Pedestrian -1 -1 -3.6655 398.6917 179.5454 426.4860 240.2464 1.5797 0.5394 0.5114 -5.0466 1.5293 19.0654 -3.9263 0.0016
Car -1 -1 -7.4663 1008.6899 90.8155 1237.0000 373.0000 1.6323 1.8641 4.7140 4.8060 1.3359 4.0334 -6.6307 0.0015
Pedestrian -1 -1 -6.6706 1034.2765 143.7484 1059.0396 207.3038 1.7317 0.6053 0.3764 12.2955 0.7036 19.9002 -6.1280 0.0015
Cyclist -1 -1 -8.4535 1024.8104 135.7205 1237.0000 373.0000 1.6535 0.5120 1.9002 3.1109 1.4591 4.0176 -7.8314 0.0014
Cyclist -1 -1 -7.6068 864.2266 169.8901 906.6723 238.5388 1.4873 0.5867 1.4019 6.4206 1.2363 16.3054 -7.2424 0.0011
Cyclist -1 -1 -7.3052 398.4287 181.5691 438.5428 234.5765 1.3850 0.3832 1.4048 -4.9822 1.3874 19.4979 -7.5574 0.0008
Pedestrian -1 -1 -2.6102 555.9852 163.9125 564.5143 189.1678 2.2379 0.6560 0.4973 -3.6404 0.6792 64.0586 -2.6716 0.0007
Cyclist -1 -1 -7.7348 396.8024 180.5297 416.1401 233.6812 1.3819 0.3507 1.3528 -5.2820 1.3572 19.3712 -8.0028 0.0006
