Car -1 -1 -4.4538 383.4470 184.4122 426.7764 208.5331 1.4954 1.7837 4.3072 -13.8753 2.3144 48.9790 -4.7288 0.9891
Car -1 -1 -4.4578 383.2587 183.7052 426.5538 208.1259 1.5220 1.7732 4.4463 -13.9504 2.2954 49.2023 -4.7330 0.8474
Car -1 -1 -4.5177 383.8518 183.6975 423.2446 208.7960 1.5476 1.7403 4.3626 -13.8985 2.3125 48.6753 -4.7948 0.6185
Car -1 -1 -4.5084 381.3968 183.8892 422.9755 209.0325 1.5481 1.8163 4.5392 -14.0214 2.3299 48.8036 -4.7871 0.6007
Car -1 -1 -4.2643 248.6037 187.2597 310.5714 216.1443 1.5717 1.6687 4.3830 -19.9416 2.4875 43.6736 -4.6907 0.5679
Car -1 -1 -4.3016 245.7446 187.1978 307.8468 216.1152 1.5702 1.7359 4.5533 -20.1388 2.4852 43.7465 -4.7310 0.5347
Car -1 -1 -7.4300 243.5919 180.7426 311.4901 216.3132 1.9817 1.9106 4.8176 -20.0486 2.4853 43.6811 -7.8583 0.4951
Car -1 -1 -4.4685 385.1895 184.2389 427.4471 208.8999 1.5188 1.7575 4.2635 -13.6847 2.3192 48.5863 -4.7420 0.4429
Car -1 -1 -7.4382 238.1388 181.2560 305.0188 215.9031 1.9257 1.9336 4.6534 -20.3694 2.4602 43.5849 -7.8734 0.3940
Car -1 -1 -4.5040 379.3762 184.5375 421.4881 210.1445 1.5804 1.8623 4.4141 -14.1601 2.4081 48.8695 -4.7850 0.3880
Car -1 -1 -2.6104 219.1808 182.3520 297.3084 213.4274 1.7449 1.7334 3.7412 -20.5443 2.3127 42.1461 -3.0617 0.3356
Car -1 -1 -4.6557 389.0705 184.1485 419.7880 209.6087 1.5436 1.7222 4.3875 -13.6985 2.3333 48.1397 -4.9319 0.3230
Car -1 -1 -7.3286 243.0851 182.7051 307.1923 215.1945 1.7957 1.7351 3.9308 -19.9799 2.4124 43.1539 -7.7602 0.2366
Car -1 -1 -4.4546 375.9135 183.9918 418.4203 209.7278 1.5615 1.6807 4.1890 -14.0487 2.3306 47.7267 -4.7398 0.2259
Car -1 -1 -7.3556 249.4198 183.5324 308.3222 215.4373 1.7650 1.6933 3.5496 -19.6868 2.4278 42.9719 -7.7832 0.2259
Car -1 -1 -7.3756 239.9075 181.8815 306.8794 215.6426 1.8730 1.8582 4.3339 -20.1909 2.4435 43.4153 -7.8089 0.2136
Car -1 -1 -7.3661 246.1177 183.0943 312.9505 215.7732 1.8037 1.8347 4.3303 -19.8299 2.4512 43.4315 -7.7924 0.2002
Car -1 -1 -4.5086 379.4359 183.5226 418.2824 209.7577 1.5831 1.6863 3.8641 -13.7777 2.3094 47.1522 -4.7917 0.1772
Car -1 -1 -2.6153 212.7184 183.4797 296.1095 215.2356 1.7860 1.7419 4.0583 -20.8259 2.4231 42.2702 -3.0709 0.1547
Car -1 -1 -4.6692 380.5010 185.1862 411.6419 210.9964 1.5746 1.8218 4.0989 -14.3166 2.4382 48.3377 -4.9560 0.1437
Car -1 -1 -2.6738 228.3445 182.8724 308.9429 213.8282 1.7384 1.7564 3.8719 -19.8870 2.3350 42.0559 -3.1134 0.0801
Car -1 -1 -4.2406 777.4642 178.5908 837.5389 204.7948 1.4448 1.7027 4.2546 11.7409 1.8025 42.8721 -3.9755 0.0740
Car -1 -1 -3.9984 1023.7981 176.2353 1127.7849 213.3306 1.4325 1.5630 3.6422 18.8955 1.5757 29.3642 -3.4316 0.0733
Car -1 -1 -4.2648 366.9625 183.1982 421.0741 210.3257 1.6183 1.7473 4.1357 -13.9965 2.3214 46.8850 -4.5538 0.0696
Car -1 -1 -4.5476 782.1561 178.2951 822.0346 204.7419 1.4626 1.6532 4.1306 11.4658 1.8037 43.0418 -4.2894 0.0667
Car -1 -1 -6.3190 729.2787 178.3782 792.4303 200.0647 1.4609 1.6333 4.2478 10.4481 1.8550 50.3552 -6.1160 0.0651
Car -1 -1 -4.0020 776.4700 179.3446 844.3344 205.2852 1.4331 1.6320 4.0266 11.8069 1.8319 42.5649 -3.7337 0.0646
Car -1 -1 -5.0699 744.5178 178.4934 790.5775 201.2625 1.5105 1.6729 4.6532 11.1425 1.9315 51.4896 -4.8584 0.0557
Car -1 -1 -4.7827 388.4735 183.5286 418.7455 209.0549 1.5261 1.6309 3.7093 -13.4651 2.2488 46.8491 -5.0615 0.0498
Cyclist -1 -1 -5.0999 1120.9119 170.2417 1159.2504 219.4314 1.7288 0.5151 1.6816 19.2056 1.6367 26.2368 -4.4738 0.0485
Car -1 -1 -4.5910 778.9799 174.1498 818.4407 202.6115 1.6124 1.7716 4.5934 11.4071 1.6947 43.5617 -4.3370 0.0385
Car -1 -1 -3.8344 778.6103 178.9314 850.2015 205.4505 1.4719 1.5840 3.9347 11.9425 1.8404 42.2705 -3.5614 0.0371
Pedestrian -1 -1 -3.8073 1124.9143 168.5049 1152.7137 216.7218 1.7354 0.6195 0.5506 19.2156 1.5785 26.2894 -3.1819 0.0328
Car -1 -1 -4.6683 783.2492 178.8260 813.0782 204.7909 1.4371 1.5614 3.7872 11.1876 1.8089 42.9128 -4.4154 0.0251
Car -1 -1 -3.1414 783.8115 178.9770 849.1318 204.3439 1.4008 1.5233 3.5605 11.8559 1.7642 41.6481 -2.8664 0.0250
Car -1 -1 -3.8251 1022.9969 176.1036 1122.8431 212.2697 1.4002 1.4871 3.1562 18.5417 1.5348 29.0289 -3.2617 0.0233
Car -1 -1 -2.7100 370.1018 184.2900 437.4551 208.8733 1.5903 1.8059 4.0103 -14.0076 2.3855 48.9929 -2.9875 0.0226
Car -1 -1 -4.9872 768.6262 177.1338 814.1895 204.5143 1.5379 1.5675 4.1431 10.7811 1.8068 43.2798 -4.7451 0.0203
Pedestrian -1 -1 -5.4437 0.0000 189.9765 15.5479 228.5233 1.6897 0.5825 0.4442 -27.0709 2.4619 32.2330 -6.1384 0.0190
Cyclist -1 -1 -4.9756 1125.1238 169.1970 1156.9305 219.7172 1.7998 0.5171 1.6628 19.4928 1.6692 26.5744 -4.3484 0.0184
Car -1 -1 -7.9226 733.1098 176.1814 759.9684 196.7796 1.4738 1.7035 4.0611 10.2305 1.7342 54.4237 -7.7381 0.0179
Pedestrian -1 -1 -4.2598 1130.3828 167.0487 1158.9716 218.1791 1.8335 0.6341 0.6144 19.4383 1.6250 26.2976 -3.6290 0.0174
Car -1 -1 -5.0473 766.5021 176.1029 811.9546 204.8152 1.6180 1.4738 3.7229 10.5939 1.8201 43.0195 -4.8079 0.0166
Car -1 -1 -3.7090 782.5651 179.2545 846.5286 204.1094 1.3845 1.4909 3.2990 11.8588 1.7673 41.9972 -3.4361 0.0138
Car -1 -1 -4.7944 778.5278 176.5429 812.6327 204.4467 1.5629 1.6114 4.3457 11.0448 1.7955 43.2902 -4.5467 0.0134
Pedestrian -1 -1 -7.7401 0.0000 185.4467 12.0018 225.8946 1.9731 0.6589 0.6497 -30.2906 2.6078 35.9315 -8.4370 0.0090
Car -1 -1 -3.6595 784.5836 179.2032 859.1918 204.5365 1.4097 1.5817 3.8953 12.2780 1.7897 41.9896 -3.3774 0.0090
Pedestrian -1 -1 -5.5734 0.0000 190.4796 12.7605 230.9129 1.7622 0.6031 0.5011 -27.0455 2.5515 32.0173 -6.2708 0.0085
Cyclist -1 -1 -5.0333 1126.5695 168.6438 1162.2488 219.8854 1.8075 0.5165 1.7287 19.4500 1.6587 26.3529 -4.4032 0.0084
Pedestrian -1 -1 -5.9683 1.6795 183.3283 20.0577 226.6920 1.9040 0.6484 0.4522 -26.8174 2.3774 32.2511 -6.6581 0.0083
Car -1 -1 -8.0203 728.0630 176.7589 760.0672 197.0760 1.4526 1.7079 4.0888 10.0396 1.7580 54.4344 -7.8393 0.0082
Pedestrian -1 -1 -8.0633 1019.0436 170.6306 1043.4829 215.7869 1.6457 0.6904 0.4868 15.4985 1.5644 26.6342 -7.5416 0.0081
Car -1 -1 -5.2152 932.1058 177.8843 1013.2321 215.6795 1.4049 1.4474 3.3703 14.4362 1.6187 28.9942 -4.7577 0.0072
Car -1 -1 -6.6907 763.0937 170.9295 839.0773 200.4154 1.7804 1.6936 4.2277 11.7823 1.6639 44.7244 -6.4351 0.0068
Cyclist -1 -1 -8.0281 770.7459 169.5066 781.9918 201.2850 1.9142 0.3836 1.6723 10.1747 1.7123 44.3083 -7.8043 0.0068
Car -1 -1 -3.2464 729.8396 177.9370 785.8009 197.4017 1.3970 1.6042 3.8975 10.8481 1.7790 53.2821 -3.0471 0.0061
Car -1 -1 -4.4289 318.0276 183.1987 360.1205 207.2238 1.6606 1.8886 3.9912 -20.1353 2.4598 53.7067 -4.7863 0.0060
Cyclist -1 -1 -4.4454 0.0000 188.3412 19.1152 224.3673 1.7252 0.5560 1.7414 -30.3537 2.5223 36.2406 -5.1392 0.0060
Car -1 -1 -8.1801 757.2712 169.4333 808.8755 200.7305 1.8586 1.9629 3.8930 10.6642 1.6551 44.8788 -7.9487 0.0060
Car -1 -1 -4.6649 775.3512 170.4604 809.5468 200.6959 1.7567 1.8464 4.0685 11.1651 1.6174 44.1367 -4.4191 0.0059
Cyclist -1 -1 -8.0685 767.6448 170.0264 779.4236 201.7427 1.9099 0.3570 1.6478 9.9926 1.7393 44.2737 -7.8484 0.0058
Pedestrian -1 -1 -4.0847 1214.3574 169.9636 1241.0000 228.4846 1.8018 0.6212 0.7337 19.4944 1.7125 22.6035 -3.3799 0.0050
Cyclist -1 -1 -4.4864 0.0000 189.8976 15.8408 226.0143 1.7225 0.5811 1.6381 -30.3543 2.5950 36.0875 -5.1822 0.0048
Car -1 -1 -4.5246 374.5492 182.8857 414.8541 209.8118 1.5836 1.7267 4.1332 -13.7519 2.2550 46.1740 -4.8129 0.0044
Cyclist -1 -1 -8.1812 769.3486 170.7038 786.2419 201.5811 1.8474 0.4734 1.7140 10.1984 1.7185 44.0476 -7.9556 0.0044
Car -1 -1 -4.7782 731.7165 176.8357 756.9304 197.5001 1.4704 1.6038 3.7120 9.9942 1.7789 54.0235 -4.5967 0.0041
Car -1 -1 -5.4887 914.7314 176.8055 1010.1177 217.0433 1.4978 1.4519 3.4333 14.0693 1.6670 29.0837 -5.0426 0.0040
Cyclist -1 -1 -4.4488 0.0000 187.6227 11.7124 226.7560 1.8444 0.5855 1.8683 -30.3248 2.5949 35.7104 -5.1493 0.0039
Car -1 -1 -4.3119 362.1323 182.3393 414.8047 209.6665 1.6122 1.7612 4.0949 -14.1391 2.2468 46.1723 -4.6078 0.0037
Cyclist -1 -1 -7.8851 220.0412 185.8588 227.9089 211.9446 1.8986 0.4639 1.9852 -29.1718 2.8975 54.4647 -8.3750 0.0033
Cyclist -1 -1 -4.0674 0.0000 189.6781 21.8047 228.7628 1.6635 0.5180 1.5507 -27.1324 2.4318 32.1759 -4.7640 0.0033
Pedestrian -1 -1 -3.0313 220.0110 185.9802 228.6109 214.4482 2.0822 0.7546 0.4830 -28.6892 3.0654 53.6209 -3.5208 0.0032
Car -1 -1 -6.5198 0.0000 0.0000 1241.0000 374.0000 1.5385 1.5850 3.6185 -4.9970 1.6696 1.3715 -7.7707 0.0030
Car -1 -1 -9.0265 0.0000 0.0000 1241.0000 374.0000 1.5475 1.5906 3.5932 5.0366 1.5858 1.3539 -7.7722 0.0030
Car -1 -1 -8.9623 0.0000 0.0000 1241.0000 374.0000 1.5459 1.5877 3.5727 3.8942 1.5671 1.2563 -7.7708 0.0030
Car -1 -1 -9.0422 0.0000 0.0000 1241.0000 374.0000 1.5345 1.5983 3.6223 5.4354 1.5925 1.3943 -7.7728 0.0030
Car -1 -1 -8.9894 0.0000 0.0000 1241.0000 374.0000 1.5480 1.5847 3.5562 4.2541 1.5749 1.2738 -7.7721 0.0030
Car -1 -1 -9.0088 0.0000 0.0000 1241.0000 374.0000 1.5357 1.5905 3.5866 4.6636 1.5761 1.3204 -7.7715 0.0030
Cyclist -1 -1 -7.6897 223.0670 186.2762 234.5330 212.3106 1.8926 0.4541 1.9294 -28.7918 2.9237 54.4575 -8.1743 0.0030
Car -1 -1 -4.6102 336.0718 182.5829 370.2209 206.8058 1.4313 1.6522 4.2597 -16.6109 2.0915 46.7184 -4.9503 0.0029
Cyclist -1 -1 -4.4780 0.0000 187.4758 19.6786 227.1342 1.8786 0.6110 1.8586 -30.0331 2.6246 35.8607 -5.1716 0.0027
Cyclist -1 -1 -5.5476 0.0000 186.4997 30.2556 229.5019 1.8872 0.6166 1.6115 -26.9728 2.5028 32.2251 -6.2406 0.0027
Car -1 -1 -4.6489 384.1206 183.5311 414.9207 209.9973 1.5511 1.6347 4.0855 -13.4676 2.2667 46.2102 -4.9313 0.0023
Pedestrian -1 -1 -6.7465 769.4459 167.2038 785.0599 201.6243 2.0801 0.7833 0.6454 10.1750 1.7384 44.0618 -6.5215 0.0023
Car -1 -1 -4.3628 318.9402 183.5751 364.7662 208.6642 1.7337 1.8748 4.1897 -19.9388 2.5633 53.7524 -4.7168 0.0022
Cyclist -1 -1 -5.0532 0.0000 182.9968 9.6600 225.2419 2.0409 0.6282 1.8588 -30.7519 2.5564 35.9510 -5.7572 0.0021
Cyclist -1 -1 -7.6556 0.0000 187.0462 14.5546 224.5160 1.7657 0.4126 1.9024 -29.9542 2.4849 35.6444 -8.3510 0.0020
Car -1 -1 -4.6148 726.0742 175.6259 756.8032 198.4332 1.6349 1.8395 4.9315 10.0325 1.8559 54.9828 -4.4357 0.0019
Cyclist -1 -1 -2.5975 196.6499 185.4289 228.8325 211.7413 1.9253 0.7525 1.9942 -29.5401 2.8667 53.6135 -3.0993 0.0016
Car -1 -1 -4.3768 201.4974 187.0359 242.3615 209.3714 1.5633 1.6246 3.6395 -29.4844 2.6792 54.8681 -4.8681 0.0014
Car -1 -1 -4.5055 210.6076 186.6069 244.8379 209.4045 1.6061 1.6006 3.6066 -29.1974 2.6941 55.1429 -4.9907 0.0013
Pedestrian -1 -1 -6.5345 768.8405 167.2522 781.0798 202.0358 2.1057 0.7686 0.5529 10.0374 1.7663 44.0720 -6.3125 0.0012
Cyclist -1 -1 -7.9919 216.2679 185.4867 227.1778 211.9655 1.9252 0.4699 1.8767 -29.2072 2.8898 54.2131 -8.4843 0.0009
Car -1 -1 -7.5278 207.9841 187.1320 251.4594 212.6507 1.7886 1.7500 3.9625 -28.9572 2.9183 55.0087 -8.0107 0.0009
Car -1 -1 -4.0479 315.4907 179.5131 373.3179 207.3128 1.9327 1.8694 4.1354 -19.6553 2.4470 53.4997 -4.3987 0.0005
Cyclist -1 -1 -7.7332 222.6894 186.1391 231.7283 213.0528 1.9554 0.3968 1.6912 -28.7420 2.9676 54.1322 -8.2195 0.0004
Pedestrian -1 -1 -3.0948 215.9612 186.5712 227.3934 216.3364 2.1579 0.8606 0.7042 -28.7363 3.1821 53.3475 -3.5871 0.0003
Pedestrian -1 -1 -6.2626 224.0895 184.9341 231.7188 212.0359 1.9821 0.7758 0.4847 -28.4282 2.8874 53.6319 -6.7482 0.0003
Pedestrian -1 -1 -6.9266 219.5008 186.7845 234.0664 212.0364 1.8557 0.8227 0.5860 -28.6825 2.9056 53.9514 -7.4135 0.0003
Pedestrian -1 -1 -5.1414 952.3038 176.0501 970.4219 217.3603 1.5824 0.5056 0.4049 13.5280 1.7065 27.8784 -4.6943 0.0001
