Car -1 -1 -7.8852 558.5369 187.6827 717.5320 328.8447 1.4114 1.6047 3.4963 0.2379 1.4484 9.0015 -7.8601 0.9991
Car -1 -1 -7.8524 564.3726 174.5289 654.5453 252.9771 1.5290 1.7575 4.3020 -0.0189 1.3209 16.1620 -7.8539 0.9810
Car -1 -1 -7.8778 566.9943 172.6278 623.0286 222.3621 1.5250 1.7217 3.8241 -0.5233 1.1392 23.9914 -7.8998 0.9779
Car -1 -1 -7.7298 583.9922 173.2662 632.3886 210.1832 1.4928 1.6450 3.6855 0.0380 1.0097 30.9984 -7.7290 0.8758
Car -1 -1 -7.4523 694.8564 161.8923 734.3979 183.1890 1.6220 1.6600 4.0816 8.5420 -0.1676 57.3372 -7.3054 0.8455
Car -1 -1 -7.7632 586.2921 172.9875 631.7336 209.4558 1.4788 1.6390 3.6753 0.0709 0.9831 31.0549 -7.7613 0.8344
Car -1 -1 -7.8934 567.1207 171.0506 621.7390 222.3663 1.5584 1.6373 3.7417 -0.5538 1.1284 23.7490 -7.9168 0.7823
Car -1 -1 -7.8576 568.0435 172.8538 657.8466 252.4042 1.5424 1.7413 3.9439 0.0461 1.3029 15.9108 -7.8552 0.7488
Car -1 -1 -7.4695 696.1288 161.1323 735.0569 182.4927 1.6199 1.7017 3.9732 8.5979 -0.2247 57.2061 -7.3213 0.7169
Car -1 -1 -7.8730 570.9091 172.3411 625.4548 222.5081 1.5314 1.6677 3.7063 -0.4044 1.1386 23.8266 -7.8901 0.7102
Car -1 -1 -7.8984 564.6760 171.5990 619.6325 221.1115 1.5149 1.6388 4.0518 -0.6418 1.0984 24.0731 -7.9251 0.6804
Car -1 -1 -7.9320 561.9336 171.7191 621.4200 222.3482 1.5399 1.6696 3.5884 -0.6456 1.1295 23.7357 -7.9592 0.6611
Car -1 -1 -7.7504 587.4603 172.9215 632.6910 209.4254 1.4872 1.5773 3.8988 0.1208 0.9865 31.3099 -7.7469 0.6032
Car -1 -1 -7.4922 694.7754 161.3427 731.4319 182.7518 1.6281 1.6651 3.7635 8.3942 -0.2029 57.1879 -7.3474 0.5852
Car -1 -1 -7.6456 586.5965 172.6861 641.6412 209.3014 1.4829 1.6409 3.7684 0.3005 0.9756 31.1299 -7.6364 0.5657
Car -1 -1 -7.6493 695.4149 161.4919 726.9592 182.5924 1.6058 1.6675 4.2988 8.3055 -0.2184 57.5845 -7.5071 0.5644
Car -1 -1 -4.5455 585.5088 172.3085 635.6705 210.7406 1.5264 1.5156 3.8601 0.1432 1.0140 30.5823 -4.5413 0.5049
Car -1 -1 -7.8602 588.8889 172.9512 628.0993 209.2979 1.4895 1.6073 3.8942 -0.0239 0.9871 31.4128 -7.8613 0.4858
Car -1 -1 -4.4704 695.9897 161.9550 729.8379 182.5969 1.5763 1.7139 4.3152 8.4779 -0.2189 57.8069 -4.3257 0.4535
Car -1 -1 -4.4851 693.2609 161.6451 725.3517 182.8387 1.6123 1.6694 4.0589 8.1222 -0.1968 57.3726 -4.3455 0.4003
Car -1 -1 -4.4970 580.1732 172.1678 634.9241 210.1951 1.4898 1.5267 3.7787 0.0159 0.9788 30.1720 -4.4968 0.3990
Car -1 -1 -7.8871 584.0163 173.1167 626.0044 209.5468 1.4782 1.6773 3.6889 -0.2102 0.9874 31.0453 -7.8942 0.3760
Pedestrian -1 -1 -6.7977 177.7110 169.8907 208.9714 219.5117 1.8441 0.6330 0.8214 -15.7360 1.2748 27.2308 -7.3177 0.2994
Pedestrian -1 -1 -7.0439 183.8288 170.5148 213.7889 219.4605 1.8349 0.6419 0.7600 -15.6269 1.2839 27.4059 -7.5582 0.2523
Car -1 -1 -4.7685 601.6101 166.0697 629.3616 193.1782 1.7589 1.6561 3.7914 0.4615 0.5168 48.5750 -4.7594 0.2049
Pedestrian -1 -1 -6.7171 181.7238 170.5885 212.4667 218.9060 1.7945 0.6247 0.8253 -15.5858 1.2514 27.2152 -7.2332 0.1997
Pedestrian -1 -1 -6.8748 788.6696 173.8335 809.0906 221.0919 1.6142 0.5209 0.4715 6.5682 1.2256 24.8776 -6.6198 0.1787
Pedestrian -1 -1 -7.1703 181.5493 170.3635 210.7494 219.3187 1.8389 0.6377 0.7476 -15.7377 1.2812 27.4237 -7.6873 0.1770
Car -1 -1 -7.4345 586.5721 172.4228 657.6010 209.3717 1.4888 1.6314 3.8797 0.6501 0.9735 31.0669 -7.4142 0.1626
Car -1 -1 -5.0831 593.9485 166.0312 639.2048 191.9539 1.6618 1.6563 4.1065 0.5160 0.4321 48.2950 -5.0728 0.1528
Car -1 -1 -4.6181 596.0869 165.9464 625.3754 193.2753 1.7739 1.6436 3.6740 0.2115 0.5233 48.5693 -4.6141 0.1350
Pedestrian -1 -1 -7.8061 508.1374 168.2001 526.7677 214.8595 1.6868 0.6482 0.6345 -3.3457 1.0719 26.3298 -7.9315 0.1256
Car -1 -1 -2.9009 575.2361 166.0526 633.6232 191.0891 1.6680 1.6496 3.7046 -0.2369 0.3915 49.1262 -2.9060 0.1030
Car -1 -1 -5.8730 304.4708 171.1360 358.1691 188.7614 1.5100 1.6675 4.0287 -24.0243 0.3039 62.5092 -6.2387 0.1009
Cyclist -1 -1 -7.4234 175.5381 171.4777 212.4765 219.9739 1.7782 0.4902 1.8355 -15.7272 1.2746 27.2940 -7.9421 0.0938
Car -1 -1 -6.3038 583.8167 165.7082 639.7731 192.5904 1.7989 1.6633 3.7476 0.2327 0.4936 48.9650 -6.2995 0.0849
Pedestrian -1 -1 -7.4715 613.9784 166.1821 629.9415 202.7759 1.8259 0.5840 0.7107 0.6851 0.8763 36.3086 -7.4531 0.0806
Cyclist -1 -1 -7.5657 179.0167 174.4337 208.6625 221.1335 1.6946 0.4882 1.7316 -15.5604 1.3035 26.9833 -8.0847 0.0791
Cyclist -1 -1 -7.4426 178.3655 171.1271 214.4646 220.6315 1.8081 0.4972 1.8138 -15.5736 1.2937 27.1839 -7.9589 0.0775
Car -1 -1 -3.2137 579.8397 166.8894 635.8588 192.1129 1.6795 1.5993 3.6942 -0.0444 0.4594 48.7970 -3.2149 0.0693
Cyclist -1 -1 -7.5238 182.8645 170.4992 214.1554 219.3504 1.8018 0.4939 1.7463 -15.6305 1.2591 27.4170 -8.0380 0.0575
Pedestrian -1 -1 -7.8307 516.8931 167.3801 535.2034 215.3284 1.7323 0.6517 0.6994 -3.0327 1.0881 26.3496 -7.9445 0.0572
Pedestrian -1 -1 -6.7730 790.0078 174.1558 809.2206 221.3179 1.6033 0.5000 0.4556 6.5550 1.2275 24.7338 -6.5171 0.0570
Cyclist -1 -1 -7.4792 186.0292 170.7212 218.1691 218.3727 1.7738 0.4873 1.6909 -15.6139 1.2344 27.6301 -7.9897 0.0547
Pedestrian -1 -1 -7.4794 184.9872 170.3350 211.6711 218.3656 1.8216 0.6480 0.7911 -15.8104 1.2574 27.7007 -7.9941 0.0546
Car -1 -1 -7.7467 599.6494 166.4693 629.0198 191.4792 1.6616 1.6302 3.8908 0.4690 0.4163 49.7858 -7.7377 0.0466
Cyclist -1 -1 -7.5510 182.3860 171.9709 211.1271 218.6521 1.7265 0.4449 1.7622 -15.7437 1.2368 27.4954 -8.0670 0.0453
Pedestrian -1 -1 -8.1080 513.4573 168.2205 537.3082 216.6046 1.7576 0.7151 0.7292 -3.0918 1.1404 26.5818 -8.2230 0.0405
Pedestrian -1 -1 -6.4934 787.2025 173.3917 805.6223 221.4227 1.6333 0.5325 0.5104 6.4405 1.2314 24.7213 -6.2417 0.0397
Car -1 -1 -4.4856 588.5449 165.4891 625.3483 193.0002 1.7868 1.7078 3.6948 -0.0386 0.5057 48.6803 -4.4867 0.0391
Car -1 -1 -7.8858 598.6409 166.4430 623.9739 191.2645 1.6521 1.6226 3.9581 0.1877 0.4028 49.8489 -7.8824 0.0360
Car -1 -1 -7.9674 592.4222 166.3850 623.5229 191.3338 1.6570 1.6964 4.0890 -0.0509 0.4065 49.8718 -7.9687 0.0346
Car -1 -1 -6.0619 681.9525 161.9870 732.6381 182.8034 1.5928 1.4585 3.7281 7.8265 -0.1944 56.6493 -5.9255 0.0318
Car -1 -1 -4.7926 594.5506 165.2806 622.9078 192.5330 1.7877 1.6247 3.8783 0.0051 0.4801 49.1523 -4.7928 0.0313
Car -1 -1 -4.1134 576.5501 165.0500 628.3878 192.1938 1.7532 1.6954 3.7153 -0.3429 0.4509 48.4444 -4.1208 0.0224
Car -1 -1 -6.4561 779.7491 169.9555 861.8655 199.8811 1.6337 1.6817 4.1822 11.8543 0.8007 40.3096 -6.1724 0.0209
Car -1 -1 -5.8812 687.3763 161.2698 739.1306 183.2010 1.6552 1.4171 3.7405 8.2037 -0.1615 56.1200 -5.7371 0.0203
Car -1 -1 -7.6247 303.3619 170.4631 333.4474 189.5604 1.6328 1.6052 3.9647 -25.5460 0.3716 63.5408 -8.0057 0.0195
Car -1 -1 -6.5141 693.8423 163.6805 746.7128 182.3286 1.4593 1.7104 3.8926 8.9673 -0.2351 57.5687 -6.3606 0.0180
Car -1 -1 -7.7973 303.8658 170.0860 326.3604 189.1042 1.6242 1.6108 4.0889 -25.8651 0.3322 63.5874 -8.1824 0.0179
Car -1 -1 -5.7092 676.5767 161.8116 730.2540 183.1874 1.6219 1.4761 4.0463 7.5082 -0.1653 56.7726 -5.5786 0.0175
Car -1 -1 -5.9115 302.6295 170.1960 359.9677 188.3464 1.5606 1.7587 4.3259 -24.0937 0.2693 62.7027 -6.2772 0.0164
Cyclist -1 -1 -7.8385 514.7903 167.8789 533.3128 217.0515 1.7409 0.6495 1.6858 -3.0962 1.1273 26.3213 -7.9547 0.0162
Car -1 -1 -8.2003 581.3134 166.7856 623.3902 191.1505 1.6111 1.6239 4.0489 -0.4452 0.3926 49.7145 -8.2095 0.0154
Car -1 -1 -7.5102 304.8687 170.2292 339.8060 189.2629 1.6300 1.6580 3.8760 -25.1883 0.3468 63.5260 -7.8865 0.0142
Car -1 -1 -7.4174 490.7034 172.4316 526.9883 190.3809 1.5358 1.6312 4.0359 -8.7322 0.4421 63.6768 -7.5535 0.0141
Car -1 -1 -4.4464 582.2468 162.2188 623.7549 191.9157 1.9289 1.8709 3.8592 -0.3008 0.4353 48.7973 -4.4528 0.0129
Car -1 -1 -7.4957 490.6075 173.0404 521.2601 190.4001 1.4905 1.5953 3.3930 -8.9831 0.4453 63.5489 -7.6358 0.0129
Car -1 -1 -7.4869 311.5262 168.0232 348.1724 187.4234 1.6529 1.7223 3.8862 -24.3928 0.1883 63.1893 -7.8541 0.0119
Car -1 -1 -7.8342 301.3171 170.2767 322.6932 189.1944 1.6152 1.6630 4.3483 -26.1876 0.3399 63.7039 -8.2230 0.0106
Pedestrian -1 -1 -3.6803 144.9153 172.2740 171.1579 231.7867 1.9102 0.6323 0.4681 -14.6991 1.4949 23.4261 -4.2358 0.0102
Car -1 -1 -7.5013 489.1566 172.4778 522.1078 189.8084 1.4847 1.6369 3.9201 -9.0187 0.3936 63.6712 -7.6418 0.0102
Car -1 -1 -5.7326 471.9295 172.7880 522.6557 191.1633 1.5676 1.6201 4.1512 -9.6779 0.5075 62.8769 -5.8850 0.0100
Car -1 -1 -6.0897 301.7981 170.2612 360.5007 188.8131 1.5913 1.8395 4.5290 -24.1845 0.3087 62.9530 -6.4553 0.0098
Cyclist -1 -1 -2.4730 167.3873 170.1219 221.1236 218.7728 1.8175 0.5209 1.8417 -15.7117 1.2538 27.2494 -2.9920 0.0097
Car -1 -1 -4.7598 327.4184 169.2640 350.8914 187.5284 1.5540 1.7574 3.7979 -23.6720 0.1969 63.2556 -5.1167 0.0095
Cyclist -1 -1 -2.3199 172.8301 171.3709 221.5137 218.4300 1.7620 0.5234 1.8105 -15.7135 1.2438 27.4372 -2.8360 0.0078
Car -1 -1 -4.3710 298.1653 175.0784 327.8061 191.9189 1.5797 1.5411 3.5489 -28.3642 0.6290 69.2410 -4.7588 0.0072
Car -1 -1 -7.6257 489.7454 172.9306 517.9728 190.7316 1.5314 1.6486 3.8713 -9.2037 0.4747 63.8417 -7.7686 0.0072
Car -1 -1 -2.7394 480.1940 173.6248 531.2463 191.2461 1.5034 1.5124 4.1402 -8.8925 0.5147 62.5982 -2.8802 0.0069
Car -1 -1 -2.7058 474.9040 173.5994 524.4872 190.9332 1.4807 1.5000 4.0190 -9.4332 0.4886 62.6941 -2.8549 0.0065
Car -1 -1 -4.6427 322.2050 168.1538 347.0947 186.6954 1.5741 1.7732 3.9185 -23.9722 0.1258 63.1596 -5.0043 0.0059
Pedestrian -1 -1 -5.6203 964.4448 156.0621 1003.1257 230.0330 1.9829 0.7472 0.6106 10.2563 1.2016 19.7043 -5.1466 0.0056
Car -1 -1 -4.1948 295.7267 172.1731 337.6884 191.3109 1.7868 1.7749 4.4729 -28.0662 0.5692 69.4500 -4.5778 0.0052
Car -1 -1 -4.4994 296.9580 175.2927 321.6652 191.7303 1.5384 1.5065 3.4023 -28.6599 0.6099 69.0856 -4.8916 0.0050
Car -1 -1 -4.4519 295.8080 172.5593 327.5795 191.7125 1.7878 1.7641 4.3802 -28.5341 0.6066 69.3838 -4.8410 0.0046
Car -1 -1 -4.3533 295.8856 172.9448 332.0620 192.0306 1.7821 1.7615 4.4989 -28.3124 0.6365 69.3960 -4.7396 0.0044
Car -1 -1 -4.6908 297.1235 173.1458 316.9485 190.6365 1.6316 1.6734 3.9713 -28.9320 0.5058 69.2102 -5.0857 0.0037
Pedestrian -1 -1 -5.8791 247.8921 174.3239 267.9632 222.8374 1.5139 0.4688 0.4182 -11.0771 1.1742 22.6760 -6.3291 0.0028
Cyclist -1 -1 -7.5868 171.9198 168.3931 200.6227 215.1698 1.7343 0.5073 1.7257 -16.1779 1.1108 27.5518 -8.1136 0.0023
Car -1 -1 -7.3852 432.5803 167.4982 471.3199 185.6325 1.6069 1.6976 4.3415 -14.2684 0.0371 66.0128 -7.5974 0.0023
Cyclist -1 -1 -3.9973 954.7838 165.5371 1018.0552 227.7903 1.6605 0.6171 1.6473 10.3650 1.1358 19.7658 -3.5205 0.0020
Car -1 -1 -4.8555 378.3467 171.2578 403.7123 189.5185 1.6397 1.6970 4.0237 -20.1556 0.3865 66.7318 -5.1480 0.0019
Car -1 -1 -4.7098 382.9187 172.7570 400.5786 189.4841 1.5026 1.5247 3.4033 -19.9628 0.3836 66.4222 -5.0009 0.0019
Car -1 -1 -4.6474 385.0680 173.1349 404.3955 189.4896 1.4702 1.4956 3.3821 -19.6741 0.3844 66.4357 -4.9345 0.0018
Car -1 -1 -4.7642 383.7233 171.5947 404.8563 190.3436 1.6849 1.6781 3.9337 -19.8508 0.4610 66.7340 -5.0525 0.0018
Car -1 -1 -4.6138 384.9478 171.3606 408.3907 190.2454 1.6987 1.7048 3.9838 -19.5852 0.4526 66.7781 -4.8983 0.0015
Car -1 -1 -4.4474 385.6893 171.9335 414.9508 190.1357 1.6434 1.6565 3.8757 -19.2620 0.4444 66.8515 -4.7272 0.0012
Car -1 -1 -6.3923 541.5517 171.0878 626.3932 203.8519 1.6255 1.6053 4.1832 -1.2797 0.9247 36.7584 -6.4272 0.0006
Pedestrian -1 -1 -6.6829 739.8165 160.0672 749.2151 180.8585 1.6050 0.7259 0.4738 10.6452 -0.3421 56.0660 -6.4965 0.0001
