Car -1 -1 -4.3063 12.2577 206.7357 438.2494 374.0000 1.4144 1.6226 4.0974 -2.8860 1.8126 6.4378 -4.7137 0.9999
Car -1 -1 -7.9445 647.9321 181.2480 691.3516 217.0641 1.4996 1.6082 4.1204 2.6450 1.9102 33.2510 -7.8665 0.9982
Car -1 -1 -4.6292 508.5294 183.8155 558.8236 227.6971 1.5113 1.6055 3.9331 -2.9193 1.9639 27.8242 -4.7334 0.9950
Car -1 -1 -8.5813 844.1313 205.3233 1241.0000 374.0000 1.4221 1.5780 4.0297 2.5124 1.6519 3.0392 -7.9380 0.9806
Car -1 -1 -7.8119 550.3895 182.6480 578.1772 207.8384 1.4865 1.6108 3.9263 -2.9166 2.1388 46.0971 -7.8753 0.9481
Car -1 -1 -4.6553 509.3007 184.1059 557.3679 227.1516 1.4781 1.6200 3.9305 -2.9349 1.9429 27.8242 -4.7601 0.9305
Car -1 -1 -7.9323 649.2175 180.8714 692.0535 216.5255 1.4955 1.6251 4.2338 2.6967 1.8891 33.3349 -7.8529 0.9302
Car -1 -1 -7.7599 550.5162 182.9959 581.7419 208.0983 1.4760 1.6204 4.0750 -2.7969 2.1535 46.1566 -7.8206 0.8797
Car -1 -1 -7.9301 636.3447 175.8106 666.6575 203.9215 1.7910 1.7209 3.9786 2.7098 1.9972 48.3994 -7.8750 0.7984
Car -1 -1 -4.2940 14.9699 209.1235 442.7809 374.0000 1.3957 1.6539 4.1425 -2.9094 1.8295 6.5536 -4.6981 0.7929
Car -1 -1 -8.6677 845.8871 200.4995 1241.0000 374.0000 1.4752 1.6524 4.1824 2.6081 1.6685 2.8715 -7.9811 0.7812
Car -1 -1 -7.9133 651.3013 180.9238 693.1614 216.5732 1.4906 1.6574 4.0924 2.7589 1.8844 33.1684 -7.8317 0.6862
Car -1 -1 -7.8250 548.8530 182.2068 576.6584 207.7135 1.5018 1.6567 4.1525 -3.0139 2.1267 46.1306 -7.8903 0.6841
Car -1 -1 -7.8654 551.5962 181.8785 578.1079 207.5332 1.5152 1.6137 3.6433 -2.9242 2.1114 45.8138 -7.9293 0.6031
Car -1 -1 -4.6221 506.1003 183.0084 557.6788 227.7826 1.5282 1.6108 3.7717 -2.9423 1.9400 27.3863 -4.7287 0.5986
Car -1 -1 -4.5967 508.9956 183.0614 562.5880 227.1611 1.5120 1.6062 3.7759 -2.8057 1.9278 27.5163 -4.6981 0.5924
Car -1 -1 -6.9371 0.0000 0.0000 1241.0000 374.0000 1.5086 1.5442 3.5288 -3.0260 1.7004 1.5766 -7.9575 0.5710
Car -1 -1 -3.8902 0.0000 235.9323 159.2102 374.0000 1.4154 1.5055 3.3431 -3.0301 1.7470 2.0639 -4.8031 0.5674
Car -1 -1 -8.0295 631.0847 175.7728 666.7089 203.2951 1.7492 1.6868 4.1006 2.5316 1.9535 48.4500 -7.9781 0.5182
Car -1 -1 -7.8798 640.1752 176.0166 666.7430 203.4038 1.7411 1.6643 3.8587 2.8392 1.9610 48.2782 -7.8219 0.4944
Car -1 -1 -6.6683 0.0000 0.0000 1241.0000 374.0000 1.5333 1.5458 3.5859 -3.3459 1.7067 1.6379 -7.7184 0.4602
Car -1 -1 -6.8505 0.0000 214.6553 146.1956 374.0000 1.4885 1.5321 3.5467 -3.3872 1.7157 2.1182 -7.8055 0.4235
Car -1 -1 -6.4292 0.0000 0.0000 1241.0000 374.0000 1.5672 1.5918 3.7142 -3.6422 1.7150 1.6819 -7.5056 0.3088
Car -1 -1 -3.9116 0.0000 0.0000 1241.0000 374.0000 1.4978 1.5585 3.5662 -2.6880 1.7037 1.4649 -4.9068 0.3070
Car -1 -1 -4.6780 552.3038 181.9207 580.6968 207.5637 1.4847 1.6429 3.7129 -2.7095 2.0731 44.9795 -4.7384 0.2837
Car -1 -1 -6.6973 0.0000 0.0000 1241.0000 374.0000 1.5400 1.5702 3.7956 -3.0242 1.7451 1.1367 -7.8292 0.2788
Car -1 -1 -4.8014 637.1943 180.0396 670.0611 206.7073 1.5040 1.6245 4.0872 2.5716 1.9612 43.8749 -4.7438 0.2299
Car -1 -1 -7.1259 0.0000 0.0000 1241.0000 374.0000 1.5219 1.5485 3.6756 -2.3044 1.6829 1.2224 -8.1191 0.2009
Car -1 -1 -5.4797 0.0000 220.7691 301.5901 374.0000 1.5019 1.5816 3.9199 -3.1522 1.7011 1.9090 -6.4438 0.1801
Car -1 -1 -6.5169 0.0000 0.0000 1241.0000 374.0000 1.5328 1.5744 3.7993 -3.3446 1.7776 1.0715 -7.7027 0.1655
Car -1 -1 -5.5480 0.0000 215.0034 87.5809 374.0000 1.5358 1.5826 3.8154 -4.0112 1.7292 1.9510 -6.6111 0.1611
Car -1 -1 -4.6753 571.3621 178.3650 593.1529 199.1445 1.5568 1.5800 4.0041 -2.1934 2.0081 57.1232 -4.7140 0.1595
Car -1 -1 -6.3867 0.0000 0.0000 1241.0000 374.0000 1.5994 1.5864 3.8250 -3.6401 1.7659 1.2512 -7.5585 0.1521
Car -1 -1 -4.8997 563.1606 178.3759 592.4166 198.9809 1.5382 1.5868 4.0215 -2.6146 1.9916 57.1504 -4.9457 0.1441
Car -1 -1 -4.4073 569.7351 178.1782 603.7621 199.0446 1.5577 1.5811 3.9395 -1.8261 1.9939 57.0504 -4.4396 0.1393
Pedestrian -1 -1 -6.2404 500.6016 177.1701 509.4398 206.1847 1.8027 0.6420 0.5225 -6.6203 2.0754 45.2795 -6.3852 0.1320
Car -1 -1 -5.0154 624.5765 180.7800 670.6022 206.8565 1.4678 1.6589 4.0717 2.2069 1.9760 44.1172 -4.9663 0.1313
Car -1 -1 -5.7556 0.0000 212.5275 101.0160 374.0000 1.5214 1.5677 3.8897 -3.7974 1.7133 1.8283 -6.8194 0.1261
Car -1 -1 -4.8488 631.5632 180.4711 666.1179 207.0375 1.4916 1.5534 3.9683 2.2726 1.9745 43.7271 -4.7977 0.1211
Car -1 -1 -4.6667 642.0704 180.0893 671.8483 206.7131 1.4958 1.6248 4.1179 2.8579 1.9565 43.8353 -4.6026 0.1195
Car -1 -1 -7.3946 0.0000 0.0000 1241.0000 374.0000 1.4970 1.5350 3.6261 -1.8364 1.6760 1.3850 -8.2302 0.1195
Car -1 -1 -4.1787 572.5824 179.1086 618.1599 199.7215 1.5211 1.6373 4.2963 -1.1346 2.0337 56.8963 -4.1990 0.1164
Car -1 -1 -5.1615 595.5542 179.6270 652.0689 207.6023 1.5569 1.6679 4.3813 0.7354 1.9880 43.6253 -5.1454 0.1102
Car -1 -1 -4.9942 556.8709 178.5745 590.5720 199.2284 1.5378 1.6002 4.0245 -2.9357 2.0072 57.0832 -5.0458 0.1087
Car -1 -1 -4.2291 570.4247 178.8455 612.2534 199.5209 1.5317 1.5773 4.0957 -1.4560 2.0221 56.9070 -4.2550 0.1024
Car -1 -1 -4.7952 640.6544 178.6218 675.3606 206.4053 1.5785 1.7195 4.8716 2.8652 1.9532 44.4639 -4.7318 0.1004
Car -1 -1 -4.2170 0.0000 0.0000 1241.0000 374.0000 1.4627 1.5574 3.4269 -2.1957 1.6836 1.6275 -5.0735 0.1000
Car -1 -1 -4.8291 634.6440 179.6929 670.7960 206.7615 1.5308 1.6855 4.5050 2.5306 1.9718 44.2650 -4.7729 0.0924
Cyclist -1 -1 -7.2747 0.0000 182.1091 73.7230 374.0000 1.6805 0.4696 1.8051 -2.6082 1.7231 2.4175 -8.0446 0.0912
Car -1 -1 -7.2211 0.0000 0.0000 1241.0000 374.0000 1.5549 1.5762 3.7854 -1.9356 1.6814 1.1131 -8.1685 0.0911
Pedestrian -1 -1 -6.3779 500.9811 175.8286 510.9993 204.6388 1.7997 0.6477 0.5665 -6.5999 1.9887 45.5343 -6.5215 0.0890
Car -1 -1 -4.6462 638.2923 179.6710 669.6598 207.0642 1.5306 1.6378 3.7563 2.6391 1.9576 43.2602 -4.5862 0.0804
Car -1 -1 -4.8726 616.3945 180.5669 652.6424 206.9928 1.4769 1.5635 3.9741 1.3993 1.9649 43.6059 -4.8413 0.0802
Car -1 -1 -4.6648 625.4150 177.2248 643.7401 194.3951 1.5179 1.5263 3.5478 2.2670 1.9318 66.5487 -4.6313 0.0790
Car -1 -1 -4.8505 555.3351 178.6834 584.3076 198.8899 1.5023 1.6908 4.4846 -3.2628 1.9847 57.3730 -4.9074 0.0740
Car -1 -1 -5.0023 619.8506 179.8921 664.7626 206.9225 1.5090 1.6723 3.7946 1.8563 1.9519 43.3909 -4.9604 0.0717
Car -1 -1 -6.5822 0.0000 0.0000 1241.0000 374.0000 1.5915 1.6669 3.9854 -2.6382 1.8090 0.7333 -7.7848 0.0681
Car -1 -1 -8.1159 606.8833 180.0167 650.1008 207.2739 1.5227 1.6191 3.9875 1.0284 1.9758 43.5544 -8.0930 0.0679
Car -1 -1 -4.5332 626.9397 177.1152 650.5682 194.4113 1.5245 1.5513 3.6684 2.6559 1.9286 66.5196 -4.4939 0.0678
Car -1 -1 -5.1957 599.6605 180.4801 654.6282 207.1245 1.4732 1.6104 4.0038 0.9380 1.9531 43.2777 -5.1747 0.0669
Car -1 -1 -2.2455 0.0000 225.1489 117.0286 374.0000 1.5106 1.5775 3.8716 -4.1347 1.7488 2.2736 -3.2630 0.0647
Cyclist -1 -1 -7.8796 502.5530 177.6975 509.4376 205.0868 1.6879 0.3867 1.6628 -6.6137 1.9995 45.6185 -8.0232 0.0622
Car -1 -1 -4.8043 621.1559 177.6810 641.3374 194.6127 1.4929 1.5366 3.5017 1.9111 1.9491 66.4400 -4.7760 0.0541
Car -1 -1 -4.2307 575.5685 180.3399 619.2269 201.4247 1.5385 1.6258 4.2776 -0.9683 2.1484 56.5398 -4.2482 0.0535
Cyclist -1 -1 -8.0050 501.8260 177.4208 511.1364 204.5281 1.6851 0.3363 1.6835 -6.6379 1.9813 45.9957 -8.1480 0.0504
Car -1 -1 -5.0625 550.9711 178.9031 588.8557 199.4551 1.5220 1.6370 4.2127 -3.2375 2.0187 57.0210 -5.1194 0.0483
Car -1 -1 -4.4370 627.5281 176.8039 656.0523 194.6481 1.5708 1.6170 3.9630 2.9448 1.9467 66.5958 -4.3934 0.0395
Pedestrian -1 -1 -8.0399 420.8914 176.7104 440.7859 222.2554 1.7013 0.6198 0.6801 -6.8677 1.8502 27.4656 -8.2832 0.0346
Car -1 -1 -2.0008 0.0000 220.7660 122.7592 374.0000 1.4872 1.6706 4.1049 -4.4170 1.7498 2.7789 -2.9662 0.0344
Car -1 -1 -5.0734 609.5897 179.9504 657.6384 206.5428 1.4763 1.6180 3.8333 1.3278 1.9217 43.2394 -5.0434 0.0340
Car -1 -1 -4.4741 580.9871 180.7681 613.2114 201.6510 1.5216 1.6071 4.0584 -0.9952 2.1631 56.3623 -4.4922 0.0322
Pedestrian -1 -1 -4.7822 425.3634 175.0847 443.9511 221.1841 1.7263 0.6429 0.6621 -6.7244 1.8122 27.4729 -5.0205 0.0322
Car -1 -1 -4.7089 627.4797 180.3343 654.2292 206.8941 1.4905 1.5435 4.0051 1.8340 1.9641 43.6735 -4.6678 0.0274
Pedestrian -1 -1 -7.7986 427.6351 180.1096 444.5193 223.0114 1.6099 0.5916 0.6728 -6.6911 1.8909 27.5895 -8.0349 0.0227
Pedestrian -1 -1 -8.1542 422.1353 176.8878 447.3956 222.8742 1.7006 0.7135 0.8377 -6.6839 1.8561 27.3212 -8.3924 0.0215
Cyclist -1 -1 -5.7778 491.8484 177.3371 519.9017 204.9919 1.7184 0.4518 1.7518 -6.6059 2.0042 45.5246 -5.9215 0.0209
Car -1 -1 -4.5143 589.3641 182.7957 618.2150 201.5973 1.3633 1.5446 3.7893 -0.4792 2.1684 56.4453 -4.5232 0.0200
Car -1 -1 -5.1309 548.6805 179.8666 588.1539 199.8344 1.4685 1.5812 4.0574 -3.3374 2.0408 56.7491 -5.1898 0.0199
Car -1 -1 -3.0344 488.3436 184.1604 571.7124 216.6691 1.4704 1.6176 3.7553 -3.7645 2.0159 34.0156 -3.1443 0.0162
Car -1 -1 -5.1113 543.7269 178.7594 585.2576 199.5362 1.5378 1.6872 4.4245 -3.6747 2.0241 57.0993 -5.1757 0.0141
Car -1 -1 -5.1956 541.4086 179.2479 585.4044 199.6105 1.4969 1.6571 4.2557 -3.7313 2.0190 56.7023 -5.2614 0.0092
Car -1 -1 -5.6341 533.4616 179.4762 589.0029 199.9001 1.5121 1.6554 4.1843 -3.8608 2.0468 56.4530 -5.7025 0.0091
Car -1 -1 -4.8384 591.4182 183.2887 615.5036 201.0927 1.2932 1.4664 3.2950 -0.5625 2.1303 56.1710 -4.8488 0.0063
Car -1 -1 -6.1039 571.0496 181.0025 621.8964 200.7351 1.4755 1.5235 3.7254 -1.0594 2.1180 55.8680 -6.1232 0.0059
Cyclist -1 -1 -4.2930 418.2956 176.8328 450.5295 222.0905 1.6653 0.5897 1.6138 -6.7321 1.8216 27.5455 -4.5310 0.0044
Cyclist -1 -1 -4.2982 412.0719 176.1413 445.3369 224.6030 1.7774 0.6127 1.6557 -6.9246 1.9061 27.4488 -4.5436 0.0042
Pedestrian -1 -1 -4.4768 181.9775 211.0274 216.0306 284.6645 1.1918 0.4215 0.3756 -6.9773 1.8476 12.1631 -4.9887 0.0033
Cyclist -1 -1 -7.2026 205.8349 187.9535 306.7104 294.2828 1.5959 0.5284 1.7821 -5.8897 1.8665 12.0188 -7.6502 0.0030
Car -1 -1 -5.9420 571.2197 181.8242 621.9869 201.6629 1.4599 1.5235 3.6071 -1.0545 2.1664 55.5607 -5.9614 0.0027
Pedestrian -1 -1 -3.7615 192.8208 201.2185 237.8917 281.9477 1.3014 0.5201 0.4495 -6.7086 1.7920 12.1705 -4.2565 0.0026
Pedestrian -1 -1 -3.5329 240.6123 190.3016 288.1029 287.2881 1.5579 0.6186 0.5259 -5.8695 1.8608 12.1376 -3.9754 0.0022
Car -1 -1 -4.5544 520.0492 177.2746 547.4699 198.4193 1.6232 1.5790 4.1160 -6.1551 1.9933 58.3627 -4.6594 0.0019
Cyclist -1 -1 -8.2093 711.8981 177.6038 730.7546 211.1018 1.4796 0.3579 1.4588 5.0150 1.7004 32.8338 -8.0596 0.0018
Car -1 -1 -5.9979 572.5649 182.5034 623.9415 202.8153 1.4888 1.5327 3.6520 -0.9192 2.2441 55.2720 -6.0150 0.0014
Car -1 -1 -4.1848 522.5942 180.0496 581.7587 209.4790 1.6214 1.6462 4.1695 -3.4259 2.0730 43.0812 -4.2642 0.0014
Pedestrian -1 -1 -3.4758 714.0769 178.7042 728.4356 211.2463 1.4541 0.6415 0.4567 5.0013 1.7220 32.7263 -3.3260 0.0011
Cyclist -1 -1 -7.0958 192.9231 188.5157 310.5423 297.1826 1.6739 0.5892 2.0122 -6.1726 1.9669 12.4645 -7.5477 0.0008
Cyclist -1 -1 -8.2429 713.1275 177.3766 733.7266 211.5880 1.4952 0.3673 1.5083 5.0593 1.7035 32.5151 -8.0905 0.0008
Pedestrian -1 -1 -3.2473 0.0000 219.1429 83.5884 374.0000 1.5380 0.6001 0.5334 -2.5911 1.7523 2.9435 -3.9259 0.0006
Cyclist -1 -1 -6.1789 190.4083 183.1518 303.6109 277.9466 1.5039 0.5759 1.6458 -6.1103 1.6846 12.1236 -6.6375 0.0004
