Car -1 -1 -7.8425 408.6299 169.1396 457.0132 213.0845 1.5039 1.6202 3.5952 -6.5554 1.3764 26.6261 -8.0820 0.9958
Car -1 -1 -4.6591 423.7701 160.2576 463.9650 194.8267 1.6122 1.7164 4.3447 -8.2512 1.0245 35.9380 -4.8835 0.9304
Car -1 -1 -4.8380 419.5985 163.0448 464.9005 196.3291 1.5436 1.6681 4.1725 -8.3947 1.0884 35.7093 -5.0675 0.6597
Car -1 -1 -7.8275 410.2519 167.9102 457.4012 211.3280 1.4883 1.5814 3.6963 -6.5073 1.3185 26.7057 -8.0646 0.6315
Car -1 -1 -4.9497 411.6184 162.0322 466.9254 196.0722 1.5675 1.6637 4.3734 -8.5130 1.0689 35.5524 -5.1833 0.6013
Car -1 -1 -4.7230 429.0461 161.8129 464.9336 194.7626 1.5332 1.6383 4.0592 -8.1333 1.0191 35.7379 -4.9454 0.5933
Car -1 -1 -4.5924 418.0902 159.3307 463.8367 193.8518 1.6183 1.6985 4.5000 -8.4360 0.9841 36.1534 -4.8203 0.5264
Car -1 -1 -4.8222 415.6702 160.8349 463.1437 196.3378 1.6481 1.8179 4.4114 -8.5812 1.0899 35.8782 -5.0555 0.4060
Car -1 -1 -2.1534 380.9178 169.6312 473.4403 213.7554 1.5002 1.6555 3.4242 -6.7437 1.3903 26.2964 -2.4024 0.3701
Car -1 -1 -5.2345 402.1782 161.6113 476.8762 195.1561 1.5647 1.6859 4.2942 -8.5491 1.0400 35.7979 -5.4675 0.2733
Pedestrian -1 -1 -3.4619 1147.8453 138.9628 1241.0000 374.0000 1.6892 0.6030 0.5080 4.0571 1.4730 4.9649 -2.8060 0.2453
Pedestrian -1 -1 -3.5160 1134.7147 148.9242 1241.0000 374.0000 1.6990 0.5904 0.4611 3.9426 1.5458 4.9585 -2.8736 0.1992
Car -1 -1 -4.8164 433.9628 160.0224 476.1848 192.8631 1.5261 1.6127 4.2037 -7.7737 0.9295 35.7787 -5.0290 0.1940
Car -1 -1 -4.6604 435.7888 159.7856 473.5208 192.9760 1.5533 1.6155 4.2976 -7.7356 0.9414 36.0165 -4.8707 0.1801
Car -1 -1 -5.1911 774.3359 168.3630 886.7156 223.0292 1.3513 1.4553 3.4925 5.8453 1.2400 19.6899 -4.9071 0.1254
Car -1 -1 -5.1492 770.0738 162.8928 869.8688 218.7184 1.4093 1.3619 3.2750 5.6495 1.1576 19.9426 -4.8774 0.0768
Car -1 -1 -5.1689 775.8966 162.3908 880.1436 218.4071 1.4117 1.4464 3.2357 5.8577 1.1477 19.9025 -4.8871 0.0554
Pedestrian -1 -1 -4.4814 1139.5186 196.7096 1208.0708 358.4204 1.2873 0.3825 0.4119 4.7115 1.4981 6.1053 -3.8479 0.0462
Car -1 -1 -3.4236 772.6667 161.5574 924.4680 212.1324 1.3790 1.5230 3.8139 6.6382 1.0707 20.4857 -3.1148 0.0339
Pedestrian -1 -1 -3.4082 1145.6980 140.7529 1241.0000 374.0000 1.6593 0.5925 0.5538 3.8578 1.4666 4.7029 -2.7521 0.0286
Car -1 -1 -3.5058 768.9736 163.2338 911.0703 213.9192 1.3779 1.6952 3.4809 6.4373 1.1160 20.5743 -3.2070 0.0232
Cyclist -1 -1 -8.2374 1138.7242 148.0773 1241.0000 374.0000 1.6421 0.4570 1.5187 3.8603 1.5127 4.5507 -7.5660 0.0227
Car -1 -1 -5.2819 771.9977 167.3773 912.5850 226.2838 1.4078 1.5895 4.1295 6.0375 1.2766 19.4464 -4.9856 0.0224
Car -1 -1 -6.5468 781.7318 162.3592 938.2427 217.5231 1.4891 1.6038 3.8891 6.9161 1.2055 20.3917 -6.2247 0.0185
Car -1 -1 -5.1211 775.1086 170.4454 894.2947 229.4236 1.4149 1.5379 4.0314 5.8349 1.3568 19.4039 -4.8337 0.0172
Car -1 -1 -4.8852 793.9847 168.8771 887.2908 230.3693 1.4407 1.5711 4.3894 5.9331 1.3472 19.1794 -4.5900 0.0153
Car -1 -1 -5.4593 773.4210 162.9506 936.0156 226.4278 1.5209 1.7382 4.2246 6.4125 1.2833 19.5695 -5.1476 0.0152
Car -1 -1 -6.2262 752.5875 166.0666 890.1277 220.5185 1.4070 1.7024 3.5201 5.8048 1.2313 20.0262 -5.9484 0.0150
Car -1 -1 -6.4309 762.8909 162.0775 892.0145 214.2933 1.4047 1.5060 3.2944 6.0050 1.1145 20.3774 -6.1486 0.0143
Pedestrian -1 -1 -3.9945 0.0000 253.7761 35.7024 373.2724 1.1468 0.3718 0.3393 -6.2197 1.9892 7.3381 -4.6800 0.0143
Car -1 -1 -4.9713 776.3456 170.5246 874.1590 228.4505 1.4038 1.5507 3.8152 5.6092 1.3471 19.4074 -4.6945 0.0125
Cyclist -1 -1 -8.4062 1106.3054 155.8596 1241.0000 374.0000 1.6230 0.3912 1.5571 3.9275 1.5276 4.8314 -7.7538 0.0117
Car -1 -1 -6.6870 782.5630 156.2959 920.8467 209.8002 1.4615 1.6096 3.3935 6.8099 1.0089 20.6626 -6.3732 0.0111
Pedestrian -1 -1 -4.9787 1185.9800 184.9797 1241.0000 359.8881 1.3370 0.4810 0.4632 4.9985 1.4405 5.8670 -4.2981 0.0088
Cyclist -1 -1 -7.8262 1150.5593 159.1542 1224.7078 353.0437 1.5451 0.4730 1.7605 5.2049 1.4356 6.5849 -7.1794 0.0087
Cyclist -1 -1 -4.1212 1137.4968 148.0987 1241.0000 367.3667 1.7025 0.4825 1.5274 5.1754 1.5100 6.0565 -3.4385 0.0084
Pedestrian -1 -1 -7.9096 441.0281 162.9256 461.0363 198.4688 1.6418 0.8866 0.4810 -7.4633 1.1829 33.6792 -8.1263 0.0075
Pedestrian -1 -1 -5.5431 0.0000 180.1080 17.4369 249.1878 1.7240 0.4975 0.3157 -15.4607 1.9104 18.3167 -6.2371 0.0074
Cyclist -1 -1 -4.3433 1140.0648 160.6764 1241.0000 353.6632 1.5309 0.6174 1.8280 5.4870 1.4340 6.4454 -3.6608 0.0064
Pedestrian -1 -1 -4.2540 0.0000 231.2464 14.0821 374.0000 1.3562 0.5483 0.4490 -6.5465 1.9713 7.3177 -4.9659 0.0064
Car -1 -1 -6.7386 776.5701 156.9447 918.7582 209.8099 1.4492 1.6808 3.5258 6.7675 1.0128 20.8676 -6.4295 0.0059
Pedestrian -1 -1 -4.8228 1162.2651 182.1261 1238.1305 350.6129 1.3607 0.4470 0.4096 4.9570 1.4432 6.1503 -4.1681 0.0055
Cyclist -1 -1 -7.0108 0.0000 199.9127 16.1264 374.0000 1.6694 0.5029 1.6028 -6.6504 1.9565 6.8420 -7.7626 0.0040
Pedestrian -1 -1 -5.3983 769.8609 156.0720 790.7308 205.7521 1.7018 0.5808 0.4030 5.8588 1.1266 25.0252 -5.1714 0.0039
Pedestrian -1 -1 -7.8870 443.9576 162.7804 461.6945 199.1613 1.6921 0.7982 0.4921 -7.4267 1.2233 33.8953 -8.1013 0.0039
Cyclist -1 -1 -7.7143 0.0000 197.1982 0.0000 374.0000 1.6794 0.4464 1.5446 -6.1925 1.9286 6.6275 -8.4459 0.0039
Cyclist -1 -1 -7.5303 0.0000 207.3204 10.8683 374.0000 1.5605 0.4605 1.6430 -6.2766 1.9244 6.7776 -8.2579 0.0038
Cyclist -1 -1 -8.0456 1115.2290 147.6311 1241.0000 346.3547 1.5779 0.5017 1.9166 5.1359 1.3773 6.7028 -7.4133 0.0037
Pedestrian -1 -1 -5.6960 0.0000 174.6952 17.0925 241.9422 1.7164 0.5037 0.2951 -15.7527 1.7644 18.6965 -6.3892 0.0036
Pedestrian -1 -1 -4.1770 0.0000 223.1349 0.0000 374.0000 1.4500 0.5885 0.4911 -6.5522 1.9572 6.9833 -4.9117 0.0035
Pedestrian -1 -1 -3.8126 0.0000 240.1609 19.7015 374.0000 1.3544 0.4815 0.3793 -6.1867 2.0305 7.0186 -4.5165 0.0034
Pedestrian -1 -1 -3.4603 565.1698 157.6688 578.0814 186.9117 1.6702 0.6981 0.5524 -2.2532 0.8026 41.6368 -3.5143 0.0032
Pedestrian -1 -1 -4.3936 645.3984 156.0058 670.0931 207.8734 1.5522 0.6141 0.5357 1.4064 1.0477 21.9555 -4.3309 0.0031
Pedestrian -1 -1 -5.9389 1.0976 171.4289 22.0653 246.2814 1.9061 0.5133 0.2573 -15.5215 1.8695 18.6587 -6.6259 0.0031
Car -1 -1 -6.6576 0.0000 0.0000 1241.0000 374.0000 1.5521 1.5724 3.5221 -2.9805 1.6425 1.1864 -7.7707 0.0030
Car -1 -1 -6.6402 0.0000 0.0000 1241.0000 374.0000 1.5526 1.5811 3.6223 -3.3788 1.6453 1.3113 -7.7704 0.0030
Car -1 -1 -6.5964 0.0000 0.0000 1241.0000 374.0000 1.5570 1.5829 3.6276 -3.7902 1.6507 1.3032 -7.7709 0.0030
Car -1 -1 -6.5545 0.0000 0.0000 1241.0000 374.0000 1.5631 1.5964 3.7288 -4.6096 1.6726 1.4178 -7.7717 0.0030
Car -1 -1 -6.5844 0.0000 0.0000 1241.0000 374.0000 1.5607 1.5909 3.7057 -4.1840 1.6703 1.4117 -7.7704 0.0030
Car -1 -1 -3.4641 0.0000 0.0000 1241.0000 374.0000 1.5918 1.6103 3.8622 -5.4572 1.7187 1.8533 -4.6617 0.0030
Car -1 -1 -6.5402 0.0000 0.0000 1241.0000 374.0000 1.5785 1.6042 3.7704 -4.9996 1.7210 1.4831 -7.7712 0.0030
Car -1 -1 -6.5883 0.0000 0.0000 1241.0000 374.0000 1.6140 1.6184 3.8881 -5.8123 1.7723 1.8747 -7.8036 0.0030
Pedestrian -1 -1 -4.5060 1157.3440 179.9210 1232.6626 370.2522 1.4577 0.4050 0.4290 4.6767 1.5175 5.8413 -3.8559 0.0029
Cyclist -1 -1 -8.0179 1160.7115 159.7566 1241.0000 374.0000 1.5737 0.4804 1.6543 5.0534 1.4779 6.1037 -7.3504 0.0027
Pedestrian -1 -1 -6.0833 15.7344 171.9434 38.4563 254.4285 2.0946 0.5596 0.3505 -15.1133 2.0712 18.6513 -6.7574 0.0026
Pedestrian -1 -1 -4.3669 695.6307 157.1412 718.0569 209.8807 1.8276 0.6420 0.5290 3.3619 1.2828 25.3853 -4.2373 0.0025
Cyclist -1 -1 -8.0236 645.8463 158.8495 670.2488 209.0077 1.4714 0.4954 1.4505 1.3987 1.0603 21.9138 -7.9612 0.0024
Cyclist -1 -1 -7.9574 646.7349 157.5964 669.7246 210.1242 1.5090 0.5061 1.6946 1.3805 1.0704 21.5852 -7.8949 0.0021
Car -1 -1 -6.5250 814.3157 147.8939 1001.0186 214.3984 1.7761 1.9639 4.5657 8.2627 1.1092 20.5505 -6.1479 0.0021
Pedestrian -1 -1 -2.6744 0.0000 178.8207 23.7755 248.0418 1.7810 0.6014 0.3822 -15.8452 1.9402 18.9574 -3.3638 0.0019
Cyclist -1 -1 -4.7492 558.1833 154.5187 567.9680 187.0155 1.9673 0.5241 2.1548 -2.9541 0.8570 44.7802 -4.8149 0.0019
Pedestrian -1 -1 -4.3032 685.6751 155.8984 709.9162 209.8184 1.8709 0.6904 0.5429 3.0503 1.2822 25.4433 -4.1858 0.0019
Cyclist -1 -1 -7.9866 1166.4233 162.6948 1241.0000 361.0389 1.5006 0.5842 1.8567 5.3806 1.4234 6.4044 -7.3107 0.0018
Cyclist -1 -1 -7.9255 563.9435 159.3316 575.2422 188.3488 1.7481 0.5712 1.6961 -2.5248 0.9331 44.3448 -7.9823 0.0018
Car -1 -1 -6.4648 810.8463 143.2092 1009.9109 213.7576 1.8932 2.1208 5.0005 8.4370 1.0974 20.8919 -6.0862 0.0018
Cyclist -1 -1 -7.6162 556.1092 159.5600 569.1362 188.9478 1.7587 0.4620 1.4609 -2.9143 0.9628 43.9395 -7.6823 0.0017
Car -1 -1 -5.8217 449.6391 165.0542 502.4011 187.3844 1.7515 1.6799 3.8163 -10.7727 1.1394 57.9273 -6.0050 0.0013
Car -1 -1 -7.3162 459.0939 157.5732 506.9554 187.4933 2.3515 1.7686 4.5778 -10.3768 1.1503 59.1620 -7.4893 0.0011
Pedestrian -1 -1 -7.0088 389.2051 168.5460 412.6362 209.3779 1.4902 0.6162 0.5684 -7.7925 1.3327 26.7381 -7.2901 0.0010
Car -1 -1 -7.4807 468.0999 156.0617 508.1812 186.8854 2.4172 1.7547 4.3637 -9.9191 1.1000 58.8979 -7.6471 0.0010
Cyclist -1 -1 -8.1912 630.5278 161.1816 660.5746 208.6625 1.4139 0.4616 1.4645 1.0347 1.0660 22.2545 -8.1458 0.0010
Pedestrian -1 -1 -7.2874 391.8026 166.5303 414.5479 207.7404 1.5219 0.6047 0.5743 -7.7842 1.2880 27.0075 -7.5658 0.0010
Cyclist -1 -1 -8.1023 630.4462 157.2085 660.2623 206.9909 1.4579 0.5391 1.5325 1.0117 0.9994 21.9356 -8.0573 0.0010
Cyclist -1 -1 -7.8937 398.3718 163.1727 409.6808 195.0192 1.4878 0.4605 1.5058 -9.8938 1.0352 34.4968 -8.1712 0.0009
Car -1 -1 -7.4429 457.5933 158.4073 499.4579 187.9100 2.3271 1.7304 4.4984 -10.7738 1.1873 59.3017 -7.6221 0.0009
Cyclist -1 -1 -3.7484 1053.2808 153.2602 1241.0000 374.0000 1.7024 0.4825 1.7306 3.9841 1.5763 4.9119 -3.0966 0.0008
Pedestrian -1 -1 -3.6965 778.7462 144.5838 811.8820 233.3141 1.6681 0.4337 0.4539 3.4980 1.1364 13.8412 -3.4545 0.0007
Pedestrian -1 -1 -4.3991 1127.5027 164.3286 1241.0000 350.4633 1.5510 0.6474 0.6793 5.0980 1.4797 6.4727 -3.7545 0.0007
Cyclist -1 -1 -8.2330 641.1820 158.4126 674.1741 207.3218 1.4546 0.4887 1.5010 1.4070 1.0248 22.2485 -8.1711 0.0007
Car -1 -1 -5.9635 440.2226 164.8635 499.9230 188.1812 1.8347 1.6694 4.4005 -11.2292 1.2057 57.8819 -6.1545 0.0006
Cyclist -1 -1 -4.8719 631.7495 166.4597 656.9359 213.9189 1.3676 0.4879 1.6730 0.9676 1.1831 21.6519 -4.8285 0.0006
Car -1 -1 -7.5193 455.7230 157.7482 493.6633 188.1292 2.4023 1.7253 4.3728 -11.1012 1.2076 59.3448 -7.7037 0.0006
Car -1 -1 -7.7036 455.5579 159.3135 484.5341 188.2423 2.2865 1.7101 4.2893 -11.4663 1.2160 59.2061 -7.8943 0.0006
Cyclist -1 -1 -8.2566 639.6188 154.1964 675.7755 207.1053 1.5850 0.4822 1.7227 1.4211 1.0258 22.5079 -8.1948 0.0005
Pedestrian -1 -1 -2.8181 909.6779 153.1776 947.6259 231.5875 1.5874 0.6254 0.5575 6.5842 1.1887 15.0262 -2.4127 0.0005
Cyclist -1 -1 -4.7935 558.5686 156.5131 568.3480 183.8685 1.6510 0.4824 1.4367 -2.8968 0.6645 44.2935 -4.8587 0.0004
Pedestrian -1 -1 -3.4611 634.0535 155.1995 654.7911 204.5185 1.5247 0.5707 0.4945 1.0292 0.9786 22.6487 -3.4167 0.0003
Cyclist -1 -1 -4.9089 617.1614 166.9675 641.8672 214.0443 1.3842 0.4782 1.4179 0.5338 1.2108 21.9549 -4.8856 0.0002
Pedestrian -1 -1 -7.4564 447.6855 161.7881 469.1878 198.1167 1.6938 0.8683 0.4911 -7.1736 1.1776 33.9649 -7.6633 0.0002
Cyclist -1 -1 -5.0089 616.1552 166.6082 644.7768 211.0926 1.3266 0.4803 1.4324 0.5708 1.1400 22.2717 -4.9842 0.0002
