Car -1 -1 -4.2953 16.2126 201.1297 376.4471 374.0000 1.4491 1.6496 4.1715 -3.9992 1.8375 7.7985 -4.7562 0.9999
Car -1 -1 -4.4816 371.0087 197.3658 479.8820 271.8958 1.3276 1.5068 3.6297 -3.9755 1.9286 15.8755 -4.7239 0.9996
Car -1 -1 -4.5261 434.8274 184.5704 513.6227 242.5076 1.5583 1.6654 3.9581 -4.1166 1.9506 22.1914 -4.7081 0.9993
Car -1 -1 -7.7537 605.5515 180.2880 642.9632 210.6650 1.4798 1.5904 4.0680 0.7679 1.8959 38.2987 -7.7344 0.9888
Car -1 -1 -5.3045 831.6766 118.3425 1241.0000 374.0000 1.8266 1.7259 4.4478 3.6866 1.5055 6.5455 -4.8116 0.9794
Car -1 -1 -4.4855 433.0332 185.4465 514.9252 242.8129 1.5375 1.6356 3.8532 -4.1190 1.9582 22.1600 -4.6679 0.9015
Car -1 -1 -4.2725 21.4226 202.4264 378.0917 374.0000 1.4482 1.6300 4.1168 -4.0353 1.8566 7.8981 -4.7322 0.8908
Car -1 -1 -4.5365 439.1150 184.6340 514.1527 242.4526 1.5599 1.5969 3.9594 -4.0593 1.9553 22.2565 -4.7156 0.8317
Car -1 -1 -7.7198 604.5077 180.2626 643.7204 210.8309 1.4924 1.5872 3.7778 0.7554 1.9045 38.1775 -7.7007 0.8103
Pedestrian -1 -1 -2.5370 590.4153 177.2825 609.0760 211.3932 1.7718 0.4722 0.8689 -0.5800 2.0076 38.0307 -2.5528 0.7329
Car -1 -1 -7.6952 606.8075 180.1107 646.9550 211.0538 1.5094 1.5192 4.0103 0.9082 1.9154 38.2949 -7.6723 0.7055
Car -1 -1 -7.7606 534.9565 179.2480 562.9000 204.2743 1.6319 1.5951 3.5873 -4.2099 2.0886 49.7714 -7.8450 0.6904
Car -1 -1 -4.2766 19.7760 201.5343 376.3976 374.0000 1.4484 1.6148 3.9992 -3.9649 1.8352 7.7188 -4.7381 0.6870
Pedestrian -1 -1 -2.5296 590.2507 177.3208 609.1440 211.4611 1.7768 0.4922 0.8736 -0.5837 2.0153 38.1185 -2.5454 0.6517
Car -1 -1 -7.6873 535.9557 179.1079 567.4203 203.9547 1.6207 1.6110 3.4762 -4.0178 2.0674 49.7708 -7.7679 0.6323
Car -1 -1 -3.7648 0.0000 198.2947 60.0847 340.0705 1.4288 1.5538 3.6125 -9.9096 1.8440 9.8715 -4.5386 0.4424
Car -1 -1 -4.6992 536.1284 178.6381 561.3832 203.6960 1.6299 1.6662 3.2473 -4.2030 2.0390 49.3886 -4.7842 0.4348
Car -1 -1 -4.5322 536.7845 178.9299 569.0068 204.2765 1.6469 1.6411 3.2763 -3.9083 2.0771 49.4151 -4.6111 0.4180
Car -1 -1 -7.7999 533.4495 179.2769 559.6418 204.7488 1.6578 1.6020 3.7980 -4.3813 2.1184 49.8558 -7.8875 0.3678
Car -1 -1 -4.0862 0.0000 203.8151 43.3698 358.1897 1.4390 1.5599 3.7087 -9.5102 1.9281 9.4566 -4.8604 0.3269
Pedestrian -1 -1 -2.6611 588.0996 176.7658 606.8910 211.1641 1.7892 0.4429 0.8854 -0.6978 1.9971 38.0150 -2.6800 0.3210
Car -1 -1 -3.5646 0.0000 191.3493 42.6468 345.0788 1.4865 1.6136 3.8761 -10.2206 1.7855 9.5782 -4.3684 0.2976
Pedestrian -1 -1 -6.2092 465.3718 173.0426 473.3398 212.3411 1.8348 0.4877 0.3333 -6.6582 1.8435 33.9529 -6.4019 0.2859
Car -1 -1 -3.8575 0.0000 194.0315 35.1527 352.4466 1.4765 1.6062 3.9694 -9.9069 1.8082 9.2895 -4.6606 0.2427
Cyclist -1 -1 -7.5838 554.3019 180.4201 565.4944 205.5623 1.6546 0.3479 1.5790 -3.4137 2.1742 48.7778 -7.6538 0.2328
Car -1 -1 -4.0348 0.0000 198.1098 35.1645 373.7043 1.4841 1.6096 4.2186 -9.4504 1.8727 8.9200 -4.8341 0.2117
Car -1 -1 -3.6393 0.0000 192.8261 26.1221 360.1566 1.4706 1.6243 4.1882 -10.2017 1.7839 9.1020 -4.4669 0.2084
Car -1 -1 -4.3188 0.0000 198.3622 29.1646 373.6385 1.4930 1.6311 4.1862 -9.1236 1.8919 9.0462 -5.0937 0.2049
Car -1 -1 -3.4268 0.0000 195.3080 62.5597 331.6906 1.4542 1.6467 3.4614 -10.2247 1.8319 10.2348 -4.1987 0.1884
Car -1 -1 -4.7507 535.3914 179.0314 562.0783 204.0933 1.6283 1.7015 2.6315 -4.2139 2.0595 48.9869 -4.8365 0.1718
Cyclist -1 -1 -7.7132 556.1234 179.9647 564.5187 204.9249 1.6518 0.3463 1.6279 -3.4043 2.1429 49.0435 -7.7826 0.1528
Car -1 -1 -4.3549 0.0000 204.4669 40.9677 357.7288 1.4256 1.5488 3.6172 -9.1124 1.9273 9.4902 -5.1060 0.1449
Car -1 -1 -3.8328 0.0000 193.3354 102.8168 319.2127 1.4587 1.5818 3.4883 -9.8260 1.8176 10.8067 -4.5585 0.1288
Car -1 -1 -2.1750 0.0000 197.0212 32.1897 317.4167 1.4786 1.6216 3.8842 -10.8499 1.8666 10.4554 -2.9661 0.1251
Car -1 -1 -6.4248 622.4991 174.3572 665.4102 190.2356 1.4957 1.5109 3.9285 3.2143 1.6413 69.0858 -6.3788 0.1084
Car -1 -1 -6.4124 621.1210 174.6161 662.4218 190.5038 1.4987 1.6030 3.7822 3.0106 1.6698 69.2360 -6.3695 0.1081
Car -1 -1 -3.3778 0.0000 184.7338 25.3135 336.2034 1.5132 1.6224 3.8593 -10.5384 1.7054 9.6127 -4.1952 0.0892
Cyclist -1 -1 -7.7974 556.4891 178.5358 564.1299 204.0569 1.7020 0.4307 1.6464 -3.4238 2.0965 49.3132 -7.8668 0.0748
Car -1 -1 -2.0095 0.0000 180.5136 19.0555 303.7816 1.5195 1.6645 4.1590 -11.0141 1.6469 10.5522 -2.8036 0.0680
Car -1 -1 -3.2975 0.0000 186.4283 35.1069 328.8864 1.4970 1.5926 3.7127 -10.5349 1.7207 9.9348 -4.0987 0.0662
Car -1 -1 -2.2786 0.0000 180.9719 28.4202 303.3585 1.5433 1.6528 4.0610 -10.8935 1.6679 10.1621 -3.0856 0.0656
Car -1 -1 -1.8602 0.0000 179.8486 21.8343 300.3533 1.5037 1.6523 4.1456 -10.9486 1.6261 10.9335 -2.6341 0.0656
Cyclist -1 -1 -7.7072 651.4214 178.1673 661.0416 207.4358 1.6400 0.3266 1.5941 2.6297 1.9516 41.5390 -7.6450 0.0567
Pedestrian -1 -1 -3.4853 0.0000 197.3929 25.3319 306.1472 1.5333 0.5471 0.4458 -9.0796 1.9065 10.6531 -4.1789 0.0519
Pedestrian -1 -1 -3.0914 591.4232 176.6569 608.1127 210.3435 1.7448 0.5205 0.8481 -0.5711 1.9447 37.7099 -3.1070 0.0396
Pedestrian -1 -1 -6.4869 714.3986 173.0083 738.6110 243.2943 1.6698 0.4625 0.4899 2.7521 1.6733 17.3863 -6.3335 0.0315
Cyclist -1 -1 -7.5034 0.0000 186.3403 19.8895 314.9249 1.6536 0.4216 1.6485 -9.0804 1.8617 10.3023 -8.2132 0.0312
Car -1 -1 -4.7586 632.0553 172.7741 651.0335 190.1608 1.6436 1.6594 3.8735 3.0219 1.6357 70.1462 -4.7160 0.0191
Pedestrian -1 -1 -6.4155 718.2506 172.2133 744.3332 243.6880 1.6956 0.4930 0.5560 2.8640 1.6801 17.3711 -6.2557 0.0184
Cyclist -1 -1 -7.4121 0.0000 186.8350 37.9232 314.9813 1.6883 0.4396 1.6369 -9.0869 1.9086 10.5385 -8.1113 0.0181
Cyclist -1 -1 -7.6738 650.7811 177.2972 661.2675 206.7240 1.6409 0.3234 1.5858 2.6019 1.8998 41.2862 -7.6118 0.0179
Cyclist -1 -1 -6.9552 0.0000 182.5673 92.0899 302.6419 1.7287 0.4618 1.5153 -9.0614 1.8912 11.3062 -7.6195 0.0146
Car -1 -1 -6.8454 630.1281 175.1508 694.6465 197.8730 1.5194 1.6524 4.2663 3.6355 1.6849 50.3346 -6.7741 0.0142
Car -1 -1 -7.7440 640.0961 176.4924 669.5227 200.3317 1.5786 1.6489 3.8067 3.1346 1.8427 50.4106 -7.6827 0.0140
Car -1 -1 -4.8441 596.5579 180.3023 630.2112 202.6177 1.3722 1.6884 4.2383 0.1461 1.8907 48.0527 -4.8415 0.0135
Pedestrian -1 -1 -3.4164 0.0000 189.1255 42.3157 303.8834 1.6632 0.5716 0.5311 -9.0960 1.9183 10.9471 -4.0979 0.0135
Car -1 -1 -7.5718 638.6042 175.4869 677.6031 199.2736 1.5765 1.6817 3.9867 3.3756 1.7682 50.4599 -7.5058 0.0112
Cyclist -1 -1 -7.6329 639.8250 175.7338 649.5515 198.0722 1.6414 0.3951 1.5716 2.5734 1.8600 54.0357 -7.5860 0.0111
Car -1 -1 -5.8793 507.0120 181.6334 566.7007 205.4105 1.5382 1.5140 3.7299 -4.9825 2.1485 48.9005 -5.9808 0.0105
Car -1 -1 -7.9022 650.1501 177.7670 678.9734 206.0631 1.5656 1.5041 3.6019 3.1315 1.8662 42.3726 -7.8295 0.0100
Car -1 -1 -6.3183 638.1590 176.2008 704.5934 198.8457 1.5196 1.6129 4.4795 4.1516 1.7536 49.6002 -6.2357 0.0099
Car -1 -1 -7.8958 628.9620 173.6497 647.1925 190.3974 1.5824 1.6156 3.6073 2.6879 1.6615 70.1546 -7.8581 0.0092
Car -1 -1 -4.6366 633.9050 173.9537 661.8987 200.0349 1.7502 1.6502 4.3708 2.6818 1.8309 50.8843 -4.5847 0.0078
Car -1 -1 -4.6369 637.5392 173.7878 667.5078 199.8981 1.7510 1.7826 4.4779 3.0119 1.8196 50.8924 -4.5786 0.0070
Car -1 -1 -2.8817 581.1683 177.1849 655.4741 201.1620 1.5874 1.9152 4.8086 0.5582 1.8960 49.8988 -2.8711 0.0070
Car -1 -1 -7.9494 628.3055 174.5489 647.4192 190.8258 1.5296 1.5356 3.3054 2.6566 1.6974 69.8533 -7.9119 0.0063
Pedestrian -1 -1 -5.7555 317.2554 185.8432 356.5389 262.0331 1.5325 0.5648 0.5515 -5.7047 1.8071 14.9483 -6.1148 0.0057
Car -1 -1 -7.5326 641.8811 176.1702 680.5239 199.2502 1.5250 1.6238 3.6302 3.5698 1.7647 50.2329 -7.4625 0.0056
Car -1 -1 -5.7508 504.3023 181.1333 565.9041 205.5811 1.5797 1.5344 3.9409 -5.1406 2.1609 49.1643 -5.8549 0.0054
Car -1 -1 -8.9905 0.0000 0.0000 1241.0000 374.0000 1.5805 1.5894 3.5458 3.8446 1.5448 1.2238 -7.7961 0.0054
Car -1 -1 -4.8279 621.5458 175.6822 652.6011 200.6688 1.6709 1.6710 4.5720 1.8398 1.8802 51.1261 -4.7926 0.0054
Car -1 -1 -8.9532 0.0000 0.0000 1241.0000 374.0000 1.5768 1.5681 3.5326 3.4399 1.5459 1.2205 -7.7977 0.0053
Car -1 -1 -5.0316 639.0413 174.2914 691.2094 207.7306 1.8708 1.7200 4.6296 3.1783 1.9612 43.0339 -4.9590 0.0050
Cyclist -1 -1 -7.0849 0.0000 187.5118 73.0174 310.0775 1.6817 0.4807 1.6158 -9.0778 1.9201 10.9235 -7.7665 0.0050
Car -1 -1 -4.3896 637.8300 174.7564 683.8378 200.3859 1.6358 1.7913 4.4414 3.4604 1.7705 48.8027 -4.3196 0.0048
Pedestrian -1 -1 -5.9040 330.0597 186.0982 364.6304 261.5053 1.5344 0.4421 0.5502 -5.5054 1.8135 14.9921 -6.2509 0.0044
Car -1 -1 -4.8592 616.7108 175.3618 648.1030 198.4933 1.6736 1.7721 4.2707 1.6328 1.8719 54.9128 -4.8301 0.0044
Car -1 -1 -8.9035 0.0000 0.0000 1241.0000 374.0000 1.5753 1.5853 3.5013 3.0723 1.5436 1.1855 -7.7822 0.0042
Car -1 -1 -4.6886 578.2650 178.3100 604.3977 202.3009 1.5439 1.6970 4.6807 -1.2788 1.9381 49.8400 -4.7146 0.0040
Car -1 -1 -4.3471 569.5283 184.3022 605.3489 206.0774 1.6214 1.6364 3.7767 -1.8008 2.5730 57.9375 -4.3786 0.0038
Cyclist -1 -1 -8.0673 634.9337 177.5545 644.7094 199.9063 1.6353 0.3857 1.6573 2.1971 1.9922 53.9942 -8.0274 0.0036
Cyclist -1 -1 -8.2703 627.2127 176.3407 642.7220 199.9687 1.7295 0.4674 1.8047 1.8318 1.9947 54.0123 -8.2371 0.0036
Car -1 -1 -4.2116 570.4310 185.1197 612.3702 207.0448 1.6196 1.6813 3.9299 -1.4776 2.6384 57.8162 -4.2376 0.0036
Car -1 -1 -8.8336 0.0000 0.0000 1241.0000 374.0000 1.5522 1.5917 3.5004 2.6803 1.5145 1.1838 -7.7676 0.0035
Car -1 -1 -9.0419 0.0000 0.0000 1241.0000 374.0000 1.5474 1.6276 3.6428 4.1878 1.4827 1.0769 -7.7874 0.0033
Car -1 -1 -4.6068 570.5583 183.3392 594.8008 203.7411 1.5389 1.6045 3.3365 -2.1925 2.4051 57.9106 -4.6449 0.0032
Car -1 -1 -7.6707 638.5919 177.8192 673.6683 202.1918 1.5410 1.6233 4.2597 3.1334 1.8922 48.8070 -7.6075 0.0031
Pedestrian -1 -1 -2.8309 0.0000 180.5731 81.2696 358.4391 1.8228 0.4544 0.7688 -6.2871 1.9093 7.7706 -3.4947 0.0031
Car -1 -1 -9.0838 0.0000 0.0000 1241.0000 374.0000 1.5831 1.6240 3.7101 4.9751 1.4487 1.1095 -7.7878 0.0030
Car -1 -1 -6.6291 0.0000 0.0000 1241.0000 374.0000 1.5435 1.5793 3.5543 -3.3968 1.6505 1.2677 -7.7718 0.0030
Car -1 -1 -6.5640 0.0000 0.0000 1241.0000 374.0000 1.5440 1.5840 3.5775 -4.1946 1.6812 1.3110 -7.7716 0.0030
Car -1 -1 -9.0662 0.0000 0.0000 1241.0000 374.0000 1.5286 1.6186 3.6533 4.5427 1.4619 1.0845 -7.7899 0.0030
Car -1 -1 -8.7801 0.0000 0.0000 1241.0000 374.0000 1.5468 1.5811 3.5096 2.2991 1.5292 1.1501 -7.7715 0.0030
Car -1 -1 -6.5794 0.0000 0.0000 1241.0000 374.0000 1.5550 1.5779 3.5344 -3.8094 1.6613 1.2293 -7.7723 0.0030
Cyclist -1 -1 -7.8966 636.8782 178.5077 643.4090 200.3048 1.5894 0.4194 1.5096 2.2132 2.0163 53.7614 -7.8562 0.0024
Car -1 -1 -4.7439 619.2050 175.2771 646.8643 202.5683 1.8296 1.8014 4.5256 1.5550 2.0083 51.0379 -4.7141 0.0020
Car -1 -1 -4.7520 654.5103 178.2734 684.6691 206.9364 1.4935 1.5044 4.4100 3.2752 1.8155 40.6747 -4.6728 0.0016
Car -1 -1 -4.6796 645.9578 177.0325 670.4427 200.5467 1.4885 1.5195 3.7089 3.2225 1.7790 48.2789 -4.6139 0.0012
Car -1 -1 -4.9246 642.2292 176.0592 677.1597 200.4352 1.5399 1.5892 3.5770 3.2305 1.7611 47.9638 -4.8582 0.0007
Cyclist -1 -1 -6.6060 628.5049 172.5059 651.8638 193.3308 1.9615 0.7947 2.0749 2.8494 1.9285 68.6334 -6.5651 0.0001
