Car -1 -1 -4.3252 231.0208 194.5507 388.6339 287.0433 1.4635 1.5420 3.6515 -5.7237 1.9425 14.1074 -4.7048 0.9999
Car -1 -1 -4.0799 0.0000 201.7621 282.1317 374.0000 1.4850 1.7252 4.3155 -5.7626 1.9068 8.3417 -4.6700 0.9999
Car -1 -1 -8.2152 789.1576 177.3271 1114.8405 371.0247 1.5664 1.7091 4.0746 3.2617 1.6282 7.9775 -7.8412 0.9998
Car -1 -1 -4.3848 386.0055 186.4232 478.0565 238.1562 1.4337 1.6382 4.0621 -5.6444 1.9090 23.1934 -4.6215 0.9998
Car -1 -1 -4.9592 704.8690 182.6629 803.1835 251.1790 1.4611 1.5035 3.5556 3.3700 1.7265 17.7294 -4.7753 0.9997
Car -1 -1 -7.9863 658.8666 178.8722 706.3050 216.3769 1.5412 1.5995 3.8036 3.1353 1.8256 32.2007 -7.8908 0.9979
Car -1 -1 -8.0488 678.9448 182.0589 754.9523 232.6555 1.4594 1.6823 4.0045 3.3479 1.7863 23.6026 -7.9104 0.9937
Car -1 -1 -4.5637 483.6189 182.4014 523.6085 212.2693 1.4604 1.5797 3.6040 -5.6267 1.9899 38.2368 -4.7093 0.9445
Car -1 -1 -8.6100 1014.1454 203.5517 1241.0000 374.0000 1.4016 1.6223 3.9549 3.0794 1.5916 2.4317 -7.7656 0.9148
Car -1 -1 -4.5610 484.2683 181.6737 524.8621 212.2552 1.4963 1.5749 3.8177 -5.5852 1.9879 38.3229 -4.7052 0.8805
Car -1 -1 -8.0638 678.0316 181.9677 753.7786 232.0494 1.4434 1.6444 3.8419 3.3025 1.7647 23.4898 -7.9266 0.8689
Car -1 -1 -2.6777 526.5709 176.4146 573.7411 194.7197 1.5351 1.6616 3.7249 -5.2085 1.8506 62.5416 -2.7609 0.8031
Car -1 -1 -8.5059 1032.5361 215.1086 1241.0000 374.0000 1.3611 1.5715 3.7507 2.9299 1.6159 2.3696 -7.6749 0.7870
Car -1 -1 -8.8308 999.8353 190.6165 1241.0000 374.0000 1.4611 1.6159 3.8582 3.2551 1.5701 2.4379 -7.9598 0.7621
Car -1 -1 -7.9806 656.4373 178.5745 695.6927 210.0159 1.5344 1.5973 3.4890 3.3598 1.8465 37.6313 -7.8929 0.7558
Car -1 -1 -4.4989 497.9793 182.2027 535.2341 208.1587 1.4481 1.5576 3.2472 -5.5810 2.0287 43.1507 -4.6272 0.7324
Car -1 -1 -8.0085 655.8232 178.6738 696.6577 209.8624 1.5051 1.5434 3.7010 3.3458 1.8220 37.4265 -7.9206 0.7067
Car -1 -1 -4.5565 485.3392 181.9604 524.7941 211.9309 1.4587 1.5215 3.5605 -5.5161 1.9605 37.9943 -4.7002 0.6846
Car -1 -1 -4.4821 496.6380 182.7390 534.0115 208.2460 1.4263 1.5264 3.2460 -5.6836 2.0430 43.3475 -4.6122 0.6833
Car -1 -1 -8.0521 653.4581 178.4031 696.0547 209.8759 1.5269 1.5378 3.4612 3.2734 1.8285 37.4482 -7.9661 0.6795
Car -1 -1 -2.3672 156.9916 182.4344 271.2644 221.5604 1.3921 1.6295 3.7750 -15.1700 1.7756 27.6060 -2.8659 0.6756
Car -1 -1 -4.4892 499.1387 182.8414 535.7280 207.8877 1.4037 1.4898 3.3369 -5.5827 2.0303 43.5528 -4.6164 0.6739
Car -1 -1 -7.7266 480.3257 183.4343 520.3447 212.4854 1.4130 1.6442 3.6965 -5.8113 2.0020 38.3206 -7.8766 0.5957
Car -1 -1 -8.7516 1004.8309 204.7905 1241.0000 374.0000 1.4136 1.5897 3.7393 3.2343 1.6113 2.5644 -7.9063 0.5923
Car -1 -1 -4.5581 480.4795 182.8477 521.5666 212.8091 1.4547 1.6158 3.5193 -5.7240 2.0047 37.9717 -4.7072 0.5499
Car -1 -1 -4.4998 494.9272 181.8099 533.2957 208.7939 1.5014 1.5808 3.4502 -5.7214 2.0584 43.1135 -4.6314 0.5226
Car -1 -1 -2.5029 143.7987 180.5206 268.2825 219.5116 1.3987 1.6290 3.9278 -15.3205 1.7005 27.3682 -3.0093 0.5087
Car -1 -1 -8.9788 995.2222 185.0157 1241.0000 374.0000 1.4779 1.6448 3.9607 3.4494 1.5550 2.4807 -8.0868 0.5080
Car -1 -1 -4.8179 657.2010 178.1173 695.6964 209.8365 1.5068 1.5478 3.8184 3.3022 1.7893 36.8371 -4.7298 0.5025
Car -1 -1 -2.6421 148.2701 183.4574 273.9565 223.0747 1.4240 1.5783 3.8571 -14.9855 1.8343 27.1492 -3.1426 0.4816
Car -1 -1 -4.4712 496.2318 182.6719 534.3446 208.1585 1.4277 1.5091 3.4223 -5.7129 2.0446 43.5768 -4.6013 0.4650
Car -1 -1 -2.5051 148.3282 182.0751 278.2789 221.0859 1.3950 1.6179 4.1889 -15.0660 1.7588 27.4046 -3.0039 0.4323
Car -1 -1 -2.5913 139.6365 181.3786 266.8082 220.2543 1.3961 1.5813 3.9275 -15.2976 1.7270 27.1647 -3.1002 0.4138
Car -1 -1 -4.8417 659.0120 178.7714 698.7689 209.8819 1.4657 1.5032 3.9449 3.4159 1.7832 36.7536 -4.7504 0.3892
Pedestrian -1 -1 -4.9514 177.8960 168.6199 201.7894 225.4944 1.8097 0.5899 0.3999 -13.6185 1.6746 23.3065 -5.4755 0.3663
Car -1 -1 -5.6834 169.3338 182.5172 290.6649 222.0404 1.4211 1.5990 3.8621 -14.4635 1.8024 27.4670 -6.1643 0.3449
Pedestrian -1 -1 -6.0368 173.0859 167.4626 194.0243 224.7712 1.8146 0.5655 0.4538 -13.7442 1.6436 23.1819 -6.5671 0.3065
Pedestrian -1 -1 -7.3022 172.8195 167.4066 198.2681 225.2098 1.8467 0.5686 0.4258 -13.7341 1.6724 23.2715 -7.8306 0.3026
Car -1 -1 -5.8197 528.6218 176.0285 577.6809 194.5282 1.5522 1.7764 3.8573 -4.9542 1.8342 62.6191 -5.8987 0.2941
Car -1 -1 -2.7470 133.8125 181.3126 264.6473 221.1171 1.4072 1.5876 3.9427 -15.3025 1.7349 26.9616 -3.2592 0.2703
Pedestrian -1 -1 -5.1456 175.2136 168.4896 200.5475 225.6060 1.8057 0.5738 0.4338 -13.6017 1.6675 23.1708 -5.6716 0.2682
Car -1 -1 -2.6515 519.5820 177.0898 574.0333 195.2801 1.5210 1.7088 4.4353 -5.5231 1.8988 62.7559 -2.7393 0.2196
Car -1 -1 -4.4505 491.2717 182.3834 533.3428 208.7135 1.4684 1.6424 3.5761 -5.8737 2.0672 43.4782 -4.5845 0.2192
Car -1 -1 -4.7300 216.8929 183.6370 259.6302 221.1063 1.3558 1.4532 3.7016 -15.1225 1.8217 29.2194 -5.2042 0.2008
Car -1 -1 -4.8239 211.8990 182.2547 262.3954 218.6803 1.3639 1.4795 3.4843 -15.4989 1.7766 29.8377 -5.2996 0.1716
Car -1 -1 -5.6729 182.6466 181.9774 285.3582 217.5622 1.3957 1.4853 3.5511 -15.5213 1.7841 29.7693 -6.1501 0.0882
Car -1 -1 -7.5377 288.4456 175.2745 338.8568 203.0611 1.4879 1.6163 3.5138 -16.7155 1.6304 40.7614 -7.9248 0.0860
Car -1 -1 -5.9952 278.6029 175.3863 355.9463 202.4064 1.4563 1.5480 3.6866 -16.2199 1.5998 40.0122 -6.3783 0.0754
Car -1 -1 -2.5108 166.6496 182.0975 272.6778 218.2813 1.4181 1.5078 3.6709 -16.1228 1.8123 29.7889 -3.0034 0.0734
Car -1 -1 -2.7735 170.1176 183.2524 279.2639 219.0105 1.3884 1.4267 3.6665 -15.7155 1.8262 29.4774 -3.2598 0.0716
Car -1 -1 -4.3587 265.8771 176.1583 328.9847 208.8938 1.5237 1.5493 4.1454 -15.5956 1.6985 36.1214 -4.7639 0.0666
Car -1 -1 -4.4240 266.8658 179.6000 321.1147 212.0096 1.4733 1.4413 3.7189 -15.5319 1.8233 35.5371 -4.8336 0.0637
Car -1 -1 -7.4702 290.8624 174.4869 345.3946 202.3117 1.4948 1.5962 3.6695 -16.4776 1.5910 40.8136 -7.8519 0.0583
Car -1 -1 -6.8709 883.7183 214.0326 1241.0000 374.0000 1.3930 1.7414 4.4100 3.3354 1.6201 2.5447 -6.0069 0.0575
Car -1 -1 -5.7786 184.6908 183.1373 292.3651 218.7397 1.3939 1.4050 3.6911 -15.1593 1.8242 29.4523 -6.2506 0.0564
Car -1 -1 -7.6227 287.9562 173.7643 335.2886 203.2095 1.5831 1.6256 3.9039 -16.9145 1.6371 40.9760 -8.0122 0.0544
Car -1 -1 -5.8985 185.3394 182.7495 292.9704 218.7516 1.4153 1.4665 3.6644 -15.2637 1.8351 29.7412 -6.3693 0.0481
Car -1 -1 -4.6774 214.5505 178.3744 260.2819 216.4592 1.4782 1.5817 3.9058 -15.8389 1.7290 30.7184 -5.1502 0.0475
Car -1 -1 -7.6963 290.3115 175.8373 330.7851 204.1257 1.5112 1.5937 3.3953 -16.9053 1.6870 40.7681 -8.0874 0.0471
Car -1 -1 -2.8582 156.7970 183.0412 267.2108 219.6718 1.4083 1.5202 3.6746 -16.2335 1.8406 29.5077 -3.3576 0.0417
Car -1 -1 -3.0142 152.1946 184.1940 267.3869 221.3810 1.3861 1.4705 3.9102 -16.0981 1.8658 29.1446 -3.5153 0.0407
Car -1 -1 -2.9801 159.0107 183.5905 275.9782 221.3489 1.4163 1.4623 3.9663 -15.7993 1.8698 29.1612 -3.4730 0.0359
Car -1 -1 -2.0623 191.0688 183.0639 267.2469 219.3179 1.3827 1.4326 3.2402 -15.8250 1.8263 29.8670 -2.5462 0.0353
Car -1 -1 -4.5485 264.0206 181.0822 314.6951 214.0374 1.4310 1.5643 4.0827 -15.3351 1.8499 34.5878 -4.9633 0.0322
Car -1 -1 -7.9390 210.8161 182.5462 259.3450 219.3183 1.3975 1.5190 3.5174 -15.8302 1.8298 30.3114 -8.4169 0.0317
Car -1 -1 -4.3992 263.3878 177.5131 322.1495 210.1409 1.5071 1.5498 3.8748 -15.7445 1.7516 35.9046 -4.8101 0.0313
Car -1 -1 -2.6026 269.6319 175.3034 340.7426 203.4935 1.5149 1.4979 3.3287 -16.8773 1.6535 39.9208 -3.0005 0.0300
Car -1 -1 -4.7628 926.8545 177.1842 1045.3804 268.4374 1.5167 1.8107 4.0147 7.2737 1.6160 14.4031 -4.3041 0.0281
Car -1 -1 -3.5471 1022.5037 194.4358 1241.0000 374.0000 1.4255 1.6150 3.7987 3.9256 1.5632 3.0512 -2.6834 0.0262
Car -1 -1 -5.2858 870.4977 182.3788 1013.8114 240.9919 1.3935 1.6880 3.9338 8.9329 1.6834 19.9041 -4.8701 0.0255
Car -1 -1 -3.9025 0.0000 185.7993 85.7638 251.1024 1.4021 1.6080 4.0163 -15.8198 1.7692 18.3994 -4.6056 0.0243
Car -1 -1 -7.6812 213.0084 181.1953 270.6081 217.8802 1.4089 1.5444 3.7561 -15.6037 1.7863 30.6512 -8.1488 0.0233
Car -1 -1 -5.1612 868.4670 183.8706 976.5038 239.4998 1.4147 1.4971 3.3932 8.8215 1.7579 20.7693 -4.7654 0.0233
Car -1 -1 -4.8799 916.8454 178.0245 1062.3931 269.1409 1.4519 1.7368 4.1143 7.0722 1.5676 13.9696 -4.4205 0.0198
Car -1 -1 -5.2245 865.1386 187.4501 977.7460 239.7247 1.3027 1.5114 3.2969 8.7515 1.7554 20.6698 -4.8298 0.0185
Car -1 -1 -3.9540 0.0000 185.7380 97.1771 245.9858 1.3793 1.5177 3.5259 -15.7313 1.7526 19.1105 -4.6360 0.0183
Car -1 -1 -5.2210 885.8704 172.2290 1082.6028 263.4733 1.6188 1.8416 3.9248 7.3691 1.6074 14.8118 -4.7679 0.0178
Car -1 -1 -4.9580 872.8743 187.4313 955.1510 240.0744 1.3433 1.4479 3.1659 8.7060 1.8011 21.0057 -4.5708 0.0177
Car -1 -1 -4.0607 0.0000 186.8354 87.9753 247.6358 1.3390 1.5656 3.7080 -15.6079 1.7364 18.6392 -4.7509 0.0169
Car -1 -1 -4.6885 932.3290 179.6626 1042.0470 264.5242 1.4639 1.7757 3.4638 7.6237 1.6207 14.7049 -4.2191 0.0156
Car -1 -1 -4.3082 244.5005 180.7621 318.9020 214.7405 1.4688 1.5474 4.6009 -15.6560 1.8728 34.5809 -4.7308 0.0146
Car -1 -1 -5.4945 875.3400 177.5056 1077.7882 259.1729 1.4270 1.6882 3.4970 7.2502 1.5342 14.7556 -5.0463 0.0136
Car -1 -1 -4.4098 250.9491 179.8586 315.3687 214.0145 1.4781 1.6002 4.1945 -15.4793 1.8319 34.2958 -4.8311 0.0135
Car -1 -1 -4.3965 254.9124 180.2677 318.6572 213.6984 1.4575 1.5011 4.3760 -15.4892 1.8369 34.7083 -4.8137 0.0134
Car -1 -1 -3.5784 0.0000 184.6268 87.1387 242.1841 1.3007 1.4981 3.4278 -16.0745 1.6399 18.9403 -4.2753 0.0123
Car -1 -1 -4.6068 929.3846 176.4395 1037.1476 259.3362 1.4705 1.6451 3.3904 7.6922 1.5532 14.8312 -4.1371 0.0115
Car -1 -1 -4.6627 490.7290 182.1388 524.7313 211.0261 1.4899 1.6874 4.8244 -5.8303 2.0527 41.2856 -4.8026 0.0108
Car -1 -1 -4.4923 845.5103 181.7310 943.0133 243.7723 1.4700 1.6567 4.1322 7.8734 1.7413 19.8968 -4.1213 0.0096
Car -1 -1 -7.6895 926.1931 176.9931 1044.6244 259.5780 1.5024 1.6508 3.8896 8.0404 1.6021 15.3861 -7.2164 0.0088
Car -1 -1 -5.2884 887.0641 179.2198 1091.0239 262.7435 1.3792 1.7312 3.7404 7.1437 1.5213 14.1727 -4.8305 0.0083
Car -1 -1 -5.4435 901.1759 178.4710 1128.0763 270.7073 1.5112 1.7241 3.8165 7.6146 1.6370 14.1338 -4.9588 0.0079
Car -1 -1 -4.7686 878.9019 186.5264 940.9213 239.5623 1.3435 1.4484 3.1777 8.5676 1.7723 20.9107 -4.3854 0.0078
Car -1 -1 -4.6745 867.0388 180.4111 946.1942 240.9661 1.4551 1.8553 4.0990 8.2823 1.6894 20.1492 -4.2903 0.0070
Car -1 -1 -3.9098 1011.5898 180.3933 1241.0000 374.0000 1.5253 1.5881 4.3229 4.5793 1.5731 3.6079 -3.0458 0.0068
Car -1 -1 -5.1667 862.1385 180.9966 1000.5167 242.0371 1.4750 1.8522 4.1233 8.7104 1.7254 20.1043 -4.7638 0.0065
Car -1 -1 -3.6990 1047.4907 186.2798 1241.0000 374.0000 1.4832 1.6212 4.2592 4.5226 1.5707 3.2249 -2.7906 0.0065
Car -1 -1 -4.4880 507.5677 180.8438 544.3002 203.2536 1.4119 1.6907 3.6728 -5.6673 1.9725 48.7430 -4.6036 0.0064
Car -1 -1 -6.0253 211.4280 181.2564 340.7682 222.9756 1.4932 1.6678 4.1811 -12.6542 1.8265 27.4745 -6.4536 0.0058
Car -1 -1 -4.4451 509.2067 180.6497 546.7926 202.6394 1.3865 1.6010 3.7301 -5.5396 1.9352 48.8537 -4.5578 0.0046
Pedestrian -1 -1 -6.7879 781.9908 164.5343 792.8787 189.1223 1.6233 0.7368 0.3956 11.7796 1.0738 48.0444 -6.5491 0.0006
