Car -1 -1 -4.4608 369.7999 172.9346 482.3136 254.3083 1.7280 1.6264 4.1137 -4.3254 1.7298 17.3912 -4.7017 0.9999
Car -1 -1 -4.3680 239.6565 172.7489 420.7487 301.6308 1.7896 1.5661 3.6994 -4.4264 1.7878 11.8731 -4.7184 0.9999
Car -1 -1 -8.0566 705.6732 174.8147 828.6207 260.8786 1.4947 1.6386 3.6722 2.9394 1.5387 14.4571 -7.8609 0.9999
Car -1 -1 -4.1690 0.0000 199.9606 303.1863 374.0000 1.4527 1.6520 3.9340 -4.4646 1.7748 6.5881 -4.7465 0.9998
Car -1 -1 -8.3070 818.3694 173.5217 1241.0000 374.0000 1.5883 1.6088 3.6095 2.9629 1.5951 5.8419 -7.8590 0.9997
Car -1 -1 -8.0456 680.0544 171.6100 766.5477 232.7877 1.5789 1.6457 4.1913 3.0861 1.5465 20.7531 -7.9008 0.9990
Car -1 -1 -4.3530 236.9376 171.3088 420.1628 299.1056 1.7886 1.5779 3.6816 -4.4810 1.7666 11.9445 -4.7054 0.9122
Car -1 -1 -8.0671 679.7327 171.0721 766.7714 233.3526 1.5945 1.5812 4.0802 3.0584 1.5486 20.5626 -7.9223 0.8322
Car -1 -1 -8.0407 510.0744 174.1600 541.3780 197.3868 1.6152 1.5788 3.7901 -6.1901 1.7135 52.4488 -8.1579 0.8028
Car -1 -1 -8.0239 681.2747 170.8664 763.3146 232.7349 1.5927 1.6126 4.0553 3.0459 1.5412 20.6224 -7.8801 0.7490
Car -1 -1 -8.0173 624.9468 170.8400 655.1173 194.2724 1.5603 1.5308 3.4727 2.0096 1.4259 49.8630 -7.9776 0.7279
Car -1 -1 -7.9493 628.2934 170.9884 656.3531 194.4262 1.5618 1.6012 3.5219 2.1694 1.4371 49.8795 -7.9065 0.6989
Car -1 -1 -7.9433 515.1366 174.5094 541.5261 197.2982 1.5846 1.5718 3.7653 -5.9994 1.7093 52.4660 -8.0569 0.6940
Car -1 -1 -8.0249 685.0351 170.5951 770.6869 232.5962 1.5888 1.6989 4.0485 3.1849 1.5306 20.5307 -7.8739 0.6700
Car -1 -1 -4.8345 647.6938 171.4049 691.1492 204.3939 1.5409 1.6413 4.1171 2.8466 1.4729 35.7943 -4.7563 0.6663
Car -1 -1 -4.7978 650.2001 171.8598 690.6920 204.3228 1.5112 1.6388 3.9866 2.8850 1.4646 35.5871 -4.7181 0.6566
Car -1 -1 -8.0566 507.8672 174.7506 542.1882 197.8250 1.5981 1.6550 4.2671 -6.2706 1.7422 52.6358 -8.1750 0.6284
Car -1 -1 -8.0225 507.4149 174.2898 539.4636 197.9742 1.6449 1.6368 4.1782 -6.3818 1.7538 52.6183 -8.1429 0.6018
Car -1 -1 -8.0397 506.2323 173.5807 538.3425 197.5471 1.6664 1.6393 3.7680 -6.4268 1.7208 52.3358 -8.1617 0.5157
Car -1 -1 -4.8078 648.4114 171.8214 687.4474 204.3942 1.5252 1.5555 3.7889 2.7745 1.4765 35.6942 -4.7313 0.4777
Car -1 -1 -7.7735 631.7449 171.1076 658.3735 193.8859 1.5125 1.5500 3.6896 2.4220 1.3963 49.8409 -7.7256 0.4620
Car -1 -1 -7.9687 513.5617 174.0804 541.7678 196.9853 1.5883 1.6278 3.5185 -6.0093 1.6798 52.1348 -8.0833 0.4401
Car -1 -1 -4.9059 508.1672 173.6118 540.5257 196.8840 1.6136 1.6456 3.6526 -6.2542 1.6702 52.1491 -5.0251 0.3910
Car -1 -1 -7.9525 514.6504 174.8332 543.0360 197.4527 1.5699 1.6429 4.2700 -5.9991 1.7205 52.7347 -8.0656 0.3899
Car -1 -1 -8.0650 619.6744 170.2538 652.2441 194.0559 1.5842 1.5470 3.4818 1.7270 1.4108 49.8730 -8.0309 0.3441
Car -1 -1 -7.9560 624.0064 170.5242 652.7661 194.1094 1.5757 1.6063 3.8382 1.9052 1.4198 50.1723 -7.9186 0.3402
Car -1 -1 -7.7803 518.1538 174.1815 543.8900 197.3953 1.6193 1.5890 3.7610 -5.7381 1.7191 52.4581 -7.8891 0.3225
Car -1 -1 -8.0657 502.0157 173.4967 537.4431 197.5364 1.6694 1.6994 4.2372 -6.6416 1.7179 52.5091 -8.1913 0.3126
Car -1 -1 -8.0155 609.6609 171.5710 636.0663 191.4475 1.5104 1.5047 3.6298 0.9531 1.4126 56.7337 -7.9992 0.3121
Car -1 -1 -7.9947 611.8232 171.3426 637.7974 191.4337 1.5259 1.5433 3.6000 1.1054 1.4108 56.6807 -7.9757 0.2900
Car -1 -1 -8.0270 609.4570 170.9599 636.4792 190.5260 1.4785 1.5469 3.3578 0.9553 1.3351 56.3029 -8.0105 0.2854
Car -1 -1 -2.2028 494.6885 173.7759 545.2122 197.1050 1.6213 1.6115 3.9438 -6.5867 1.6903 52.2878 -2.3279 0.2768
Car -1 -1 -7.9761 584.3555 173.6682 606.5638 191.4969 1.6460 1.6573 3.8329 -1.4343 1.7257 68.8148 -7.9973 0.2346
Car -1 -1 -8.1283 603.3444 171.1486 634.0652 191.0487 1.5037 1.5279 3.4071 0.6215 1.3746 56.3666 -8.1177 0.2287
Car -1 -1 -8.1119 605.5510 171.5567 634.8726 191.6985 1.5272 1.4577 3.4613 0.7424 1.4286 56.5653 -8.0992 0.2021
Car -1 -1 -4.7570 645.4063 172.4411 679.8314 204.8669 1.5192 1.5233 3.5422 2.5127 1.4996 35.5951 -4.6876 0.1673
Car -1 -1 -8.0264 581.2512 173.4105 605.8536 191.4221 1.6624 1.6710 4.0554 -1.6213 1.7168 68.8780 -8.0502 0.1671
Car -1 -1 -4.8974 643.7145 173.1933 690.3165 204.7447 1.4334 1.5391 3.8809 2.6522 1.4504 34.8356 -4.8225 0.1622
Car -1 -1 -6.9650 621.8472 170.5079 678.5603 193.5123 1.5265 1.5371 3.7688 2.7513 1.3705 49.6080 -6.9103 0.1270
Car -1 -1 -4.9081 607.8009 171.1414 639.2584 191.4098 1.5403 1.6583 4.3970 1.0003 1.4098 57.1439 -4.8910 0.1221
Car -1 -1 -8.3179 597.8889 170.9425 636.7858 191.0544 1.5084 1.6030 3.5382 0.5088 1.3647 56.0573 -8.3092 0.1151
Car -1 -1 -7.9318 587.0742 173.5928 607.3845 191.4217 1.6482 1.6497 3.6687 -1.2618 1.7202 68.7654 -7.9504 0.1062
Car -1 -1 -7.5190 629.7843 170.8707 668.9939 193.6881 1.5078 1.5448 3.7796 2.7220 1.3764 49.7208 -7.4650 0.1049
Car -1 -1 -7.9190 586.0663 173.8316 604.8951 190.9193 1.5774 1.5674 3.3846 -1.4210 1.6724 68.5599 -7.9400 0.0976
Car -1 -1 -7.8558 589.6166 173.7554 606.5823 190.8421 1.5718 1.5649 3.2851 -1.1503 1.6588 68.2055 -7.8730 0.0862
Car -1 -1 -4.9866 602.5652 171.2030 637.1473 191.7652 1.5627 1.6263 4.2962 0.7083 1.4369 57.1215 -4.9747 0.0847
Car -1 -1 -4.6221 626.9443 172.0301 666.1030 204.9058 1.5283 1.6084 3.5883 1.7982 1.4897 35.4319 -4.5724 0.0685
Car -1 -1 -8.3099 593.9520 170.9037 632.7574 191.3969 1.5454 1.5708 3.6743 0.1994 1.3980 56.4076 -8.3068 0.0552
Car -1 -1 -4.5982 507.7735 175.2980 534.0424 196.0557 1.5780 1.6315 3.9569 -7.0667 1.7785 57.3046 -4.7207 0.0541
Car -1 -1 -8.1996 599.5567 171.0881 634.0801 191.9542 1.5793 1.5456 3.6831 0.4719 1.4453 56.6038 -8.1917 0.0536
Car -1 -1 -4.7569 628.8320 172.3080 663.5446 205.0486 1.5377 1.5390 3.7358 1.7081 1.5117 35.7571 -4.7101 0.0530
Car -1 -1 -8.1843 608.1339 169.1352 648.9794 194.5131 1.6799 1.6678 3.8041 1.2055 1.4334 49.8276 -8.1607 0.0505
Car -1 -1 -4.7588 622.4040 170.7095 659.3947 204.6569 1.5882 1.6361 3.8487 1.4387 1.4875 35.6855 -4.7193 0.0495
Car -1 -1 -4.7688 506.0052 175.3961 529.2256 196.2799 1.5832 1.6018 4.0007 -7.3966 1.7923 57.3277 -4.8969 0.0472
Car -1 -1 -4.9458 497.6268 175.0897 529.2015 195.9720 1.5837 1.6042 3.9819 -7.7352 1.7676 57.3257 -5.0797 0.0421
Car -1 -1 -6.8375 623.9666 170.5388 681.6024 193.6123 1.5299 1.4551 3.7306 2.9053 1.3761 49.3696 -6.7795 0.0398
Car -1 -1 -8.3945 592.3422 171.2019 634.3108 191.4221 1.5147 1.5839 3.6852 0.1962 1.3906 56.0384 -8.3914 0.0387
Car -1 -1 -6.0898 633.1912 173.3049 703.1339 199.5274 1.4321 1.6229 3.6938 3.2594 1.4580 40.7263 -6.0110 0.0367
Car -1 -1 -5.2791 636.0344 174.3423 697.7361 202.2102 1.4574 1.5757 3.8621 3.0614 1.5440 40.0308 -5.2038 0.0346
Car -1 -1 -5.7508 638.3983 173.0473 713.7161 200.8486 1.4774 1.6088 3.8945 3.6137 1.4883 40.1560 -5.6622 0.0330
Car -1 -1 -4.3846 506.9296 175.1426 542.8169 195.9269 1.5750 1.6421 3.9560 -6.7372 1.7629 57.2455 -4.5016 0.0330
Car -1 -1 -6.1953 640.1434 173.4878 709.7812 199.6128 1.4322 1.6076 3.7915 3.6523 1.4687 40.7349 -6.1069 0.0312
Car -1 -1 -6.4917 637.0651 173.9349 707.1317 199.1210 1.3960 1.5986 3.7241 3.4736 1.4588 41.1070 -6.4085 0.0291
Car -1 -1 -5.2037 637.4294 173.6192 696.1203 201.2853 1.4683 1.6698 3.8174 3.0914 1.5131 40.4916 -5.1285 0.0289
Car -1 -1 -5.9404 637.7301 173.0207 712.2397 200.2653 1.4671 1.6114 3.8378 3.5981 1.4765 40.4058 -5.8527 0.0285
Car -1 -1 -4.7330 651.5371 173.3341 679.7416 198.8324 1.3860 1.5175 3.5401 3.0966 1.4142 41.0965 -4.6587 0.0284
Car -1 -1 -5.4671 637.5271 173.1690 707.2275 201.5052 1.4903 1.6025 3.9084 3.3724 1.5084 40.0222 -5.3841 0.0281
Car -1 -1 -6.6633 634.6443 172.5488 709.8265 198.6145 1.4468 1.6852 3.9579 3.5250 1.4295 41.4325 -6.5794 0.0278
Car -1 -1 -5.3423 639.0662 173.6756 702.8633 199.5063 1.3707 1.6643 3.7537 3.3289 1.4188 40.4530 -5.2612 0.0255
Car -1 -1 -7.4583 642.2154 171.7523 695.4468 199.1489 1.4905 1.6911 3.8507 3.3838 1.4303 41.3545 -7.3777 0.0252
Car -1 -1 -7.7249 645.3766 173.1218 681.3312 199.2679 1.4441 1.6300 3.6329 3.0972 1.4601 41.8359 -7.6520 0.0225
Car -1 -1 -8.9918 0.0000 0.0000 1241.0000 374.0000 1.5650 1.5903 3.4116 3.4399 1.5945 1.2211 -7.8366 0.0224
Car -1 -1 -5.4510 641.9895 173.8507 710.1478 200.9820 1.4243 1.6291 3.7934 3.5795 1.4820 40.0274 -5.3629 0.0220
Car -1 -1 -5.0986 653.4934 174.2910 704.2834 200.0185 1.3592 1.5962 3.5358 3.7547 1.4429 40.2584 -5.0067 0.0167
Car -1 -1 -4.7016 655.2630 174.6930 682.7046 198.5140 1.2843 1.4875 3.4360 3.3243 1.3929 40.9544 -4.6216 0.0162
Car -1 -1 -7.9622 640.2502 173.5821 675.4951 199.6829 1.4498 1.6527 3.6516 2.7093 1.4938 42.0425 -7.8987 0.0150
Car -1 -1 -7.2760 642.2747 171.1285 703.6854 199.5268 1.5435 1.7414 3.7340 3.6010 1.4494 41.2245 -7.1899 0.0125
Car -1 -1 -9.0187 0.0000 0.0000 1241.0000 374.0000 1.5477 1.5916 3.4458 3.8321 1.5737 1.2076 -7.8218 0.0122
Car -1 -1 -3.0388 480.2341 174.3701 543.8195 196.1120 1.5170 1.6152 4.3411 -6.9637 1.6264 51.3424 -3.1733 0.0105
Car -1 -1 -8.6506 0.0000 0.0000 1241.0000 374.0000 1.5466 1.5888 3.5146 1.8949 1.5677 1.2415 -7.7633 0.0097
Car -1 -1 -8.1008 631.2935 173.4857 673.3695 199.6684 1.4572 1.5995 3.6623 2.3914 1.4955 42.2001 -8.0450 0.0088
Car -1 -1 -9.0131 0.0000 0.0000 1241.0000 374.0000 1.5253 1.5880 3.4761 4.2385 1.5230 1.2680 -7.7956 0.0080
Car -1 -1 -6.7302 511.8374 173.1199 574.7697 196.1898 1.6047 1.6479 4.2209 -4.8226 1.6242 52.0210 -6.8225 0.0077
Car -1 -1 -6.5742 517.4625 172.8764 583.1980 195.8437 1.6047 1.6934 4.4223 -4.3308 1.6061 52.0119 -6.6573 0.0070
Car -1 -1 -5.9992 481.8432 173.3045 541.6052 196.1371 1.5991 1.6706 3.9324 -7.0493 1.6317 51.6938 -6.1344 0.0070
Car -1 -1 -4.7836 642.3107 173.5554 678.9993 202.1440 1.4531 1.6575 4.2806 2.6399 1.4927 38.9233 -4.7169 0.0059
Car -1 -1 -5.5951 0.0000 0.0000 1241.0000 374.0000 1.4911 1.6761 3.8625 4.6816 1.4176 1.8802 -4.4593 0.0054
Car -1 -1 -9.0317 0.0000 0.0000 1241.0000 374.0000 1.5390 1.6271 3.5155 4.5936 1.4996 1.2766 -7.7904 0.0051
Car -1 -1 -8.9918 0.0000 0.0000 1241.0000 374.0000 1.5164 1.6092 3.5134 3.0106 1.5408 0.9194 -7.8046 0.0046
Car -1 -1 -2.8167 472.7828 172.9461 539.5647 196.2703 1.6261 1.7419 4.3990 -7.4301 1.6326 51.5697 -2.9594 0.0045
Car -1 -1 -8.9271 0.0000 0.0000 1241.0000 374.0000 1.5430 1.6343 3.5553 2.6486 1.5260 0.9287 -7.7894 0.0041
Car -1 -1 -3.1862 471.5641 173.3359 535.5563 197.2174 1.6422 1.7142 4.3947 -7.5623 1.6767 50.9261 -3.3333 0.0035
Car -1 -1 -7.4596 1241.0000 85.8638 1241.0000 374.0000 1.5417 1.6708 3.9103 4.1179 1.4544 1.6468 -6.3296 0.0030
Car -1 -1 -9.3038 0.0000 0.0000 1241.0000 374.0000 1.4348 1.6200 3.8568 3.0403 1.5251 -0.1271 -7.7866 0.0030
Car -1 -1 -7.4454 1152.8633 0.0000 1241.0000 374.0000 1.5854 1.6920 3.9588 3.4232 1.4806 1.1454 -6.2729 0.0030
Car -1 -1 -9.3039 0.0000 0.0000 1241.0000 374.0000 1.4459 1.6206 3.8487 2.2532 1.5562 -0.1704 -7.7863 0.0030
Car -1 -1 -8.8996 0.0000 0.0000 1241.0000 374.0000 1.5408 1.6096 3.5414 2.2806 1.5328 0.8222 -7.7848 0.0030
Car -1 -1 -9.0740 0.0000 0.0000 1241.0000 374.0000 1.4823 1.6104 3.7903 3.4108 1.4978 0.5084 -7.7339 0.0030
Car -1 -1 -8.9304 0.0000 0.0000 1241.0000 374.0000 1.5005 1.6071 3.7650 1.8164 1.5587 0.4182 -7.7340 0.0030
Car -1 -1 -3.0304 470.1335 173.0168 536.6191 196.5745 1.6414 1.7448 4.5051 -7.5587 1.6529 51.2380 -3.1764 0.0025
