Car -1 -1 -7.3786 134.3388 188.3411 298.3749 268.9622 1.4958 1.6384 3.3965 -8.1191 1.5694 15.1751 -7.8628 1.0000
Car -1 -1 -7.5540 286.8433 175.5534 457.1857 289.7184 1.6392 1.6256 3.8983 -3.8473 1.5006 12.2720 -7.8519 1.0000
Car -1 -1 -7.6931 438.5186 179.3912 505.7733 229.4077 1.5319 1.6327 3.5582 -4.4528 1.3537 23.8137 -7.8763 0.9999
Car -1 -1 -7.8698 578.0673 174.1228 647.6606 239.7110 1.6372 1.7386 3.5635 0.0550 1.3604 19.7370 -7.8675 0.9998
Car -1 -1 -7.7050 481.4742 179.9497 525.1574 211.4457 1.4629 1.6007 3.5801 -5.0929 1.2184 35.1830 -7.8480 0.9974
Car -1 -1 -7.4701 271.2362 184.6398 349.8239 220.4864 1.4489 1.6667 4.2515 -12.8165 1.4258 31.1852 -7.8573 0.9923
Car -1 -1 -7.6382 416.8351 179.2281 462.2638 209.3404 1.5021 1.5781 3.6128 -8.7917 1.2036 37.6741 -7.8662 0.9812
Car -1 -1 -7.1082 0.0000 200.9637 111.6377 362.7357 1.4160 1.6413 3.9940 -8.2453 1.6500 8.6791 -7.8527 0.9505
Car -1 -1 -7.9343 576.4905 179.5327 621.3593 217.0322 1.4665 1.5877 3.3305 -0.4558 1.2444 29.8463 -7.9499 0.9335
Car -1 -1 -7.6051 416.0916 179.6043 465.3679 209.2716 1.4785 1.6394 3.7614 -8.7350 1.1990 37.7241 -7.8315 0.8539
Car -1 -1 -7.4663 272.4586 184.0748 350.7484 219.7206 1.4399 1.6478 4.2297 -12.7581 1.3939 31.1532 -7.8523 0.8478
Car -1 -1 -7.6734 480.4090 179.9038 526.2764 211.0157 1.4442 1.5963 3.6279 -5.0932 1.1978 35.2120 -7.8163 0.8412
Car -1 -1 -7.7877 509.8292 178.8506 540.7682 203.4606 1.4175 1.5987 3.9539 -4.9661 1.0511 43.4181 -7.9012 0.8359
Car -1 -1 -7.4242 271.0630 184.4771 349.8103 219.6371 1.4175 1.6575 3.8801 -12.7377 1.3879 30.9552 -7.8118 0.8219
Car -1 -1 -4.7340 406.6875 174.1068 431.7688 196.5701 1.5360 1.6428 4.0141 -13.5087 0.7765 51.3079 -4.9905 0.8174
Car -1 -1 -7.7325 511.0883 178.9418 544.7443 203.0853 1.3919 1.5526 3.9636 -4.8070 1.0304 43.4346 -7.8424 0.7814
Car -1 -1 -7.5365 271.5280 183.7868 345.1999 220.6554 1.4870 1.6651 4.3505 -12.9283 1.4295 31.2231 -7.9264 0.7751
Car -1 -1 -7.1170 0.0000 199.0787 113.5706 356.9442 1.4111 1.4919 3.9404 -8.1664 1.6178 8.7424 -7.8531 0.7617
Car -1 -1 -7.9163 578.4187 178.8481 622.8870 217.2809 1.4974 1.6108 3.6138 -0.3887 1.2494 29.8699 -7.9297 0.7533
Car -1 -1 -7.0494 0.0000 200.7232 116.9025 365.8520 1.4305 1.6586 4.0677 -8.2927 1.6631 8.6965 -7.7958 0.7480
Car -1 -1 -7.8905 579.2717 179.0895 622.4878 216.7088 1.4688 1.6518 3.6832 -0.3802 1.2298 29.9471 -7.9035 0.7207
Car -1 -1 -7.6761 481.6260 180.6046 526.5217 211.4950 1.4295 1.5775 3.4530 -5.0337 1.2163 35.0196 -7.8181 0.7089
Car -1 -1 -7.9660 571.7140 179.8540 618.4507 216.9601 1.4510 1.5586 3.4196 -0.6187 1.2415 29.9081 -7.9869 0.6667
Car -1 -1 -4.8409 401.4375 174.2861 432.6812 196.9806 1.5501 1.6496 4.0246 -13.6588 0.8037 51.2749 -5.1002 0.6481
Car -1 -1 -7.4795 269.8828 184.0893 341.9568 219.3119 1.4205 1.6373 3.5951 -12.8821 1.3752 30.8037 -7.8729 0.6403
Car -1 -1 -7.7044 510.1346 178.3588 546.6863 203.1533 1.4297 1.6036 4.1265 -4.7838 1.0345 43.5445 -7.8135 0.6019
Car -1 -1 -4.6053 406.7483 174.3610 436.1837 196.5306 1.5196 1.6232 3.9196 -13.2825 0.7757 51.3285 -4.8576 0.5803
Car -1 -1 -4.8853 570.3499 179.0351 625.7532 217.9374 1.4824 1.5846 4.0517 -0.5096 1.2471 29.5323 -4.9028 0.5800
Car -1 -1 -7.8772 508.6093 178.4940 537.7837 203.7366 1.4505 1.6482 4.1959 -5.1857 1.0644 43.4996 -7.9955 0.5623
Car -1 -1 -7.1013 0.0000 202.0542 135.4086 342.8628 1.3859 1.6262 3.5831 -8.2335 1.6475 9.3373 -7.8099 0.5315
Car -1 -1 -7.8960 510.0238 178.4190 539.2178 203.5862 1.4380 1.5808 3.4658 -5.0243 1.0498 42.9108 -8.0122 0.5186
Car -1 -1 -4.0141 0.0000 198.5647 109.5394 371.5687 1.4303 1.5601 4.2640 -8.0843 1.6276 8.4457 -4.7619 0.5093
Car -1 -1 -7.6073 510.2932 178.7037 552.4285 203.2179 1.4087 1.5771 4.1095 -4.5909 1.0347 43.4556 -7.7123 0.4868
Car -1 -1 -7.5545 578.4071 177.3038 644.6203 217.4368 1.5327 1.6629 3.8365 0.1871 1.2307 29.5328 -7.5486 0.4805
Car -1 -1 -4.7613 404.1780 175.6979 431.0588 198.2301 1.5274 1.6613 3.4577 -13.4409 0.8824 50.6287 -5.0198 0.4334
Car -1 -1 -4.9703 394.5683 174.3135 432.8169 196.9619 1.5489 1.6558 4.0519 -13.9158 0.8035 51.3299 -5.2340 0.4218
Car -1 -1 -5.1666 389.2762 174.4821 438.9592 197.0474 1.5436 1.7195 4.2848 -13.8920 0.8095 51.3526 -5.4298 0.4151
Car -1 -1 -7.9207 506.0444 178.4828 537.4473 203.5559 1.4375 1.6231 3.7051 -5.2329 1.0517 43.1860 -8.0409 0.3969
Car -1 -1 -7.8346 513.9440 178.3486 541.4855 203.5128 1.4336 1.5621 3.4628 -4.7550 1.0425 42.7478 -7.9450 0.3958
Car -1 -1 -4.5176 404.1616 175.7576 438.3426 198.2007 1.5236 1.6677 3.5805 -13.1175 0.8817 50.6375 -4.7701 0.3938
Car -1 -1 -5.2105 389.2331 174.3294 438.2675 196.9566 1.5413 1.5981 4.0885 -13.8182 0.7999 50.9980 -5.4741 0.3922
Car -1 -1 -7.9890 500.6110 178.6239 537.8748 203.9406 1.4501 1.6700 4.2493 -5.4258 1.0727 43.4421 -8.1129 0.3670
Car -1 -1 -7.6983 579.2640 178.3566 633.6876 217.3449 1.5088 1.7030 3.6962 -0.0287 1.2435 29.7753 -7.6997 0.3642
Car -1 -1 -8.0100 567.3173 179.4111 618.4504 217.3830 1.4694 1.5815 3.4300 -0.7082 1.2449 29.6460 -8.0341 0.3526
Pedestrian -1 -1 -8.0481 641.1433 178.2791 653.5477 206.2624 1.5953 0.5998 0.6349 2.2435 1.2000 41.3384 -7.9947 0.3235
Car -1 -1 -4.5081 406.0288 174.6884 441.2009 196.5199 1.5029 1.6302 4.1776 -13.1908 0.7783 51.6087 -4.7574 0.3225
Car -1 -1 -4.8790 574.5637 178.4712 631.3020 218.7296 1.5062 1.6183 4.0878 -0.3090 1.2540 29.0489 -4.8900 0.2953
Car -1 -1 -5.1167 388.8796 174.1698 434.5434 197.1364 1.5688 1.6479 4.1257 -14.0301 0.8144 51.2325 -5.3830 0.2849
Car -1 -1 -4.9768 559.4290 179.0938 623.5894 218.6365 1.4944 1.6236 3.9396 -0.7759 1.2632 29.2860 -5.0035 0.2312
Car -1 -1 -5.1762 387.3454 174.3098 434.2538 197.1112 1.5524 1.5855 3.9961 -14.0164 0.8100 50.9587 -5.4436 0.2084
Car -1 -1 -7.4755 578.4788 178.0071 651.5681 217.5386 1.5112 1.6986 3.8718 0.3339 1.2358 29.5937 -7.4647 0.1937
Pedestrian -1 -1 -7.9775 641.9920 177.9916 653.5226 206.2550 1.6027 0.5647 0.7897 2.2574 1.1932 41.1764 -7.9235 0.1897
Car -1 -1 -4.3806 406.4344 174.6949 446.9253 196.8733 1.5203 1.6186 3.8969 -12.8895 0.7993 51.2883 -4.6259 0.1886
Pedestrian -1 -1 -5.4935 634.0630 178.8251 651.8301 208.0768 1.6536 0.6928 0.7436 1.9827 1.2925 41.1446 -5.4461 0.1630
Car -1 -1 -7.6502 433.9918 166.6912 465.4351 190.3574 1.8466 1.7211 3.9240 -12.7398 0.4014 58.0626 -7.8655 0.1309
Pedestrian -1 -1 -4.4461 748.2723 167.6586 770.5149 222.3815 1.8513 0.6385 0.5056 5.1656 1.2575 24.6897 -4.2426 0.1297
Car -1 -1 -5.4684 381.1202 174.7520 437.9649 197.4036 1.5440 1.6388 3.8976 -14.0191 0.8309 50.7131 -5.7370 0.1285
Car -1 -1 -4.3019 406.5211 175.3143 448.8445 197.2299 1.4966 1.6244 3.5612 -12.7465 0.8206 50.9822 -4.5460 0.1263
Car -1 -1 -5.7203 384.8825 174.8858 444.1333 197.0736 1.5207 1.6274 3.7364 -13.6165 0.8128 50.5982 -5.9821 0.1253
Car -1 -1 -4.4183 223.1919 183.4779 281.0805 214.4282 1.5437 1.6531 3.9595 -18.7193 1.4572 37.9418 -4.8742 0.0972
Cyclist -1 -1 -6.9855 641.8923 174.1465 672.3837 205.6116 1.7808 0.6681 1.7351 2.8233 1.1545 41.4685 -6.9184 0.0874
Pedestrian -1 -1 -4.3091 751.6073 167.5393 774.6680 222.2296 1.8509 0.6316 0.4965 5.2982 1.2528 24.7125 -4.1006 0.0867
Car -1 -1 -7.5859 434.6079 166.8131 468.4150 191.2191 1.9020 1.6548 4.0502 -12.5972 0.4680 58.0903 -7.7987 0.0851
Cyclist -1 -1 -6.6884 643.0142 173.6311 672.7490 205.5206 1.8030 0.6589 1.5678 2.8419 1.1482 41.2130 -6.6204 0.0791
Car -1 -1 -5.9807 545.6169 178.7180 644.8451 216.2098 1.4868 1.5738 3.8178 -0.5437 1.2293 29.7978 -5.9992 0.0762
Car -1 -1 -6.5500 559.5176 179.3739 651.7646 215.7532 1.4380 1.7172 3.4805 -0.1503 1.2073 29.7102 -6.5555 0.0757
Car -1 -1 -4.4993 229.3842 182.7599 279.9862 214.5564 1.5860 1.6226 3.7826 -18.5697 1.4636 37.8854 -4.9526 0.0692
Cyclist -1 -1 -7.4309 642.4221 175.0885 663.3466 206.0084 1.7580 0.5591 1.7203 2.6005 1.1823 41.7627 -7.3696 0.0667
Car -1 -1 -7.7255 433.1774 166.8450 461.4593 191.4252 1.9163 1.7221 4.0914 -12.9556 0.4842 58.1563 -7.9440 0.0640
Pedestrian -1 -1 -5.5192 638.2064 177.2919 656.5491 207.1662 1.6794 0.6597 0.8119 2.2241 1.2341 40.9323 -5.4658 0.0535
Cyclist -1 -1 -4.6147 641.3829 175.8696 653.5448 206.2950 1.7242 0.5639 1.4665 2.2678 1.1947 41.5058 -4.5609 0.0500
Cyclist -1 -1 -6.6649 639.8386 173.8526 669.5341 206.1031 1.8263 0.6558 1.5696 2.6618 1.1830 41.2654 -6.6014 0.0477
Cyclist -1 -1 -2.7911 620.1699 173.9377 651.5240 205.0948 1.7710 0.6994 1.6703 1.5913 1.1301 41.5013 -2.7534 0.0383
Car -1 -1 -2.9603 395.5304 175.5351 455.1985 197.5460 1.5263 1.5535 3.8666 -12.8621 0.8552 50.7485 -3.2076 0.0363
Cyclist -1 -1 -4.3085 643.3100 175.1072 663.5237 206.2867 1.7658 0.5857 1.6041 2.6175 1.1935 41.5600 -4.2465 0.0360
Cyclist -1 -1 -4.4310 643.8208 175.1427 661.6636 206.5447 1.7733 0.6256 1.5413 2.5695 1.2046 41.4261 -4.3699 0.0269
Car -1 -1 -2.7677 393.1010 175.0920 455.9323 197.3485 1.5493 1.6015 4.0205 -13.0217 0.8448 51.0870 -3.0164 0.0249
Car -1 -1 -5.7668 399.8138 176.4107 452.4102 196.9173 1.3986 1.5659 3.2073 -12.6985 0.7982 50.2077 -6.0136 0.0223
Cyclist -1 -1 -4.6819 642.5148 176.3683 652.2547 205.6392 1.6643 0.5173 1.6786 2.2756 1.1614 41.7301 -4.6283 0.0216
Pedestrian -1 -1 -7.4315 643.7570 177.4293 660.7974 207.0566 1.6754 0.7037 0.8130 2.5215 1.2352 41.1740 -7.3712 0.0211
Cyclist -1 -1 -3.7457 639.6508 175.2536 669.0021 206.2367 1.7573 0.6057 1.6353 2.6581 1.1924 41.4531 -3.6825 0.0183
Car -1 -1 -4.1610 406.7034 173.8483 456.7821 197.0621 1.5838 1.6736 3.8833 -12.4922 0.8084 51.1514 -4.3996 0.0177
Cyclist -1 -1 -8.1649 630.4875 175.6045 649.3707 206.5158 1.7522 0.6425 1.5572 1.8218 1.2075 41.5834 -8.1218 0.0155
Car -1 -1 -7.8565 433.6346 166.3891 456.0148 190.8063 1.8991 1.7037 4.2138 -13.2020 0.4350 58.1550 -8.0790 0.0147
Pedestrian -1 -1 -6.6200 766.5897 157.8329 784.4146 219.1378 1.9432 0.4804 0.4195 5.3305 1.0754 23.0479 -6.3958 0.0120
Car -1 -1 -6.1412 407.6222 174.8614 460.7325 197.0569 1.5278 1.5750 3.4334 -12.1647 0.8152 50.4253 -6.3771 0.0116
Car -1 -1 -6.8414 404.7788 174.7046 471.1061 197.8282 1.5775 1.6361 4.3965 -12.0668 0.8606 51.1759 -7.0721 0.0098
Pedestrian -1 -1 -6.4497 762.3190 156.2339 780.3703 220.4165 2.0328 0.5197 0.4821 5.1945 1.1150 23.0394 -6.2310 0.0072
Car -1 -1 -4.8824 667.7818 175.2124 691.6080 191.3607 1.5443 1.6890 3.9076 7.0419 0.5878 70.7564 -4.7840 0.0046
Pedestrian -1 -1 -4.8513 1021.4617 165.3107 1082.9908 288.6332 1.4869 0.5936 0.4243 5.4812 1.2470 8.9772 -4.3172 0.0045
Car -1 -1 -5.0080 662.9121 175.1432 691.0624 190.9155 1.5076 1.6661 3.9804 6.7786 0.5450 70.8270 -4.9134 0.0038
Car -1 -1 -3.4732 402.8640 175.0593 467.9592 197.7971 1.5487 1.6150 4.1723 -12.1735 0.8571 50.7612 -3.7077 0.0036
Car -1 -1 -4.5340 561.5184 176.8140 585.2708 191.4751 1.4149 1.7084 3.8143 -3.3895 0.6042 71.3746 -4.5817 0.0028
Car -1 -1 -4.7514 559.6002 177.9430 578.0199 192.2485 1.3833 1.6814 3.6405 -3.8977 0.6802 71.4000 -4.8061 0.0023
Car -1 -1 -4.3041 0.0000 179.5842 25.8554 203.9836 1.5479 1.6306 3.6307 -40.3903 1.1908 47.5767 -5.0055 0.0016
Car -1 -1 -6.0208 408.8670 175.3236 471.6483 197.6417 1.5317 1.6468 3.9818 -11.6940 0.8530 50.2268 -6.2487 0.0016
Car -1 -1 -6.5527 408.2892 173.0835 477.5627 197.2845 1.6520 1.6513 4.5013 -11.6700 0.8240 50.8652 -6.7774 0.0007
Car -1 -1 -6.2513 409.3423 173.4303 476.1108 197.3839 1.6397 1.6319 4.4966 -11.5557 0.8331 50.4381 -6.4757 0.0005
Car -1 -1 -5.8831 407.3700 175.5401 474.8958 198.6599 1.5667 1.6368 4.2652 -11.5667 0.9112 49.8870 -6.1101 0.0005
Pedestrian -1 -1 -3.1253 639.7695 176.2436 643.3447 195.6001 1.7806 0.6596 0.3205 3.1151 0.9554 66.4673 -3.0791 0.0004
