Car -1 -1 -8.2707 835.3134 184.9438 1169.8354 373.6878 1.4676 1.6503 3.5384 3.6759 1.6249 7.6214 -7.8374 0.9999
Car -1 -1 -4.1234 0.0000 200.2016 300.4597 374.0000 1.4441 1.6107 3.9495 -4.7408 1.7851 7.0212 -4.7004 0.9999
Car -1 -1 -8.1405 744.4296 180.7316 910.8090 283.2513 1.4756 1.6179 4.1540 3.5691 1.6379 12.8009 -7.8756 0.9998
Car -1 -1 -4.4395 359.8211 186.8123 473.9937 255.9341 1.4322 1.6355 4.2179 -4.6849 1.8199 17.9335 -4.6921 0.9998
Car -1 -1 -4.3509 234.9113 189.3435 420.2220 296.0336 1.4794 1.6769 3.9014 -4.7243 1.8111 12.5678 -4.7043 0.9998
Car -1 -1 -4.5401 496.8875 178.2957 541.9011 213.4510 1.5385 1.5386 3.3705 -4.2381 1.8063 33.8287 -4.6643 0.9994
Car -1 -1 -8.0346 716.3817 178.3783 812.6237 248.5691 1.5300 1.6167 3.9460 3.6764 1.6829 18.0265 -7.8375 0.9992
Car -1 -1 -7.9851 704.0007 177.9030 769.4905 229.7429 1.5250 1.5981 3.6864 3.9883 1.7020 23.4598 -7.8195 0.9989
Car -1 -1 -4.5774 517.0784 177.3639 554.9680 206.9712 1.4842 1.5385 3.6545 -3.9476 1.7367 38.5875 -4.6791 0.9784
Car -1 -1 -8.0026 688.4289 176.9223 743.9345 217.6397 1.4992 1.6158 3.9060 4.1363 1.6730 28.9186 -7.8626 0.9723
Car -1 -1 -8.1573 953.1931 171.4465 1012.9587 203.9399 1.4704 1.5413 3.5068 17.7252 1.4064 34.5092 -7.6866 0.8811
Car -1 -1 -8.5894 1114.3695 174.7765 1241.0000 222.6440 1.4219 1.3965 3.3356 18.1835 1.4882 23.2885 -7.9329 0.8772
Car -1 -1 -8.0073 688.4221 176.8141 744.2067 217.9834 1.5156 1.6026 3.9572 4.1428 1.6850 28.9344 -7.8672 0.8401
Car -1 -1 -4.5207 517.9938 177.3054 558.9681 206.7676 1.4779 1.5230 3.6129 -3.8185 1.7275 38.6291 -4.6190 0.8110
Car -1 -1 -8.8395 1108.7717 191.8756 1241.0000 374.0000 1.5053 1.6162 3.8914 3.7941 1.6201 2.3959 -7.8868 0.8086
Car -1 -1 -8.6804 1123.3818 192.3477 1241.0000 374.0000 1.5125 1.6216 3.9520 3.5679 1.6286 2.2491 -7.7303 0.7772
Car -1 -1 -4.5430 514.2341 177.3934 556.3310 207.6580 1.5133 1.6094 3.9067 -3.9888 1.7689 38.6814 -4.6456 0.7562
Car -1 -1 -8.5853 1115.6567 174.8670 1238.9677 221.0096 1.3757 1.3983 3.0932 18.1021 1.4447 23.2461 -7.9301 0.7471
Car -1 -1 -8.9991 1095.8241 186.5577 1241.0000 374.0000 1.5212 1.6256 3.8458 4.0100 1.6087 2.5752 -8.0506 0.7263
Car -1 -1 -4.4432 362.7361 186.1078 472.4135 255.6422 1.4442 1.5729 4.0195 -4.6412 1.8076 17.7795 -4.6956 0.7202
Car -1 -1 -8.2314 950.8157 171.2568 1013.7279 204.1091 1.4846 1.5525 3.2469 17.5797 1.4122 34.2955 -7.7616 0.7070
Car -1 -1 -4.5813 514.2596 176.8281 553.7170 207.6028 1.5372 1.6185 3.7028 -4.0338 1.7587 38.3979 -4.6857 0.6675
Car -1 -1 -8.1021 958.6455 170.1379 1015.2647 203.8636 1.5185 1.5806 3.3968 17.8172 1.3959 34.3208 -7.6271 0.6647
Car -1 -1 -8.0831 957.8262 170.5335 1014.1197 203.7542 1.4991 1.5638 3.7181 17.8856 1.3941 34.5527 -7.6092 0.6489
Car -1 -1 -8.7131 1107.5432 205.3661 1241.0000 374.0000 1.4278 1.5252 3.3653 3.6547 1.6239 2.6523 -7.8223 0.6314
Car -1 -1 -8.5920 1106.3672 175.0380 1241.0000 222.9181 1.4259 1.4583 3.4978 18.1240 1.5021 23.4586 -7.9406 0.5849
Pedestrian -1 -1 -6.1677 677.4937 171.7884 688.8409 193.9934 1.8882 0.4805 0.9166 6.2320 1.7973 61.6874 -6.0679 0.5733
Car -1 -1 -8.2659 944.9797 170.6727 1011.9167 203.7695 1.4990 1.5545 3.5080 17.4787 1.3999 34.4721 -7.8004 0.5317
Car -1 -1 -7.8809 693.3003 176.8984 731.1135 210.5886 1.5007 1.6746 3.9233 4.8169 1.7062 34.6725 -7.7446 0.5116
Car -1 -1 -5.4697 1122.3110 172.9228 1241.0000 221.3781 1.4343 1.5286 3.1283 18.2388 1.4363 22.9910 -4.8056 0.4938
Car -1 -1 -4.6899 694.0840 177.3779 729.6592 210.3946 1.4619 1.5900 3.3620 4.8212 1.6874 34.2239 -4.5517 0.4723
Car -1 -1 -7.9778 965.8073 170.1486 1013.8463 203.4776 1.4998 1.5746 3.5817 18.0145 1.3778 34.4229 -7.4995 0.4619
Car -1 -1 -6.9615 960.0819 166.0284 1099.6560 212.2411 1.5677 1.7259 4.1309 14.8331 1.3359 25.6574 -6.4426 0.4502
Car -1 -1 -5.4127 1093.7537 172.8941 1241.0000 220.3096 1.4242 1.6125 4.2379 18.2419 1.4254 23.8353 -4.7657 0.4494
Car -1 -1 -7.7611 693.6611 176.9007 735.5635 210.5802 1.4956 1.6530 3.7323 5.0124 1.7002 34.5303 -7.6187 0.4187
Car -1 -1 -8.7146 1127.0249 157.8562 1241.0000 233.2804 1.6550 1.7079 3.7124 15.0682 1.3256 17.8048 -8.0206 0.3398
Car -1 -1 -5.3686 956.7114 166.3554 1071.3976 215.8695 1.5726 1.6411 3.4629 13.6900 1.3659 24.7554 -4.8688 0.3388
Car -1 -1 -5.3973 949.3864 166.3087 1075.0460 215.6887 1.5765 1.7889 3.8036 13.7802 1.3672 25.0703 -4.9000 0.3260
Car -1 -1 -7.6488 692.3692 177.0020 741.9706 210.4034 1.4755 1.6489 3.5614 5.1032 1.6837 34.3143 -7.5029 0.2902
Car -1 -1 -8.6692 1083.1324 156.3928 1241.0000 232.0067 1.7231 1.7255 4.4991 14.8463 1.3477 18.7980 -8.0086 0.2505
Car -1 -1 -5.6866 1160.5114 157.2561 1241.0000 237.2388 1.6275 1.5777 3.6242 15.0410 1.3098 16.6323 -4.9605 0.1937
Car -1 -1 -7.5183 690.6289 176.6698 749.7977 210.7033 1.5010 1.6605 3.7001 5.2492 1.6928 34.2996 -7.3683 0.1786
Car -1 -1 -5.7317 1146.9824 157.4387 1241.0000 237.2125 1.6413 1.7631 4.0882 15.3469 1.3239 17.0578 -5.0079 0.1693
Car -1 -1 -8.4021 948.2628 167.2236 1059.5299 214.0612 1.5338 1.7634 3.6917 13.7486 1.3491 25.5228 -7.9132 0.1647
Car -1 -1 -8.6655 1124.6238 160.9169 1241.0000 233.8134 1.6207 1.8205 3.9098 15.2946 1.3550 18.0900 -7.9719 0.1631
Car -1 -1 -4.5613 86.6340 205.6834 214.0374 300.7939 1.3810 1.4873 3.4527 -8.5865 2.0875 13.6543 -5.1142 0.1630
Car -1 -1 -7.2933 1158.1797 154.6484 1241.0000 236.3080 1.5390 1.6622 3.9706 13.6298 1.1956 14.9474 -6.5640 0.1576
Car -1 -1 -5.7590 1161.1006 154.0373 1241.0000 236.5640 1.6518 1.6264 3.9383 15.2211 1.2749 16.5657 -5.0249 0.1504
Pedestrian -1 -1 -6.4134 677.9182 172.2885 687.0173 194.0407 1.8564 0.6208 0.7010 6.1906 1.8078 61.8988 -6.3146 0.1383
Car -1 -1 -7.1053 958.3627 167.1073 1089.7562 212.4375 1.5352 1.7084 4.1874 14.7919 1.3403 25.8854 -6.5914 0.1378
Car -1 -1 -5.5326 954.6917 165.7581 1093.8263 215.8652 1.5666 1.8278 3.9216 13.9836 1.3444 24.7046 -5.0230 0.1303
Car -1 -1 -4.5340 483.1104 167.7536 511.3484 189.3732 1.6048 1.5482 3.4687 -8.6398 1.2259 55.3128 -4.6885 0.1242
Car -1 -1 -7.7575 480.4414 169.2514 505.7091 190.4018 1.5685 1.5765 3.5748 -8.9647 1.3011 55.3440 -7.9176 0.1214
Pedestrian -1 -1 -6.0627 470.3887 173.1637 483.3974 203.9898 1.7110 0.6808 0.5820 -7.4887 1.7282 40.4069 -6.2451 0.1208
Car -1 -1 -8.2023 1089.8206 159.3264 1241.0000 234.0128 1.5121 1.6983 3.5712 12.5622 1.2379 16.5622 -7.5622 0.1080
Car -1 -1 -5.4349 960.3933 168.6954 1084.5992 216.3275 1.4754 1.4665 3.8076 13.7358 1.3463 24.3659 -4.9271 0.1071
Car -1 -1 -4.7994 693.7050 176.9762 731.9701 211.9346 1.5014 1.4249 3.5356 4.6443 1.7011 33.2148 -4.6622 0.0957
Car -1 -1 -5.5023 962.2841 168.2733 1108.6619 218.0538 1.5149 1.6439 4.3007 14.0637 1.3752 24.2490 -4.9824 0.0935
Car -1 -1 -5.7813 1167.6989 157.5035 1241.0000 241.0146 1.6332 1.6667 4.1579 15.3539 1.3327 16.3468 -5.0365 0.0914
Car -1 -1 -4.6078 103.7375 204.7330 215.9760 296.8912 1.3778 1.4492 3.4265 -8.6008 2.0752 13.9320 -5.1528 0.0908
Car -1 -1 -5.8756 1165.8789 154.1291 1241.0000 237.4967 1.6601 1.7142 4.0836 15.5058 1.2869 16.5815 -5.1328 0.0868
Car -1 -1 -7.0265 685.5386 176.3675 763.7008 210.3957 1.5105 1.5934 3.4797 5.3749 1.6836 33.9927 -6.8715 0.0849
Car -1 -1 -6.8017 686.9389 176.7092 767.0339 210.2144 1.4958 1.5428 3.3896 5.4378 1.6834 33.8366 -6.6443 0.0845
Car -1 -1 -5.4348 961.1119 167.5757 1089.8220 216.3811 1.5109 1.5791 3.8769 13.8469 1.3472 24.3978 -4.9242 0.0791
Car -1 -1 -8.0753 1088.6138 161.2868 1212.1232 233.1801 1.4850 1.5004 3.5972 12.4026 1.2458 16.8528 -7.4495 0.0774
Pedestrian -1 -1 -5.7201 470.1402 174.2728 485.4143 204.1714 1.6626 0.7027 0.5563 -7.4738 1.7430 40.5935 -5.9015 0.0710
Car -1 -1 -4.6700 114.7029 205.8796 216.0377 300.6637 1.3730 1.4435 3.4909 -8.3267 2.0829 13.6390 -5.2098 0.0668
Car -1 -1 -4.6657 690.0410 176.8106 724.9756 212.6927 1.5370 1.4380 3.4896 4.4776 1.7286 33.1584 -4.5332 0.0655
Car -1 -1 -8.6578 1104.9774 159.4738 1241.0000 231.8897 1.6491 1.7247 3.9778 15.0404 1.3441 18.5151 -7.9837 0.0645
Pedestrian -1 -1 -5.9433 466.4252 172.7442 481.7812 204.3665 1.7516 0.7122 0.6441 -7.6375 1.7453 40.3689 -6.1295 0.0597
Car -1 -1 -7.0890 962.9303 169.2935 1097.6188 214.4651 1.5251 1.6899 4.2622 14.9454 1.4046 25.7721 -6.5688 0.0544
Pedestrian -1 -1 -2.6809 658.5402 171.8138 666.4466 193.4732 1.9034 0.5279 0.5164 4.6164 1.8117 63.7657 -2.6093 0.0537
Car -1 -1 -5.1439 1118.9832 156.7745 1241.0000 236.3714 1.5266 1.6736 3.8846 12.9980 1.2179 15.9250 -4.4687 0.0485
Car -1 -1 -3.9401 948.7486 171.6202 1039.9470 202.4569 1.3945 1.6452 3.7564 18.0525 1.3384 33.9917 -3.4557 0.0425
Car -1 -1 -4.9743 765.8648 178.0017 802.8929 201.2294 1.4539 1.4700 3.6845 11.4847 1.8082 47.8504 -4.7406 0.0397
Car -1 -1 -6.8325 961.6199 166.2686 1107.4835 212.0827 1.5534 1.7572 4.1189 14.8139 1.3298 25.3974 -6.3098 0.0393
Car -1 -1 -5.0126 771.3666 179.2481 812.0701 202.6991 1.4356 1.4817 3.9053 11.8126 1.8717 47.2496 -4.7696 0.0370
Car -1 -1 -6.6656 688.8076 177.2614 769.9703 211.1517 1.5155 1.5097 3.4192 5.5092 1.7277 33.6692 -6.5054 0.0334
Car -1 -1 -4.8268 774.8006 178.2101 804.7999 201.1124 1.4273 1.4959 3.7653 11.8489 1.7967 47.8456 -4.5859 0.0324
Car -1 -1 -4.0346 955.7830 170.8531 1049.9047 203.6748 1.4726 1.6444 4.1758 18.4417 1.3825 33.9416 -3.5409 0.0307
Car -1 -1 -4.1587 1054.8362 170.3103 1132.2123 199.9660 1.4663 1.6061 3.7219 24.8809 1.3402 37.1835 -3.5729 0.0307
Car -1 -1 -3.4694 1039.7325 170.0000 1133.9664 199.5595 1.5009 1.6214 3.8063 24.9217 1.3557 37.8931 -2.8915 0.0298
Car -1 -1 -8.2059 1117.7566 157.8249 1241.0000 235.4393 1.5222 1.6482 3.7759 12.9922 1.2272 16.2018 -7.5391 0.0285
Car -1 -1 -7.8663 1112.9689 155.2046 1213.1243 235.7882 1.6624 1.6948 3.9004 12.8478 1.2980 16.9613 -7.2267 0.0238
Car -1 -1 -9.0457 1039.4242 169.4825 1128.5104 200.8334 1.5855 1.6491 3.6133 25.1514 1.4147 38.4416 -8.4701 0.0231
Car -1 -1 -7.1994 1165.3173 157.5215 1241.0000 232.2269 1.7136 1.7140 3.7842 16.0024 1.3616 17.7513 -6.4743 0.0214
Car -1 -1 -6.4860 689.9222 177.5919 771.5456 211.2670 1.5095 1.5364 3.4863 5.5108 1.7341 33.4184 -6.3246 0.0189
Car -1 -1 -3.7689 956.0603 171.4391 1061.1998 203.3823 1.4422 1.5337 4.1905 18.4890 1.3781 33.6063 -3.2700 0.0149
Car -1 -1 -6.9159 1046.0939 169.0040 1130.6639 197.5804 1.4560 1.6088 3.3855 24.8840 1.2595 37.6547 -6.3357 0.0141
Car -1 -1 -5.2755 1059.8528 169.8786 1130.5913 199.5602 1.5192 1.5417 3.4232 25.8751 1.3666 38.6602 -4.6895 0.0138
Car -1 -1 -3.8623 1102.2416 182.8906 1241.0000 374.0000 1.4946 1.5787 4.0699 4.7994 1.5562 3.2496 -2.9285 0.0122
Car -1 -1 -5.7238 1047.5586 169.4278 1130.4890 199.1233 1.5092 1.5629 3.3697 25.4708 1.3348 38.5283 -5.1435 0.0115
Car -1 -1 -4.0438 1082.6646 194.5695 1241.0000 374.0000 1.4431 1.5706 3.8533 4.6905 1.5739 3.5380 -3.1592 0.0112
Car -1 -1 -7.5839 1057.2827 160.7251 1138.6090 202.1753 1.5270 1.6751 3.9990 19.2806 1.0799 28.5209 -6.9945 0.0072
Car -1 -1 -4.7466 691.6008 176.2236 731.2188 213.7807 1.5311 1.5683 4.6293 4.4210 1.6924 32.2234 -4.6121 0.0072
Car -1 -1 -4.3331 1114.8239 178.5386 1241.0000 374.0000 1.5167 1.5702 4.2403 5.0813 1.5597 4.0629 -3.4721 0.0041
Pedestrian -1 -1 -3.5833 788.0182 157.9191 797.7176 197.5843 2.1518 0.5862 0.2898 9.9606 1.3413 39.4584 -3.3382 0.0040
Car -1 -1 -7.3870 264.2981 153.7723 318.9107 187.8864 2.2413 1.7309 4.1748 -21.8138 0.9873 49.5363 -7.8000 0.0032
Car -1 -1 -7.1904 248.5730 148.6268 315.3678 184.4000 2.3509 1.8164 4.4840 -22.5857 0.7585 49.8097 -7.6142 0.0028
Car -1 -1 -7.2898 241.4945 147.0988 304.4158 184.6508 2.4651 1.7271 4.6118 -23.1831 0.7741 49.7648 -7.7238 0.0020
