Car -1 -1 -4.1702 193.4022 186.2848 259.5579 222.8368 1.6379 1.4987 2.9950 -18.5781 2.3178 35.0006 -4.6554 0.9187
Car -1 -1 -4.1750 193.5826 187.9093 256.9018 222.1756 1.5329 1.5202 2.7218 -18.5958 2.2901 34.9048 -4.6616 0.8398
Car -1 -1 -4.1603 192.9135 185.6409 265.7170 223.2497 1.6780 1.5051 3.5419 -18.5520 2.3346 35.2496 -4.6420 0.8175
Car -1 -1 -4.5777 449.3430 178.5120 491.9755 209.1293 1.4464 1.6516 3.6179 -7.0572 1.7477 36.6208 -4.7672 0.6146
Car -1 -1 -4.3812 274.5091 185.5976 329.1640 216.9488 1.4297 1.6460 2.8176 -15.1708 2.0832 35.5562 -4.7821 0.6110
Car -1 -1 -4.2040 189.7095 185.4741 265.0727 223.0982 1.6782 1.6138 3.7950 -18.7066 2.3303 35.3860 -4.6875 0.5505
Car -1 -1 -4.4257 275.0154 184.3667 331.7674 216.3912 1.4598 1.6563 3.6048 -15.3186 2.0661 36.1291 -4.8244 0.5301
Car -1 -1 -4.5975 276.7110 185.4900 320.4453 217.3814 1.4368 1.6144 3.3183 -15.4246 2.0949 35.7718 -5.0022 0.4434
Car -1 -1 -4.3562 276.6087 183.8227 336.2722 215.9068 1.4711 1.6272 3.4936 -15.1439 2.0462 36.0751 -4.7514 0.4265
Car -1 -1 -7.6510 274.1692 186.0586 326.0625 217.7268 1.4255 1.6346 3.9128 -15.5522 2.1274 36.2928 -8.0535 0.3577
Car -1 -1 -4.5570 446.7652 179.1579 489.5558 209.6276 1.4282 1.6309 3.1489 -7.0865 1.7571 36.0870 -4.7499 0.2691
Car -1 -1 -5.2952 249.2715 185.1918 327.8693 217.0425 1.4441 1.6179 4.0313 -16.0342 2.0871 35.8530 -5.7133 0.2105
Car -1 -1 -5.6727 258.2589 186.8787 344.7441 217.9839 1.4198 1.6555 3.5759 -15.0555 2.1263 35.1792 -6.0747 0.1611
Car -1 -1 -4.7106 276.9801 185.1363 314.1035 217.2489 1.4474 1.6306 4.1920 -15.9264 2.1064 36.4872 -5.1198 0.1430
Car -1 -1 -5.6312 253.1845 185.5109 333.8247 216.9152 1.4520 1.5998 3.3502 -15.5844 2.0948 35.4848 -6.0426 0.1323
Car -1 -1 -4.6093 267.4601 185.8737 314.1922 217.9711 1.4140 1.7282 3.5554 -15.6058 2.0865 35.3305 -5.0228 0.1316
Car -1 -1 -7.3476 278.1691 184.7640 343.3137 216.2596 1.4390 1.5754 3.3481 -14.9199 2.0627 36.0473 -7.7378 0.1140
Car -1 -1 -4.6842 446.7426 179.2910 481.9561 210.8610 1.4734 1.6371 3.5302 -7.3257 1.8139 36.3195 -4.8823 0.1041
Car -1 -1 -4.3391 275.8535 183.9827 341.6583 216.5073 1.4818 1.6095 4.2891 -15.1838 2.0779 36.5086 -4.7310 0.0968
Car -1 -1 -4.4807 524.4590 176.8743 551.0690 193.4971 1.4664 1.5809 3.9679 -6.6671 1.8494 66.7238 -4.5802 0.0904
Car -1 -1 -2.8713 405.2710 180.3830 490.7805 210.4676 1.4316 1.5945 3.8391 -8.0076 1.8129 35.6756 -3.0910 0.0899
Car -1 -1 -2.6334 94.3183 187.6253 216.5246 228.0569 1.5034 1.6867 3.7297 -17.8875 2.1046 28.4467 -3.1908 0.0890
Car -1 -1 -4.3214 525.1256 176.6973 557.8193 193.7395 1.4998 1.5802 4.0579 -6.3126 1.8660 66.6480 -4.4158 0.0859
Car -1 -1 -5.6042 255.5327 184.0366 339.5180 215.7228 1.4793 1.5836 3.6416 -15.5377 2.0536 35.8220 -6.0111 0.0805
Car -1 -1 -4.5956 447.4782 178.9378 489.3153 209.6912 1.4477 1.6492 3.8617 -7.1925 1.7740 36.7404 -4.7880 0.0770
Car -1 -1 -4.7492 732.6653 170.1595 755.6174 190.9333 1.5653 1.6087 3.9733 10.4336 1.3620 56.4489 -4.5677 0.0766
Car -1 -1 -5.8203 252.8450 186.1544 332.4951 216.6120 1.4184 1.5594 3.1996 -15.4892 2.0831 35.2140 -6.2323 0.0761
Car -1 -1 -3.0332 436.0662 180.0118 513.2194 209.3583 1.3976 1.7123 3.6018 -6.7102 1.7627 35.8370 -3.2175 0.0742
Car -1 -1 -7.4526 738.1878 170.0554 780.6257 191.3280 1.5877 1.6994 4.2795 11.6251 1.3785 56.0947 -7.2496 0.0733
Car -1 -1 -2.4714 99.8690 188.4072 217.3535 228.2122 1.4808 1.6763 3.7339 -17.9535 2.1219 28.7075 -3.0263 0.0721
Car -1 -1 -2.8959 418.1666 180.1393 496.3942 209.6480 1.4056 1.5589 3.5058 -7.5438 1.7736 35.6327 -3.1035 0.0668
Car -1 -1 -5.8350 260.8346 186.0527 350.4523 216.0755 1.3973 1.7489 3.6550 -14.9238 2.0622 35.3985 -6.2317 0.0649
Car -1 -1 -5.1151 665.3101 177.0428 711.7521 201.1087 1.4024 1.4935 3.7770 4.7875 1.6738 44.7759 -5.0098 0.0648
Car -1 -1 -4.5436 450.8034 178.7300 496.4410 209.2699 1.4437 1.6645 3.8210 -6.9293 1.7585 36.7728 -4.7290 0.0625
Car -1 -1 -7.4078 142.8394 187.0425 238.6640 227.5692 1.4582 1.7684 4.1385 -17.0908 2.0814 29.5811 -7.9281 0.0602
Car -1 -1 -4.7311 525.9211 176.9195 544.1876 193.6493 1.4760 1.6018 3.9703 -6.9763 1.8633 66.7298 -4.8352 0.0565
Car -1 -1 -2.3243 106.0218 188.3846 218.7201 228.3932 1.4761 1.7061 3.8099 -17.9922 2.1279 28.9709 -2.8762 0.0510
Car -1 -1 -7.6031 738.2220 170.1469 772.6288 191.3423 1.5853 1.6536 4.1538 11.3344 1.3825 56.1956 -7.4054 0.0494
Car -1 -1 -7.7404 737.8100 169.8586 765.0286 190.7330 1.5672 1.6433 4.0615 11.0494 1.3420 56.3541 -7.5481 0.0488
Car -1 -1 -7.2875 110.7087 186.5044 217.6003 228.9797 1.4443 1.6904 3.8231 -17.0220 2.0046 27.7016 -7.8345 0.0474
Car -1 -1 -2.1831 115.2334 188.2791 220.5596 228.5428 1.4803 1.6954 3.9396 -17.9920 2.1396 29.2904 -2.7302 0.0467
Car -1 -1 -7.3999 120.8940 187.6633 229.6598 230.4966 1.4599 1.8768 4.5015 -17.0507 2.0925 28.5160 -7.9349 0.0462
Car -1 -1 -2.7783 401.6905 180.1871 493.6858 210.9574 1.4648 1.6296 4.1689 -8.1011 1.8414 35.9781 -2.9987 0.0448
Car -1 -1 -7.9183 736.1306 169.9774 761.0698 190.9307 1.5771 1.6458 4.0584 10.7743 1.3603 56.4245 -7.7309 0.0443
Car -1 -1 -2.9271 402.0911 179.3987 492.8123 210.0372 1.4581 1.5596 4.1128 -7.9811 1.7867 35.4684 -3.1473 0.0427
Car -1 -1 -5.1237 667.0635 180.0086 719.8953 204.9096 1.3971 1.6613 4.1635 4.9917 1.8553 44.0017 -5.0120 0.0422
Car -1 -1 -5.5962 239.1347 186.5358 328.7617 216.8894 1.3925 1.5209 3.9503 -16.0595 2.0887 35.4792 -6.0188 0.0382
Car -1 -1 -4.7798 666.6078 175.4871 694.9369 201.1046 1.5650 1.5601 3.5556 4.4671 1.7400 46.2484 -4.6846 0.0358
Car -1 -1 -4.7415 670.2751 176.3187 696.3752 201.1184 1.5155 1.5562 3.6624 4.6576 1.7475 46.4990 -4.6427 0.0337
Car -1 -1 -7.4597 160.4797 185.8213 243.3723 225.2144 1.4660 1.6480 3.8641 -17.0037 2.0445 30.1924 -7.9691 0.0337
Car -1 -1 -2.3610 236.1786 185.7691 328.1239 218.3865 1.4938 1.5800 4.2691 -16.2631 2.1591 35.7029 -2.7859 0.0326
Car -1 -1 -5.6671 409.5661 179.2349 493.8415 209.6469 1.4365 1.5794 3.9425 -7.9851 1.7696 36.2038 -5.8831 0.0319
Car -1 -1 -2.7297 65.5515 188.3264 199.3329 228.9338 1.4150 1.6620 3.8563 -17.9097 2.0213 27.1504 -3.3085 0.0306
Car -1 -1 -2.8338 54.3374 188.8256 194.3071 230.7921 1.4251 1.6272 4.0161 -17.9904 2.0487 26.8512 -3.4197 0.0301
Car -1 -1 -2.6003 70.6471 187.7186 204.2456 227.7865 1.4366 1.7248 3.9353 -17.9611 2.0217 27.4864 -3.1749 0.0298
Car -1 -1 -8.0468 723.2792 170.0698 753.9302 191.0531 1.5830 1.6138 3.9963 9.9911 1.3727 56.4466 -7.8728 0.0296
Car -1 -1 -4.8079 444.0420 179.5596 484.6131 210.2381 1.4301 1.6324 4.1766 -7.5282 1.7930 36.8471 -5.0085 0.0286
Car -1 -1 -2.5763 239.3801 186.3246 328.9482 217.6813 1.4424 1.5173 3.7405 -15.8540 2.1161 35.0837 -2.9982 0.0257
Car -1 -1 -2.4796 241.7099 187.1614 325.0613 217.7921 1.4034 1.4531 3.5727 -15.9773 2.1243 35.2425 -2.9027 0.0253
Car -1 -1 -4.9926 516.5245 177.2577 545.1826 194.0268 1.4708 1.5947 3.9412 -7.3491 1.8895 66.5263 -5.1025 0.0224
Car -1 -1 -8.6011 664.6059 179.8245 724.3708 202.9554 1.3296 1.6017 3.6618 5.1462 1.7791 44.6015 -8.4874 0.0203
Car -1 -1 -2.4229 139.6918 188.4257 250.0864 223.9240 1.4212 1.7165 4.0043 -17.9663 2.1213 31.2127 -2.9418 0.0202
Car -1 -1 -2.2939 149.8086 187.5933 249.6336 223.3091 1.4301 1.7015 3.8036 -17.9387 2.1023 31.4944 -2.8083 0.0200
Car -1 -1 -4.9747 670.3963 178.7901 715.1740 203.5131 1.3916 1.6706 4.1433 4.9339 1.7698 43.8316 -4.8639 0.0196
Car -1 -1 -5.9913 403.1172 179.4799 491.5545 209.7878 1.4461 1.6158 3.9829 -8.0678 1.7831 35.7883 -6.2119 0.0196
Pedestrian -1 -1 -3.0054 170.6160 184.7543 187.0484 212.4703 1.8814 0.6767 0.8911 -29.8338 2.7118 49.8816 -3.5423 0.0194
Car -1 -1 -4.1359 120.7359 187.6979 221.8737 229.6886 1.4296 1.5918 3.6177 -16.7622 2.0369 27.7000 -4.6761 0.0170
Car -1 -1 -5.0381 427.8736 180.5458 487.0215 211.4911 1.4377 1.6688 4.2910 -7.9042 1.8552 36.9227 -5.2480 0.0168
Car -1 -1 -7.4575 166.5339 187.1466 244.2366 224.8615 1.4077 1.5680 3.5720 -16.8807 2.0426 30.2035 -7.9636 0.0140
Car -1 -1 -5.6692 247.0975 186.2559 335.4927 217.5255 1.4209 1.5659 3.6829 -15.4283 2.0898 34.8924 -6.0830 0.0135
Car -1 -1 -4.7752 671.3162 177.3004 705.0692 203.2713 1.4685 1.7542 4.2334 4.6486 1.7507 43.6880 -4.6704 0.0115
Car -1 -1 -4.7158 672.7979 176.5296 699.3098 200.9513 1.4849 1.6291 4.0629 4.8650 1.7327 46.6069 -4.6129 0.0100
Car -1 -1 -7.0840 913.5417 173.4850 983.4891 198.5482 1.4843 1.5845 3.9538 20.7237 1.5239 44.2504 -6.6490 0.0096
Car -1 -1 -7.6905 928.6420 172.1380 969.7763 197.3577 1.4701 1.6519 4.0754 20.7828 1.4281 44.2086 -7.2540 0.0096
Car -1 -1 -6.9271 916.3027 173.6723 989.4369 198.0690 1.4460 1.5668 3.8658 20.8561 1.4970 44.0040 -6.4874 0.0091
Car -1 -1 -7.6761 921.8488 172.4782 965.6652 198.2645 1.5142 1.7081 4.4949 20.6843 1.4919 44.7030 -7.2456 0.0087
Car -1 -1 -6.8806 930.2769 172.4208 1011.3254 198.3333 1.4995 1.6526 4.0871 21.3622 1.4741 42.8530 -6.4212 0.0083
Cyclist -1 -1 -7.1019 933.4080 169.4318 966.7991 207.4586 1.8452 0.5173 1.6314 16.7207 1.6788 35.5560 -6.6660 0.0082
Car -1 -1 -4.8203 665.9033 176.3378 695.9243 201.8078 1.5623 1.5308 3.6888 4.5099 1.7960 46.6190 -4.7249 0.0081
Car -1 -1 -6.9399 926.1536 171.2003 1002.0515 197.1700 1.5119 1.6861 3.8586 21.1541 1.4153 43.2240 -6.4877 0.0078
Car -1 -1 -7.2995 913.9584 172.7618 982.8514 199.2238 1.5668 1.7307 4.5624 20.9534 1.5610 44.6968 -6.8640 0.0078
Car -1 -1 -7.0641 924.0017 172.7337 996.0095 197.5741 1.4528 1.6465 3.8897 21.1134 1.4455 43.6133 -6.6162 0.0070
Pedestrian -1 -1 -6.3120 174.0558 186.4706 191.1245 213.0528 1.7984 0.6603 0.9984 -29.6019 2.7504 49.9192 -6.8452 0.0065
Cyclist -1 -1 -7.6253 939.0760 171.4827 957.2610 208.1646 1.7620 0.4713 1.5712 16.5676 1.6958 35.4233 -7.1914 0.0057
Car -1 -1 -7.7387 918.9108 173.3289 957.9944 201.3786 1.6442 1.7013 4.6290 20.3999 1.6749 44.7983 -7.3143 0.0054
Pedestrian -1 -1 -4.1250 983.4219 172.9411 1008.7086 216.6277 1.8590 0.5705 0.8850 16.6323 1.8625 31.1668 -3.6393 0.0043
Pedestrian -1 -1 -6.4769 939.8615 163.8752 959.0400 207.7623 2.1276 0.8932 0.6906 16.6517 1.6920 35.4955 -6.0419 0.0038
Pedestrian -1 -1 -5.6673 468.4132 175.6243 487.1631 211.7227 1.6748 0.5621 0.6649 -6.2574 1.8063 33.9316 -5.8487 0.0032
Pedestrian -1 -1 -6.2956 938.4433 165.1344 952.1051 207.5916 2.0546 0.8687 0.5932 16.4199 1.6808 35.4348 -5.8653 0.0027
Car -1 -1 -5.7947 217.2527 187.3597 322.4327 219.1237 1.4714 1.7172 4.3574 -16.6165 2.1997 35.2761 -6.2323 0.0014
Cyclist -1 -1 -2.2686 0.0000 185.2831 0.0000 251.4880 1.6853 0.7043 1.7024 -17.2171 2.0207 19.0152 -2.9975 0.0010
Cyclist -1 -1 -4.9982 1057.7461 168.4688 1099.8390 235.9231 1.6104 0.5196 1.2969 11.5723 1.5054 17.9214 -4.4328 0.0010
Cyclist -1 -1 -3.8541 1048.4425 164.8084 1124.1417 243.8455 1.9121 0.5764 1.5756 11.7229 1.7172 17.8507 -3.2812 0.0007
Pedestrian -1 -1 -7.6299 1072.1099 164.0990 1109.8208 241.5081 1.8555 0.6253 0.7651 11.8054 1.6453 17.7857 -7.0521 0.0006
Pedestrian -1 -1 -7.9055 1067.1069 173.3967 1096.6174 238.4569 1.5648 0.5698 0.6373 11.5671 1.5782 17.7791 -7.3368 0.0006
Cyclist -1 -1 -4.7834 1073.2972 164.6829 1104.3278 249.4558 2.0003 0.5087 1.6131 11.7794 1.8072 17.8548 -4.2084 0.0005
Cyclist -1 -1 -4.0163 1055.6715 166.7656 1128.6530 245.4267 1.8864 0.5747 1.6641 11.8556 1.7401 17.8207 -3.4375 0.0004
Cyclist -1 -1 -4.0294 1067.1378 167.7478 1136.0178 248.9454 1.9484 0.5348 1.5829 12.0767 1.8255 17.8029 -3.4417 0.0004
Cyclist -1 -1 -4.0895 1055.6638 168.2981 1118.9185 248.6641 1.9509 0.5122 1.5649 11.8838 1.8400 18.0394 -3.5152 0.0003
Pedestrian -1 -1 -7.7629 787.6912 169.4248 798.7125 197.7242 1.9431 0.6870 0.6253 12.6528 1.7074 49.9522 -7.5166 0.0001
