Car -1 -1 -7.1607 709.7324 191.7289 840.6079 253.5293 1.4650 1.6138 3.5747 4.5447 2.0304 19.8924 -6.9403 0.9996
Car -1 -1 -7.1482 707.1473 193.0289 845.5254 255.0290 1.4615 1.6866 3.7974 4.6057 2.0712 20.0025 -6.9262 0.8892
Car -1 -1 -7.1385 712.9772 190.4134 841.0833 253.7202 1.5138 1.5126 3.4957 4.5730 2.0355 19.8083 -6.9158 0.6743
Car -1 -1 -4.6507 478.6436 161.5212 509.5646 189.5551 1.7070 1.6784 4.5767 -7.4190 1.0166 46.2923 -4.8090 0.3687
Car -1 -1 -4.5678 477.2368 164.1245 514.2155 192.3702 1.7119 1.7434 4.1060 -7.2340 1.1825 45.7939 -4.7239 0.3377
Car -1 -1 -7.8777 574.9200 165.6022 633.0599 233.0488 2.1614 1.8667 4.7933 -0.3289 1.9287 25.5521 -7.8913 0.1598
Car -1 -1 -7.8471 477.9744 157.6451 504.0577 184.2322 1.7635 1.7120 3.9662 -8.2531 0.7544 49.9512 -8.0102 0.1070
Car -1 -1 -7.9199 473.9333 157.6073 502.8648 183.5371 1.7160 1.7102 3.9626 -8.4720 0.7067 49.8760 -8.0875 0.1067
Car -1 -1 -4.6390 475.4953 164.0005 510.3686 193.5381 1.7662 1.8661 4.0363 -7.3235 1.2365 45.2365 -4.7989 0.1003
Car -1 -1 -7.7672 479.2255 158.8275 508.3838 185.9088 1.7994 1.6626 3.8681 -8.0325 0.8671 49.9319 -7.9261 0.0958
Car -1 -1 -7.9169 569.7122 167.0281 630.1491 233.2295 2.1365 1.8304 4.6873 -0.4997 1.9482 25.6977 -7.9370 0.0682
Car -1 -1 -7.6403 471.9616 158.3008 507.5328 183.7477 1.6694 1.6740 3.5533 -8.1809 0.7143 49.1500 -7.8046 0.0646
Car -1 -1 -7.7827 476.6119 166.4390 510.2836 196.2957 1.7573 1.7715 3.9812 -7.1796 1.3794 44.5278 -7.9420 0.0212
Car -1 -1 -4.6713 583.9656 176.5017 623.3171 207.3959 1.3347 1.6766 4.0134 -0.2845 1.5150 33.6854 -4.6802 0.0203
Car -1 -1 -4.8389 572.8962 175.0524 622.4189 209.2327 1.4930 1.7806 4.4272 -0.6959 1.6038 34.1364 -4.8596 0.0171
Pedestrian -1 -1 -4.9442 1209.7078 217.8453 1241.0000 338.7794 1.2927 0.4672 0.4226 7.1371 1.8235 8.2246 -4.2480 0.0094
Car -1 -1 -4.5474 589.3864 177.4432 637.2673 210.4327 1.4128 1.6059 3.9248 0.1727 1.6391 33.5467 -4.5429 0.0093
Pedestrian -1 -1 -5.0267 1220.9443 163.5998 1241.0000 234.7669 1.6935 0.5771 0.4189 15.1876 1.4730 17.4734 -4.3199 0.0091
Car -1 -1 -7.6686 465.0637 164.0780 511.1324 197.3881 1.9654 2.0411 4.4007 -7.5327 1.4473 44.7920 -7.8346 0.0076
Cyclist -1 -1 -8.8356 1197.3446 177.9207 1241.0000 344.4713 1.6516 0.4385 1.5672 7.4511 1.7134 8.0183 -8.1058 0.0075
Car -1 -1 -7.7031 469.0854 165.0593 511.3401 197.4863 1.9153 1.9575 4.3255 -7.4076 1.4546 44.7933 -7.8664 0.0063
Car -1 -1 -4.7267 596.6937 179.7966 635.3805 213.3050 1.3935 1.6539 3.9831 0.1970 1.7283 32.8333 -4.7214 0.0063
Car -1 -1 -7.8580 549.7261 169.5337 568.7023 188.1217 1.7752 1.8096 4.6165 -5.0464 1.4578 71.2769 -7.9287 0.0058
Car -1 -1 -4.6232 593.7522 175.5714 634.5958 206.6678 1.3763 1.6036 3.9051 0.2101 1.5128 34.3061 -4.6177 0.0055
Cyclist -1 -1 -3.5779 1177.8308 180.3734 1241.0000 343.7817 1.7276 0.4888 1.7366 7.5019 1.8173 8.1541 -2.8530 0.0047
Car -1 -1 -4.5151 552.1905 168.9381 580.2705 187.0292 1.7178 1.8913 4.6017 -4.2792 1.3457 70.9216 -4.5754 0.0046
Pedestrian -1 -1 -4.7075 1236.2013 194.6745 1241.0000 331.0026 1.4672 0.4723 0.5001 7.3897 1.7258 8.2189 -3.9937 0.0042
Car -1 -1 -4.5451 549.6404 170.0570 574.8914 187.1204 1.6226 1.7758 4.3558 -4.6708 1.3563 70.8672 -4.6109 0.0042
Car -1 -1 -4.8609 601.8056 174.6011 648.0400 206.4646 1.4114 1.6150 3.9246 0.6079 1.4990 34.2373 -4.8438 0.0042
Pedestrian -1 -1 -5.1751 1215.9265 198.6132 1241.0000 285.7892 1.3480 0.4161 0.3306 9.9335 1.7654 11.4902 -4.4756 0.0038
Car -1 -1 -4.7080 597.1620 174.7934 632.7339 205.8139 1.4004 1.6182 3.8980 0.2016 1.4988 34.7741 -4.7028 0.0033
Cyclist -1 -1 -7.6876 451.6856 165.6329 462.7426 196.2945 1.7789 0.4126 1.3999 -9.0450 1.3597 42.5703 -7.8960 0.0031
Car -1 -1 -9.0142 0.0000 0.0000 1241.0000 374.0000 1.5620 1.6079 3.6917 5.0150 1.6505 1.4203 -7.7733 0.0030
Car -1 -1 -9.0335 0.0000 0.0000 1241.0000 374.0000 1.5629 1.6114 3.7113 5.4314 1.6611 1.4449 -7.7730 0.0030
Car -1 -1 -7.1929 244.2592 0.0000 1241.0000 374.0000 1.5524 1.5767 3.5275 -0.9485 1.6165 1.1889 -7.7706 0.0030
Car -1 -1 -3.6131 0.0000 190.1635 37.8354 374.0000 1.5598 1.5806 3.6517 -3.8981 1.6509 1.9486 -4.6645 0.0030
Car -1 -1 -3.4633 0.0000 0.0000 1241.0000 374.0000 1.5742 1.6093 3.8209 -5.4501 1.7075 1.8471 -4.6615 0.0030
Car -1 -1 -8.9080 0.0000 0.0000 1241.0000 374.0000 1.5586 1.5901 3.6115 3.4422 1.6219 1.3008 -7.7720 0.0030
Car -1 -1 -6.6701 0.0000 0.0000 1241.0000 374.0000 1.5525 1.5780 3.5623 -2.9926 1.6374 1.2357 -7.7717 0.0030
Car -1 -1 -6.7412 0.0000 0.0000 1241.0000 374.0000 1.5484 1.5805 3.5811 -2.5801 1.6321 1.2685 -7.7714 0.0030
Car -1 -1 -5.7662 1241.0000 187.0563 1241.0000 374.0000 1.5548 1.5925 3.7230 4.6457 1.6318 2.0304 -4.6601 0.0030
Car -1 -1 -8.8652 0.0000 0.0000 1241.0000 374.0000 1.5515 1.5924 3.6126 3.0718 1.6231 1.2870 -7.7708 0.0030
Car -1 -1 -6.9017 54.7916 0.0000 1241.0000 374.0000 1.5496 1.5767 3.5381 -1.7608 1.6223 1.2116 -7.7709 0.0030
Car -1 -1 -3.4411 0.0000 0.0000 1241.0000 374.0000 1.5866 1.6168 3.8519 -5.8414 1.7510 1.8473 -4.6621 0.0030
Car -1 -1 -5.8217 1241.0000 190.8530 1241.0000 374.0000 1.5504 1.6002 3.7264 5.4356 1.6490 2.0635 -4.6608 0.0030
Car -1 -1 -8.9714 0.0000 0.0000 1241.0000 374.0000 1.5609 1.5972 3.6467 4.2304 1.6341 1.3531 -7.7725 0.0030
Car -1 -1 -8.9412 0.0000 0.0000 1241.0000 374.0000 1.5492 1.5958 3.6327 3.8546 1.6319 1.3368 -7.7714 0.0030
Car -1 -1 -3.5245 0.0000 198.4814 0.0000 374.0000 1.5544 1.6020 3.6516 -5.7941 1.7054 2.3972 -4.6622 0.0030
Car -1 -1 -8.9958 0.0000 0.0000 1241.0000 374.0000 1.5518 1.6037 3.6649 4.6409 1.6471 1.3839 -7.7725 0.0030
Car -1 -1 -3.5027 0.0000 199.2866 0.0000 374.0000 1.5517 1.6047 3.6731 -6.2306 1.7090 2.4300 -4.6630 0.0030
Car -1 -1 -6.7878 0.0000 0.0000 1241.0000 374.0000 1.5524 1.5719 3.5045 -2.1714 1.6268 1.1668 -7.7711 0.0030
Car -1 -1 -8.8133 0.0000 0.0000 1241.0000 374.0000 1.5586 1.5862 3.5895 2.6524 1.6150 1.2523 -7.7718 0.0030
Car -1 -1 -8.5432 0.0000 0.0000 1220.3245 374.0000 1.5612 1.5852 3.5823 1.4781 1.6089 1.2104 -7.7705 0.0030
Car -1 -1 -3.6463 0.0000 190.4383 30.6734 374.0000 1.5566 1.5911 3.6426 -4.2497 1.6586 2.3395 -4.6648 0.0030
Car -1 -1 -8.7463 0.0000 0.0000 1241.0000 374.0000 1.5565 1.5887 3.5992 2.2847 1.6133 1.2453 -7.7704 0.0030
Car -1 -1 -5.8184 1241.0000 187.4418 1241.0000 374.0000 1.5529 1.6039 3.6904 6.2354 1.6401 2.4443 -4.6620 0.0030
Car -1 -1 -6.6001 0.0000 0.0000 1241.0000 374.0000 1.5511 1.5863 3.6299 -3.8106 1.6527 1.3235 -7.7720 0.0030
Car -1 -1 -3.5094 0.0000 0.0000 1241.0000 374.0000 1.5654 1.6004 3.7859 -4.6571 1.6652 1.7886 -4.6618 0.0030
Car -1 -1 -5.6926 1204.9316 184.5078 1241.0000 374.0000 1.5673 1.5907 3.7258 3.8539 1.6300 1.9998 -4.6599 0.0030
Car -1 -1 -3.4844 0.0000 0.0000 1241.0000 374.0000 1.5773 1.6076 3.8079 -5.0446 1.6996 1.8096 -4.6620 0.0030
Car -1 -1 -6.6455 0.0000 0.0000 1241.0000 374.0000 1.5451 1.5858 3.6293 -3.4009 1.6485 1.3383 -7.7717 0.0030
Car -1 -1 -6.5852 0.0000 0.0000 1241.0000 374.0000 1.5479 1.5940 3.6896 -4.2086 1.6702 1.4186 -7.7718 0.0030
Car -1 -1 -8.3224 600.6150 158.8080 654.4218 186.7136 1.7044 1.7395 4.1938 1.0347 0.8462 46.3375 -8.3005 0.0028
Cyclist -1 -1 -8.4399 1218.7191 180.8981 1241.0000 295.0380 1.6336 0.5291 1.5754 10.2846 1.7679 11.2590 -7.7134 0.0026
Car -1 -1 -8.2358 609.6617 157.8664 656.2244 186.2115 1.7375 1.6513 3.8849 1.3899 0.8185 46.3358 -8.2063 0.0026
Car -1 -1 -8.1677 609.9816 159.0510 653.0027 186.5547 1.6901 1.7287 3.5880 1.3013 0.8416 46.3025 -8.1401 0.0025
Car -1 -1 -4.6073 602.0114 176.1956 644.1972 208.7824 1.4096 1.5862 3.6819 0.6178 1.5735 33.5304 -4.5896 0.0025
Pedestrian -1 -1 -4.9393 1232.0267 186.0404 1241.0000 279.7152 1.4322 0.5465 0.4411 10.2286 1.6470 11.4460 -4.2233 0.0024
Pedestrian -1 -1 -7.5325 635.6122 178.1024 654.9924 219.8649 1.7988 0.6850 0.6296 1.5055 2.0314 31.5993 -7.4860 0.0023
Cyclist -1 -1 -7.6578 452.6670 163.9055 465.4478 196.2854 1.8899 0.4286 1.6661 -9.0133 1.3673 42.9489 -7.8637 0.0023
Car -1 -1 -4.1008 560.2377 166.6902 607.8334 186.5714 1.4380 1.6547 3.8728 -1.9430 0.9919 54.2629 -4.1367 0.0023
Car -1 -1 -4.4819 556.5140 170.5500 584.9961 188.1007 1.6710 1.8002 4.6074 -3.8456 1.4514 71.1246 -4.5360 0.0021
Pedestrian -1 -1 -7.0175 639.3326 177.4207 662.6339 219.6684 1.8073 0.7332 0.7053 1.7443 2.0095 31.4831 -6.9634 0.0019
Cyclist -1 -1 -8.3214 1209.7261 179.7745 1241.0000 284.6502 1.5593 0.4439 1.4718 10.2602 1.6776 11.5967 -7.6103 0.0018
Car -1 -1 -7.5212 555.0585 164.3897 594.0485 187.3297 1.6692 1.6668 4.2289 -2.6706 1.0530 54.7656 -7.5700 0.0017
Pedestrian -1 -1 -4.8946 1218.0487 185.8837 1241.0000 278.5016 1.4596 0.4894 0.4085 10.2129 1.6769 11.7538 -4.1923 0.0017
Pedestrian -1 -1 -4.5065 634.8569 176.5643 651.7093 217.7971 1.7922 0.6555 0.4886 1.4230 1.9568 31.7377 -4.4628 0.0016
Pedestrian -1 -1 -5.5195 624.9913 179.9022 646.4727 220.8242 1.7522 0.7094 0.6197 1.0818 2.0644 31.5262 -5.4862 0.0015
Cyclist -1 -1 -4.6324 633.9664 178.0516 650.4818 220.0450 1.7893 0.6005 1.6737 1.3877 2.0245 31.8265 -4.5900 0.0015
Car -1 -1 -4.1452 555.9634 166.5955 603.8895 187.8725 1.5378 1.7008 4.0425 -2.2494 1.0852 54.3256 -4.1866 0.0015
Cyclist -1 -1 -4.8736 643.4841 175.1723 662.7233 218.9763 1.8690 0.6061 1.4898 1.8379 1.9729 31.6408 -4.8168 0.0014
Pedestrian -1 -1 -8.1145 627.4659 179.9170 645.0254 218.6607 1.6879 0.6664 0.5059 1.1146 2.0028 31.8734 -8.0806 0.0014
Cyclist -1 -1 -7.7106 634.9412 175.5538 652.3484 217.5989 1.8268 0.5355 1.7874 1.4783 1.9512 32.3978 -7.6661 0.0013
Car -1 -1 -4.5208 556.4234 167.2382 585.8806 186.6864 1.4131 1.5506 3.6489 -2.9199 1.0047 54.3387 -4.5745 0.0013
Pedestrian -1 -1 -4.1670 641.0669 177.2366 659.4940 218.6458 1.7978 0.6564 0.4812 1.7322 1.9930 31.7915 -4.1138 0.0013
Car -1 -1 -4.3038 555.5488 166.8572 595.9187 187.6059 1.5011 1.6271 3.8839 -2.5651 1.0669 54.3036 -4.3511 0.0013
Cyclist -1 -1 -4.4177 641.1584 174.8482 663.3580 217.2561 1.8218 0.5490 1.5789 1.8362 1.9120 31.9109 -4.3614 0.0012
Cyclist -1 -1 -7.2455 637.0848 172.9272 667.8970 216.2355 1.8915 0.4758 1.7346 1.8738 1.8945 32.3450 -7.1888 0.0012
Cyclist -1 -1 -6.1981 634.7310 169.8086 672.8962 216.7213 2.0219 0.7364 1.6121 1.8811 1.8903 31.5767 -6.1399 0.0010
Cyclist -1 -1 -6.4033 642.9786 170.5121 680.8782 211.4878 1.7679 0.7043 1.5766 2.2176 1.6666 31.5227 -6.3344 0.0009
Pedestrian -1 -1 -5.1917 1202.5072 195.7966 1241.0000 287.4763 1.4418 0.4081 0.4157 9.9241 1.8218 11.7161 -4.5021 0.0008
Car -1 -1 -4.8924 546.1765 165.9760 573.9385 189.8190 1.9075 1.6129 3.9328 -4.1996 1.3569 59.8295 -4.9625 0.0006
Cyclist -1 -1 -7.8443 448.7036 167.9793 457.7826 196.7298 1.4710 0.4497 1.4441 -8.2181 1.2213 37.6687 -8.0579 0.0006
Car -1 -1 -7.2082 491.6615 157.9086 544.0263 193.3347 2.9290 1.8453 5.0009 -7.9170 1.6930 62.2836 -7.3344 0.0005
Car -1 -1 -7.0689 494.7794 158.9679 555.1030 191.6478 2.4898 1.7322 5.0177 -6.7429 1.4315 57.4766 -7.1855 0.0004
Car -1 -1 -4.6740 553.2076 164.4035 575.7935 188.1732 1.9139 1.7279 3.9993 -3.7848 1.2332 60.1179 -4.7369 0.0004
Car -1 -1 -7.1260 493.9310 157.9576 550.5032 193.2734 2.9252 1.7927 5.2934 -7.5566 1.6911 62.4500 -7.2462 0.0002
Cyclist -1 -1 -6.0432 460.9265 159.1050 492.5943 190.7514 1.8447 0.8116 1.6908 -7.8790 1.0430 42.5139 -6.2256 0.0002
Cyclist -1 -1 -6.3150 465.2296 157.7657 501.2489 192.9728 2.0557 0.8716 2.0757 -7.5550 1.1744 42.7683 -6.4891 0.0000
Pedestrian -1 -1 -7.6176 469.9193 161.7165 488.1122 192.3864 1.7994 0.9010 0.7901 -7.7924 1.1457 42.7520 -7.7971 0.0000
