Car -1 -1 -7.7984 545.7429 164.7206 570.0312 186.4333 1.6000 1.6423 3.6615 -3.5572 0.4372 53.9384 -7.8620 0.9558
Car -1 -1 -7.7708 544.8593 164.3731 571.0669 186.5451 1.6313 1.6540 4.1750 -3.5568 0.4448 54.1257 -7.8342 0.8174
Car -1 -1 -7.8404 545.2299 165.0391 567.4431 186.3682 1.5703 1.6332 3.6928 -3.6784 0.4320 53.9404 -7.9062 0.8086
Car -1 -1 -7.8405 544.5743 164.0255 566.9865 186.6796 1.6674 1.6474 4.1920 -3.7334 0.4548 54.1786 -7.9071 0.6895
Car -1 -1 -7.7177 545.5002 164.5657 573.7201 186.3994 1.6068 1.6423 3.8112 -3.4242 0.4342 53.9963 -7.7788 0.6630
Cyclist -1 -1 -7.4055 420.3800 171.5603 439.7374 200.7671 1.8141 0.4667 1.7717 -11.0880 1.2589 44.8326 -7.6446 0.5247
Car -1 -1 -8.0028 579.9240 164.0101 605.2321 183.3763 1.6098 1.6597 3.5843 -1.0811 0.2390 60.6760 -8.0187 0.5085
Car -1 -1 -7.9359 583.9808 163.9829 606.4075 183.0700 1.5873 1.6403 3.5430 -0.8537 0.2137 60.6407 -7.9481 0.4844
Pedestrian -1 -1 -4.0192 420.1780 170.5602 437.1213 200.5479 1.8664 0.5770 0.9257 -11.1143 1.2478 44.5476 -4.2603 0.4655
Pedestrian -1 -1 -3.6317 509.3882 164.1722 517.9306 185.5902 1.8344 0.5617 0.5285 -7.8584 0.4359 60.9387 -3.7575 0.3622
Pedestrian -1 -1 -7.1403 508.8435 164.3326 517.4534 185.4985 1.8169 0.5641 0.4749 -7.9158 0.4290 61.0477 -7.2668 0.3159
Car -1 -1 -8.1127 574.5692 163.1512 604.9392 183.2318 1.6637 1.6944 3.7784 -1.3273 0.2263 60.6285 -8.1326 0.2671
Cyclist -1 -1 -6.9995 72.5138 183.6947 115.8359 222.0680 1.7520 0.6113 1.6580 -24.0604 1.9066 33.3043 -7.6191 0.1963
Pedestrian -1 -1 -7.6372 76.3367 185.4208 96.0443 221.9115 1.6785 0.6344 0.5611 -24.2384 1.9111 33.0104 -8.2644 0.0973
Pedestrian -1 -1 -5.7440 207.6308 173.9297 224.1429 208.4014 1.7923 0.6034 0.5222 -20.4164 1.4508 37.0743 -6.2421 0.0926
Cyclist -1 -1 -7.3126 74.5266 186.5168 105.2823 221.9001 1.6141 0.4389 1.5327 -24.2654 1.9044 33.3019 -7.9362 0.0632
Pedestrian -1 -1 -3.8869 802.0854 143.4483 818.4362 180.5880 1.9510 0.6021 0.5783 10.8810 0.0048 37.5415 -3.6051 0.0422
Car -1 -1 -5.0533 633.7501 169.7386 662.3928 186.1674 1.5093 1.5726 3.6621 4.0684 0.5206 66.9346 -4.9911 0.0385
Car -1 -1 -4.5953 640.3278 168.6943 662.1747 185.0915 1.5149 1.6243 3.9551 4.4606 0.4241 67.4163 -4.5278 0.0379
Pedestrian -1 -1 -7.3073 77.0265 185.1909 101.8302 222.1527 1.7007 0.6610 0.7123 -24.0862 1.9224 33.0107 -7.9315 0.0370
Pedestrian -1 -1 -5.2773 798.0601 143.6602 814.4562 179.7680 1.8954 0.5694 0.6638 10.6644 -0.0391 37.5312 -5.0007 0.0317
Car -1 -1 -4.4286 639.9077 167.4012 669.9762 184.9510 1.6190 1.7041 4.3812 4.8335 0.4105 67.5755 -4.3558 0.0280
Car -1 -1 -4.9521 634.7950 168.7570 661.3619 185.3823 1.5343 1.6162 4.0295 4.0934 0.4505 67.3778 -4.8900 0.0278
Car -1 -1 -5.1533 628.1967 169.2494 661.8361 185.8429 1.5276 1.6160 4.0631 3.7928 0.4918 67.2786 -5.0955 0.0268
Pedestrian -1 -1 -5.7955 946.0140 145.2372 1016.1577 316.3719 1.6634 0.4889 0.4602 3.7730 1.3211 7.2016 -5.3288 0.0257
Car -1 -1 -7.2705 125.7484 184.7436 193.3120 213.3022 1.4783 1.5368 3.3495 -24.3797 1.7214 38.7981 -7.8263 0.0228
Car -1 -1 -7.3552 276.1887 166.7582 312.5924 185.6339 1.8349 1.5946 4.0350 -31.0304 0.4989 70.8111 -7.7648 0.0198
Car -1 -1 -1.9768 359.0663 175.8758 406.9369 198.7077 1.5109 1.6875 4.0879 -15.3863 1.2050 48.8921 -2.2781 0.0192
Pedestrian -1 -1 -6.0149 470.7937 166.3651 483.5909 189.8785 1.9483 0.5419 0.9388 -10.6328 0.7770 58.8990 -6.1908 0.0190
Car -1 -1 -4.4246 88.3227 186.2257 128.2805 207.9174 1.5926 1.5724 3.5930 -38.5007 2.0529 54.8936 -5.0320 0.0187
Pedestrian -1 -1 -4.6563 1050.5900 145.3206 1086.8148 224.5309 1.7681 0.6721 0.4464 10.5542 0.9832 16.1603 -4.0850 0.0165
Car -1 -1 -4.5042 85.3981 185.9452 123.6054 207.4271 1.5711 1.6335 3.9220 -38.8055 2.0103 54.9106 -5.1152 0.0136
Car -1 -1 -6.3846 580.0357 163.8403 632.7789 181.9268 1.5070 1.5818 4.3317 0.1109 0.1188 59.9110 -6.3809 0.0135
Car -1 -1 -6.3094 581.3958 162.4376 632.5537 180.7256 1.5227 1.5292 4.2641 0.1615 0.0187 59.6795 -6.3049 0.0130
Car -1 -1 -8.2246 364.9902 176.6668 407.9901 198.4872 1.4482 1.5969 3.7519 -15.1418 1.1939 48.8953 -8.5213 0.0130
Pedestrian -1 -1 -5.7909 950.5422 140.6542 1026.0524 315.7780 1.6674 0.5008 0.4908 3.7775 1.2885 7.0764 -5.3170 0.0129
Car -1 -1 -7.6433 697.1300 161.1540 720.7861 179.4766 1.7833 1.6039 3.7379 10.5024 -0.1060 71.0750 -7.4954 0.0115
Car -1 -1 -4.3084 638.6913 167.8921 672.9128 184.7792 1.5541 1.7384 4.1939 4.8959 0.3937 67.3301 -4.2344 0.0104
Car -1 -1 -7.6821 299.2508 165.5473 324.5320 185.1196 1.8980 1.6070 4.3631 -29.3107 0.4478 70.8698 -8.0709 0.0100
Pedestrian -1 -1 -5.9840 471.4287 165.2616 483.4252 188.9157 1.9647 0.6100 0.8439 -10.6458 0.6989 59.0809 -6.1596 0.0095
Car -1 -1 -2.0298 357.9911 176.1550 407.3676 198.4288 1.4706 1.7307 3.8297 -15.3311 1.1838 48.6652 -2.3314 0.0093
Car -1 -1 -2.1767 350.2554 176.2470 407.6126 199.7173 1.5448 1.7806 4.0169 -15.5204 1.2649 48.4700 -2.4830 0.0089
Car -1 -1 -4.1423 637.9391 168.2767 678.0848 185.3697 1.5731 1.7291 4.3610 5.1056 0.4480 67.3317 -4.0652 0.0088
Cyclist -1 -1 -2.3113 52.7825 182.3858 95.7961 221.1685 1.7823 0.6362 1.6925 -24.7974 1.8718 33.0138 -2.9493 0.0083
Car -1 -1 -7.5371 699.2770 161.8049 726.1611 179.6493 1.7358 1.5668 3.7812 10.8717 -0.0881 71.0129 -7.3841 0.0083
Cyclist -1 -1 -2.6974 35.3222 180.5495 92.0196 220.8042 1.8282 0.7214 1.9625 -25.0076 1.8307 32.6631 -3.3445 0.0080
Cyclist -1 -1 -7.7573 73.3477 183.4351 91.4579 221.5883 1.7457 0.5160 1.7147 -24.6622 1.8879 33.3530 -8.3879 0.0080
Car -1 -1 -5.8543 338.4892 175.4241 408.1503 200.1641 1.6388 1.6968 4.1600 -15.6749 1.3026 47.9200 -6.1668 0.0071
Pedestrian -1 -1 -7.7012 1038.0765 135.2635 1072.1862 221.6454 1.9351 0.6003 0.4567 10.2744 0.9221 16.2081 -7.1433 0.0068
Cyclist -1 -1 -2.4223 43.9145 179.9966 95.3354 219.1823 1.8059 0.7102 1.9291 -25.0094 1.7829 33.0136 -3.0644 0.0068
Car -1 -1 -4.2655 403.2656 170.0910 444.5987 191.0200 1.6210 1.6884 3.9098 -14.4971 0.8147 56.8448 -4.5121 0.0065
Car -1 -1 -4.5049 402.3430 169.9159 435.0569 192.1427 1.7177 1.7297 4.0533 -14.8850 0.8998 56.7072 -4.7585 0.0063
Car -1 -1 -8.3134 360.3679 176.9936 407.4808 198.7732 1.4429 1.6412 3.6868 -15.2682 1.2107 48.7443 -8.6134 0.0061
Car -1 -1 -4.7215 406.1846 169.7127 428.4837 191.8828 1.7092 1.6689 3.8900 -15.0265 0.8775 56.6053 -4.9778 0.0061
Car -1 -1 -2.8946 810.5727 158.3235 972.8386 229.5294 1.4273 1.4799 3.0696 6.2756 0.9831 15.6690 -2.5188 0.0061
Car -1 -1 -6.5116 351.4112 175.6190 419.8114 200.3403 1.6155 1.7587 4.1487 -14.8846 1.2966 48.0065 -6.8087 0.0053
Car -1 -1 -7.3282 296.6060 165.8202 333.7668 185.0319 1.8674 1.4982 4.2771 -29.0009 0.4403 70.9485 -7.7129 0.0053
Car -1 -1 -3.1186 806.1121 160.5285 953.1658 229.7576 1.4492 1.3438 2.9764 6.1144 1.0315 15.9812 -2.7579 0.0052
Car -1 -1 -2.1587 356.9582 177.0304 408.3733 199.7301 1.4977 1.6442 3.5996 -15.2465 1.2688 48.4227 -2.4601 0.0049
Car -1 -1 -4.0737 404.6764 169.7964 451.8180 190.4857 1.5994 1.7132 3.8438 -14.1329 0.7719 56.7626 -4.3147 0.0048
Pedestrian -1 -1 -4.5285 87.3979 197.9358 112.5921 246.8237 1.4134 0.5398 0.4114 -14.9983 1.9378 20.9539 -5.1411 0.0047
Cyclist -1 -1 -5.5270 773.0903 160.9826 852.5307 236.8434 1.5986 0.6241 1.7437 4.5690 1.1877 15.8084 -5.2492 0.0046
Car -1 -1 -4.1908 555.6294 170.3259 589.5482 185.7872 1.5012 1.6264 3.9706 -3.1844 0.5132 70.7875 -4.2338 0.0045
Car -1 -1 -2.3205 57.5420 189.1133 123.5936 207.7243 1.3640 1.6986 4.1998 -39.4178 2.0395 54.2118 -2.9448 0.0043
Cyclist -1 -1 -8.7019 781.2858 157.7636 861.9738 237.3286 1.6349 0.5511 1.7464 4.6443 1.1681 15.4149 -8.4131 0.0042
Car -1 -1 -7.2063 297.4392 165.5749 337.9414 184.8738 1.8724 1.4712 4.2771 -28.7119 0.4242 70.8571 -7.5879 0.0040
Pedestrian -1 -1 -4.1032 96.5081 200.9539 120.6096 244.7527 1.2776 0.4644 0.3573 -14.7600 1.8898 20.9727 -4.7078 0.0038
Pedestrian -1 -1 -4.9765 791.8611 162.3104 829.3647 233.2443 1.5682 0.6947 0.5224 4.5719 1.1664 15.8973 -4.6999 0.0035
Car -1 -1 -6.4106 344.4203 176.5818 415.7369 201.4615 1.6193 1.6063 4.4182 -15.1578 1.3643 47.6713 -6.7149 0.0035
Cyclist -1 -1 -8.8409 784.6871 150.7697 884.5442 233.1174 1.6896 0.5319 2.1344 4.9434 1.0799 15.5028 -8.5363 0.0035
Car -1 -1 -8.1452 367.3044 175.8040 410.3270 198.4177 1.4975 1.7961 3.9530 -15.0071 1.1865 48.9637 -8.4391 0.0033
Car -1 -1 -4.4229 555.5922 169.3863 582.7724 185.1376 1.5293 1.6520 3.9545 -3.5246 0.4501 70.7663 -4.4707 0.0032
Car -1 -1 -4.0182 556.3915 168.8769 596.0276 185.2475 1.5882 1.7021 4.1458 -2.8225 0.4604 70.7582 -4.0562 0.0031
Cyclist -1 -1 -7.2834 113.7331 185.2346 159.5706 237.7119 1.5747 0.4337 1.5254 -14.6625 1.7282 22.1185 -7.8606 0.0027
Cyclist -1 -1 -8.8109 787.5291 154.0531 878.2044 235.4399 1.6953 0.6758 1.8568 4.9718 1.1448 15.6706 -8.5077 0.0027
Cyclist -1 -1 -2.2958 0.0000 181.1445 44.9753 249.1958 1.7061 0.7394 1.7552 -15.5901 1.7235 18.2309 -2.9931 0.0027
Cyclist -1 -1 -6.1000 777.5427 149.0276 872.4500 230.8208 1.7342 0.7250 1.9216 4.8498 1.0673 15.7549 -5.8051 0.0025
Car -1 -1 -4.8577 555.2272 168.6204 577.0358 185.0366 1.5947 1.6422 3.8417 -3.8875 0.4405 70.7285 -4.9106 0.0023
Pedestrian -1 -1 -4.6076 1114.2979 152.6293 1211.8544 369.0000 1.5449 0.4916 0.4961 3.7640 1.3683 4.8411 -3.9759 0.0023
Pedestrian -1 -1 -7.7532 804.1620 158.1228 842.1285 231.3734 1.5951 0.7609 0.5692 4.8355 1.1082 15.8059 -7.4601 0.0018
Cyclist -1 -1 -2.1092 0.0000 178.7585 51.0414 252.8163 1.8801 0.7092 1.8316 -15.6085 1.8362 18.5923 -2.7975 0.0017
Cyclist -1 -1 -8.5332 1096.2502 123.8679 1223.0000 369.0000 1.7282 0.4879 1.5459 3.8326 1.4324 4.4727 -7.8572 0.0017
Pedestrian -1 -1 -6.1943 613.0530 162.9402 623.2636 180.7137 1.5117 0.5727 0.8251 1.1409 0.0181 60.4678 -6.1737 0.0017
Pedestrian -1 -1 -5.3276 1080.6527 176.3769 1184.3628 369.0000 1.4238 0.4015 0.4243 3.5890 1.3969 4.9094 -4.7246 0.0016
Cyclist -1 -1 -5.7938 89.7532 176.2615 164.7302 241.8821 1.9118 0.6344 1.7561 -14.2061 1.7886 21.0001 -6.3800 0.0016
Cyclist -1 -1 -8.5700 1128.3662 92.9173 1223.0000 369.0000 1.6205 0.3808 1.7591 3.8607 1.2153 4.1549 -7.8565 0.0015
Cyclist -1 -1 -7.4400 107.3792 183.5024 147.8918 234.1480 1.5238 0.4432 1.5903 -14.9952 1.6218 22.1918 -8.0259 0.0015
Cyclist -1 -1 -7.5248 59.8209 181.7535 91.6617 222.1479 1.8319 0.6576 1.7398 -24.7412 1.8923 33.0511 -8.1612 0.0012
Cyclist -1 -1 -7.3224 105.4911 184.6627 153.0469 236.1556 1.5190 0.4867 1.5553 -14.6608 1.6522 21.7748 -7.9065 0.0012
Cyclist -1 -1 -2.4463 0.0000 182.4548 52.9450 252.4137 1.7620 0.7306 1.7420 -15.4030 1.8136 18.1959 -3.1386 0.0011
Pedestrian -1 -1 -5.8488 610.9823 163.2025 621.5305 180.8309 1.4979 0.5557 0.7367 0.9776 0.0280 60.4907 -5.8308 0.0009
Pedestrian -1 -1 -4.3673 1122.9302 137.6667 1223.0000 369.0000 1.6974 0.5121 0.4713 3.7489 1.4368 4.6516 -3.7198 0.0008
Pedestrian -1 -1 -7.3957 1098.2451 139.9910 1220.9287 369.0000 1.6484 0.4592 0.5188 3.5578 1.4027 4.6198 -6.7700 0.0007
Pedestrian -1 -1 -3.9032 104.2806 192.6862 128.5708 237.7674 1.3356 0.5168 0.3404 -14.7446 1.7066 21.2870 -4.5004 0.0007
Cyclist -1 -1 -7.4096 95.1276 183.5115 139.4640 234.8478 1.5131 0.4769 1.5917 -15.0189 1.6095 21.7582 -8.0053 0.0006
Cyclist -1 -1 -6.8855 1034.2278 88.2653 1223.0000 369.0000 1.9133 0.6377 1.8208 3.8488 1.3631 4.5967 -6.2198 0.0006
Cyclist -1 -1 -3.8046 1022.4986 124.4135 1223.0000 369.0000 1.8640 0.5901 1.7019 3.8108 1.5067 4.8250 -3.1657 0.0005
Cyclist -1 -1 -4.4965 814.6879 152.2287 833.3163 187.0151 1.7111 0.5514 1.6870 11.0313 0.3206 35.6485 -4.1970 0.0004
Pedestrian -1 -1 -4.3559 29.2492 199.5264 60.0179 250.9151 1.3155 0.5345 0.3751 -14.7372 1.8220 18.5508 -5.0173 0.0003
Pedestrian -1 -1 -6.3669 420.2667 167.8292 426.5261 186.9487 1.7527 0.7437 0.5006 -16.7401 0.5910 65.2487 -6.6151 0.0001
