Car -1 -1 -4.3686 238.5920 205.5018 456.9583 343.0099 1.4448 1.6645 4.0246 -3.5977 2.0149 10.5760 -4.6899 0.9999
Car -1 -1 -8.1461 736.0940 193.3096 974.5120 351.4310 1.5075 1.6582 4.3056 2.8544 1.8408 9.6023 -7.8670 0.9999
Car -1 -1 -8.0361 704.6162 187.9253 824.0101 277.1068 1.5902 1.7043 4.4851 3.1569 1.9685 15.8768 -7.8445 0.9997
Car -1 -1 -4.5246 439.5186 195.7432 522.4545 255.5448 1.4395 1.6401 3.9588 -3.6706 2.1649 20.8845 -4.6973 0.9997
Car -1 -1 -4.1369 0.0000 213.7302 335.6254 374.0000 1.5387 1.5529 3.7702 -3.4628 1.9308 5.0394 -4.7154 0.9996
Car -1 -1 -4.5462 387.9745 197.7630 483.5360 278.7668 1.4889 1.5074 3.4424 -3.8268 2.1058 16.1141 -4.7766 0.9994
Car -1 -1 -7.9743 688.5098 188.3470 758.4809 248.6272 1.5523 1.5853 3.6717 3.2256 2.0512 21.3910 -7.8277 0.9966
Car -1 -1 -8.4574 886.2767 195.1514 1241.0000 374.0000 1.5443 1.5649 3.6183 2.8007 1.7132 3.6576 -7.8433 0.9817
Car -1 -1 -4.1650 0.0000 213.5185 336.2702 374.0000 1.4940 1.5469 3.6274 -3.4335 1.8857 5.1260 -4.7323 0.8852
Car -1 -1 -8.1400 638.6066 188.9227 681.8405 217.4364 1.5367 1.5917 3.6712 2.9132 2.5392 43.0647 -8.0736 0.8612
Car -1 -1 -8.1455 636.1213 188.4899 682.1055 217.2400 1.5405 1.6516 3.9863 2.8422 2.5204 43.1047 -8.0808 0.8265
Car -1 -1 -5.4030 879.6017 195.1596 1241.0000 374.0000 1.5249 1.6148 4.2903 2.8602 1.6955 3.3632 -4.7417 0.8195
Car -1 -1 -8.0242 707.4415 187.8078 824.4764 276.2637 1.5918 1.7482 4.2117 3.1965 1.9636 15.8293 -7.8298 0.7805
Car -1 -1 -8.0735 599.1259 189.0358 630.4979 210.0255 1.5231 1.6941 3.8758 0.3201 2.8617 57.6286 -8.0686 0.7713
Car -1 -1 -8.1347 594.9824 189.1617 629.5579 210.3010 1.5270 1.6984 4.0549 0.1134 2.8794 57.6704 -8.1333 0.6988
Car -1 -1 -8.0622 641.6622 188.2269 682.7531 217.0303 1.5523 1.6621 3.9215 3.0334 2.5149 43.1376 -7.9932 0.6933
Car -1 -1 -8.0842 642.2588 189.2018 683.0536 217.6185 1.5286 1.5972 3.7821 3.0606 2.5501 43.1031 -8.0145 0.6642
Car -1 -1 -5.4330 873.1232 193.4184 1241.0000 374.0000 1.5198 1.6169 4.2945 2.8070 1.6741 3.2385 -4.7640 0.6239
Car -1 -1 -7.9995 602.8162 188.2543 630.5801 209.5014 1.5548 1.6940 3.6484 0.4743 2.8231 57.5119 -7.9919 0.5964
Car -1 -1 -7.9181 649.9673 188.5385 682.3512 217.6046 1.5682 1.6560 4.2452 3.2913 2.5567 43.3596 -7.8436 0.4206
Car -1 -1 -4.9205 599.3275 186.2762 630.8165 208.6645 1.6307 1.7164 3.8994 0.3364 2.7319 57.1338 -4.9153 0.3732
Car -1 -1 -4.9154 645.6067 187.4869 682.5421 216.1157 1.5559 1.5897 2.9670 3.1062 2.4473 42.3976 -4.8434 0.3726
Car -1 -1 -4.9474 601.2730 186.1925 635.1985 208.8998 1.6405 1.7537 4.1334 0.5797 2.7336 56.9358 -4.9378 0.3073
Car -1 -1 -3.3868 881.4771 166.8468 995.8787 206.8676 1.5147 1.6523 3.8115 12.8250 1.2870 28.4517 -2.9675 0.3044
Car -1 -1 -3.4377 903.9841 161.5625 1033.7129 200.4649 1.4643 1.6154 4.2647 13.9227 1.0390 28.2890 -2.9847 0.2893
Car -1 -1 -8.0352 649.4603 187.8787 687.5593 215.9952 1.4942 1.6057 3.4574 3.3320 2.4075 42.0730 -7.9574 0.2705
Cyclist -1 -1 -4.7013 1041.0911 175.8899 1060.9042 225.1847 1.6459 0.5701 1.4879 15.2163 1.7540 24.9713 -4.1599 0.2615
Car -1 -1 -4.7641 609.2513 188.3062 632.1638 209.9608 1.5811 1.6189 3.7960 0.7945 2.8505 57.3620 -4.7509 0.2138
Car -1 -1 -4.7401 610.7283 189.0290 632.4719 210.4442 1.5579 1.6154 4.1306 0.8698 2.8977 57.7016 -4.7257 0.2046
Car -1 -1 -5.0272 592.6989 187.8899 628.5312 209.5048 1.5651 1.6992 3.9594 -0.0184 2.8052 57.3772 -5.0281 0.1832
Pedestrian -1 -1 -8.7955 1038.9861 173.7229 1066.3907 222.8922 1.6758 0.6198 0.5504 15.2761 1.7061 24.9792 -8.2524 0.1567
Car -1 -1 -3.9842 624.3747 187.3707 662.8238 204.4797 1.5178 1.6300 3.7035 3.2188 2.9463 69.1195 -3.9384 0.1417
Car -1 -1 -3.3782 900.3851 161.1363 1027.0649 200.0438 1.4522 1.5934 4.1737 13.6464 1.0145 28.1457 -2.9311 0.1416
Pedestrian -1 -1 -7.9338 1044.0352 172.0644 1066.0239 220.3666 1.6500 0.6069 0.5026 15.3724 1.6227 25.0086 -7.3883 0.1326
Car -1 -1 -6.3023 752.6229 181.8018 853.6022 213.7541 1.4470 1.6893 4.5941 9.2125 1.8951 34.7972 -6.0462 0.1184
Car -1 -1 -4.0689 624.0848 186.3456 664.3436 204.3558 1.5962 1.6835 4.1999 3.2980 2.9325 69.3310 -4.0221 0.1137
Car -1 -1 -3.2170 737.2602 185.6533 828.6014 218.1721 1.4838 1.6872 4.1829 8.2714 2.1246 34.9868 -2.9874 0.1063
Car -1 -1 -6.5909 888.8177 163.8651 1001.8384 202.4649 1.4610 1.5737 3.7159 13.0351 1.1205 28.3135 -6.1637 0.1019
Car -1 -1 -4.1470 622.7975 187.4135 660.2287 205.0738 1.5612 1.6427 4.1430 3.0489 3.0076 69.5294 -4.1040 0.0973
Car -1 -1 -7.9367 743.5590 185.0872 783.3448 218.2324 1.4978 1.6273 3.5407 7.5292 2.1365 35.8326 -7.7319 0.0947
Car -1 -1 -4.0658 621.4742 186.7312 657.9660 204.0805 1.5399 1.6817 3.5643 2.8439 2.9037 69.0116 -4.0253 0.0909
Pedestrian -1 -1 -2.4371 84.6366 159.8041 103.3422 216.2021 1.8713 0.5024 0.2419 -17.3524 1.4380 24.2019 -3.0540 0.0719
Cyclist -1 -1 -4.6561 1041.5906 174.0505 1062.8820 224.9708 1.6859 0.5416 1.6805 15.1463 1.7281 24.7760 -4.1132 0.0708
Car -1 -1 -4.2617 622.6007 187.7013 655.4512 204.9051 1.5228 1.6423 3.8809 2.8099 2.9976 69.5885 -4.2220 0.0695
Car -1 -1 -4.0983 617.6777 187.1296 655.1085 204.7323 1.5517 1.7225 3.7596 2.5252 2.9543 68.8928 -4.0624 0.0680
Car -1 -1 -6.3038 733.4991 185.8998 812.4195 218.5296 1.4855 1.5120 3.6370 7.7845 2.1347 34.8235 -6.0864 0.0657
Car -1 -1 -3.4709 729.4885 185.5349 821.6392 218.5781 1.5300 1.7082 4.0573 8.0186 2.1688 35.2977 -3.2500 0.0638
Pedestrian -1 -1 -5.7310 86.4725 156.5447 105.7438 215.6063 1.9428 0.5231 0.2901 -17.1403 1.4060 24.0045 -6.3460 0.0632
Pedestrian -1 -1 -2.4811 89.5487 161.4233 107.7896 216.7183 1.8352 0.5092 0.2358 -17.1988 1.4555 24.2068 -3.0938 0.0606
Car -1 -1 -3.1066 723.8399 186.6318 806.5212 220.4561 1.5347 1.6075 3.8341 7.4839 2.2263 34.9924 -2.8984 0.0598
Car -1 -1 -3.1564 711.4315 189.0133 794.2764 222.0001 1.5021 1.5502 3.8606 6.8610 2.3112 35.0373 -2.9654 0.0587
Car -1 -1 -6.1880 714.5089 185.4699 803.9363 219.2351 1.5358 1.7071 4.1455 7.2734 2.1776 35.3019 -5.9872 0.0586
Car -1 -1 -3.3509 909.0008 161.2918 1047.9413 201.4469 1.4884 1.5775 4.5814 14.1672 1.0595 28.0825 -2.8881 0.0527
Car -1 -1 -3.1982 721.0797 185.5221 807.0184 219.0027 1.5327 1.4915 3.9728 7.3368 2.1623 34.8434 -2.9930 0.0471
Cyclist -1 -1 -4.6639 1044.0758 175.2343 1063.9424 223.0899 1.6076 0.5287 1.4389 15.3785 1.6924 25.0570 -4.1192 0.0361
Cyclist -1 -1 -4.7223 1043.4982 173.7888 1062.1438 221.4118 1.6146 0.5313 1.3367 15.4107 1.6479 25.2016 -4.1792 0.0341
Car -1 -1 -6.3407 742.4151 186.2566 833.1743 218.3687 1.4523 1.5974 4.1503 8.4495 2.1190 34.7509 -6.1048 0.0318
Car -1 -1 -4.3107 620.0521 187.5041 651.8068 205.6239 1.6002 1.6369 3.9520 2.5028 3.0506 69.3119 -4.2753 0.0273
Car -1 -1 -3.4515 916.9796 160.5992 1033.9387 199.0928 1.5223 1.6062 3.9806 14.8738 1.0373 29.6278 -2.9904 0.0271
Car -1 -1 -3.2927 935.4419 165.5640 1045.3950 202.5424 1.4433 1.5969 3.7724 15.4170 1.1584 29.5217 -2.8158 0.0266
Car -1 -1 -6.5434 883.5966 160.4673 1001.0964 198.9727 1.4573 1.5964 3.9185 12.9529 0.9882 28.4142 -6.1198 0.0257
Car -1 -1 -7.8527 749.5432 184.5850 785.8929 217.8774 1.4989 1.6767 3.7345 7.7961 2.1147 35.8974 -7.6412 0.0256
Pedestrian -1 -1 -6.8121 1039.8956 174.7096 1071.3915 225.3906 1.7125 0.6850 0.6619 15.2341 1.7767 24.7538 -6.2662 0.0239
Pedestrian -1 -1 -7.9790 713.6198 183.8158 735.9327 233.3659 1.6610 0.6873 0.5333 3.8595 2.0384 24.5858 -7.8260 0.0155
Cyclist -1 -1 -4.2990 1036.3260 172.8296 1072.7876 221.0293 1.6332 0.5747 1.3949 15.4122 1.6320 25.0841 -3.7537 0.0153
Pedestrian -1 -1 -5.3303 76.7051 154.8650 101.4203 217.7302 2.0616 0.6061 0.2972 -17.3691 1.4714 23.9974 -5.9517 0.0149
Car -1 -1 -5.3592 899.2023 162.2589 990.5236 203.2943 1.5301 1.6172 3.2997 13.1803 1.1348 28.6916 -4.9327 0.0127
Car -1 -1 -3.1579 940.8151 160.6848 1058.5582 198.7993 1.4608 1.5994 4.1045 15.6802 0.9941 29.2976 -2.6708 0.0121
Car -1 -1 -4.5297 622.7686 187.0036 646.8047 204.3590 1.5441 1.6017 4.1857 2.4173 2.9604 70.0237 -4.4959 0.0118
Car -1 -1 -3.3396 897.5767 162.2962 1004.6858 197.4805 1.3974 1.5977 3.7607 13.9897 0.9778 29.8738 -2.9057 0.0114
Car -1 -1 -3.3534 900.4135 161.7589 1012.4163 197.2431 1.3981 1.5706 3.8968 14.0895 0.9606 29.6334 -2.9136 0.0111
Car -1 -1 -3.1741 879.9366 161.8709 994.5015 198.7799 1.4632 1.6682 4.2544 13.5402 1.0275 30.1759 -2.7562 0.0097
Cyclist -1 -1 -4.0322 1038.3018 167.9797 1085.4026 221.1897 1.8121 0.5912 1.4859 15.6696 1.6458 25.0984 -3.4798 0.0094
Car -1 -1 -8.2171 916.2042 161.9850 987.8870 198.9200 1.4852 1.6112 3.4855 14.4732 1.0479 30.8105 -7.7818 0.0082
Car -1 -1 -7.6027 927.4710 150.2585 972.4376 179.2753 1.5333 1.4808 3.3114 18.7754 0.3390 39.8767 -7.1654 0.0075
Car -1 -1 -3.5143 916.3138 160.9823 1034.7717 200.0177 1.5569 1.6404 4.0391 14.9584 1.0831 29.7743 -3.0530 0.0074
Car -1 -1 -6.3249 801.5792 177.6098 900.7795 208.1927 1.3749 1.6238 4.3668 11.3207 1.6093 34.2377 -6.0085 0.0059
Car -1 -1 -6.9689 724.7101 190.9141 840.5613 235.7836 1.3901 1.6121 3.7638 5.9803 2.0583 25.1553 -6.7390 0.0056
Car -1 -1 -8.0875 925.9430 163.0258 989.4379 198.8878 1.4423 1.5958 3.8123 14.8291 1.0467 31.0488 -7.6458 0.0055
Car -1 -1 -4.7113 623.0015 187.1556 639.5961 204.7799 1.5740 1.5627 4.2890 2.0492 3.0065 70.1213 -4.6828 0.0054
Car -1 -1 -3.4437 929.9692 161.6301 1051.6895 201.2466 1.5627 1.7962 4.0760 15.5280 1.1197 29.7016 -2.9663 0.0053
Car -1 -1 -5.2979 818.0582 187.1107 973.6412 252.7923 1.3167 1.5176 3.9681 6.6841 1.7034 17.4816 -4.9391 0.0045
Car -1 -1 -6.1959 782.0522 178.6842 886.0831 208.3447 1.3321 1.6273 4.6548 10.7173 1.6251 34.6709 -5.8990 0.0043
Car -1 -1 -5.0807 414.9795 177.4734 445.8683 192.8530 1.4467 1.6671 3.8909 -17.7594 1.9154 71.1866 -5.3246 0.0043
Car -1 -1 -7.9558 933.0255 161.2177 985.8251 196.1091 1.3965 1.6231 3.9188 14.8909 0.9305 30.9980 -7.5118 0.0043
Car -1 -1 -5.1186 417.9780 177.9555 449.0083 194.4093 1.5496 1.6063 3.7886 -17.4550 2.0667 71.1868 -5.3585 0.0043
Pedestrian -1 -1 -7.3976 1047.9707 161.0108 1073.3865 199.1009 1.8251 0.8635 0.6223 21.8818 1.2573 35.1036 -6.8442 0.0041
Pedestrian -1 -1 -8.5543 1044.0741 162.3545 1067.2008 198.4917 1.7438 0.7757 0.5675 21.6697 1.2369 35.1573 -8.0059 0.0040
Car -1 -1 -4.9309 425.3181 178.0742 449.9266 194.4708 1.5459 1.6085 3.6599 -17.0734 2.0758 71.2955 -5.1654 0.0040
Car -1 -1 -7.4602 925.4960 149.3001 981.8392 178.5271 1.5430 1.5636 3.5875 18.9796 0.2992 39.8763 -7.0188 0.0034
Car -1 -1 -4.5481 429.6240 177.2263 452.2567 193.8248 1.5783 1.6289 3.5000 -16.7092 2.0213 71.3550 -4.7776 0.0033
Car -1 -1 -5.3433 829.3779 183.2870 992.7128 247.0821 1.2943 1.5580 3.9730 7.0340 1.5770 17.4508 -4.9667 0.0031
Pedestrian -1 -1 -7.7481 906.6903 166.0183 930.0571 208.8823 1.6269 0.7716 0.6124 11.8544 1.3671 27.8397 -7.3497 0.0031
Car -1 -1 -4.2412 429.2344 176.7099 461.2406 193.1001 1.5572 1.6517 3.5590 -16.2861 1.9487 71.3876 -4.4650 0.0027
Car -1 -1 -4.5525 620.0270 187.3405 644.2124 204.8775 1.5463 1.6754 4.2905 2.1475 2.9893 69.6257 -4.5224 0.0022
Car -1 -1 -8.1273 798.7327 184.5992 899.4955 246.6006 1.5209 1.5995 4.2464 6.6475 1.8919 20.6612 -7.8211 0.0019
Car -1 -1 -3.9687 429.9778 176.5874 469.1177 192.7319 1.5299 1.7132 3.7190 -15.8544 1.9093 71.3557 -4.1868 0.0017
Cyclist -1 -1 -3.6283 956.1351 157.7882 1016.7722 205.9050 1.8130 0.7276 1.9399 14.3203 1.2450 27.5626 -3.1538 0.0013
Cyclist -1 -1 -6.5365 741.4659 181.4970 784.4081 218.7609 1.7553 0.7344 1.8889 7.2812 2.1743 34.5907 -6.3315 0.0012
Pedestrian -1 -1 -3.4389 710.8226 173.6385 715.0430 198.4884 1.9881 0.4563 0.2105 8.2443 2.0511 57.9826 -3.2988 0.0007
