Cyclist -1 -1 -4.4168 402.8554 161.3443 469.4800 289.9731 1.7963 0.5319 1.6391 -2.5092 1.5154 10.8671 -4.6442 0.9978
Cyclist -1 -1 -4.5120 502.6098 164.2521 540.2874 245.5559 1.7917 0.5404 1.7718 -1.8785 1.4122 16.7355 -4.6274 0.9961
Cyclist -1 -1 -4.5134 482.0720 167.5623 513.9074 233.1024 1.7570 0.5597 1.7401 -2.9141 1.3839 20.1407 -4.6606 0.9939
Pedestrian -1 -1 -7.6733 281.5981 161.4150 347.6202 302.3947 1.7706 0.6543 0.9584 -3.8390 1.5190 9.5558 -8.0517 0.9681
Pedestrian -1 -1 -8.1015 620.0494 159.3548 678.7750 290.0747 1.7298 0.6116 0.8635 0.6048 1.4375 9.9885 -8.0483 0.9596
Pedestrian -1 -1 -7.9609 684.4204 158.7049 738.8792 288.8796 1.7594 0.6531 0.9282 1.4972 1.4520 10.1826 -7.8243 0.9496
Pedestrian -1 -1 -7.9973 451.8588 170.8729 477.1794 222.0793 1.7167 0.6941 1.1455 -4.7484 1.3608 24.7370 -8.1902 0.9212
Cyclist -1 -1 -7.5846 0.0000 170.1960 29.3927 234.7787 1.7516 0.3875 1.7211 -16.7516 1.4455 20.3481 -8.2722 0.8814
Cyclist -1 -1 -1.9628 134.8002 169.1272 196.7010 253.1674 1.7801 0.5391 1.7696 -9.7299 1.5186 15.9565 -2.5084 0.8456
Pedestrian -1 -1 -7.8175 728.6141 162.2333 749.3220 224.1923 1.7079 0.5559 0.5301 3.8224 1.1773 20.1198 -7.6373 0.8409
Pedestrian -1 -1 -7.8430 728.9388 161.5407 750.4273 223.9134 1.7124 0.5808 0.5702 3.8266 1.1649 20.0567 -7.6620 0.8370
Cyclist -1 -1 -2.0304 133.4764 168.3937 199.1959 253.1812 1.8101 0.5354 1.7435 -9.7587 1.5309 16.0294 -2.5754 0.8176
Pedestrian -1 -1 -4.0667 99.2425 168.2267 165.9684 272.7034 1.7888 0.6123 0.8341 -8.3376 1.5622 12.7364 -4.6424 0.8141
Pedestrian -1 -1 -4.0052 99.2034 168.7724 162.9535 272.6467 1.7816 0.6074 0.7445 -8.3634 1.5639 12.7287 -4.5826 0.7908
Pedestrian -1 -1 -6.4063 606.6817 171.6027 622.8521 200.6902 1.6614 0.4792 0.8752 0.7628 1.0962 41.3153 -6.3930 0.7690
Cyclist -1 -1 -7.5985 0.0000 170.3291 28.6915 233.9598 1.7275 0.4188 1.7283 -16.7990 1.4247 20.3744 -8.2869 0.7446
Car -1 -1 -8.0329 358.2946 182.2325 420.8706 225.9283 1.4112 1.5126 3.3063 -7.4699 1.4390 25.0752 -8.3248 0.7296
Pedestrian -1 -1 -7.7887 715.8792 160.9865 730.5654 202.1926 1.8448 0.6163 0.7220 5.5123 0.9267 32.5815 -7.6274 0.7092
Cyclist -1 -1 -7.6333 0.0000 167.9022 30.7803 231.9094 1.7538 0.3873 1.6980 -16.8037 1.3817 20.5282 -8.3182 0.6693
Pedestrian -1 -1 -7.4536 659.9207 164.4412 694.6642 220.8115 1.6657 0.7543 0.9219 2.2785 1.1621 21.8110 -7.3559 0.6582
Pedestrian -1 -1 -6.4900 606.1865 171.6098 623.2335 200.8861 1.6737 0.5011 0.8964 0.7615 1.1084 41.3989 -6.4768 0.6416
Pedestrian -1 -1 -7.9769 451.7267 171.1558 476.7747 222.4760 1.7276 0.7086 1.1531 -4.7771 1.3798 24.8393 -8.1702 0.6151
Pedestrian -1 -1 -3.9134 100.1809 168.7145 168.7081 272.2799 1.7787 0.6444 0.8022 -8.3492 1.5597 12.7998 -4.4876 0.6144
Pedestrian -1 -1 -5.9270 708.9280 160.8060 740.8961 218.8275 1.7528 0.6086 0.8137 3.7820 1.1281 22.1668 -5.7651 0.5729
Cyclist -1 -1 -7.6376 0.0000 173.2843 25.6670 236.6550 1.7084 0.4006 1.6991 -16.7033 1.4874 20.2131 -8.3270 0.5650
Pedestrian -1 -1 -7.7421 715.6235 160.8058 732.3659 202.0837 1.8373 0.6576 0.8902 5.5328 0.9165 32.4909 -7.5798 0.5516
Cyclist -1 -1 -7.0885 644.7734 163.7786 704.1354 222.5569 1.7078 0.7680 1.7903 2.1923 1.1933 21.7459 -6.9944 0.5028
Pedestrian -1 -1 -7.8180 725.3216 162.1741 747.2652 224.3205 1.7079 0.5877 0.6287 3.7465 1.1773 20.1103 -7.6414 0.4986
Pedestrian -1 -1 -7.1799 378.9194 174.9783 397.5695 210.6322 1.7432 0.6540 0.5988 -10.5500 1.4245 35.5200 -7.4717 0.4983
Pedestrian -1 -1 -3.1034 745.2105 142.2933 777.9694 222.0528 1.9289 0.5975 0.7744 3.9272 0.9813 17.7567 -2.8940 0.4883
Cyclist -1 -1 -8.0965 140.7400 168.4079 189.8609 253.2111 1.7944 0.5262 1.7609 -9.7720 1.5180 16.0069 -8.6427 0.4761
Cyclist -1 -1 -1.9534 137.5149 168.2293 201.2574 251.7206 1.7793 0.5771 1.8394 -9.7319 1.4970 16.0926 -2.4954 0.4707
Pedestrian -1 -1 -2.1230 138.1697 168.1131 192.0487 251.1213 1.7922 0.6003 0.9816 -9.7557 1.5037 16.0001 -2.6686 0.4603
Pedestrian -1 -1 -8.5275 752.3310 143.8246 795.0934 227.0467 1.9081 0.4941 0.9499 4.0316 1.0449 17.0053 -8.3033 0.4340
Car -1 -1 -7.9348 367.8246 181.2816 421.3980 225.0794 1.4180 1.5113 3.3754 -7.3018 1.4114 25.1031 -8.2203 0.4272
Pedestrian -1 -1 -7.9568 713.1277 161.1620 728.3895 202.1517 1.8402 0.6094 0.7020 5.3996 0.9274 32.6162 -7.7990 0.4262
Pedestrian -1 -1 -2.0279 140.9551 168.3854 193.4957 251.7332 1.8004 0.6435 0.9680 -9.7391 1.5176 16.0486 -2.5715 0.4084
Pedestrian -1 -1 -8.3635 758.4535 144.4789 796.5765 226.2639 1.8801 0.5231 0.8465 4.1192 1.0296 16.9927 -8.1343 0.3871
Car -1 -1 -8.1188 347.8310 180.9197 419.2244 225.0395 1.4247 1.5229 3.4191 -7.6752 1.4064 25.0476 -8.4184 0.3699
Pedestrian -1 -1 -7.7437 681.1068 168.7683 704.5390 221.2319 1.6373 0.6730 0.6825 2.8795 1.2404 22.8266 -7.6248 0.3461
Cyclist -1 -1 -7.2655 648.9203 162.7298 704.4056 221.4428 1.6957 0.7996 1.8214 2.2600 1.1540 21.7039 -7.1682 0.3451
Pedestrian -1 -1 -7.2826 679.2745 171.2688 706.0261 222.6651 1.6115 0.6178 0.6101 2.8870 1.2912 22.9549 -7.1641 0.3228
Pedestrian -1 -1 -3.1166 65.8973 178.8024 76.7105 205.5945 1.8168 0.4559 0.5849 -36.1974 1.6338 49.0644 -3.7546 0.2752
Cyclist -1 -1 -7.9456 142.2769 167.7537 178.1167 255.4496 1.8211 0.5071 1.7919 -9.7497 1.5362 15.7862 -8.4969 0.2593
Pedestrian -1 -1 -7.8006 656.1185 166.6432 665.7576 196.3392 1.8468 0.5603 0.9527 3.7494 0.9229 45.1824 -7.7232 0.2513
Cyclist -1 -1 -3.9950 641.9020 164.8565 703.3270 223.2562 1.6799 0.7959 1.8956 2.1260 1.2016 21.6054 -3.9032 0.2439
Pedestrian -1 -1 -6.9173 681.6478 169.3161 710.8384 220.9534 1.6159 0.6496 0.6671 2.9947 1.2351 22.9252 -6.7941 0.2437
Cyclist -1 -1 -7.3596 654.7141 163.7235 709.1110 222.2980 1.6904 0.8455 1.9039 2.4278 1.1779 21.7553 -7.2549 0.2353
Cyclist -1 -1 -7.5403 0.0000 168.8523 36.8937 232.7387 1.7511 0.3946 1.6676 -16.7223 1.4049 20.5377 -8.2226 0.1936
Pedestrian -1 -1 -2.0672 144.4095 169.7672 195.2675 251.1913 1.7481 0.5855 0.9473 -9.6006 1.4968 15.9150 -2.6080 0.1895
Cyclist -1 -1 -8.0230 148.2039 169.4846 194.2429 252.8784 1.7781 0.5740 1.9270 -9.7782 1.5224 16.2338 -8.5633 0.1630
Pedestrian -1 -1 -2.9000 68.2048 178.6789 77.7325 205.8012 1.8473 0.4904 0.4225 -36.2087 1.6552 49.2339 -3.5366 0.1371
Cyclist -1 -1 -7.7587 341.8962 178.5464 357.8524 221.2617 1.5816 0.4183 1.7545 -9.6420 1.4726 27.4988 -8.0981 0.1333
Car -1 -1 -7.9641 366.4411 181.5391 421.6154 225.1954 1.4215 1.4676 3.5234 -7.3816 1.4233 25.3001 -8.2504 0.1330
Car -1 -1 -7.7029 498.1169 173.3504 536.6116 199.9650 1.5724 1.7257 4.6274 -5.1764 1.0911 44.7805 -7.8223 0.1114
Cyclist -1 -1 -6.1636 696.0332 160.6032 753.5742 219.8594 1.7882 0.5336 1.7016 3.7787 1.1581 22.1704 -6.0019 0.1101
Cyclist -1 -1 -8.3995 739.2589 145.4932 795.4751 228.2783 1.9078 0.4721 1.7553 3.9673 1.0786 17.4608 -8.1845 0.1022
Pedestrian -1 -1 -5.2625 774.7073 141.9679 810.2098 219.3774 1.9907 0.5895 0.7594 4.9909 0.9746 18.9231 -5.0131 0.1012
Cyclist -1 -1 -8.2442 739.3101 142.2280 787.7170 222.9992 1.8838 0.4881 1.8186 3.9268 0.9684 17.6913 -8.0340 0.1005
Pedestrian -1 -1 -6.9523 684.0526 166.5359 714.5139 219.7668 1.6544 0.6425 0.7115 3.0729 1.1898 22.7848 -6.8249 0.0955
Cyclist -1 -1 -5.5950 214.8733 176.3888 304.3400 268.2187 1.6242 0.5031 1.4981 -6.2870 1.5344 13.1300 -6.0394 0.0926
Cyclist -1 -1 -7.6571 0.0000 171.7508 21.1817 236.2189 1.7315 0.4383 1.7919 -16.8225 1.4701 20.1849 -8.3506 0.0768
Pedestrian -1 -1 -5.4297 764.2491 141.3943 804.8168 220.8467 2.0375 0.6181 0.8638 4.7881 1.0095 18.9465 -5.1906 0.0728
Pedestrian -1 -1 -8.6673 745.0167 144.5056 788.9909 227.3295 1.9470 0.5498 0.9059 3.9708 1.0779 17.4156 -8.4516 0.0563
Car -1 -1 -7.8958 504.5214 174.9920 534.1125 201.0966 1.5430 1.6367 3.8630 -5.1204 1.1584 44.4959 -8.0147 0.0510
Cyclist -1 -1 -7.3168 44.9875 168.8156 89.2837 224.0488 1.6916 0.3317 1.6546 -16.9916 1.3036 22.8405 -7.9560 0.0493
Pedestrian -1 -1 -2.5372 237.6731 179.3268 287.3018 265.6348 1.5406 0.4675 0.6730 -6.2215 1.5024 13.1073 -2.9782 0.0448
Pedestrian -1 -1 -5.7390 228.4368 177.1328 278.8196 263.9016 1.5487 0.4823 0.6748 -6.3748 1.4713 13.0925 -6.1897 0.0427
Cyclist -1 -1 -6.5337 506.6435 170.2442 536.2744 201.5818 1.8419 0.7163 1.6284 -4.7707 1.1804 42.8457 -6.6490 0.0418
Car -1 -1 -8.2533 355.9413 173.8844 412.8741 206.8126 1.6226 1.5484 3.5680 -11.3004 1.2476 37.2633 -8.5508 0.0409
Pedestrian -1 -1 -2.8645 247.2667 181.3913 284.8287 264.9400 1.5063 0.4246 0.5303 -6.2004 1.5050 13.2028 -3.3015 0.0364
Car -1 -1 -7.7205 508.3748 174.5749 541.8233 200.6080 1.5405 1.5887 3.7439 -4.6723 1.1308 44.3980 -7.8297 0.0269
Pedestrian -1 -1 -7.1865 321.9567 173.3815 353.0323 228.4165 1.6674 0.6752 0.5974 -8.1649 1.4219 22.1511 -7.5410 0.0248
Cyclist -1 -1 -6.8849 378.9883 171.3541 417.3449 207.9836 1.7872 0.6768 1.7791 -10.1697 1.2924 35.9493 -7.1637 0.0217
Car -1 -1 -7.8002 507.7458 174.8728 537.1530 200.8008 1.5363 1.6202 4.0471 -4.8621 1.1437 44.6306 -7.9131 0.0213
Pedestrian -1 -1 -5.2189 318.1768 170.7583 351.1373 229.4121 1.7538 0.6894 0.7040 -8.1885 1.4331 21.9700 -5.5770 0.0201
Cyclist -1 -1 -8.1164 447.3364 169.5333 480.2052 222.9752 1.7759 0.6632 1.7948 -4.7979 1.3786 24.8220 -8.3106 0.0183
Cyclist -1 -1 -6.7294 378.4178 171.2763 419.2557 207.8145 1.7842 0.7232 1.8366 -10.1413 1.2852 35.9572 -7.0075 0.0177
Cyclist -1 -1 -6.6940 672.0916 166.3590 724.4039 221.8683 1.7362 0.6167 1.5406 3.0657 1.2630 22.9796 -6.5681 0.0174
Car -1 -1 -8.0198 495.8781 175.5183 534.1303 200.9516 1.4975 1.6998 3.9285 -5.3857 1.1454 44.4212 -8.1448 0.0168
Pedestrian -1 -1 -5.7059 9.0139 170.0408 27.5946 229.2055 1.8578 0.4574 0.2491 -18.5311 1.4984 22.7961 -6.3880 0.0122
Pedestrian -1 -1 -3.0209 80.1656 171.6380 98.6375 222.5222 1.6719 0.4984 0.4453 -17.0787 1.3483 23.9276 -3.6407 0.0079
Cyclist -1 -1 -7.4949 233.3916 176.0552 282.9609 245.7849 1.5773 0.4739 1.7825 -8.2045 1.4547 17.1578 -7.9403 0.0069
Cyclist -1 -1 -8.0709 685.3640 164.1444 714.2098 220.4381 1.7252 0.5663 1.5834 3.0816 1.1938 22.8286 -7.9434 0.0064
Car -1 -1 -5.9407 462.6769 172.9247 539.7833 201.1293 1.6641 1.7369 4.3106 -6.0663 1.1582 43.6612 -6.0829 0.0063
Car -1 -1 -4.5345 615.7891 175.0421 655.1649 200.7410 1.4308 1.6531 3.9474 2.0423 1.0714 42.1006 -4.4914 0.0050
Car -1 -1 -4.6534 628.4818 175.6449 656.5579 200.7032 1.3968 1.4448 3.6566 2.4317 1.0706 41.9390 -4.6008 0.0049
Pedestrian -1 -1 -2.8334 141.0948 172.6822 173.7327 235.6577 1.6860 0.6052 0.6033 -12.1393 1.4504 19.5982 -3.3872 0.0049
Pedestrian -1 -1 -3.1677 74.7335 177.0722 94.2593 228.1185 1.6758 0.5349 0.5141 -17.2640 1.5309 23.9513 -3.7922 0.0041
Cyclist -1 -1 -7.6535 260.8704 173.4502 296.3849 243.0922 1.5765 0.4525 1.6652 -7.7104 1.3948 17.1229 -8.0762 0.0034
Car -1 -1 -4.5630 34.2668 183.2820 72.0675 205.7876 1.6092 1.7186 3.7642 -40.9548 1.7476 53.7511 -5.2168 0.0031
Car -1 -1 -4.5768 39.1165 184.3435 76.0172 206.5707 1.5932 1.7150 3.9270 -40.9359 1.8159 54.1624 -5.2267 0.0027
Cyclist -1 -1 -7.7848 686.3276 165.0565 709.1826 221.6517 1.7451 0.6348 1.4852 3.0581 1.2385 22.9402 -7.6589 0.0026
Cyclist -1 -1 -7.7784 681.6998 168.9606 703.2666 223.2676 1.6743 0.5818 1.5494 2.8925 1.2881 22.9624 -7.6597 0.0025
Pedestrian -1 -1 -5.4869 56.4197 184.6274 72.4789 206.0372 1.5567 0.6761 0.6599 -39.3965 1.7878 52.7254 -6.1313 0.0014
Cyclist -1 -1 -6.6142 370.0897 174.2280 406.0212 209.7485 1.7210 0.7266 1.5527 -10.5669 1.3689 35.5521 -6.9062 0.0005
Cyclist -1 -1 -6.2272 372.0257 173.5666 402.5591 209.3500 1.7469 0.7254 1.4146 -10.6077 1.3598 35.5860 -6.5200 0.0004
Cyclist -1 -1 -4.0110 83.1034 169.8670 177.7769 276.5407 1.7747 0.5723 1.4941 -8.3419 1.5817 12.7273 -4.5873 0.0003
Cyclist -1 -1 -7.0345 371.7367 174.3495 404.9845 209.8895 1.7207 0.6729 1.5380 -10.5621 1.3747 35.6124 -7.3259 0.0002
Cyclist -1 -1 -5.2010 705.4456 157.6556 746.0009 219.3395 1.8268 0.5823 1.4968 3.7725 1.1211 22.0765 -5.0389 0.0001
