Car -1 -1 -7.5352 211.3897 191.4578 417.3096 338.9544 1.5196 1.4986 3.2891 -3.7234 1.8083 9.5334 -7.8991 0.9999
Car -1 -1 -4.5259 388.9274 182.9275 497.7902 267.1484 1.5872 1.6377 3.8915 -3.6082 1.8383 16.0399 -4.7445 0.9999
Car -1 -1 -4.6018 484.9530 180.3711 532.1086 216.3661 1.4685 1.6236 4.4881 -4.5596 1.8320 32.6488 -4.7400 0.9947
Car -1 -1 -4.5967 485.7304 179.2043 532.5428 216.3044 1.5195 1.5893 4.4007 -4.5175 1.8250 32.5285 -4.7341 0.8769
Car -1 -1 -4.6165 484.2322 179.8038 532.0436 215.8586 1.4778 1.7123 4.6669 -4.6018 1.8167 32.8545 -4.7551 0.8393
Car -1 -1 -4.5114 390.5621 182.3664 500.2401 266.0824 1.5857 1.6148 3.8554 -3.5656 1.8225 16.0469 -4.7274 0.8145
Car -1 -1 -4.5408 528.8599 170.8406 557.3244 191.2414 1.5910 1.6331 4.0030 -5.3976 1.4337 58.3322 -4.6330 0.7267
Car -1 -1 -4.5651 484.1989 179.8061 532.7085 216.9460 1.5240 1.6089 3.7464 -4.5104 1.8520 32.1924 -4.7037 0.6355
Car -1 -1 -4.5437 529.4913 171.5688 556.8002 191.1358 1.5208 1.6124 3.5385 -5.3598 1.4206 57.9049 -4.6359 0.5574
Pedestrian -1 -1 -6.1808 481.4288 172.1220 493.0334 198.9905 1.7969 0.6646 0.7070 -8.3007 1.7477 48.6106 -6.3494 0.4550
Pedestrian -1 -1 -6.5443 480.1106 172.5376 493.7586 199.6179 1.8028 0.7045 0.7477 -8.3079 1.7814 48.5096 -6.7133 0.4031
Car -1 -1 -4.4095 529.3636 171.2174 563.0110 191.3064 1.5628 1.6074 3.9273 -5.1350 1.4352 58.2217 -4.4974 0.3512
Car -1 -1 -4.6503 528.6826 170.5262 551.5082 190.8840 1.5861 1.5973 3.8533 -5.6314 1.4045 58.1699 -4.7467 0.3364
Pedestrian -1 -1 -7.9328 414.7469 165.2772 429.6432 203.7236 1.9030 0.6679 0.7195 -9.4552 1.5277 36.1632 -8.1871 0.3263
Pedestrian -1 -1 -7.9227 414.6094 164.3368 429.5020 203.3931 1.9264 0.6718 0.7220 -9.4298 1.5060 36.0384 -8.1772 0.1853
Car -1 -1 -4.5768 498.0978 178.8619 535.2954 206.2871 1.4518 1.5776 3.9616 -5.2948 1.8098 41.0525 -4.7047 0.1816
Pedestrian -1 -1 -7.3588 666.8900 170.0448 689.2487 213.8920 1.8143 0.6117 0.8426 2.8249 1.6978 30.3766 -7.2676 0.1720
Car -1 -1 -4.6006 501.4923 179.5372 535.7549 206.3284 1.4138 1.5173 3.7668 -5.1738 1.8101 40.9156 -4.7261 0.1712
Car -1 -1 -4.5748 526.1080 171.4478 551.4653 191.1479 1.5181 1.5437 3.4932 -5.6602 1.4095 57.3794 -4.6730 0.1551
Car -1 -1 -4.6966 508.6284 177.9759 535.2041 205.1139 1.4768 1.4644 3.6029 -5.1149 1.7868 41.8388 -4.8179 0.1481
Car -1 -1 -4.3049 529.7896 170.7756 569.2973 191.8213 1.6336 1.6644 4.1653 -4.8601 1.4719 58.2448 -4.3881 0.1378
Car -1 -1 -4.3823 530.0545 171.7636 564.4865 191.5275 1.5194 1.6751 3.5322 -4.9801 1.4353 57.3865 -4.4688 0.1317
Car -1 -1 -4.7887 511.1234 179.7160 541.3191 205.9776 1.3926 1.4404 3.4666 -4.8377 1.8004 41.0635 -4.9057 0.1228
Car -1 -1 -7.7041 527.6233 173.0789 553.5098 192.8797 1.5123 1.5101 3.6466 -5.4817 1.5304 57.0127 -7.7999 0.1123
Car -1 -1 -4.8512 523.9651 170.4821 550.8150 191.0164 1.5956 1.6117 4.0001 -5.9160 1.4110 58.2004 -4.9523 0.1098
Pedestrian -1 -1 -7.5469 670.1876 169.3858 690.6439 213.4969 1.8256 0.6316 0.8506 2.9246 1.6817 30.3759 -7.4524 0.0948
Pedestrian -1 -1 -7.5837 670.1848 169.6485 690.1185 213.6228 1.8246 0.6103 0.9466 2.9254 1.6913 30.4894 -7.4896 0.0891
Car -1 -1 -3.7520 524.8701 171.1846 577.3823 191.0711 1.5456 1.6582 3.9740 -4.7351 1.4156 57.9847 -3.8334 0.0890
Pedestrian -1 -1 -4.7860 687.9559 170.8058 706.2911 220.9544 1.7769 0.5924 0.8347 3.0872 1.7041 25.9960 -4.6698 0.0807
Pedestrian -1 -1 -4.9301 685.3015 169.8654 706.4175 221.3574 1.8341 0.5976 0.8001 3.0576 1.7273 26.1286 -4.8156 0.0805
Car -1 -1 -4.6747 505.6451 179.7058 533.5474 205.5080 1.3808 1.4570 3.6292 -5.1976 1.7922 41.4786 -4.7990 0.0688
Car -1 -1 -4.4149 491.0983 179.0979 541.5300 206.8566 1.4439 1.6634 4.2017 -5.2591 1.8152 40.7360 -4.5429 0.0599
Car -1 -1 -7.9461 501.1293 177.4996 537.2054 203.8652 1.4598 1.7511 4.0993 -5.4834 1.7499 42.9127 -8.0728 0.0524
Car -1 -1 -7.8849 506.6018 178.3204 537.6661 204.2527 1.4250 1.6917 3.9755 -5.2664 1.7635 42.6258 -8.0075 0.0523
Pedestrian -1 -1 -3.0876 471.0639 171.7518 485.8871 203.1055 1.8252 0.5633 0.8268 -7.7497 1.7607 42.3341 -3.2679 0.0497
Car -1 -1 -4.1981 531.5353 171.1957 572.6402 191.3280 1.5586 1.6487 3.7700 -4.6366 1.4299 57.9181 -4.2779 0.0465
Car -1 -1 -3.4130 521.8378 170.5974 572.5490 191.1947 1.6073 1.6524 3.7358 -5.0566 1.4309 57.7350 -3.5003 0.0394
Car -1 -1 -4.3965 487.3282 178.0055 537.4647 205.8457 1.4740 1.6487 4.0717 -5.5389 1.7828 41.1484 -4.5299 0.0331
Car -1 -1 -4.7092 498.7551 177.0936 532.0666 206.5899 1.5951 1.8205 4.2008 -5.5157 1.8537 41.8512 -4.8399 0.0296
Pedestrian -1 -1 -6.2011 714.6025 175.3470 731.2344 219.9086 1.7181 0.5920 0.5984 4.3735 1.8166 28.2172 -6.0496 0.0296
Car -1 -1 -4.0425 468.9577 177.7279 543.3783 205.8809 1.4624 1.7144 4.5234 -5.8146 1.7531 40.6916 -4.1840 0.0269
Car -1 -1 -4.0174 475.0539 176.8174 542.6235 204.5236 1.4889 1.7706 3.8858 -5.7995 1.7282 41.4974 -4.1559 0.0262
Pedestrian -1 -1 -6.6390 717.7801 173.8818 736.2643 217.9806 1.7041 0.5833 0.5432 4.5317 1.7445 28.2372 -6.4822 0.0257
Car -1 -1 -3.8198 527.3081 171.3276 582.1242 191.4970 1.5632 1.6421 4.3201 -4.4371 1.4446 57.9988 -3.8962 0.0254
Car -1 -1 -8.1297 491.2355 177.4946 539.7157 204.9541 1.5175 1.7363 4.3574 -5.7262 1.8089 43.0116 -8.2617 0.0251
Car -1 -1 -2.9543 473.8484 178.2997 540.2239 204.4534 1.4755 1.6029 3.5857 -5.9906 1.7985 41.9560 -3.0957 0.0218
Car -1 -1 -3.5661 525.8992 171.4586 581.1295 191.4744 1.5527 1.6395 4.0893 -4.5318 1.4441 57.6749 -3.6445 0.0216
Car -1 -1 -2.4124 476.0889 177.2690 544.7459 205.2844 1.5648 1.6633 3.9016 -5.9400 1.8363 42.6404 -2.5504 0.0194
Car -1 -1 -6.0015 512.0706 170.4467 567.9244 191.9087 1.6719 1.6262 4.1331 -5.5787 1.4841 57.3887 -6.0983 0.0188
Cyclist -1 -1 -7.3368 406.6464 164.0179 434.8119 204.3779 1.9617 0.6464 1.6074 -9.4517 1.5319 35.9301 -7.5925 0.0177
Car -1 -1 -4.8806 521.7773 170.4672 549.8015 191.0166 1.5845 1.6270 3.6919 -5.9846 1.4001 57.6303 -4.9839 0.0172
Car -1 -1 -4.0055 470.4752 178.9152 546.3688 206.1287 1.3970 1.8145 4.3523 -5.6537 1.7555 40.3964 -4.1441 0.0160
Cyclist -1 -1 -8.0754 350.9884 172.4970 369.5169 208.3598 1.6031 0.4376 1.7159 -11.5065 1.5869 33.0990 -8.4078 0.0133
Car -1 -1 -2.6752 473.2910 177.7918 543.7734 204.6814 1.5089 1.5964 3.7830 -5.9847 1.8077 42.3512 -2.8151 0.0121
Car -1 -1 -3.2022 473.8022 178.7375 539.8682 205.0031 1.4543 1.5616 3.6811 -6.0023 1.8025 41.5976 -3.3450 0.0117
Car -1 -1 -3.3251 526.5717 172.3965 577.6067 191.7639 1.5072 1.5098 3.8338 -4.6407 1.4713 57.3819 -3.4058 0.0110
Car -1 -1 -3.3942 464.2746 178.8446 542.0176 206.0957 1.4724 1.6040 4.1215 -6.1355 1.8270 41.2036 -3.5415 0.0103
Car -1 -1 -7.8779 504.7373 175.6591 535.9960 203.3263 1.5560 1.7496 4.7597 -5.4958 1.7347 43.5662 -8.0030 0.0086
Car -1 -1 -8.0349 495.0463 174.8667 539.9311 202.7414 1.5665 1.8141 4.9597 -5.6865 1.6951 43.5684 -8.1643 0.0082
Car -1 -1 -4.3071 480.1616 178.6046 539.5745 206.8073 1.4232 1.6800 4.2752 -5.4614 1.7569 39.6259 -4.4436 0.0080
Car -1 -1 -3.8915 462.7951 177.2786 541.8704 205.0538 1.4337 1.7680 4.3055 -5.9726 1.6935 40.1886 -4.0385 0.0077
Car -1 -1 -6.1149 523.7083 171.4124 571.9814 190.7021 1.5044 1.3801 3.6274 -4.9287 1.3916 57.1084 -6.2009 0.0076
Car -1 -1 -3.0317 527.2018 172.7736 578.5461 191.8822 1.4883 1.4403 3.9082 -4.5149 1.4817 56.9765 -3.1107 0.0066
Car -1 -1 -4.5225 492.5913 180.1638 536.1503 207.9433 1.4034 1.6285 4.0896 -5.2316 1.8259 39.6410 -4.6533 0.0066
Pedestrian -1 -1 -2.8385 754.9114 169.7730 777.9385 232.1949 1.6529 0.5204 0.4753 4.1679 1.5710 19.4490 -2.6312 0.0062
Car -1 -1 -4.5199 611.2351 167.8050 636.5751 185.1526 1.6520 1.7448 4.0737 1.3790 1.1709 70.8865 -4.5008 0.0061
Car -1 -1 -3.4564 527.9116 169.5658 588.4410 190.9220 1.6560 1.7132 4.5103 -4.1612 1.4007 57.5942 -3.5285 0.0059
Pedestrian -1 -1 -8.1311 646.1478 179.9548 665.7419 215.1400 1.7656 0.8286 0.7299 2.3020 2.1321 36.8313 -8.0699 0.0059
Pedestrian -1 -1 -7.9697 255.6256 171.5461 299.9331 268.0952 1.7927 0.7183 0.4978 -6.4067 1.7681 13.7960 -8.3976 0.0057
Car -1 -1 -4.3022 477.4494 179.1212 537.7725 207.2285 1.3905 1.6789 4.2198 -5.4911 1.7482 38.9584 -4.4418 0.0056
Car -1 -1 -4.4177 480.4747 179.1745 536.3018 208.8459 1.4423 1.6504 4.7264 -5.3870 1.8015 38.5843 -4.5559 0.0055
Pedestrian -1 -1 -7.7456 245.6484 171.4585 289.7987 273.3845 1.8888 0.7018 0.5620 -6.5651 1.8627 13.7507 -8.1841 0.0054
Car -1 -1 -4.5138 418.5677 181.0150 485.6021 225.8452 1.4722 1.5795 4.3728 -5.7856 1.7987 26.6918 -4.7257 0.0051
Car -1 -1 -3.9833 464.7436 177.4534 542.7650 205.7634 1.4223 1.7275 4.3748 -5.7521 1.6872 39.2993 -4.1281 0.0048
Car -1 -1 -5.0132 603.0914 168.7014 628.8347 184.5072 1.5117 1.4647 3.8164 0.5396 1.1143 71.0497 -5.0059 0.0048
Car -1 -1 -4.2177 471.0935 180.1410 537.3998 208.2941 1.3743 1.6076 4.4459 -5.6434 1.7898 38.8091 -4.3615 0.0046
Car -1 -1 -4.6434 611.9318 168.5160 629.4933 184.5617 1.5386 1.4826 3.6885 1.0583 1.1224 71.0886 -4.6289 0.0045
Car -1 -1 -3.2339 529.4405 171.6532 585.3297 191.4128 1.5372 1.5885 4.2947 -4.2199 1.4435 57.2691 -3.3074 0.0044
Car -1 -1 -5.7440 504.0045 169.4238 561.5880 191.2545 1.6905 1.5785 4.3727 -6.1882 1.4246 57.5076 -5.8510 0.0040
Car -1 -1 -5.1097 633.2933 174.1936 683.7767 198.1535 1.4357 1.5581 4.5347 2.9874 1.5251 45.9008 -5.0455 0.0038
Car -1 -1 -5.0462 633.8431 173.4672 678.8440 196.9070 1.4313 1.5500 4.3206 2.8925 1.4725 46.4695 -4.9848 0.0037
Car -1 -1 -3.9924 460.6735 179.1533 537.9799 206.0742 1.3312 1.6983 4.3296 -5.9515 1.6916 39.0281 -4.1431 0.0032
Car -1 -1 -6.0102 531.2449 169.4110 593.3965 190.8964 1.6516 1.7271 4.5852 -3.7636 1.3867 56.7825 -6.0764 0.0030
Car -1 -1 -4.8867 636.7848 173.9693 671.4515 197.2116 1.4318 1.5893 3.8047 2.7736 1.5066 46.6191 -4.8281 0.0028
Car -1 -1 -6.4461 636.2886 172.4909 699.9661 194.5980 1.4198 1.6639 3.9434 3.7509 1.3962 47.3360 -6.3679 0.0028
Car -1 -1 -5.9653 528.7983 170.8775 589.3703 191.1409 1.5569 1.6148 4.4736 -4.0236 1.4048 56.7696 -6.0361 0.0026
Car -1 -1 -5.0239 633.5997 174.9401 678.6918 199.2305 1.4535 1.5823 4.3825 2.8408 1.5926 45.8944 -4.9629 0.0026
Cyclist -1 -1 -7.4299 409.3818 164.7787 435.7965 203.1754 1.8749 0.6263 1.7240 -9.4113 1.4803 36.1355 -7.6832 0.0024
Car -1 -1 -6.5369 636.6651 172.0978 694.5947 194.1539 1.4214 1.6510 3.5082 3.6187 1.3724 47.6250 -6.4619 0.0024
Car -1 -1 -3.0007 527.4642 170.8147 586.6511 191.5475 1.6088 1.6737 4.4710 -4.1797 1.4502 56.9739 -3.0739 0.0023
Car -1 -1 -4.9133 632.0386 172.9268 668.5588 197.0011 1.5153 1.5852 4.2195 2.5773 1.5200 47.6316 -4.8599 0.0022
Car -1 -1 -3.8524 456.3962 176.5258 543.4124 205.4537 1.4611 1.8121 4.6349 -5.9777 1.6732 39.3875 -4.0024 0.0021
Car -1 -1 -6.3432 290.1765 178.1447 389.9730 214.4016 1.4732 1.6132 3.9680 -11.7508 1.7138 31.3083 -6.6999 0.0020
Car -1 -1 -4.8355 635.1659 172.2606 667.2254 196.7123 1.5201 1.6230 3.6872 2.5960 1.4829 46.7513 -4.7808 0.0019
Car -1 -1 -4.6487 495.0742 178.4601 531.7935 210.0064 1.5295 1.6166 5.1597 -5.1305 1.8491 38.5457 -4.7806 0.0019
Car -1 -1 -4.7997 634.5386 172.2921 661.5189 195.5711 1.4959 1.5037 3.2995 2.4689 1.4595 48.0422 -4.7490 0.0013
Car -1 -1 -4.8194 633.3980 170.6022 666.7964 197.2419 1.6703 1.7219 4.3934 2.5558 1.5289 47.4815 -4.7664 0.0009
Pedestrian -1 -1 -3.4467 1179.5142 152.0680 1241.0000 374.0000 1.5171 0.4911 0.4029 3.8009 1.3969 4.4628 -2.7737 0.0004
Pedestrian -1 -1 -7.6000 727.5624 159.2453 752.3948 211.6229 2.0519 0.8065 0.7831 5.1449 1.5185 28.7896 -7.4255 0.0002
Cyclist -1 -1 -6.1373 402.5880 164.5511 440.5192 202.5371 1.8735 0.7302 1.7460 -9.4422 1.4637 36.0454 -6.3920 0.0002
