Car -1 -1 -7.7767 496.6484 180.6372 536.8583 212.8506 1.4388 1.6559 3.6712 -4.5129 1.8364 35.0093 -7.9044 0.9993
Car -1 -1 -7.8681 551.8246 180.7541 602.3901 227.0245 1.4211 1.5985 3.5287 -1.1983 1.7099 24.5902 -7.9170 0.9992
Car -1 -1 -4.3149 163.9287 186.0898 249.3196 230.7379 1.5128 1.5825 3.4971 -15.2281 2.0476 27.3509 -4.8191 0.9984
Car -1 -1 -7.7656 495.7319 180.3323 536.5522 212.5582 1.4393 1.6365 3.8071 -4.5464 1.8224 35.0582 -7.8941 0.7013
Car -1 -1 -4.4356 730.7745 181.1047 767.0714 203.0133 1.5035 1.6063 4.0012 10.2650 2.1370 53.2817 -4.2468 0.6653
Car -1 -1 -3.9871 838.4755 184.8147 889.0332 205.8063 1.5420 1.6505 3.7765 19.8555 2.5058 56.5166 -3.6514 0.6649
Car -1 -1 -4.0409 838.1828 183.7674 889.0463 205.0582 1.5592 1.5821 4.0454 19.8047 2.4381 56.3824 -3.7053 0.5799
Car -1 -1 -4.3287 729.1281 179.9733 771.8137 202.2460 1.5373 1.6628 4.1835 10.4092 2.0859 53.4212 -4.1377 0.5404
Car -1 -1 -3.8858 722.1297 181.2098 777.6486 203.1506 1.5232 1.6657 3.9291 10.2893 2.1587 53.1600 -3.6961 0.4868
Car -1 -1 -8.1307 608.2338 175.8399 648.6768 202.0517 1.5794 1.6416 3.5941 1.0959 1.7769 45.8638 -8.1074 0.4254
Car -1 -1 -3.9348 834.3214 183.7951 887.0344 205.2601 1.5869 1.7217 3.8261 19.6458 2.4697 56.6184 -3.6029 0.4128
Car -1 -1 -7.8504 936.0104 185.7977 974.1033 220.2356 1.5751 1.6635 3.8486 17.4843 2.2703 36.6720 -7.4092 0.3931
Car -1 -1 -3.9907 837.0517 184.6744 891.5566 205.8126 1.5531 1.7753 4.1143 19.9965 2.5123 56.7888 -3.6543 0.3767
Car -1 -1 -7.7101 935.3711 185.8380 985.0082 220.7298 1.5846 1.7073 4.1126 17.7544 2.2818 36.5765 -7.2620 0.3730
Car -1 -1 -3.7770 725.3381 181.6817 781.5739 202.7775 1.4617 1.6400 3.8130 10.4812 2.1271 52.8531 -3.5827 0.3664
Car -1 -1 -4.4863 728.9814 181.1489 762.9150 202.9386 1.4990 1.6313 3.9471 10.0666 2.1372 53.3996 -4.3015 0.3604
Car -1 -1 -7.9515 617.1464 175.8235 648.7714 201.9189 1.5737 1.6462 3.6929 1.3854 1.7699 45.8425 -7.9220 0.3503
Car -1 -1 -4.4014 733.2469 181.8373 771.4019 203.6335 1.4880 1.6093 4.0314 10.4977 2.1767 53.1861 -4.2081 0.3349
Car -1 -1 -4.5688 731.5201 181.8574 760.9894 203.1542 1.4605 1.6470 3.5365 10.0188 2.1465 53.0600 -4.3837 0.3309
Car -1 -1 -4.0528 728.0039 181.4445 780.1763 203.6390 1.5286 1.6506 4.0284 10.6086 2.1842 53.1451 -3.8574 0.3071
Car -1 -1 -8.5013 589.1512 176.2493 645.0929 202.2571 1.5610 1.5679 3.8070 0.3770 1.7857 45.8219 -8.4937 0.2819
Car -1 -1 -7.8136 934.8204 186.0385 976.1636 221.0181 1.5832 1.7400 3.4876 17.2661 2.2777 36.0747 -7.3711 0.2737
Car -1 -1 -7.9641 928.7401 185.7507 973.5435 220.1140 1.5840 1.6524 3.6033 17.2557 2.2751 36.7105 -7.5284 0.1997
Car -1 -1 -3.5041 727.1709 182.2464 784.7905 203.2284 1.4667 1.6214 3.7826 10.5812 2.1649 52.5448 -3.3070 0.1892
Car -1 -1 -8.3405 597.2953 176.2443 647.0970 201.9832 1.5431 1.5774 3.7659 0.6950 1.7676 45.8282 -8.3259 0.1879
Car -1 -1 -7.0575 728.7611 181.5738 786.1190 203.3771 1.5045 1.7416 4.0865 10.8362 2.1681 53.1016 -6.8578 0.1842
Car -1 -1 -6.4800 731.5071 182.2614 790.2692 203.0296 1.4639 1.6779 3.9280 10.9105 2.1590 52.4831 -6.2767 0.1754
Car -1 -1 -7.5617 930.5865 186.4529 988.3244 220.7987 1.5651 1.6161 3.7585 17.5955 2.2862 36.3432 -7.1146 0.1625
Car -1 -1 -6.7785 729.5409 181.8261 789.0007 203.1916 1.4888 1.7288 3.9135 10.8916 2.1630 52.8440 -6.5768 0.1617
Car -1 -1 -7.5588 934.8093 185.7088 995.9052 220.3516 1.5641 1.7101 3.8318 17.7425 2.2412 36.0364 -7.1051 0.1427
Car -1 -1 -4.6965 730.3544 179.5684 753.6811 201.1565 1.4958 1.6367 3.9869 9.7704 2.0123 53.4231 -4.5171 0.1411
Car -1 -1 -8.0639 919.7573 186.6243 973.3226 221.2450 1.5920 1.6784 3.9386 17.1208 2.3372 36.9591 -7.6338 0.1381
Car -1 -1 -4.3969 736.7031 182.2315 773.4272 203.0208 1.4152 1.6321 3.5073 10.6117 2.1261 52.7875 -4.2001 0.1358
Car -1 -1 -8.1822 912.3362 185.8656 972.5759 219.8632 1.5769 1.6428 3.7988 16.9013 2.2784 36.9457 -7.7568 0.1287
Car -1 -1 -7.4564 930.5215 186.1222 996.8743 221.4290 1.6061 1.6649 3.7646 17.6818 2.3038 36.0944 -7.0047 0.1015
Car -1 -1 -6.2534 731.5638 182.4760 786.9619 203.2280 1.4335 1.5900 3.8668 10.7713 2.1455 52.1906 -6.0514 0.0857
Car -1 -1 -7.5358 620.1740 175.6082 664.4379 201.8513 1.5701 1.6446 3.9848 2.0635 1.7527 45.7754 -7.4915 0.0803
Car -1 -1 -3.2339 715.4848 180.9969 768.9346 202.0453 1.4789 1.6607 3.6792 9.5431 2.0816 52.4455 -3.0554 0.0792
Pedestrian -1 -1 -3.6795 929.1398 185.3889 950.2461 220.8615 1.7245 0.6717 0.7042 16.2747 2.3511 35.7151 -3.2557 0.0752
Car -1 -1 -7.4238 933.4277 188.6034 1005.3694 224.2923 1.6107 1.6763 4.1351 18.0459 2.4442 36.2443 -6.9658 0.0734
Car -1 -1 -6.6001 612.9759 176.0239 684.0367 202.4618 1.5981 1.6980 4.1310 2.3695 1.8028 45.3033 -6.5487 0.0603
Car -1 -1 -7.4321 611.1407 175.8788 661.5907 201.8805 1.5569 1.6435 4.1890 1.6985 1.7586 45.9658 -7.3959 0.0570
Car -1 -1 -6.9649 607.3281 175.5314 679.3877 202.3849 1.6172 1.7362 4.4896 2.1192 1.7947 45.8902 -6.9196 0.0512
Car -1 -1 -3.5056 713.0151 180.0881 771.7375 202.0391 1.5525 1.7436 3.8784 9.6817 2.0962 53.0448 -3.3266 0.0493
Pedestrian -1 -1 -6.8965 932.6362 185.3721 953.2427 221.7950 1.7591 0.6249 0.6840 16.3239 2.3806 35.4722 -6.4690 0.0490
Car -1 -1 -7.6373 619.1437 176.3517 657.9081 202.4732 1.5598 1.6480 3.9618 1.8215 1.7917 45.7784 -7.5983 0.0484
Car -1 -1 -6.8180 608.5455 175.4025 679.3867 201.9467 1.6031 1.6742 4.2117 2.1263 1.7701 45.6368 -6.7722 0.0474
Car -1 -1 -6.9482 926.7780 186.4749 1015.3680 220.4700 1.5822 1.6578 3.6909 17.8105 2.2788 35.7248 -6.4897 0.0465
Car -1 -1 -3.1082 716.8136 180.8538 771.3118 202.5244 1.5154 1.7235 3.8475 9.7611 2.1126 52.6345 -2.9264 0.0462
Car -1 -1 -6.4927 445.2529 176.4121 532.0645 209.8562 1.7011 1.7803 4.3112 -6.5430 1.8994 38.6652 -6.6597 0.0312
Pedestrian -1 -1 -4.2048 1101.0117 160.2374 1136.8844 233.1217 2.0073 0.6792 0.4753 14.2509 1.6595 20.2811 -3.5997 0.0204
Car -1 -1 -8.0270 443.2222 174.7068 486.3267 209.4559 1.7767 1.6478 3.8813 -7.9780 1.8826 39.2243 -8.2268 0.0189
Car -1 -1 -4.4150 192.4504 186.2137 254.6208 215.3488 1.3640 1.7488 4.0961 -20.2726 2.1067 37.9517 -4.9030 0.0170
Car -1 -1 -6.3358 449.3516 176.3871 533.0436 210.6222 1.7474 1.7196 4.3055 -6.3816 1.9415 38.4001 -6.4999 0.0169
Car -1 -1 -8.1446 433.0494 174.7992 484.2257 209.2308 1.7591 1.6473 3.9803 -8.3193 1.8704 39.2468 -8.3526 0.0168
Car -1 -1 -4.1336 173.0388 185.3561 251.9576 215.5503 1.3841 1.5522 4.0709 -20.2589 2.0593 36.8970 -4.6330 0.0167
Car -1 -1 -4.6817 16.1929 184.7377 47.1123 209.6296 1.6389 1.5967 3.6556 -41.1102 2.5155 51.3019 -5.3549 0.0141
Car -1 -1 -6.2860 701.2723 179.5760 757.5695 201.7946 1.5651 1.7307 3.9909 8.6757 2.0667 52.7037 -6.1242 0.0124
Car -1 -1 -2.6476 384.9820 176.0303 477.9503 209.8714 1.7218 1.8121 4.4825 -9.5240 1.8969 38.4174 -2.8894 0.0122
Car -1 -1 -6.3089 929.4532 185.2833 1020.5312 220.8224 1.6083 1.6259 3.8945 17.7352 2.2430 35.3023 -5.8473 0.0120
Car -1 -1 -6.3303 699.7824 179.7400 756.7070 201.4250 1.5281 1.6289 4.0129 8.5388 2.0390 52.5368 -6.1705 0.0115
Car -1 -1 -4.2615 182.7053 187.0848 251.9471 215.3963 1.3066 1.5787 3.9359 -20.2483 2.0816 37.3102 -4.7560 0.0087
Pedestrian -1 -1 -3.8642 932.8011 185.3141 956.2001 223.1384 1.8119 0.6680 0.7949 16.3140 2.4284 35.2851 -3.4350 0.0083
Car -1 -1 -4.4419 203.4694 185.4801 263.4836 213.7973 1.3799 1.8025 4.3753 -20.5852 2.1125 39.5603 -4.9192 0.0081
Car -1 -1 -2.8537 381.3344 176.5627 474.3632 211.0824 1.7629 1.8246 4.4231 -9.5965 1.9634 38.0683 -3.0994 0.0081
Car -1 -1 -4.7695 0.0000 184.9411 30.7309 211.1774 1.6642 1.8356 3.8133 -41.2444 2.5296 49.6544 -5.4602 0.0078
Car -1 -1 -4.4238 190.3967 186.7661 249.5756 217.2406 1.4035 1.6301 3.9076 -20.0658 2.1607 37.2070 -4.9157 0.0071
Pedestrian -1 -1 -8.6355 1035.5250 160.7191 1066.1353 219.2166 1.7669 0.6047 0.5280 13.4631 1.4000 22.1221 -8.0951 0.0069
Car -1 -1 -1.7230 0.0000 184.3737 41.5165 212.2939 1.7945 1.9590 4.2375 -41.3409 2.6313 50.2901 -2.4086 0.0066
Car -1 -1 -4.4887 8.5392 183.9973 52.1322 209.4619 1.6500 1.5967 3.6724 -40.5437 2.4605 50.5031 -5.1627 0.0065
Car -1 -1 -6.1062 447.8622 176.6165 535.8569 210.5600 1.7405 1.6695 4.3547 -6.2216 1.9432 38.0588 -6.2676 0.0064
Car -1 -1 -4.3874 204.5682 186.1579 265.2309 214.0044 1.3550 1.7287 4.0075 -20.3475 2.1171 39.2374 -4.8633 0.0062
Car -1 -1 -4.5415 12.9012 184.5638 54.8745 209.4964 1.6344 1.6676 4.0635 -41.1134 2.5059 51.5326 -5.2125 0.0060
Pedestrian -1 -1 -8.6938 1041.3767 163.5340 1071.6995 218.6829 1.6525 0.6675 0.4563 13.5238 1.3729 21.9354 -8.1476 0.0057
Car -1 -1 -8.0081 0.0687 183.7427 45.8678 210.7606 1.7552 1.8851 4.1521 -41.2633 2.5509 50.6525 -8.6893 0.0056
Car -1 -1 -1.5673 10.5320 184.4988 44.3622 210.8588 1.7148 1.8018 3.9950 -41.1293 2.5708 50.9370 -2.2442 0.0049
Car -1 -1 -4.3315 205.8423 185.9097 265.7521 214.3615 1.3954 1.5845 3.7834 -20.2563 2.1387 39.1411 -4.8066 0.0032
Car -1 -1 -4.8498 703.9396 180.9402 726.0675 196.5081 1.3866 1.5791 3.5696 9.8350 2.1674 67.9123 -4.7070 0.0027
Car -1 -1 -4.6503 706.9323 182.5713 726.2052 198.3628 1.4056 1.5885 3.8232 10.1584 2.3587 68.7612 -4.5047 0.0021
Cyclist -1 -1 -8.2610 613.9427 174.9450 629.5079 203.0141 1.7008 0.4046 1.4850 0.6832 1.8320 44.5983 -8.2463 0.0020
Car -1 -1 -4.9353 530.9872 177.5153 556.6448 194.1935 1.5613 1.6826 3.9057 -6.5457 2.0323 70.8454 -5.0275 0.0018
Car -1 -1 -4.8828 702.2496 182.7485 725.2527 198.0528 1.3680 1.5636 3.6566 9.8350 2.3357 68.7377 -4.7417 0.0018
Car -1 -1 -5.0972 695.9690 181.9618 725.2448 198.4483 1.4737 1.5418 3.5056 9.4963 2.3615 68.4720 -4.9604 0.0018
Car -1 -1 -5.1298 523.4077 177.4874 556.5144 194.8418 1.6207 1.7054 4.1179 -6.9207 2.0891 70.7768 -5.2273 0.0017
Car -1 -1 -4.8497 472.8605 176.0997 498.9081 193.9631 1.5321 1.7715 4.0122 -11.2085 1.8333 64.8560 -5.0204 0.0017
Pedestrian -1 -1 -4.4406 561.4652 186.1984 597.7000 283.7393 1.7223 0.4527 0.8835 -0.6074 1.9779 13.3534 -4.4866 0.0017
Car -1 -1 -5.0867 695.7483 183.5094 725.8655 200.0620 1.4733 1.5742 3.7532 9.5604 2.5190 68.8184 -4.9498 0.0013
Pedestrian -1 -1 -6.5670 633.9929 174.7895 641.6914 194.7354 1.5947 0.6736 0.4484 2.2155 1.7514 58.1444 -6.5295 0.0013
Car -1 -1 -4.1183 531.2587 177.3538 568.5732 194.2321 1.5803 1.7545 3.9271 -5.8848 2.0351 70.8406 -4.2012 0.0011
Car -1 -1 -4.4655 532.8422 177.5811 559.4479 194.6242 1.5984 1.6833 3.9896 -6.2628 2.0766 70.9374 -4.5536 0.0010
Pedestrian -1 -1 -6.3067 634.4069 176.4492 640.0498 195.7069 1.5452 0.6595 0.4396 2.1741 1.8373 58.3503 -6.2700 0.0010
Pedestrian -1 -1 -6.0696 632.0098 174.4230 638.8926 194.3038 1.5901 0.6444 0.4282 2.0251 1.7170 58.1326 -6.0353 0.0010
Pedestrian -1 -1 -3.0718 631.5320 174.3505 638.3077 196.7448 1.8022 0.6037 0.5085 1.9930 1.9238 58.4366 -3.0383 0.0009
Pedestrian -1 -1 -7.7979 620.6595 177.1752 632.0445 207.3514 1.8254 0.6586 0.7150 0.9677 2.0918 44.1390 -7.7767 0.0003
Pedestrian -1 -1 -8.0130 616.2648 176.0693 628.9658 202.8035 1.6247 0.6959 0.5748 0.7367 1.8232 44.2653 -7.9970 0.0001
Cyclist -1 -1 -8.3486 613.7778 176.4991 631.0523 202.4927 1.5687 0.5122 1.2866 0.7239 1.7963 44.4256 -8.3329 0.0001
Pedestrian -1 -1 -7.7410 620.1931 175.7967 630.8546 204.0035 1.7148 0.5905 0.6067 0.9194 1.8965 44.2762 -7.7209 0.0000
Cyclist -1 -1 -5.6036 611.2563 174.9997 633.5362 202.1067 1.6381 0.5673 1.3006 0.7236 1.7716 44.3393 -5.5879 0.0000
Cyclist -1 -1 -7.9410 620.0901 175.8697 632.0599 202.9055 1.6344 0.6193 1.3543 0.9503 1.8229 44.4703 -7.9203 0.0000
Cyclist -1 -1 -5.8405 613.2436 174.0887 637.9924 202.7872 1.7358 0.6809 1.3585 0.9238 1.8123 44.3016 -5.8203 0.0000
