Car -1 -1 -6.7056 598.3822 188.3871 865.2717 303.3609 1.4142 1.5121 3.3866 1.7404 1.5233 10.1453 -6.5458 0.9997
Car -1 -1 -6.7121 593.1038 184.9547 864.5469 305.2601 1.4809 1.5008 3.4460 1.6945 1.5358 10.0968 -6.5558 0.8710
Pedestrian -1 -1 -2.9777 70.5617 135.9031 270.9016 373.0000 1.8697 0.5481 0.9573 -2.6037 1.6213 4.3483 -3.4985 0.6810
Pedestrian -1 -1 -6.9425 755.9812 158.9150 772.8752 198.7496 1.8088 0.4983 0.5696 7.4646 0.7835 32.9644 -6.7265 0.6662
Pedestrian -1 -1 -6.9009 755.1505 159.3165 770.6434 198.9393 1.8004 0.4807 0.5081 7.3936 0.7927 32.9618 -6.6869 0.6476
Pedestrian -1 -1 -2.9915 90.8346 144.0706 258.1357 373.0000 1.8320 0.5483 0.8006 -2.6202 1.6247 4.3934 -3.5108 0.6458
Cyclist -1 -1 -2.5694 641.2113 158.8556 688.6927 208.9734 1.7613 0.5166 1.6956 2.2615 0.9659 25.9647 -2.4885 0.5410
Cyclist -1 -1 -5.7189 637.0736 159.1235 685.7492 208.7857 1.7531 0.5675 1.7219 2.1455 0.9636 26.0998 -5.6427 0.5285
Pedestrian -1 -1 -7.1647 754.9690 159.8081 770.7428 198.9526 1.7716 0.4724 0.5350 7.3700 0.7901 32.8607 -6.9507 0.5153
Pedestrian -1 -1 -3.0690 55.1322 136.3015 243.0935 373.0000 1.8371 0.5452 0.9050 -2.7139 1.5948 4.3108 -3.6112 0.4591
Pedestrian -1 -1 -2.3398 237.8925 156.2446 267.2855 220.5139 1.9532 0.5201 0.6370 -10.8004 1.1862 22.1845 -2.7933 0.3950
Pedestrian -1 -1 -4.9650 244.9852 157.9216 268.1562 220.5554 1.9025 0.5127 0.5946 -10.6943 1.1868 22.2119 -5.4142 0.3943
Pedestrian -1 -1 -3.9374 756.4989 159.4847 774.0640 199.4588 1.8074 0.4760 0.6345 7.4790 0.8123 32.8525 -3.7203 0.3866
Pedestrian -1 -1 -4.7957 242.8165 156.9203 265.2393 221.2109 1.9310 0.5594 0.7213 -10.6859 1.1932 22.0281 -5.2478 0.3489
Pedestrian -1 -1 -4.6479 239.7120 156.2425 260.6439 221.4842 1.9595 0.5269 0.8375 -10.8108 1.2013 22.0620 -5.1040 0.2612
Pedestrian -1 -1 -5.7504 262.5635 166.8004 283.2941 221.3808 1.7341 0.4935 0.4136 -10.5842 1.2675 23.0893 -6.1810 0.2523
Cyclist -1 -1 -8.7474 637.5920 159.6774 683.7733 208.7824 1.7261 0.5230 1.7118 2.1099 0.9594 26.0266 -8.6724 0.2331
Cyclist -1 -1 -8.5042 636.4537 160.6074 677.9647 209.6533 1.7349 0.5654 1.7439 2.0013 0.9963 26.2945 -8.4340 0.1936
Pedestrian -1 -1 -2.5891 658.0868 159.1555 686.0867 208.4401 1.7402 0.6354 0.7876 2.5189 0.9516 25.8541 -2.4980 0.1751
Cyclist -1 -1 -8.6002 646.0933 159.3831 687.9166 210.3516 1.7735 0.4840 1.6682 2.3160 1.0043 25.8015 -8.5167 0.1348
Pedestrian -1 -1 -2.5672 258.2781 165.4335 279.5917 220.7129 1.7570 0.4921 0.4236 -10.7196 1.2468 23.1044 -3.0024 0.0940
Pedestrian -1 -1 -7.8587 646.1349 162.6445 664.3299 209.3413 1.6998 0.6607 0.6304 1.9557 1.0138 26.4828 -7.7907 0.0838
Pedestrian -1 -1 -5.8734 776.6360 160.5291 790.6513 197.3817 1.7749 0.6469 0.4440 8.8650 0.7651 34.9880 -5.6320 0.0781
Pedestrian -1 -1 -6.8128 473.9067 165.4282 492.8821 210.8401 1.7945 0.5176 0.5650 -4.7472 1.1597 28.7653 -6.9800 0.0707
Pedestrian -1 -1 -5.3599 256.6984 170.9442 278.9284 221.6783 1.7819 0.5298 0.4899 -11.9022 1.4115 25.5779 -5.7966 0.0685
Pedestrian -1 -1 -8.5892 636.7582 159.9225 661.7108 208.2452 1.7368 0.6267 0.6637 1.7235 0.9617 26.2733 -8.5294 0.0645
Pedestrian -1 -1 -5.2378 253.2834 176.9310 269.8748 205.6386 1.7782 0.7566 0.5669 -21.2695 1.4953 44.9674 -5.6824 0.0610
Pedestrian -1 -1 -5.7811 780.2107 160.2447 794.8288 196.8164 1.7644 0.6394 0.4395 9.0670 0.7392 35.0397 -5.5346 0.0596
Pedestrian -1 -1 -5.3408 174.8791 159.8193 202.5006 221.0587 1.8095 0.4970 0.5393 -12.4174 1.1693 21.5618 -5.8631 0.0577
Pedestrian -1 -1 -5.3432 252.5836 169.7324 275.6162 221.8511 1.8284 0.5584 0.4937 -12.0277 1.4160 25.5639 -5.7842 0.0575
Pedestrian -1 -1 -5.0367 182.2311 159.5227 207.7440 221.1191 1.8213 0.5363 0.5000 -12.2549 1.1719 21.6059 -5.5526 0.0557
Cyclist -1 -1 -4.4153 253.3043 164.2728 285.8099 220.8865 1.7355 0.4678 1.6982 -10.5861 1.2079 22.8940 -4.8492 0.0556
Cyclist -1 -1 -4.5912 261.3703 165.6710 283.4753 219.8067 1.6800 0.4577 1.6334 -10.6135 1.1892 23.1394 -5.0221 0.0539
Pedestrian -1 -1 -2.3037 256.9519 162.6982 282.3105 219.8091 1.7887 0.4944 0.5447 -10.5730 1.2003 22.8324 -2.7381 0.0514
Pedestrian -1 -1 -5.6948 649.3309 159.0751 677.1719 208.7534 1.7718 0.6343 0.7898 2.2233 0.9724 26.1127 -5.6158 0.0483
Pedestrian -1 -1 -3.0323 268.5513 167.4665 283.5964 220.1256 1.6878 0.5367 0.3908 -10.5960 1.2384 23.3395 -3.4594 0.0466
Pedestrian -1 -1 -5.1071 184.3017 160.6418 210.3099 222.7512 1.8458 0.5373 0.4915 -12.2434 1.2264 21.7105 -5.6205 0.0446
Pedestrian -1 -1 -6.4181 777.3446 159.3801 789.2006 196.7204 1.7904 0.6078 0.4741 8.7877 0.7300 34.7707 -6.1773 0.0381
Pedestrian -1 -1 -7.2238 481.4487 165.6090 501.9375 211.8091 1.8288 0.6069 0.5479 -4.4210 1.2001 28.8173 -7.3798 0.0365
Pedestrian -1 -1 -2.5081 645.7392 158.0328 674.1202 208.9872 1.8078 0.7088 0.7509 2.0936 0.9756 25.9995 -2.4336 0.0328
Pedestrian -1 -1 -7.4791 482.0093 165.5599 500.9406 210.6938 1.7967 0.5610 0.6420 -4.4511 1.1625 28.9704 -7.6353 0.0308
Pedestrian -1 -1 -6.2318 773.7156 158.9792 783.3464 196.8069 1.8120 0.5370 0.4292 8.5514 0.7335 34.7268 -5.9970 0.0271
Pedestrian -1 -1 -8.4645 766.0139 159.4905 780.6091 197.9383 1.7838 0.5624 0.3545 8.0252 0.7629 33.5973 -8.2368 0.0264
Pedestrian -1 -1 -7.1739 472.4542 166.0791 492.1880 211.6167 1.8189 0.5557 0.5672 -4.8394 1.2033 29.0759 -7.3425 0.0255
Pedestrian -1 -1 -5.6996 644.6942 158.9644 671.1478 208.9469 1.7884 0.6298 0.7368 2.0350 0.9825 26.1771 -5.6279 0.0235
Pedestrian -1 -1 -7.4706 489.6684 165.1397 507.1767 209.8813 1.7869 0.5243 0.5783 -4.1803 1.1338 29.0317 -7.6174 0.0233
Pedestrian -1 -1 -2.3065 250.1369 161.5993 274.2343 221.0510 1.8601 0.4670 0.5144 -10.7895 1.2379 22.7892 -2.7494 0.0172
Pedestrian -1 -1 -2.9806 270.9923 164.3846 289.2253 221.8227 1.7964 0.4623 0.4604 -10.2016 1.2616 22.7495 -3.4030 0.0140
Pedestrian -1 -1 -7.1851 487.9744 166.5999 507.4587 210.5336 1.7409 0.5812 0.5136 -4.1819 1.1508 28.8319 -7.3329 0.0133
Pedestrian -1 -1 -2.5268 653.5867 158.3268 680.5831 209.2379 1.8006 0.6701 0.7143 2.3426 0.9814 25.8924 -2.4425 0.0106
Pedestrian -1 -1 -4.8824 834.8834 157.0262 853.0492 192.0896 1.6744 0.7011 0.7999 11.7159 0.5059 34.7509 -4.5644 0.0094
Pedestrian -1 -1 -8.4335 764.0983 158.4149 779.9478 199.4033 1.9126 0.5941 0.4172 8.0173 0.8357 33.8184 -8.2075 0.0083
Pedestrian -1 -1 -7.5402 260.3791 164.7384 281.0427 219.0001 1.7551 0.5172 0.3956 -10.8267 1.2134 23.4623 -7.9734 0.0082
Car -1 -1 -4.7237 840.5588 175.5714 898.8928 223.5560 1.4575 1.6805 3.9954 8.8660 1.2779 23.9815 -4.3783 0.0066
Car -1 -1 -6.6257 0.0000 0.0000 1237.0000 373.0000 1.5879 1.6272 3.5840 -3.4060 1.6188 1.2386 -7.7874 0.0051
Car -1 -1 -4.8359 834.7156 170.2861 891.8957 212.3022 1.3495 1.4505 3.0046 8.9117 0.9898 24.6939 -4.4980 0.0051
Car -1 -1 -6.7232 0.0000 0.0000 1237.0000 373.0000 1.5541 1.6089 3.4989 -2.6168 1.5872 1.1705 -7.7996 0.0045
Cyclist -1 -1 -7.8696 882.6552 169.5561 896.7903 216.7668 1.5084 0.3924 1.5111 9.4875 1.1272 23.7277 -7.4981 0.0044
Car -1 -1 -4.7366 850.2788 174.3643 907.0440 223.3157 1.4928 1.6210 3.9784 9.1702 1.2757 24.0508 -4.3811 0.0042
Car -1 -1 -7.5211 235.9143 170.7942 287.5008 197.7353 1.6694 1.7108 4.3779 -22.0366 1.0061 46.7805 -7.9641 0.0040
Car -1 -1 -6.6530 0.0000 0.0000 1237.0000 373.0000 1.5846 1.6249 3.5366 -3.0049 1.6069 1.1881 -7.7804 0.0039
Cyclist -1 -1 -2.4037 240.4341 164.7642 297.4475 219.8828 1.7328 0.5182 1.7750 -10.7186 1.2071 23.0943 -2.8390 0.0038
Car -1 -1 -7.6836 246.6744 171.4677 285.8355 198.1001 1.6569 1.6613 4.0719 -21.8058 1.0328 46.8738 -8.1218 0.0036
Car -1 -1 -4.7203 846.5260 174.6854 898.2990 222.2334 1.4811 1.5257 3.5967 9.1012 1.2693 24.3260 -4.3709 0.0034
Car -1 -1 -7.8604 844.6335 172.7993 893.8990 216.3692 1.3930 1.4913 3.3297 9.1732 1.1152 24.7839 -7.5144 0.0033
Car -1 -1 -6.7823 0.0000 0.0000 1237.0000 373.0000 1.5613 1.6079 3.6260 -1.8021 1.5826 0.9016 -7.7870 0.0030
Car -1 -1 -8.9639 0.0000 0.0000 1237.0000 373.0000 1.5494 1.5836 3.5534 3.8858 1.5320 1.2550 -7.7712 0.0030
Car -1 -1 -6.5494 0.0000 0.0000 1237.0000 373.0000 1.5499 1.5799 3.5751 -4.1849 1.6372 1.2831 -7.7722 0.0030
Car -1 -1 -8.9896 0.0000 0.0000 1237.0000 373.0000 1.5473 1.5809 3.5393 4.2458 1.5409 1.2776 -7.7725 0.0030
Car -1 -1 -6.5179 0.0000 0.0000 1237.0000 373.0000 1.5550 1.5880 3.6421 -4.9746 1.6893 1.4068 -7.7705 0.0030
Car -1 -1 -9.0122 0.0000 0.0000 1237.0000 373.0000 1.5410 1.5890 3.5698 4.6583 1.5420 1.3097 -7.7724 0.0030
Car -1 -1 -6.5663 0.0000 0.0000 1237.0000 373.0000 1.5610 1.5755 3.5290 -3.7873 1.6260 1.2057 -7.7731 0.0030
Car -1 -1 -9.0271 0.0000 0.0000 1237.0000 373.0000 1.5469 1.5871 3.5660 5.0369 1.5499 1.3543 -7.7724 0.0030
Car -1 -1 -6.5195 0.0000 0.0000 1237.0000 373.0000 1.5549 1.5792 3.5721 -4.5791 1.6528 1.2751 -7.7720 0.0030
Pedestrian -1 -1 -4.7852 478.1741 162.0480 493.9638 215.0705 1.8102 0.5184 0.2481 -3.9944 1.1465 24.7057 -4.9490 0.0029
Car -1 -1 -4.6880 839.8185 168.8552 893.1105 217.3777 1.4901 1.5543 3.8764 8.9015 1.1022 24.1477 -4.3434 0.0028
Car -1 -1 -6.7580 0.0000 0.0000 1237.0000 373.0000 1.5432 1.5936 3.4893 -2.2043 1.5723 1.1326 -7.7716 0.0027
Pedestrian -1 -1 -3.6165 864.9774 159.7352 876.2436 188.5498 1.6670 0.5132 0.4243 15.6749 0.4080 41.8382 -3.2650 0.0027
Cyclist -1 -1 -7.8259 485.5541 167.1712 497.9604 211.4169 1.7282 0.4564 1.6688 -4.4271 1.1689 28.9139 -7.9816 0.0026
Car -1 -1 -4.5452 839.2625 173.5968 913.6614 222.2800 1.4476 1.6720 3.9180 9.0255 1.2130 23.4735 -4.1870 0.0022
Pedestrian -1 -1 -6.1425 750.0350 155.6764 758.6762 198.3131 1.9933 0.5449 0.3296 7.2043 0.7863 33.8955 -5.9396 0.0021
Pedestrian -1 -1 -8.0284 485.3919 164.2712 501.3812 210.3290 1.5709 0.5120 0.2219 -3.7396 0.9837 24.6873 -8.1822 0.0020
Pedestrian -1 -1 -3.4378 268.7649 158.9250 287.9487 224.2818 2.0071 0.4275 0.4385 -10.0887 1.3143 22.3654 -3.8623 0.0020
Pedestrian -1 -1 -5.7785 861.3383 160.7389 869.9391 190.6461 1.7176 0.4765 0.2722 15.2681 0.5254 41.5150 -5.4330 0.0017
Cyclist -1 -1 -3.0064 246.2455 171.8635 279.9549 203.7297 1.9698 0.7912 1.8259 -21.2024 1.3742 45.0561 -3.4490 0.0016
Cyclist -1 -1 -4.9194 834.4093 157.8024 853.7687 192.7221 1.6496 0.5477 1.6456 11.7266 0.5304 34.7818 -4.6014 0.0016
Pedestrian -1 -1 -5.8570 117.7180 167.6203 133.8809 223.5350 1.5996 0.4050 0.2447 -13.7813 1.2030 20.7692 -6.4421 0.0015
Pedestrian -1 -1 -8.6187 856.0112 159.9258 867.1141 187.3068 1.5709 0.5117 0.3382 15.0164 0.3333 41.4726 -8.2782 0.0014
Cyclist -1 -1 -8.0611 839.2712 160.8232 859.5564 194.4079 1.5775 0.5417 1.8478 11.9504 0.6065 34.6895 -7.7365 0.0011
Car -1 -1 -8.2515 648.6838 157.1372 783.7348 236.9143 1.6630 1.8033 3.7206 2.5318 1.1557 17.0023 -8.1111 0.0010
Car -1 -1 -7.8032 845.5740 170.6235 897.7375 212.3046 1.3411 1.5587 3.2386 9.3868 0.9915 24.9071 -7.4513 0.0006
Cyclist -1 -1 -4.9338 833.8840 159.9424 854.3510 194.9599 1.6460 0.5796 1.6156 11.6649 0.6329 34.5971 -4.6159 0.0005
Cyclist -1 -1 -4.4778 240.6462 160.4064 272.7042 220.6977 1.7956 0.5115 1.7346 -10.7097 1.1678 22.2950 -4.9261 0.0004
Pedestrian -1 -1 -3.4583 1095.3674 155.0042 1113.0211 205.1741 1.5022 0.5228 0.2848 15.2233 0.7093 21.7991 -2.8593 0.0003
Pedestrian -1 -1 -6.6650 1018.4030 164.0906 1042.9702 229.5612 1.4499 0.4413 0.3287 9.6083 1.0649 16.1504 -6.1406 0.0003
Pedestrian -1 -1 -6.7445 911.9966 173.4860 935.7524 235.4988 1.3416 0.3854 0.3353 7.0239 1.1688 15.7417 -6.3362 0.0003
Pedestrian -1 -1 -3.4152 904.5314 171.7258 927.7623 233.4677 1.3377 0.3845 0.3732 6.8697 1.1265 15.7771 -3.0158 0.0002
Pedestrian -1 -1 -3.7416 918.0702 166.9514 946.4717 237.5446 1.5014 0.4072 0.3941 7.1026 1.1926 15.5142 -3.3239 0.0002
Pedestrian -1 -1 -6.8585 1021.9630 169.3305 1048.5198 232.5671 1.4070 0.3854 0.3578 9.7313 1.1368 16.1832 -6.3294 0.0002
Pedestrian -1 -1 -3.3525 1023.8604 167.2112 1045.1405 224.9433 1.2619 0.3904 0.3248 9.5663 0.9502 15.9379 -2.8242 0.0001
