Car -1 -1 -3.8194 611.4161 168.4204 745.3215 220.6776 1.5321 1.5963 4.1673 2.1735 1.4018 22.9703 -3.7269 0.9998
Car -1 -1 -8.1846 749.4642 181.5095 1039.6267 369.0459 1.4450 1.5755 3.5293 2.5482 1.5560 7.5008 -7.8703 0.9997
Car -1 -1 -4.9223 696.7474 174.7571 844.1338 276.5807 1.4570 1.6049 3.8524 2.4930 1.4943 12.3358 -4.7285 0.9995
Car -1 -1 -5.5470 952.7985 215.0452 1241.0000 374.0000 1.4337 1.6033 3.7788 2.6355 1.6662 2.0909 -4.7141 0.8979
Car -1 -1 -3.7811 0.0000 216.7312 180.5489 374.0000 1.4011 1.6262 4.0917 -3.3860 1.6593 2.1983 -4.7205 0.8391
Car -1 -1 -5.5952 959.8603 202.9865 1241.0000 374.0000 1.4674 1.5919 3.9626 2.7343 1.6367 2.0590 -4.7372 0.7425
Car -1 -1 -5.3872 957.2695 215.6404 1241.0000 374.0000 1.4052 1.5362 3.5038 2.5082 1.6477 2.2772 -4.6167 0.7215
Car -1 -1 -3.8126 612.1093 166.6531 746.8582 221.1942 1.5972 1.5409 4.2227 2.2069 1.4153 22.9269 -3.7185 0.7205
Car -1 -1 -7.4058 326.7243 179.4206 374.2325 203.4388 1.5255 1.5672 3.7129 -17.5307 1.9870 48.8114 -7.7492 0.7095
Car -1 -1 -5.4741 948.5315 209.5297 1241.0000 374.0000 1.4238 1.5471 3.4324 2.5970 1.6302 2.3394 -4.6980 0.6807
Car -1 -1 -3.6374 0.0000 202.5503 177.0459 374.0000 1.4515 1.6509 4.0318 -3.6015 1.6298 2.2428 -4.5974 0.6805
Car -1 -1 -3.9475 0.0000 225.2057 186.6057 374.0000 1.3628 1.4960 3.4590 -3.2391 1.6806 2.5998 -4.7924 0.5905
Car -1 -1 -6.4760 0.0000 190.2243 173.5229 374.0000 1.5086 1.6046 3.9856 -3.9351 1.6172 2.3778 -7.4530 0.5764
Car -1 -1 -9.0113 0.0000 0.0000 1170.5839 374.0000 1.5543 1.6387 4.4477 2.8455 1.6065 1.7919 -8.0748 0.5735
Car -1 -1 -3.8826 0.0000 0.0000 1241.0000 374.0000 1.5127 1.6366 4.1725 -3.2067 1.6659 2.0323 -4.8290 0.5653
Car -1 -1 -7.4874 325.1922 178.6212 368.7139 202.2684 1.5087 1.5637 3.6265 -17.7519 1.9127 48.7534 -7.8351 0.5079
Car -1 -1 -5.5241 0.0000 0.0000 1241.0000 374.0000 1.5273 1.6411 4.1929 2.5050 1.6468 1.7404 -4.6376 0.5009
Car -1 -1 -6.6562 0.0000 205.5894 185.5292 374.0000 1.4165 1.6170 3.6811 -3.8286 1.6278 2.6716 -7.5707 0.4549
Car -1 -1 -6.8562 0.0000 0.0000 1241.0000 374.0000 1.6380 1.6298 4.1654 -3.4321 1.7025 1.6515 -7.9143 0.3648
Car -1 -1 -4.0293 0.0000 0.0000 1241.0000 374.0000 1.4741 1.6516 4.1193 -2.9448 1.6771 1.9145 -4.9601 0.3284
Car -1 -1 -5.3331 0.0000 0.0000 1241.0000 374.0000 1.5048 1.6285 3.9754 2.2742 1.6630 1.7576 -4.4990 0.3115
Pedestrian -1 -1 -3.7457 736.3324 158.6150 748.3812 191.7172 1.8768 0.5209 0.4629 7.5273 1.0692 41.2427 -3.5667 0.2680
Car -1 -1 -4.0081 0.0000 215.6037 236.2416 374.0000 1.3818 1.6039 3.7069 -3.4542 1.6911 3.3268 -4.7729 0.2274
Pedestrian -1 -1 -4.5905 277.5580 166.4839 310.3794 247.0999 1.7587 0.5989 0.6259 -7.1067 1.6194 16.1259 -5.0000 0.2200
Pedestrian -1 -1 -3.6371 739.8745 158.3372 752.4235 191.0740 1.8535 0.5296 0.5130 7.7325 1.0313 41.1836 -3.4531 0.2048
Car -1 -1 -6.8838 993.4529 184.1844 1241.0000 374.0000 1.4872 1.6257 4.0797 3.7972 1.5506 2.6688 -5.9769 0.1617
Pedestrian -1 -1 -3.5117 736.1711 159.1502 746.9114 192.4485 1.8959 0.5538 0.4341 7.5083 1.1154 41.3964 -3.3339 0.1559
Car -1 -1 -3.3076 0.0000 200.9419 179.9576 374.0000 1.4428 1.6239 3.9148 -4.0450 1.6268 2.6180 -4.2571 0.1473
Car -1 -1 -5.8575 0.0000 197.7028 138.8333 374.0000 1.5215 1.5842 4.2624 -4.4361 1.6776 2.7580 -6.8280 0.1299
Pedestrian -1 -1 -4.9292 268.5991 167.9342 305.5150 248.8139 1.7579 0.6177 0.7087 -7.2836 1.6506 16.1507 -5.3472 0.1149
Car -1 -1 -7.2696 0.0000 206.7396 188.3163 374.0000 1.4194 1.6673 3.7350 -3.7295 1.6773 3.5054 -8.0485 0.1133
Car -1 -1 -2.3242 0.0000 228.7437 208.7973 374.0000 1.4289 1.7056 3.2732 -3.8927 1.7395 3.0961 -3.1812 0.1015
Pedestrian -1 -1 -5.7439 575.8352 175.9978 587.5346 207.6760 1.7827 0.5845 0.4256 -1.6461 1.9627 41.0341 -5.7843 0.0929
Car -1 -1 -2.0919 0.0000 222.3100 222.3530 374.0000 1.4114 1.6553 3.4135 -4.0710 1.7422 3.6182 -2.8997 0.0801
Cyclist -1 -1 -7.5774 264.6044 168.7088 311.1498 252.2509 1.7314 0.4795 1.7046 -7.0920 1.6452 15.8314 -7.9928 0.0761
Pedestrian -1 -1 -7.5963 271.4079 166.9539 309.1139 246.9294 1.7102 0.5839 0.7487 -7.0631 1.5838 15.8449 -8.0099 0.0742
Car -1 -1 -2.6744 0.0000 201.3983 130.6679 374.0000 1.4831 1.7101 3.5426 -4.1084 1.6530 2.7366 -3.6122 0.0682
Car -1 -1 -2.4574 0.0000 225.5558 205.9355 374.0000 1.4095 1.6790 3.4024 -3.6994 1.6904 2.6677 -3.3559 0.0647
Pedestrian -1 -1 -5.9315 574.3563 175.3939 587.5012 207.3571 1.7906 0.6390 0.5588 -1.6820 1.9355 40.8721 -5.9729 0.0607
Car -1 -1 -2.8902 488.0273 172.7316 548.1235 195.9731 1.4584 1.5557 3.5481 -5.9059 1.4505 46.2704 -3.0168 0.0596
Pedestrian -1 -1 -8.4415 576.4588 175.3879 591.1864 207.7666 1.8215 0.6761 0.4954 -1.5265 1.9668 41.0520 -8.4790 0.0501
Car -1 -1 -2.0560 0.0000 198.1895 186.0326 374.0000 1.4534 1.6650 4.1412 -4.7211 1.6332 3.8441 -2.9094 0.0499
Car -1 -1 -5.6175 0.0000 217.6359 207.4970 374.0000 1.4113 1.6711 3.8914 -3.8421 1.6493 2.5005 -6.5622 0.0464
Car -1 -1 -2.2093 0.0000 208.4187 177.4934 374.0000 1.4562 1.6335 3.9193 -4.5857 1.6735 3.5001 -3.0912 0.0454
Car -1 -1 -7.1260 830.1183 227.5621 1241.0000 374.0000 1.4151 1.6874 3.4622 2.7272 1.6831 2.5560 -6.3651 0.0428
Cyclist -1 -1 -7.4785 250.5013 171.4513 302.3792 255.0391 1.7365 0.4601 1.6328 -7.3346 1.7070 15.8166 -7.9068 0.0418
Car -1 -1 -6.1981 328.1743 178.4988 392.9086 201.7839 1.4937 1.6598 3.9590 -16.6381 1.8805 48.1965 -6.5291 0.0414
Car -1 -1 -2.3406 0.0000 209.2352 176.6796 374.0000 1.4746 1.6317 3.8813 -4.5056 1.6920 3.3188 -3.2379 0.0406
Cyclist -1 -1 -7.6457 266.8109 172.0777 304.9806 253.9785 1.6686 0.4054 1.6867 -7.0225 1.6525 15.5676 -8.0635 0.0354
Car -1 -1 -6.3500 333.3671 177.0274 401.9104 202.3996 1.6208 1.7255 4.2381 -16.2309 1.9087 48.2250 -6.6733 0.0353
Car -1 -1 -2.4030 0.0000 196.7277 144.6260 374.0000 1.4997 1.6472 4.0272 -4.6317 1.6414 3.0759 -3.3472 0.0335
Pedestrian -1 -1 -5.6568 576.6442 174.7004 592.2173 207.4855 1.8341 0.6608 0.6101 -1.4840 1.9395 40.8593 -5.6934 0.0326
Car -1 -1 -1.8992 0.0000 208.5000 195.0054 374.0000 1.4168 1.6266 3.8813 -4.3733 1.6876 3.9286 -2.7046 0.0304
Pedestrian -1 -1 -5.7786 361.2833 174.2335 377.7474 202.9787 1.8332 0.6119 0.8103 -15.5051 1.9224 46.4271 -6.0995 0.0281
Car -1 -1 -7.0746 802.5978 234.0331 1241.0000 374.0000 1.4307 1.6810 3.6868 2.6069 1.6930 2.2504 -6.2796 0.0266
Car -1 -1 -7.0126 965.4731 204.6878 1241.0000 374.0000 1.4461 1.5600 3.8677 3.6660 1.6168 2.8518 -6.1525 0.0248
Car -1 -1 -7.2688 729.5876 226.2528 1241.0000 374.0000 1.4834 1.7211 4.0503 2.4517 1.6971 1.7909 -6.4053 0.0232
Car -1 -1 -2.8860 477.1677 173.0526 539.5403 195.9884 1.4407 1.5705 3.6894 -6.5365 1.4534 46.3327 -3.0257 0.0212
Car -1 -1 -2.6910 326.5667 178.5105 394.5452 202.1293 1.5168 1.6553 3.9383 -16.5649 1.9003 47.9001 -3.0225 0.0209
Car -1 -1 -2.5743 327.6443 177.0272 400.9119 202.0655 1.5888 1.6734 4.3558 -16.2142 1.8712 47.5580 -2.9015 0.0203
Car -1 -1 -2.8714 481.8292 172.4845 541.3898 195.3014 1.4279 1.4917 3.5022 -6.3033 1.4044 46.1280 -3.0068 0.0191
Pedestrian -1 -1 -3.7226 257.8873 176.2147 299.1350 254.6455 1.5927 0.4752 0.6254 -6.9756 1.6644 15.0768 -4.1497 0.0188
Car -1 -1 -7.4678 488.3896 173.1746 528.4382 195.3814 1.3956 1.4996 3.1893 -6.6304 1.4170 47.1257 -7.6071 0.0176
Car -1 -1 -7.5865 485.4696 172.6292 524.1298 196.1521 1.4847 1.6228 3.5916 -6.9026 1.4702 47.4240 -7.7306 0.0166
Car -1 -1 -2.6057 334.0993 175.2194 406.3008 201.7787 1.6965 1.7700 4.2117 -15.8455 1.8567 47.6403 -2.9255 0.0132
Car -1 -1 -2.5958 325.8051 177.0870 400.1313 201.9564 1.5759 1.6678 4.3989 -16.2608 1.8616 47.4493 -2.9245 0.0132
Pedestrian -1 -1 -2.0281 206.0203 188.9993 243.3047 265.7949 1.3370 0.4449 0.4404 -6.9962 1.6345 13.0012 -2.5137 0.0124
Car -1 -1 -7.0184 969.5601 189.3740 1241.0000 374.0000 1.4696 1.6084 3.9945 3.8350 1.5618 2.9933 -6.1576 0.0112
Pedestrian -1 -1 -4.7899 292.8612 183.2509 315.4336 242.3112 1.5188 0.5186 0.3777 -8.0810 1.7956 18.9427 -5.1885 0.0083
Car -1 -1 -2.8614 470.7525 169.6356 536.3346 194.5028 1.5639 1.7901 3.8384 -6.8691 1.3612 46.5225 -3.0075 0.0082
Car -1 -1 -5.7651 339.1237 175.1285 409.0715 201.7657 1.6927 1.6544 4.0729 -15.4723 1.8453 47.2812 -6.0800 0.0081
Car -1 -1 -7.6702 502.0016 172.8447 535.0502 194.5865 1.3680 1.5595 3.3262 -5.9682 1.3671 47.1047 -7.7959 0.0074
Pedestrian -1 -1 -4.1972 297.4234 184.6226 322.9762 243.9513 1.5272 0.4745 0.4165 -7.9015 1.8390 18.9024 -4.5887 0.0073
Pedestrian -1 -1 -4.1506 293.7675 181.6224 323.3697 244.7391 1.6017 0.5059 0.5245 -7.8565 1.8323 18.6952 -4.5438 0.0066
Pedestrian -1 -1 -5.4071 381.4182 176.8878 396.2812 202.9236 1.6410 0.7087 0.5671 -14.1524 1.9007 46.0682 -5.7039 0.0057
Pedestrian -1 -1 -8.0492 382.5527 173.5764 395.3211 199.1918 1.6289 0.6859 0.5725 -14.2261 1.6754 46.3201 -8.3459 0.0048
Car -1 -1 -7.1840 948.6440 187.8639 1241.0000 374.0000 1.4564 1.6193 4.0731 3.8867 1.5448 3.2993 -6.3608 0.0039
Pedestrian -1 -1 -3.8277 777.4799 158.7487 792.0224 203.5409 1.9094 0.5222 0.3579 7.4803 1.3078 31.0705 -3.5941 0.0038
Car -1 -1 -7.4999 501.6753 170.1605 543.6280 193.8622 1.4850 1.6281 3.4322 -5.6880 1.3159 47.0652 -7.6198 0.0033
Car -1 -1 -6.0946 358.1041 173.5983 424.5379 199.0946 1.6354 1.8383 3.9065 -14.3668 1.6852 47.4638 -6.3873 0.0030
Cyclist -1 -1 -4.2664 285.4597 174.5110 332.1083 244.6177 1.7576 0.5120 1.5370 -7.9196 1.8026 18.9077 -4.6585 0.0029
Pedestrian -1 -1 -3.1373 887.8679 130.9571 906.6500 226.6065 2.2775 0.5550 0.4173 6.9191 1.2796 17.5151 -2.7673 0.0026
Pedestrian -1 -1 -3.0323 773.6371 160.5213 782.7795 194.7470 1.8993 0.5724 0.4402 9.3780 1.2146 40.3828 -2.8060 0.0021
Pedestrian -1 -1 -5.2727 210.7171 161.6498 251.1375 247.4322 2.0688 0.6738 0.5921 -9.4206 1.7983 17.8413 -5.7528 0.0021
Car -1 -1 -4.5876 628.6119 170.0097 676.1309 206.7230 1.4846 1.6119 3.6127 1.8368 1.3693 31.1002 -4.5296 0.0020
Car -1 -1 -7.8204 244.8582 180.7719 312.1293 242.7650 1.5833 1.6376 4.3534 -9.7484 1.8428 21.3466 -8.2445 0.0015
Car -1 -1 -7.5691 362.6499 173.4526 404.2144 200.3559 1.7334 1.7435 3.4872 -15.1564 1.7746 48.3250 -7.8717 0.0012
Car -1 -1 -5.9708 356.7626 175.4255 424.4671 201.1152 1.6430 1.7895 3.8814 -14.3638 1.8145 47.2643 -6.2646 0.0012
Car -1 -1 -7.7247 360.4311 173.6396 394.6224 200.7234 1.7341 1.7069 3.7473 -15.5508 1.7886 48.3112 -8.0348 0.0011
Car -1 -1 -6.0035 363.3106 172.5830 435.6575 198.7330 1.6808 1.8165 4.2144 -13.7848 1.6630 47.2900 -6.2859 0.0011
Pedestrian -1 -1 -3.8789 303.8774 166.9554 332.4839 239.9065 1.9200 0.5801 0.4325 -7.8593 1.7645 19.3113 -4.2611 0.0010
Cyclist -1 -1 -6.8276 305.6718 162.8347 375.5308 236.5338 1.9231 0.4663 1.8032 -7.3704 1.6614 19.6788 -7.1820 0.0010
Car -1 -1 -7.8630 615.4269 173.9859 652.5943 213.1040 1.5690 1.4969 4.0070 0.9650 1.6206 31.0766 -7.8328 0.0009
Cyclist -1 -1 -7.0974 286.6931 166.2492 353.6719 240.3491 1.9083 0.5030 1.9181 -7.8720 1.7379 19.5656 -7.4757 0.0008
Car -1 -1 -5.9087 363.0382 175.0794 427.1346 199.3887 1.5484 1.6391 3.6659 -14.0362 1.6964 47.1105 -6.1971 0.0008
Car -1 -1 -4.5006 614.5784 169.3779 670.3631 207.1264 1.5019 1.5755 4.0218 1.4125 1.3633 30.8519 -4.4558 0.0007
Cyclist -1 -1 -7.6695 294.9465 160.4485 325.9507 236.8264 2.0071 0.4528 1.8592 -8.2982 1.6808 19.9172 -8.0599 0.0006
Cyclist -1 -1 -7.6739 290.2340 166.5880 320.8479 237.8200 1.8471 0.4553 1.7578 -8.3086 1.6843 19.6172 -8.0701 0.0005
Cyclist -1 -1 -7.1025 295.7865 163.8569 357.6025 236.5004 1.9093 0.4218 1.8702 -7.8339 1.6725 19.9107 -7.4733 0.0003
Cyclist -1 -1 -2.5912 326.0350 176.5684 353.9370 203.1008 1.7132 0.7369 1.5558 -17.7090 1.9588 47.2444 -2.9483 0.0001
