Car -1 -1 -7.6926 546.3151 183.4438 612.8216 226.3043 1.3147 1.6818 4.2105 -1.0266 1.7195 25.4070 -7.7333 0.9998
Car -1 -1 -8.1709 780.7833 173.2055 1001.1412 300.2893 1.4751 1.6141 4.2025 3.7099 1.4810 10.4985 -7.8409 0.9994
Car -1 -1 -4.6350 580.6672 174.0507 622.0213 212.3811 1.6956 1.6393 4.2717 -0.3925 1.7558 34.2404 -4.6469 0.9621
Car -1 -1 -7.7359 702.4188 175.7261 741.6717 206.1109 1.5103 1.6332 3.7664 5.9492 1.6704 38.2812 -7.5834 0.9067
Car -1 -1 -4.6195 580.6420 175.5552 623.3210 212.9556 1.6445 1.6342 4.3396 -0.3602 1.7808 34.2769 -4.6306 0.8265
Car -1 -1 -4.6016 577.0447 173.9102 622.0695 212.5663 1.7152 1.6784 4.3227 -0.4740 1.7684 34.3685 -4.6159 0.7457
Car -1 -1 -4.6715 585.3946 176.3692 621.9789 212.2637 1.5748 1.5696 3.9362 -0.2900 1.7500 34.0374 -4.6805 0.7028
Car -1 -1 -7.7662 701.1089 176.3485 737.0410 206.5095 1.4972 1.5701 3.7533 5.7904 1.6920 38.2901 -7.6177 0.6883
Car -1 -1 -7.6228 699.2141 175.1141 747.2499 206.3969 1.5594 1.6646 3.9927 6.0456 1.6863 38.4440 -7.4685 0.6813
Car -1 -1 -7.6878 701.4643 175.6024 743.9233 206.3699 1.5220 1.6096 3.8566 5.9659 1.6750 38.1494 -7.5344 0.6250
Car -1 -1 -7.7075 697.9777 175.7812 739.2307 206.7706 1.5201 1.5891 3.9695 5.7171 1.6823 37.9250 -7.5595 0.4398
Car -1 -1 -7.6614 701.9547 175.1179 747.7072 206.2864 1.5448 1.6717 3.9699 6.0945 1.6711 38.2239 -7.5050 0.4262
Car -1 -1 -7.2973 694.6655 174.9516 763.7062 205.7019 1.5221 1.6615 4.1493 6.3050 1.6387 38.1114 -7.1351 0.3551
Car -1 -1 -4.4593 697.0840 175.0197 748.9694 206.9439 1.5558 1.7066 4.1229 5.9220 1.6754 37.6978 -4.3052 0.3293
Car -1 -1 -7.5024 699.4486 174.8516 756.2768 205.6125 1.5255 1.6821 4.0648 6.2627 1.6371 38.2492 -7.3418 0.2921
Car -1 -1 -4.6211 690.7590 174.6995 717.5823 196.6317 1.6216 1.6771 4.4284 7.3289 1.7708 56.0867 -4.4922 0.2835
Car -1 -1 -4.7296 693.0470 175.8651 715.6617 196.8175 1.5433 1.6553 3.4308 7.1957 1.7819 55.4580 -4.6017 0.2821
Car -1 -1 -4.4234 690.2593 175.4509 746.1085 207.6365 1.5439 1.6605 4.4741 5.6289 1.6866 37.3723 -4.2756 0.2734
Car -1 -1 -4.6705 689.0306 174.9899 712.0258 196.3440 1.5764 1.6049 3.9819 6.9995 1.7474 55.7796 -4.5468 0.2278
Car -1 -1 -4.5320 690.2015 175.0585 720.1340 196.5620 1.5824 1.6015 4.0177 7.3524 1.7588 55.6954 -4.4019 0.1998
Car -1 -1 -7.2640 693.9359 175.0866 765.9099 206.3161 1.5418 1.6785 4.2306 6.3322 1.6658 38.0423 -7.1008 0.1765
Car -1 -1 -7.9625 712.4825 177.6193 765.4131 219.8271 1.4367 1.5434 3.4354 4.6649 1.6246 26.7209 -7.7922 0.1755
Car -1 -1 -7.9532 712.2836 178.1978 769.0917 222.2439 1.4450 1.6080 4.0843 4.6303 1.6548 26.2745 -7.7813 0.1743
Car -1 -1 -7.4705 699.7559 175.3461 759.6166 206.5393 1.5369 1.7206 4.0836 6.3336 1.6757 38.0924 -7.3075 0.1716
Car -1 -1 -4.6036 695.1924 175.9832 720.6569 197.0237 1.5451 1.5720 3.5198 7.5236 1.7935 55.4473 -4.4699 0.1551
Car -1 -1 -4.8587 684.3982 176.2736 712.3118 196.9137 1.5173 1.6252 3.5027 6.7222 1.7879 55.4001 -4.7390 0.1366
Car -1 -1 -4.7353 686.7934 174.5998 709.2219 196.5212 1.6239 1.6215 3.9803 6.7507 1.7637 55.8386 -4.6160 0.1310
Car -1 -1 -3.8703 680.1379 174.6885 733.5152 196.1842 1.5948 1.6620 3.9887 7.4554 1.7405 55.6472 -3.7382 0.1279
Pedestrian -1 -1 -5.9585 556.5795 166.4059 576.2302 204.0114 1.9110 0.5959 0.8632 -2.2767 1.5830 37.0666 -6.0199 0.1166
Car -1 -1 -8.0500 711.5133 177.5593 778.6214 221.3945 1.4562 1.6346 4.0176 4.8083 1.6414 26.4271 -7.8726 0.1017
Car -1 -1 -4.4155 691.4590 174.8756 727.3188 196.7326 1.6075 1.6182 4.0974 7.6780 1.7693 55.6708 -4.2796 0.0971
Car -1 -1 -3.9331 684.2435 175.1061 738.1844 196.6024 1.5846 1.6450 4.1872 7.7824 1.7636 55.5162 -3.7949 0.0891
Pedestrian -1 -1 -3.7247 790.9282 156.2713 817.2032 236.9383 1.8687 0.5118 0.3770 4.5221 1.4843 17.0182 -3.4700 0.0855
Car -1 -1 -7.9376 709.4554 177.7528 763.7306 221.5870 1.4460 1.5953 3.9346 4.4889 1.6379 26.2824 -7.7709 0.0733
Pedestrian -1 -1 -4.0440 782.9208 158.6132 810.7411 238.8947 1.8579 0.5077 0.3815 4.3525 1.5280 17.0155 -3.7985 0.0668
Car -1 -1 -4.9074 678.9339 174.5443 709.3492 196.4455 1.6254 1.6090 3.8709 6.4457 1.7606 55.8510 -4.7935 0.0629
Car -1 -1 -3.6798 683.3607 175.3681 737.9356 196.4796 1.5615 1.6089 3.8580 7.6742 1.7588 55.2164 -3.5428 0.0401
Car -1 -1 -4.7244 731.3917 176.9279 767.7816 207.3837 1.3621 1.6330 4.0146 6.6834 1.5711 34.9548 -4.5376 0.0383
Cyclist -1 -1 -8.0303 734.1144 159.9819 764.2038 226.4150 1.9608 0.5505 2.0471 4.2352 1.5805 22.3218 -7.8459 0.0367
Car -1 -1 -8.1822 711.0638 165.2401 796.5800 229.2909 1.8389 1.6167 3.2690 4.3367 1.6200 22.4471 -7.9945 0.0306
Car -1 -1 -3.5747 685.6474 174.9609 744.6016 196.0462 1.5610 1.6707 4.1347 7.9888 1.7256 55.0867 -3.4319 0.0299
Car -1 -1 -3.0360 668.3708 176.0963 718.8422 196.9126 1.5491 1.4598 3.7011 6.3736 1.8017 55.1576 -2.9219 0.0298
Car -1 -1 -3.2876 685.9661 175.9476 737.5029 196.7522 1.5510 1.5581 3.6869 7.6737 1.7892 54.8219 -3.1497 0.0275
Car -1 -1 -3.1609 674.8129 176.9347 725.8516 197.6040 1.5321 1.5446 3.7950 6.8114 1.8473 54.8278 -3.0384 0.0272
Car -1 -1 -5.1242 669.1226 174.5428 709.6195 196.8749 1.6529 1.6628 3.9579 6.0714 1.7884 55.8658 -5.0169 0.0265
Car -1 -1 -6.4516 689.9530 174.5266 751.7982 195.7687 1.5824 1.6543 4.4209 8.3513 1.7110 54.7537 -6.3015 0.0208
Car -1 -1 -7.3457 705.6298 175.5890 793.1744 216.7385 1.4754 1.6240 4.0010 5.4646 1.5898 28.1992 -7.1568 0.0198
Car -1 -1 -4.9571 710.4289 175.5343 768.2162 210.3546 1.5063 1.6646 4.2060 5.9177 1.6392 33.7042 -4.7853 0.0162
Car -1 -1 -6.8336 705.8821 176.7325 817.0277 218.1270 1.4830 1.6270 3.8766 5.7280 1.6384 27.5424 -6.6313 0.0161
Pedestrian -1 -1 -3.8562 902.6144 165.3750 928.7904 228.4788 1.5939 0.5045 0.3797 7.7941 1.4046 18.5237 -3.4641 0.0159
Car -1 -1 -3.1153 668.0660 174.7072 720.9891 196.4027 1.6314 1.6292 3.9876 6.4869 1.7766 55.5316 -3.0000 0.0157
Car -1 -1 -7.9073 711.7249 176.6907 765.1232 224.3313 1.5040 1.5768 4.7565 4.4239 1.6530 25.6267 -7.7389 0.0155
Car -1 -1 -6.9619 702.8257 176.7518 812.3178 218.1072 1.4840 1.6212 4.0180 5.6667 1.6430 27.8495 -6.7638 0.0144
Car -1 -1 -5.0364 713.1544 164.6035 798.8066 228.3341 1.8071 1.5489 3.4384 4.3613 1.5728 22.2660 -4.8461 0.0136
Car -1 -1 -3.1616 689.7111 176.0634 740.2425 197.3764 1.5739 1.5394 3.7297 7.8852 1.8207 54.5721 -3.0192 0.0132
Car -1 -1 -6.2107 691.1840 174.6948 752.5795 196.2411 1.5789 1.6555 4.4685 8.4197 1.7207 54.4014 -6.0583 0.0128
Pedestrian -1 -1 -3.8093 906.0754 163.0067 931.4006 226.3808 1.5887 0.4869 0.3691 7.8068 1.3415 18.3716 -3.4138 0.0127
Car -1 -1 -7.0786 703.2599 176.8331 808.1562 217.9898 1.4828 1.6059 4.1044 5.6791 1.6478 28.1674 -6.8823 0.0116
Car -1 -1 -7.5099 703.9669 175.2592 777.7612 216.5642 1.4938 1.6055 4.0402 5.1926 1.5957 28.4962 -7.3320 0.0114
Car -1 -1 -4.9398 714.6917 173.6483 772.9196 206.5640 1.3921 1.6704 4.2060 5.9502 1.4302 32.7611 -4.7622 0.0109
Car -1 -1 -6.6379 706.8486 177.0742 823.0162 218.6744 1.4953 1.6238 3.9724 5.7661 1.6608 27.2559 -6.4322 0.0097
Car -1 -1 -5.1254 686.5014 175.5411 753.6945 208.1744 1.4483 1.6140 4.2141 5.1596 1.5854 34.6381 -4.9793 0.0080
Car -1 -1 -2.9819 687.9635 177.7026 740.3872 198.2581 1.4920 1.4337 3.7176 7.7998 1.8641 54.1906 -2.8401 0.0079
Pedestrian -1 -1 -2.8751 803.7613 159.9342 826.3877 239.1556 1.9131 0.4670 0.4299 4.9907 1.6008 17.7348 -2.6059 0.0078
Car -1 -1 -5.9797 657.9893 174.8789 713.0429 196.7175 1.6169 1.6713 3.8699 5.7530 1.7759 55.2389 -5.8768 0.0078
Car -1 -1 -4.7904 728.8179 172.8785 773.9634 206.4879 1.4238 1.6726 4.0480 6.2945 1.4247 32.6732 -4.6022 0.0072
Car -1 -1 -5.7915 654.9918 175.0656 713.1211 196.5735 1.5886 1.6587 4.1576 5.6514 1.7641 55.5222 -5.6910 0.0071
Car -1 -1 -2.9960 689.3305 175.5734 748.1378 196.9351 1.5533 1.6137 4.1795 8.1445 1.7624 54.1927 -2.8481 0.0067
Car -1 -1 -4.8668 666.4717 171.7394 698.2281 196.6270 1.6340 1.5761 3.8518 4.8742 1.5606 49.3415 -4.7693 0.0064
Car -1 -1 -4.5897 728.9002 175.2418 774.4349 207.0949 1.3932 1.6333 4.0673 6.7014 1.5128 34.0721 -4.3976 0.0060
Car -1 -1 -4.8195 663.1749 174.0663 691.3511 197.1421 1.5182 1.5310 3.6713 4.5481 1.6042 49.5123 -4.7289 0.0058
Car -1 -1 -3.1463 676.7765 178.1013 729.7327 198.4491 1.4989 1.4215 3.9213 7.0115 1.9024 54.5808 -3.0197 0.0055
Car -1 -1 -5.1157 713.0702 161.1365 809.7993 228.1632 1.8861 1.5876 3.6428 4.5124 1.5561 22.2490 -4.9189 0.0055
Cyclist -1 -1 -5.0451 704.7682 166.6092 737.8226 223.0666 1.7399 0.5253 1.6560 3.4973 1.5472 23.0986 -4.8974 0.0048
Car -1 -1 -6.1390 659.8913 176.0420 710.6534 196.7089 1.5292 1.5849 3.6590 5.7183 1.7772 54.9792 -6.0363 0.0045
Car -1 -1 -4.9198 710.4372 161.0849 785.5531 228.1602 1.8857 1.5039 3.6933 4.0929 1.5546 22.1519 -4.7401 0.0045
Pedestrian -1 -1 -3.7399 698.9916 168.2232 734.4913 224.8450 1.7886 0.7532 0.8592 3.3983 1.6420 23.3200 -3.5977 0.0043
Car -1 -1 -2.9484 649.1801 176.3780 709.4240 197.5406 1.5615 1.7411 4.3330 5.2797 1.8377 55.1701 -2.8540 0.0041
Car -1 -1 -4.5675 731.9844 175.8448 776.9261 206.8821 1.3924 1.6020 3.8163 6.9806 1.5450 34.8335 -4.3719 0.0041
Car -1 -1 -4.8245 734.8434 174.3347 781.1776 207.0176 1.3983 1.6248 3.9838 6.6841 1.4702 33.1105 -4.6275 0.0040
Car -1 -1 -5.2853 680.5191 177.2402 727.4929 197.5341 1.3911 1.5927 3.7551 6.7500 1.7216 52.3782 -5.1583 0.0038
Car -1 -1 -5.0402 664.3995 175.1216 704.4573 198.1567 1.4738 1.5435 3.7605 4.9312 1.6325 48.5665 -4.9400 0.0036
Car -1 -1 -4.8088 740.4592 174.5772 784.5279 206.4619 1.3902 1.6275 3.8571 7.0154 1.4751 33.6803 -4.6057 0.0036
Cyclist -1 -1 -8.0810 722.4730 163.9477 755.0876 228.0574 1.8877 0.5151 2.1240 3.9116 1.6251 22.3203 -7.9105 0.0036
Car -1 -1 -5.0903 670.0685 173.7079 713.2473 197.8501 1.5486 1.6070 3.7315 5.4018 1.6080 48.4383 -4.9804 0.0034
Car -1 -1 -4.6220 743.5732 175.1257 785.1232 207.4695 1.4369 1.6095 3.8066 7.3629 1.5514 34.3993 -4.4133 0.0032
Car -1 -1 -3.1282 658.9482 177.3659 710.0485 197.9085 1.5143 1.5925 3.7935 5.6141 1.8620 54.6402 -3.0268 0.0032
Car -1 -1 -4.6229 737.2123 174.7501 779.0190 206.6655 1.4075 1.6120 3.8071 7.0086 1.5022 34.1185 -4.4225 0.0030
Car -1 -1 -2.9770 662.7263 178.2756 715.3143 198.9671 1.5141 1.5121 3.7661 5.9675 1.9339 54.6781 -2.8693 0.0030
Car -1 -1 -4.9191 686.2048 180.1502 715.9302 200.2917 1.4018 1.4838 3.5003 6.6669 1.9591 53.3319 -4.7959 0.0029
Car -1 -1 -5.3002 686.2044 176.9232 732.8350 197.4222 1.4095 1.5351 3.7357 7.1575 1.7162 52.4268 -5.1657 0.0027
Car -1 -1 -6.1890 649.8384 176.2608 707.8530 197.4369 1.5648 1.7088 4.2587 5.2326 1.8298 54.9542 -6.0950 0.0022
Pedestrian -1 -1 -3.8134 702.7219 167.9480 734.8019 224.6806 1.7811 0.7261 0.7219 3.4382 1.6268 23.1477 -3.6685 0.0021
Car -1 -1 -5.0024 689.5828 179.4538 725.2278 200.6022 1.4681 1.5848 3.7838 7.1262 1.9738 53.3259 -4.8707 0.0019
Cyclist -1 -1 -8.0593 710.9374 171.9429 736.5375 225.6312 1.6290 0.4355 1.7784 3.5290 1.6010 22.7922 -7.9083 0.0014
Car -1 -1 -5.2465 691.9162 175.7613 765.8061 208.9595 1.4902 1.5890 4.2355 5.6465 1.6402 35.0454 -5.0886 0.0012
Cyclist -1 -1 -5.7954 682.0626 174.6707 706.1996 197.7434 1.7106 0.8036 1.6199 6.3130 1.8493 54.4090 -5.6809 0.0012
Car -1 -1 -5.3605 699.1979 176.0401 775.7452 208.6931 1.4716 1.5110 4.0532 6.0804 1.6357 35.0839 -5.1909 0.0007
Pedestrian -1 -1 -6.7860 880.9965 149.0850 914.8636 251.2797 1.9630 0.5540 0.3957 5.5914 1.5061 14.1606 -6.4177 0.0001
Pedestrian -1 -1 -6.5558 890.9327 161.9347 919.2783 249.6595 1.6902 0.4815 0.3956 5.7335 1.4795 14.1618 -6.1790 0.0000
