Car -1 -1 -7.7148 560.8394 178.6983 594.6928 201.6346 1.3940 1.6478 4.1663 -2.0908 1.7926 47.1010 -7.7594 0.8174
Pedestrian -1 -1 -7.9531 336.4459 172.8191 356.9657 223.8562 1.8633 0.6507 0.6970 -9.8270 1.8618 26.7978 -8.3018 0.5941
Car -1 -1 -3.0381 546.2752 178.9440 613.7608 200.9772 1.3551 1.5849 4.1398 -1.9064 1.7491 45.8023 -3.0799 0.5585
Pedestrian -1 -1 -6.1139 283.1742 177.9469 302.0239 234.7763 1.7829 0.5397 0.4654 -10.1669 1.9473 23.0122 -6.5261 0.5503
Car -1 -1 -7.7672 560.1555 178.4916 590.2791 201.7534 1.4176 1.6217 3.9901 -2.2572 1.8002 46.9780 -7.8154 0.4034
Car -1 -1 -3.0084 539.7584 178.9595 604.6315 201.0793 1.3633 1.5770 3.9512 -2.4128 1.7597 45.9377 -3.0611 0.3839
Car -1 -1 -2.9308 535.3568 178.7658 599.7010 201.4785 1.3936 1.6013 3.8384 -2.7145 1.7784 45.9166 -2.9899 0.3182
Pedestrian -1 -1 -7.9786 336.0323 172.5444 357.3990 222.7776 1.8383 0.6660 0.7018 -9.8526 1.8267 26.8693 -8.3273 0.3158
Pedestrian -1 -1 -6.3304 288.4161 176.2668 304.6388 234.6195 1.8291 0.5773 0.4488 -10.0494 1.9393 23.0164 -6.7383 0.2644
Car -1 -1 -3.0250 537.1633 178.8405 597.6528 201.4151 1.3865 1.5838 3.6652 -2.7024 1.7727 45.6873 -3.0842 0.2383
Car -1 -1 -4.6316 561.9767 178.5512 591.5641 201.5809 1.3973 1.6162 3.7287 -2.1424 1.7799 46.6038 -4.6778 0.2316
Pedestrian -1 -1 -8.1922 329.8624 172.0239 354.9021 222.6190 1.8433 0.6832 0.6840 -9.9748 1.8127 26.7679 -8.5460 0.2262
Car -1 -1 -7.6391 560.4727 177.3825 599.5801 201.5518 1.4711 1.6354 4.4888 -1.9360 1.7815 47.1505 -7.6804 0.2140
Car -1 -1 -7.6051 561.9191 178.3087 602.6989 201.9955 1.4354 1.6548 4.2800 -1.7842 1.8078 47.0334 -7.6433 0.2044
Car -1 -1 -2.7993 533.5540 178.5173 600.6121 201.8428 1.4295 1.6308 3.9698 -2.7714 1.8023 46.2030 -2.8593 0.2020
Car -1 -1 -3.1017 548.7928 179.3168 612.8118 201.0646 1.3455 1.6694 4.0047 -1.8618 1.7644 45.9724 -3.1424 0.1999
Car -1 -1 -7.9822 557.5886 177.0307 590.6735 201.1427 1.4192 1.5519 4.1484 -2.3351 1.6943 45.4029 -8.0338 0.1777
Car -1 -1 -7.6776 558.3931 178.2678 593.0676 201.3829 1.3698 1.5554 3.7744 -2.1600 1.7268 45.6532 -7.7251 0.1643
Car -1 -1 -3.0581 541.7756 178.6582 605.4722 201.0136 1.3796 1.5162 3.9244 -2.3115 1.7542 45.7778 -3.1087 0.1532
Car -1 -1 -4.6873 565.5266 178.4398 593.0723 201.5302 1.3767 1.6579 3.9451 -1.9521 1.7477 45.9684 -4.7300 0.1342
Car -1 -1 -4.5245 556.3810 178.2908 591.9650 202.0469 1.4199 1.6022 3.7062 -2.2738 1.7806 45.9641 -4.5741 0.1102
Pedestrian -1 -1 -8.0485 331.7619 171.7236 354.3911 221.9343 1.8407 0.6709 0.6940 -10.0069 1.7989 26.9216 -8.4016 0.0949
Car -1 -1 -2.8525 526.8987 179.0417 596.3527 202.7094 1.4497 1.6773 4.1243 -3.1093 1.8559 46.1322 -2.9199 0.0935
Pedestrian -1 -1 -6.4918 280.4746 176.9560 300.0994 233.3718 1.7522 0.5689 0.4607 -10.1651 1.8838 22.8291 -6.9067 0.0917
Car -1 -1 -3.3467 548.4556 179.6496 612.4601 202.1175 1.3758 1.7400 3.8269 -1.9458 1.8239 46.2899 -3.3890 0.0875
Car -1 -1 -4.7190 561.0582 177.9238 587.1010 201.7531 1.4523 1.6211 4.3581 -2.3978 1.7988 47.1418 -4.7699 0.0788
Pedestrian -1 -1 -7.9464 285.2134 178.0832 304.7144 234.2821 1.7801 0.5349 0.4785 -10.2031 1.9508 23.2562 -8.3560 0.0764
Pedestrian -1 -1 -8.3112 447.4658 176.0602 460.4190 201.8825 1.7388 0.6056 0.7235 -10.6687 1.9591 49.1747 -8.5241 0.0473
Car -1 -1 -7.6784 712.8445 169.8111 737.6826 187.9948 1.6305 1.6194 3.9011 10.6781 1.3574 66.8074 -7.5209 0.0411
Car -1 -1 -7.5926 714.8078 169.8719 742.8890 187.4792 1.5752 1.6284 3.8326 10.9817 1.3081 66.6341 -7.4303 0.0326
Car -1 -1 -7.8573 712.3212 170.2242 730.4610 188.0913 1.6052 1.6134 3.7617 10.2799 1.3686 66.8024 -7.7056 0.0264
Pedestrian -1 -1 -5.3983 283.1104 176.0311 310.6076 234.1702 1.8006 0.6358 0.4808 -9.9324 1.9024 22.7825 -5.8055 0.0254
Pedestrian -1 -1 -6.2574 446.7287 176.0473 458.8198 203.2043 1.8211 0.6540 0.7840 -10.6784 2.0388 48.8719 -6.4718 0.0187
Pedestrian -1 -1 -5.7512 274.4071 178.2558 296.7928 235.1928 1.7861 0.5978 0.4033 -10.3909 1.9604 23.0141 -6.1714 0.0181
Car -1 -1 -5.1952 531.0266 178.4646 570.0489 197.3071 1.5384 1.6694 4.0440 -5.1961 2.0396 62.3459 -5.2784 0.0175
Car -1 -1 -4.5784 350.4005 173.6469 372.8820 190.0040 1.5226 1.5347 3.9144 -23.8870 1.6008 69.4333 -4.9088 0.0168
Car -1 -1 -4.4391 351.3700 173.3523 378.8371 189.5785 1.5156 1.5296 3.8148 -23.5580 1.5646 69.4597 -4.7652 0.0165
Cyclist -1 -1 -7.8981 340.5320 174.4711 363.0886 225.0026 1.7893 0.7002 1.9378 -9.5921 1.8510 26.6445 -8.2409 0.0164
Car -1 -1 -4.7724 348.4312 173.8722 367.9604 190.1705 1.5136 1.5385 3.9645 -24.2594 1.6142 69.3984 -5.1077 0.0153
Car -1 -1 -5.0031 538.9092 178.8914 569.6029 197.4060 1.5133 1.6140 3.8219 -4.8766 2.0525 62.4002 -5.0811 0.0152
Car -1 -1 -4.7681 546.7635 178.1315 567.6906 196.9204 1.5442 1.5866 3.9109 -4.6210 2.0159 62.4882 -4.8420 0.0118
Cyclist -1 -1 -5.6009 321.2047 171.9606 374.1105 221.3236 1.7976 0.6720 1.8432 -9.8244 1.7648 26.8962 -5.9483 0.0115
Pedestrian -1 -1 -4.5474 940.6320 170.2715 976.1781 251.5694 1.5890 0.5681 0.5307 6.9413 1.5383 14.4827 -4.1091 0.0104
Cyclist -1 -1 -4.5676 447.4342 175.4165 459.1416 203.0109 1.8422 0.5411 1.6993 -10.7103 2.0197 49.1970 -4.7812 0.0101
Cyclist -1 -1 -7.3603 739.1851 174.1620 765.0230 204.0406 1.6887 0.6408 1.9177 8.2071 1.7659 41.8087 -7.1683 0.0101
Car -1 -1 -4.5122 546.3425 178.0433 573.4014 196.9238 1.5509 1.5803 3.9782 -4.3301 2.0150 62.4866 -4.5815 0.0098
Pedestrian -1 -1 -7.5262 738.8132 175.2078 754.9808 204.3148 1.6500 0.6762 0.8566 7.8448 1.7870 41.5288 -7.3412 0.0076
Pedestrian -1 -1 -7.4620 763.5300 172.0258 783.1602 209.5739 1.7160 0.6501 0.7569 7.5375 1.6779 33.4721 -7.2429 0.0074
Pedestrian -1 -1 -4.3400 934.8903 174.8031 971.1804 254.7951 1.5454 0.5029 0.5091 6.7520 1.5847 14.3147 -3.9079 0.0068
Pedestrian -1 -1 -4.8572 821.5678 169.8052 845.4733 230.4827 1.8292 0.6268 0.5169 6.7781 1.7370 22.0534 -4.5634 0.0067
Pedestrian -1 -1 -7.9070 771.1140 172.4953 786.1879 209.0132 1.6753 0.6426 0.6956 7.7844 1.6586 33.5001 -7.6812 0.0066
Cyclist -1 -1 -6.8886 739.5381 173.7691 772.3828 204.6536 1.7338 0.7118 1.7454 8.3019 1.7867 41.2202 -6.6917 0.0065
Pedestrian -1 -1 -4.2448 930.5784 173.2492 969.1298 254.7910 1.5929 0.5330 0.5008 6.7578 1.6008 14.4635 -3.8162 0.0062
Cyclist -1 -1 -7.0846 737.1201 173.9603 771.2008 204.5273 1.7219 0.7874 1.9596 8.2784 1.7867 41.5906 -6.8900 0.0061
Cyclist -1 -1 -5.4406 323.6984 173.0741 374.7047 223.0230 1.8028 0.7212 1.8709 -9.7416 1.8109 26.8123 -5.7863 0.0051
Pedestrian -1 -1 -4.7520 823.5769 173.7585 844.3477 227.8772 1.6140 0.5738 0.6144 6.7435 1.6416 21.9000 -4.4577 0.0050
Cyclist -1 -1 -7.4113 739.8918 173.8490 766.8508 204.9832 1.7489 0.7368 2.0175 8.2458 1.8074 41.6273 -7.2176 0.0048
Car -1 -1 -5.0234 612.5512 176.6508 643.0599 195.1603 1.4991 1.6038 3.4281 1.4524 1.8300 61.0768 -5.0002 0.0047
Car -1 -1 -3.6151 1037.9073 178.1364 1241.0000 374.0000 1.4281 1.5968 4.2780 4.9268 1.4684 4.0193 -2.7643 0.0047
Cyclist -1 -1 -7.5626 737.0436 175.8616 756.9822 205.3082 1.6509 0.6197 1.8850 7.8786 1.8283 41.6333 -7.3774 0.0045
Pedestrian -1 -1 -7.5990 824.0167 161.0507 854.3467 227.9376 1.9929 0.7206 0.7448 6.9434 1.6409 22.0051 -7.2978 0.0038
Cyclist -1 -1 -7.7636 735.6765 175.7637 747.3535 205.2025 1.6573 0.5180 1.6901 7.5661 1.8287 41.6786 -7.5857 0.0038
Pedestrian -1 -1 -7.4913 743.6537 174.9365 761.8898 204.4543 1.6712 0.7830 0.8408 8.1755 1.7923 41.4937 -7.2986 0.0038
Cyclist -1 -1 -7.8071 737.7079 177.3104 746.7114 205.3383 1.5699 0.4379 1.6526 7.5797 1.8315 41.5416 -7.6284 0.0038
Cyclist -1 -1 -7.1107 737.2391 173.7625 767.1573 205.0584 1.7561 0.6606 1.7693 8.1125 1.8088 41.3242 -6.9187 0.0037
Pedestrian -1 -1 -4.5358 825.0948 161.8647 851.6702 228.7232 2.0088 0.6955 0.5299 6.9395 1.6783 22.0735 -4.2357 0.0036
Car -1 -1 -4.4971 742.8023 172.9560 791.8554 207.4309 1.5163 1.4945 3.6978 7.3618 1.5211 33.7393 -4.2846 0.0036
Car -1 -1 -4.2667 617.3123 176.0450 653.4020 194.3243 1.4801 1.6235 3.6980 2.1555 1.7591 61.1404 -4.2320 0.0036
Pedestrian -1 -1 -5.2815 1156.6156 166.2995 1241.0000 339.5459 1.4888 0.6277 0.6539 5.4596 1.4322 6.5580 -4.6096 0.0035
Cyclist -1 -1 -7.2713 735.0993 175.6692 762.8459 205.3664 1.6687 0.6578 1.8637 7.9861 1.8342 41.6103 -7.0835 0.0034
Car -1 -1 -4.5762 619.2433 175.7551 644.6010 193.7579 1.4629 1.6713 3.6678 1.8642 1.7166 61.2074 -4.5463 0.0033
Cyclist -1 -1 -7.6075 325.0523 172.8402 356.6995 223.1762 1.8043 0.6976 1.7261 -10.0072 1.8035 26.7597 -7.9625 0.0032
Car -1 -1 -8.9187 0.0000 0.0000 1241.0000 374.0000 1.5490 1.5848 3.5654 3.4568 1.5772 1.2651 -7.7723 0.0030
Car -1 -1 -8.9496 0.0000 0.0000 1241.0000 374.0000 1.5322 1.5902 3.5869 3.8707 1.5759 1.3067 -7.7714 0.0030
Cyclist -1 -1 -7.7972 334.3783 172.5103 355.7913 223.4137 1.8157 0.6432 1.7399 -9.8212 1.8031 26.6621 -8.1473 0.0029
Pedestrian -1 -1 -2.4200 551.7091 171.7191 562.5214 192.6513 1.9307 0.6084 0.7991 -4.9344 1.8257 67.0339 -2.4936 0.0028
Cyclist -1 -1 -7.9794 331.0773 173.6877 354.7743 222.0320 1.7340 0.6115 1.7649 -9.9893 1.7657 26.8353 -8.3329 0.0027
Pedestrian -1 -1 -5.8139 266.0264 179.7777 287.4548 232.3333 1.6264 0.5625 0.4002 -10.5258 1.8466 22.6936 -6.2441 0.0027
Car -1 -1 -4.0612 617.2729 175.1637 661.5120 193.5344 1.4911 1.6652 3.9999 2.4974 1.6932 61.1575 -4.0210 0.0022
Cyclist -1 -1 -7.4761 331.4720 174.8211 369.1659 229.4350 1.8907 0.5747 2.0195 -9.4034 1.9643 26.0719 -7.8195 0.0020
Cyclist -1 -1 -4.7739 821.8954 173.3078 845.5006 234.6245 1.7932 0.5702 1.7215 6.7628 1.8073 22.0182 -4.4804 0.0019
Cyclist -1 -1 -2.6147 315.6535 171.9824 371.9292 221.5399 1.8038 0.7306 1.8430 -9.9194 1.7718 26.7826 -2.9666 0.0017
Pedestrian -1 -1 -8.0726 772.9944 173.2456 788.3757 207.1822 1.5456 0.5637 0.6267 7.8048 1.5635 33.1848 -7.8440 0.0016
Cyclist -1 -1 -7.9032 352.6127 169.8887 377.6566 225.4637 1.9499 0.7630 2.2065 -9.0483 1.8455 26.4816 -8.2298 0.0016
Car -1 -1 -4.4237 742.0467 174.6137 798.0195 209.2245 1.5189 1.5573 3.8079 7.5309 1.6063 33.9158 -4.2076 0.0016
Pedestrian -1 -1 -2.5513 553.2636 170.8824 564.9070 190.5767 1.8156 0.5922 0.9014 -4.7486 1.6335 66.9981 -2.6221 0.0015
Cyclist -1 -1 -8.3786 725.8890 176.5567 747.8915 204.7222 1.5763 0.5862 1.4612 7.2307 1.7924 41.3762 -8.2073 0.0013
Pedestrian -1 -1 -5.7043 26.6675 177.4668 42.8895 225.5858 1.6775 0.4147 0.2620 -20.3048 1.8411 25.4142 -6.3734 0.0012
Cyclist -1 -1 -4.5909 825.4840 159.5966 853.1406 227.6019 1.9946 0.6183 1.6656 6.9707 1.6054 22.0486 -4.2891 0.0010
Pedestrian -1 -1 -5.9596 544.6063 172.6804 551.5549 193.8984 1.9781 0.6439 0.4690 -5.8239 1.9616 67.6361 -6.0455 0.0009
Cyclist -1 -1 -7.7072 332.7893 173.5616 358.6016 222.5883 1.7573 0.6500 1.7482 -9.8502 1.7842 26.8105 -8.0565 0.0009
Cyclist -1 -1 -7.7306 764.2861 173.0942 781.0717 207.6743 1.5606 0.5514 1.7858 7.5224 1.5718 33.5107 -7.5121 0.0008
Pedestrian -1 -1 -4.2839 533.7420 175.6399 559.1370 233.1179 1.5113 0.4407 0.6749 -1.7551 1.5874 19.4011 -4.3736 0.0005
Pedestrian -1 -1 -6.0242 411.1092 175.6541 418.8428 204.3847 1.6468 0.5191 0.3086 -11.2977 1.8092 41.6678 -6.2877 0.0005
Pedestrian -1 -1 -6.2398 412.6530 176.0652 419.4107 203.4995 1.5691 0.5151 0.3546 -11.2254 1.7553 41.6253 -6.5020 0.0005
Cyclist -1 -1 -4.4939 272.7017 177.7567 304.2767 234.7749 1.7090 0.5274 1.7971 -10.1515 1.8694 22.7194 -4.9102 0.0002
Cyclist -1 -1 -5.5689 268.9241 178.5616 321.5299 234.1509 1.7260 0.5464 1.5623 -10.0811 1.9116 23.0003 -5.9781 0.0002
Pedestrian -1 -1 -6.0545 410.4672 175.1830 420.7389 205.3389 1.7348 0.6078 0.4496 -11.3142 1.8706 41.8669 -6.3173 0.0002
Cyclist -1 -1 -4.5247 278.7675 180.2292 305.4620 234.7646 1.6548 0.4989 1.5139 -10.1237 1.8968 22.9027 -4.9370 0.0001
Pedestrian -1 -1 -6.1540 413.7208 173.0408 422.8673 204.0175 1.7831 0.6045 0.4388 -11.1580 1.7937 41.8661 -6.4132 0.0001
