Car -1 -1 -8.0123 661.6524 173.9875 750.4362 237.3029 1.4688 1.6204 4.1951 2.3436 1.5016 18.9411 -7.8919 0.9999
Car -1 -1 -7.3526 0.0000 185.4117 439.1143 374.0000 1.5117 1.6697 4.2846 -2.7550 1.6425 5.3572 -7.8088 0.9997
Car -1 -1 -8.0524 637.0577 171.5722 692.7761 211.2582 1.6150 1.6280 4.1043 2.2801 1.5625 31.5013 -7.9814 0.9996
Car -1 -1 -7.8381 519.8423 172.4165 560.0651 210.7173 1.6150 1.6922 4.0659 -3.1661 1.5963 32.5192 -7.9348 0.9953
Car -1 -1 -7.5890 229.6693 182.1043 448.6391 326.2707 1.4640 1.5989 4.2938 -3.4024 1.6174 9.8004 -7.9157 0.9779
Car -1 -1 -7.8304 520.9225 172.5345 561.0521 210.4585 1.5986 1.6878 4.0349 -3.1004 1.5848 32.4868 -7.9253 0.9763
Car -1 -1 -8.5469 851.3523 176.1249 1241.0000 374.0000 1.5090 1.6177 4.0380 2.5242 1.5318 3.0430 -7.9014 0.9600
Car -1 -1 -7.8612 636.3779 173.3252 669.8769 203.9587 1.5023 1.6448 4.0180 2.1801 1.5279 37.4962 -7.8040 0.9082
Car -1 -1 -7.3752 0.0000 185.8036 432.4076 374.0000 1.5034 1.6597 4.1220 -2.7361 1.6354 5.2937 -7.8332 0.8403
Car -1 -1 -8.0543 637.5148 172.5304 694.7466 212.5668 1.6274 1.6736 4.1691 2.3301 1.6140 31.5037 -7.9818 0.8206
Car -1 -1 -7.7975 629.3627 167.8133 658.1249 197.3250 1.8829 1.6866 4.2928 2.2649 1.5610 48.2559 -7.7513 0.7326
Car -1 -1 -4.7381 634.5735 172.0272 667.4011 203.8489 1.5634 1.5846 4.0130 2.0435 1.5225 37.4767 -4.6845 0.7121
Car -1 -1 -2.8065 251.5667 178.3306 381.9326 227.2288 1.4473 1.5281 3.4352 -9.0710 1.6233 22.3869 -3.1877 0.6713
Car -1 -1 -7.9428 628.1627 168.6010 659.2344 197.3348 1.8341 1.6851 4.3448 2.1755 1.5623 48.2635 -7.8984 0.6170
Pedestrian -1 -1 -7.7480 210.4268 151.3036 278.1409 308.8213 1.8695 0.6738 0.7725 -4.6176 1.6134 9.0428 -8.2089 0.6087
Pedestrian -1 -1 -7.7495 213.5704 153.7325 279.6931 307.4022 1.8335 0.6548 0.8630 -4.6294 1.6051 9.1273 -8.2079 0.5993
Car -1 -1 -4.4615 218.9018 183.6752 449.5847 340.1975 1.4727 1.5724 4.7039 -3.3126 1.6513 9.5261 -4.7885 0.5906
Pedestrian -1 -1 -7.4038 285.3893 163.9077 342.4228 275.1140 1.7149 0.6302 0.6193 -4.7451 1.5767 11.4564 -7.7889 0.5512
Car -1 -1 -8.0311 622.2864 169.4647 657.8966 197.5876 1.7964 1.6488 4.2425 1.9327 1.5796 48.3032 -7.9917 0.5263
Car -1 -1 -2.7303 238.7373 176.3656 385.9688 226.4028 1.4958 1.6321 3.9315 -9.2750 1.6095 22.5562 -3.1166 0.3656
Car -1 -1 -2.9170 248.1586 178.4055 380.4529 228.6501 1.4584 1.5037 3.5155 -9.0486 1.6367 22.1897 -3.3004 0.3395
Car -1 -1 -7.3973 542.7756 173.7875 593.1536 199.3635 1.5683 1.6548 3.9944 -2.6935 1.6311 46.5647 -7.4552 0.3022
Car -1 -1 -7.8916 627.8661 168.3247 655.3326 197.6764 1.8756 1.6629 4.2867 2.0396 1.5858 48.2524 -7.8501 0.3009
Car -1 -1 -7.7303 635.4658 173.3939 677.6273 204.0167 1.4903 1.6767 4.2426 2.4319 1.5197 37.4336 -7.6664 0.2719
Pedestrian -1 -1 -7.4308 277.5221 161.5176 335.8062 275.5373 1.7635 0.6412 0.6586 -4.8761 1.5878 11.4983 -7.8243 0.2540
Car -1 -1 -7.6190 542.3967 174.0427 581.5629 199.7091 1.5752 1.6595 3.8986 -3.0824 1.6550 46.5349 -7.6852 0.2423
Car -1 -1 -4.4799 313.8810 178.6628 386.2608 227.5443 1.4217 1.4440 3.3235 -8.2924 1.6215 23.1264 -4.8209 0.2307
Car -1 -1 -7.6865 629.0416 168.0522 664.9933 197.2824 1.8572 1.7056 4.3016 2.4842 1.5518 48.1296 -7.6356 0.2283
Car -1 -1 -8.0767 526.7127 172.1170 574.9392 204.6863 1.5962 1.6820 3.8200 -3.1619 1.5598 37.4371 -8.1608 0.2146
Car -1 -1 -7.7667 541.2693 174.2156 571.9405 199.5909 1.5582 1.6373 3.9174 -3.4325 1.6493 46.4868 -7.8404 0.1898
Pedestrian -1 -1 -6.5532 504.0234 171.4317 520.2209 200.8011 1.7427 0.5775 0.8380 -5.9030 1.6580 43.2442 -6.6884 0.1551
Car -1 -1 -2.7019 264.1803 179.3641 386.1505 226.9829 1.4135 1.5021 3.2057 -8.8805 1.6241 22.5106 -3.0740 0.1473
Pedestrian -1 -1 -7.7197 194.7386 153.8902 265.5465 309.3209 1.8398 0.6798 0.7800 -4.7827 1.6150 9.0220 -8.1956 0.1414
Pedestrian -1 -1 -6.2890 502.6302 170.7319 517.4761 200.8381 1.7889 0.5749 0.8752 -6.0241 1.6625 43.2213 -6.4270 0.1302
Car -1 -1 -5.8430 276.8758 178.8937 404.5510 227.7929 1.4348 1.5368 3.3651 -8.3194 1.6289 22.3081 -6.1965 0.1242
Car -1 -1 -7.8527 540.5043 173.9057 567.3622 199.1232 1.5491 1.6542 4.3302 -3.6637 1.6202 46.7314 -7.9309 0.1231
Car -1 -1 -4.3675 294.2267 178.9084 383.4575 229.8232 1.4133 1.4951 3.3739 -8.2584 1.6128 22.1243 -4.7212 0.1078
Car -1 -1 -4.4001 300.9350 179.4384 387.1396 230.0746 1.4025 1.4868 3.4443 -8.1222 1.6206 22.1862 -4.7476 0.1075
Car -1 -1 -4.7793 540.7645 173.7772 570.1833 199.3551 1.5587 1.6259 3.6038 -3.5447 1.6197 46.0060 -4.8562 0.1017
Car -1 -1 -7.9221 538.2597 174.2526 568.3918 199.6146 1.5482 1.6526 4.0311 -3.7171 1.6419 46.3947 -8.0020 0.1009
Car -1 -1 -7.8436 525.4002 171.3348 560.8789 204.6209 1.6395 1.7437 4.1717 -3.5099 1.5644 37.6901 -7.9362 0.0996
Car -1 -1 -3.0459 263.0057 178.8849 380.8780 229.0141 1.4248 1.5539 3.1952 -8.7265 1.6181 21.9789 -3.4201 0.0970
Pedestrian -1 -1 -7.3570 287.5657 163.3693 346.1968 273.9471 1.7313 0.6709 0.5987 -4.7702 1.5825 11.6327 -7.7388 0.0921
Car -1 -1 -2.5926 251.2472 177.1632 390.0164 227.0401 1.4839 1.6290 3.7744 -9.1397 1.6264 22.7849 -2.9704 0.0920
Pedestrian -1 -1 -6.1528 505.5619 171.7708 519.8520 200.6936 1.7252 0.6570 0.7729 -5.8802 1.6603 43.3679 -6.2871 0.0871
Car -1 -1 -6.8925 625.0461 173.3070 711.4087 203.7401 1.4852 1.6485 4.2424 2.9720 1.5093 37.0504 -6.8135 0.0859
Car -1 -1 -4.5856 528.5029 171.7157 570.7064 205.7455 1.6341 1.6551 3.9040 -3.0502 1.5791 36.6341 -4.6685 0.0840
Car -1 -1 -7.7959 317.2635 179.0646 373.1810 229.5727 1.4592 1.4736 3.5551 -8.4986 1.6754 23.2307 -8.1433 0.0777
Car -1 -1 -8.0793 509.7442 171.7254 560.4125 205.1702 1.6326 1.7170 4.1780 -3.9903 1.5772 37.4769 -8.1851 0.0717
Pedestrian -1 -1 -7.4348 277.1406 164.1055 334.3153 273.3727 1.7171 0.6596 0.6074 -4.9564 1.5793 11.6506 -7.8294 0.0696
Car -1 -1 -8.1165 526.9578 174.6196 569.9207 200.5144 1.5693 1.6871 4.2829 -4.0389 1.6880 46.3409 -8.2034 0.0681
Car -1 -1 -4.4456 292.9949 180.5343 377.8364 232.1953 1.3826 1.4877 3.5345 -8.1926 1.6326 21.6817 -4.8033 0.0638
Cyclist -1 -1 -2.6806 223.4694 163.2397 353.6747 273.3050 1.6869 0.6930 1.7642 -5.1271 1.5392 11.4468 -3.0936 0.0604
Pedestrian -1 -1 -7.6387 197.4224 146.2370 274.9129 310.7163 1.8929 0.6771 0.7964 -4.5775 1.5863 8.7742 -8.1078 0.0572
Car -1 -1 -4.2667 276.0919 178.6976 380.4276 231.6340 1.4262 1.5200 3.5571 -8.3901 1.6164 21.6787 -4.6323 0.0555
Car -1 -1 -4.5505 519.6828 170.6731 566.0367 206.4196 1.7165 1.7373 3.9080 -3.3901 1.6114 36.6565 -4.6426 0.0494
Car -1 -1 -8.1270 525.9451 174.4588 567.5636 200.1914 1.5603 1.6200 4.0294 -4.1290 1.6676 46.1924 -8.2161 0.0489
Car -1 -1 -6.4831 632.9129 172.2637 721.9987 203.7565 1.5388 1.6224 4.2203 3.3176 1.5097 36.2937 -6.3932 0.0454
Car -1 -1 -3.0111 548.6757 171.9311 642.3391 205.5296 1.6448 1.6715 4.5467 -0.7334 1.5993 36.4017 -3.0316 0.0386
Pedestrian -1 -1 -5.9789 624.4946 167.4409 641.8832 197.8994 1.9386 0.4006 1.0428 1.4538 1.5938 46.2844 -5.9482 0.0380
Car -1 -1 -4.7401 522.3895 170.0350 559.7347 205.9470 1.7106 1.7583 3.9274 -3.5679 1.5760 36.4276 -4.8375 0.0351
Car -1 -1 -4.6752 638.8083 171.6968 669.9149 201.5040 1.6836 1.7019 3.9195 2.6349 1.6179 42.7871 -4.6146 0.0323
Car -1 -1 -2.9225 559.3826 172.0551 651.9379 204.7327 1.6030 1.7178 4.4418 -0.2366 1.5635 36.7018 -2.9295 0.0317
Car -1 -1 -8.0872 531.6874 174.5386 568.9921 199.4012 1.5116 1.6012 3.4959 -3.8771 1.6232 46.0366 -8.1712 0.0312
Car -1 -1 -4.8044 524.4909 171.1905 565.1811 206.1815 1.6622 1.6823 3.8605 -3.3699 1.5829 36.3268 -4.8967 0.0300
Cyclist -1 -1 -4.4748 364.4373 173.0275 377.3875 192.9772 1.5978 0.6273 1.6549 -19.4545 1.6118 58.6550 -4.7940 0.0266
Car -1 -1 -2.4525 518.2622 174.5201 582.5743 199.5724 1.5348 1.6342 3.9740 -3.8734 1.6455 46.2479 -2.5360 0.0265
Car -1 -1 -5.0064 637.4437 171.1842 685.2652 202.0440 1.7365 1.7005 4.0995 2.9495 1.6422 42.7885 -4.9385 0.0246
Car -1 -1 -7.5734 314.9220 179.9910 393.4660 229.3278 1.4308 1.4661 3.4666 -8.1798 1.6776 23.2087 -7.9091 0.0244
Car -1 -1 -4.4524 294.2969 179.9978 380.2978 233.1936 1.4128 1.5219 3.5351 -8.0608 1.6434 21.4871 -4.8077 0.0236
Car -1 -1 -6.1566 499.4418 163.1223 551.6245 183.2190 1.7499 1.6618 4.4003 -7.4490 0.9022 63.6817 -6.2727 0.0221
Car -1 -1 -6.6879 628.7782 173.1421 715.5434 203.0719 1.4643 1.5802 4.1103 3.1183 1.4793 36.7275 -6.6044 0.0219
Car -1 -1 -4.4013 626.4035 170.0692 674.5414 201.9936 1.7967 1.7352 3.9172 2.4123 1.6397 42.7472 -4.3458 0.0213
Car -1 -1 -2.6591 512.3392 174.7060 579.3209 199.9109 1.5441 1.6365 3.9375 -4.1193 1.6656 45.9358 -2.7484 0.0211
Car -1 -1 -6.4917 0.0000 0.0000 1241.0000 374.0000 1.5228 1.6176 3.6466 -2.6265 1.6252 0.4307 -7.7964 0.0190
Pedestrian -1 -1 -5.8871 624.5775 168.3697 641.7067 198.3198 1.8980 0.4540 0.9968 1.4458 1.6135 46.1372 -5.8564 0.0178
Car -1 -1 -6.5033 631.8533 173.1641 720.0005 203.2892 1.4762 1.5724 4.1877 3.2583 1.4920 36.4343 -6.4153 0.0157
Car -1 -1 -6.4281 0.0000 0.0000 1241.0000 374.0000 1.5271 1.6291 3.6890 -3.0249 1.6345 0.4268 -7.7676 0.0155
Car -1 -1 -6.5020 0.0000 0.0000 1241.0000 374.0000 1.5002 1.5928 3.5995 -2.2573 1.6147 0.3397 -7.8028 0.0149
Car -1 -1 -4.8075 520.3063 171.0905 563.6682 207.5539 1.7768 1.8362 4.1873 -3.6202 1.6906 37.3895 -4.9038 0.0148
Car -1 -1 -6.2652 633.5734 173.0026 722.8281 204.6441 1.5298 1.6322 4.3266 3.3547 1.5371 35.9419 -6.1733 0.0144
Car -1 -1 -6.4045 0.0000 0.0000 1241.0000 374.0000 1.5263 1.6107 3.7346 -3.3557 1.6201 0.4573 -7.7574 0.0114
Car -1 -1 -6.0453 629.6078 172.2771 725.3226 204.7449 1.5369 1.6093 4.4541 3.2944 1.5093 35.6353 -5.9544 0.0083
Car -1 -1 -5.8058 629.0250 174.3730 725.4553 206.9926 1.5049 1.5873 4.4690 3.2165 1.5829 35.3311 -5.7163 0.0071
Car -1 -1 -6.5066 0.0000 0.0000 1241.0000 374.0000 1.4825 1.5909 3.5514 -1.8200 1.5549 0.2500 -7.7917 0.0067
Car -1 -1 -4.4612 371.8077 172.2316 398.3399 189.0076 1.5814 1.5500 3.8374 -21.7951 1.5224 69.9692 -4.7624 0.0061
Pedestrian -1 -1 -7.1680 1100.7804 131.0768 1219.8162 347.4750 1.7162 0.6225 0.5003 4.5655 1.3846 6.0882 -6.5481 0.0061
Car -1 -1 -7.1361 374.0734 172.6891 416.6017 188.2878 1.4668 1.5599 4.2333 -20.8274 1.4510 70.0998 -7.4241 0.0054
Car -1 -1 -7.4080 375.9199 173.1289 409.8441 189.3564 1.5296 1.6004 3.9740 -21.0900 1.5568 70.1670 -7.6992 0.0043
Car -1 -1 -4.8688 612.2841 171.0740 655.2175 203.9380 1.6055 1.5753 4.2027 1.1339 1.5183 37.4343 -4.8392 0.0041
Car -1 -1 -7.4346 373.9300 173.0978 405.7031 189.9178 1.5896 1.5443 3.7976 -21.4098 1.6137 70.2254 -7.7297 0.0032
Car -1 -1 -6.2354 0.0000 0.0000 1241.0000 374.0000 1.4447 1.6078 3.7625 -2.2149 1.5428 -0.2473 -7.7877 0.0030
Cyclist -1 -1 -7.6519 265.4071 162.2140 339.8941 277.5419 1.7036 0.7503 1.7763 -4.9486 1.5462 11.6023 -8.0474 0.0014
Pedestrian -1 -1 -3.3172 686.4153 168.5044 697.5123 212.0378 1.6661 0.5236 0.3380 3.1208 1.4993 27.8869 -3.2075 0.0011
Cyclist -1 -1 -7.6686 204.0950 153.5347 285.2982 311.5036 1.8051 0.6150 1.5998 -4.6148 1.5840 9.0980 -8.1269 0.0003
Cyclist -1 -1 -5.6953 245.7619 159.9057 369.5101 273.1139 1.7292 0.7115 1.7213 -4.8743 1.5311 11.5374 -6.0874 0.0003
Cyclist -1 -1 -6.7511 558.4797 171.1452 588.9207 199.6086 1.7406 0.6482 1.7902 -2.2877 1.6358 44.8491 -6.8022 0.0003
Pedestrian -1 -1 -3.3206 689.6741 159.1593 701.0627 212.2315 2.0260 0.6046 0.3321 3.2484 1.5029 27.8563 -3.2063 0.0002
Cyclist -1 -1 -6.7607 556.9472 172.2836 584.6923 200.5735 1.7317 0.5999 1.6285 -2.4666 1.6965 44.8389 -6.8158 0.0001
Cyclist -1 -1 -7.6655 278.2310 163.2855 345.1751 277.4427 1.6814 0.6718 1.7056 -4.7797 1.5402 11.5294 -8.0510 0.0000
