Car -1 -1 -8.0076 782.8476 174.9670 913.9587 269.8594 1.4684 1.6355 3.8545 4.1496 1.5129 13.2790 -7.7119 0.9998
Car -1 -1 -4.8361 739.0010 174.2980 815.1834 237.5031 1.5193 1.4986 3.7470 4.3325 1.5616 19.3669 -4.6200 0.9990
Car -1 -1 -4.4829 598.2829 169.5576 642.5005 201.0616 1.7238 1.6779 4.0466 0.6170 1.5431 41.6453 -4.4686 0.9973
Car -1 -1 -8.5342 956.5886 184.0952 1241.0000 374.0000 1.5032 1.6089 3.6872 3.1237 1.5825 3.2380 -7.8120 0.9590
Car -1 -1 -4.4415 633.0630 171.0526 670.8140 196.7213 1.6606 1.5543 3.9420 2.8461 1.5438 48.7959 -4.3840 0.8928
Car -1 -1 -8.5567 948.2096 179.2324 1241.0000 374.0000 1.5545 1.6632 4.1077 3.1462 1.6004 3.1426 -7.8173 0.8744
Car -1 -1 -4.4495 631.8245 171.6942 670.5104 196.3234 1.5912 1.6086 4.0912 2.7978 1.5160 48.8104 -4.3930 0.8741
Car -1 -1 -4.4981 597.0187 169.3654 640.9059 201.2869 1.7457 1.7020 4.1043 0.5356 1.5546 41.6490 -4.4858 0.8236
Cyclist -1 -1 -7.8112 721.0955 167.4259 734.5599 204.8987 1.7321 0.5640 1.7007 5.5576 1.4809 34.2409 -7.6521 0.8054
Car -1 -1 -4.4039 597.3008 170.6432 645.9785 201.3854 1.6743 1.6423 4.0719 0.6887 1.5536 41.4876 -4.3879 0.7737
Car -1 -1 -4.4816 596.8851 169.4588 641.2385 201.3227 1.7399 1.6827 4.0152 0.5387 1.5542 41.5498 -4.4692 0.7718
Cyclist -1 -1 -7.8045 722.2385 167.2415 736.5775 204.7769 1.7327 0.5900 1.7756 5.6329 1.4734 34.2381 -7.6433 0.7602
Car -1 -1 -4.5815 793.8686 171.5883 825.7643 194.6359 1.4990 1.5974 3.9456 13.5859 1.4163 49.0549 -4.3132 0.7286
Car -1 -1 -4.4665 629.8010 172.3080 667.6856 196.5914 1.5691 1.6546 3.9202 2.6275 1.5335 48.7399 -4.4133 0.7114
Car -1 -1 -4.3704 687.9994 170.5768 721.9526 189.2317 1.6117 1.6684 4.3179 8.5220 1.4146 64.6384 -4.2402 0.7065
Car -1 -1 -4.4481 793.8585 171.7376 833.6584 194.7457 1.4936 1.6157 4.0133 13.8349 1.4209 48.9777 -4.1747 0.6859
Car -1 -1 -4.4977 687.9112 170.4482 716.3577 189.3385 1.6336 1.6688 4.2409 8.2695 1.4252 64.6736 -4.3714 0.6835
Car -1 -1 -4.3654 630.7720 171.9997 673.1378 196.3235 1.5682 1.6564 3.8063 2.8350 1.5129 48.5958 -4.3079 0.6573
Car -1 -1 -8.4404 950.7794 189.8795 1241.0000 374.0000 1.4484 1.5351 3.3674 3.0696 1.5733 3.5617 -7.7700 0.6034
Car -1 -1 -4.3470 792.9238 171.3719 838.9950 194.6681 1.5172 1.6634 4.1160 14.0310 1.4204 49.1388 -4.0708 0.5951
Cyclist -1 -1 -7.8840 721.0890 166.9428 734.3113 205.2539 1.7555 0.5536 1.8191 5.4963 1.4844 34.0006 -7.7255 0.5296
Car -1 -1 -4.3259 632.2301 170.4987 677.5626 196.0045 1.6465 1.6055 4.1832 3.0531 1.4942 48.8110 -4.2642 0.5090
Car -1 -1 -4.5127 689.7663 171.9628 716.6207 189.9760 1.5542 1.5887 4.1749 8.3382 1.4770 64.4854 -4.3850 0.5053
Car -1 -1 -4.2613 631.4539 171.8991 677.3851 196.4733 1.5824 1.5840 3.8077 2.9943 1.5206 48.5099 -4.2005 0.5028
Car -1 -1 -4.7182 795.2154 171.5018 819.5175 194.6523 1.5080 1.5331 3.9294 13.3749 1.4196 49.0949 -4.4541 0.4590
Car -1 -1 -4.6165 687.9617 169.9004 711.6576 189.2263 1.6751 1.7203 4.2224 8.0723 1.4188 64.7880 -4.4934 0.4307
Car -1 -1 -4.5668 794.8395 171.3474 826.9681 194.6136 1.5047 1.5994 3.5152 13.5265 1.4069 48.5938 -4.2972 0.4128
Car -1 -1 -4.6473 689.3276 172.5549 710.0510 190.7795 1.5722 1.5844 3.9742 8.0014 1.5461 64.3453 -4.5245 0.3773
Car -1 -1 -3.9784 629.2826 171.2172 684.1280 196.1948 1.6087 1.5639 3.7440 3.1247 1.5030 48.3373 -3.9147 0.3606
Car -1 -1 -4.3166 794.3049 171.3043 840.6271 194.5454 1.5092 1.6303 3.9425 14.0624 1.4083 48.9042 -4.0385 0.3509
Car -1 -1 -3.9953 628.0800 171.2378 683.3085 196.4127 1.6239 1.6269 3.7704 3.0655 1.5194 48.4560 -3.9330 0.3479
Car -1 -1 -4.1407 632.0057 170.3932 683.4711 196.2235 1.6674 1.6230 3.8780 3.2227 1.5083 48.6194 -4.0753 0.3412
Car -1 -1 -4.9787 785.2467 171.7084 824.6042 194.4814 1.4917 1.5756 4.0305 13.2268 1.4163 49.2822 -4.7183 0.3056
Car -1 -1 -4.7933 793.5035 171.3465 821.6131 194.4444 1.4898 1.5337 3.4102 13.1717 1.3923 48.3550 -4.5292 0.3055
Car -1 -1 -4.1126 793.1053 171.4321 849.0400 194.3537 1.4885 1.6518 4.0232 14.2594 1.3958 48.7705 -3.8301 0.2993
Car -1 -1 -7.3441 792.1555 171.4196 846.5555 194.8835 1.5264 1.7251 4.2020 14.2266 1.4328 49.0302 -7.0636 0.2812
Car -1 -1 -4.4948 689.7678 172.2265 717.1873 190.3084 1.5526 1.6157 3.8971 8.3060 1.4984 64.0620 -4.3667 0.2778
Car -1 -1 -4.3032 690.0607 170.6739 726.6870 189.3365 1.6088 1.6583 4.3379 8.8051 1.4205 64.4839 -4.1684 0.1964
Car -1 -1 -4.3742 796.1447 172.1843 836.6143 194.8862 1.4699 1.5446 3.5292 13.8977 1.4262 48.6046 -4.0977 0.1963
Car -1 -1 -4.1302 631.7306 170.5463 684.6423 195.9566 1.6371 1.6401 3.9766 3.2508 1.4881 48.5652 -4.0642 0.1891
Car -1 -1 -3.3718 1036.2355 165.6112 1174.1599 204.5039 1.5011 1.6722 4.3601 19.9860 1.2212 29.4019 -2.7797 0.1630
Car -1 -1 -4.8392 683.8435 170.1762 708.7479 189.2966 1.6577 1.6953 4.1450 7.6721 1.4252 64.6357 -4.7219 0.1132
Car -1 -1 -5.1731 873.7920 171.8500 1002.8199 233.7500 1.4784 1.6033 3.6714 8.4821 1.4541 19.1052 -4.7615 0.1127
Cyclist -1 -1 -8.1458 875.7750 165.7840 910.2524 225.8327 1.6061 0.4419 1.5940 7.8185 1.4167 20.1097 -7.7805 0.1022
Car -1 -1 -5.1535 873.9670 171.5626 988.5125 231.4966 1.4622 1.5217 3.2385 8.3931 1.4304 19.2486 -4.7484 0.1018
Pedestrian -1 -1 -3.4773 1092.9291 156.6833 1114.0199 214.3720 1.7870 0.5125 0.3967 15.4377 1.2858 22.6495 -2.8854 0.1001
Car -1 -1 -3.9307 792.7223 171.9689 851.9819 194.4266 1.4560 1.6208 3.7864 14.2216 1.3983 48.4046 -3.6470 0.0814
Car -1 -1 -3.4636 1077.8534 169.6644 1197.3517 207.9023 1.4666 1.5628 3.5539 21.0173 1.3440 28.9478 -2.8408 0.0777
Pedestrian -1 -1 -3.3597 933.9016 157.5122 955.3290 212.2995 1.7254 0.5295 0.5150 10.6299 1.2419 23.0353 -2.9326 0.0658
Cyclist -1 -1 -8.2168 876.5995 164.7220 916.8727 227.6085 1.6622 0.4561 1.6711 7.8384 1.4470 19.9090 -7.8473 0.0540
Car -1 -1 -3.6382 790.1778 172.8962 855.0419 195.2445 1.4525 1.5809 3.8601 14.1185 1.4551 48.0812 -3.3546 0.0388
Car -1 -1 -6.6242 1081.1926 170.4010 1226.9642 210.4803 1.5211 1.6417 4.3450 21.5301 1.4277 28.8016 -5.9875 0.0385
Car -1 -1 -6.6520 1082.5436 169.5349 1210.4387 209.7025 1.5300 1.5506 3.7788 21.2014 1.4033 28.7218 -6.0213 0.0355
Cyclist -1 -1 -8.1133 866.7198 166.8608 900.1374 228.0253 1.6125 0.4332 1.6703 7.4616 1.4542 19.8740 -7.7595 0.0330
Car -1 -1 -6.6593 1091.2946 169.7552 1224.3895 210.8813 1.5657 1.5551 3.9231 21.6548 1.4474 28.7328 -6.0187 0.0287
Car -1 -1 -6.5988 1062.4291 169.2899 1189.4100 209.2860 1.5317 1.5735 3.8413 20.5373 1.3949 28.9462 -5.9869 0.0282
Car -1 -1 -3.4315 1044.6718 167.4874 1175.2561 206.3972 1.4997 1.6341 4.0403 20.0628 1.2926 29.1997 -2.8345 0.0281
Pedestrian -1 -1 -3.3838 950.0340 160.6037 976.7021 242.7433 1.6844 0.4495 0.3995 7.3162 1.4329 15.0568 -2.9398 0.0256
Pedestrian -1 -1 -3.6122 906.0267 165.0535 934.1074 231.6628 1.6144 0.4809 0.4647 7.5698 1.4250 17.7447 -3.2156 0.0219
Car -1 -1 -8.2776 1080.1757 166.8990 1167.8634 206.8270 1.5474 1.6517 3.4615 21.0847 1.3163 29.8168 -7.6671 0.0218
Pedestrian -1 -1 -3.2678 946.8223 162.4933 971.7345 242.6358 1.6428 0.4277 0.4129 7.2312 1.4301 15.0572 -2.8283 0.0178
Car -1 -1 -3.2959 792.9124 174.2112 857.0255 196.9536 1.4690 1.5152 3.8735 14.1431 1.5604 47.7315 -3.0099 0.0143
Pedestrian -1 -1 -3.4055 948.8846 161.0644 975.8902 243.4322 1.7077 0.4358 0.4082 7.3709 1.4630 15.2103 -2.9625 0.0127
Car -1 -1 -5.9122 905.4972 181.3042 1024.3838 221.2531 1.4599 1.6268 4.0059 14.2659 1.8258 29.2428 -5.4628 0.0105
Car -1 -1 -5.4088 912.8336 178.0407 1032.2163 221.8653 1.5430 1.7268 4.4201 14.0200 1.7631 28.3129 -4.9537 0.0095
Car -1 -1 -5.3430 921.7969 177.9202 1029.6747 219.4644 1.4839 1.6550 4.1315 14.2493 1.6988 28.4793 -4.8837 0.0092
Car -1 -1 -6.1689 927.0342 176.6060 1046.2709 215.6677 1.4414 1.7434 4.0597 14.9733 1.6006 28.8327 -5.6945 0.0081
Car -1 -1 -5.9657 913.9134 178.8165 1044.4728 219.4295 1.4776 1.6039 4.3886 14.6998 1.7344 28.9884 -5.5011 0.0078
Pedestrian -1 -1 -5.1455 924.5958 164.4163 956.3655 239.3758 1.6691 0.4531 0.5713 7.4324 1.4809 16.3546 -4.7263 0.0063
Car -1 -1 -5.9458 911.3540 179.0079 1042.3004 222.0535 1.5553 1.8516 4.3045 14.5591 1.8201 28.8853 -5.4835 0.0062
Car -1 -1 -2.6594 900.6841 181.0471 1018.0633 220.8993 1.4632 1.6895 3.9785 14.1283 1.8211 29.4510 -2.2165 0.0061
Car -1 -1 -5.1712 938.7133 174.9997 1034.8043 218.5400 1.5590 1.6570 4.0601 14.4794 1.6482 28.0762 -4.6998 0.0051
Car -1 -1 -2.7523 896.3640 176.7968 1013.7290 215.2066 1.4355 1.6971 3.9698 13.9527 1.6071 29.4203 -2.3138 0.0051
Car -1 -1 -8.7284 908.6199 178.8640 1013.5463 216.8447 1.4203 1.6938 3.6186 14.2705 1.6833 29.6121 -8.2837 0.0051
Cyclist -1 -1 -8.0609 758.8621 170.3248 798.0666 251.0852 1.6146 0.4821 1.5477 3.4754 1.5637 15.2023 -7.8412 0.0050
Car -1 -1 -5.1073 934.2906 174.9323 1029.9174 217.8658 1.5218 1.6947 4.4290 14.2772 1.6088 28.0635 -4.6414 0.0050
Car -1 -1 -6.0454 908.8576 178.6807 1036.8950 220.7226 1.5430 1.8170 4.3182 14.5501 1.7949 29.1407 -5.5869 0.0040
Car -1 -1 -5.3051 915.8099 172.0240 1033.2095 218.4820 1.6567 1.8507 4.4971 13.9710 1.6268 28.0829 -4.8481 0.0039
Car -1 -1 -8.8928 896.3983 179.1453 1009.8713 218.4578 1.4661 1.7529 3.8507 13.9748 1.7426 29.6587 -8.4568 0.0038
Car -1 -1 -3.1042 919.2361 172.8031 1040.1519 216.2871 1.6337 2.0289 4.1950 14.7684 1.6315 29.0100 -2.6379 0.0038
Car -1 -1 -5.6186 913.3687 176.0265 1037.3804 218.0687 1.5340 1.9555 4.0913 14.4862 1.6709 28.9366 -5.1590 0.0037
Car -1 -1 -5.6637 907.1695 179.2087 1022.3271 216.7182 1.3587 1.6946 3.8744 14.0884 1.6319 28.9547 -5.2153 0.0035
Car -1 -1 -6.1239 911.1227 176.8276 1042.4541 218.5766 1.5268 1.8298 4.4490 14.5533 1.6964 28.8157 -5.6608 0.0034
Car -1 -1 -2.8818 912.9221 180.6228 1026.9515 219.8298 1.4438 1.6632 3.8351 14.4737 1.7782 29.2030 -2.4262 0.0033
Car -1 -1 -8.2230 819.5883 156.5867 875.8911 193.2085 1.8599 1.7361 3.3552 12.5394 1.0334 38.3673 -7.9096 0.0029
Pedestrian -1 -1 -3.8827 973.9971 156.1555 1029.1499 253.1897 1.8021 0.6233 0.6851 7.4209 1.4916 13.7884 -3.3985 0.0029
Car -1 -1 -8.0485 823.1163 159.8662 866.9305 194.7720 1.7774 1.6333 3.0975 12.4107 1.1157 38.3726 -7.7382 0.0029
Car -1 -1 -5.9301 904.4902 179.4884 1024.0485 218.8637 1.4383 1.7169 3.9756 14.1574 1.7239 29.0651 -5.4813 0.0029
Car -1 -1 -5.7257 916.0940 180.3763 1022.7109 217.3492 1.3640 1.6970 3.5110 14.4965 1.6899 29.3461 -5.2714 0.0027
Pedestrian -1 -1 -4.8643 921.4636 162.4401 952.5830 239.3963 1.7225 0.5473 0.6780 7.4395 1.4891 16.5482 -4.4491 0.0025
Pedestrian -1 -1 -4.7414 773.6569 188.5595 793.1719 251.6081 1.2457 0.3692 0.3800 3.4500 1.5678 14.5889 -4.5146 0.0018
Car -1 -1 -6.9682 917.2546 177.8109 1042.9802 219.4001 1.5954 1.9018 4.3451 15.0020 1.8068 29.4102 -6.5011 0.0010
Pedestrian -1 -1 -3.6245 964.8689 160.5134 1012.0447 243.0068 1.5389 0.6163 0.5729 7.1601 1.3084 13.7723 -3.1543 0.0009
Car -1 -1 -5.0219 825.1492 163.4994 898.3040 203.3794 1.6576 1.7497 4.5741 11.1071 1.2685 32.2932 -4.6938 0.0007
Car -1 -1 -4.8860 815.0153 166.8352 870.1221 203.6318 1.6541 1.7705 4.3520 11.0597 1.3832 34.7087 -4.5804 0.0005
Car -1 -1 -4.9797 817.5856 164.0891 884.9229 203.9191 1.7120 1.7588 4.6440 11.0074 1.3350 33.3752 -4.6641 0.0004
Car -1 -1 -5.0771 816.5145 165.2393 891.5084 204.0980 1.6317 1.6878 4.4913 10.8613 1.3117 32.5806 -4.7584 0.0003
Car -1 -1 -4.8242 819.8763 164.9933 872.8466 204.6759 1.6524 1.7353 4.5487 10.4980 1.3248 32.4455 -4.5143 0.0003
Car -1 -1 -5.0659 808.5315 165.5566 877.5499 202.5513 1.6316 1.7077 4.2348 10.8335 1.3094 33.9778 -4.7601 0.0001
Car -1 -1 -4.8247 814.8987 164.0233 867.8860 202.9812 1.6639 1.7862 4.6383 10.5355 1.2864 33.2630 -4.5208 0.0001
