Pedestrian -1 -1 -4.2817 348.6453 177.1979 384.4102 232.8795 1.8893 0.8141 1.0552 -8.5175 2.0438 25.1385 -4.6057 0.9387
Pedestrian -1 -1 -4.3955 351.0365 176.2266 384.8260 232.1342 1.9027 0.8322 1.0435 -8.4700 2.0224 25.1438 -4.7178 0.8460
Pedestrian -1 -1 -4.8775 312.5510 186.9900 335.3065 235.1266 1.6436 0.6293 0.7603 -10.1240 2.1507 25.4108 -5.2535 0.1730
Car -1 -1 -4.5785 486.2590 176.0534 520.6983 203.8467 1.6767 1.6468 4.0555 -6.7817 1.8896 46.0356 -4.7244 0.1415
Pedestrian -1 -1 -3.2312 234.1139 172.4193 254.7930 241.1321 2.0456 0.5603 0.5119 -11.1216 2.0323 21.8531 -3.6974 0.1346
Pedestrian -1 -1 -7.9522 1045.6665 153.7132 1069.3844 207.8550 1.8454 0.6487 0.4917 15.4258 1.1927 24.9560 -7.4041 0.1074
Car -1 -1 -4.5862 489.1859 175.1216 522.4899 203.5288 1.7221 1.6094 4.0477 -6.6424 1.8731 46.1026 -4.7289 0.0913
Car -1 -1 -4.5430 487.7400 175.9469 523.0943 203.5688 1.6600 1.6432 3.4874 -6.5902 1.8623 45.5210 -4.6863 0.0798
Car -1 -1 -4.5785 491.0751 175.1779 524.2870 203.8650 1.7375 1.5840 3.9465 -6.5118 1.8918 46.0009 -4.7188 0.0633
Cyclist -1 -1 -5.2261 309.0356 185.0468 347.0510 235.1095 1.6910 0.5798 1.5127 -9.9857 2.1321 25.4173 -5.5974 0.0631
Pedestrian -1 -1 -7.8307 1048.5679 152.2050 1071.9562 207.8010 1.8823 0.6746 0.4774 15.4373 1.1829 24.8129 -7.2797 0.0544
Car -1 -1 -4.4227 480.7247 176.5267 524.3069 203.5342 1.6386 1.6405 4.2380 -6.9149 1.8868 46.5949 -4.5696 0.0439
Car -1 -1 -4.8209 638.1375 174.0115 664.5203 194.7007 1.5054 1.5800 3.8437 3.0690 1.5959 54.6809 -4.7656 0.0374
Car -1 -1 -4.7051 643.0950 173.7161 664.8495 194.6579 1.5238 1.5865 3.9084 3.3131 1.5912 54.6684 -4.6453 0.0371
Car -1 -1 -4.9474 475.2716 176.0298 517.0770 204.0418 1.6728 1.6836 4.2139 -7.3178 1.8844 45.8723 -5.1052 0.0270
Car -1 -1 -8.2455 627.9914 174.9103 666.5501 195.4595 1.4876 1.5639 3.8445 2.7565 1.6491 54.7210 -8.1959 0.0167
Cyclist -1 -1 -8.2353 944.9047 173.1930 993.0807 240.5234 1.6324 0.4486 1.7939 9.0796 1.6411 18.4125 -7.7841 0.0155
Cyclist -1 -1 -4.5456 197.5673 186.2074 225.0663 244.8348 1.6499 0.4736 1.4673 -11.8740 2.0604 21.4274 -5.0467 0.0141
Car -1 -1 -4.3145 647.5500 173.2347 694.0728 198.8027 1.5285 1.5892 3.7260 3.8175 1.5531 45.2148 -4.2312 0.0111
Cyclist -1 -1 -4.6155 195.4164 187.3665 221.6113 246.5717 1.6528 0.5334 1.4500 -11.8828 2.0963 21.2922 -5.1196 0.0100
Pedestrian -1 -1 -6.0474 0.0000 196.1338 24.0841 271.7132 1.6327 0.5405 0.4528 -13.5211 2.1642 16.1397 -6.7367 0.0098
Pedestrian -1 -1 -4.1423 813.6628 206.7615 885.8832 353.7539 1.4006 0.4354 0.6380 2.4096 1.7664 7.4186 -3.8415 0.0097
Cyclist -1 -1 -8.6322 955.6359 170.7966 1020.0240 233.9661 1.5278 0.4254 1.6136 9.4921 1.4778 18.2844 -8.1605 0.0086
Car -1 -1 -4.3473 654.3279 172.6853 700.6644 198.2850 1.5222 1.5962 3.8955 4.2200 1.5119 45.0044 -4.2548 0.0082
Car -1 -1 -4.4510 649.2657 173.7283 675.8328 189.9144 1.5160 1.5992 3.9766 5.1050 1.6031 69.9528 -4.3788 0.0080
Car -1 -1 -4.6417 639.6514 174.3349 660.2247 191.4799 1.6111 1.7164 4.1811 3.9034 1.7597 70.3613 -4.5869 0.0076
Car -1 -1 -4.5976 642.2621 173.6646 664.6770 190.9413 1.6260 1.7110 4.2447 4.2496 1.7072 70.3557 -4.5379 0.0074
Pedestrian -1 -1 -4.3823 833.3372 205.5282 886.5690 344.3260 1.3741 0.4150 0.4373 2.5714 1.7308 7.5836 -4.0686 0.0069
Car -1 -1 -4.6419 644.8850 175.0105 662.6121 190.2353 1.4290 1.4639 3.7857 4.2622 1.6445 70.2526 -4.5818 0.0067
Cyclist -1 -1 -8.6973 971.7810 168.3759 1038.9962 233.9350 1.5769 0.4129 1.6092 9.8800 1.4688 18.1811 -8.2069 0.0064
Car -1 -1 -4.0409 467.2664 176.5904 523.9029 202.3419 1.6241 1.6563 3.9262 -7.6306 1.8845 48.2366 -4.1973 0.0064
Car -1 -1 -4.7300 650.6884 174.8062 667.4226 190.2814 1.4524 1.5503 3.6381 4.7210 1.6466 70.0409 -4.6633 0.0063
Car -1 -1 -4.5650 644.5691 173.4748 669.5007 191.1104 1.6584 1.8035 4.3998 4.6009 1.7206 70.3547 -4.5004 0.0061
Car -1 -1 -2.5196 616.9557 174.9907 662.8399 191.0831 1.5086 1.6740 4.2809 2.8662 1.7218 70.1407 -2.4792 0.0061
Cyclist -1 -1 -8.5099 956.8262 174.2342 1021.3331 235.4759 1.4819 0.4835 1.7389 9.5794 1.5185 18.3992 -8.0369 0.0059
Car -1 -1 -7.8819 653.3731 175.2101 681.2263 200.2505 1.4742 1.6101 3.3255 3.4660 1.6247 44.4984 -7.8051 0.0059
Car -1 -1 -7.8006 656.2678 173.8123 686.3323 199.7214 1.5214 1.6574 3.6664 3.7762 1.5827 44.4425 -7.7168 0.0057
Car -1 -1 -4.1534 642.6857 173.0130 684.9210 190.6057 1.6486 1.8090 4.8342 5.2524 1.6643 70.1427 -4.0793 0.0056
Car -1 -1 -4.3406 643.1043 173.1349 677.5330 190.5790 1.6371 1.8019 4.5928 4.9205 1.6651 70.2546 -4.2713 0.0056
Car -1 -1 -5.1224 626.9389 173.8986 663.1805 191.3025 1.6307 1.8164 4.6639 3.3554 1.7360 70.4103 -5.0753 0.0055
Car -1 -1 -4.2176 650.1387 173.4302 711.4601 203.3876 1.6990 1.6383 4.7061 4.2888 1.7353 43.4237 -4.1203 0.0055
Car -1 -1 -4.8590 635.5005 174.9642 658.7739 191.1801 1.5219 1.6689 4.1788 3.5741 1.7339 70.4397 -4.8089 0.0054
Pedestrian -1 -1 -6.2679 275.5285 169.2319 283.8971 211.4904 1.7974 0.5690 0.3177 -14.2377 1.6430 31.0131 -6.6953 0.0052
Car -1 -1 -5.2916 619.9702 174.1203 662.6603 191.3067 1.6049 1.8000 4.8260 2.9835 1.7324 70.2853 -5.2497 0.0050
Car -1 -1 -4.4619 637.3797 175.1689 661.7526 190.8531 1.4673 1.4966 3.7003 3.8494 1.6982 70.0777 -4.4076 0.0050
Pedestrian -1 -1 -5.3329 268.5057 169.0283 287.7810 212.2071 1.8188 0.6477 0.3781 -14.1919 1.6573 30.7677 -5.7620 0.0048
Car -1 -1 -4.3688 442.5186 178.0566 487.0443 202.9670 1.5773 1.7414 3.8511 -9.7524 1.9418 48.5670 -4.5663 0.0044
Pedestrian -1 -1 -4.2876 832.1384 192.6318 896.2260 345.9862 1.4886 0.4670 0.4910 2.5609 1.7013 7.4303 -3.9693 0.0041
Car -1 -1 -7.5540 656.1492 172.7886 700.8718 198.2694 1.4945 1.6608 3.9273 4.2319 1.4903 44.4506 -7.4601 0.0040
Pedestrian -1 -1 -4.6456 80.6942 185.5189 111.0564 246.5213 1.5968 0.6248 0.6367 -13.9370 1.9464 19.5019 -5.2598 0.0039
Pedestrian -1 -1 -4.3625 79.4814 177.7392 121.1937 247.7796 1.8611 0.7199 0.7334 -13.9395 1.9971 19.6817 -4.9726 0.0039
Car -1 -1 -4.7205 655.9316 174.5791 682.9661 199.1893 1.4077 1.5537 3.8912 3.5299 1.5163 43.5483 -4.6406 0.0036
Car -1 -1 -7.4413 651.2756 174.0902 702.1159 199.1599 1.4351 1.6976 3.7527 4.0343 1.5129 43.5594 -7.3500 0.0033
Car -1 -1 -7.6946 656.6215 174.7670 690.7402 199.3709 1.4284 1.5419 3.5216 3.8910 1.5500 44.0795 -7.6075 0.0033
Pedestrian -1 -1 -4.7071 819.1707 219.3540 859.5461 349.9552 1.2894 0.3947 0.5299 2.3701 1.8025 7.6555 -4.4193 0.0031
Car -1 -1 -7.3880 655.3891 173.7050 706.5334 198.1679 1.4241 1.6650 3.6248 4.3423 1.4782 44.1190 -7.2910 0.0030
Car -1 -1 -7.5495 471.4286 178.5064 511.2482 203.3485 1.5636 1.6132 3.6193 -7.9115 1.9558 48.1890 -7.7118 0.0029
Car -1 -1 -4.3773 645.4674 173.8848 685.3995 198.9395 1.4946 1.4373 3.4466 3.4632 1.5614 45.0638 -4.3016 0.0028
Car -1 -1 -4.4414 446.2827 178.0714 485.4442 202.7098 1.5632 1.6369 3.7532 -9.6775 1.9277 48.5282 -4.6376 0.0027
Car -1 -1 -4.2111 654.6948 172.2458 712.5538 197.9562 1.4285 1.5662 4.1631 4.3256 1.3944 42.2484 -4.1102 0.0026
Car -1 -1 -7.8188 654.6676 175.5321 679.9682 200.0133 1.4183 1.4227 3.4595 3.4883 1.5880 43.9947 -7.7406 0.0025
Cyclist -1 -1 -4.5793 83.4126 185.6911 114.8182 247.0484 1.5858 0.5092 1.4289 -13.9924 1.9496 19.7142 -5.1904 0.0025
Pedestrian -1 -1 -4.2211 967.9406 174.4937 1004.6003 235.0692 1.4973 0.6660 0.5028 9.4756 1.5395 18.2745 -3.7499 0.0024
Cyclist -1 -1 -8.1577 404.9977 178.3370 418.2895 205.4463 1.7750 0.3673 1.7010 -13.3401 2.1486 48.3866 -8.4257 0.0024
Car -1 -1 -4.1592 650.3055 173.2120 714.0225 201.1998 1.5672 1.5850 4.5921 4.3007 1.5893 42.7678 -4.0601 0.0023
Cyclist -1 -1 -8.4763 947.3790 172.4410 1012.2823 239.6458 1.6664 0.5080 1.8563 9.5706 1.6559 18.8479 -8.0134 0.0022
Car -1 -1 -5.6038 932.9467 158.5054 1014.9823 190.5997 1.6150 1.5947 3.7031 19.2162 0.8927 38.3241 -5.1422 0.0022
Cyclist -1 -1 -8.0073 413.9112 177.2490 423.1103 202.9229 1.6666 0.3973 1.2791 -12.7037 1.9611 47.7315 -8.2664 0.0022
Cyclist -1 -1 -8.0212 409.6396 178.0882 419.9576 206.2676 1.8436 0.3759 1.7871 -13.1393 2.2011 48.4280 -8.2851 0.0021
Cyclist -1 -1 -5.5876 399.9237 177.2021 427.5822 205.4550 1.8450 0.4599 1.9249 -13.0689 2.1371 47.9158 -5.8528 0.0021
Pedestrian -1 -1 -3.0234 408.3055 175.3302 419.5840 203.0937 1.8118 0.9009 0.6172 -12.9803 1.9767 47.6635 -3.2882 0.0020
Cyclist -1 -1 -8.1152 413.8244 178.4652 424.4787 203.5555 1.6321 0.3607 1.2964 -12.7006 2.0092 47.8792 -8.3735 0.0019
Car -1 -1 -6.3450 938.3924 155.5480 1024.7360 188.1281 1.6833 1.5555 4.0294 19.8471 0.7888 38.7915 -5.8753 0.0019
Car -1 -1 -2.8720 924.6362 152.9700 1016.5583 185.3542 1.6501 1.7235 4.1103 19.2943 0.6366 38.7764 -2.4134 0.0019
Cyclist -1 -1 -7.5906 653.1950 172.9844 665.9379 199.0979 1.5721 0.3952 1.5396 3.0097 1.5799 44.2388 -7.5236 0.0018
Cyclist -1 -1 -8.0608 409.1711 176.9695 420.8229 205.2898 1.8425 0.4021 1.7301 -13.0257 2.1212 48.0550 -8.3245 0.0017
Car -1 -1 -6.0423 934.9810 153.1921 1027.5590 187.3078 1.7233 1.6075 4.1188 19.6736 0.7298 38.4012 -5.5721 0.0016
Car -1 -1 -7.0422 649.1864 172.5644 711.9386 196.4028 1.4097 1.6848 3.7109 4.3350 1.3922 44.4733 -6.9460 0.0014
Car -1 -1 -4.3876 651.0410 170.8807 702.7006 201.7536 1.6986 1.6303 4.5815 3.9307 1.5898 42.1236 -4.2957 0.0013
Car -1 -1 -8.6861 924.8318 156.4369 1004.6163 188.6218 1.6451 1.7054 3.6563 19.0069 0.8057 38.8950 -8.2347 0.0013
Pedestrian -1 -1 -3.2729 410.3495 174.7717 419.5671 203.6919 1.9011 0.8126 0.4892 -12.9995 2.0295 47.9622 -3.5365 0.0012
Cyclist -1 -1 -4.4690 68.4489 190.9564 107.2712 249.5130 1.4976 0.5403 1.3525 -14.2368 2.0080 19.6314 -5.0902 0.0012
Car -1 -1 -7.0074 650.3326 172.8565 715.4749 197.3414 1.4376 1.7185 3.7797 4.4460 1.4375 44.1682 -6.9081 0.0012
Car -1 -1 -8.7225 925.3650 153.8759 1010.0237 187.5265 1.7186 1.7113 3.9094 19.2027 0.7490 38.9840 -8.2679 0.0011
Car -1 -1 -4.2758 646.7815 171.0932 705.7562 202.4719 1.7477 1.6407 4.6977 3.9453 1.6494 42.6310 -4.1846 0.0011
Cyclist -1 -1 -7.9421 410.3221 176.6320 418.9014 203.6635 1.7552 0.4285 1.3770 -12.9728 2.0088 47.7720 -8.2062 0.0010
Car -1 -1 -5.8839 938.7831 151.6030 1029.4570 187.3607 1.7888 1.5549 3.9568 19.6577 0.7254 38.1104 -5.4109 0.0009
Cyclist -1 -1 -7.5180 652.5226 173.7263 666.9675 199.7720 1.5591 0.4036 1.5197 3.0059 1.6130 44.0216 -7.4508 0.0009
Cyclist -1 -1 -8.0638 403.9829 177.5730 416.1617 206.7926 1.8950 0.4043 1.8491 -13.3400 2.2146 48.0031 -8.3338 0.0009
Car -1 -1 -7.5544 642.6108 175.4797 678.9537 199.7442 1.4325 1.3639 3.2112 3.1440 1.6013 44.7189 -7.4851 0.0008
Car -1 -1 -7.0082 652.6677 172.2796 718.5448 198.2545 1.5117 1.6985 3.8109 4.5725 1.4779 43.7919 -6.9052 0.0007
Cyclist -1 -1 -7.6678 79.4263 192.1943 113.4754 248.6359 1.4473 0.4738 1.5770 -14.1778 2.0016 19.8765 -8.2813 0.0007
Car -1 -1 -7.7485 637.9134 174.6739 669.9503 200.6023 1.5496 1.6317 3.7344 2.7662 1.6687 45.3762 -7.6885 0.0006
Car -1 -1 -4.3875 648.6765 170.3190 698.3673 198.5091 1.5630 1.6781 4.1053 3.7340 1.4221 42.2226 -4.3004 0.0006
Pedestrian -1 -1 -4.2593 963.5286 171.9106 995.7444 231.0009 1.4902 0.5952 0.4669 9.4626 1.4661 18.5744 -3.7951 0.0005
Car -1 -1 -7.5326 635.3137 175.1029 673.0178 200.8269 1.5107 1.3202 3.3978 2.7245 1.6548 44.5139 -7.4724 0.0004
Car -1 -1 -7.8131 631.3010 174.6921 661.9115 201.7989 1.5963 1.7488 3.6382 2.2665 1.7145 44.6378 -7.7632 0.0004
Cyclist -1 -1 -2.3941 21.6776 185.8160 97.8728 243.1618 1.5285 0.6739 1.6518 -15.1664 1.8922 19.8403 -3.0404 0.0003
Pedestrian -1 -1 -7.8383 462.0821 172.4309 477.5851 204.9903 2.0760 0.9692 0.6588 -9.0459 2.0487 46.4143 -8.0301 0.0001
Pedestrian -1 -1 -6.5769 652.9591 172.7000 669.3060 199.2919 1.5598 0.7626 0.7781 2.9925 1.5505 42.7820 -6.5080 0.0001
