Car -1 -1 -7.9170 584.1223 180.8566 617.9204 210.5258 1.5561 1.6502 4.3153 -0.5992 2.0379 41.2536 -7.9321 0.9773
Car -1 -1 -7.9542 581.4499 181.0907 618.0828 210.5844 1.5420 1.6523 4.3641 -0.6746 2.0384 41.2508 -7.9710 0.9231
Car -1 -1 -7.8160 587.2280 179.8052 619.1266 210.5292 1.6211 1.6628 4.5130 -0.3788 2.0414 41.3815 -7.8257 0.7846
Car -1 -1 -7.8942 585.0710 181.0868 617.0457 210.4188 1.5332 1.6377 4.3252 -0.5939 2.0276 41.1565 -7.9091 0.7128
Car -1 -1 -7.8691 588.0613 181.4209 618.0668 210.7544 1.5337 1.6227 4.2968 -0.4711 2.0479 41.1627 -7.8811 0.6881
Car -1 -1 -8.0834 668.6378 178.5512 701.1424 200.5458 1.5467 1.5953 3.7042 5.5035 1.9856 53.6837 -7.9823 0.5389
Car -1 -1 -7.8979 585.8848 181.3945 617.3133 209.8017 1.4817 1.6038 3.3719 -0.5436 1.9801 40.4038 -7.9118 0.4471
Car -1 -1 -7.9095 589.9262 181.4727 621.9760 210.0481 1.4835 1.5963 3.2286 -0.2975 1.9823 40.1223 -7.9174 0.2695
Pedestrian -1 -1 -7.9245 956.5269 162.6058 980.0909 213.0001 1.7696 0.7055 0.6480 12.7436 1.4095 25.7698 -7.4702 0.2221
Car -1 -1 -6.7107 710.6688 178.1184 796.1539 209.0675 1.5342 1.6496 4.0336 7.3887 1.8165 37.4712 -6.5180 0.2031
Pedestrian -1 -1 -8.1573 957.9390 163.1604 984.7294 213.2896 1.7529 0.6770 0.6729 12.7741 1.4137 25.6154 -7.6997 0.1959
Pedestrian -1 -1 -8.0274 961.1677 160.6306 987.2047 211.6825 1.7905 0.7144 0.7038 12.9396 1.3615 25.7442 -7.5666 0.1806
Car -1 -1 -5.0063 705.3803 180.1982 752.5020 210.0506 1.4423 1.5034 3.3212 6.0865 1.8412 37.4670 -4.8471 0.1402
Car -1 -1 -7.9517 717.0909 179.3337 754.5182 209.5633 1.4695 1.5553 3.7789 6.5095 1.8266 37.8472 -7.7833 0.1047
Car -1 -1 -6.5915 713.3087 177.3367 794.4083 207.5574 1.5021 1.5774 3.7945 7.3379 1.7389 37.1614 -6.3985 0.1006
Car -1 -1 -4.9543 711.0385 179.3282 756.5397 209.2281 1.4515 1.5408 3.4424 6.3542 1.8042 37.5702 -4.7886 0.0989
Car -1 -1 -6.4572 714.7101 178.2130 791.4682 207.4173 1.4480 1.5203 3.6333 7.2277 1.7274 36.8585 -6.2656 0.0956
Car -1 -1 -7.7188 404.3227 185.4619 459.0011 227.2629 1.4318 1.5491 3.7540 -6.8518 1.9520 27.8373 -7.9584 0.0940
Car -1 -1 -5.0984 706.8295 178.8471 764.4711 209.6491 1.4656 1.5988 3.7889 6.3616 1.7907 37.1425 -4.9306 0.0873
Car -1 -1 -8.0919 714.8685 179.1439 763.5026 209.2901 1.4392 1.6142 3.7339 6.5530 1.7795 37.1615 -7.9193 0.0810
Car -1 -1 -6.0847 563.1260 181.0408 640.7510 210.0882 1.5609 1.6075 4.1338 -0.4692 2.0347 40.6075 -6.0968 0.0709
Pedestrian -1 -1 -7.1367 754.2076 171.7194 779.1951 224.2518 1.8119 0.5408 0.6842 5.4496 1.7725 25.3087 -6.9277 0.0680
Car -1 -1 -6.3280 634.1260 184.4748 712.4277 217.9689 1.4550 1.5565 3.4632 2.7899 1.9962 32.7753 -6.2445 0.0508
Car -1 -1 -2.7491 558.6985 181.9661 639.4915 210.8267 1.5404 1.7674 4.2518 -0.6563 2.0797 41.1259 -2.7655 0.0458
Car -1 -1 -6.3038 568.9272 181.5955 650.1015 209.6501 1.5419 1.6975 4.5316 -0.0814 2.0507 41.1183 -6.3063 0.0449
Pedestrian -1 -1 -6.9957 802.6449 170.8724 834.1873 226.0951 1.7040 0.5858 0.7535 6.5032 1.6426 22.6895 -6.7207 0.0447
Pedestrian -1 -1 -6.6698 755.1321 171.4595 783.9031 224.0226 1.8056 0.5310 0.8386 5.5029 1.7574 25.1198 -6.4573 0.0427
Pedestrian -1 -1 -6.8303 800.9218 171.2095 828.8564 227.7171 1.7694 0.5605 0.6583 6.4662 1.7177 22.9533 -6.5597 0.0412
Pedestrian -1 -1 -6.6667 797.6618 173.9657 823.2772 229.5687 1.7430 0.5369 0.6272 6.3196 1.7785 22.9338 -6.4018 0.0393
Car -1 -1 -4.5264 399.1202 185.7506 463.7306 229.8304 1.4438 1.5987 4.1203 -6.6244 1.9629 26.9613 -4.7656 0.0381
Car -1 -1 -6.5010 628.2561 186.1080 709.4009 218.3743 1.3953 1.5311 3.4487 2.6212 2.0200 33.0216 -6.4232 0.0347
Pedestrian -1 -1 -6.7191 797.5455 173.5858 826.8972 228.5934 1.7085 0.5632 0.7194 6.3253 1.7316 22.7570 -6.4521 0.0341
Car -1 -1 -7.6641 408.5989 186.2967 466.8468 227.0282 1.4230 1.5766 3.4779 -6.6939 1.9801 28.1466 -7.8961 0.0310
Cyclist -1 -1 -5.2647 798.9360 171.5169 842.4398 227.7213 1.7099 0.5763 1.5632 6.5837 1.6689 22.7820 -4.9874 0.0254
Pedestrian -1 -1 -6.5721 762.0425 170.4535 793.0552 222.8517 1.7935 0.5791 0.9186 5.7565 1.7110 25.0160 -6.3492 0.0247
Pedestrian -1 -1 -7.7376 1043.7455 160.0733 1065.9369 211.9946 1.9700 0.6848 0.4169 17.0630 1.4847 27.7509 -7.1914 0.0232
Car -1 -1 -4.5197 407.0794 185.2088 465.8684 226.4981 1.4204 1.5372 3.5515 -6.6351 1.9254 27.7071 -4.7531 0.0229
Car -1 -1 -7.4765 697.0814 175.8783 744.3073 204.3681 1.5907 1.6437 3.3341 6.5227 1.7764 42.5340 -7.3258 0.0197
Pedestrian -1 -1 -7.7813 1046.3271 157.3394 1066.5643 210.8796 2.0274 0.6405 0.2996 17.0499 1.4396 27.6304 -7.2336 0.0193
Car -1 -1 -5.9476 696.5043 177.2170 773.0979 206.8516 1.6019 1.6886 3.9761 7.0779 1.8610 41.2026 -5.7792 0.0175
Cyclist -1 -1 -6.5738 640.5566 179.9749 679.6673 218.8937 1.7068 0.6770 1.6222 2.1996 2.0307 32.3408 -6.5072 0.0157
Car -1 -1 -4.4654 651.6235 172.3461 677.9998 192.1493 1.8535 1.5911 4.1015 5.3086 1.8057 69.7321 -4.3901 0.0133
Car -1 -1 -7.7212 637.8359 185.1828 678.2288 218.5067 1.3954 1.4563 3.1110 2.2012 1.9894 33.1157 -7.6561 0.0121
Car -1 -1 -4.9255 607.6154 182.1113 661.4141 217.3308 1.5222 1.6513 4.5441 1.0646 1.9993 34.8241 -4.8958 0.0121
Car -1 -1 -4.5204 453.8998 182.8276 497.8111 213.8549 1.4838 1.5428 3.8739 -6.9894 2.0315 37.7000 -4.7030 0.0121
Cyclist -1 -1 -5.7732 943.5902 162.6927 994.5601 211.8090 1.6988 0.6294 1.5124 12.7563 1.3471 25.7576 -5.3183 0.0119
Cyclist -1 -1 -4.9288 798.3849 177.0278 826.4592 231.4496 1.6609 0.5455 1.4663 6.3564 1.7973 22.8812 -4.6619 0.0117
Cyclist -1 -1 -5.1442 793.1765 174.8471 830.0438 229.9598 1.6946 0.5660 1.4579 6.3633 1.7600 23.0070 -4.8784 0.0107
Cyclist -1 -1 -6.2013 944.9760 160.6213 993.1451 210.8471 1.7465 0.7053 1.4915 12.7776 1.3209 25.7753 -5.7460 0.0101
Car -1 -1 -7.7401 637.1303 185.3930 677.0770 217.8256 1.3597 1.4702 3.5009 2.1916 1.9744 33.5350 -7.6761 0.0096
Car -1 -1 -3.1431 549.0270 182.6725 618.9688 210.8824 1.5005 1.6153 3.7843 -1.4738 2.0547 39.8713 -3.1804 0.0089
Car -1 -1 -4.9515 614.8209 183.3222 667.0011 217.2695 1.4633 1.5274 4.2476 1.3764 1.9990 34.7131 -4.9129 0.0086
Car -1 -1 -7.5145 441.9457 183.7390 495.4788 214.3563 1.4545 1.5756 3.7660 -7.3494 2.0523 37.6633 -7.7063 0.0085
Car -1 -1 -4.8018 633.1668 183.6292 672.2725 218.1792 1.4587 1.4569 3.9980 1.9030 1.9925 33.7471 -4.7467 0.0081
Car -1 -1 -4.7789 614.1860 183.0754 652.6526 218.2341 1.4939 1.5138 4.3828 1.0101 2.0091 34.1674 -4.7502 0.0077
Car -1 -1 -4.9686 614.4558 183.0890 668.6890 218.3311 1.4871 1.4888 4.3280 1.3747 2.0019 34.0396 -4.9293 0.0075
Car -1 -1 -7.7651 700.1445 175.0796 733.1934 204.2480 1.6410 1.6457 3.4243 6.3153 1.7783 42.7337 -7.6199 0.0073
Cyclist -1 -1 -4.2181 182.6706 184.1742 210.0384 216.4302 1.8858 0.6051 1.9131 -25.1408 2.5882 43.8242 -4.7366 0.0068
Car -1 -1 -4.1591 574.5829 178.2483 632.2707 204.5453 1.6403 1.7224 4.5771 -0.4131 2.0198 48.3964 -4.1681 0.0067
Cyclist -1 -1 -3.0640 948.1595 159.9220 995.1334 210.6454 1.7572 0.6776 1.4487 12.8108 1.3089 25.6573 -2.6059 0.0062
Pedestrian -1 -1 -7.3356 640.3447 182.8314 658.5191 219.6307 1.6122 0.6332 0.5261 1.7187 2.0628 32.2153 -7.2835 0.0058
Car -1 -1 -5.5047 749.1059 178.3890 864.8243 223.6904 1.4794 1.5527 4.1543 7.0160 1.6974 26.2794 -5.2472 0.0056
Car -1 -1 -4.6491 461.8865 182.0412 500.4529 214.2063 1.6225 1.8307 4.2585 -7.0994 2.1582 39.8816 -4.8246 0.0049
Car -1 -1 -4.6726 457.6260 179.8991 499.1355 214.1404 1.6928 2.0267 4.6494 -7.1040 2.0983 39.1194 -4.8515 0.0044
Car -1 -1 -5.9754 698.8177 176.9254 772.5684 206.4937 1.6121 1.6143 3.8605 7.1638 1.8544 41.3852 -5.8057 0.0043
Car -1 -1 -4.3172 611.1609 178.7111 658.7302 205.4291 1.7448 1.7369 4.5005 1.7730 2.1746 50.5817 -4.2829 0.0041
Cyclist -1 -1 -6.3480 638.7651 178.3486 673.7712 216.6673 1.6778 0.6565 1.5089 2.0027 1.9239 32.0192 -6.2868 0.0039
Cyclist -1 -1 -6.8393 637.7507 180.7088 672.7369 218.0094 1.6217 0.7136 1.3967 1.9827 1.9800 32.2891 -6.7793 0.0035
Car -1 -1 -4.5517 515.7193 177.1140 546.7159 199.3780 1.5565 1.6814 3.8176 -5.7920 1.8815 53.1412 -4.6601 0.0034
Cyclist -1 -1 -4.8836 160.8031 184.1243 180.1748 215.8979 1.8570 0.6696 2.0466 -26.7625 2.5574 43.8652 -5.4290 0.0033
Car -1 -1 -9.0612 0.0000 0.0000 1241.0000 374.0000 1.5530 1.6006 3.6324 5.8130 1.6199 1.3934 -7.7732 0.0030
Car -1 -1 -6.6431 0.0000 0.0000 1241.0000 374.0000 1.5400 1.5824 3.6073 -3.3990 1.6331 1.3287 -7.7714 0.0030
Car -1 -1 -6.5983 0.0000 0.0000 1241.0000 374.0000 1.5477 1.5826 3.6066 -3.8093 1.6411 1.3161 -7.7717 0.0030
Car -1 -1 -6.5821 0.0000 0.0000 1241.0000 374.0000 1.5430 1.5901 3.6574 -4.2068 1.6580 1.4041 -7.7715 0.0030
Car -1 -1 -9.0099 0.0000 0.0000 1241.0000 374.0000 1.5397 1.5913 3.5854 4.6590 1.6075 1.3122 -7.7715 0.0030
Car -1 -1 -8.9595 0.0000 0.0000 1241.0000 374.0000 1.5469 1.5902 3.5785 3.8807 1.6108 1.2636 -7.7710 0.0030
Car -1 -1 -3.4797 0.0000 0.0000 1241.0000 374.0000 1.5741 1.6040 3.7750 -5.0372 1.6955 1.7808 -4.6617 0.0030
Car -1 -1 -8.9908 0.0000 0.0000 1241.0000 374.0000 1.5500 1.5855 3.5497 4.2499 1.5999 1.2648 -7.7720 0.0030
Car -1 -1 -9.0472 0.0000 0.0000 1241.0000 374.0000 1.5377 1.5986 3.6068 5.4370 1.6158 1.3648 -7.7728 0.0030
Car -1 -1 -3.5049 0.0000 0.0000 1241.0000 374.0000 1.5604 1.5957 3.7499 -4.6481 1.6547 1.7623 -4.6613 0.0030
Car -1 -1 -8.8847 0.0000 0.0000 1241.0000 374.0000 1.5588 1.5888 3.5711 3.0915 1.6163 1.2211 -7.7707 0.0030
Car -1 -1 -9.0323 0.0000 0.0000 1241.0000 374.0000 1.5493 1.5907 3.5736 5.0377 1.6071 1.3217 -7.7721 0.0030
Cyclist -1 -1 -4.8535 641.8197 182.0078 660.4937 218.2390 1.5619 0.6315 1.4423 1.7868 1.9799 32.2273 -4.7994 0.0030
Car -1 -1 -4.5441 513.0483 177.7103 541.9699 200.2869 1.5760 1.5369 3.5542 -6.0506 1.9444 52.9669 -4.6576 0.0029
Cyclist -1 -1 -4.7943 160.3802 182.6571 175.5679 214.7641 1.8637 0.6104 2.1606 -26.7391 2.4697 43.5775 -5.3422 0.0028
Pedestrian -1 -1 -7.6111 636.9529 185.1446 653.3832 221.3319 1.5907 0.6356 0.4900 1.5318 2.1456 32.2643 -7.5648 0.0023
Cyclist -1 -1 -6.5813 785.2668 175.5638 838.1954 231.0804 1.7393 0.6015 1.5110 6.3615 1.8265 22.9618 -6.3151 0.0021
Pedestrian -1 -1 -6.5613 801.9139 171.3514 823.1082 226.0725 1.6025 0.5956 0.4569 5.9615 1.5582 21.4308 -6.2942 0.0015
Pedestrian -1 -1 -7.3081 639.1156 183.2855 662.2100 220.6375 1.6171 0.7740 0.6983 1.7635 2.0872 32.0278 -7.2544 0.0014
Pedestrian -1 -1 -6.4985 666.0895 177.1184 675.2563 199.0190 1.7185 0.7548 0.5748 4.7796 2.0586 57.1895 -6.4160 0.0013
Car -1 -1 -4.5038 515.9257 177.6443 546.0842 198.8275 1.7004 1.7317 4.0593 -6.6603 2.1189 60.9759 -4.6125 0.0012
Car -1 -1 -4.4394 510.3802 177.3464 542.0516 198.8289 1.7243 1.6548 3.9354 -7.0516 2.1158 60.8552 -4.5547 0.0011
Pedestrian -1 -1 -3.7300 803.1981 168.5774 830.1119 224.2746 1.6228 0.7003 0.4534 6.0826 1.4979 21.4261 -3.4576 0.0010
Pedestrian -1 -1 -7.2964 635.4349 185.9126 654.3642 219.9894 1.4751 0.6292 0.5748 1.5043 2.0608 31.9665 -7.2505 0.0009
Car -1 -1 -4.3956 515.6074 178.1535 548.2756 198.2172 1.6022 1.6137 3.8617 -6.5597 2.0633 60.7632 -4.5031 0.0007
Cyclist -1 -1 -4.1183 186.7763 183.4165 216.1449 215.7787 1.9021 0.6867 1.7594 -24.8771 2.5578 43.9045 -4.6315 0.0007
Pedestrian -1 -1 -6.4995 665.9097 176.7739 673.6667 195.5741 1.4675 0.7384 0.4605 4.6844 1.7784 56.8853 -6.4181 0.0006
Car -1 -1 -4.5534 507.0033 178.2655 534.5122 199.3115 1.6799 1.6617 4.1725 -7.5052 2.1514 60.7952 -4.6761 0.0006
Pedestrian -1 -1 -3.4076 929.4842 165.1006 955.2322 227.3080 1.5447 0.5198 0.4662 8.3317 1.3519 18.2100 -2.9851 0.0002
Pedestrian -1 -1 -3.3680 938.1732 159.3557 963.0981 224.8658 1.6259 0.5575 0.4514 8.5481 1.2906 18.2264 -2.9360 0.0001
