Car -1 -1 -4.5280 417.0660 193.0186 522.7273 269.0333 1.4260 1.6510 4.0580 -3.1347 1.9475 16.6412 -4.7123 0.9999
Car -1 -1 -8.1550 747.2119 185.6955 1049.8081 374.0000 1.5649 1.6867 4.3524 2.7168 1.7474 8.0835 -7.8433 0.9996
Car -1 -1 -8.0967 678.4161 190.5236 819.6137 288.9565 1.4274 1.5656 3.8871 2.3007 1.7987 13.1770 -7.9289 0.9991
Car -1 -1 -7.8710 631.3048 181.2075 660.0133 208.9164 1.5462 1.6504 4.1984 2.0803 2.0760 43.6660 -7.8243 0.9910
Car -1 -1 -7.2580 0.0000 201.7031 331.2160 374.0000 1.5088 1.5673 3.9525 -2.7467 1.7194 3.2499 -7.9208 0.9783
Car -1 -1 -8.4387 851.3084 103.9848 1241.0000 374.0000 1.8602 1.5841 3.5264 2.3726 1.7248 3.1873 -7.8434 0.9780
Car -1 -1 -4.6482 525.8781 185.0773 560.7285 216.0434 1.4832 1.5859 3.9141 -3.5130 2.1619 38.1008 -4.7401 0.9403
Car -1 -1 -4.6765 525.1823 185.0096 558.2606 216.0354 1.4850 1.6011 3.8830 -3.5965 2.1596 38.0762 -4.7706 0.9269
Car -1 -1 -7.2105 0.0000 197.5708 327.0409 374.0000 1.5174 1.6524 4.2885 -2.8022 1.6960 3.0311 -7.9142 0.8436
Car -1 -1 -4.6442 525.3130 184.9434 561.3440 215.4085 1.4562 1.6253 4.0804 -3.5156 2.1302 38.1823 -4.7360 0.8161
Car -1 -1 -7.8939 552.3326 181.0350 574.3657 202.0816 1.5462 1.5691 3.5493 -3.6930 2.2051 56.2916 -7.9596 0.8082
Car -1 -1 -4.7105 526.3480 185.1331 559.6591 215.9564 1.4645 1.6469 3.5476 -3.5272 2.1353 37.5911 -4.8040 0.7651
Car -1 -1 -5.4058 840.2309 0.0000 1241.0000 374.0000 1.8179 1.7520 4.3679 2.4408 1.6785 2.7681 -4.7356 0.7526
Car -1 -1 -8.4082 842.6408 130.4671 1241.0000 374.0000 1.7958 1.5101 3.5518 2.2765 1.7118 3.2143 -7.8356 0.7047
Car -1 -1 -4.6001 526.8330 185.3802 564.7366 215.7181 1.4523 1.5775 3.7732 -3.3734 2.1451 38.0181 -4.6885 0.7041
Car -1 -1 -4.7905 550.9010 180.2919 575.6072 201.3239 1.5428 1.6082 4.1615 -3.7305 2.1488 56.6417 -4.8564 0.6253
Car -1 -1 -7.2706 0.0000 206.2561 340.0855 374.0000 1.4953 1.5622 3.9441 -2.6626 1.7376 3.2183 -7.9228 0.6146
Car -1 -1 -4.7420 524.0809 185.5821 557.0794 216.1979 1.4595 1.6097 3.7497 -3.7343 2.1640 37.9906 -4.8399 0.5696
Car -1 -1 -5.3994 865.2148 0.0000 1241.0000 374.0000 1.8617 1.6731 4.0856 2.3812 1.6785 2.5381 -4.7031 0.5651
Car -1 -1 -7.8138 553.8724 180.9083 576.5004 202.0620 1.5527 1.6130 3.9627 -3.5044 2.2053 56.4833 -7.8760 0.5569
Car -1 -1 -4.6932 523.5582 184.9969 556.7758 216.0006 1.4710 1.6374 3.5272 -3.6327 2.1322 37.4829 -4.7898 0.5527
Car -1 -1 -7.9305 548.4573 181.4255 572.7582 202.2346 1.5233 1.6161 3.5733 -3.9068 2.2138 56.2591 -7.9999 0.5491
Car -1 -1 -4.8223 549.6159 181.4318 574.4489 201.9709 1.4993 1.5523 3.4199 -3.7781 2.1865 56.0106 -4.8898 0.4785
Car -1 -1 -5.2792 856.2645 0.0000 1241.0000 374.0000 1.8132 1.7119 4.2250 2.2232 1.6936 2.5683 -4.6218 0.4753
Car -1 -1 -4.7148 555.1123 181.2296 575.9487 201.6693 1.4972 1.5662 3.4059 -3.4874 2.1677 56.0368 -4.7772 0.4750
Car -1 -1 -7.9747 546.7703 180.9538 573.6946 202.1219 1.5472 1.6285 3.9705 -3.9549 2.2042 56.4519 -8.0448 0.4285
Car -1 -1 -7.7382 554.6422 181.3186 579.5778 202.3730 1.5439 1.5287 3.6982 -3.3443 2.2265 56.3190 -7.7977 0.3542
Car -1 -1 -7.6824 343.3431 200.6191 481.2188 296.6859 1.3053 1.6986 4.0145 -3.4380 1.8876 13.0702 -7.9356 0.2942
Pedestrian -1 -1 -4.1230 220.5914 203.3724 256.6025 273.8629 1.3411 0.4214 0.5058 -7.3788 1.9548 14.2422 -4.5939 0.2916
Car -1 -1 -4.8455 516.1005 185.5087 557.5933 216.4491 1.4572 1.6741 3.6087 -3.8887 2.1492 37.5270 -4.9486 0.1993
Pedestrian -1 -1 -4.1071 225.3487 204.5278 259.5620 273.0623 1.3204 0.3917 0.5048 -7.4008 1.9659 14.4345 -4.5739 0.1941
Car -1 -1 -4.7130 525.6358 184.8869 560.7136 216.9886 1.4868 1.6865 3.4334 -3.4266 2.1258 36.5468 -4.8064 0.1906
Car -1 -1 -7.6312 347.9301 202.5566 492.1598 295.3817 1.2770 1.6933 3.7126 -3.2891 1.8889 12.9991 -7.8752 0.1431
Car -1 -1 -4.8684 550.9650 180.6710 580.4741 202.5330 1.5523 1.6119 4.1570 -3.4426 2.1719 55.0123 -4.9310 0.1412
Car -1 -1 -4.9181 546.1746 180.6269 578.5758 202.9324 1.5817 1.6231 4.2506 -3.7005 2.1984 55.0100 -4.9855 0.1022
Car -1 -1 -5.8650 504.5716 185.7448 581.3362 215.0942 1.4158 1.5410 3.6357 -3.4945 2.1048 37.2690 -5.9584 0.0773
Car -1 -1 -5.7759 501.1232 185.5216 576.4554 215.5688 1.4542 1.5794 3.5876 -3.7464 2.1387 37.5693 -5.8752 0.0759
Car -1 -1 -7.6197 335.2750 203.2238 479.3983 299.9304 1.2825 1.6147 3.2183 -3.3251 1.8653 12.2232 -7.8808 0.0639
Pedestrian -1 -1 -5.9575 417.7876 178.0526 440.2217 221.7160 1.8154 0.4569 0.8111 -7.6467 2.0354 30.3215 -6.2030 0.0518
Car -1 -1 -7.6526 353.4372 203.3822 487.4217 298.1482 1.2854 1.5882 3.3971 -3.2131 1.8929 12.6344 -7.8977 0.0434
Pedestrian -1 -1 -4.2951 376.6546 228.9673 413.7942 312.6728 1.1121 0.3609 0.4182 -3.0655 1.9173 10.1263 -4.5830 0.0344
Car -1 -1 -4.4654 395.1361 187.5989 449.9503 222.9160 1.5482 1.6607 4.0141 -9.1406 2.3108 35.3206 -4.7174 0.0343
Pedestrian -1 -1 -5.8380 421.6552 178.3696 444.2361 222.0963 1.8131 0.4319 0.8140 -7.4733 2.0465 30.2857 -6.0784 0.0310
Car -1 -1 -3.6088 544.2499 180.5319 600.1157 201.9806 1.5755 1.6275 4.0229 -2.9479 2.1885 55.9266 -3.6617 0.0294
Car -1 -1 -7.6256 403.0566 190.7973 451.7254 224.0583 1.4816 1.5353 3.8120 -9.1196 2.4276 36.1312 -7.8716 0.0266
Car -1 -1 -4.7635 606.0557 184.6222 630.6553 206.6822 1.4648 1.5695 3.7316 0.5385 2.3408 51.8310 -4.7538 0.0227
Car -1 -1 -4.5830 427.4246 186.1950 470.2238 221.1180 1.5675 1.6052 3.6785 -7.9682 2.2633 35.7436 -4.8013 0.0220
Car -1 -1 -4.3556 429.3314 186.7582 484.1583 217.2406 1.4656 1.5671 4.0272 -8.1919 2.2521 38.7221 -4.5632 0.0220
Pedestrian -1 -1 -4.6404 270.2246 201.8224 290.3420 253.9184 1.2494 0.4252 0.3829 -8.1997 1.9755 17.8394 -5.0661 0.0196
Car -1 -1 -4.4135 516.2975 181.8802 547.3263 200.7650 1.5772 1.6189 4.1181 -6.9739 2.4112 64.5172 -4.5212 0.0189
Car -1 -1 -3.3707 545.1971 181.2249 599.9598 201.5738 1.5016 1.5679 3.9625 -2.9206 2.1617 55.6219 -3.4234 0.0185
Car -1 -1 -7.5514 438.6475 187.4193 489.8612 217.9449 1.4708 1.5892 3.9519 -7.8024 2.2944 38.7673 -7.7492 0.0168
Car -1 -1 -5.9472 526.5472 181.3099 580.2543 201.4540 1.4901 1.6059 3.8175 -4.3863 2.1573 55.6962 -6.0259 0.0162
Car -1 -1 -7.9075 620.6592 176.6392 643.8423 198.0923 1.6628 1.6612 4.0653 1.7516 1.9813 58.7027 -7.8783 0.0139
Car -1 -1 -4.6644 434.8709 186.4278 471.7904 219.0568 1.4450 1.5970 4.0871 -7.7776 2.1602 35.8873 -4.8768 0.0124
Car -1 -1 -7.7066 619.7274 176.4514 648.1488 198.4284 1.6984 1.7142 4.2242 1.9598 2.0020 58.7232 -7.6739 0.0104
Car -1 -1 -5.2559 614.4660 179.0294 662.9192 201.9352 1.6630 1.6624 4.5033 2.1478 2.1626 56.0364 -5.2183 0.0095
Car -1 -1 -7.6665 513.2987 178.0576 541.1302 200.4748 1.7958 1.5596 4.3385 -6.9891 2.2518 61.0522 -7.7804 0.0078
Pedestrian -1 -1 -4.4028 282.2762 198.9758 306.6901 252.8466 1.2985 0.4370 0.4513 -7.8644 1.9543 17.8771 -4.8123 0.0078
Car -1 -1 -6.1436 520.4664 181.9898 574.0570 202.1591 1.4960 1.6421 3.9006 -4.8081 2.2073 55.2768 -6.2304 0.0077
Car -1 -1 -6.0974 525.1619 181.5332 578.8120 201.4283 1.4771 1.5620 3.8857 -4.4619 2.1551 55.4068 -6.1778 0.0065
Car -1 -1 -6.6059 551.7640 181.3202 607.4682 202.4624 1.5533 1.6404 3.9791 -2.3746 2.2236 55.6723 -6.6488 0.0064
Car -1 -1 -6.0398 521.5684 181.4998 576.3295 201.7193 1.4992 1.7060 3.9125 -4.7156 2.1794 55.6374 -6.1244 0.0053
Car -1 -1 -4.6807 622.6025 175.6905 646.7028 200.4860 1.8784 1.7801 4.7146 1.9801 2.1141 57.6233 -4.6470 0.0047
Car -1 -1 -5.3431 613.5663 179.0475 663.7800 201.2571 1.6302 1.6560 4.3843 2.1710 2.1345 56.5129 -5.3054 0.0041
Car -1 -1 -6.7257 0.0000 198.9647 73.4174 374.0000 1.4957 1.4671 3.7179 -6.2204 1.7510 5.0751 -7.5861 0.0038
Car -1 -1 -7.0567 0.0000 204.0156 75.1549 374.0000 1.3756 1.4541 3.4522 -6.2297 1.6939 5.6422 -7.8680 0.0038
Car -1 -1 -8.1109 613.3422 177.7490 646.3196 198.9609 1.6345 1.6808 4.1474 1.5490 2.0483 58.8307 -8.0851 0.0038
Car -1 -1 -4.9059 618.6894 178.3705 650.1559 200.6966 1.6385 1.6759 4.1387 1.8330 2.0846 56.2064 -4.8739 0.0035
Car -1 -1 -6.7413 0.0000 200.3691 64.6221 374.0000 1.4849 1.4779 3.6523 -6.5981 1.7693 5.5106 -7.5923 0.0033
Car -1 -1 -4.1447 577.7493 177.8389 631.2684 199.3798 1.5607 1.8928 4.7542 -0.3978 1.9644 55.9595 -4.1522 0.0031
Car -1 -1 -4.6016 612.9853 178.2568 644.0583 201.7594 1.6856 1.8681 4.8234 1.4431 2.1191 55.4217 -4.5762 0.0028
Pedestrian -1 -1 -6.4297 506.1136 179.2526 515.2731 205.0148 1.5955 0.5285 0.4958 -6.2525 1.9986 45.1696 -6.5669 0.0028
Pedestrian -1 -1 -4.6095 276.3504 201.6519 297.3738 250.9870 1.2061 0.4437 0.4110 -8.2033 1.9432 18.2119 -5.0278 0.0028
Car -1 -1 -7.6994 620.0599 175.6936 650.5307 197.5464 1.6892 1.8656 4.0960 2.0642 1.9278 58.5286 -7.6648 0.0026
Cyclist -1 -1 -7.0040 261.1983 192.8767 333.8655 255.4319 1.4372 0.3916 1.8791 -7.8537 1.9652 18.1063 -7.4084 0.0024
Car -1 -1 -4.6834 622.1531 176.6239 644.7994 201.5451 1.8717 1.6706 4.2984 1.8618 2.1809 57.0509 -4.6514 0.0022
Pedestrian -1 -1 -4.5856 373.3885 230.5384 409.5037 317.8059 1.1195 0.4174 0.4585 -3.0364 1.9283 9.8607 -4.8780 0.0020
Car -1 -1 -4.9254 619.6301 177.8667 651.9714 201.3604 1.7379 1.6604 4.2661 1.9518 2.1462 56.5786 -4.8916 0.0020
Car -1 -1 -8.1723 621.9872 174.3694 660.2468 199.1682 1.9281 1.7506 4.6185 2.4597 2.0566 58.8606 -8.1312 0.0019
Car -1 -1 -3.3105 607.1009 175.1928 666.6922 199.6071 1.9109 1.8643 4.5300 2.1070 2.1023 57.9333 -3.2748 0.0018
Pedestrian -1 -1 -3.8741 287.0088 199.3615 313.5512 249.2941 1.2182 0.4690 0.4054 -7.8557 1.8964 18.1857 -4.2771 0.0018
Car -1 -1 -4.5764 504.8073 187.4146 527.7697 208.3793 1.4809 1.3527 2.7617 -7.0564 2.6038 54.2763 -4.7056 0.0016
Car -1 -1 -4.9409 557.0635 180.2591 580.9257 196.5775 1.4409 1.4917 3.3602 -3.8625 2.1488 67.1858 -4.9985 0.0015
Car -1 -1 -4.2274 565.5097 179.0230 598.1536 195.1383 1.4262 1.5754 3.5381 -2.6189 2.0176 67.2721 -4.2666 0.0014
Car -1 -1 -3.7991 0.0000 199.5675 98.7462 374.0000 1.4517 1.5258 3.8665 -5.8562 1.7112 5.0286 -4.6341 0.0013
Car -1 -1 -4.6798 563.7449 180.3537 581.1682 196.6810 1.4490 1.5164 3.3703 -3.5021 2.1658 67.2947 -4.7320 0.0013
Car -1 -1 -3.8807 0.0000 190.2560 175.5409 374.0000 1.5309 1.6715 3.8528 -5.7738 1.7231 5.9873 -4.6258 0.0013
Car -1 -1 -3.1961 612.1479 175.9557 670.1996 198.8385 1.7959 1.6811 4.5525 2.4348 2.0475 57.7337 -3.1546 0.0013
Pedestrian -1 -1 -3.1533 683.6206 177.7535 694.7488 206.2920 1.5446 0.6969 0.5963 4.3002 1.8155 39.5563 -3.0463 0.0012
Cyclist -1 -1 -8.1016 683.8145 179.5074 696.1228 207.4862 1.4956 0.3449 1.3594 4.3451 1.8668 39.5972 -7.9937 0.0012
Car -1 -1 -4.5773 620.6576 175.7364 647.9542 199.6701 1.8014 1.5851 4.4206 1.9375 2.0387 57.1754 -4.5440 0.0012
Car -1 -1 -3.7358 0.0000 212.0390 135.9774 374.0000 1.3269 1.4556 3.3890 -6.2876 1.7697 6.3483 -4.4955 0.0012
Car -1 -1 -4.5830 506.4767 185.7867 532.2914 209.2474 1.6545 1.5232 3.2481 -6.8202 2.6568 54.3065 -4.7079 0.0010
Car -1 -1 -4.4349 564.4013 178.9796 590.9051 194.9815 1.4209 1.5883 3.4546 -3.0133 2.0083 67.3607 -4.4798 0.0010
Car -1 -1 -6.1586 594.6216 175.7896 663.1709 202.0001 2.0377 1.7580 5.2986 1.5052 2.2771 57.6441 -6.1332 0.0009
Car -1 -1 -2.9772 606.3141 177.6683 664.2183 201.3458 1.8296 1.5998 4.4080 1.9994 2.2209 57.4691 -2.9431 0.0007
Car -1 -1 -4.9363 687.6979 174.0241 737.4426 207.9505 1.7138 1.7358 4.2140 5.4037 1.7800 38.7741 -4.7994 0.0006
Cyclist -1 -1 -7.9854 684.4012 180.0558 695.4180 208.6550 1.5092 0.3941 1.5264 4.3007 1.9081 39.2300 -7.8776 0.0005
Car -1 -1 -6.7193 813.0681 187.3227 1241.0000 374.0000 1.5714 1.6826 4.0288 4.0541 1.7262 6.7235 -6.1972 0.0002
