Car -1 -1 -8.0009 658.3782 160.3317 695.9229 193.0395 1.8619 1.6532 3.8452 4.4680 0.6570 42.8513 -7.9025 0.9323
Pedestrian -1 -1 -4.4161 539.5933 171.0554 561.6226 215.6716 1.5516 0.5817 0.7712 -1.8189 1.1888 25.4212 -4.4919 0.7882
Pedestrian -1 -1 -8.4983 746.0024 153.3837 777.5457 206.3187 1.8581 0.6897 0.9154 5.7229 0.8716 25.7754 -8.2870 0.7643
Pedestrian -1 -1 -3.6471 221.1956 145.4938 368.5338 373.0000 1.6852 0.7444 0.5648 -1.9867 1.4819 4.5236 -4.0471 0.7231
Pedestrian -1 -1 -3.6255 228.9204 149.6853 382.7299 373.0000 1.6851 0.6916 0.6485 -1.9122 1.5065 4.5188 -4.0126 0.6986
Car -1 -1 -8.0134 656.2556 161.0529 694.9534 193.4397 1.8413 1.6771 3.8385 4.3702 0.6789 42.8081 -7.9172 0.6937
Car -1 -1 -7.9655 661.0714 160.3279 696.8242 192.9601 1.8593 1.6753 3.8285 4.5771 0.6531 42.8528 -7.8647 0.6910
Pedestrian -1 -1 -4.1883 685.6794 158.6495 712.4003 211.6084 1.7979 0.5490 0.8932 3.3622 1.0225 24.9079 -4.0606 0.6742
Pedestrian -1 -1 -4.2406 684.3167 159.0281 711.4261 212.2983 1.8012 0.5794 0.9184 3.3120 1.0418 24.8320 -4.1145 0.6577
Pedestrian -1 -1 -4.1807 684.3868 158.7596 710.9861 212.1033 1.8112 0.5585 0.8607 3.3140 1.0395 24.9010 -4.0548 0.6471
Pedestrian -1 -1 -8.3947 746.4539 152.9670 777.6049 206.2764 1.8657 0.6889 0.9566 5.7147 0.8675 25.7045 -8.1831 0.6384
Pedestrian -1 -1 -4.1320 685.4802 158.0934 713.4859 211.0385 1.7924 0.5726 0.8832 3.3677 1.0004 24.8407 -4.0037 0.6189
Car -1 -1 -7.9248 653.1490 172.0069 676.8550 192.0294 1.4878 1.5499 3.4198 4.8655 0.7823 55.0968 -7.8421 0.6133
Pedestrian -1 -1 -8.2306 773.7876 153.0463 799.2150 207.7461 1.8152 0.6598 0.5754 6.1949 0.8714 24.1661 -7.9873 0.6004
Pedestrian -1 -1 -4.4746 538.1964 170.7272 559.5851 216.3624 1.5847 0.5731 0.8592 -1.8783 1.2110 25.4141 -4.5528 0.5845
Pedestrian -1 -1 -8.5511 747.4184 153.1705 779.9639 206.2793 1.8562 0.7000 0.9273 5.7702 0.8665 25.6795 -8.3373 0.5708
Pedestrian -1 -1 -6.6705 545.3187 162.8063 559.3796 191.4493 1.8215 0.6446 0.7079 -3.1481 0.6328 46.1274 -6.7432 0.5428
Pedestrian -1 -1 -4.5585 541.2229 171.7815 560.4444 216.6764 1.5543 0.5568 0.8518 -1.8030 1.2183 25.3162 -4.6340 0.5183
Pedestrian -1 -1 -7.9063 773.2401 154.8799 793.8995 209.0873 1.7989 0.6393 0.5739 6.0992 0.9159 24.1801 -7.6668 0.5104
Pedestrian -1 -1 -7.0427 584.5203 164.9432 600.2182 193.4689 1.8058 0.6912 0.7291 -0.5751 0.7577 45.9751 -7.0600 0.4888
Cyclist -1 -1 -6.3563 571.7709 163.8955 598.3620 192.9629 1.8443 0.5504 1.6617 -1.0453 0.7274 45.9357 -6.3839 0.4860
Car -1 -1 -7.9445 651.4529 172.4471 674.9241 192.5586 1.4913 1.4571 3.5042 4.7202 0.8200 55.0268 -7.8642 0.4569
Car -1 -1 -7.9282 654.3542 171.9436 679.6024 192.1629 1.5002 1.6314 3.7636 5.0207 0.7911 55.1873 -7.8428 0.3993
Pedestrian -1 -1 -7.7986 583.5587 164.6711 595.4460 193.1564 1.8060 0.7227 0.7804 -0.7552 0.7391 45.9467 -7.8199 0.3861
Cyclist -1 -1 -6.4367 574.4286 164.6731 600.9612 192.8329 1.7848 0.5344 1.6322 -0.8759 0.7183 45.9354 -6.4605 0.3852
Pedestrian -1 -1 -3.8240 221.5883 144.0402 384.2867 373.0000 1.6872 0.6239 0.6803 -1.8680 1.4818 4.4021 -4.2115 0.3735
Pedestrian -1 -1 -6.5957 1099.4176 95.3196 1237.0000 373.0000 1.8210 0.5290 0.4958 2.0469 1.5628 2.4877 -5.9632 0.3497
Car -1 -1 -7.8791 654.6639 171.0807 676.5784 192.0631 1.5540 1.5628 3.3064 4.8974 0.7822 54.8975 -7.7955 0.3346
Pedestrian -1 -1 -4.4266 536.7911 171.1164 558.8290 216.6496 1.5733 0.5562 0.8692 -1.9083 1.2149 25.3022 -4.5063 0.3308
Pedestrian -1 -1 -6.6077 1070.3468 106.7509 1237.0000 373.0000 1.8071 0.5309 0.5423 1.9703 1.5830 2.4929 -5.9944 0.3143
Pedestrian -1 -1 -6.5231 572.3234 164.6496 585.7598 193.0631 1.8021 0.6562 0.7214 -1.4303 0.7335 45.9749 -6.5590 0.3007
Pedestrian -1 -1 -6.8983 546.8897 163.5090 563.8859 192.2641 1.8247 0.6659 0.8626 -2.9507 0.6831 46.1147 -6.9667 0.2962
Pedestrian -1 -1 -6.3960 576.0045 164.7811 589.5964 193.0468 1.7926 0.6447 0.7980 -1.1891 0.7324 45.9339 -6.4267 0.2948
Pedestrian -1 -1 -4.1656 555.7938 164.2694 566.5178 192.3860 1.8478 0.5589 0.4457 -2.6577 0.7154 47.5351 -4.2260 0.2793
Pedestrian -1 -1 -7.8273 773.3932 153.9792 793.3707 208.7351 1.8046 0.6383 0.5732 6.0636 0.8980 24.0353 -7.5878 0.2631
Pedestrian -1 -1 -7.8481 778.4006 151.4598 798.4509 206.5708 1.8139 0.6406 0.5400 6.2139 0.8256 23.9837 -7.6023 0.2551
Pedestrian -1 -1 -3.7449 200.9925 143.0939 360.0540 373.0000 1.6903 0.6416 0.6401 -2.0101 1.4793 4.4008 -4.1585 0.2427
Cyclist -1 -1 -7.5914 587.5591 166.5913 598.8364 193.1348 1.6794 0.3396 1.5667 -0.5193 0.7362 46.2509 -7.6074 0.2418
Pedestrian -1 -1 -3.8722 558.2562 164.3873 569.5296 192.5214 1.8472 0.5439 0.5126 -2.4772 0.7237 47.5369 -3.9289 0.2159
Pedestrian -1 -1 -6.9946 545.5950 164.5784 559.3798 192.5988 1.7869 0.6031 0.6491 -3.1461 0.7078 46.2524 -7.0670 0.2033
Cyclist -1 -1 -6.2324 568.8663 164.4454 594.3921 192.8449 1.8068 0.5557 1.6106 -1.2585 0.7218 45.9942 -6.2645 0.1912
Pedestrian -1 -1 -4.1910 969.8646 146.8866 1028.0939 265.1020 1.6854 0.5773 0.5134 5.8280 1.1926 10.6226 -3.7048 0.1454
Car -1 -1 -7.8028 649.3344 171.3802 671.9600 192.5196 1.5640 1.5760 3.2757 4.5649 0.8152 54.8701 -7.7251 0.1425
Car -1 -1 -7.4799 88.4595 189.9595 260.1576 278.8877 1.4482 1.5924 3.7537 -8.1584 1.6374 14.0477 -8.0035 0.1303
Cyclist -1 -1 -7.5531 585.5194 166.3311 599.5413 193.4138 1.7022 0.4267 1.6861 -0.5581 0.7489 46.0184 -7.5701 0.1143
Pedestrian -1 -1 -3.6691 558.2145 164.9780 569.4926 192.5476 1.8019 0.5401 0.5428 -2.4695 0.7221 47.3240 -3.7258 0.1037
Car -1 -1 -7.7876 646.8726 172.3118 669.3400 192.9182 1.5254 1.5012 3.6199 4.3893 0.8451 55.0708 -7.7134 0.1026
Car -1 -1 -6.0720 90.9824 190.2895 347.5373 278.0898 1.4442 1.6496 3.9577 -6.9327 1.6247 13.3915 -6.5474 0.1006
Car -1 -1 -7.2992 89.4445 184.2399 293.9691 275.7741 1.5255 1.6306 3.9259 -7.8069 1.5875 14.0933 -7.8028 0.1001
Cyclist -1 -1 -8.3443 958.6270 150.7702 1048.4093 270.4580 1.6242 0.3823 1.6682 5.8248 1.2078 10.5825 -7.8568 0.0985
Cyclist -1 -1 -7.5603 582.7347 166.7780 596.8575 193.4068 1.6804 0.4674 1.6192 -0.7358 0.7514 46.1737 -7.5810 0.0972
Car -1 -1 -5.8848 83.7747 188.6661 353.7552 274.8826 1.4293 1.6202 4.0139 -6.8062 1.5696 13.0373 -6.3633 0.0968
Car -1 -1 -7.1079 645.2123 171.9344 696.6429 192.1803 1.5004 1.6787 3.9942 5.3836 0.7914 55.1955 -7.0161 0.0955
Pedestrian -1 -1 -4.1782 554.6476 164.8584 565.8782 192.1367 1.7823 0.5413 0.5373 -2.7031 0.6950 47.2970 -4.2399 0.0904
Car -1 -1 -7.7765 657.3392 170.7807 683.4363 191.5910 1.5340 1.7029 4.1201 5.3439 0.7438 55.1235 -7.6853 0.0888
Car -1 -1 -7.6914 89.5078 190.8863 221.5424 279.7557 1.4327 1.5764 3.7523 -8.5727 1.6433 14.0445 -8.2367 0.0883
Pedestrian -1 -1 -6.3140 1098.0093 72.3230 1237.0000 373.0000 1.8957 0.6097 0.6122 1.9433 1.6032 2.3542 -5.6828 0.0785
Cyclist -1 -1 -7.5419 575.6754 165.6484 590.4102 193.2411 1.7462 0.4783 1.6382 -1.1730 0.7431 46.3143 -7.5720 0.0615
Car -1 -1 -4.8267 671.1549 166.5942 713.1783 199.0264 1.5089 1.5557 4.1978 4.4149 0.8157 35.5214 -4.7089 0.0580
Car -1 -1 -4.5078 415.6693 151.1543 546.3451 267.1585 1.8909 1.6788 3.9227 -2.1651 1.3969 13.7063 -4.6671 0.0453
Cyclist -1 -1 -7.5634 582.2965 166.0148 597.2600 193.0792 1.6991 0.5035 1.6899 -0.7333 0.7270 45.9781 -7.5842 0.0450
Car -1 -1 -6.9332 645.6230 170.2035 706.5209 192.0548 1.6177 1.7443 4.5208 5.7628 0.7813 55.1077 -6.8344 0.0436
Pedestrian -1 -1 -6.4248 1132.1019 76.9743 1237.0000 373.0000 1.8373 0.5753 0.6678 2.0969 1.5629 2.3091 -5.7480 0.0397
Car -1 -1 -7.9394 674.4575 167.4130 715.5092 199.8867 1.4793 1.5862 4.1670 4.4648 0.8379 34.8337 -7.8179 0.0376
Car -1 -1 -5.7211 87.0423 176.9673 366.4619 271.9947 1.5414 1.6351 4.1360 -6.5194 1.4686 12.6504 -6.1941 0.0354
Car -1 -1 -7.8937 644.6852 171.6992 667.3795 193.1137 1.5870 1.5809 3.1931 4.1617 0.8606 54.8563 -7.8233 0.0338
Cyclist -1 -1 -7.7360 579.0756 166.4426 588.6830 192.7620 1.6765 0.4239 1.8143 -1.1289 0.7174 46.6801 -7.7649 0.0247
Car -1 -1 -7.8972 674.0346 167.0150 710.4603 199.9933 1.4986 1.5347 4.1172 4.3286 0.8406 34.7525 -7.7791 0.0236
Car -1 -1 -6.8567 647.4012 170.3998 707.3547 191.5291 1.5647 1.7098 4.3304 5.8359 0.7426 54.9414 -6.7563 0.0235
Cyclist -1 -1 -8.3414 954.7847 153.7812 1043.1271 268.1470 1.5769 0.3631 1.7194 5.8581 1.1953 10.7649 -7.8585 0.0228
Cyclist -1 -1 -7.5247 575.1728 165.0109 591.8206 192.9814 1.7556 0.5490 1.7152 -1.1348 0.7207 45.9868 -7.5542 0.0209
Car -1 -1 -5.5199 87.2654 173.6451 363.4055 276.3032 1.5549 1.6281 4.2250 -6.4230 1.4366 12.2532 -5.9994 0.0202
Car -1 -1 -5.7032 74.6983 166.1936 381.0724 275.5338 1.5902 1.6615 4.1252 -5.8971 1.3683 11.4991 -6.1734 0.0202
Cyclist -1 -1 -7.9608 573.5860 166.1352 582.6242 192.7457 1.6862 0.4064 1.5865 -1.5040 0.7127 46.3324 -7.9980 0.0192
Car -1 -1 -7.9674 678.6201 166.5546 723.0397 199.0904 1.4726 1.6107 4.2733 4.7181 0.7964 34.6616 -7.8380 0.0171
Pedestrian -1 -1 -3.1213 1070.2196 114.3909 1237.0000 373.0000 1.7665 0.5088 0.5572 2.1398 1.5364 2.8402 -2.5247 0.0162
Car -1 -1 -7.8219 728.7440 165.5386 757.1955 191.9538 1.5115 1.5821 3.4552 8.4953 0.5983 42.9615 -7.6327 0.0141
Car -1 -1 -4.6067 32.9857 182.5328 208.7067 310.5204 1.5151 1.6926 4.0533 -6.9569 1.5343 10.7297 -5.1765 0.0125
Cyclist -1 -1 -7.8485 586.7814 165.5251 592.8896 192.6443 1.7256 0.3887 1.9048 -0.7481 0.7092 46.6633 -7.8693 0.0099
Pedestrian -1 -1 -2.8521 591.7238 165.3469 601.5462 185.6779 1.6903 0.7237 0.6459 -0.3746 0.3472 60.1585 -2.8632 0.0099
Car -1 -1 -8.0027 636.2460 171.7142 664.5258 193.0186 1.5834 1.6196 3.6846 3.7518 0.8560 55.2946 -7.9403 0.0096
Car -1 -1 -7.5026 584.9671 165.3853 617.3777 184.0967 1.7481 1.7321 4.4382 0.0542 0.2423 69.4909 -7.5067 0.0090
Car -1 -1 -6.6481 649.3635 169.9849 709.9449 191.3350 1.5815 1.6850 4.2533 5.9490 0.7284 54.5748 -6.5449 0.0083
Car -1 -1 -4.4719 400.4133 147.2995 546.1925 267.5522 1.9481 1.7570 4.3408 -2.3020 1.3947 13.8661 -4.6389 0.0071
Cyclist -1 -1 -4.2651 546.7820 164.6425 564.3941 192.3582 1.7576 0.5647 1.4586 -2.9448 0.6886 46.3363 -4.3331 0.0066
Car -1 -1 -7.6307 585.7851 166.1638 611.7836 184.2349 1.6917 1.6613 4.1190 -0.1839 0.2557 69.4341 -7.6382 0.0056
Car -1 -1 -7.4833 586.9928 164.8227 619.9944 183.3632 1.7312 1.6987 4.4911 0.2793 0.1737 69.4746 -7.4842 0.0056
Car -1 -1 -5.1571 984.9073 180.6041 1237.0000 373.0000 1.3851 1.5072 3.2011 4.5868 1.3803 6.1074 -4.5389 0.0043
Car -1 -1 -6.4599 652.5646 170.7239 716.3428 192.7500 1.6313 1.6633 4.5508 6.2491 0.8331 54.1847 -6.3506 0.0038
Cyclist -1 -1 -8.1405 1052.7642 146.6817 1227.0818 349.8196 1.5391 0.7172 1.7271 4.6129 1.2760 6.3747 -7.5389 0.0032
Pedestrian -1 -1 -4.5752 1022.4672 159.2767 1136.5037 334.6985 1.5845 0.8681 0.5378 4.5830 1.3845 6.9730 -4.0164 0.0031
Cyclist -1 -1 -8.1037 1034.9285 151.1783 1214.0980 347.5420 1.5462 0.8730 1.7276 4.6456 1.3082 6.6160 -7.5154 0.0029
Car -1 -1 -7.7557 585.5848 166.8810 606.1428 183.6965 1.5783 1.6292 3.9380 -0.4724 0.2058 69.4555 -7.7673 0.0029
Cyclist -1 -1 -7.0386 926.4624 118.5387 1237.0000 373.0000 1.7955 0.5003 1.6057 1.9620 1.6092 2.4974 -6.4282 0.0019
Car -1 -1 -4.8829 1012.7382 180.1020 1237.0000 372.0443 1.3460 1.3878 2.7524 4.6661 1.3370 6.5772 -4.2899 0.0019
Cyclist -1 -1 -8.2659 770.2322 153.7843 804.2344 206.7352 1.7253 0.4864 1.6268 6.2273 0.8227 24.2486 -8.0221 0.0013
Cyclist -1 -1 -8.4155 1009.5624 66.0618 1237.0000 373.0000 1.7952 0.4878 1.5651 1.9714 1.5331 2.4322 -7.7913 0.0012
Cyclist -1 -1 -8.4656 740.9590 154.1810 782.3506 204.7237 1.7496 0.5690 1.6922 5.7012 0.8043 25.7567 -8.2549 0.0010
Cyclist -1 -1 -8.4133 764.1453 156.1773 802.3801 208.5438 1.7040 0.4149 1.6689 6.0878 0.8805 24.2324 -8.1747 0.0006
Car -1 -1 -7.7791 645.2355 166.0376 663.3989 182.5420 1.5900 1.5182 4.1055 5.3183 0.1000 71.3421 -7.7097 0.0003
