Car -1 -1 -4.2352 0.0000 201.6679 394.6610 374.0000 1.4021 1.7061 4.3797 -3.7805 1.7826 7.3336 -4.6974 0.9999
Car -1 -1 -4.4887 449.1208 179.1037 531.6301 234.0846 1.5154 1.6767 3.9583 -3.6484 1.7264 22.3761 -4.6491 0.9989
Car -1 -1 -7.9152 642.5081 173.5468 707.6495 234.6077 1.5480 1.5608 3.6648 1.6870 1.5688 20.1819 -7.8338 0.9973
Car -1 -1 -4.4693 446.8253 179.7180 531.7568 234.4899 1.5031 1.6753 3.9866 -3.6781 1.7352 22.3709 -4.6311 0.8751
Car -1 -1 -4.2411 0.0000 202.0334 396.6848 374.0000 1.4195 1.6950 4.3972 -3.7313 1.8032 7.2875 -4.7006 0.8032
Car -1 -1 -6.3454 673.6308 158.0001 746.7470 186.5297 1.6055 1.5673 4.0740 5.6832 0.7693 41.5336 -6.2106 0.7969
Car -1 -1 -4.4883 451.6580 176.4880 532.9985 233.9122 1.6002 1.6217 4.0768 -3.5994 1.7235 22.4579 -4.6461 0.7853
Car -1 -1 -6.3674 672.8012 157.8572 746.8832 186.9656 1.6417 1.6299 4.1045 5.6742 0.7956 41.6121 -6.2330 0.7437
Car -1 -1 -4.4692 443.6666 178.5040 531.0156 235.1553 1.5457 1.7123 4.0399 -3.7018 1.7354 22.1828 -4.6333 0.7415
Car -1 -1 -6.3786 672.6380 155.3000 750.2195 183.9295 1.6151 1.7196 4.2852 5.7674 0.6245 41.6512 -6.2421 0.6570
Car -1 -1 -6.3731 674.3998 155.8774 748.1985 184.0769 1.5934 1.6948 4.0839 5.7712 0.6339 41.7119 -6.2368 0.5750
Car -1 -1 -6.4549 672.7480 155.2499 753.5585 184.3468 1.6461 1.8244 4.3833 5.8927 0.6499 41.8037 -6.3160 0.4987
Car -1 -1 -4.4300 443.8226 178.6562 536.0850 234.8463 1.5137 1.7226 3.9452 -3.5783 1.7063 21.9265 -4.5906 0.4796
Car -1 -1 -4.7002 595.5614 165.3905 614.1395 184.6398 1.7324 1.6721 4.0894 -0.4762 1.0604 66.9843 -4.7076 0.4795
Car -1 -1 -4.6373 597.3753 165.0452 618.3373 185.0454 1.7993 1.6566 3.9435 -0.1925 1.0965 66.9379 -4.6405 0.3769
Pedestrian -1 -1 -7.0486 695.9587 159.2743 719.2314 204.7727 1.9231 0.6855 0.7147 4.1469 1.3488 30.9859 -6.9173 0.2919
Pedestrian -1 -1 -3.5498 422.4346 173.9252 451.1784 223.0049 1.6734 0.5268 0.8308 -6.0664 1.7110 25.0812 -3.7852 0.1897
Pedestrian -1 -1 -7.1100 696.9127 159.9235 720.2406 205.3543 1.9103 0.6997 0.6982 4.1681 1.3663 30.8312 -6.9773 0.1619
Pedestrian -1 -1 -6.9003 693.7457 161.0809 716.5137 205.0453 1.8612 0.7089 0.6860 4.0440 1.3625 31.0191 -6.7723 0.1489
Pedestrian -1 -1 -3.1637 429.3318 173.8121 453.0272 222.3745 1.6655 0.5036 0.7916 -5.9225 1.6990 25.1025 -3.3935 0.1184
Pedestrian -1 -1 -7.5141 694.3578 161.8715 715.5657 206.0794 1.8568 0.6929 0.7367 4.0115 1.3952 30.7904 -7.3863 0.0967
Car -1 -1 -4.9278 1173.1316 174.8637 1241.0000 374.0000 1.4280 1.5770 3.9309 5.6251 1.4492 5.6282 -4.1690 0.0833
Car -1 -1 -7.9006 602.6561 164.6574 622.1528 185.1929 1.8479 1.6181 4.0126 0.1753 1.1100 66.9688 -7.8982 0.0771
Car -1 -1 -5.0608 1162.0134 177.9103 1241.0000 374.0000 1.4568 1.6533 3.8915 6.1701 1.5139 6.0767 -4.2923 0.0655
Car -1 -1 -5.0240 1158.4073 178.3867 1241.0000 374.0000 1.4374 1.5994 3.7612 5.8891 1.4980 5.9040 -4.2650 0.0531
Pedestrian -1 -1 -6.2335 0.0000 185.6561 36.3592 316.4630 1.7255 0.5018 0.4368 -8.2300 1.9070 9.9142 -6.9133 0.0504
Pedestrian -1 -1 -3.3037 432.7392 174.0738 454.3148 222.9289 1.6880 0.5327 0.6602 -5.8904 1.7311 25.3203 -3.5305 0.0490
Pedestrian -1 -1 -5.9515 0.0000 179.6108 48.9092 316.5898 1.8352 0.5338 0.4525 -8.2308 1.9318 10.0266 -6.6260 0.0477
Pedestrian -1 -1 -4.0359 212.3906 181.5886 253.0264 263.1324 1.6488 0.5570 0.4983 -7.8667 1.8332 14.9531 -4.5133 0.0433
Car -1 -1 -4.8210 1173.2681 176.3077 1241.0000 374.0000 1.3915 1.5707 3.7310 5.4277 1.4276 5.6524 -4.0821 0.0358
Car -1 -1 -4.9874 1174.4041 150.2320 1241.0000 374.0000 1.5035 1.6681 4.1597 5.5043 1.4085 5.2445 -4.2059 0.0340
Car -1 -1 -4.6505 237.0298 183.8584 312.2897 246.2698 1.4857 1.6248 4.5179 -9.4161 1.8335 20.4227 -5.0780 0.0335
Cyclist -1 -1 -7.4502 201.2843 185.2651 260.9765 269.3957 1.6190 0.4768 1.6585 -7.8832 1.8908 14.9786 -7.9278 0.0324
Car -1 -1 -4.6445 1154.0092 174.5303 1241.0000 374.0000 1.4384 1.5188 3.5929 5.8401 1.4564 6.1003 -3.9052 0.0319
Car -1 -1 -7.6290 1081.6263 179.4954 1241.0000 374.0000 1.3791 1.5627 3.5188 5.7523 1.4535 6.4407 -6.9230 0.0312
Pedestrian -1 -1 -7.3531 195.2769 180.0526 236.9676 265.1170 1.7228 0.5775 0.5197 -8.1898 1.8740 14.9193 -7.8481 0.0312
Car -1 -1 -4.5764 227.8852 187.0583 309.8810 243.9366 1.3678 1.5615 3.9693 -9.6394 1.8137 20.5400 -5.0107 0.0307
Car -1 -1 -4.9870 1169.0155 174.8000 1241.0000 374.0000 1.4443 1.6686 3.6149 6.5099 1.4672 6.6111 -4.2319 0.0304
Car -1 -1 -7.7751 1171.8027 172.4376 1241.0000 374.0000 1.4428 1.6953 3.7544 6.0084 1.4402 5.8608 -7.0025 0.0301
Cyclist -1 -1 -7.4238 191.1491 187.8322 259.3093 275.4288 1.6246 0.4958 1.8210 -7.8059 1.9469 14.6197 -7.9071 0.0291
Car -1 -1 -5.0679 1174.6404 170.2005 1241.0000 374.0000 1.4535 1.6634 3.9586 5.7579 1.4413 5.3897 -4.2768 0.0284
Pedestrian -1 -1 -5.8724 300.2999 161.0036 340.5229 259.5657 2.0029 0.6186 0.5752 -6.0572 1.7618 14.9809 -6.2510 0.0282
Pedestrian -1 -1 -4.6090 917.3654 147.0572 978.7272 317.7953 1.8267 0.5696 0.7565 3.7876 1.5504 8.1896 -4.1905 0.0279
Pedestrian -1 -1 -7.1143 185.9096 184.4083 228.0482 269.4614 1.6793 0.5773 0.4741 -8.2175 1.9180 14.6252 -7.6189 0.0276
Car -1 -1 -5.0614 1167.7069 174.6559 1241.0000 374.0000 1.4776 1.6972 3.7472 6.4636 1.4983 6.3668 -4.2918 0.0269
Pedestrian -1 -1 -5.7481 302.0064 168.0375 346.3253 261.2236 1.8848 0.6317 0.6179 -5.9693 1.7870 14.9548 -6.1224 0.0266
Cyclist -1 -1 -8.2081 699.8535 162.5125 724.8644 205.9643 1.7835 0.4813 1.6989 4.2694 1.3587 30.4975 -8.0708 0.0243
Cyclist -1 -1 -7.0997 141.5573 189.0354 229.7756 278.1720 1.5933 0.4025 1.7336 -8.3028 1.9293 14.1099 -7.6238 0.0235
Cyclist -1 -1 -7.3297 175.6264 188.3714 248.3472 276.4769 1.5793 0.4133 1.7598 -7.8041 1.9019 14.1305 -7.8268 0.0222
Car -1 -1 -7.7520 1161.1367 179.0413 1241.0000 374.0000 1.4137 1.5944 3.5383 5.9921 1.4802 6.0385 -6.9951 0.0213
Car -1 -1 -5.4027 1059.8162 182.2020 1241.0000 374.0000 1.3823 1.5888 3.7749 5.9398 1.4912 6.5166 -4.6864 0.0205
Pedestrian -1 -1 -3.9280 203.0163 186.5763 244.4763 268.0097 1.6055 0.5854 0.4638 -7.8845 1.8894 14.6364 -4.4150 0.0201
Car -1 -1 -4.5207 1033.8992 174.8287 1241.0000 374.0000 1.4244 1.5956 3.3711 5.3521 1.4471 6.6841 -3.8674 0.0197
Car -1 -1 -5.1679 1077.4763 184.9874 1241.0000 374.0000 1.3566 1.4821 3.6636 5.8763 1.5028 6.7585 -4.4742 0.0195
Car -1 -1 -7.7033 1164.4987 181.9504 1241.0000 374.0000 1.3884 1.5495 3.5871 6.3555 1.4900 6.3702 -6.9425 0.0188
Pedestrian -1 -1 -3.0145 156.5444 180.9436 191.8716 293.1360 1.5758 0.4590 0.3806 -6.3676 1.6960 10.4620 -3.5504 0.0184
Car -1 -1 -4.6039 1022.1664 181.5947 1241.0000 374.0000 1.3982 1.5349 3.3808 5.0881 1.5015 6.7802 -3.9815 0.0178
Car -1 -1 -5.1403 1130.8812 185.7444 1241.0000 374.0000 1.3447 1.5274 3.6001 6.3144 1.4977 6.6327 -4.4020 0.0177
Pedestrian -1 -1 -2.9711 143.1318 186.4348 188.8434 304.8493 1.6202 0.4808 0.4759 -6.3564 1.8188 10.2545 -3.5149 0.0173
Car -1 -1 -5.1494 1112.2040 180.2151 1241.0000 374.0000 1.3548 1.4516 3.5701 5.6888 1.4361 6.0750 -4.4212 0.0166
Car -1 -1 -8.5300 600.9937 165.0382 641.9178 183.9599 1.7092 1.6469 4.0388 1.0162 1.0029 67.2779 -8.5152 0.0165
Car -1 -1 -7.5533 1127.4495 163.4662 1241.0000 374.0000 1.5710 1.8520 3.9446 6.4123 1.5141 6.0834 -6.7661 0.0158
Car -1 -1 -5.1985 1047.0890 180.9309 1241.0000 374.0000 1.3816 1.5352 3.6842 5.5194 1.4768 6.5797 -4.5230 0.0154
Pedestrian -1 -1 -7.7021 117.0617 190.8844 169.9651 295.6239 1.7518 0.6911 0.6032 -8.2022 2.0773 12.6260 -8.2690 0.0152
Pedestrian -1 -1 -4.0666 130.7150 184.8685 184.3535 299.0723 1.5737 0.4625 0.4576 -6.4723 1.7481 10.2444 -4.6187 0.0150
Car -1 -1 -7.1091 1092.2812 173.2704 1241.0000 374.0000 1.5772 1.6978 3.6841 6.2431 1.5808 5.8432 -6.3162 0.0148
Pedestrian -1 -1 -3.2993 148.4408 181.0375 188.8830 296.0394 1.6052 0.5064 0.4284 -6.4492 1.7272 10.4499 -3.8413 0.0142
Car -1 -1 -4.4339 1006.8964 184.9573 1241.0000 370.0807 1.3561 1.4962 3.5064 5.4614 1.5041 7.1711 -3.8034 0.0138
Car -1 -1 -8.3005 1102.2609 183.9189 1241.0000 374.0000 1.3197 1.5749 3.3718 6.1442 1.4517 6.7938 -7.5871 0.0135
Pedestrian -1 -1 -5.5719 291.8645 169.5918 337.3917 265.6438 1.9151 0.6487 0.5807 -6.0993 1.8497 14.7861 -5.9574 0.0135
Cyclist -1 -1 -8.4263 701.0200 159.3696 735.2382 205.4306 1.8969 0.5653 1.7658 4.5311 1.3413 30.6346 -8.2813 0.0133
Car -1 -1 -7.5981 1077.0773 180.4911 1241.0000 374.0000 1.3598 1.6400 3.6875 6.1038 1.4501 6.8375 -6.8911 0.0133
Car -1 -1 -7.6122 1152.8392 179.2514 1241.0000 374.0000 1.4759 1.6758 3.7288 6.5643 1.5471 6.3737 -6.8355 0.0132
Car -1 -1 -7.7112 1185.1047 183.2674 1241.0000 374.0000 1.4217 1.5513 3.6601 6.8778 1.5446 6.7978 -6.9419 0.0131
Car -1 -1 -7.6593 1149.5332 178.2930 1241.0000 374.0000 1.4730 1.6022 3.5779 6.2038 1.5319 6.1747 -6.8957 0.0129
Car -1 -1 -5.6566 1172.1733 181.2002 1241.0000 374.0000 1.4284 1.5620 3.6087 6.4824 1.5128 5.4492 -4.8116 0.0117
Car -1 -1 -4.7325 1040.1805 181.4589 1241.0000 374.0000 1.3956 1.6153 3.8269 5.4009 1.5076 7.3779 -4.1201 0.0115
Cyclist -1 -1 -7.5295 184.3205 188.8713 240.9385 271.4419 1.5675 0.4868 1.7504 -8.2521 1.9192 14.9521 -8.0267 0.0109
Car -1 -1 -7.5554 989.4662 184.6310 1241.0000 368.9407 1.3677 1.6296 3.5929 5.4812 1.5151 7.3107 -6.9320 0.0107
Car -1 -1 -4.6379 1232.8037 166.0090 1241.0000 374.0000 1.3808 1.5797 3.7546 6.0413 1.3466 5.3642 -3.8204 0.0104
Pedestrian -1 -1 -4.0443 317.9033 182.8349 352.2638 252.7855 1.5386 0.5033 0.5326 -6.2563 1.7682 16.2943 -4.4060 0.0103
Car -1 -1 -4.8896 1050.3513 170.6802 1241.0000 374.0000 1.5324 1.6279 4.0795 5.7562 1.5158 7.5941 -4.2602 0.0101
Pedestrian -1 -1 -4.6475 140.2023 177.9040 187.1347 290.4516 1.8884 0.6499 0.6915 -7.8367 1.9796 12.6047 -5.1947 0.0099
Cyclist -1 -1 -4.6520 143.2964 183.4144 189.4271 297.7465 1.8478 0.5750 1.8095 -7.8752 2.0480 12.7684 -5.1958 0.0063
Car -1 -1 -4.6824 1018.9965 175.5614 1241.0000 374.0000 1.4116 1.6091 3.7186 5.1662 1.4455 7.1448 -4.0764 0.0057
Pedestrian -1 -1 -5.8075 301.9225 162.8665 341.2785 258.4002 1.9731 0.6608 0.5281 -6.1428 1.7665 15.2569 -6.1848 0.0055
Cyclist -1 -1 -7.3743 165.2868 189.8402 239.0393 276.7229 1.5990 0.4928 1.8424 -8.2409 1.9635 14.5693 -7.8817 0.0053
Pedestrian -1 -1 -2.8820 0.0000 179.9286 24.3004 324.2961 1.8890 0.5994 0.5160 -8.4747 1.9891 9.8590 -3.5788 0.0051
Cyclist -1 -1 -8.2046 709.7859 159.5846 735.5608 207.1976 1.9415 0.5348 1.6310 4.6705 1.4001 30.2740 -8.0535 0.0044
Car -1 -1 -5.7297 1226.1758 174.1340 1241.0000 374.0000 1.4595 1.6237 3.6966 6.9152 1.4719 5.2241 -4.8330 0.0042
Cyclist -1 -1 -8.2523 695.8491 161.6492 722.6639 205.2388 1.8076 0.4681 1.7998 4.1856 1.3426 30.8505 -8.1192 0.0026
Cyclist -1 -1 -7.6788 296.2879 165.3903 337.8647 256.9083 1.7933 0.5077 1.7027 -6.1269 1.6468 15.0242 -8.0604 0.0021
Pedestrian -1 -1 -5.8456 184.8652 169.6018 205.8681 234.8860 1.6314 0.4548 0.2952 -10.5458 1.5498 18.2689 -6.3631 0.0017
Cyclist -1 -1 -5.8283 266.3500 169.0340 369.5123 263.4044 1.9060 0.5840 1.9193 -6.0827 1.8285 14.9348 -6.2095 0.0016
Car -1 -1 -8.0701 960.8045 146.3931 1241.0000 332.2895 1.6332 1.8807 4.4401 5.5307 1.4005 8.7446 -7.5218 0.0015
Pedestrian -1 -1 -6.2027 837.8046 168.7673 862.1621 242.8052 1.5024 0.4940 0.4453 4.9234 1.4192 14.9549 -5.8912 0.0014
Pedestrian -1 -1 -5.7206 188.5592 168.5197 214.0381 235.9819 1.6781 0.4875 0.3529 -10.3564 1.5700 18.2007 -6.2319 0.0010
Car -1 -1 -5.8044 600.0547 173.6165 661.0765 195.5280 1.7192 1.6819 4.7088 1.6273 1.7828 58.6190 -5.7772 0.0008
Pedestrian -1 -1 -6.2677 832.2214 167.9356 855.9034 246.5341 1.5933 0.5256 0.4588 4.7962 1.4933 14.9477 -5.9637 0.0008
Pedestrian -1 -1 -3.3267 896.4544 158.7022 927.0909 239.9608 1.5644 0.5058 0.4655 5.8728 1.2916 14.1848 -2.9420 0.0002
