Pedestrian -1 -1 -4.8980 523.8932 139.0079 616.8790 367.8515 1.8812 0.6588 0.9809 -0.3943 1.5405 6.3673 -4.9551 0.9376
Pedestrian -1 -1 -5.3226 759.8741 137.5141 904.8956 369.0000 1.8487 0.7484 0.9927 1.8717 1.5136 6.1086 -5.0377 0.8960
Pedestrian -1 -1 -4.9757 866.8541 137.7785 988.8373 369.0000 1.8179 0.6821 0.9292 2.5877 1.4932 5.8877 -4.5791 0.8856
Pedestrian -1 -1 -4.9089 510.3127 139.2976 560.4985 251.6722 1.8362 0.6919 0.8892 -1.2495 1.1633 12.0789 -5.0072 0.8698
Pedestrian -1 -1 -5.2943 757.1187 143.3456 845.8031 316.9854 1.8004 0.5298 0.9039 2.1036 1.4156 7.8443 -5.0403 0.8464
Pedestrian -1 -1 -5.0583 586.7383 134.8761 640.5779 247.8557 1.8729 0.7077 0.7702 0.0912 1.1169 12.2011 -5.0490 0.8300
Pedestrian -1 -1 -4.7953 514.8770 139.2040 558.1258 251.2111 1.8444 0.6726 0.7817 -1.2300 1.1648 12.0878 -4.8920 0.8069
Pedestrian -1 -1 -5.1262 660.6080 148.8128 751.0082 320.4278 1.7637 0.6865 0.8674 1.0341 1.4385 7.7792 -4.9974 0.7770
Pedestrian -1 -1 -5.2536 555.4918 142.5192 673.1649 337.9374 1.8408 0.7909 1.0355 0.0210 1.4835 7.3075 -5.2490 0.7713
Pedestrian -1 -1 -5.3441 566.1868 139.1647 698.3577 335.2176 1.8515 0.9475 1.0321 0.2145 1.4615 7.3708 -5.3143 0.7639
Pedestrian -1 -1 -4.9729 680.7640 136.5681 730.1297 247.4232 1.8856 0.6686 0.8215 1.7111 1.1387 12.4759 -4.8379 0.7544
Pedestrian -1 -1 -5.0531 616.0204 130.5562 673.7833 246.3663 1.9187 0.7186 0.9581 0.6294 1.0916 12.2755 -5.0011 0.7328
Pedestrian -1 -1 -5.4530 1040.2256 141.3327 1223.0000 369.0000 1.6913 0.6841 0.9534 3.7802 1.4350 5.1535 -4.8471 0.7123
Pedestrian -1 -1 -5.0000 582.2762 138.1432 632.2807 249.4970 1.8471 0.6875 0.7017 -0.0182 1.1449 12.1620 -4.9994 0.7049
Pedestrian -1 -1 -5.3805 769.5801 138.1427 902.4091 369.0000 1.8444 0.6211 0.9314 1.8780 1.5173 6.0141 -5.0906 0.6777
Pedestrian -1 -1 -5.1018 617.8063 132.4986 674.4828 245.2930 1.8871 0.7082 0.8712 0.6586 1.0844 12.3574 -5.0478 0.6496
Pedestrian -1 -1 -4.7942 515.9988 138.5693 559.8732 252.1434 1.8500 0.6685 0.9248 -1.2025 1.1674 12.0309 -4.8892 0.6349
Pedestrian -1 -1 -5.1413 240.8575 136.0754 307.8338 253.1320 1.8308 0.6422 1.0091 -5.4932 1.1364 11.6315 -5.5698 0.6344
Pedestrian -1 -1 -5.2164 589.4966 138.6385 711.0329 332.6361 1.8614 0.8779 1.0399 0.3977 1.4602 7.4434 -5.1633 0.6127
Pedestrian -1 -1 -5.0105 673.8912 133.1164 724.7607 246.2402 1.9230 0.6725 0.8278 1.6044 1.1179 12.4846 -4.8838 0.5602
Pedestrian -1 -1 -5.3824 742.6115 139.3357 840.1812 317.8094 1.8433 0.5635 0.9654 1.9951 1.4186 7.8587 -5.1414 0.5275
Pedestrian -1 -1 -4.9710 681.6293 136.5071 731.8514 249.3394 1.8989 0.6534 0.9149 1.7200 1.1589 12.3931 -4.8346 0.5273
Pedestrian -1 -1 -4.9099 509.0369 138.5584 558.5094 252.0876 1.8447 0.6749 0.8839 -1.2703 1.1636 12.0103 -5.0104 0.5256
Pedestrian -1 -1 -3.4468 813.7686 153.1830 854.2920 226.1092 1.8192 0.5923 0.8360 5.7596 1.1381 17.9350 -3.1395 0.5071
Pedestrian -1 -1 -2.9340 816.3953 153.7499 851.6611 227.3639 1.8297 0.6128 0.7476 5.7992 1.1651 18.0243 -2.6261 0.4773
Pedestrian -1 -1 -5.0479 652.6927 142.1795 679.1152 203.8390 1.9102 0.6995 0.5065 1.8766 0.7233 22.2359 -4.9629 0.4417
Pedestrian -1 -1 -5.0722 627.6274 132.7167 681.7198 246.7532 1.8921 0.6530 0.9116 0.7997 1.0997 12.2626 -5.0066 0.4355
Pedestrian -1 -1 -5.4424 572.3017 141.6231 681.7310 337.7325 1.8384 0.6900 0.8944 0.1596 1.4744 7.1923 -5.4193 0.4198
Pedestrian -1 -1 -8.1726 423.5705 148.4230 440.1591 185.1666 1.8861 0.6036 0.8537 -9.0341 0.2397 36.8149 -8.4092 0.4087
Cyclist -1 -1 -5.5484 267.1789 138.7051 371.6895 246.4631 1.8342 0.5580 1.8345 -5.1490 1.1232 12.6180 -5.9250 0.3917
Cyclist -1 -1 -7.6154 805.3502 156.5603 843.5919 227.8303 1.6758 0.5096 1.7712 5.4124 1.1132 17.5167 -7.3190 0.3822
Pedestrian -1 -1 -8.2051 241.5463 138.8998 300.2584 255.1235 1.8069 0.5742 0.9684 -5.5076 1.1606 11.5381 -8.6377 0.3710
Pedestrian -1 -1 -4.7965 427.3781 148.1561 441.3213 185.6450 1.9316 0.6406 0.8546 -8.9347 0.2652 36.9369 -5.0298 0.3689
Cyclist -1 -1 -2.1993 280.2209 140.7807 368.0672 248.8153 1.8212 0.5062 1.7927 -5.0767 1.1520 12.6164 -2.5711 0.3650
Pedestrian -1 -1 -6.8206 226.0968 135.8265 304.2682 253.5038 1.8437 0.6154 0.9867 -5.6398 1.1442 11.6585 -7.2584 0.3630
Cyclist -1 -1 -7.9331 303.4823 139.7312 342.5989 249.6206 1.8207 0.5150 1.8576 -5.1180 1.1456 12.6630 -8.3064 0.3521
Pedestrian -1 -1 -4.8720 701.4993 139.6511 768.2461 310.2063 1.8406 0.6055 0.8823 1.4079 1.4002 8.0741 -4.7040 0.3483
Pedestrian -1 -1 -5.2010 572.9514 143.2229 691.8442 328.7989 1.8033 0.9155 0.9539 0.2168 1.4415 7.5011 -5.1714 0.3397
Pedestrian -1 -1 -5.1897 779.9293 137.8609 935.3804 369.0000 1.8528 0.8524 1.0492 2.0608 1.5230 6.0640 -4.8758 0.3287
Pedestrian -1 -1 -5.1256 627.9396 133.5392 682.5280 245.0888 1.8780 0.6892 0.7991 0.8221 1.0878 12.3965 -5.0589 0.3236
Pedestrian -1 -1 -3.4194 808.9301 152.3432 847.2312 223.4489 1.7652 0.6453 0.7734 5.5921 1.0666 17.8840 -3.1196 0.3210
Pedestrian -1 -1 -5.0537 586.5596 135.3716 640.6030 249.5890 1.8498 0.6556 0.8803 0.0844 1.1193 11.9743 -5.0447 0.3205
Pedestrian -1 -1 -7.7040 300.5948 139.2443 342.5870 246.6598 1.8541 0.5908 0.7182 -5.0944 1.1424 12.6199 -8.0768 0.3055
Pedestrian -1 -1 -8.0906 424.6472 147.6228 440.5403 185.2173 1.9371 0.6211 0.8758 -9.0325 0.2432 36.9629 -8.3262 0.2968
Pedestrian -1 -1 -5.0987 611.8077 142.9889 714.8818 322.4844 1.7943 0.8119 0.9300 0.5522 1.4197 7.6358 -5.0275 0.2967
Pedestrian -1 -1 -7.7739 239.8382 146.3494 266.1138 212.5310 1.8922 0.6450 0.4846 -10.2674 0.9161 20.5588 -8.2288 0.2872
Pedestrian -1 -1 -5.9424 284.6715 137.6715 343.7055 244.6958 1.8618 0.6218 0.8120 -5.2282 1.1171 12.6272 -6.3240 0.2740
Pedestrian -1 -1 -7.9876 426.9064 149.6282 440.9385 186.4713 1.8908 0.6120 0.7839 -8.9143 0.3066 36.7613 -8.2214 0.2624
Cyclist -1 -1 -7.8228 318.7746 141.1512 350.4131 250.4874 1.7999 0.4541 1.9033 -4.8507 1.1525 12.6140 -8.1794 0.2549
Pedestrian -1 -1 -5.0050 655.7854 142.9054 681.7399 204.2441 1.9030 0.6992 0.4967 1.9675 0.7369 22.2492 -4.9160 0.2540
Pedestrian -1 -1 -5.1376 589.0995 137.8065 647.0855 247.3918 1.8308 0.7408 0.8110 0.1705 1.1179 12.3319 -5.1220 0.2397
Pedestrian -1 -1 -3.3763 808.1529 151.2376 843.5587 224.0608 1.8222 0.6619 0.7249 5.5865 1.0903 18.0452 -3.0792 0.1990
Pedestrian -1 -1 -5.4514 721.0665 137.7268 817.4546 313.0225 1.8576 0.5518 0.9732 1.7971 1.4047 8.0518 -5.2382 0.1853
Pedestrian -1 -1 -2.4748 482.0753 148.4417 502.9818 183.4328 1.7971 0.6565 0.8514 -5.8707 0.1508 36.8070 -2.6295 0.1757
Pedestrian -1 -1 -4.7526 551.2482 150.1301 567.5768 194.9400 1.8151 0.6438 0.6183 -1.8988 0.5851 28.9810 -4.8153 0.1682
Pedestrian -1 -1 -5.7095 483.8053 149.5041 503.1902 184.3498 1.7997 0.6470 0.7740 -5.8453 0.1990 36.9716 -5.8629 0.1548
Pedestrian -1 -1 -3.9345 691.0464 141.6623 774.3544 306.3109 1.8303 0.5698 0.7997 1.4498 1.3990 8.3247 -3.7665 0.1531
Pedestrian -1 -1 -4.9998 678.7525 143.2485 763.2902 315.7789 1.8043 0.7155 0.8152 1.2119 1.4151 7.8471 -4.8506 0.1520
Pedestrian -1 -1 -6.1352 294.3714 138.2706 338.3002 244.6869 1.8690 0.6682 0.6420 -5.2682 1.1277 12.8165 -6.5144 0.1431
Pedestrian -1 -1 -4.9449 652.2968 144.3749 677.2678 204.3015 1.8744 0.6892 0.5098 1.8564 0.7447 22.4182 -4.8615 0.1420
Pedestrian -1 -1 -5.7567 825.8278 161.3498 858.0107 227.5934 1.7081 0.4752 0.6542 6.2012 1.2146 18.6333 -5.4388 0.1348
Cyclist -1 -1 -3.7175 335.0501 152.6514 376.5610 195.5085 1.8150 0.6411 1.6150 -10.8594 0.6358 30.7783 -4.0514 0.1341
Pedestrian -1 -1 -5.0322 669.9254 132.3495 723.6328 248.8541 1.9478 0.6816 0.8785 1.5365 1.1432 12.3185 -4.9092 0.1316
Pedestrian -1 -1 -5.9699 487.8932 149.7989 505.6430 183.7088 1.7564 0.6458 0.7555 -5.6776 0.1663 37.0025 -6.1188 0.1276
Pedestrian -1 -1 -3.7730 339.4241 155.3766 363.8450 196.4818 1.7566 0.6362 0.7727 -11.0282 0.6832 30.7131 -4.1125 0.1242
Pedestrian -1 -1 -4.9326 578.8551 138.6271 627.9816 251.9287 1.8368 0.6678 0.7986 -0.0868 1.1584 11.9265 -4.9376 0.1229
Pedestrian -1 -1 -2.9963 829.4452 164.8852 849.4190 229.7952 1.7017 0.4602 0.4456 6.2082 1.2926 18.8409 -2.6813 0.1164
Pedestrian -1 -1 -5.1983 670.2379 142.6670 758.4791 314.9640 1.8209 0.6857 0.7929 1.1610 1.4215 7.9614 -5.0572 0.1160
Cyclist -1 -1 -3.7879 331.4341 153.8469 372.1317 196.3004 1.7973 0.6251 1.6164 -11.0337 0.6691 30.7802 -4.1268 0.1159
Pedestrian -1 -1 -5.3301 799.0857 134.2673 951.6642 369.0000 1.8690 0.7650 0.9586 2.1606 1.5208 5.8993 -4.9941 0.1128
Pedestrian -1 -1 -2.9214 822.6464 156.3600 859.8560 226.1222 1.7495 0.5697 0.8047 6.0351 1.1444 18.1816 -2.6043 0.1035
Pedestrian -1 -1 -5.0233 657.2267 144.2513 682.9029 204.4951 1.8826 0.6913 0.4958 2.0238 0.7501 22.4125 -4.9325 0.0980
Pedestrian -1 -1 -4.9946 1151.9918 155.5124 1223.0000 369.0000 1.6484 0.5308 0.7353 4.5289 1.4753 5.3519 -4.3194 0.0937
Cyclist -1 -1 -4.2716 422.2614 147.9265 446.4053 186.0035 1.9430 0.5360 1.7332 -8.9298 0.2810 36.9820 -4.5045 0.0927
Pedestrian -1 -1 -4.9001 656.3394 145.3426 741.1670 326.1532 1.8181 0.7406 0.8683 0.9242 1.4650 7.5683 -4.7816 0.0923
Cyclist -1 -1 -7.8189 821.8974 154.4677 845.9327 228.3914 1.7549 0.5217 1.7458 5.6997 1.1373 17.6949 -7.5107 0.0854
Cyclist -1 -1 -7.8166 295.2527 140.5213 331.4298 252.9366 1.8016 0.4998 1.7476 -5.0738 1.1613 12.2381 -8.1984 0.0844
Cyclist -1 -1 -4.6968 426.3960 147.3423 437.7444 186.1145 1.9845 0.5469 1.7615 -9.0853 0.2875 37.1093 -4.9329 0.0765
Cyclist -1 -1 -3.3297 332.1292 152.5897 373.4597 195.9294 1.8421 0.5950 1.6099 -10.9764 0.6560 30.7143 -3.6676 0.0708
Cyclist -1 -1 -5.5672 227.1492 139.8529 335.9801 255.2338 1.8226 0.5304 1.7127 -5.3887 1.1809 11.6723 -5.9874 0.0546
Cyclist -1 -1 -4.7284 831.6673 160.3576 852.7950 228.4397 1.7083 0.4892 1.5959 6.1796 1.2032 18.5761 -4.4106 0.0530
Pedestrian -1 -1 -5.3742 1070.5814 139.4931 1223.0000 369.0000 1.7534 0.7138 0.8705 4.0584 1.4744 5.2639 -4.7443 0.0374
Pedestrian -1 -1 -6.3236 297.2375 146.6289 324.2418 211.1855 1.8078 0.6381 0.6915 -8.4621 0.8596 20.2337 -6.7120 0.0349
Cyclist -1 -1 -4.4811 423.2866 148.2796 441.2506 185.5894 1.9049 0.5285 1.7180 -9.0351 0.2600 36.9601 -4.7168 0.0302
Pedestrian -1 -1 -5.7813 814.2079 154.4545 851.3993 225.6099 1.8138 0.5587 0.7498 5.9137 1.1502 18.4874 -5.4749 0.0250
Pedestrian -1 -1 -7.7797 243.9582 145.2019 272.7486 210.3911 1.8643 0.7152 0.4996 -10.1223 0.8551 20.5839 -8.2285 0.0249
Pedestrian -1 -1 -6.3561 299.3788 147.9718 329.0141 213.3147 1.8250 0.6499 0.7409 -8.3504 0.9168 20.2029 -6.7405 0.0237
Cyclist -1 -1 -4.4973 812.6961 153.0399 849.1558 227.1299 1.7890 0.5276 1.7621 5.7166 1.1263 17.9687 -4.1926 0.0196
Pedestrian -1 -1 -5.4546 83.4172 163.6903 110.1516 227.1965 1.7954 0.4805 0.3969 -14.6014 1.3204 20.2657 -6.0697 0.0144
Car -1 -1 -5.9571 402.9539 164.6330 471.0227 191.3432 1.6803 1.7362 3.9150 -10.7925 0.6822 45.5318 -6.1864 0.0041
Pedestrian -1 -1 -5.9445 289.1705 149.9847 331.1362 216.6015 1.8369 0.6861 0.9104 -8.3105 0.9958 19.8614 -6.3330 0.0026
Pedestrian -1 -1 -7.5352 256.4627 154.8333 284.4567 205.5548 1.5369 0.6014 0.6591 -10.3372 0.7594 21.7858 -7.9705 0.0025
Cyclist -1 -1 -7.8267 299.2535 148.6593 319.3906 210.8367 1.7331 0.4848 1.7498 -8.6449 0.8459 20.6124 -8.2162 0.0017
Cyclist -1 -1 -7.7953 86.9876 97.3397 233.0967 369.0000 2.0958 0.6649 2.2476 -3.0915 1.6427 5.0094 -8.3190 0.0013
Cyclist -1 -1 -7.8549 157.2259 142.8703 256.5084 369.0000 1.8347 0.5488 2.0285 -3.0516 1.6035 5.3765 -8.3447 0.0011
Pedestrian -1 -1 -5.1437 105.5995 128.8019 173.6971 250.9961 1.9521 0.7309 0.6904 -7.8027 1.1266 11.7892 -5.7138 0.0006
Cyclist -1 -1 -4.3279 253.5613 154.5553 289.2277 202.4901 1.4326 0.4677 1.4877 -10.3434 0.6575 21.8853 -4.7616 0.0006
Pedestrian -1 -1 -6.2873 206.0714 165.3977 298.3724 369.0000 1.7038 0.5789 0.6445 -2.9254 1.5895 5.7747 -6.7329 0.0006
Pedestrian -1 -1 -7.6171 113.4209 138.7995 174.6576 257.1475 1.9268 0.6985 0.7884 -7.8495 1.2482 11.9970 -8.1824 0.0005
Pedestrian -1 -1 -5.3977 116.4791 129.1253 189.6405 244.9982 1.8486 0.7884 0.6566 -7.5519 1.0293 11.7590 -5.9541 0.0004
