Car -1 -1 -2.4952 0.0000 188.3858 278.6356 318.3451 1.5117 1.5794 3.5651 -6.5549 1.7347 9.4906 -3.0869 0.9997
Car -1 -1 -7.9718 665.4868 178.6034 712.7349 214.7587 1.4938 1.6274 4.0747 3.4558 1.7688 32.5103 -7.8674 0.9987
Car -1 -1 -2.4158 0.0000 195.9657 230.2053 373.6379 1.4867 1.6776 4.1026 -6.3076 1.7437 7.1491 -3.1204 0.9971
Car -1 -1 -5.9059 280.2358 180.3002 472.2215 248.9743 1.5263 1.5325 4.0602 -5.5213 1.7122 17.1380 -6.2137 0.9948
Car -1 -1 -6.0718 409.9200 177.6481 531.2048 221.6246 1.5791 1.5980 4.2040 -5.1886 1.7634 26.9396 -6.2608 0.9942
Car -1 -1 -5.9014 224.1969 183.7796 429.1074 261.3254 1.4720 1.5184 3.5798 -5.7247 1.7063 14.7064 -6.2671 0.9927
Car -1 -1 -5.9664 363.4911 179.9636 495.6650 231.3651 1.5105 1.4670 3.6919 -5.5732 1.7386 22.3118 -6.2090 0.9834
Car -1 -1 -5.8843 307.8878 179.6535 491.6853 238.9584 1.4982 1.5864 4.5153 -5.6728 1.6918 19.5257 -6.1640 0.9724
Car -1 -1 -7.7309 522.1867 176.2984 556.2012 207.2814 1.7021 1.5420 3.5254 -4.0992 1.9099 41.8171 -7.8285 0.9441
Car -1 -1 -5.9251 282.2686 179.5442 470.9575 249.0305 1.5505 1.5769 3.9691 -5.5125 1.7175 17.1598 -6.2320 0.9390
Car -1 -1 -2.5025 0.0000 187.8769 279.8865 319.2709 1.5223 1.6159 3.6484 -6.5704 1.7373 9.4508 -3.0972 0.8505
Car -1 -1 -5.8713 221.5776 183.1427 431.1297 260.8325 1.4722 1.5180 3.6857 -5.7490 1.6941 14.7381 -6.2377 0.8438
Car -1 -1 -5.8481 314.4901 181.0761 494.7018 239.9051 1.4786 1.7131 4.4161 -5.5884 1.7161 19.6700 -6.1219 0.8416
Car -1 -1 -5.8783 223.6587 184.3921 431.9744 262.9639 1.4797 1.5133 3.6416 -5.6883 1.7271 14.6608 -6.2430 0.8043
Car -1 -1 -5.9872 360.6308 179.7234 496.1096 230.8873 1.5043 1.4446 3.7959 -5.5921 1.7237 22.2543 -6.2312 0.8037
Car -1 -1 -6.0577 413.8310 177.5439 530.0353 221.6830 1.5796 1.6238 3.9924 -5.1334 1.7599 26.8975 -6.2451 0.7848
Car -1 -1 -5.9173 280.4231 178.7075 476.2583 249.9561 1.5879 1.4523 4.1697 -5.4517 1.7330 17.0720 -6.2226 0.7541
Car -1 -1 -2.4223 0.0000 194.1811 226.9396 371.7389 1.4914 1.5861 4.0558 -6.2601 1.7246 7.0784 -3.1280 0.7536
Car -1 -1 -2.7732 352.0724 180.5694 494.1913 228.9949 1.4159 1.5499 3.9847 -5.8021 1.6661 22.4198 -3.0241 0.7082
Car -1 -1 -2.8209 405.0924 177.7320 527.2729 220.7256 1.5276 1.5764 4.1871 -5.3669 1.7164 26.9177 -3.0164 0.6942
Car -1 -1 -7.6787 521.9028 176.4043 559.9927 206.7158 1.6632 1.5659 3.8270 -4.0095 1.8794 42.0228 -7.7738 0.6700
Car -1 -1 -7.7116 521.5018 176.3496 554.6748 206.1228 1.6376 1.5162 2.7991 -4.1369 1.8451 41.4539 -7.8109 0.6394
Car -1 -1 -2.8336 346.3750 180.2900 485.4349 228.6830 1.4206 1.5225 3.8704 -5.9824 1.6589 22.2977 -3.0932 0.6364
Car -1 -1 -5.8857 317.8201 179.4503 498.2213 240.5127 1.5420 1.4812 4.4615 -5.4413 1.7289 19.4598 -6.1554 0.5938
Pedestrian -1 -1 -4.0079 1202.5303 147.7454 1241.0000 207.6153 1.7768 0.5830 0.6843 18.3953 1.0314 21.7597 -3.3129 0.5316
Pedestrian -1 -1 -7.5969 396.4552 164.5768 413.7457 198.1827 1.7932 0.7898 0.5107 -11.0433 1.3512 38.7635 -7.8729 0.4806
Pedestrian -1 -1 -7.8756 101.2661 164.2956 126.0524 218.2272 1.7637 0.6685 0.7385 -16.6215 1.4835 24.0913 -8.4746 0.4577
Car -1 -1 -7.6786 519.7120 176.9061 554.5698 205.8873 1.5810 1.5257 2.7444 -4.1642 1.8200 41.1856 -7.7792 0.4472
Pedestrian -1 -1 -5.1491 755.6653 177.0813 774.0462 211.6385 1.5905 0.5973 0.7020 7.1918 1.7902 33.7196 -4.9413 0.4451
Car -1 -1 -7.8345 1196.8906 158.7411 1241.0000 199.2757 1.5073 1.6639 3.9293 24.5921 0.9822 28.8562 -7.1339 0.3978
Car -1 -1 -7.9436 1186.5173 159.6067 1241.0000 199.4843 1.4940 1.6345 3.7204 24.3613 0.9974 29.0271 -7.2505 0.3827
Pedestrian -1 -1 -5.0234 95.6949 161.8249 128.8929 217.1949 1.7990 0.6723 0.8841 -16.5884 1.4404 23.9795 -5.6235 0.3593
Car -1 -1 -7.6102 1194.5951 158.2015 1241.0000 198.7156 1.4966 1.6536 3.8698 24.6992 0.9550 28.4483 -6.9005 0.3431
Pedestrian -1 -1 -7.9613 36.0483 164.5640 54.2137 217.8724 1.8144 0.4707 0.2290 -19.4642 1.5319 24.8039 -8.6215 0.3362
Pedestrian -1 -1 -8.1883 756.1725 176.6022 774.1157 211.3372 1.5939 0.5967 0.7659 7.1826 1.7704 33.6179 -7.9801 0.3315
Pedestrian -1 -1 -4.0263 1204.0516 147.4936 1241.0000 206.6821 1.7543 0.6248 0.7569 18.4940 1.0023 21.7633 -3.3287 0.2844
Pedestrian -1 -1 -4.8194 34.6728 164.0049 53.1529 218.0130 1.8351 0.4780 0.2304 -19.4764 1.5342 24.7662 -5.4807 0.2416
Car -1 -1 -5.0147 631.1724 172.0185 672.2495 200.9733 1.9051 1.6452 4.1753 2.7894 1.8498 49.6999 -4.9595 0.2204
Car -1 -1 -8.0991 1170.0381 160.6738 1241.0000 200.2651 1.4920 1.6256 3.6655 24.1270 1.0327 29.1951 -7.4136 0.2192
Pedestrian -1 -1 -8.1339 758.4183 176.6532 776.3438 211.8001 1.6136 0.6305 0.7504 7.2844 1.7923 33.6075 -7.9228 0.2076
Car -1 -1 -5.0060 633.6290 173.0531 673.3511 201.3330 1.8644 1.6318 4.0113 2.9178 1.8784 49.7393 -4.9483 0.2060
Pedestrian -1 -1 -4.2366 1205.0551 146.6707 1241.0000 206.8282 1.7672 0.6247 0.7718 18.3834 0.9977 21.6335 -3.5391 0.2053
Car -1 -1 -7.4490 384.8167 163.2782 442.9273 194.6210 1.6745 1.6949 4.0580 -11.0182 1.1626 40.6776 -7.7121 0.1981
Pedestrian -1 -1 -7.9513 37.7129 166.4270 55.0426 219.9516 1.8306 0.4518 0.2342 -19.5098 1.6105 24.9171 -8.6105 0.1910
Car -1 -1 -8.0286 1187.2838 158.0303 1241.0000 199.2305 1.5117 1.6463 3.6408 24.1235 0.9675 28.4634 -7.3308 0.1895
Car -1 -1 -7.6508 1182.9528 159.9225 1241.0000 199.7086 1.4862 1.6109 3.7665 24.3361 1.0029 28.7543 -6.9536 0.1835
Car -1 -1 -7.4001 1191.7793 158.4161 1241.0000 198.6685 1.4820 1.6650 3.8409 24.7039 0.9501 28.0810 -6.6839 0.1808
Car -1 -1 -7.5667 393.2047 161.9811 444.9696 193.5813 1.6884 1.7153 4.1234 -10.7170 1.1071 40.6384 -7.8232 0.1754
Car -1 -1 -7.7494 1200.0237 157.8912 1241.0000 199.4273 1.5194 1.7113 3.8957 24.5578 0.9718 28.3547 -7.0409 0.1747
Car -1 -1 -7.4997 1185.0961 157.7401 1241.0000 198.4033 1.5126 1.5866 3.7070 24.4544 0.9501 28.4384 -6.7947 0.1543
Car -1 -1 -6.1696 512.7288 172.3120 572.3834 202.3324 1.8900 1.6950 3.6445 -4.3291 1.8556 46.3103 -6.2628 0.1456
Car -1 -1 -2.5962 468.1952 179.8952 547.9780 207.5172 1.3936 1.5828 3.9937 -5.5063 1.7856 38.6886 -2.7371 0.1374
Cyclist -1 -1 -5.5505 89.0920 161.5306 145.2465 216.5621 1.8068 0.6346 1.5163 -16.5057 1.4347 24.1080 -6.1458 0.1176
Cyclist -1 -1 -5.5428 87.5821 159.5871 146.8916 215.8532 1.8345 0.6324 1.6285 -16.3995 1.4016 23.9554 -6.1381 0.1133
Car -1 -1 -6.9700 1179.2360 157.5128 1241.0000 199.6378 1.5718 1.6776 4.2923 24.7508 0.9991 27.8350 -6.2486 0.1131
Car -1 -1 -6.9024 69.2328 174.8473 145.6009 201.3862 1.5890 1.5681 3.7365 -31.6688 1.7201 45.5295 -7.5076 0.1054
Car -1 -1 -8.2598 1154.9697 160.9721 1241.0000 199.4108 1.4543 1.6024 3.6578 23.8410 1.0044 29.2756 -7.5814 0.1009
Car -1 -1 -6.7012 1184.4930 156.6216 1241.0000 198.4685 1.5191 1.6577 4.0945 24.7562 0.9296 27.6034 -5.9755 0.0849
Car -1 -1 -4.7839 630.4132 172.7845 659.3506 201.5519 1.8940 1.6890 4.0440 2.3233 1.8891 49.5465 -4.7378 0.0848
Car -1 -1 -6.3440 1190.2229 153.0162 1241.0000 200.0371 1.6425 1.7038 4.4383 24.7244 0.9492 27.2510 -5.6126 0.0843
Pedestrian -1 -1 -2.4561 544.4620 177.4947 558.9481 200.7017 1.7789 0.5731 0.9795 -4.5549 2.1422 56.0268 -2.5373 0.0790
Car -1 -1 -2.7118 465.1758 179.8850 546.1901 207.5733 1.3963 1.5776 3.9677 -5.5752 1.7827 38.3713 -2.8556 0.0651
Car -1 -1 -7.2136 68.9856 175.2827 136.5755 201.5100 1.5769 1.5475 3.7688 -32.0332 1.7367 45.6434 -7.8230 0.0565
Car -1 -1 -8.4590 865.1902 181.0028 986.3237 233.3202 1.4073 1.6108 3.5465 9.4034 1.6758 21.9008 -8.0589 0.0548
Car -1 -1 -6.1547 426.9477 167.4584 539.3940 214.4301 1.8523 1.6965 4.3291 -5.1379 1.6393 29.3956 -6.3267 0.0480
Car -1 -1 -5.8742 1191.6875 153.6062 1241.0000 199.8296 1.5612 1.6507 4.0998 24.2100 0.9108 26.5770 -5.1410 0.0406
Car -1 -1 -8.4130 1140.1218 161.8539 1241.0000 200.1871 1.4688 1.5995 3.6500 23.6576 1.0470 29.5495 -7.7429 0.0405
Car -1 -1 -4.6338 50.9034 176.2072 86.1008 202.9510 1.6752 1.5541 3.9063 -35.8420 1.9066 47.7821 -5.2749 0.0398
Cyclist -1 -1 -5.3537 87.4179 159.0537 137.7544 214.4545 1.8135 0.6280 1.4832 -16.6981 1.3615 24.1561 -5.9535 0.0367
Car -1 -1 -5.6875 1190.8054 154.3638 1241.0000 199.6070 1.5135 1.6498 4.1478 23.9252 0.8946 26.3487 -4.9559 0.0302
Car -1 -1 -6.1837 431.4982 170.5696 537.0358 214.5030 1.7212 1.6841 4.0668 -5.0698 1.6314 29.2527 -6.3543 0.0232
Car -1 -1 -5.9255 1189.9653 154.1679 1241.0000 199.4206 1.5471 1.6462 4.0345 24.3214 0.9080 26.8376 -5.1948 0.0205
Car -1 -1 -4.4925 49.9142 176.4978 93.1445 203.5163 1.6871 1.5012 3.7274 -35.4982 1.9373 47.6030 -5.1307 0.0204
Car -1 -1 -5.4688 1189.9725 154.3579 1241.0000 199.7611 1.5170 1.6339 4.1870 23.5761 0.8987 26.2249 -4.7421 0.0204
Car -1 -1 -6.9453 637.5529 174.1564 700.7341 199.9057 1.6942 1.6631 4.1842 4.0459 1.7866 49.5061 -6.8647 0.0191
Car -1 -1 -2.7768 477.0976 174.6960 557.2999 207.4927 1.8165 1.7244 4.2332 -5.3487 1.9254 41.4474 -2.9048 0.0179
Pedestrian -1 -1 -5.9617 488.4807 169.3299 504.6780 208.3967 1.8161 0.6520 0.5760 -5.3688 1.6519 33.9102 -6.1179 0.0167
Car -1 -1 -4.5036 51.8111 175.9758 94.5286 203.3981 1.7235 1.5080 3.8134 -35.5833 1.9392 47.8637 -5.1404 0.0167
Car -1 -1 -4.4335 54.5362 176.2412 100.6646 203.5358 1.7173 1.4735 3.7842 -35.3348 1.9515 47.9311 -5.0663 0.0161
Car -1 -1 -4.3794 69.7333 174.2744 123.9895 201.5993 1.6364 1.5744 3.9623 -32.3510 1.7300 45.5535 -4.9943 0.0127
Car -1 -1 -2.8757 481.6788 174.3087 554.6141 207.6075 1.8421 1.7306 3.8043 -5.2436 1.9270 41.1345 -3.0022 0.0125
Car -1 -1 -5.6343 869.2857 179.3638 1000.9232 231.8830 1.3968 1.4593 3.3605 9.5210 1.6066 21.4647 -5.2224 0.0119
Car -1 -1 -6.7840 639.1766 174.5726 701.8029 199.9928 1.6722 1.6173 3.9689 4.0972 1.7928 49.2197 -6.7019 0.0112
Pedestrian -1 -1 -6.8532 1153.0712 158.5801 1186.5388 236.9328 1.6587 0.4922 0.3573 11.9934 1.3562 15.5340 -6.2053 0.0108
Pedestrian -1 -1 -6.7519 1160.6274 154.3591 1195.3562 237.3143 1.7468 0.5211 0.3885 12.1304 1.3571 15.4855 -6.0969 0.0104
Car -1 -1 -8.4211 856.8969 175.9269 990.6161 232.3129 1.5542 1.7653 4.2330 9.4986 1.6587 22.3676 -8.0249 0.0097
Car -1 -1 -5.6836 862.3946 177.9422 1019.5468 233.1198 1.4528 1.5560 4.0838 9.6865 1.6195 21.5391 -5.2667 0.0092
Car -1 -1 -2.9031 481.2669 175.0492 553.0270 207.0934 1.7642 1.6812 3.7448 -5.2705 1.8915 40.9096 -3.0309 0.0075
Pedestrian -1 -1 -6.8029 1145.1414 155.7244 1179.0193 234.0281 1.6745 0.5015 0.3841 11.9552 1.3079 15.7018 -6.1615 0.0062
Car -1 -1 -4.6205 72.0752 173.7003 111.6716 201.7505 1.6759 1.6273 4.3455 -32.6694 1.7317 45.5346 -5.2402 0.0057
Pedestrian -1 -1 -5.7192 148.3549 166.2972 168.3772 221.3070 2.0931 0.5832 0.4028 -17.4095 1.8433 27.7479 -6.2754 0.0049
Car -1 -1 -7.1541 515.2568 176.5985 566.3544 199.2614 1.7193 1.7839 4.1989 -5.5181 2.0301 57.7113 -7.2494 0.0041
Cyclist -1 -1 -8.0355 658.7265 179.3510 674.2079 211.1933 1.4780 0.4722 1.4995 2.6572 1.7960 34.5768 -7.9600 0.0027
Pedestrian -1 -1 -5.9228 147.5950 161.9600 159.9830 213.8620 1.9656 0.4821 0.2452 -17.4849 1.5527 27.5857 -6.4836 0.0026
Pedestrian -1 -1 -6.9786 889.8161 171.8010 907.2051 215.2798 1.5937 0.4803 0.3772 10.6425 1.5548 26.7355 -6.6040 0.0022
Car -1 -1 -7.1568 863.0029 176.1783 989.6245 228.8674 1.5579 1.5617 3.9434 10.1040 1.6715 23.1196 -6.7501 0.0016
Car -1 -1 -7.2514 876.3075 176.2740 986.2104 229.2915 1.5622 1.5793 3.3790 10.2200 1.6784 23.0241 -6.8389 0.0015
Car -1 -1 -7.6359 529.1981 175.7990 562.4441 198.6465 1.7399 1.8444 3.8852 -5.1015 1.9827 57.5187 -7.7244 0.0015
Car -1 -1 -7.6269 534.9564 176.4539 565.7842 198.6721 1.6981 1.6749 3.6744 -4.7603 1.9954 57.7140 -7.7092 0.0012
Car -1 -1 -7.1228 875.6231 174.1125 995.4675 228.4157 1.5868 1.6195 3.3277 10.1309 1.6283 22.5714 -6.7063 0.0012
