Car -1 -1 -4.3266 273.4889 184.5688 350.5695 218.5333 1.4051 1.7723 4.4149 -13.7916 1.9858 33.5812 -4.7138 0.9971
Car -1 -1 -7.3574 222.6714 186.6617 289.9038 214.4347 1.4483 1.6989 4.2055 -20.4760 2.2905 41.8905 -7.8098 0.7875
Car -1 -1 -4.2076 219.9520 187.1758 290.0680 214.4687 1.4066 1.7621 4.3113 -20.4462 2.2775 41.6916 -4.6613 0.7480
Car -1 -1 -4.3102 272.9507 183.5536 351.8164 218.1876 1.4306 1.7343 4.5348 -13.7335 1.9607 33.4928 -4.6969 0.7080
Car -1 -1 -7.3332 224.6644 186.5380 291.5571 213.8834 1.4304 1.6704 4.0998 -20.4034 2.2655 41.9504 -7.7836 0.6864
Car -1 -1 -4.3145 269.5576 183.3057 348.3984 218.2373 1.4480 1.8075 4.3617 -13.8596 1.9633 33.4055 -4.7053 0.6687
Car -1 -1 -4.3046 270.8082 183.4473 342.6466 218.9140 1.4743 1.6846 3.7119 -13.8109 1.9856 32.9770 -4.6987 0.5197
Car -1 -1 -7.5164 283.6862 184.3783 353.9878 217.5805 1.4046 1.7300 4.3940 -13.7751 1.9878 34.3037 -7.8959 0.5134
Car -1 -1 -4.2294 229.7520 179.6429 287.4986 203.4968 1.5338 1.7652 4.3443 -24.2209 2.0233 49.8479 -4.6798 0.4506
Car -1 -1 -4.2890 218.8410 186.2735 286.2531 214.4863 1.4391 1.7586 4.4742 -20.3539 2.2476 41.2243 -4.7453 0.3141
Car -1 -1 -4.2242 0.0000 194.5786 36.7925 246.4739 1.3954 1.6285 3.7606 -20.3703 2.1515 23.1052 -4.9412 0.2467
Car -1 -1 -4.1509 0.0000 194.1296 42.1099 245.9322 1.4123 1.6332 3.8582 -20.5513 2.1611 23.3719 -4.8666 0.2383
Car -1 -1 -4.0558 0.0000 187.3694 78.5629 226.3340 1.3957 1.8284 4.0744 -24.1051 2.0290 29.4388 -4.7376 0.1868
Car -1 -1 -4.2323 236.3772 181.0479 292.5357 203.7484 1.4772 1.7801 4.2732 -24.2225 2.0771 50.6853 -4.6763 0.1366
Car -1 -1 -7.1991 0.0000 189.3925 103.7871 227.0780 1.3755 1.6508 4.5830 -23.9677 2.1303 30.6464 -7.8588 0.1259
Car -1 -1 -7.2828 0.0000 193.9030 55.4007 244.9155 1.4096 1.6758 4.1061 -20.5879 2.1680 23.8577 -7.9893 0.1252
Car -1 -1 -4.8250 646.6559 176.2843 684.8075 205.0325 1.5025 1.6396 4.3215 3.0287 1.7048 40.4249 -4.7513 0.1173
Car -1 -1 -4.0464 0.0000 189.0644 81.4327 228.7732 1.4004 1.8181 4.2456 -23.9684 2.1069 29.3263 -4.7272 0.0841
Car -1 -1 -4.2627 240.8659 181.4360 291.5415 204.5269 1.5090 1.6911 3.8558 -24.0380 2.1327 50.5253 -4.7050 0.0749
Car -1 -1 -7.1936 0.0000 188.4608 108.2700 225.0543 1.3678 1.6186 4.3537 -23.9421 2.0855 31.0139 -7.8470 0.0684
Car -1 -1 -4.2745 0.0000 191.6137 34.5206 245.6847 1.4657 1.7470 4.0925 -20.6605 2.1286 23.2991 -4.9943 0.0477
Car -1 -1 -7.7607 666.4578 177.8803 712.6215 214.7247 1.4398 1.6112 3.9015 3.4118 1.6688 30.8352 -7.6521 0.0444
Car -1 -1 -4.7655 645.5519 176.5262 676.9441 205.8205 1.5391 1.5264 4.1086 2.7936 1.7554 40.4924 -4.6977 0.0421
Car -1 -1 -4.6707 647.2156 176.5141 677.8571 204.0956 1.4595 1.5678 4.0859 2.9791 1.6772 40.8605 -4.5989 0.0372
Car -1 -1 -4.5625 639.0684 177.0960 674.2970 204.8154 1.4694 1.4565 3.7076 2.6439 1.7206 40.8151 -4.4988 0.0344
Car -1 -1 -4.6978 664.0256 178.3378 705.6948 214.2484 1.4002 1.6606 4.2783 3.1989 1.6527 31.0332 -4.5967 0.0326
Car -1 -1 -7.9102 651.6459 176.7217 686.1107 205.2539 1.4833 1.6593 4.3658 3.1990 1.7109 40.3074 -7.8321 0.0284
Car -1 -1 -4.0226 1170.8815 185.3818 1241.0000 216.3207 1.6058 1.6403 4.0796 33.2292 2.3136 39.5946 -3.3286 0.0272
Car -1 -1 -7.3663 0.0000 193.3883 55.3586 243.6643 1.3950 1.6039 4.0070 -20.4023 2.1351 23.8868 -8.0678 0.0258
Car -1 -1 -6.5964 642.9138 178.1638 716.7551 204.7223 1.3857 1.5615 3.6982 3.7448 1.6830 39.2760 -6.5026 0.0210
Car -1 -1 -4.4324 287.0353 181.6269 334.2834 207.0812 1.4130 1.5698 4.0627 -18.0588 1.9685 43.6100 -4.8231 0.0209
Car -1 -1 -4.3617 292.8592 180.5668 345.1789 205.9345 1.4304 1.6464 4.0985 -17.7121 1.9228 44.0191 -4.7425 0.0204
Cyclist -1 -1 -7.8833 698.6561 171.7945 704.2854 193.3326 1.6363 0.3781 1.6796 7.0258 1.5555 55.6696 -7.7588 0.0204
Car -1 -1 -6.5123 648.3088 177.6144 720.4009 204.9980 1.4326 1.5497 3.6262 3.9643 1.6969 39.1000 -6.4126 0.0183
Car -1 -1 -4.8565 641.8059 176.5741 680.3012 205.9705 1.5249 1.5452 4.0917 2.7439 1.7419 40.0589 -4.7892 0.0178
Car -1 -1 -7.9427 320.0531 176.4457 349.8387 198.9856 1.6416 1.7532 4.5578 -21.3178 1.9310 55.7580 -8.3066 0.0173
Car -1 -1 -7.8153 324.2744 176.2271 350.2260 199.2698 1.6878 1.7089 4.3408 -21.1023 1.9595 55.8610 -8.1752 0.0162
Car -1 -1 -8.0677 633.4534 174.9973 669.4908 199.1982 1.4701 1.5539 3.6274 2.5730 1.6124 46.0829 -8.0127 0.0161
Car -1 -1 -6.1738 648.8940 176.7877 723.3347 205.3308 1.4643 1.5495 3.8055 4.0404 1.6802 38.4938 -6.0705 0.0154
Car -1 -1 -7.8150 650.5600 174.3679 678.1815 198.7718 1.4767 1.6119 3.6988 3.4526 1.5766 45.8289 -7.7407 0.0140
Car -1 -1 -8.1012 310.4397 176.4328 351.3987 198.5344 1.6047 1.8451 4.7266 -21.5914 1.8926 55.6473 -8.4700 0.0140
Car -1 -1 -6.3755 649.2590 177.5457 722.1641 205.0533 1.4386 1.5526 3.7670 3.9927 1.6958 38.7997 -6.2743 0.0137
Car -1 -1 -6.8857 637.7883 172.7652 715.3206 201.0095 1.7050 1.8283 4.6531 4.1804 1.6994 45.4938 -6.7951 0.0130
Car -1 -1 -6.5791 638.9139 173.2878 715.9705 200.8822 1.6744 1.7685 4.4778 4.1631 1.7020 45.1442 -6.4882 0.0123
Car -1 -1 -7.9995 642.7245 174.2973 675.4627 197.6152 1.4186 1.5764 3.5151 3.0530 1.5138 45.9346 -7.9340 0.0120
Cyclist -1 -1 -8.0191 695.0259 171.5837 703.0779 193.0877 1.6248 0.3471 1.6251 6.7969 1.5285 55.3376 -7.8979 0.0118
Car -1 -1 -2.0919 0.0000 193.4368 21.8539 245.6884 1.4828 1.6869 4.1830 -21.2242 2.1815 23.0574 -2.8302 0.0116
Car -1 -1 -6.9422 640.9641 176.8800 721.1905 205.2161 1.4733 1.6721 4.2918 3.9163 1.7059 39.8935 -6.8456 0.0110
Car -1 -1 -7.5994 640.5611 172.8508 684.2813 200.5298 1.6815 1.7510 4.3696 3.3755 1.6810 46.1831 -7.5274 0.0100
Car -1 -1 -8.1201 611.8795 170.5345 659.8345 201.4613 1.8783 1.8693 4.7982 1.5575 1.7371 46.3717 -8.0872 0.0097
Car -1 -1 -6.7524 643.4724 177.7059 718.9172 205.2150 1.4317 1.5784 3.8072 3.8559 1.7066 39.4862 -6.6563 0.0096
Car -1 -1 -4.5045 646.6949 175.6992 697.0210 209.4121 1.6288 1.7095 4.6215 3.2644 1.7870 37.7337 -4.4194 0.0096
Cyclist -1 -1 -8.0272 696.5921 172.6579 705.3001 193.9171 1.6059 0.3801 1.6516 6.9420 1.5908 55.3398 -7.9034 0.0096
Car -1 -1 -2.3148 0.0000 192.8664 23.3546 244.4940 1.5014 1.6839 4.2326 -21.2875 2.1609 22.7774 -3.0606 0.0095
Car -1 -1 -7.9819 623.0426 172.1581 660.1782 201.9040 1.8120 1.8176 4.3916 1.9367 1.7693 46.2199 -7.9408 0.0089
Car -1 -1 -6.4439 640.4334 175.2643 708.2191 200.3127 1.5169 1.7054 3.9750 3.9339 1.6699 44.8861 -6.3575 0.0082
Car -1 -1 -7.8130 641.1901 173.4803 669.7184 198.0760 1.5008 1.6660 3.9999 2.9146 1.5424 46.2085 -7.7508 0.0081
Car -1 -1 -7.1986 1165.4243 185.3418 1241.0000 215.3956 1.5628 1.5806 3.8044 32.8298 2.2707 39.7197 -6.5121 0.0079
Car -1 -1 -4.8130 533.7021 179.8551 554.8751 197.1490 1.5438 1.6099 3.8121 -6.2456 2.2237 68.0766 -4.9045 0.0073
Car -1 -1 -7.9449 629.1509 174.2709 661.5715 199.8923 1.5652 1.7115 4.0062 2.1932 1.6599 46.3423 -7.8983 0.0072
Car -1 -1 -7.7927 633.0499 173.8413 663.7322 200.5592 1.6355 1.7169 4.4367 2.4926 1.7021 46.6389 -7.7401 0.0070
Car -1 -1 -4.6261 647.5323 177.5162 686.7801 209.3479 1.5359 1.6830 4.3871 3.0096 1.7947 37.7911 -4.5478 0.0065
Car -1 -1 -7.6331 324.3663 177.1310 358.5861 199.8381 1.6687 1.6406 4.0232 -20.7887 2.0123 55.9192 -7.9878 0.0064
Car -1 -1 -1.9784 0.0000 191.7278 18.5963 241.5986 1.4159 1.7050 4.1824 -21.3860 2.0699 23.3722 -2.7138 0.0059
Car -1 -1 -5.3102 759.8984 173.2818 829.1662 206.4677 1.6200 1.6741 3.6816 9.4287 1.6430 37.2912 -5.0649 0.0057
Car -1 -1 -1.9089 0.0000 186.6143 24.4871 230.1062 1.5083 1.8791 4.8091 -25.2628 2.0851 28.2728 -2.6336 0.0055
Car -1 -1 -4.4351 203.3050 172.6280 246.9840 198.4972 1.9715 1.9067 4.4726 -30.5576 1.9540 57.3748 -4.9227 0.0050
Car -1 -1 -5.8679 925.9201 175.4674 1049.4363 227.3245 1.5834 1.4713 3.3222 12.4241 1.6763 23.9614 -5.3951 0.0046
Car -1 -1 -8.1365 605.2206 172.3329 649.1882 200.2436 1.6898 1.6972 4.1457 1.0061 1.6579 45.9047 -8.1151 0.0042
Car -1 -1 -6.5857 773.0590 174.3085 849.6374 203.4702 1.4790 1.4913 3.5461 10.3841 1.5559 37.4825 -6.3179 0.0038
Car -1 -1 -5.9383 933.0784 175.8944 1055.3438 227.9222 1.5745 1.5457 3.2209 12.5392 1.6814 23.7426 -5.4580 0.0038
Car -1 -1 -7.5042 209.4725 171.5647 257.9893 199.4654 2.1383 1.8784 4.8945 -30.1072 2.0392 57.8467 -7.9824 0.0036
Cyclist -1 -1 -8.2596 694.5800 171.4399 708.1728 193.8900 1.6882 0.3919 1.6900 6.9453 1.5815 55.1240 -8.1353 0.0034
Car -1 -1 -3.9079 0.0000 187.4626 0.0000 227.4614 1.4009 1.6030 3.8215 -27.1702 2.0200 28.6425 -4.6623 0.0030
Car -1 -1 -4.7321 1182.4929 166.1829 1214.6093 188.1902 1.4945 1.6671 3.9121 41.5676 1.0412 51.0541 -4.0518 0.0030
Car -1 -1 -4.7376 1186.3888 167.0022 1219.2273 188.9857 1.4819 1.6674 3.9140 41.5733 1.0871 50.6960 -4.0538 0.0030
Car -1 -1 -4.7285 1178.1824 166.3552 1209.7085 188.1329 1.4924 1.6695 3.9082 41.6042 1.0467 51.5007 -4.0520 0.0030
Car -1 -1 -4.7233 1174.0812 165.8252 1204.9034 187.5736 1.5013 1.6679 3.9111 41.5779 1.0158 51.8621 -4.0505 0.0030
Car -1 -1 -4.7198 1169.9473 166.0179 1200.3162 187.5525 1.4998 1.6705 3.9079 41.6243 1.0234 52.3079 -4.0506 0.0030
Car -1 -1 -6.8394 769.1821 173.4840 852.0851 205.1163 1.6000 1.5640 3.9659 10.4783 1.6339 37.8616 -6.5719 0.0027
Car -1 -1 -4.3457 204.0733 170.6739 252.7984 198.5725 2.1316 1.9241 4.5469 -30.3541 1.9647 57.4998 -4.8297 0.0025
Car -1 -1 -5.1334 762.7570 170.1821 823.6506 203.7866 1.6626 1.7155 3.6688 9.4520 1.5301 37.6554 -4.8897 0.0024
Car -1 -1 -6.9086 334.0110 176.1075 391.1970 199.0685 1.6920 1.4720 4.1026 -19.1330 1.9531 55.8644 -7.2374 0.0020
Pedestrian -1 -1 -8.4608 927.5531 176.6123 955.6880 224.9156 1.5400 0.5876 0.6055 10.7065 1.6634 23.4096 -8.0372 0.0020
Cyclist -1 -1 -6.6899 848.4470 157.1973 914.0161 218.7414 1.8628 0.7109 1.7539 8.2986 1.3886 22.2425 -6.3377 0.0019
Pedestrian -1 -1 -5.0652 865.1280 157.7236 895.1605 213.3287 1.6867 0.6923 0.6161 8.2551 1.2275 22.1959 -4.7138 0.0018
Pedestrian -1 -1 -7.8898 641.9933 172.9885 657.0630 200.3826 1.6642 0.8996 0.5561 2.3790 1.6722 44.1233 -7.8367 0.0017
Car -1 -1 -8.0335 615.9022 174.5558 651.2189 200.7897 1.5830 1.5756 3.8074 1.4181 1.6954 45.7981 -8.0032 0.0016
Cyclist -1 -1 -5.2044 856.9282 160.2845 908.0234 217.1342 1.6664 0.6715 1.8224 8.2662 1.2976 22.0987 -4.8513 0.0016
Pedestrian -1 -1 -5.1825 867.0262 161.0629 899.3532 220.2448 1.7682 0.6975 0.6500 8.2443 1.4156 21.9201 -4.8277 0.0016
Cyclist -1 -1 -4.9179 859.3663 164.5888 888.2594 214.7896 1.5226 0.5496 1.4883 8.2211 1.2716 22.6598 -4.5745 0.0015
Car -1 -1 -7.7263 914.5779 177.3169 973.6642 223.9673 1.5437 1.5088 3.6885 12.1418 1.7177 26.2167 -7.2975 0.0011
Pedestrian -1 -1 -4.5914 871.6880 150.7337 902.9211 216.9507 1.9881 0.8205 0.7075 8.4732 1.3236 22.1665 -4.2312 0.0010
Car -1 -1 -7.8457 910.3238 175.4598 965.6149 225.3011 1.6545 1.7114 4.0724 11.9386 1.7575 26.3905 -7.4256 0.0009
Pedestrian -1 -1 -7.7720 642.0394 171.6038 657.2304 199.5908 1.7031 0.8881 0.5619 2.3976 1.6267 44.2451 -7.7186 0.0007
Cyclist -1 -1 -4.6375 872.8130 155.5484 901.5207 217.8734 1.8191 0.6898 1.9364 8.4489 1.3137 22.0834 -4.2770 0.0006
Cyclist -1 -1 -4.0279 848.5291 160.5251 914.4286 218.0379 1.6984 0.7429 2.0979 8.2990 1.3340 22.1604 -3.6744 0.0006
Pedestrian -1 -1 -7.8239 644.0394 170.6114 661.0284 198.2610 1.6788 1.0213 0.6045 2.5708 1.5424 44.1560 -7.7665 0.0005
Pedestrian -1 -1 -7.7598 644.0764 171.3190 660.5396 199.4196 1.7101 0.9599 0.5699 2.5627 1.6164 44.2636 -7.7028 0.0004
Pedestrian -1 -1 -6.2750 697.5921 171.2604 704.2841 194.5490 1.7066 0.6600 0.4859 6.6811 1.5896 53.2349 -6.1513 0.0004
