Car -1 -1 -7.8719 564.5715 185.8143 703.8798 308.9810 1.4162 1.6057 3.4662 0.2597 1.4261 10.0208 -7.8472 0.9999
Car -1 -1 -7.8706 569.6731 175.0253 653.4976 247.4923 1.4998 1.7371 4.2765 -0.0088 1.2891 17.0308 -7.8716 0.9931
Car -1 -1 -7.8886 569.5234 170.9942 622.1570 219.0465 1.5355 1.6727 3.9085 -0.5272 1.0812 24.9695 -7.9099 0.9578
Car -1 -1 -7.9232 566.1983 170.0690 622.0085 218.7793 1.5522 1.6457 3.9669 -0.5913 1.0697 24.9590 -7.9470 0.8840
Pedestrian -1 -1 -8.0121 614.3100 163.2135 629.2196 198.0056 1.7892 0.6751 0.6770 0.6910 0.6579 37.3498 -7.9940 0.8803
Car -1 -1 -7.9209 566.3041 171.0066 622.1781 218.7149 1.5245 1.6640 3.9003 -0.5859 1.0706 24.9887 -7.9445 0.8555
Car -1 -1 -7.6040 673.3864 161.8202 708.7994 184.6274 1.6704 1.7314 4.1152 6.3953 -0.0467 54.9957 -7.4891 0.8335
Car -1 -1 -7.8964 571.6987 175.6909 654.5979 250.8884 1.5283 1.6915 4.1299 -0.0319 1.3349 16.7108 -7.8987 0.7977
Car -1 -1 -7.9026 570.2408 174.9929 651.4067 247.3780 1.4969 1.6735 4.2207 -0.0936 1.2856 17.0180 -7.9084 0.7850
Car -1 -1 -7.8836 571.4557 170.3702 622.9664 219.0934 1.5561 1.6488 3.8707 -0.4754 1.0821 24.9312 -7.9028 0.7603
Car -1 -1 -7.7413 563.2325 173.7145 653.4836 245.3021 1.4924 1.6836 4.1705 0.0885 1.2528 17.1556 -7.7366 0.7322
Pedestrian -1 -1 -7.8551 615.2479 163.4522 628.2784 198.9901 1.8243 0.6689 0.6859 0.6907 0.7072 37.2498 -7.8370 0.7165
Car -1 -1 -7.5235 672.9265 162.4323 710.2261 185.1340 1.6617 1.6788 3.8085 6.3945 -0.0063 54.7125 -7.4081 0.6381
Car -1 -1 -7.8417 570.9466 175.5123 654.1635 249.6688 1.5048 1.6903 4.1629 0.0793 1.3080 16.6821 -7.8375 0.6295
Car -1 -1 -7.4807 673.5335 161.5132 714.3915 184.6648 1.6916 1.7215 4.1019 6.5966 -0.0436 54.8438 -7.3619 0.6157
Car -1 -1 -7.9240 569.8646 174.5515 654.3820 246.0590 1.4978 1.6883 4.2415 -0.0656 1.2745 17.2342 -7.9282 0.5467
Car -1 -1 -7.6616 672.5491 162.6176 704.8540 185.4879 1.6799 1.7020 4.1411 6.2155 0.0202 55.0321 -7.5500 0.4531
Car -1 -1 -4.6652 587.8950 166.2616 616.9680 195.8391 1.6922 1.5642 3.9000 -0.3099 0.6079 43.1063 -4.6726 0.4104
Car -1 -1 -4.7621 571.5476 176.3647 654.9930 255.6672 1.5404 1.6162 3.9857 -0.0409 1.3686 15.9958 -4.7651 0.3804
Car -1 -1 -2.8489 554.6292 163.0776 635.3589 195.1351 1.6511 1.6836 3.9938 -0.6992 0.5110 38.3754 -2.8673 0.3650
Car -1 -1 -4.6584 584.3127 166.1640 614.9342 196.0977 1.7098 1.6253 3.9896 -0.4751 0.6217 43.0888 -4.6697 0.3321
Car -1 -1 -4.4144 576.4341 166.8411 621.5220 196.0936 1.6777 1.6466 3.9013 -0.5069 0.6240 43.3309 -4.4264 0.3283
Car -1 -1 -2.7025 551.1638 162.7110 637.6674 195.7223 1.6998 1.6787 4.3508 -0.7576 0.5412 38.6676 -2.7222 0.2501
Car -1 -1 -2.5940 553.7584 162.6358 639.9779 196.0720 1.7226 1.6876 4.4303 -0.6452 0.5595 38.8836 -2.6108 0.2301
Pedestrian -1 -1 -7.8900 617.8013 163.7409 631.5306 199.4098 1.8296 0.6856 0.6632 0.8382 0.7282 37.2087 -7.8680 0.1723
Car -1 -1 -3.0826 555.2490 163.6446 630.9415 195.3274 1.6377 1.6692 3.9170 -0.7697 0.5228 38.0669 -3.1030 0.1412
Car -1 -1 -4.3910 570.0668 164.0583 616.9070 194.2493 1.7172 1.6267 3.9930 -0.8294 0.5140 43.0350 -4.4104 0.0785
Pedestrian -1 -1 -7.7723 519.8391 169.2997 537.9922 213.3885 1.6735 0.6426 0.6605 -3.0670 1.0695 27.6248 -7.8822 0.0730
Car -1 -1 -3.3514 553.4044 163.4100 633.8134 195.6559 1.6346 1.6500 3.9571 -0.7950 0.5294 37.6958 -3.3726 0.0672
Car -1 -1 -7.8240 584.6331 170.6888 613.4888 194.8956 1.4200 1.6615 3.5751 -0.5250 0.5680 43.9718 -7.8361 0.0367
Car -1 -1 -2.9206 562.3966 169.5205 625.3953 194.8240 1.5090 1.6287 3.5890 -0.8583 0.5732 44.0267 -2.9403 0.0339
Pedestrian -1 -1 -7.8285 519.7780 167.1482 538.4731 211.5546 1.6901 0.7006 0.6845 -3.0698 1.0026 27.7306 -7.9380 0.0318
Car -1 -1 -7.5769 584.8774 170.7263 641.1082 206.1694 1.4824 1.6357 3.3829 0.2489 0.8765 31.9193 -7.5695 0.0208
Pedestrian -1 -1 -3.3568 909.4774 167.4463 931.2055 222.5808 1.7053 0.5872 0.5083 9.7640 1.1559 22.5706 -2.9534 0.0177
Car -1 -1 -6.2331 564.9539 167.2979 636.6721 196.7360 1.7598 1.8363 4.3011 -0.4125 0.6888 43.9776 -6.2427 0.0147
Car -1 -1 -7.6647 597.1194 162.9900 638.9929 195.4778 1.6803 1.6090 3.7420 0.5775 0.5309 39.1750 -7.6504 0.0137
Pedestrian -1 -1 -6.6510 912.1042 163.5087 936.2071 223.3390 1.8378 0.5824 0.5085 9.8005 1.1712 22.3818 -6.2433 0.0128
Car -1 -1 -7.7317 301.9711 170.1643 329.1671 188.3079 1.5730 1.7643 4.1713 -26.2140 0.2682 64.5668 -8.1162 0.0126
Car -1 -1 -7.6496 589.0584 170.7737 626.2748 194.7590 1.4291 1.6141 3.6484 0.0084 0.5688 44.7796 -7.6498 0.0122
Car -1 -1 -4.3202 580.6331 170.2234 647.3151 209.2046 1.6008 1.5776 3.8584 0.3031 0.9853 31.6054 -4.3111 0.0114
Car -1 -1 -7.5020 586.2899 172.0149 644.8168 206.3075 1.4378 1.5590 3.3091 0.3603 0.8845 31.9627 -7.4912 0.0112
Cyclist -1 -1 -7.7593 518.9278 167.7511 540.1300 213.4443 1.7285 0.6757 1.5827 -3.0753 1.0680 27.9893 -7.8680 0.0099
Car -1 -1 -2.2967 558.1115 172.9815 640.2043 205.9680 1.3787 1.6243 3.6558 -0.4659 0.8675 31.9424 -2.3115 0.0096
Pedestrian -1 -1 -6.2153 847.7684 167.4003 863.6559 213.7936 1.8274 0.6117 0.5624 9.8626 1.1258 28.7051 -5.8877 0.0096
Car -1 -1 -7.7736 588.5846 169.3362 619.5264 193.2423 1.4274 1.6441 3.6404 -0.2209 0.4794 44.7981 -7.7788 0.0093
Car -1 -1 -3.0471 569.7432 169.6324 628.1033 195.6254 1.5511 1.5596 3.4263 -0.5413 0.6213 43.8141 -3.0597 0.0092
Car -1 -1 -2.9247 559.1652 168.7746 622.5139 193.7308 1.4870 1.5228 3.6282 -1.0448 0.5075 43.9268 -2.9486 0.0086
Car -1 -1 -7.6471 304.1224 170.2834 334.7589 187.8568 1.5298 1.7405 4.1681 -25.9475 0.2301 64.7809 -8.0269 0.0086
Car -1 -1 -8.0258 581.6280 173.2588 630.2772 205.7393 1.3633 1.5990 3.3729 -0.1697 0.8616 31.9737 -8.0314 0.0085
Car -1 -1 -8.1661 570.4269 172.6066 632.9333 207.4289 1.4510 1.6725 3.8454 -0.3765 0.9257 32.0419 -8.1781 0.0083
Cyclist -1 -1 -7.6024 611.2238 162.2316 631.2577 197.7844 1.8018 0.6675 1.5868 0.6749 0.6371 37.2848 -7.5847 0.0081
Car -1 -1 -2.7970 552.9035 173.3703 634.0978 204.3752 1.3050 1.5188 3.2340 -0.6514 0.8066 31.4923 -2.8178 0.0078
Car -1 -1 -2.5865 564.6936 173.3284 640.1194 205.2253 1.3335 1.5082 2.9482 -0.2790 0.8367 31.4618 -2.5956 0.0076
Cyclist -1 -1 -7.5234 257.4351 173.2917 289.2489 221.6283 1.5449 0.4335 1.6720 -11.1107 1.1639 23.8286 -7.9556 0.0074
Car -1 -1 -7.6066 306.9943 169.9984 337.6969 187.2189 1.5040 1.6787 3.8479 -25.6972 0.1751 64.8003 -7.9829 0.0073
Car -1 -1 -4.6709 596.6776 168.2458 621.9976 191.6912 1.5383 1.5669 4.2111 0.1204 0.4250 49.3022 -4.6688 0.0070
Pedestrian -1 -1 -3.4176 902.0984 165.4691 924.9473 219.7478 1.6841 0.5616 0.5252 9.5687 1.0716 22.6142 -3.0221 0.0065
Car -1 -1 -2.7911 552.1680 172.7167 633.9333 204.4040 1.3231 1.5260 3.2276 -0.6667 0.8014 31.2589 -2.8125 0.0064
Pedestrian -1 -1 -5.3732 99.0613 162.0764 135.3581 239.1718 1.8683 0.5802 0.4616 -12.1690 1.3077 17.7682 -5.9668 0.0063
Car -1 -1 -6.2785 574.6541 169.5341 640.7989 195.6791 1.5664 1.6440 3.9635 -0.0284 0.6270 43.8969 -6.2794 0.0056
Car -1 -1 -4.5787 591.8129 166.4680 623.1290 190.6379 1.6172 1.6597 4.1016 -0.0018 0.3630 50.2425 -4.5790 0.0056
Car -1 -1 -4.8359 622.4506 168.7050 650.2812 190.7577 1.5802 1.6063 3.7787 2.0713 0.3973 53.4608 -4.7977 0.0050
Car -1 -1 -8.0577 587.8039 165.0255 626.2785 189.7474 1.6586 1.7848 4.7231 -0.1308 0.3042 50.7214 -8.0606 0.0050
Car -1 -1 -4.9743 615.4289 168.8358 650.2884 191.7617 1.6353 1.6235 3.8991 1.8004 0.4671 53.3591 -4.9411 0.0049
Car -1 -1 -2.7286 562.7686 172.2389 641.5326 204.6181 1.3444 1.5510 3.0483 -0.2754 0.8058 31.1598 -2.7376 0.0048
Car -1 -1 -4.5937 595.7438 167.4862 624.9471 190.6980 1.5508 1.5514 4.2497 0.1981 0.3664 50.2306 -4.5901 0.0046
Car -1 -1 -7.5152 310.3139 170.4062 342.3567 187.2117 1.4734 1.6211 3.4867 -25.3389 0.1752 64.7944 -7.8868 0.0045
Car -1 -1 -7.7105 384.1944 170.8469 410.0583 189.1793 1.6410 1.6925 4.3636 -19.4918 0.3550 66.6261 -7.9944 0.0044
Pedestrian -1 -1 -6.0625 264.6822 173.2100 286.6919 221.0876 1.5672 0.5344 0.5588 -11.0567 1.1743 23.8496 -6.4925 0.0044
Car -1 -1 -3.1218 564.7269 169.4333 623.3762 193.5367 1.4407 1.5984 3.5057 -0.8485 0.4975 43.7682 -3.1414 0.0037
Pedestrian -1 -1 -3.1437 906.0233 162.8528 926.1893 223.3487 1.8467 0.6212 0.5684 9.5321 1.1642 22.3398 -2.7454 0.0037
Cyclist -1 -1 -7.5264 253.2824 171.7457 288.2116 221.8626 1.5855 0.4609 1.8712 -11.1309 1.1595 23.6972 -7.9614 0.0035
Car -1 -1 -2.6535 338.8898 167.3574 394.1149 187.4046 1.6793 1.7091 4.1571 -20.6024 0.1835 61.4008 -2.9761 0.0032
Cyclist -1 -1 -7.8044 516.2928 168.8747 538.6144 213.9038 1.6845 0.7750 1.7055 -3.1297 1.0734 27.7674 -7.9158 0.0030
Car -1 -1 -2.9116 470.8331 175.7795 530.1089 196.9568 1.5358 1.6509 4.0638 -7.9229 0.8517 53.1235 -3.0592 0.0026
Pedestrian -1 -1 -5.9893 773.5842 166.8319 800.9325 219.6226 1.8591 0.6416 0.8025 6.3997 1.2118 25.7955 -5.7491 0.0026
Pedestrian -1 -1 -5.8688 778.1995 168.3387 803.1997 218.8307 1.7812 0.5595 0.7048 6.5219 1.1860 25.7955 -5.6242 0.0024
Pedestrian -1 -1 -3.2272 952.7507 160.8509 975.2451 225.1343 1.8085 0.6866 0.5162 10.1734 1.1232 20.6367 -2.7749 0.0023
Pedestrian -1 -1 -5.9344 778.9839 167.2663 810.4234 219.8274 1.8307 0.6880 0.9035 6.6092 1.2057 25.5771 -5.6846 0.0023
Car -1 -1 -2.6628 331.4379 173.0265 379.0215 190.3383 1.5638 1.5273 3.8499 -23.1672 0.4629 65.9620 -2.9996 0.0022
Car -1 -1 -7.7771 599.2285 165.6204 628.2828 188.0143 1.5117 1.7167 4.5103 0.4450 0.1891 50.8475 -7.7687 0.0022
Pedestrian -1 -1 -3.0936 944.3362 164.2072 965.6609 228.7048 1.8175 0.5952 0.5279 9.9269 1.2256 20.6435 -2.6510 0.0022
Car -1 -1 -4.5006 385.8704 171.7636 413.2901 190.7606 1.6992 1.6577 3.8374 -19.1652 0.4961 66.2709 -4.7814 0.0022
Car -1 -1 -2.6615 455.5266 172.3069 512.3125 192.2101 1.6894 1.7145 4.5961 -10.7819 0.5938 62.5322 -2.8318 0.0021
Car -1 -1 -5.6963 220.6324 174.4594 273.7415 190.7802 1.5546 1.6574 4.4179 -34.8830 0.5302 69.5685 -6.1598 0.0017
Pedestrian -1 -1 -3.4387 794.3121 168.7996 818.0893 214.4584 1.6015 0.5329 0.6849 6.9897 1.0258 25.4914 -3.1742 0.0016
Cyclist -1 -1 -6.1671 500.9266 168.3186 547.2047 213.4855 1.7190 0.8679 1.6888 -3.2630 1.0761 27.7924 -6.2832 0.0016
Car -1 -1 -7.4291 260.9380 180.3510 348.4978 217.5995 1.3344 1.5955 4.0037 -11.6312 1.1603 27.7784 -7.8224 0.0015
Pedestrian -1 -1 -6.0643 0.0000 101.8671 139.2563 375.0000 1.9581 0.5953 0.5251 -2.6031 1.6154 3.3348 -6.6891 0.0013
Pedestrian -1 -1 -6.1359 259.3959 171.1109 283.1406 219.6829 1.5615 0.7144 0.6047 -11.0557 1.1082 23.5385 -6.5708 0.0013
Pedestrian -1 -1 -6.1583 773.9412 167.1912 799.2899 220.5502 1.8643 0.6818 0.7994 6.3240 1.2347 25.5775 -5.9189 0.0013
Cyclist -1 -1 -6.5327 767.2442 169.0263 808.8118 217.0878 1.7059 0.6039 1.3390 6.4243 1.1314 25.8230 -6.2918 0.0013
Car -1 -1 -2.7135 463.1230 171.7456 513.8898 190.8076 1.6196 1.5409 4.0723 -10.3503 0.4753 62.3526 -2.8776 0.0012
Car -1 -1 -4.8163 601.5084 166.4915 629.9824 189.9409 1.5464 1.5385 4.0572 0.4872 0.3118 49.4973 -4.8068 0.0012
Pedestrian -1 -1 -3.5383 781.2655 170.1447 800.3608 218.1339 1.7236 0.5329 0.5039 6.6060 1.1825 26.1206 -3.2936 0.0009
Cyclist -1 -1 -7.9631 511.7386 168.5057 537.4612 212.7286 1.6535 0.8020 1.7284 -3.2719 1.0289 27.8108 -8.0794 0.0008
Cyclist -1 -1 -4.9203 777.6553 164.2252 803.7902 213.4784 1.7238 0.6248 1.4198 6.5310 0.9893 25.8794 -4.6760 0.0005
Cyclist -1 -1 -4.9091 696.8525 159.6313 709.3860 184.3464 1.7826 0.5511 1.8902 6.9851 -0.0649 52.8783 -4.7787 0.0002
Cyclist -1 -1 -3.4130 605.2820 162.0549 640.7619 197.0855 1.7903 0.6836 1.7190 0.7550 0.6068 37.2835 -3.3932 0.0001
Cyclist -1 -1 -4.8418 698.6013 158.8602 709.5722 185.4512 1.9046 0.5423 1.9481 7.0009 0.0170 52.4631 -4.7101 0.0001
