Car -1 -1 -7.7805 716.6444 183.3487 774.1742 232.2004 1.5863 1.7382 3.6019 4.8633 1.5258 25.3067 -7.5932 0.9994
Car -1 -1 -7.6698 282.6424 193.0248 329.7991 221.5146 1.4374 1.6554 4.1871 -16.6141 1.8930 39.7052 -8.0641 0.9605
Car -1 -1 -7.7442 317.9633 186.1848 352.9261 212.2355 1.6517 1.7528 3.9276 -18.1018 1.7192 47.8541 -8.1044 0.9365
Car -1 -1 -4.2690 0.0000 211.7462 44.5345 263.6726 1.4303 1.7152 3.9144 -20.8743 2.3970 24.0749 -4.9784 0.8346
Car -1 -1 -7.7802 793.7292 180.4215 820.6196 201.0662 1.4407 1.6176 3.7600 14.4893 1.1063 52.2096 -7.5113 0.8286
Car -1 -1 -7.7196 318.6834 186.1714 353.9483 211.2691 1.5890 1.6977 3.7493 -17.9811 1.6552 47.6821 -8.0788 0.8078
Car -1 -1 -7.7747 317.4713 186.2596 351.1842 212.3132 1.6503 1.7715 4.2062 -18.2231 1.7234 47.9819 -8.1363 0.7679
Car -1 -1 -7.7722 716.5526 182.9974 775.6205 232.2818 1.6027 1.7613 3.6983 4.9068 1.5307 25.3935 -7.5838 0.7478
Car -1 -1 -7.7414 317.8765 186.1946 352.4792 211.5778 1.6075 1.7238 3.8550 -18.0874 1.6755 47.7652 -8.1019 0.7325
Car -1 -1 -7.7085 319.6011 186.7067 355.7077 212.3935 1.6261 1.6770 4.0706 -17.9789 1.7302 47.9261 -8.0660 0.7281
Car -1 -1 -4.6464 794.2620 179.7891 820.3757 200.9035 1.4624 1.5789 3.7458 14.3900 1.0867 51.8173 -4.3774 0.7084
Car -1 -1 -7.5211 65.5425 203.6727 139.3388 241.3157 1.5270 1.6333 3.7736 -23.2685 2.4319 33.1975 -8.1292 0.7006
Car -1 -1 -4.6882 794.1204 178.4073 819.2542 200.1906 1.5192 1.6733 4.2664 14.5149 1.0445 52.4168 -4.4199 0.6992
Car -1 -1 -4.3248 0.0000 210.4895 43.3507 260.4819 1.4149 1.5670 3.5767 -20.7989 2.3361 24.2532 -5.0288 0.6690
Car -1 -1 -7.6480 279.4447 191.8712 329.1788 221.5172 1.5061 1.7043 4.1882 -16.7274 1.8946 39.7330 -8.0445 0.6286
Car -1 -1 -7.7842 795.6061 180.5417 821.9641 201.2090 1.4419 1.5868 3.8879 14.6182 1.1160 52.2497 -7.5133 0.6217
Car -1 -1 -7.6374 66.9675 204.0713 132.0933 242.1388 1.5330 1.6157 4.0562 -23.4770 2.4637 33.2943 -8.2483 0.6204
Car -1 -1 -4.2267 0.0000 209.8417 45.2534 261.3716 1.4893 1.6242 3.4045 -20.9726 2.3873 24.3711 -4.9323 0.6181
Car -1 -1 -4.7596 791.6050 178.4770 818.1901 199.5911 1.4751 1.6555 4.2997 14.3339 1.0045 52.5010 -4.4949 0.5930
Car -1 -1 -7.6832 67.0198 203.8316 127.4835 241.7755 1.5340 1.6328 3.8604 -23.5337 2.4484 33.2103 -8.2965 0.5717
Car -1 -1 -7.6458 284.5697 192.0489 331.9976 221.4739 1.4983 1.6237 3.9752 -16.4942 1.8956 39.6823 -8.0378 0.4817
Car -1 -1 -4.6531 792.5402 180.2032 818.9380 200.9638 1.4281 1.6067 3.8795 14.2027 1.0835 51.5460 -4.3860 0.4517
Car -1 -1 -7.4836 0.0000 208.6852 42.5351 262.9149 1.4888 1.7134 4.1067 -20.6915 2.3411 23.8797 -8.1925 0.4359
Car -1 -1 -7.5688 62.0944 203.4103 128.8628 241.4227 1.5449 1.5530 3.5327 -23.4495 2.4284 32.9785 -8.1836 0.4312
Car -1 -1 -4.5485 791.9011 179.6753 824.1410 201.3220 1.4813 1.6082 3.9109 14.3021 1.1023 51.3044 -4.2785 0.4212
Car -1 -1 -7.5883 319.1530 186.3859 360.9521 211.9525 1.6202 1.6830 3.6893 -17.7121 1.7010 47.6418 -7.9428 0.4201
Car -1 -1 -7.0323 0.0000 208.5188 24.1939 296.7076 1.5406 1.6859 4.0976 -15.4173 2.1193 15.7558 -7.7988 0.3957
Car -1 -1 -7.2400 0.0000 208.9797 44.1659 264.4594 1.5436 1.7443 4.0971 -21.1436 2.4059 23.9514 -7.9582 0.3576
Car -1 -1 -4.1562 0.0000 205.4481 24.2264 292.1548 1.5416 1.6497 3.9443 -15.0448 2.0469 15.8528 -4.9074 0.3532
Car -1 -1 -7.5849 505.1351 184.8959 555.6555 215.2829 1.4438 1.6129 3.6319 -3.8591 1.4288 36.0781 -7.6911 0.2696
Car -1 -1 -7.3356 64.6602 204.1489 152.7291 241.3303 1.5073 1.6465 3.8216 -22.9128 2.4319 33.1245 -7.9375 0.2525
Car -1 -1 -4.8158 0.0000 210.6523 26.6185 262.2473 1.4540 1.7869 3.8089 -21.0317 2.3778 24.1439 -5.5275 0.2510
Car -1 -1 -6.7399 0.0000 208.2587 23.3709 296.8605 1.5361 1.6767 4.0948 -15.7268 2.1143 15.8222 -7.5143 0.2341
Car -1 -1 -7.0292 780.0607 179.8652 834.8351 200.5898 1.4552 1.5666 3.7584 14.4385 1.0797 52.0338 -6.7604 0.2143
Car -1 -1 -4.4760 785.7625 180.2586 823.4630 201.7348 1.4525 1.6537 4.1482 13.9346 1.1174 50.8336 -4.2103 0.1995
Car -1 -1 -4.3264 0.0000 205.4557 22.6340 293.3077 1.5422 1.6680 4.0575 -14.7834 2.0496 15.8219 -5.0698 0.1980
Car -1 -1 -4.5606 295.0262 189.8863 336.7176 217.7640 1.5259 1.6601 4.1361 -17.1372 1.8152 42.2892 -4.9439 0.1558
Car -1 -1 -4.7292 294.7925 190.3337 326.9862 218.1075 1.5105 1.6669 4.1751 -17.4757 1.8268 42.1695 -5.1203 0.1423
Car -1 -1 -7.8483 509.1246 183.0844 544.7307 214.6311 1.5062 1.6940 3.8162 -4.1061 1.4046 36.3091 -7.9605 0.1323
Car -1 -1 -7.8588 64.4418 205.3743 111.3526 243.4255 1.5181 1.6633 4.0958 -23.9646 2.5067 33.0995 -8.4822 0.1303
Car -1 -1 -6.7531 779.6256 179.6900 837.3868 200.7932 1.4853 1.5094 3.7216 14.4014 1.0965 51.7036 -6.4833 0.1128
Car -1 -1 -7.1885 501.5863 184.8688 571.0696 215.7630 1.4631 1.5825 3.5898 -3.5577 1.4468 35.9831 -7.2867 0.1017
Car -1 -1 -4.7843 840.7614 179.1741 881.7360 212.9098 1.5067 1.5432 3.7964 11.9442 1.2370 34.1391 -4.4508 0.0846
Car -1 -1 -6.0144 0.0000 209.5839 17.8703 290.6173 1.5317 1.6413 4.0807 -16.2294 2.1430 16.3211 -6.7892 0.0720
Pedestrian -1 -1 -2.8868 895.6079 168.3222 911.9292 219.0100 1.8220 0.5834 0.4192 10.7470 1.2149 26.1993 -2.5017 0.0695
Car -1 -1 -4.4495 0.0000 201.7715 23.5382 290.2490 1.5768 1.6629 4.0797 -14.5114 1.9921 15.8279 -5.1835 0.0678
Car -1 -1 -4.7463 846.8725 180.2268 884.1306 212.9946 1.4655 1.5216 3.5463 12.1293 1.2425 34.0691 -4.4073 0.0670
Car -1 -1 -4.7012 843.1234 179.3670 880.1851 212.9288 1.4951 1.5694 3.6296 11.9774 1.2348 33.9980 -4.3655 0.0661
Car -1 -1 -4.0178 830.0460 179.0598 913.7184 212.0253 1.4693 1.5229 3.9344 12.3606 1.1951 33.6883 -3.6692 0.0635
Car -1 -1 -4.0341 827.6627 179.6524 914.6609 212.6058 1.4720 1.5567 4.2154 12.3992 1.2236 33.8679 -3.6863 0.0635
Car -1 -1 -7.1148 843.2615 179.8468 925.2964 211.3843 1.4321 1.5551 3.7072 13.1174 1.1885 34.1737 -6.7515 0.0565
Pedestrian -1 -1 -2.5742 430.4487 179.6395 457.7411 236.7537 1.7986 0.5375 0.6674 -5.2794 1.6231 23.0027 -2.7977 0.0553
Car -1 -1 -4.6775 294.9814 191.2794 328.3438 218.9048 1.4866 1.6516 3.7280 -17.1228 1.8549 41.6113 -5.0660 0.0535
Car -1 -1 -7.0562 841.7126 179.5985 923.2292 210.7957 1.4065 1.5455 3.5046 12.8869 1.1534 33.8184 -6.6953 0.0523
Car -1 -1 -5.6273 35.6305 204.2584 148.6781 241.2732 1.5735 1.6628 3.9502 -23.2128 2.4557 32.3938 -6.2457 0.0495
Car -1 -1 -4.4691 850.8115 180.2144 903.7972 212.7766 1.4428 1.4949 3.7109 12.6807 1.2214 33.8067 -4.1134 0.0476
Car -1 -1 -4.5377 851.3018 180.8242 895.1929 212.7122 1.4362 1.3999 3.4054 12.6291 1.2386 34.2007 -4.1871 0.0464
Car -1 -1 -5.7950 0.0000 211.9634 18.8885 285.9449 1.4845 1.5985 3.6656 -16.2454 2.1502 16.6162 -6.5615 0.0453
Car -1 -1 -6.8927 846.8306 178.4553 935.9578 209.9708 1.4349 1.5222 3.7112 13.3239 1.1273 33.9083 -6.5215 0.0443
Car -1 -1 -3.8521 837.5778 180.0946 924.8309 211.4669 1.4118 1.5421 3.7258 12.7827 1.1815 33.7137 -3.4929 0.0417
Car -1 -1 -4.6648 836.0029 179.5264 875.6667 213.3666 1.5004 1.6030 3.8460 11.7225 1.2483 33.9548 -4.3354 0.0387
Pedestrian -1 -1 -2.6362 434.6447 179.4295 463.1541 236.3200 1.7905 0.5473 0.7149 -5.1221 1.6086 22.9887 -2.8534 0.0360
Car -1 -1 -6.4953 852.6049 177.9130 956.2780 210.3393 1.4777 1.6567 4.2654 13.8865 1.1451 33.9416 -6.1103 0.0351
Car -1 -1 -5.7056 40.4534 203.8768 159.5226 242.1842 1.6567 1.6567 4.2331 -23.1762 2.5333 32.8634 -6.3166 0.0335
Car -1 -1 -3.9696 731.6241 182.1890 788.1153 203.4701 1.5053 1.7051 4.1443 11.1597 1.2914 52.7461 -3.7626 0.0327
Car -1 -1 -5.6030 0.0000 211.5475 23.9933 281.2928 1.4799 1.6201 3.6480 -16.3207 2.1349 16.9250 -6.3627 0.0302
Car -1 -1 -6.5445 850.5026 178.4436 948.0623 210.4173 1.4508 1.5680 3.9543 13.5330 1.1437 33.6300 -6.1652 0.0296
Car -1 -1 -6.3431 856.9830 177.4713 956.9097 211.0442 1.5006 1.6543 4.2079 13.8426 1.1546 33.5916 -5.9556 0.0294
Car -1 -1 -8.0546 836.8664 180.8794 883.7834 213.2513 1.4963 1.5054 3.3116 12.1933 1.2960 34.9678 -7.7220 0.0276
Car -1 -1 -7.6770 305.4287 190.7167 353.5818 220.7599 1.5409 1.7634 4.2782 -15.4257 1.8642 39.9659 -8.0435 0.0265
Car -1 -1 -7.6775 332.3232 178.9536 366.3223 206.9591 2.1422 1.7844 4.5169 -20.5845 1.6634 57.3633 -8.0210 0.0262
Car -1 -1 -4.5461 725.5771 181.6093 755.3752 202.2270 1.4697 1.5702 3.8102 9.8511 1.2128 53.3017 -4.3647 0.0247
Car -1 -1 -7.5705 307.1812 191.1096 359.6509 220.1407 1.4891 1.6294 4.0952 -15.1562 1.8331 39.8317 -7.9323 0.0232
Car -1 -1 -7.4318 304.1024 191.5285 364.6217 219.8850 1.4477 1.6586 3.8963 -15.0068 1.8130 39.5836 -7.7924 0.0227
Car -1 -1 -4.5565 860.4601 179.7341 907.6928 211.9365 1.4277 1.5205 3.7960 13.0341 1.1848 33.8953 -4.1926 0.0209
Car -1 -1 -7.6390 333.4982 179.5483 368.1433 207.0665 2.1047 1.7511 4.1229 -20.3883 1.6714 57.1366 -7.9807 0.0199
Car -1 -1 -6.1115 61.2773 204.4329 166.7850 241.9359 1.5347 1.5966 3.7035 -22.2064 2.4419 32.4367 -6.7086 0.0167
Car -1 -1 -7.8643 872.2672 177.7100 907.1894 209.3354 1.4792 1.5325 3.8124 13.9195 1.1283 35.6759 -7.4954 0.0135
Car -1 -1 -7.6999 331.9631 179.3235 363.5302 206.3388 2.0564 1.7256 4.1944 -20.5654 1.6080 56.9414 -8.0455 0.0127
Car -1 -1 -4.0209 0.0000 200.8611 66.7111 234.9445 1.4981 1.6283 3.4201 -28.4108 2.2951 34.8939 -4.7010 0.0105
Car -1 -1 -7.9342 866.9336 176.7688 906.9871 209.3860 1.5499 1.5659 3.6828 13.9493 1.1487 36.1468 -7.5690 0.0102
Car -1 -1 -3.8092 0.0000 201.1673 66.8484 236.0301 1.5332 1.6467 3.3397 -28.6905 2.3520 35.0804 -4.4915 0.0095
Car -1 -1 -7.6399 306.4811 191.1911 354.0204 219.9547 1.4752 1.6518 3.9307 -15.3256 1.8233 39.7940 -8.0058 0.0094
Car -1 -1 -7.6486 333.3375 180.5304 365.8749 207.4120 2.0530 1.6390 4.0287 -20.4434 1.6954 57.0090 -7.9918 0.0085
Car -1 -1 -4.0711 299.8128 191.8129 364.8599 220.7833 1.4652 1.5191 3.4831 -14.9459 1.8415 39.0978 -4.4344 0.0079
Car -1 -1 -4.6754 865.3192 177.3458 906.1978 212.3383 1.5342 1.6543 3.9778 13.0274 1.1893 33.6706 -4.3095 0.0069
Car -1 -1 -7.5886 334.7733 179.1691 369.9512 206.1767 2.0621 1.6437 3.9504 -20.1901 1.6006 56.9167 -7.9284 0.0064
Car -1 -1 -7.3878 336.5984 179.8418 379.2242 206.8405 2.0657 1.5911 3.9446 -19.7953 1.6547 57.0601 -7.7208 0.0058
Pedestrian -1 -1 -4.8625 858.7828 208.4944 891.6604 295.5306 1.3089 0.4106 0.4637 4.1144 1.6811 11.2205 -4.5195 0.0020
Pedestrian -1 -1 -7.8058 567.5135 177.1194 579.7813 208.9474 1.5774 0.5812 0.7060 -1.7391 1.1763 35.9786 -7.8541 0.0014
Pedestrian -1 -1 -8.0223 567.2896 176.4309 582.0228 213.3318 1.8384 0.6148 0.8072 -1.7083 1.4009 36.2736 -8.0695 0.0010
Car -1 -1 -7.0922 352.3392 178.5784 405.3715 203.1597 2.2796 1.7780 5.2019 -22.0328 1.6642 69.3911 -7.3990 0.0008
Pedestrian -1 -1 -4.4112 861.2707 203.3325 902.2102 301.4343 1.4494 0.4604 0.5249 4.1772 1.7380 11.0974 -4.0600 0.0006
Pedestrian -1 -1 -6.7711 621.5438 179.3329 638.4648 215.8306 1.6192 0.4853 0.6008 0.9590 1.3583 32.2415 -6.7421 0.0003
Cyclist -1 -1 -4.3011 570.2460 175.5892 589.1191 209.9758 1.7170 0.5522 1.1341 -1.4552 1.2365 36.5221 -4.3410 0.0003
Cyclist -1 -1 -7.4662 303.0187 193.8041 323.8713 223.2665 1.5257 0.4538 1.6207 -15.7874 1.9956 38.5090 -7.8533 0.0002
Pedestrian -1 -1 -6.1389 59.8396 207.0894 84.1452 245.6533 1.6222 0.7375 0.7494 -23.3660 2.5904 31.3108 -6.7765 0.0001
Pedestrian -1 -1 -6.3622 62.4803 205.9179 88.1184 246.3259 1.6923 0.8461 0.8351 -23.2283 2.6111 31.3067 -6.9970 0.0001
Pedestrian -1 -1 -6.4098 64.1414 207.7239 84.3414 245.8507 1.6131 0.7396 0.6233 -23.3928 2.6136 31.4665 -7.0456 0.0000
Pedestrian -1 -1 -6.6978 65.5672 207.1106 93.3132 246.1896 1.6541 0.7612 0.7370 -23.1921 2.6294 31.5075 -7.3289 0.0000
