Car -1 -1 -4.2982 272.8201 191.7403 333.1676 223.1071 1.4715 1.6080 3.5559 -16.0467 2.5074 37.7953 -4.6976 0.9980
Car -1 -1 -4.0836 44.2413 198.6451 171.0377 245.1214 1.5019 1.7086 4.5177 -19.4354 2.5888 28.1322 -4.6840 0.9976
Car -1 -1 -4.3009 272.0372 191.7794 331.4998 223.2607 1.4826 1.6309 3.4016 -16.0934 2.5171 37.7447 -4.7018 0.8218
Car -1 -1 -4.2804 272.0806 191.6647 333.4582 223.3637 1.4870 1.6603 3.4239 -15.9977 2.5134 37.6471 -4.6800 0.7544
Car -1 -1 -4.0794 46.1473 199.8196 159.6591 244.7982 1.4673 1.6185 3.8179 -19.4221 2.5774 27.7820 -4.6852 0.7397
Pedestrian -1 -1 -6.6826 691.1060 173.5618 705.9250 198.5811 1.8270 0.5304 0.9506 6.4827 1.8792 53.0971 -6.5622 0.4648
Pedestrian -1 -1 -6.6794 743.0194 177.0377 756.4739 206.2865 1.7288 0.7329 0.5486 8.3247 1.9813 43.1812 -6.4907 0.4477
Pedestrian -1 -1 -6.3758 692.1309 173.2717 705.7455 198.4825 1.8399 0.6215 0.9376 6.4991 1.8704 52.9921 -6.2549 0.3168
Car -1 -1 -4.8881 961.4634 181.4906 994.7050 203.6794 1.6766 1.7465 3.7333 29.5885 2.3966 58.1452 -4.4199 0.0521
Car -1 -1 -4.7026 970.3017 182.9624 993.2484 203.8888 1.5795 1.6084 4.0051 30.2178 2.4313 58.6804 -4.2296 0.0475
Car -1 -1 -3.5569 783.4898 172.3713 865.6296 204.6331 1.5579 1.6010 3.5707 10.5937 1.5342 35.8680 -3.2723 0.0402
Car -1 -1 -4.2573 961.7894 183.4113 1006.7198 204.3582 1.5874 1.6556 3.9798 30.2814 2.4687 58.4001 -3.7815 0.0388
Car -1 -1 -4.7275 966.2147 183.0147 989.4218 203.6252 1.5584 1.6093 3.8953 29.8816 2.4149 58.7357 -4.2594 0.0321
Car -1 -1 -4.0794 411.9533 185.4691 454.4424 204.0359 1.5384 1.6325 4.0533 -15.8886 2.7116 64.9375 -4.3189 0.0302
Car -1 -1 -3.9594 412.4431 184.9258 459.6848 203.8757 1.5675 1.6556 4.2677 -15.6038 2.6897 64.8316 -4.1950 0.0275
Car -1 -1 -7.3992 0.0000 194.9476 74.6766 226.9898 1.5231 1.7421 4.1251 -31.4135 2.8007 39.5329 -8.0676 0.0273
Car -1 -1 -3.5551 786.2881 174.3244 869.7763 204.6155 1.4515 1.5168 3.6460 10.7012 1.5258 35.6481 -3.2662 0.0259
Car -1 -1 -4.2766 411.3327 185.6357 447.2252 204.0166 1.5289 1.6179 3.9585 -16.2659 2.7178 65.0306 -4.5212 0.0255
Car -1 -1 -3.5291 965.4211 182.2717 1029.4143 202.0987 1.5274 1.7004 4.1701 30.8794 2.2934 57.6482 -3.0400 0.0250
Car -1 -1 -7.8455 5.1285 198.0359 42.8567 230.2267 1.5125 1.5145 3.5752 -31.4317 2.9282 38.7010 -8.5244 0.0238
Cyclist -1 -1 -8.8720 932.0043 177.0213 1003.8691 238.6752 1.6058 0.5809 1.7110 9.7386 1.7249 19.7889 -8.4212 0.0224
Car -1 -1 -3.9164 957.2612 183.7724 1011.8504 204.8366 1.6136 1.6882 3.8092 30.1032 2.5126 58.0597 -3.4407 0.0222
Pedestrian -1 -1 -7.1327 800.9366 172.5741 822.7159 217.5910 1.8257 0.6605 0.5555 8.2592 1.8140 29.6910 -6.8646 0.0205
Car -1 -1 -3.8299 961.3644 183.7589 1019.7814 203.7766 1.5379 1.6534 4.0212 30.5412 2.4324 57.9851 -3.3477 0.0201
Car -1 -1 -4.8449 959.3199 182.8174 988.4059 203.7140 1.5847 1.6122 3.7968 29.5524 2.4239 58.7365 -4.3812 0.0194
Cyclist -1 -1 -8.9161 928.1588 177.5553 999.5352 238.7626 1.5897 0.5956 1.6699 9.5977 1.7234 19.7244 -8.4698 0.0189
Car -1 -1 -7.1410 0.0000 194.4793 87.4617 225.3061 1.4806 1.6678 3.8025 -30.7885 2.7170 39.3211 -7.8022 0.0180
Car -1 -1 -4.0462 410.9294 184.7972 454.4579 204.7988 1.6591 1.6689 4.0011 -15.8541 2.7641 64.6062 -4.2863 0.0174
Car -1 -1 -4.9292 953.1171 182.9486 986.1691 203.7900 1.5835 1.6442 3.6639 29.1924 2.4322 58.7111 -4.4702 0.0171
Car -1 -1 -4.4708 410.9783 185.9684 440.1928 204.2125 1.5186 1.6271 4.0548 -16.5982 2.7369 65.0153 -4.7202 0.0155
Car -1 -1 -3.3262 959.0406 183.3650 1019.1333 205.5290 1.6896 1.6583 4.0121 30.2237 2.5497 57.6868 -2.8462 0.0149
Car -1 -1 -3.4574 950.2993 183.3792 1012.4671 204.9000 1.6646 1.5740 4.1571 29.7723 2.5262 57.9868 -2.9856 0.0146
Car -1 -1 -4.3571 1.6907 190.9094 68.7582 227.5854 1.6758 1.5571 3.4464 -29.1857 2.6408 36.6977 -5.0256 0.0141
Car -1 -1 -7.6899 3.2838 197.2386 54.6322 226.8064 1.3927 1.5939 3.6075 -31.5243 2.7830 39.1861 -8.3642 0.0141
Car -1 -1 -7.2429 0.0000 194.6160 81.6092 225.8701 1.5040 1.6754 3.8394 -31.0716 2.7516 39.4150 -7.9074 0.0141
Car -1 -1 -4.4350 733.2952 172.2163 765.7546 195.8728 1.6519 1.4300 3.4231 10.0976 1.6071 52.2348 -4.2454 0.0131
Car -1 -1 -4.2493 734.0265 172.3808 772.8356 194.7859 1.5653 1.4392 3.2864 10.3594 1.5319 52.1497 -4.0546 0.0130
Car -1 -1 -3.9582 732.8749 171.2952 780.8752 194.0211 1.5865 1.4810 3.3739 10.5569 1.4774 51.9504 -3.7591 0.0127
Car -1 -1 -4.2760 411.7755 185.6384 447.7599 204.5043 1.5642 1.6395 3.8891 -16.1374 2.7466 64.6881 -4.5199 0.0127
Car -1 -1 -3.3650 964.6434 183.1331 1023.9047 204.9794 1.6613 1.6479 3.8879 30.4854 2.4972 57.3926 -2.8793 0.0124
Car -1 -1 -5.2894 942.2233 183.0259 990.2614 204.3043 1.6115 1.6507 3.8560 28.8384 2.4655 58.5853 -4.8344 0.0100
Car -1 -1 -7.5820 787.3718 171.8856 840.0323 203.4292 1.5134 1.6781 3.5804 10.3283 1.4666 36.5834 -7.3093 0.0099
Car -1 -1 -3.1632 945.2240 183.3148 999.9319 204.3811 1.6070 1.5184 3.8874 29.0966 2.4705 58.0620 -2.7012 0.0097
Car -1 -1 -4.7166 680.8155 179.6885 703.6643 203.9571 1.5932 1.5299 4.0355 5.7246 2.0923 50.6331 -4.6052 0.0096
Car -1 -1 -3.4072 407.8697 186.7925 457.7399 205.3743 1.5553 1.6104 4.0571 -15.8809 2.8358 64.6137 -3.6477 0.0096
Car -1 -1 -3.1695 951.9034 182.5905 1010.6984 205.0581 1.7033 1.5992 4.1298 29.6025 2.5034 57.7044 -2.6980 0.0096
Car -1 -1 -4.1860 410.2285 183.1231 451.5114 204.4770 1.7797 1.8320 3.9608 -15.9563 2.7263 64.3697 -4.4284 0.0094
Car -1 -1 -3.9770 0.4985 196.7175 90.4569 226.7517 1.4305 1.5557 4.0965 -31.0581 2.8162 39.8063 -4.6365 0.0081
Car -1 -1 -4.7565 412.1019 186.3296 432.4957 204.4277 1.4897 1.5915 4.1694 -16.9390 2.7437 64.9328 -5.0111 0.0079
Car -1 -1 -4.1105 0.0000 196.6194 70.5695 231.2171 1.6101 1.5239 4.0677 -31.0092 2.9473 38.5249 -4.7851 0.0078
Car -1 -1 -3.6969 729.2467 171.5499 785.5380 195.2089 1.6463 1.5283 3.6921 10.5006 1.5553 51.5682 -3.4975 0.0073
Car -1 -1 -7.1089 0.0000 196.1172 82.4616 227.3666 1.4765 1.6445 3.7501 -30.7701 2.7930 38.9067 -7.7749 0.0070
Car -1 -1 -7.5962 731.9641 173.6076 768.1996 195.0919 1.4960 1.5793 4.2157 10.2291 1.5530 52.6416 -7.4057 0.0067
Car -1 -1 -3.2809 733.2858 171.9662 790.6712 195.5445 1.6469 1.5955 3.8052 10.7419 1.5846 51.3187 -3.0760 0.0063
Pedestrian -1 -1 -7.7591 804.0732 172.2057 822.3658 215.7072 1.7538 0.6615 0.6869 8.2750 1.7274 29.5282 -7.4890 0.0062
Car -1 -1 -3.6123 1085.9816 196.1529 1232.2460 243.8476 1.5895 1.6521 3.9239 19.8611 2.4757 26.3108 -2.9718 0.0058
Car -1 -1 -5.4571 1073.5542 195.1497 1194.4569 243.8387 1.5604 1.5815 3.6074 19.2353 2.4449 26.7443 -4.8396 0.0058
Car -1 -1 -3.3279 408.8698 185.4376 459.7551 205.6829 1.7001 1.7374 4.1555 -15.6743 2.8498 64.2888 -3.5665 0.0056
Car -1 -1 -3.9818 0.0000 197.9711 64.5166 233.0434 1.6084 1.4058 3.9402 -30.9955 2.9992 37.9594 -4.6632 0.0053
Car -1 -1 -3.8178 1117.5084 199.9016 1241.0000 247.8140 1.6036 1.5888 3.5604 20.4966 2.6044 25.8891 -3.1545 0.0051
Car -1 -1 -4.6725 806.7314 178.5300 849.5585 215.9779 1.4923 1.6482 4.2455 9.5981 1.7594 31.7176 -4.3818 0.0044
Car -1 -1 -3.6203 1098.1731 199.0155 1234.0205 245.6570 1.5344 1.5235 3.5739 19.8658 2.5135 25.9643 -2.9734 0.0040
Car -1 -1 -5.1306 1079.4517 193.8357 1172.2466 243.6341 1.5956 1.4451 3.5192 18.8198 2.4218 26.5561 -4.5201 0.0040
Pedestrian -1 -1 -7.7674 1134.5850 169.3033 1154.2163 205.7863 1.9108 0.7857 0.6639 28.3275 1.7246 38.2998 -7.1347 0.0038
Car -1 -1 -4.8442 1127.0105 196.7551 1202.3278 244.5308 1.4679 1.6579 3.7455 20.0240 2.4045 26.2465 -4.1987 0.0036
Car -1 -1 -4.2277 1111.6560 197.8104 1215.7271 245.9670 1.5646 1.5439 3.5946 20.2326 2.5286 26.4199 -3.5803 0.0036
Car -1 -1 -5.3976 391.8112 185.4056 439.9876 205.5416 1.6777 1.7439 4.4494 -17.4265 2.8364 64.6228 -5.6604 0.0036
Car -1 -1 -4.3081 0.0000 190.2449 66.2271 230.2594 1.8208 1.5575 3.7092 -29.3542 2.7498 36.5616 -4.9812 0.0033
Car -1 -1 -6.2559 22.2182 188.9982 137.3949 225.2011 1.7379 1.8047 4.8807 -28.2981 2.6500 38.6566 -6.8847 0.0032
Car -1 -1 -6.5823 0.0000 0.0000 1241.0000 374.0000 1.5473 1.5894 3.6655 -4.1966 1.6703 1.4041 -7.7708 0.0030
Car -1 -1 -8.9619 0.0000 0.0000 1241.0000 374.0000 1.5495 1.5897 3.5786 3.8828 1.6032 1.2537 -7.7710 0.0030
Car -1 -1 -3.4807 0.0000 0.0000 1241.0000 374.0000 1.5820 1.6050 3.7930 -5.0418 1.7052 1.7874 -4.6619 0.0030
Car -1 -1 -9.0118 0.0000 0.0000 1241.0000 374.0000 1.5403 1.5907 3.5855 4.6623 1.5976 1.3034 -7.7715 0.0030
Car -1 -1 -5.5395 1053.4270 190.9964 1179.7688 240.9555 1.5958 1.5328 3.7226 18.3983 2.3111 26.4747 -4.9382 0.0030
Car -1 -1 -4.7453 1116.8362 194.6739 1177.6959 245.9292 1.6360 1.6530 3.8578 19.8549 2.5097 26.8428 -4.1145 0.0029
Car -1 -1 -5.4947 390.5662 184.6319 442.4305 204.8915 1.6933 1.7079 4.6256 -17.3135 2.7755 64.4174 -5.7566 0.0029
Car -1 -1 -5.5060 1092.2052 192.3136 1241.0000 246.3556 1.6184 1.8691 4.3164 19.5799 2.3675 25.5144 -4.8578 0.0027
Car -1 -1 -2.4527 0.0000 198.3236 54.8706 231.0951 1.6003 1.7873 4.6681 -31.9948 2.9596 37.5934 -3.1545 0.0026
Pedestrian -1 -1 -7.1446 806.0023 166.9270 836.0896 216.5162 1.9867 0.7818 0.9018 8.5774 1.7490 29.4818 -6.8647 0.0024
Cyclist -1 -1 -6.1533 803.8327 168.2397 848.3032 213.9127 1.8222 0.7481 1.6593 8.7795 1.6378 29.4651 -5.8670 0.0023
Car -1 -1 -5.2530 1083.8936 192.8585 1216.6128 248.0392 1.7235 1.9108 4.2939 19.4966 2.5161 26.3735 -4.6226 0.0023
Car -1 -1 -4.8352 954.5322 180.0583 990.8194 205.7372 1.4196 1.4573 3.8418 21.5745 1.8702 43.0963 -4.3742 0.0023
Cyclist -1 -1 -7.4831 744.5956 168.5550 760.6736 193.1110 1.7336 0.5144 1.8137 10.2247 1.4298 51.8420 -7.2897 0.0021
Car -1 -1 -2.8421 404.0358 185.2918 455.0398 205.7101 1.7551 1.7138 4.0769 -16.0458 2.8776 64.1689 -3.0866 0.0019
Car -1 -1 -5.3667 1074.4247 195.0403 1185.3676 245.9043 1.6310 1.5804 3.2955 18.7647 2.4903 26.2789 -4.7527 0.0018
Cyclist -1 -1 -1.9936 152.6364 184.3871 181.7878 217.1128 1.8906 0.7045 2.0638 -26.5360 2.5944 43.1734 -2.5422 0.0017
Car -1 -1 -4.7661 282.3857 181.1289 305.0055 199.2220 1.6419 1.7857 4.1134 -30.6252 2.4674 69.7646 -5.1786 0.0016
Cyclist -1 -1 -6.3821 803.4988 166.5464 851.2656 211.9729 1.8209 0.7889 1.7957 8.8187 1.5678 29.4788 -6.0946 0.0015
Pedestrian -1 -1 -6.3648 1009.0429 171.5663 1024.7838 211.3609 1.8885 0.6668 0.6029 19.5068 1.8271 34.6704 -5.8564 0.0015
Cyclist -1 -1 -1.9459 147.1753 181.4628 173.0044 215.2082 1.9620 0.7069 1.7917 -26.9692 2.4867 43.1869 -2.5016 0.0012
Pedestrian -1 -1 -4.7006 905.0558 164.5460 927.1810 218.2720 1.7800 0.6784 0.5718 10.2622 1.5044 24.3015 -4.3059 0.0010
Cyclist -1 -1 -7.7958 154.0916 183.5370 164.0426 215.1982 1.7355 0.3808 1.6465 -25.6017 2.3531 40.9148 -8.3523 0.0010
Car -1 -1 -4.2860 277.9333 181.3984 313.7104 198.9863 1.6042 1.6835 3.9546 -30.3360 2.4532 69.7361 -4.6952 0.0009
Car -1 -1 -5.6508 1072.8843 188.1027 1241.0000 246.2688 1.7739 1.9747 4.5283 19.2870 2.3697 25.7481 -5.0142 0.0009
Cyclist -1 -1 -4.6381 888.6706 169.9533 901.6859 196.1651 1.6322 0.6395 1.8686 18.1177 1.4513 45.9105 -4.2647 0.0008
Cyclist -1 -1 -3.0458 113.1062 176.9725 154.9037 215.3834 2.0456 0.8048 1.8347 -25.9923 2.2745 39.3770 -3.6264 0.0006
Cyclist -1 -1 -4.6275 884.5513 168.9570 899.1519 195.1641 1.6296 0.7136 1.8849 17.8905 1.3870 45.8691 -4.2581 0.0005
Cyclist -1 -1 -7.7880 148.4364 183.1452 160.1461 216.0052 1.7874 0.4518 1.5608 -25.6339 2.3766 40.5379 -8.3492 0.0004
Cyclist -1 -1 -2.6378 116.6901 174.4571 161.6482 212.0701 2.0492 0.9237 1.8681 -26.0459 2.1386 39.8820 -3.2134 0.0004
Pedestrian -1 -1 -3.8647 1049.2085 169.6936 1070.7833 206.5461 1.8760 0.6953 0.6417 23.1111 1.7148 37.1272 -3.3119 0.0002
