Car -1 -1 -4.4054 351.9554 182.4685 430.7918 227.0235 1.4824 1.6696 3.9968 -8.0841 1.8671 26.8868 -4.6952 0.9998
Car -1 -1 -4.3808 351.3671 181.8052 431.8614 227.1083 1.5105 1.6858 3.8590 -8.0507 1.8670 26.7967 -4.6704 0.7854
Pedestrian -1 -1 -6.2021 93.8837 179.3423 128.9827 268.3795 1.7377 0.6893 0.5255 -10.1134 1.8724 14.5744 -6.8004 0.7531
Pedestrian -1 -1 -6.1823 95.5023 177.9930 131.2897 268.4896 1.7627 0.6965 0.5227 -10.0458 1.8690 14.5340 -6.7788 0.5951
Car -1 -1 -7.9053 361.7921 177.3762 402.6440 214.0938 1.6578 1.7065 3.6393 -11.1528 1.8898 35.0731 -8.2114 0.4422
Car -1 -1 -4.4804 361.3176 177.9256 415.6409 214.4875 1.6312 1.6399 3.9065 -10.6338 1.8893 34.7485 -4.7756 0.3475
Car -1 -1 -7.7162 361.8286 175.8057 410.3382 213.8469 1.7394 1.7368 3.9841 -10.9627 1.8926 35.4232 -8.0146 0.3419
Cyclist -1 -1 -4.0164 375.8270 177.0299 410.9126 216.0444 1.7714 0.6553 1.6744 -10.1891 1.9722 33.8508 -4.3071 0.3165
Car -1 -1 -7.8758 362.7181 177.3805 402.4199 214.5508 1.6805 1.7544 3.8512 -11.1864 1.9145 35.2404 -8.1814 0.3078
Car -1 -1 -7.5172 369.2285 176.9816 427.5887 213.2234 1.6657 1.6807 3.4909 -10.3407 1.8779 35.3580 -7.8001 0.2996
Cyclist -1 -1 -4.3179 381.0632 178.1309 407.5873 215.1400 1.6861 0.6305 1.5942 -10.1707 1.9400 33.9342 -4.6073 0.2929
Car -1 -1 -4.7546 614.2747 176.6561 639.9421 200.9363 1.5106 1.5201 3.6690 1.0564 1.7694 47.3197 -4.7328 0.2514
Car -1 -1 -7.8465 364.5457 176.6603 403.4312 214.3318 1.7155 1.7262 4.1393 -11.1480 1.9144 35.5392 -8.1487 0.2398
Car -1 -1 -8.0332 350.3359 178.1431 402.7792 215.4275 1.6726 1.7395 4.0246 -11.4697 1.9461 35.1726 -8.3466 0.2322
Car -1 -1 -7.5807 363.4436 175.4635 420.8244 213.3557 1.7495 1.7158 3.8789 -10.6931 1.8848 35.5372 -7.8713 0.2114
Car -1 -1 -8.0535 343.7489 178.0578 396.9304 215.3056 1.6595 1.6977 3.8890 -11.6613 1.9257 34.8449 -8.3745 0.1647
Car -1 -1 -4.7920 617.2212 176.9465 644.8262 200.8438 1.4860 1.5220 3.5556 1.3118 1.7642 47.3029 -4.7649 0.1518
Car -1 -1 -2.5008 217.6315 188.0279 283.5583 209.5928 1.4697 1.6543 4.0757 -25.9180 2.5880 52.0128 -2.9613 0.1400
Car -1 -1 -7.8030 379.5375 175.4186 420.1334 214.1429 1.7796 1.7146 4.0116 -10.3471 1.9135 35.5924 -8.0843 0.1372
Cyclist -1 -1 -4.2197 386.0823 176.2863 415.9108 214.4883 1.7475 0.6717 1.6038 -9.8791 1.9130 34.0135 -4.5007 0.1131
Pedestrian -1 -1 -6.1979 96.2826 180.2015 130.6737 268.3402 1.6991 0.6960 0.5046 -9.9576 1.8498 14.4074 -6.7943 0.0918
Cyclist -1 -1 -7.7499 340.4900 184.3716 348.7212 211.1317 1.6942 0.3376 1.6303 -17.3998 2.4610 47.2277 -8.1014 0.0897
Cyclist -1 -1 -3.0812 382.3523 176.5877 417.7263 214.0498 1.7321 0.6469 1.5618 -9.9074 1.9100 33.9459 -3.3635 0.0881
Pedestrian -1 -1 -6.4255 338.5793 183.1749 348.6648 211.1806 1.7914 0.6480 0.5283 -17.3370 2.4674 46.8669 -6.7783 0.0857
Car -1 -1 -2.3828 335.4135 177.6442 421.4570 214.4289 1.6836 1.7599 3.8198 -11.2972 1.9268 35.0675 -2.6926 0.0850
Pedestrian -1 -1 -7.4330 390.4624 175.9966 408.6329 214.5405 1.7916 0.6583 0.5354 -9.9260 1.9403 33.8988 -7.7162 0.0818
Car -1 -1 -4.4930 619.9309 175.0559 654.1505 199.5480 1.5300 1.5162 3.5195 1.7755 1.6798 47.3082 -4.4562 0.0710
Cyclist -1 -1 -7.7577 341.6203 183.8910 349.4638 210.9111 1.7198 0.3267 1.6497 -17.4203 2.4582 47.4509 -8.1081 0.0671
Car -1 -1 -7.9313 388.7782 175.4735 430.8257 214.1126 1.7792 1.6976 3.9585 -9.9818 1.9161 35.6653 -8.2026 0.0651
Car -1 -1 -2.5768 328.9239 178.3908 418.3175 213.9750 1.6336 1.7228 3.7642 -11.4277 1.9105 34.8276 -2.8920 0.0632
Pedestrian -1 -1 -6.5190 340.9836 183.5813 352.4553 210.7800 1.7467 0.6305 0.5721 -17.2169 2.4528 47.0903 -6.8680 0.0620
Car -1 -1 -4.6411 624.0198 176.9383 651.6219 200.9207 1.4758 1.5385 3.7514 1.8133 1.7526 47.0118 -4.6033 0.0600
Car -1 -1 -2.6924 213.4622 187.7030 282.5318 209.2419 1.4820 1.6603 4.1109 -25.9224 2.5631 51.6889 -3.1555 0.0576
Pedestrian -1 -1 -7.7715 390.2651 178.2239 407.0202 217.0295 1.7842 0.7007 0.6286 -9.8965 2.0372 33.6580 -8.0558 0.0557
Pedestrian -1 -1 -6.5166 340.0468 182.7075 351.2797 211.3183 1.8281 0.6606 0.5468 -17.1879 2.4730 46.8220 -6.8669 0.0529
Pedestrian -1 -1 -6.5337 337.8409 183.5144 349.9169 210.8196 1.7516 0.6928 0.5863 -17.4026 2.4537 47.0906 -6.8862 0.0467
Cyclist -1 -1 -7.7182 83.9433 179.8502 123.9613 275.2998 1.7461 0.4056 1.7066 -9.9729 1.8915 14.1771 -8.3227 0.0465
Car -1 -1 -3.0390 323.0953 179.1074 411.5381 214.4628 1.6028 1.6881 3.8405 -11.5320 1.9113 34.3902 -3.3606 0.0406
Cyclist -1 -1 -7.7018 338.5755 184.2705 348.6745 211.8267 1.7343 0.3707 1.6466 -17.3618 2.4903 46.9536 -8.0545 0.0275
Car -1 -1 -3.0554 315.6818 179.6615 405.5410 215.4913 1.6027 1.6950 3.8742 -11.7313 1.9358 34.0541 -3.3852 0.0270
Car -1 -1 -7.2753 243.2726 178.7677 285.8215 197.6939 1.5764 1.5918 3.7116 -30.2586 2.1105 63.2578 -7.7201 0.0237
Pedestrian -1 -1 -3.5982 776.9506 166.8607 814.3698 244.8050 1.7928 0.5359 0.6823 4.2996 1.6547 16.9303 -3.3545 0.0204
Car -1 -1 -7.1629 245.0780 178.3032 289.4712 196.7354 1.5348 1.5538 3.6287 -29.9873 2.0264 63.1839 -7.6046 0.0191
Car -1 -1 -3.2302 322.4614 178.7425 410.5088 214.3951 1.5793 1.6397 3.7992 -11.5072 1.8686 33.9753 -3.5548 0.0188
Car -1 -1 -2.9029 311.7849 179.8106 408.4495 215.2579 1.6154 1.6928 4.0583 -11.8564 1.9559 34.3156 -3.2336 0.0181
Car -1 -1 -7.4519 242.2319 178.3288 280.2282 198.0295 1.6459 1.6358 3.8156 -30.5724 2.1407 63.3057 -7.9004 0.0176
Cyclist -1 -1 -7.6117 341.3828 184.1614 353.4194 211.3040 1.7172 0.3564 1.6379 -17.1956 2.4692 47.1753 -7.9598 0.0174
Cyclist -1 -1 -2.0671 328.5564 183.4615 347.5618 210.5419 1.7243 0.4099 1.6877 -17.8298 2.4284 47.2052 -2.4267 0.0164
Car -1 -1 -4.9209 643.4397 175.4374 693.9879 211.1973 1.5737 1.5940 3.8763 2.6676 1.7027 34.0722 -4.8440 0.0133
Car -1 -1 -4.2289 322.9303 180.0227 402.9126 218.7974 1.5757 1.6419 4.1399 -10.9963 1.9179 32.2983 -4.5550 0.0129
Car -1 -1 -3.2205 315.2698 179.0080 406.2958 216.0270 1.6224 1.6698 3.8979 -11.6735 1.9225 33.6791 -3.5521 0.0128
Cyclist -1 -1 -7.5123 342.9545 183.9102 356.5410 210.4987 1.6962 0.3327 1.5728 -17.1480 2.4353 47.4706 -7.8575 0.0115
Pedestrian -1 -1 -3.1310 773.2899 170.0554 781.3662 221.7578 1.7007 0.4378 0.2591 5.5138 1.6083 23.9772 -2.9083 0.0107
Car -1 -1 -6.4394 386.5459 175.9948 470.8039 213.0351 1.7093 1.6121 3.7621 -8.8432 1.8679 35.0256 -6.6853 0.0099
Car -1 -1 -6.2031 385.5753 176.6487 472.8855 212.5932 1.6648 1.6352 3.9635 -8.6875 1.8533 34.7851 -6.4465 0.0081
Cyclist -1 -1 -7.6631 340.1602 183.3887 352.8715 211.7449 1.7788 0.4382 1.8196 -17.1480 2.4768 46.8896 -8.0123 0.0080
Car -1 -1 -4.7226 1139.8123 185.0553 1168.8193 206.2841 1.4880 1.7108 3.9679 41.4972 2.4551 55.1021 -4.0801 0.0063
Car -1 -1 -4.7322 1136.0354 185.5166 1165.3177 206.6317 1.4890 1.7077 3.9681 41.5350 2.5001 55.5238 -4.0930 0.0061
Cyclist -1 -1 -8.0380 332.6482 183.5201 343.9384 211.1188 1.7531 0.3737 1.7855 -17.8722 2.4656 47.3589 -8.3973 0.0054
Car -1 -1 -4.6040 656.2115 179.9524 704.0085 219.5406 1.4964 1.5350 4.5397 2.9890 1.8196 30.5048 -4.5079 0.0049
Car -1 -1 -7.7627 0.0000 170.8854 28.3359 199.0975 1.8394 1.9431 4.5088 -41.3584 1.7107 49.4507 -8.4567 0.0049
Car -1 -1 -1.7042 0.0000 171.5873 21.9472 200.5942 1.8720 1.8887 4.3139 -41.3565 1.7899 48.7128 -2.4055 0.0046
Car -1 -1 -4.8028 1199.2560 181.5797 1238.7716 205.1419 1.4922 1.6960 3.9719 41.5876 2.1146 49.3780 -4.1062 0.0045
Cyclist -1 -1 -7.9896 334.4576 183.1843 344.6764 210.0437 1.7133 0.3897 1.8167 -17.8797 2.4073 47.6028 -8.3475 0.0043
Car -1 -1 -5.2871 645.7993 176.0120 726.4791 214.5414 1.5487 1.5612 4.0030 3.2003 1.6955 31.4888 -5.1873 0.0042
Car -1 -1 -4.5297 0.0000 171.9383 34.1605 194.8098 1.5163 1.6239 3.7212 -41.2398 1.4552 49.8550 -5.2183 0.0040
Car -1 -1 -4.7631 1191.5159 179.9397 1227.8867 203.0089 1.4927 1.7216 4.0531 41.5905 2.0058 50.1429 -4.0740 0.0038
Car -1 -1 -7.3038 340.1660 184.2541 391.9288 209.6122 1.5671 1.5458 3.7670 -16.3391 2.3634 48.4060 -7.6280 0.0037
Cyclist -1 -1 -2.3600 331.4448 184.0973 355.4460 210.5649 1.6908 0.4257 1.6482 -17.4302 2.4325 47.0846 -2.7130 0.0036
Cyclist -1 -1 -2.5131 330.1196 184.8318 357.0836 211.7346 1.7166 0.4538 1.7029 -17.3459 2.5021 46.8897 -2.8660 0.0035
Car -1 -1 -4.6241 657.4122 180.9179 702.5621 220.1361 1.4729 1.5410 3.8198 2.9152 1.8298 29.9466 -4.5287 0.0034
Car -1 -1 -4.7894 663.6116 178.1193 709.9894 217.9689 1.5490 1.6012 4.6675 3.1830 1.7922 31.0200 -4.6887 0.0034
Car -1 -1 -2.8801 154.5556 193.1895 219.9595 221.2627 1.5675 1.5319 3.0778 -25.2282 2.8137 43.0869 -3.4074 0.0033
Car -1 -1 -4.5413 0.0000 172.9430 38.7206 195.0281 1.4859 1.6294 3.6809 -41.4582 1.4921 50.5662 -5.2256 0.0033
Car -1 -1 -7.7083 657.8239 181.8764 710.2010 219.8594 1.4316 1.6070 4.2847 3.1585 1.8418 30.5501 -7.6070 0.0033
Car -1 -1 -7.0807 340.9516 182.6076 399.9034 209.3268 1.6531 1.5713 3.7326 -15.9619 2.3308 48.1387 -7.3996 0.0032
Pedestrian -1 -1 -3.4587 770.2265 166.4099 781.7991 219.0463 1.7498 0.4849 0.2372 5.5277 1.5353 24.2388 -3.2377 0.0032
Car -1 -1 -6.4502 637.2281 176.9421 731.8063 209.2110 1.4518 1.5235 4.1811 3.3872 1.6469 33.5929 -6.3511 0.0031
Car -1 -1 -7.5723 341.3164 184.9631 380.3978 209.1539 1.5042 1.5351 3.6298 -16.7527 2.3500 48.5682 -7.9031 0.0030
Car -1 -1 -4.7259 0.0000 172.9223 19.2915 196.9106 1.5723 1.5832 3.5215 -41.3517 1.5768 49.1533 -5.4228 0.0030
Car -1 -1 -5.7184 332.0962 184.2556 397.5552 210.5598 1.6358 1.6500 3.7551 -16.0540 2.4010 47.1960 -6.0449 0.0029
Car -1 -1 -4.4265 188.5901 185.1807 231.9959 212.2295 1.5460 1.5292 3.0699 -24.5922 2.3330 44.4201 -4.9298 0.0029
Cyclist -1 -1 -8.1148 637.0718 179.6606 653.6478 212.4200 1.4533 0.4068 1.4007 1.5698 1.7715 33.0395 -8.0683 0.0029
Pedestrian -1 -1 -6.6366 776.3945 167.5017 789.4290 221.2522 1.7854 0.4921 0.2698 5.7567 1.6073 24.2281 -6.4067 0.0028
Car -1 -1 -2.8624 125.3994 191.0166 211.2491 220.8082 1.6502 1.7383 4.0418 -26.2826 2.7671 43.0109 -3.4084 0.0023
Cyclist -1 -1 -7.7315 642.7109 180.3048 656.3472 213.3146 1.4626 0.4553 1.4391 1.7753 1.8114 33.0566 -7.6790 0.0022
Pedestrian -1 -1 -3.8170 836.9835 164.6605 874.9581 258.3017 1.8503 0.5840 0.4624 4.9229 1.6881 14.6120 -3.4991 0.0021
Car -1 -1 -6.2791 641.9059 175.6393 734.2004 209.8704 1.5180 1.5193 4.1175 3.5284 1.6494 33.1346 -6.1745 0.0020
Car -1 -1 -7.7691 341.8476 186.3838 370.6075 209.2492 1.4093 1.5290 3.5882 -17.1157 2.3580 48.6812 -8.1058 0.0018
Car -1 -1 -7.8836 326.1926 184.0669 354.1201 209.4510 1.5610 1.6381 4.2769 -18.2709 2.3528 48.6816 -8.2412 0.0017
Car -1 -1 -4.3881 190.4071 184.0887 236.1002 211.4879 1.5756 1.5926 2.9857 -24.4100 2.2921 44.4219 -4.8883 0.0017
Car -1 -1 -7.7493 659.8570 180.4452 707.6482 219.9841 1.4880 1.5869 3.8789 3.0807 1.8250 30.0056 -7.6486 0.0013
Cyclist -1 -1 -5.2524 79.6661 181.4211 149.4881 270.2479 1.7143 0.4311 1.5496 -10.0482 1.8929 14.5474 -5.8486 0.0011
Cyclist -1 -1 -8.1992 633.8647 179.6384 653.2045 212.6328 1.4745 0.3815 1.5677 1.5003 1.7956 33.3803 -8.1553 0.0011
Cyclist -1 -1 -7.6637 89.3730 177.3451 133.7906 272.9030 1.7945 0.4277 1.5968 -10.0059 1.8892 14.4443 -8.2612 0.0010
Pedestrian -1 -1 -3.2364 827.6400 159.7723 861.6153 265.1291 2.0813 0.6754 0.5875 4.6998 1.8226 14.6450 -2.9327 0.0008
Car -1 -1 -6.1990 638.1160 174.4349 739.1713 212.9937 1.6859 1.6137 4.4586 3.5657 1.7603 32.8629 -6.0925 0.0008
Car -1 -1 -7.8131 329.4298 183.5837 358.1435 208.9058 1.5620 1.6410 4.3347 -17.9850 2.3215 48.7831 -8.1649 0.0008
Car -1 -1 -7.9253 336.0032 184.1844 366.2860 209.3383 1.5528 1.6339 4.1594 -17.5672 2.3536 48.7849 -8.2696 0.0006
Cyclist -1 -1 -7.5920 86.1232 179.5742 134.5650 270.8131 1.7269 0.3913 1.6165 -10.1403 1.8704 14.6065 -8.1905 0.0003
