Car -1 -1 -2.7083 170.7572 177.8574 336.5860 240.7144 1.5320 1.5787 3.4801 -9.1115 1.6660 18.5381 -3.1598 0.9999
Car -1 -1 -4.9427 678.6155 163.9623 737.3560 206.0713 1.7643 1.7102 4.0362 4.2691 1.3914 32.3248 -4.8131 0.9979
Car -1 -1 -4.6678 514.3593 174.8373 554.0718 209.2307 1.4770 1.6445 3.9553 -3.4777 1.5737 33.2428 -4.7717 0.9962
Car -1 -1 -4.6942 514.4846 174.7301 552.0574 209.4642 1.4938 1.6229 4.1930 -3.5565 1.5860 33.4238 -4.7998 0.9282
Pedestrian -1 -1 -4.5552 947.9824 171.4969 976.1039 225.8104 1.5763 0.6676 0.5949 10.3812 1.5367 21.3755 -4.1090 0.8799
Car -1 -1 -4.9315 677.5795 164.3775 736.1875 206.6344 1.7678 1.6857 4.3270 4.2258 1.4128 32.4156 -4.8035 0.8421
Car -1 -1 -4.9205 679.5233 163.1755 738.1622 206.3267 1.8078 1.7628 4.1587 4.3104 1.4020 32.3697 -4.7897 0.8409
Pedestrian -1 -1 -4.4713 948.2188 169.7870 978.3329 224.9146 1.5985 0.6546 0.7161 10.4330 1.5092 21.4059 -4.0237 0.8085
Pedestrian -1 -1 -4.9363 463.7857 182.5469 480.2181 222.0669 1.4686 0.4968 0.5720 -5.2785 1.8406 27.3519 -5.1257 0.7551
Car -1 -1 -4.6251 513.3087 173.6498 555.7911 209.8051 1.5487 1.5966 3.8769 -3.4294 1.5869 32.9432 -4.7285 0.7460
Car -1 -1 -7.9016 600.9167 168.6597 623.1208 188.6689 1.7264 1.7683 4.4324 0.1243 1.3642 64.5085 -7.9000 0.6921
Car -1 -1 -4.6384 514.2071 174.2681 556.1125 209.0573 1.4955 1.6308 3.8922 -3.4226 1.5640 33.1448 -4.7409 0.6895
Car -1 -1 -7.8408 603.4680 168.7833 622.8958 187.6907 1.6318 1.6772 4.0861 0.2857 1.2802 64.3301 -7.8367 0.6698
Car -1 -1 -7.9595 598.6010 168.9077 622.3503 188.1706 1.6615 1.6954 4.0306 -0.0120 1.3208 64.3283 -7.9600 0.6204
Car -1 -1 -4.6468 511.5138 174.8524 553.5437 210.0507 1.5052 1.6581 4.0112 -3.5391 1.6023 33.1243 -4.7529 0.5984
Car -1 -1 -4.7735 601.5887 169.3189 622.4655 187.1774 1.5382 1.6186 3.8116 0.1302 1.2334 64.0965 -4.7718 0.5698
Pedestrian -1 -1 -6.1086 649.3046 171.0533 663.1410 197.3479 1.7232 0.5261 0.8337 3.0203 1.6049 47.6391 -6.0461 0.5346
Pedestrian -1 -1 -4.9571 465.2627 181.7641 482.5703 221.4784 1.4759 0.5159 0.5946 -5.2080 1.8182 27.3623 -5.1440 0.4946
Pedestrian -1 -1 -4.6017 950.6183 171.3228 974.9177 225.3989 1.5610 0.5786 0.6606 10.3481 1.5165 21.2619 -4.1547 0.4806
Pedestrian -1 -1 -7.9666 462.6720 180.5907 478.8494 221.3731 1.5089 0.5241 0.7015 -5.3100 1.8054 27.2655 -8.1576 0.4719
Car -1 -1 -8.1129 597.0403 168.7404 628.9039 188.5413 1.7059 1.7100 4.6595 0.1986 1.3512 64.6316 -8.1102 0.4671
Car -1 -1 -8.2350 591.7762 168.6776 628.3478 188.6367 1.7204 1.6703 4.6230 -0.0636 1.3601 64.6511 -8.2363 0.4244
Car -1 -1 -7.9857 597.3755 169.4219 621.7095 187.4369 1.5509 1.6728 3.7895 -0.0935 1.2551 64.1060 -7.9874 0.4229
Car -1 -1 -4.7329 532.4367 174.9403 560.9368 201.6329 1.4698 1.5673 3.7832 -3.7578 1.5967 42.0051 -4.8220 0.4068
Pedestrian -1 -1 -6.4555 650.9649 172.2784 661.0421 197.6984 1.6724 0.6803 0.5571 3.0151 1.6343 47.8404 -6.3934 0.3772
Car -1 -1 -4.6031 532.8857 175.2025 565.2088 201.3744 1.4453 1.4888 3.6393 -3.5453 1.5877 42.0131 -4.6872 0.3467
Car -1 -1 -4.5171 530.7670 174.8610 570.6073 201.3304 1.4629 1.5677 4.0777 -3.4612 1.5862 42.3143 -4.5986 0.3347
Car -1 -1 -8.1298 592.1314 168.5787 624.5423 189.1231 1.7673 1.7652 4.3607 -0.2129 1.3992 64.4084 -8.1334 0.3227
Car -1 -1 -4.5072 529.1621 175.1404 568.4271 202.1106 1.4677 1.5611 3.5288 -3.5056 1.6045 41.4240 -4.5915 0.3124
Pedestrian -1 -1 -4.7768 466.0511 180.9825 481.1915 222.0915 1.5198 0.5185 0.6712 -5.1930 1.8305 27.2190 -4.9641 0.2709
Car -1 -1 -4.8372 524.2730 174.5022 561.4748 202.1298 1.5176 1.6570 4.0623 -3.9954 1.6183 42.0550 -4.9318 0.2210
Car -1 -1 -4.6105 526.2828 174.9750 561.4732 202.4948 1.4882 1.6301 3.7338 -3.7659 1.6145 41.1846 -4.7016 0.2168
Car -1 -1 -5.0054 512.6619 172.7089 562.2200 202.1345 1.6222 1.7254 4.1986 -4.3199 1.6139 42.0463 -5.1076 0.2068
Car -1 -1 -5.5172 508.9690 175.0871 573.2192 201.4983 1.4567 1.6251 3.5799 -4.0534 1.5913 41.8397 -5.6136 0.1860
Car -1 -1 -2.3676 583.3060 169.0529 631.6548 188.2400 1.6547 1.6468 4.4154 -0.2792 1.3266 64.3527 -2.3723 0.1844
Car -1 -1 -8.0860 594.9705 169.5409 621.9446 187.3734 1.5279 1.6080 3.5321 -0.1881 1.2438 63.7281 -8.0893 0.1784
Car -1 -1 -2.5396 499.2313 175.3997 568.1218 201.8611 1.4570 1.5750 3.7099 -4.4471 1.6091 41.6079 -2.6459 0.1635
Car -1 -1 -5.0557 516.7729 174.9979 564.3737 201.9246 1.4730 1.5684 3.7514 -4.1059 1.6030 41.8248 -5.1534 0.1435
Car -1 -1 -5.5802 509.7869 175.0679 576.1614 201.2345 1.4521 1.6984 3.6089 -3.9593 1.5862 42.0631 -5.6739 0.1329
Car -1 -1 -5.4952 499.5470 174.4384 568.4812 201.5990 1.4982 1.6011 4.0327 -4.4815 1.5941 41.9135 -5.6014 0.1297
Car -1 -1 -4.4470 519.3289 175.0871 565.7762 203.0092 1.4775 1.6165 3.9766 -3.7753 1.6094 40.6140 -4.5395 0.1276
Car -1 -1 -4.7173 522.8552 175.5864 554.3785 203.0550 1.4714 1.7029 4.1128 -4.1253 1.6352 41.2092 -4.8169 0.1230
Car -1 -1 -2.8101 485.7865 175.2979 563.4883 202.1019 1.4754 1.6405 4.0929 -4.8886 1.6187 41.1758 -2.9280 0.1224
Car -1 -1 -2.7489 495.5930 175.5857 565.5818 201.7465 1.4398 1.5705 3.6536 -4.5639 1.6004 41.2391 -2.8589 0.1200
Car -1 -1 -4.4905 533.4619 175.9854 571.4213 201.9101 1.4240 1.4511 3.5714 -3.3396 1.6139 41.9546 -4.5699 0.1172
Car -1 -1 -5.1073 508.2496 174.9511 560.4581 202.1595 1.4822 1.6389 3.8526 -4.4564 1.6091 41.7096 -5.2135 0.1065
Car -1 -1 -5.8395 510.4899 175.4822 575.0648 201.3714 1.4357 1.5794 3.3537 -3.9048 1.5917 41.5975 -5.9330 0.1048
Pedestrian -1 -1 -4.2972 432.4769 185.5838 449.7647 229.6708 1.2904 0.3635 0.4192 -5.0784 1.6736 21.4970 -4.5270 0.0943
Car -1 -1 -2.9426 500.4141 175.0504 568.8369 201.1279 1.4405 1.5679 3.6264 -4.2881 1.5678 40.9697 -3.0466 0.0936
Car -1 -1 -4.3964 532.4488 175.6607 577.3614 201.6185 1.4304 1.4853 3.9040 -3.2113 1.6026 42.2812 -4.4722 0.0934
Pedestrian -1 -1 -7.1233 659.1780 165.4180 675.7510 197.7139 1.9088 0.6369 0.7699 3.4004 1.4690 43.1410 -7.0456 0.0839
Car -1 -1 -5.7400 582.6350 168.6526 633.4214 187.8667 1.6646 1.8341 4.1842 -0.2089 1.3003 64.3706 -5.7436 0.0747
Car -1 -1 -5.9573 509.9632 175.8475 575.4392 201.0403 1.3935 1.5202 3.4270 -3.8747 1.5693 41.3134 -6.0506 0.0668
Pedestrian -1 -1 -7.7995 834.8073 165.4048 855.4211 214.7535 1.6297 0.6285 0.6301 7.8521 1.3834 24.2344 -7.4902 0.0474
Car -1 -1 -5.0434 588.8747 168.6466 621.6613 187.4217 1.6049 1.6722 4.0449 -0.4790 1.2449 63.8616 -5.0511 0.0461
Car -1 -1 -4.5338 535.9659 176.6792 572.1680 201.9697 1.3615 1.4348 3.6995 -3.1968 1.5904 41.3339 -4.6110 0.0436
Car -1 -1 -3.0515 492.4721 175.2475 562.7922 201.4328 1.4478 1.5711 3.8327 -4.6630 1.5858 40.8755 -3.1648 0.0431
Car -1 -1 -5.5539 581.2813 169.0280 627.6348 188.1904 1.6518 1.5923 4.1003 -0.5399 1.3217 64.1472 -5.5626 0.0415
Car -1 -1 -3.0989 518.8102 175.8954 581.3142 201.7540 1.4661 1.5513 3.5583 -3.4858 1.6462 41.9542 -3.1817 0.0368
Car -1 -1 -3.1958 520.3907 174.1518 588.2382 199.8590 1.4624 1.6558 3.8726 -3.3222 1.5400 42.2312 -3.2742 0.0348
Pedestrian -1 -1 -4.4527 824.4689 166.0206 847.1506 214.7547 1.6084 0.5712 0.6966 7.5471 1.3825 24.2594 -4.1550 0.0308
Car -1 -1 -4.5272 524.1586 174.8604 564.6858 202.4872 1.4562 1.5630 3.9170 -3.6520 1.5737 40.3493 -4.6173 0.0271
Cyclist -1 -1 -4.6707 467.4439 179.1661 483.0604 221.6720 1.5614 0.5280 1.3699 -5.1609 1.8074 27.4336 -4.8554 0.0226
Car -1 -1 -4.4857 515.5773 174.7361 562.2103 203.4042 1.4893 1.6550 4.2669 -3.9145 1.5991 39.9972 -4.5831 0.0212
Pedestrian -1 -1 -3.3615 1028.6901 158.3006 1048.1421 207.6697 1.6634 0.5795 0.4524 14.5878 1.1728 24.6560 -2.8327 0.0180
Cyclist -1 -1 -7.9240 840.7563 166.1275 859.0562 215.1065 1.5573 0.4478 1.6395 7.8522 1.3432 23.7917 -7.6094 0.0179
Car -1 -1 -3.4350 488.4043 174.2329 568.5129 201.6820 1.4717 1.5960 4.1739 -4.5981 1.5516 40.4007 -3.5480 0.0176
Car -1 -1 -5.6943 582.0928 168.8660 627.5456 187.6475 1.6185 1.5797 3.7824 -0.4937 1.2746 63.8781 -5.7023 0.0166
Pedestrian -1 -1 -7.9760 845.7029 167.5696 865.1729 214.0191 1.5353 0.5549 0.5209 8.1667 1.3604 24.1601 -7.6541 0.0122
Car -1 -1 -4.5276 542.9799 177.2310 580.0485 202.3212 1.3480 1.4672 3.6967 -2.7712 1.6103 41.3592 -4.5945 0.0121
Cyclist -1 -1 -8.0875 833.7413 167.1189 861.2585 216.2035 1.5850 0.4985 1.6371 7.8807 1.3995 24.1346 -7.7759 0.0102
Car -1 -1 -4.2623 507.7437 174.2112 564.6168 202.3286 1.4720 1.5232 4.0851 -4.0814 1.5514 40.1644 -4.3634 0.0099
Cyclist -1 -1 -8.0634 848.7781 169.5368 872.1553 215.9237 1.4710 0.3978 1.5648 8.1601 1.3655 23.6821 -7.7359 0.0093
Pedestrian -1 -1 -4.2111 424.3231 185.3720 444.1875 230.1368 1.3081 0.4178 0.4345 -5.2827 1.6853 21.4959 -4.4498 0.0076
Cyclist -1 -1 -7.5297 334.9197 171.0106 364.5499 220.0939 1.5143 0.4474 1.4510 -8.3258 1.4571 22.9900 -7.8738 0.0051
Pedestrian -1 -1 -5.7618 591.5581 169.1886 604.3706 188.8204 1.7112 0.5532 0.9798 -1.0805 1.3914 63.3712 -5.7791 0.0049
Car -1 -1 -7.4877 456.8785 170.8429 514.0418 200.2902 1.4277 1.5855 3.9383 -6.3674 1.3299 37.0686 -7.6569 0.0046
Cyclist -1 -1 -7.5319 322.5410 173.2718 358.4225 223.8264 1.5510 0.5523 1.7252 -8.6258 1.5645 23.0217 -7.8870 0.0043
Cyclist -1 -1 -4.5491 462.1238 181.6354 481.0412 222.6695 1.5029 0.4951 1.3388 -5.2913 1.8442 27.3913 -4.7387 0.0042
Car -1 -1 -4.1028 457.2032 172.4682 521.4089 199.1556 1.3253 1.6830 3.3699 -6.2961 1.3058 37.7136 -4.2674 0.0039
Car -1 -1 -1.8109 0.0000 177.1446 0.0000 374.0000 1.4160 1.6232 3.8820 -6.0921 1.4486 4.0697 -2.7620 0.0036
Car -1 -1 -4.0114 460.8083 172.5318 523.3260 198.7213 1.3198 1.6566 3.0901 -6.2293 1.3033 38.1127 -4.1726 0.0032
Car -1 -1 -3.9150 0.0000 151.7673 0.0000 374.0000 1.5049 1.6603 3.8384 -8.2305 1.3951 5.7606 -4.8530 0.0031
Car -1 -1 -8.9641 0.0000 0.0000 1241.0000 374.0000 1.5528 1.5869 3.5755 3.8814 1.5493 1.2461 -7.7715 0.0030
Car -1 -1 -6.4919 0.0000 0.0000 1241.0000 374.0000 1.5560 1.6002 3.6768 -5.7963 1.7160 1.4576 -7.7708 0.0030
Car -1 -1 -6.5211 0.0000 0.0000 1241.0000 374.0000 1.5367 1.5856 3.6012 -5.0009 1.6655 1.3790 -7.7709 0.0030
Car -1 -1 -3.4746 0.0000 193.8209 0.0000 374.0000 1.5349 1.5912 3.6837 -5.8370 1.6493 2.0702 -4.6623 0.0030
Car -1 -1 -8.9363 0.0000 0.0000 1241.0000 374.0000 1.5603 1.5800 3.5456 3.4766 1.5570 1.2004 -7.7721 0.0030
Car -1 -1 -8.9894 0.0000 0.0000 1241.0000 374.0000 1.5512 1.5835 3.5624 4.2431 1.5594 1.2727 -7.7726 0.0030
Car -1 -1 -6.5587 0.0000 0.0000 1241.0000 374.0000 1.5269 1.5768 3.5350 -4.1906 1.6382 1.2873 -7.7710 0.0030
Car -1 -1 -9.0091 0.0000 0.0000 1241.0000 374.0000 1.5372 1.5893 3.5892 4.6533 1.5561 1.3177 -7.7720 0.0030
Car -1 -1 -3.9314 490.6250 172.3727 566.2286 201.6949 1.5358 1.5805 4.3171 -4.4941 1.5103 39.9751 -4.0430 0.0027
Pedestrian -1 -1 -5.6096 589.9955 169.6360 601.9198 189.0183 1.6895 0.5465 0.9037 -1.2575 1.4087 63.3870 -5.6297 0.0026
Pedestrian -1 -1 -5.5878 589.3041 169.5967 601.4232 189.4940 1.7377 0.6242 0.8685 -1.3123 1.4529 63.5301 -5.6087 0.0024
Cyclist -1 -1 -8.2360 841.3417 165.5745 874.2033 212.6228 1.5110 0.4283 1.6825 8.1837 1.2769 24.0250 -7.9118 0.0021
Pedestrian -1 -1 -5.6903 591.3459 169.6636 603.8995 189.4427 1.7270 0.6719 0.8798 -1.1127 1.4481 63.5226 -5.7081 0.0019
Car -1 -1 -2.5342 200.9353 182.4696 361.9391 227.8941 1.3099 1.6613 4.4274 -10.2690 1.6263 22.5456 -2.9575 0.0016
Car -1 -1 -4.3041 505.1789 174.2552 563.7950 203.2900 1.4975 1.6162 4.3497 -4.1240 1.5789 39.7547 -4.4072 0.0011
Pedestrian -1 -1 -3.3045 740.4541 165.0020 748.4100 196.4181 1.4820 0.5335 0.2873 6.3493 1.1113 34.3076 -3.1234 0.0008
Cyclist -1 -1 -6.1341 451.8315 181.3076 489.9049 222.5620 1.5408 0.5429 1.3529 -5.3152 1.8646 27.3700 -6.3247 0.0002
