Car -1 -1 -4.2775 0.0000 192.1403 331.0813 373.0000 1.5215 1.6530 4.3379 -4.4443 1.6695 7.7209 -4.7914 0.9997
Pedestrian -1 -1 -8.0423 363.4576 170.3839 388.4357 224.6392 1.7399 0.6133 0.9456 -7.4398 1.3839 23.5979 -8.3497 0.9358
Pedestrian -1 -1 -7.8946 454.3882 171.4818 466.9663 202.5670 1.7824 0.6786 0.8375 -8.1707 1.2081 41.6769 -8.0921 0.9296
Pedestrian -1 -1 -8.1174 509.4069 169.2707 532.9859 218.5654 1.7498 0.6072 0.9953 -2.9421 1.3161 26.0732 -8.2338 0.8699
Pedestrian -1 -1 -8.1429 491.5172 171.5030 513.2066 219.2877 1.6856 0.5405 0.8809 -3.5942 1.3334 25.8524 -8.2849 0.8556
Pedestrian -1 -1 -8.1650 360.1701 170.6692 388.8498 224.5445 1.7259 0.6194 0.9987 -7.4870 1.3794 23.5985 -8.4742 0.8444
Pedestrian -1 -1 -4.9635 678.9017 150.7312 723.2905 248.3961 1.8080 0.6350 0.8805 1.8568 1.2390 13.7741 -4.8374 0.8438
Pedestrian -1 -1 -7.9024 453.5422 171.6333 466.3945 202.5712 1.7737 0.6862 0.8718 -8.2146 1.2082 41.6901 -8.1008 0.7892
Cyclist -1 -1 -4.2428 4.4282 137.3821 281.9049 373.0000 1.7510 0.6248 1.7508 -2.6186 1.5432 4.2874 -4.7716 0.7683
Pedestrian -1 -1 -4.9315 680.8318 152.3649 722.2984 248.7537 1.7804 0.6062 0.8435 1.8586 1.2428 13.7160 -4.8047 0.7322
Pedestrian -1 -1 -7.9876 453.8727 171.9580 467.7000 202.5033 1.7526 0.6755 0.8628 -8.1753 1.2052 41.7328 -8.1849 0.6672
Pedestrian -1 -1 -8.0025 453.0021 172.3213 466.7151 202.5589 1.7354 0.6530 0.8940 -8.2341 1.2087 41.7574 -8.2010 0.6182
Pedestrian -1 -1 -7.5118 24.2681 179.5995 112.3782 335.0343 1.7034 0.6265 0.6658 -6.1703 1.6833 8.2806 -8.1431 0.5319
Pedestrian -1 -1 -3.6404 542.1382 167.7315 579.2599 238.3568 1.7491 0.5913 0.7482 -1.0711 1.4087 18.2400 -3.7036 0.5267
Pedestrian -1 -1 -7.2037 1205.0062 132.7548 1237.0000 247.2533 1.9107 0.4875 0.3108 10.6329 1.0979 12.2590 -6.5049 0.5255
Pedestrian -1 -1 -8.0633 491.8240 171.1615 512.1006 219.4491 1.6960 0.5442 0.8791 -3.5928 1.3333 25.7361 -8.2058 0.5218
Pedestrian -1 -1 -3.7376 538.3405 168.1580 573.3789 238.7694 1.7499 0.6032 0.6629 -1.1936 1.4198 18.2434 -3.8074 0.4886
Pedestrian -1 -1 -5.2949 58.8266 168.4438 84.3232 224.8166 1.7887 0.5305 0.3953 -17.0712 1.3749 23.1096 -5.9308 0.4250
Cyclist -1 -1 -4.0684 0.0000 135.3198 276.4067 373.0000 1.7907 0.6140 1.7188 -2.7416 1.5745 4.2603 -4.6199 0.4017
Pedestrian -1 -1 -8.2524 504.4297 170.4082 530.2715 219.3559 1.7404 0.6162 0.9296 -3.0833 1.3464 26.0973 -8.3740 0.3920
Pedestrian -1 -1 -6.1151 332.4428 169.7303 353.8792 220.5766 1.7754 0.6402 0.6188 -9.1709 1.3649 25.4530 -6.4628 0.3559
Pedestrian -1 -1 -3.4959 599.7136 160.5038 638.0521 268.8753 1.7191 0.5113 0.4734 0.2353 1.3867 11.7150 -3.4819 0.3406
Pedestrian -1 -1 -8.0585 491.6473 172.1778 511.5373 219.2488 1.6726 0.5374 0.9021 -3.6482 1.3418 26.0412 -8.2015 0.2505
Pedestrian -1 -1 -5.3110 333.6302 169.7102 360.0758 221.0121 1.7836 0.6470 0.6164 -9.0315 1.3741 25.4174 -5.6544 0.2279
Pedestrian -1 -1 -6.2889 331.7658 171.7251 351.1832 222.3412 1.7513 0.6169 0.6349 -9.1661 1.4135 25.2539 -6.6390 0.2195
Pedestrian -1 -1 -6.6288 570.0879 164.6909 587.1775 195.4371 1.8082 0.6917 0.8282 -1.3578 0.8198 42.7207 -6.6654 0.2091
Pedestrian -1 -1 -7.2056 331.8631 171.1131 358.8596 221.8975 1.7575 0.6466 0.6285 -9.0245 1.3984 25.2554 -7.5507 0.2063
Pedestrian -1 -1 -6.5954 568.2138 164.7994 585.8881 196.0089 1.8347 0.6933 0.8772 -1.4515 0.8530 42.7041 -6.6342 0.2048
Pedestrian -1 -1 -4.0632 599.6152 161.7361 642.1773 270.4728 1.6924 0.5089 0.4591 0.2676 1.3855 11.5184 -4.0461 0.1899
Pedestrian -1 -1 -4.2625 56.4587 132.9774 258.0515 373.0000 1.7705 0.6799 0.9122 -2.6277 1.5155 4.2688 -4.7945 0.1854
Pedestrian -1 -1 -4.3116 84.8563 143.4082 265.7592 373.0000 1.7044 0.6599 0.8780 -2.6234 1.4954 4.4294 -4.8278 0.1568
Pedestrian -1 -1 -8.3138 499.4023 170.9530 527.5035 220.1109 1.7373 0.6543 0.9427 -3.2080 1.3650 25.9608 -8.4408 0.1497
Car -1 -1 -4.6038 466.9300 174.6672 487.1683 189.9375 1.4752 1.5923 3.8389 -12.2873 0.8147 71.3624 -4.7786 0.1303
Car -1 -1 -4.3074 465.7113 174.3000 496.1630 189.6516 1.4795 1.6098 3.8451 -11.8802 0.7852 71.2847 -4.4769 0.1276
Pedestrian -1 -1 -5.4377 54.4907 170.6184 82.6163 228.0172 1.8047 0.5554 0.4601 -17.0158 1.4630 22.9050 -6.0763 0.1035
Car -1 -1 -4.1487 466.9833 174.0589 501.5616 189.3968 1.4774 1.5805 3.8600 -11.5483 0.7603 71.2771 -4.3136 0.1009
Car -1 -1 -6.7926 426.1075 169.5650 478.1469 188.5430 1.6291 1.7043 4.2275 -13.1816 0.6044 63.6963 -7.0007 0.1001
Cyclist -1 -1 -7.5005 329.6824 170.4896 361.7388 222.6765 1.7822 0.5461 1.6124 -9.0281 1.4066 25.3400 -7.8447 0.0860
Car -1 -1 -4.9167 461.4427 174.6881 485.8888 189.7884 1.4546 1.6093 3.9188 -12.6685 0.7981 71.3146 -5.0968 0.0825
Pedestrian -1 -1 -5.3546 1162.5576 133.3167 1237.0000 259.5760 1.7878 0.6036 0.6507 8.7138 1.1062 10.5067 -4.6796 0.0730
Pedestrian -1 -1 -4.8340 778.0247 166.0568 810.8500 253.3239 1.4001 0.4617 0.4538 3.1142 1.1530 11.7791 -4.5863 0.0698
Pedestrian -1 -1 -4.7878 717.3171 152.5289 746.0687 236.7214 1.7224 0.5274 0.7920 2.6923 1.1303 15.1139 -4.6197 0.0680
Pedestrian -1 -1 -5.4065 856.0143 142.9155 914.0439 253.8146 1.6896 0.6121 0.5924 4.4181 1.1024 11.3244 -5.0476 0.0541
Pedestrian -1 -1 -4.3312 693.5048 153.6232 731.5350 235.0162 1.6973 0.5529 0.8125 2.3585 1.1166 15.4697 -4.1876 0.0479
Pedestrian -1 -1 -5.7778 178.1091 173.1289 202.7016 227.6120 1.7032 0.5735 0.4563 -13.0389 1.4419 22.7457 -6.2986 0.0471
Cyclist -1 -1 -7.2989 323.5411 172.0059 365.6011 223.5187 1.7437 0.5878 1.6976 -9.0165 1.4228 25.2076 -7.6443 0.0457
Car -1 -1 -7.2123 423.4247 170.7399 465.6476 189.4132 1.6031 1.6301 3.9575 -13.8627 0.6791 63.8073 -7.4302 0.0454
Car -1 -1 -4.4935 0.0000 197.2950 21.2257 353.4620 1.4846 1.6027 4.0980 -9.0592 1.7405 9.4377 -5.2503 0.0442
Car -1 -1 -7.0007 424.7516 170.3008 472.0229 189.1596 1.6172 1.6690 3.9947 -13.5048 0.6566 63.7004 -7.2136 0.0395
Car -1 -1 -4.2915 0.0000 197.4302 26.4867 355.1465 1.4733 1.6307 4.1092 -9.3592 1.7307 9.3665 -5.0683 0.0385
Pedestrian -1 -1 -4.8917 788.4963 171.7435 817.6247 243.3430 1.3925 0.4687 0.4974 3.9497 1.2034 14.2378 -4.6311 0.0370
Car -1 -1 -4.4461 0.0000 202.8047 32.9807 347.6579 1.4291 1.6165 3.8264 -9.2363 1.7808 9.7652 -5.1960 0.0361
Pedestrian -1 -1 -4.6596 584.9540 203.4984 605.0596 263.2107 1.0520 0.3480 0.3685 -0.1568 1.4561 12.9861 -4.6770 0.0358
Pedestrian -1 -1 -4.8864 648.1440 187.2538 678.1388 262.4365 1.2502 0.4204 0.5245 1.0050 1.3514 12.2704 -4.8120 0.0318
Pedestrian -1 -1 -4.8376 571.7846 170.4154 595.4727 235.0472 1.6472 0.5365 0.6253 -0.5017 1.3652 18.6582 -4.8695 0.0308
Car -1 -1 -6.7562 426.6633 169.8623 477.2754 188.6770 1.6125 1.6735 4.0672 -13.1592 0.6149 63.4966 -6.9646 0.0269
Cyclist -1 -1 -8.1460 704.6666 156.5738 754.9808 237.3138 1.6138 0.5320 1.8154 2.6632 1.1162 15.2924 -7.9817 0.0253
Car -1 -1 -4.5314 0.0000 203.6505 34.8076 347.7443 1.4011 1.5326 3.9162 -8.9342 1.7642 9.6876 -5.2686 0.0241
Pedestrian -1 -1 -5.5209 863.1326 140.5528 922.5082 250.0053 1.6642 0.6285 0.6002 4.5438 1.0423 11.3276 -5.1525 0.0234
Pedestrian -1 -1 -4.7063 632.4451 177.4601 666.7956 263.2049 1.4196 0.5682 0.6276 0.7735 1.3534 12.2240 -4.6500 0.0222
Car -1 -1 -7.5522 424.2961 171.2480 454.5054 189.5280 1.5721 1.5743 3.7873 -14.3055 0.6902 63.7267 -7.7770 0.0199
Pedestrian -1 -1 -5.2307 861.8607 140.9282 917.6880 252.6874 1.6719 0.5527 0.6361 4.4005 1.0656 11.1032 -4.8666 0.0163
Pedestrian -1 -1 -4.4417 1173.8170 119.4784 1237.0000 318.5640 1.6602 0.5049 0.3915 5.3538 1.1437 6.3096 -3.7637 0.0155
Cyclist -1 -1 -7.3695 522.6342 172.9782 557.4850 224.8187 1.6370 0.4820 1.5376 -2.0195 1.3684 23.4863 -7.4596 0.0155
Car -1 -1 -7.7808 424.8549 171.2304 445.7179 189.6894 1.5846 1.5377 3.9283 -14.6785 0.7028 63.7243 -8.0112 0.0146
Car -1 -1 -4.6373 0.0000 207.4867 42.1268 343.2445 1.3292 1.4663 3.7995 -8.6107 1.7533 9.7446 -5.3534 0.0143
Cyclist -1 -1 -7.2559 526.1772 170.2888 569.1826 223.9170 1.6891 0.6249 1.5819 -1.7679 1.3364 23.4666 -7.3354 0.0138
Car -1 -1 -4.8140 0.0000 203.1718 69.1623 345.7289 1.4160 1.5169 4.0635 -8.5993 1.7667 9.6642 -5.5335 0.0134
Car -1 -1 -6.5567 428.1002 169.6814 478.7551 188.7565 1.6335 1.6977 4.0562 -12.9865 0.6212 63.2057 -6.7634 0.0124
Car -1 -1 -8.0150 593.2043 186.3562 729.1306 303.4538 1.3635 1.3824 2.7618 0.6548 1.4410 9.9282 -7.9567 0.0117
Pedestrian -1 -1 -7.2613 414.5034 176.1964 433.0484 204.3693 1.7605 0.8566 0.7669 -11.2203 1.4292 45.3954 -7.5074 0.0098
Pedestrian -1 -1 -4.5376 1153.3102 110.8236 1237.0000 301.8484 1.6227 0.6159 0.4009 5.3429 1.0231 6.4652 -3.8719 0.0095
Car -1 -1 -4.4843 517.9151 174.7955 562.4164 199.3415 1.2276 1.5401 3.7820 -3.1853 0.8925 37.9066 -4.5725 0.0083
Cyclist -1 -1 -8.2383 588.6227 165.0634 673.9064 298.4547 1.7114 0.5423 1.8058 0.3301 1.5012 10.1567 -8.2124 0.0065
Pedestrian -1 -1 -4.8057 1175.4677 133.3357 1237.0000 269.0164 1.9722 0.6566 0.9066 9.2149 1.2728 11.0007 -4.1253 0.0061
Pedestrian -1 -1 -5.1635 1158.6252 133.5623 1237.0000 268.9704 2.0179 0.6941 0.9439 9.3257 1.3042 11.2425 -4.4877 0.0055
Cyclist -1 -1 -2.6033 584.7593 165.8242 696.8702 271.2617 1.6705 0.7605 1.7530 0.6107 1.4228 12.1804 -2.5599 0.0049
Pedestrian -1 -1 -5.3067 1172.4667 131.7753 1237.0000 262.0603 1.9158 0.7331 0.8997 9.4411 1.1853 11.0457 -4.6163 0.0047
Pedestrian -1 -1 -5.3209 1164.5414 134.1576 1237.0000 263.2712 1.9345 0.7134 0.8930 9.4542 1.2258 11.2345 -4.6380 0.0047
Pedestrian -1 -1 -4.5600 1144.1508 111.4670 1237.0000 307.4468 1.6269 0.5978 0.4458 5.1472 1.0463 6.3333 -3.9028 0.0045
Car -1 -1 -4.4724 529.6868 173.6423 583.4549 205.3447 1.3898 1.6158 4.0270 -2.0435 1.0456 33.6146 -4.5377 0.0045
Car -1 -1 -6.5910 0.0000 0.0000 1237.0000 373.0000 1.5543 1.6246 3.6647 -3.4326 1.5912 1.0260 -7.8086 0.0045
Car -1 -1 -4.7721 410.7459 173.8661 436.6036 198.4069 1.5542 1.4456 3.2074 -11.7069 1.0708 47.2403 -5.0187 0.0044
Pedestrian -1 -1 -4.4758 1126.2089 106.0360 1229.5873 299.0627 1.6374 0.6566 0.4108 5.1369 0.9980 6.4776 -3.8300 0.0044
Car -1 -1 -6.5799 0.0000 0.0000 1237.0000 373.0000 1.5491 1.6250 3.6461 -3.7994 1.5726 1.0483 -7.8242 0.0039
Car -1 -1 -4.5947 536.9392 173.1601 579.5347 203.2640 1.3548 1.5998 3.9242 -2.0196 0.9797 34.3296 -4.6580 0.0037
Car -1 -1 -6.3889 0.0000 0.0000 1237.0000 373.0000 1.5008 1.5990 3.6832 -3.0413 1.6115 0.4264 -7.7426 0.0035
Car -1 -1 -6.5344 0.0000 0.0000 1237.0000 373.0000 1.5789 1.6289 3.6413 -4.1814 1.6224 1.0424 -7.8083 0.0034
Car -1 -1 -6.4084 0.0000 0.0000 1237.0000 373.0000 1.4900 1.5846 3.6641 -2.6148 1.5875 0.3964 -7.7382 0.0032
Car -1 -1 -4.7040 542.5703 172.1715 577.4771 202.5125 1.4010 1.6114 3.8875 -2.0320 0.9705 35.1536 -4.7663 0.0032
Car -1 -1 -6.4320 0.0000 0.0000 1237.0000 373.0000 1.4902 1.5889 3.6838 -2.2487 1.6002 0.3646 -7.7369 0.0031
Car -1 -1 -6.2465 0.0000 0.0000 1237.0000 373.0000 1.4494 1.6138 3.8064 -3.3940 1.6187 -0.1407 -7.7864 0.0030
Car -1 -1 -4.7111 549.6178 171.0549 584.7175 202.3949 1.4180 1.5884 3.8177 -1.6645 0.9457 34.4488 -4.7640 0.0030
Cyclist -1 -1 -8.2274 611.0472 167.8347 681.9653 270.7822 1.6252 0.6375 1.6198 0.6890 1.4101 12.2096 -8.1778 0.0025
Car -1 -1 -4.5781 404.3777 176.5854 433.7192 198.7737 1.4097 1.4824 3.1005 -11.9607 1.0975 47.2656 -4.8297 0.0022
Cyclist -1 -1 -8.4544 907.9675 149.3892 1019.5211 268.9915 1.5783 0.5558 1.6815 5.1140 1.1553 10.3534 -8.0108 0.0017
Cyclist -1 -1 -8.0322 387.1302 177.8226 401.8956 207.0762 1.4503 0.4378 1.5883 -10.5064 1.2682 36.4204 -8.3162 0.0008
Cyclist -1 -1 -8.1164 487.5646 171.5105 513.6061 219.7473 1.6880 0.5209 1.6217 -3.6839 1.3388 25.9854 -8.2610 0.0002
Cyclist -1 -1 -8.0348 490.9805 172.3967 513.0289 220.3171 1.6695 0.5001 1.5832 -3.6135 1.3527 25.8560 -8.1775 0.0001
Cyclist -1 -1 -8.0185 502.5740 170.3418 525.2701 219.6198 1.7273 0.5648 1.5179 -3.2002 1.3365 25.9866 -8.1450 0.0000
