Car -1 -1 -3.3464 1025.7894 175.6158 1241.0000 258.9317 1.4587 1.6301 4.2318 10.7424 1.5195 14.3584 -2.7144 0.9934
Car -1 -1 -7.0919 676.1242 192.7347 766.3008 233.2027 1.5072 1.6399 3.7315 4.6763 2.3945 30.4225 -6.9417 0.9933
Car -1 -1 -3.3834 1029.8307 174.6822 1241.0000 258.5081 1.4664 1.5900 4.3710 10.8774 1.5063 14.2727 -2.7426 0.8988
Car -1 -1 -7.0847 677.5183 192.1143 764.0375 233.4793 1.5500 1.5380 3.5842 4.6396 2.4044 30.3179 -6.9352 0.8825
Pedestrian -1 -1 -4.3681 1063.0840 169.3600 1091.5043 239.4704 1.6932 0.4929 0.3677 11.4316 1.6085 17.7330 -3.8036 0.6817
Car -1 -1 -5.5134 0.0000 219.5857 152.6656 278.9909 1.5352 1.6130 3.5060 -15.7664 2.9836 21.3263 -6.1444 0.6231
Car -1 -1 -5.6547 0.0000 221.0103 149.5601 279.9309 1.5394 1.6323 3.5245 -15.7618 2.9989 21.0416 -6.2918 0.5922
Car -1 -1 -6.5518 1046.9741 170.1952 1241.0000 255.9997 1.4905 1.7467 4.5742 11.3551 1.4440 14.2193 -5.8884 0.4784
Pedestrian -1 -1 -6.0641 93.5434 178.9460 126.1754 288.2349 1.7158 0.4525 0.3396 -8.1115 1.8160 11.6316 -6.6626 0.4613
Car -1 -1 -7.9907 578.4417 176.2006 627.6577 223.5886 2.1860 1.8134 4.7502 -0.4635 2.3648 36.1200 -8.0042 0.4489
Pedestrian -1 -1 -2.8301 90.6935 178.9661 122.4929 287.8442 1.6977 0.4380 0.2945 -8.0943 1.7972 11.5306 -3.4316 0.4229
Car -1 -1 -5.3610 6.4152 219.7787 154.1152 279.6625 1.5101 1.6465 3.7476 -15.8904 3.0019 21.6114 -5.9894 0.3861
Car -1 -1 -2.7609 0.0000 222.6096 147.9886 284.1654 1.5028 1.6301 3.4870 -15.6609 3.0247 20.8410 -3.3994 0.3859
Car -1 -1 -2.8517 0.0000 220.0784 147.9446 284.4393 1.5312 1.7233 3.4698 -15.4915 2.9727 20.6260 -3.4900 0.3087
Car -1 -1 -2.3512 0.0000 215.3860 154.7138 273.9725 1.5003 1.6988 4.2938 -16.0807 2.8253 21.3230 -2.9916 0.2556
Pedestrian -1 -1 -4.5200 1064.6572 169.1926 1094.5114 240.9327 1.7160 0.5301 0.4958 11.4169 1.6282 17.6216 -3.9533 0.2546
Car -1 -1 -2.3589 19.8303 217.6780 160.9707 277.5533 1.5509 1.6372 3.1613 -15.3712 2.9432 21.3515 -2.9772 0.2525
Car -1 -1 -6.3569 490.8942 183.3039 548.2156 204.5875 1.5193 1.7259 4.1387 -6.8147 2.3192 53.9940 -6.4823 0.2317
Car -1 -1 -5.2059 25.7420 220.2905 158.7095 279.1012 1.4533 1.6533 3.9087 -15.8672 3.0068 22.0277 -5.8247 0.2080
Car -1 -1 -6.2865 485.1499 183.7549 539.3748 203.5688 1.4167 1.5745 3.9488 -7.3099 2.2451 53.7990 -6.4214 0.2035
Car -1 -1 -5.2794 29.0335 217.2638 161.3330 278.0436 1.5333 1.5782 3.5572 -15.4966 2.9525 21.6579 -5.8949 0.1994
Car -1 -1 -5.1984 12.3788 216.3871 150.5249 275.2137 1.4602 1.6850 4.1189 -16.2054 2.8898 22.0363 -5.8270 0.1461
Car -1 -1 -2.9394 0.0000 228.9416 145.5479 293.3702 1.4413 1.6496 3.8555 -15.6126 3.1530 20.4517 -3.5854 0.1162
Pedestrian -1 -1 -4.3892 1054.6448 168.5234 1084.8438 240.5658 1.7409 0.5325 0.3911 11.2669 1.6360 17.7658 -3.8321 0.0990
Car -1 -1 -6.3196 488.1940 183.5561 545.0404 204.5499 1.4960 1.6888 4.1407 -7.0091 2.3109 53.7868 -6.4490 0.0881
Car -1 -1 -3.4235 0.0000 225.1429 145.2941 293.9958 1.4270 1.6976 4.0287 -15.7254 3.0522 20.3060 -4.0764 0.0699
Car -1 -1 -7.9783 579.7778 172.5253 631.6359 224.0630 2.3797 1.9462 5.0884 -0.3401 2.3643 35.9686 -7.9884 0.0682
Car -1 -1 -3.0879 477.2256 183.8784 533.4355 204.7330 1.4959 1.7099 4.0689 -7.8055 2.3347 53.8828 -3.2316 0.0627
Car -1 -1 -4.3383 33.0393 215.5800 155.6715 285.9627 1.6084 1.6479 3.6068 -14.7473 2.9549 20.7980 -4.9493 0.0562
Car -1 -1 -6.4592 492.8615 182.1059 554.0209 204.0459 1.5654 1.8392 4.3102 -6.5491 2.2802 54.2614 -6.5792 0.0530
Car -1 -1 -3.4865 0.0000 228.8141 153.3503 295.6588 1.3781 1.7171 3.7470 -15.3482 3.1116 20.3201 -4.1273 0.0429
Cyclist -1 -1 -2.7510 32.7386 213.4902 126.4004 281.3124 1.8205 0.6921 2.0508 -15.1839 3.0151 20.6380 -3.3794 0.0428
Car -1 -1 -6.7487 0.0000 219.8669 151.6637 287.7350 1.5191 1.6848 3.4262 -15.4549 2.9921 20.7036 -7.3841 0.0418
Car -1 -1 -6.3738 486.8655 184.0056 542.4156 204.4429 1.4554 1.9181 3.9824 -7.2189 2.3149 54.2575 -6.5058 0.0414
Car -1 -1 -4.6542 502.6677 182.5107 525.3907 202.6743 1.4684 1.5459 3.6829 -7.4800 2.2463 56.2523 -4.7862 0.0411
Cyclist -1 -1 -2.4828 59.8753 214.4814 141.3076 278.2689 1.8146 0.7001 1.9622 -15.1700 3.0742 21.4418 -3.0930 0.0379
Car -1 -1 -3.0581 475.0069 184.8689 532.6399 205.3357 1.4657 1.6657 4.1243 -7.9018 2.3766 53.7589 -3.2038 0.0311
Car -1 -1 -5.7561 251.7229 189.8958 353.6630 226.2152 1.5004 1.6276 3.8443 -13.5657 2.2771 31.8447 -6.1562 0.0310
Car -1 -1 -4.2558 266.4123 189.7654 332.5606 224.3571 1.3506 1.4398 3.0222 -13.4165 2.1186 31.2322 -4.6589 0.0295
Car -1 -1 -3.9984 263.3299 189.1577 343.1948 224.1397 1.3681 1.5134 3.1599 -13.3952 2.1205 31.5736 -4.3970 0.0233
Car -1 -1 -3.9888 615.9835 171.9142 664.6878 198.1053 1.9819 1.7066 3.8342 2.3776 1.9104 56.5722 -3.9475 0.0190
Car -1 -1 -7.0958 266.6564 189.6756 357.6120 225.6035 1.3992 1.6180 3.7106 -13.1690 2.1925 32.0161 -7.4835 0.0185
Car -1 -1 -3.9922 617.7995 171.1006 667.4240 197.3390 1.9860 1.7115 3.9523 2.5607 1.8530 56.6328 -3.9476 0.0167
Car -1 -1 -3.8498 0.0000 224.2719 159.2297 293.1544 1.4392 1.7427 3.8546 -15.0348 3.0297 20.2487 -4.4825 0.0163
Car -1 -1 -2.5708 232.2464 189.8139 329.0175 225.8037 1.4753 1.5607 3.5793 -14.4239 2.2415 31.5795 -2.9965 0.0163
Car -1 -1 -2.4933 245.0114 189.8361 338.4453 224.8604 1.4237 1.5178 3.5496 -13.9594 2.1941 31.5971 -2.9066 0.0142
Car -1 -1 -7.2425 273.9922 188.3868 353.8637 225.6696 1.5002 1.6512 3.4215 -13.2669 2.2379 32.4286 -7.6284 0.0130
Car -1 -1 -7.0397 278.0375 188.8159 362.9960 224.1527 1.4171 1.5780 3.3905 -13.0088 2.1771 32.4956 -7.4181 0.0129
Pedestrian -1 -1 -7.2368 625.5374 187.7458 643.1722 221.1390 1.9002 0.8140 0.6256 1.3810 2.7768 41.9949 -7.2049 0.0124
Car -1 -1 -4.1190 612.6198 183.9428 658.9572 208.3751 1.6040 1.5760 3.5183 1.8214 2.4160 50.9679 -4.0841 0.0119
Car -1 -1 -5.8999 257.8609 187.6647 355.7205 224.0515 1.5198 1.5794 3.6252 -13.2708 2.1850 31.6089 -6.2948 0.0113
Car -1 -1 -6.9217 281.2858 187.6937 373.6222 224.3724 1.4726 1.6178 3.6238 -12.7074 2.1816 32.5228 -7.2918 0.0112
Pedestrian -1 -1 -5.7191 621.6075 188.0925 639.1434 221.7210 1.9070 0.8464 0.6712 1.1499 2.8038 41.9426 -5.6927 0.0111
Car -1 -1 -3.8991 593.2424 184.2755 651.4683 207.8795 1.5157 1.7150 3.9560 0.8565 2.3413 50.2048 -3.8827 0.0109
Car -1 -1 -3.7158 594.1619 184.2437 655.6500 208.5264 1.5812 1.7123 4.0122 1.0247 2.4053 50.4414 -3.6962 0.0107
Car -1 -1 -5.9422 276.0228 186.9083 359.5794 222.9039 1.5036 1.5737 3.0462 -12.8116 2.1364 31.6517 -6.3242 0.0106
Car -1 -1 -6.0189 260.6292 190.5300 352.8651 226.1211 1.4713 1.5453 3.4638 -13.3457 2.2743 31.8030 -6.4137 0.0103
Car -1 -1 -3.9282 607.1290 183.0784 663.5027 208.7308 1.6824 1.6515 3.9688 1.7821 2.4303 50.8419 -3.8940 0.0101
Car -1 -1 -4.2457 613.7728 182.3065 655.5275 207.4159 1.6639 1.5312 3.5478 1.7522 2.3594 51.1869 -4.2123 0.0097
Car -1 -1 -6.4858 596.1295 182.1667 660.5083 207.4653 1.7088 1.7372 4.2743 1.2396 2.3812 50.8822 -6.4621 0.0091
Car -1 -1 -4.2430 614.6923 183.2504 660.9969 208.7769 1.6569 1.6198 4.0044 1.9698 2.4183 50.7228 -4.2050 0.0091
Car -1 -1 -7.2986 281.3242 189.6112 361.1391 223.5280 1.3547 1.6557 3.6935 -13.0464 2.1600 32.7242 -7.6756 0.0090
Car -1 -1 -4.6431 618.3862 183.1053 644.9589 207.9385 1.6505 1.6622 3.2646 1.5314 2.4000 51.0708 -4.6138 0.0083
Car -1 -1 -2.3973 240.0731 191.4038 335.4955 228.2978 1.4888 1.6329 3.7314 -14.2620 2.3430 31.8673 -2.8154 0.0079
Car -1 -1 -6.2048 273.7184 188.8412 352.8568 225.7192 1.5095 1.5960 3.1111 -13.0667 2.2419 31.8359 -6.5918 0.0078
Car -1 -1 -5.8323 248.3247 190.5923 348.4400 225.1331 1.4497 1.6191 3.7602 -13.8547 2.2605 32.0973 -6.2372 0.0076
Car -1 -1 -4.1009 0.0000 225.0166 155.6225 294.0222 1.4790 1.7316 3.7536 -14.8040 3.0764 20.2106 -4.7271 0.0075
Car -1 -1 -6.8656 276.6795 186.6726 374.6571 223.7939 1.4933 1.7488 3.7785 -12.8172 2.1565 32.5972 -7.2379 0.0071
Car -1 -1 -4.7938 448.6170 181.5800 484.1542 211.4278 1.8196 1.9383 4.6320 -9.6228 2.4292 47.9387 -4.9913 0.0066
Car -1 -1 -4.0453 422.9073 181.0614 492.2950 212.6142 1.8670 1.8008 4.7910 -9.7850 2.4254 46.5652 -4.2518 0.0066
Car -1 -1 -4.6052 454.8539 181.2695 488.2811 210.0249 1.7623 1.7134 4.3951 -9.1519 2.3459 47.8025 -4.7938 0.0061
Car -1 -1 -4.9944 612.0739 182.4099 647.1007 206.5455 1.6067 1.6185 3.3311 1.3273 2.3096 51.2861 -4.9693 0.0059
Car -1 -1 -4.2190 259.0232 185.7322 336.6909 223.9273 1.5162 1.6934 3.4349 -13.6391 2.1123 31.6321 -4.6234 0.0058
Car -1 -1 -7.5550 242.3861 189.7955 307.0858 225.1026 1.4113 1.6288 3.6938 -15.1210 2.2228 32.6387 -7.9861 0.0057
Car -1 -1 -4.3483 434.9398 180.4541 488.4177 211.7049 1.8371 1.7339 4.8553 -9.4445 2.3500 46.1858 -4.5494 0.0055
Car -1 -1 -2.2487 230.6066 189.8026 323.9210 228.3501 1.5436 1.6795 3.9000 -14.7798 2.3317 31.9409 -2.6792 0.0053
Car -1 -1 -4.5676 449.8872 179.4492 488.4169 209.7905 1.8627 1.8515 4.5953 -9.2723 2.3193 47.6509 -4.7592 0.0053
Car -1 -1 -7.6310 361.7113 164.2995 400.0420 191.1089 1.8436 1.7104 4.3065 -16.4316 1.2550 51.8344 -7.9367 0.0051
Car -1 -1 -4.2373 433.1420 178.8443 492.8750 209.7787 1.8813 1.9286 4.6400 -9.5963 2.2948 47.3424 -4.4366 0.0051
Car -1 -1 -4.6330 454.5247 181.5861 486.6348 210.7958 1.7506 1.6834 4.8384 -9.1044 2.3521 47.2330 -4.8228 0.0050
Car -1 -1 -6.6340 274.6758 189.3479 372.3542 226.5764 1.4867 1.5898 3.7444 -12.8152 2.2663 32.2799 -7.0096 0.0046
Car -1 -1 -7.4156 291.6695 187.8459 367.2332 222.8894 1.4174 1.6730 3.9967 -12.7692 2.1453 32.9933 -7.7825 0.0043
Car -1 -1 -3.2311 607.4896 181.8018 656.5899 206.4233 1.6869 1.7161 3.3313 1.5038 2.3320 51.0873 -3.2024 0.0042
Car -1 -1 -3.8821 418.0741 181.0523 491.4110 210.4206 1.7558 1.9074 4.5690 -10.0584 2.3158 46.8979 -4.0927 0.0037
Car -1 -1 -4.0828 613.8461 181.7449 662.4819 207.3869 1.7022 1.5285 3.7636 2.0015 2.3569 51.2022 -4.0445 0.0033
Car -1 -1 -4.5515 452.3959 179.5365 490.6268 210.3073 1.9324 1.7860 4.8356 -9.3367 2.4068 48.8136 -4.7399 0.0032
Car -1 -1 -2.4472 238.3656 188.4454 349.7602 226.6351 1.5168 1.6050 4.4055 -13.6829 2.2202 31.1777 -2.8580 0.0031
Car -1 -1 -4.5938 451.5721 180.8750 488.0064 211.0732 1.8609 1.8496 4.6039 -9.3163 2.4213 48.0806 -4.7846 0.0031
Car -1 -1 -8.4370 592.8169 182.0088 648.4176 205.0768 1.5180 1.9433 4.2686 0.6803 2.2024 51.6432 -8.4244 0.0030
Car -1 -1 -2.3241 234.9220 189.5457 336.3899 228.0472 1.5575 1.6873 4.2371 -14.5063 2.3384 32.1699 -2.7450 0.0028
Car -1 -1 -8.2526 606.8425 182.2035 648.3062 204.8193 1.5050 1.6776 3.6469 1.1882 2.2003 51.6762 -8.2302 0.0027
Car -1 -1 -7.2217 241.7954 191.0879 329.8680 225.9204 1.3832 1.5721 4.0696 -14.7863 2.2730 33.0654 -7.6396 0.0026
Car -1 -1 -8.5868 584.8373 181.5870 647.6405 204.8878 1.5325 2.0220 4.4518 0.3718 2.1844 51.5437 -8.5802 0.0025
Car -1 -1 -8.3773 598.6394 182.4288 648.7297 205.3858 1.5149 1.8371 3.9707 0.9035 2.2284 51.6138 -8.3604 0.0024
Car -1 -1 -4.0543 614.0399 183.0211 663.1271 208.5367 1.6858 1.5519 3.6764 2.0243 2.4324 51.0983 -4.0155 0.0023
Car -1 -1 -4.5890 448.5473 179.3240 486.3771 211.2694 1.8863 1.7791 4.9094 -9.0816 2.3222 46.1327 -4.7827 0.0023
Car -1 -1 -4.6031 631.3161 181.7881 662.6572 209.4581 1.7629 1.6750 4.6601 2.5773 2.4116 49.9766 -4.5525 0.0013
Car -1 -1 -4.6395 625.5162 182.9872 652.7216 208.5686 1.6496 1.6118 3.9887 2.0318 2.3840 50.2423 -4.5999 0.0013
Car -1 -1 -7.1612 249.8036 190.7281 337.0436 225.2774 1.3720 1.4866 3.8994 -14.3694 2.2378 32.8839 -7.5705 0.0013
Pedestrian -1 -1 -4.9004 890.5969 189.9177 910.1581 245.1163 1.3941 0.3901 0.4384 7.4432 1.8403 18.6297 -4.5265 0.0002
