Car -1 -1 -8.0972 727.0012 171.8336 832.9247 243.9804 1.5858 1.5932 3.9562 4.0117 1.5631 17.8579 -7.8805 0.9999
Car -1 -1 -7.7568 523.5071 176.9342 599.4859 245.9236 1.6452 1.6681 3.7700 -1.2529 1.7651 19.3440 -7.8215 0.9996
Car -1 -1 -8.2489 839.1957 170.4728 1241.0000 374.0000 1.5455 1.6073 4.0338 2.9515 1.5343 5.3950 -7.7721 0.9996
Car -1 -1 -7.9679 712.8195 174.9687 775.4084 227.4876 1.5904 1.5822 3.8873 4.3268 1.6662 23.9981 -7.7924 0.9981
Car -1 -1 -7.9663 696.8158 168.3461 741.1113 210.6570 1.9091 1.6459 3.9456 5.1159 1.7054 34.5548 -7.8211 0.9972
Car -1 -1 -2.3846 0.0000 200.8793 189.4308 320.1020 1.4161 1.5858 3.4136 -8.0043 1.8396 9.9639 -3.0486 0.9968
Car -1 -1 -7.7773 543.1203 176.2980 602.8040 231.1179 1.6920 1.7213 4.0827 -1.2261 1.8189 24.5923 -7.8273 0.9953
Car -1 -1 -7.7638 584.2657 178.7336 622.4780 214.1956 1.5189 1.4680 3.3205 -0.3045 1.8030 33.1870 -7.7735 0.9887
Car -1 -1 -7.9759 688.9099 170.9283 723.9356 201.9788 1.8647 1.6712 4.2163 5.9874 1.7487 45.4455 -7.8462 0.9456
Car -1 -1 -7.7930 541.8480 176.0887 601.2680 231.4794 1.7107 1.7724 4.1027 -1.2728 1.8298 24.5835 -7.8450 0.9124
Car -1 -1 -7.6740 583.0929 179.6628 625.3310 210.7029 1.4875 1.5780 3.5333 -0.2914 1.8566 37.2746 -7.6824 0.8774
Car -1 -1 -7.9545 690.6067 169.4759 723.8968 201.7698 1.9352 1.6420 4.2450 6.0333 1.7325 45.3853 -7.8237 0.8697
Car -1 -1 -2.3164 0.0000 198.8467 190.6768 320.4007 1.4434 1.5907 3.4214 -8.0301 1.8450 10.0903 -2.9760 0.8505
Car -1 -1 -2.3752 0.0000 199.7986 187.9537 319.4250 1.4202 1.6121 3.2002 -7.9372 1.8288 9.9769 -3.0344 0.8334
Car -1 -1 -7.6956 585.4149 178.6151 626.1032 210.0702 1.5152 1.5646 3.5698 -0.2124 1.8280 37.3303 -7.7018 0.8216
Car -1 -1 -7.7308 585.5314 180.1980 624.7769 210.6556 1.4447 1.5665 3.8303 -0.2399 1.8431 37.1783 -7.7378 0.8102
Car -1 -1 -7.9988 693.9177 168.5745 740.9078 210.1187 1.8743 1.6648 3.8419 5.0286 1.6809 34.4756 -7.8557 0.7575
Car -1 -1 -7.9450 716.2905 174.8135 778.0919 227.2335 1.5865 1.6499 3.7097 4.4148 1.6563 23.9019 -7.7652 0.7075
Car -1 -1 -7.7013 578.2123 177.9721 623.5515 214.3091 1.5565 1.5700 3.5795 -0.4106 1.8059 33.3189 -7.7141 0.7000
Car -1 -1 -7.7848 544.0204 176.4753 602.8533 231.4847 1.6846 1.7109 3.9890 -1.2017 1.8167 24.3717 -7.8343 0.6978
Car -1 -1 -7.9597 696.5810 168.0882 741.2124 209.5577 1.8709 1.6820 4.0012 5.1156 1.6556 34.5839 -7.8146 0.6947
Car -1 -1 -7.7272 586.5894 179.6351 625.4236 210.6770 1.4806 1.5555 3.6336 -0.1990 1.8471 37.1403 -7.7331 0.6510
Car -1 -1 -4.7357 592.2404 178.7422 628.3602 212.2724 1.5296 1.6820 4.9223 -0.0860 1.8456 36.2708 -4.7387 0.6290
Car -1 -1 -7.7441 581.7644 179.8139 623.1240 211.7292 1.4761 1.6260 4.4489 -0.3626 1.8516 36.6663 -7.7545 0.5989
Pedestrian -1 -1 -3.0917 376.8808 177.1103 388.9116 199.4667 1.7507 0.5278 0.8816 -17.9672 2.0888 57.0069 -3.3960 0.5753
Car -1 -1 -7.9307 700.6212 168.3789 743.4374 209.5221 1.8489 1.7089 3.8312 5.2409 1.6475 34.3964 -7.7813 0.5686
Pedestrian -1 -1 -3.0053 377.0462 176.8484 389.3542 199.2194 1.7577 0.4877 0.8714 -17.9783 2.0754 57.1175 -3.3093 0.5681
Pedestrian -1 -1 -6.3758 516.3971 175.3717 532.7878 217.0142 1.7274 0.5755 0.6327 -3.6351 1.8341 30.3205 -6.4947 0.5111
Car -1 -1 -4.6349 584.9080 178.7447 625.5776 212.3922 1.5399 1.6779 4.9421 -0.2123 1.8576 36.4298 -4.6413 0.5033
Car -1 -1 -7.7310 581.9937 178.2795 623.0521 210.0765 1.5388 1.6921 3.7504 -0.3780 1.8356 37.5458 -7.7416 0.4787
Pedestrian -1 -1 -6.3677 519.0444 175.0072 536.6616 216.7716 1.7320 0.5762 0.6883 -3.4971 1.8232 30.3100 -6.4822 0.3745
Pedestrian -1 -1 -3.0496 376.2598 176.5648 388.1240 199.4536 1.7978 0.5197 0.8518 -18.0616 2.0931 57.1291 -3.3548 0.3369
Pedestrian -1 -1 -3.1050 375.7430 176.5123 387.5619 199.4692 1.7978 0.5586 0.8706 -18.0673 2.0885 57.0129 -3.4108 0.3199
Car -1 -1 -8.1021 680.3624 172.3139 722.5552 202.5557 1.8095 1.6632 4.0800 5.6513 1.7768 45.2998 -7.9792 0.2800
Car -1 -1 -7.7491 717.4215 175.0369 765.6811 215.5098 1.5574 1.6037 3.6959 5.4739 1.6539 29.9796 -7.5709 0.0689
Car -1 -1 -4.9370 716.2095 174.3208 780.3179 216.8031 1.5588 1.6448 3.8876 5.3489 1.6207 28.5893 -4.7545 0.0647
Car -1 -1 -4.8074 714.5717 175.2950 763.4800 216.2536 1.5405 1.5753 3.8649 5.1389 1.6463 29.3617 -4.6364 0.0630
Car -1 -1 -5.1331 711.3944 175.9609 799.1891 219.2518 1.4931 1.6385 4.2959 5.3744 1.6210 27.4909 -4.9427 0.0565
Car -1 -1 -7.5212 715.1849 175.0546 785.8452 216.1916 1.5564 1.6926 3.8379 5.7825 1.6528 29.6077 -7.3308 0.0517
Car -1 -1 -7.9172 713.3608 175.7134 757.8967 215.3652 1.5324 1.5749 3.7519 5.1393 1.6592 30.1138 -7.7503 0.0512
Car -1 -1 -4.9056 714.3434 175.6742 776.8434 218.6321 1.5215 1.5968 4.0409 5.1024 1.6380 27.8549 -4.7269 0.0475
Car -1 -1 -7.5650 715.2289 175.0218 780.1826 215.9554 1.5713 1.6167 3.9053 5.7481 1.6675 30.0262 -7.3782 0.0456
Car -1 -1 -7.1295 708.5583 175.5617 807.2435 216.0357 1.5471 1.6603 4.1474 6.0942 1.6657 29.7492 -6.9300 0.0451
Car -1 -1 -4.8047 717.6331 176.0752 767.7986 217.7144 1.5085 1.5713 3.8368 5.1144 1.6439 28.4226 -4.6290 0.0428
Car -1 -1 -5.3088 711.4936 175.6608 806.9590 218.0697 1.5043 1.5950 4.0905 5.6582 1.6218 28.0793 -5.1126 0.0399
Car -1 -1 -2.8069 336.7285 178.0506 393.9078 198.6972 1.6143 1.6806 4.0013 -19.5628 2.0358 57.7050 -3.1326 0.0385
Car -1 -1 -2.8477 410.2871 173.0888 468.2939 196.5821 1.6470 1.6319 3.7187 -12.1945 1.6638 51.5315 -3.0793 0.0380
Car -1 -1 -4.8113 712.3246 176.1766 765.9271 218.8551 1.4972 1.6013 4.1220 4.8432 1.6345 27.7546 -4.6410 0.0367
Car -1 -1 -6.6555 712.8342 176.2374 821.2862 215.2662 1.5087 1.6097 3.9748 6.2768 1.6505 29.2021 -6.4464 0.0341
Car -1 -1 -7.0183 710.3820 176.0521 813.4464 216.5114 1.5406 1.6402 4.0814 6.1880 1.6787 29.4901 -6.8141 0.0324
Car -1 -1 -2.6369 337.6856 177.5808 396.4726 199.0380 1.6743 1.7146 4.1753 -19.5533 2.0623 58.0557 -2.9607 0.0302
Car -1 -1 -7.7663 715.9958 174.5670 763.0182 215.1701 1.5774 1.6227 3.8078 5.4394 1.6538 30.2534 -7.5907 0.0290
Car -1 -1 -2.8178 412.2084 171.7903 472.0361 195.8812 1.6897 1.7194 3.8230 -12.0190 1.6148 51.6457 -3.0456 0.0288
Cyclist -1 -1 -2.8146 369.0508 176.7231 392.0938 199.6234 1.8000 0.4735 1.6733 -18.1649 2.1070 57.0528 -3.1218 0.0287
Cyclist -1 -1 -2.7787 369.3799 176.8445 392.3294 199.9805 1.8209 0.4544 1.6812 -18.1760 2.1382 57.1562 -3.0856 0.0279
Car -1 -1 -2.7435 408.6514 174.0690 470.1462 198.7450 1.7223 1.8290 3.8837 -12.2312 1.8111 51.7056 -2.9750 0.0278
Car -1 -1 -6.2846 711.1633 175.4638 816.0371 215.5631 1.5255 1.6080 3.9809 6.0495 1.6336 28.7925 -6.0802 0.0260
Car -1 -1 -8.9958 0.0000 0.0000 1241.0000 374.0000 1.5554 1.6487 3.5180 3.4442 1.5298 1.0945 -7.8086 0.0249
Car -1 -1 -9.0443 0.0000 0.0000 1241.0000 374.0000 1.5731 1.6458 3.5079 2.9892 1.5676 0.8159 -7.8295 0.0220
Car -1 -1 -2.4855 338.8520 177.3923 398.4391 199.3102 1.7034 1.7378 4.4220 -19.5110 2.0793 58.2612 -2.8075 0.0219
Car -1 -1 -9.0324 0.0000 0.0000 1241.0000 374.0000 1.6123 1.6931 3.5987 2.6653 1.6123 1.0200 -7.9208 0.0214
Car -1 -1 -8.7899 0.0000 0.0000 1241.0000 374.0000 1.6001 1.6487 3.5490 1.9041 1.5930 0.8515 -7.7626 0.0213
Car -1 -1 -9.0188 0.0000 0.0000 1241.0000 374.0000 1.5771 1.6505 3.6255 2.2369 1.6058 0.6822 -7.8605 0.0208
Car -1 -1 -9.0709 0.0000 0.0000 1241.0000 374.0000 1.5037 1.6274 3.7173 2.5855 1.5668 0.4855 -7.7931 0.0181
Car -1 -1 -4.8077 713.7491 177.4242 763.5745 217.9834 1.4519 1.5332 3.8919 4.9283 1.6433 28.2765 -4.6375 0.0171
Car -1 -1 -6.0367 708.6476 176.1501 815.4984 216.9706 1.5110 1.5784 3.8653 5.9543 1.6480 28.5090 -5.8334 0.0148
Car -1 -1 -6.0556 0.0000 0.0000 1241.0000 374.0000 1.4449 1.5865 3.0858 3.0538 1.4131 1.3340 -4.9749 0.0135
Cyclist -1 -1 -7.8605 691.4655 173.7617 697.5491 199.4817 1.7211 0.3967 1.7383 5.7301 1.7838 49.2307 -7.7457 0.0115
Car -1 -1 -8.7006 0.0000 0.0000 1241.0000 374.0000 1.5900 1.6182 3.5935 1.5124 1.5697 0.8398 -7.7760 0.0093
Car -1 -1 -5.4937 0.0000 0.0000 1241.0000 374.0000 1.4819 1.6603 3.8625 4.2837 1.4255 1.6038 -4.3401 0.0092
Car -1 -1 -7.4372 614.7670 171.5101 648.0047 188.3498 1.5139 1.5862 4.0486 1.9998 1.3928 67.0351 -7.4079 0.0073
Car -1 -1 -9.0282 0.0000 0.0000 1241.0000 374.0000 1.4947 1.6198 3.5109 4.1950 1.3983 0.9598 -7.7475 0.0065
Car -1 -1 -7.5659 614.6658 171.3330 642.9391 188.3497 1.5297 1.5763 3.9246 1.7557 1.3926 66.9706 -7.5402 0.0065
Car -1 -1 -7.9150 551.3560 149.4921 578.0671 183.6440 2.5006 1.7582 4.5350 -3.5322 0.7897 55.1905 -7.9788 0.0064
Car -1 -1 -7.6549 613.8259 169.6864 639.0575 186.8330 1.5461 1.6268 3.8128 1.5372 1.2602 67.0984 -7.6324 0.0063
Car -1 -1 -9.1328 0.0000 0.0000 1241.0000 374.0000 1.4592 1.6030 3.6392 3.4093 1.4575 0.3821 -7.7571 0.0061
Car -1 -1 -5.8718 0.0000 0.0000 1241.0000 374.0000 1.4143 1.6142 3.1735 2.6615 1.3762 1.2318 -4.8219 0.0051
Car -1 -1 -9.1375 0.0000 0.0000 1241.0000 374.0000 1.4774 1.6252 3.6684 3.8360 1.4432 0.3807 -7.7401 0.0047
Car -1 -1 -7.8120 546.8499 152.7632 571.9567 185.6659 2.4388 1.7500 4.4869 -3.8979 0.9493 55.7476 -7.8818 0.0041
Car -1 -1 -7.2815 0.0000 0.0000 1241.0000 374.0000 1.6054 1.7264 4.0714 3.5212 1.4177 0.8485 -6.0242 0.0034
Car -1 -1 -7.8178 1241.0000 0.0000 1241.0000 374.0000 1.5401 1.6792 3.9528 4.1698 1.3909 1.5897 -6.6713 0.0033
Car -1 -1 -7.4512 854.6888 0.0000 1241.0000 374.0000 1.5384 1.7164 3.8250 2.5487 1.4276 1.1706 -6.4026 0.0032
Car -1 -1 -8.7803 0.0000 0.0000 1241.0000 374.0000 1.5020 1.6021 3.7303 1.0207 1.5596 0.2929 -7.7342 0.0030
Car -1 -1 -4.0368 0.0000 0.0000 1241.0000 374.0000 1.5274 1.6966 4.0214 2.7758 1.4645 0.4928 -2.7418 0.0030
Car -1 -1 -9.2964 0.0000 0.0000 1241.0000 374.0000 1.4479 1.6219 3.8475 2.2316 1.5278 -0.1523 -7.7873 0.0030
Car -1 -1 -7.1465 0.0000 0.0000 1241.0000 374.0000 1.5778 1.7038 3.9384 2.7730 1.4541 0.8184 -5.9573 0.0030
Car -1 -1 -9.3127 0.0000 0.0000 1241.0000 374.0000 1.4380 1.6184 3.8242 3.0138 1.5042 -0.1510 -7.7880 0.0030
Car -1 -1 -3.9559 0.0000 0.0000 1241.0000 374.0000 1.5293 1.6943 3.9689 2.0757 1.4830 0.4769 -2.7408 0.0030
Car -1 -1 -9.4006 46.2365 0.0000 1241.0000 374.0000 1.4629 1.6175 3.7836 1.0269 1.5579 -0.3308 -7.7890 0.0030
Car -1 -1 -9.3296 0.0000 0.0000 1241.0000 374.0000 1.4552 1.6224 3.8055 1.7979 1.5345 -0.2352 -7.7892 0.0030
Car -1 -1 -7.7185 534.9362 153.5315 564.7252 185.3451 2.3581 1.7239 4.3216 -4.6282 0.9256 55.6851 -7.8013 0.0030
Car -1 -1 -9.3191 0.0000 0.0000 1241.0000 374.0000 1.4477 1.6224 3.8198 2.5834 1.4988 -0.1834 -7.7895 0.0030
Car -1 -1 -7.0592 0.0000 0.0000 1241.0000 374.0000 1.5804 1.6978 3.8339 2.1216 1.4864 0.7824 -5.9587 0.0030
Car -1 -1 -4.0523 0.0000 0.0000 1241.0000 374.0000 1.5258 1.6885 4.0163 3.1748 1.4236 0.5551 -2.7423 0.0030
Car -1 -1 -9.3474 0.0000 0.0000 1241.0000 374.0000 1.4576 1.6179 3.8095 1.4423 1.5620 -0.2742 -7.7873 0.0030
Car -1 -1 -7.8630 359.0754 172.9131 379.4476 200.0695 2.3520 1.6816 4.1774 -21.6422 2.3571 64.7492 -8.1846 0.0025
Car -1 -1 -7.9702 353.4604 173.1245 378.7730 199.2327 2.2558 1.6753 4.1687 -21.8952 2.2806 64.6315 -8.2959 0.0025
Car -1 -1 -6.8778 938.8098 161.3684 1241.0000 374.0000 1.5249 1.6266 4.2075 4.2283 1.4796 4.0094 -6.1024 0.0011
Pedestrian -1 -1 -4.8085 747.8772 168.6215 761.4914 199.8889 1.7620 0.6905 0.7298 8.1924 1.5232 41.0588 -4.6133 0.0005
Car -1 -1 -6.7491 1001.0399 159.5563 1241.0000 374.0000 1.5216 1.6611 4.2547 4.4256 1.4830 3.6351 -5.9054 0.0002
