Car -1 -1 -8.1990 764.5616 185.5614 1039.8911 360.2060 1.5450 1.6684 3.8726 3.0655 1.7308 8.6156 -7.8692 0.9999
Car -1 -1 -7.9773 667.1199 181.5305 722.7935 224.5963 1.4530 1.5889 3.8238 3.0647 1.8009 27.0396 -7.8664 0.9989
Car -1 -1 -4.6309 466.5313 178.0725 533.4473 237.7110 1.5409 1.6082 3.7462 -3.1470 1.7057 20.9014 -4.7792 0.9965
Car -1 -1 -8.5613 931.8643 200.4203 1241.0000 374.0000 1.4870 1.6511 3.8126 3.1502 1.6903 3.4174 -7.8597 0.9706
Car -1 -1 -4.6430 518.4022 179.8733 558.7754 214.1785 1.4504 1.5818 4.0545 -3.2895 1.7949 33.3938 -4.7409 0.9372
Car -1 -1 -4.7139 539.0070 175.8959 568.2721 205.8347 1.6291 1.6066 3.8485 -3.2945 1.8127 41.6465 -4.7929 0.9319
Car -1 -1 -4.7849 645.8008 177.5326 680.0182 205.7601 1.5401 1.6785 4.2177 3.0065 1.8270 42.1781 -4.7148 0.9296
Car -1 -1 -4.6459 517.5046 179.5050 557.9763 214.0716 1.4706 1.6077 3.9868 -3.3393 1.7977 33.4932 -4.7450 0.8693
Car -1 -1 -4.6498 537.4470 175.5905 570.1945 206.0128 1.6583 1.6400 4.0486 -3.2398 1.8240 41.7321 -4.7273 0.8490
Car -1 -1 -7.7924 464.2445 178.8180 531.3020 236.4104 1.4808 1.6783 4.0886 -3.2331 1.6724 21.1006 -7.9433 0.8306
Car -1 -1 -4.8167 534.1972 176.0348 569.2512 206.2399 1.6374 1.6070 3.9210 -3.4419 1.8297 41.6258 -4.8992 0.7718
Car -1 -1 -4.6905 517.7217 180.2160 555.4510 214.6247 1.4573 1.6387 3.9374 -3.4011 1.8190 33.4538 -4.7916 0.7705
Car -1 -1 -4.7584 648.9919 177.1998 681.9033 205.7488 1.5613 1.7112 4.3320 3.1656 1.8291 42.3161 -4.6848 0.7231
Car -1 -1 -4.8334 535.2039 176.0881 571.9977 205.9476 1.6201 1.6375 4.0379 -3.3468 1.8166 41.7554 -4.9134 0.7156
Car -1 -1 -4.9490 510.3791 180.6278 562.1315 214.9077 1.4414 1.5577 3.5994 -3.4849 1.8197 33.1832 -5.0534 0.6517
Car -1 -1 -4.5887 537.7548 175.6573 574.2083 206.1472 1.6605 1.6439 3.7627 -3.1024 1.8292 41.5680 -4.6632 0.6435
Car -1 -1 -4.8364 641.7302 176.6190 679.2953 205.5419 1.5862 1.6616 4.3295 2.8739 1.8185 42.3558 -4.7696 0.6243
Car -1 -1 -4.7320 652.2759 176.8804 682.6968 205.7332 1.5615 1.6592 4.1540 3.2459 1.8061 41.7623 -4.6555 0.5690
Car -1 -1 -4.7767 647.2919 176.3936 682.0369 205.9592 1.5982 1.7226 4.0462 3.0599 1.8116 41.5201 -4.7042 0.5651
Car -1 -1 -4.8455 641.2242 177.0280 680.4299 206.0695 1.5732 1.7180 4.1348 2.8544 1.8270 41.8142 -4.7784 0.5432
Car -1 -1 -4.9908 528.1742 176.7326 574.9460 205.8923 1.5804 1.6227 4.1443 -3.4856 1.8174 41.9234 -5.0737 0.5063
Car -1 -1 -4.4929 535.7743 175.7121 578.7997 206.3592 1.6680 1.6598 3.9646 -3.0313 1.8413 41.7407 -4.5654 0.4916
Car -1 -1 -4.7860 645.2758 176.2942 679.7678 205.7610 1.6263 1.6978 4.3084 3.0048 1.8388 42.4838 -4.7164 0.4823
Car -1 -1 -4.7799 522.7784 180.7329 561.6921 214.8407 1.4311 1.5224 3.6786 -3.1970 1.8135 33.1084 -4.8760 0.4539
Car -1 -1 -4.8933 529.1977 176.1126 568.7772 206.1472 1.6250 1.6044 3.7968 -3.5924 1.8214 41.5240 -4.9795 0.4084
Car -1 -1 -4.6973 536.6300 176.3291 566.2725 206.0963 1.6073 1.6151 3.5289 -3.3536 1.8142 41.1978 -4.7785 0.4083
Car -1 -1 -4.9420 634.9485 177.0644 680.3537 206.0154 1.5701 1.7178 4.1671 2.6749 1.8276 41.9684 -4.8793 0.4001
Car -1 -1 -4.6780 526.5098 179.7682 561.3156 214.5284 1.4737 1.4711 3.8663 -3.0485 1.8118 33.3464 -4.7690 0.3997
Car -1 -1 -7.9503 537.0141 177.2258 571.8488 205.9361 1.5784 1.6494 4.0944 -3.3534 1.8486 42.4855 -8.0290 0.3980
Car -1 -1 -4.6479 539.8234 176.2785 572.1374 205.9922 1.6046 1.6121 3.6144 -3.0807 1.8084 41.1975 -4.7225 0.3893
Car -1 -1 -4.6320 651.6529 178.1375 686.4924 205.6342 1.4889 1.6984 4.2659 3.4639 1.8138 42.1734 -4.5512 0.3730
Car -1 -1 -8.0518 529.5358 177.5582 569.5327 205.6298 1.5474 1.6092 3.8922 -3.6489 1.8382 42.5674 -8.1373 0.3345
Car -1 -1 -7.7710 539.3903 177.4285 573.6547 206.0835 1.5804 1.6740 4.2237 -3.1429 1.8636 42.5913 -7.8447 0.2500
Car -1 -1 -4.8327 642.9290 176.8756 681.0759 207.0344 1.5981 1.6674 4.0267 2.8538 1.8368 40.8346 -4.7640 0.2019
Car -1 -1 -4.8888 648.0942 176.8673 691.2415 206.7037 1.5685 1.6936 4.2328 3.2687 1.8068 40.7096 -4.8098 0.1783
Car -1 -1 -4.9715 632.1901 177.2274 679.4064 206.1309 1.5567 1.7645 3.8895 2.5453 1.8210 41.5723 -4.9114 0.1573
Car -1 -1 -4.8954 644.1904 176.7195 687.1511 207.4071 1.6021 1.6599 4.1050 3.0166 1.8293 40.3367 -4.8219 0.1442
Car -1 -1 -4.7994 529.5601 176.3447 565.6840 206.0493 1.5860 1.7030 3.9720 -3.6374 1.7948 41.1231 -4.8875 0.0981
Pedestrian -1 -1 -8.8389 1143.7450 141.9216 1177.8906 211.1001 1.7700 0.6558 0.4156 14.2738 0.9783 18.7669 -8.1963 0.0460
Pedestrian -1 -1 -8.5953 1136.9137 138.9061 1176.8909 206.3648 1.7392 0.6927 0.4790 14.2514 0.8637 18.8764 -7.9562 0.0360
Car -1 -1 -5.3395 650.9420 174.4326 718.0135 206.0292 1.6041 1.5650 3.9600 3.9205 1.6936 38.9457 -5.2404 0.0324
Car -1 -1 -5.0125 643.7853 176.1967 694.2498 206.8071 1.5716 1.6521 3.9557 3.1413 1.7646 39.6166 -4.9345 0.0289
Car -1 -1 -4.2377 641.9349 176.4558 687.5640 198.4337 1.4637 1.5810 3.9442 3.8663 1.7276 50.8350 -4.1626 0.0248
Car -1 -1 -6.9995 636.5891 177.8074 693.9122 199.5023 1.4425 1.6131 3.9153 3.8659 1.8022 50.6230 -6.9242 0.0212
Car -1 -1 -4.7162 621.5463 173.7492 646.2932 196.6378 1.5485 1.6794 3.9360 1.6463 1.6139 50.9601 -4.6845 0.0194
Car -1 -1 -5.3697 642.1433 177.6460 696.7324 200.5658 1.4495 1.5756 3.9427 3.9234 1.7856 48.5826 -5.2900 0.0190
Car -1 -1 -4.5212 564.7703 175.8278 590.5282 194.8888 1.5620 1.4845 3.9471 -2.7638 1.8251 61.8330 -4.5660 0.0187
Car -1 -1 -5.8376 641.8653 177.6768 703.1830 199.9896 1.4512 1.6117 3.8568 4.2297 1.7917 49.3188 -5.7530 0.0172
Car -1 -1 -4.0891 640.7379 176.6235 693.9184 199.3859 1.5097 1.6650 4.0626 4.0292 1.7848 50.6352 -4.0106 0.0167
Car -1 -1 -5.5155 639.9330 177.9364 698.2701 200.5966 1.4409 1.6179 3.8939 3.9252 1.7982 48.7714 -5.4361 0.0166
Car -1 -1 -3.7661 639.8016 176.4571 696.2293 198.1386 1.4489 1.5943 3.6960 4.0321 1.7084 50.4022 -3.6872 0.0164
Car -1 -1 -5.0827 641.0389 176.4076 686.6772 201.7380 1.5708 1.6240 4.0733 3.4617 1.8154 47.5432 -5.0109 0.0159
Car -1 -1 -4.8723 647.4122 174.1515 690.7637 207.0888 1.6696 1.6703 4.1641 3.0859 1.7431 38.8881 -4.7943 0.0156
Car -1 -1 -4.7655 646.3026 178.2137 672.4163 200.3505 1.3717 1.4963 4.1361 3.1989 1.7418 47.7926 -4.6995 0.0148
Car -1 -1 -4.7454 564.6512 175.4002 585.1487 194.4538 1.5650 1.6187 3.9752 -3.0608 1.7902 61.8594 -4.7950 0.0146
Car -1 -1 -4.4930 522.2260 178.2429 561.0193 200.5958 1.3564 1.6098 4.3796 -4.4463 1.7253 47.1546 -4.5870 0.0140
Car -1 -1 -6.1957 641.2070 177.1230 699.9047 199.1400 1.4713 1.6492 3.9103 4.1676 1.7724 49.8029 -6.1131 0.0136
Pedestrian -1 -1 -5.6942 565.9965 177.8465 579.9678 203.0036 1.6941 0.6587 0.7053 -2.5571 2.0376 49.2351 -5.7463 0.0133
Car -1 -1 -4.3878 642.6716 176.2103 681.0283 198.4535 1.4893 1.5845 3.7788 3.6704 1.7356 50.9765 -4.3168 0.0130
Car -1 -1 -5.0358 644.3208 177.4749 684.2803 200.3788 1.4399 1.5153 3.8283 3.5506 1.7616 48.2281 -4.9632 0.0121
Car -1 -1 -3.5519 642.7820 176.7880 700.0085 198.0700 1.4224 1.5874 3.6227 4.2206 1.7023 50.0529 -3.4687 0.0118
Car -1 -1 -8.5377 640.5381 176.1869 698.5402 199.3793 1.4739 1.6772 4.0996 3.9326 1.7083 48.6407 -8.4580 0.0115
Car -1 -1 -4.3192 643.0901 175.2530 683.3999 196.2756 1.4047 1.5942 3.5222 3.7355 1.5790 50.5851 -4.2464 0.0115
Car -1 -1 -4.8577 630.2919 175.3161 663.8891 197.8578 1.5345 1.7622 4.5685 2.5912 1.7196 51.9912 -4.8087 0.0114
Car -1 -1 -8.3740 642.0621 176.9072 692.6459 199.6304 1.4299 1.6049 3.9731 3.7562 1.7129 48.3049 -8.2973 0.0109
Car -1 -1 -4.8278 628.3456 175.4297 657.9097 199.1702 1.6094 1.6147 4.3139 2.2957 1.8012 51.6028 -4.7841 0.0104
Car -1 -1 -4.9756 543.2789 175.3001 576.9535 197.2420 1.4679 1.5200 3.3804 -3.5560 1.6451 50.5270 -5.0459 0.0103
Car -1 -1 -4.7549 566.7290 175.4517 586.2930 194.3466 1.5637 1.5170 3.8798 -2.9393 1.7948 62.2635 -4.8022 0.0099
Car -1 -1 -5.1694 644.9286 175.7679 706.3131 206.7257 1.5722 1.6350 4.1925 3.4670 1.7397 39.3165 -5.0826 0.0086
Car -1 -1 -4.6955 629.6500 175.1876 652.9249 199.5094 1.6438 1.5863 4.1462 2.2246 1.8162 51.2888 -4.6529 0.0085
Car -1 -1 -5.3361 645.0838 176.6462 715.6505 206.7799 1.5321 1.6576 4.2618 3.7459 1.7513 39.5111 -5.2428 0.0085
Car -1 -1 -4.9854 538.2535 174.9374 575.4038 197.4367 1.5007 1.6319 3.7779 -3.7957 1.6523 50.5602 -5.0603 0.0082
Car -1 -1 -4.9380 541.5674 174.2298 578.0692 197.8676 1.5823 1.6781 4.1076 -3.6054 1.6830 50.7666 -5.0090 0.0081
Car -1 -1 -1.8683 0.0000 187.3852 115.7526 374.0000 1.3166 1.6352 4.0200 -4.8625 1.4262 3.9002 -2.7296 0.0078
Car -1 -1 -4.8822 546.7053 173.9875 579.2490 197.3678 1.5702 1.6170 4.0618 -3.3840 1.6531 50.8304 -4.9487 0.0076
Car -1 -1 -4.5591 568.0487 175.7238 591.2676 194.4694 1.5503 1.4481 3.7436 -2.6114 1.8051 62.2066 -4.6013 0.0073
Car -1 -1 -4.0176 643.4485 175.4777 697.6589 197.7659 1.4785 1.6471 3.9102 4.2205 1.6683 50.2994 -3.9348 0.0070
Car -1 -1 -7.9560 661.4983 176.4684 692.6370 198.6692 1.4083 1.6670 4.0446 4.4288 1.6610 48.4645 -7.8659 0.0070
Car -1 -1 -4.6113 640.8044 174.6049 669.2081 199.5301 1.6855 1.5997 4.2692 3.2106 1.8152 51.3424 -4.5497 0.0069
Car -1 -1 -4.0259 641.5817 175.0581 693.9841 196.5622 1.4323 1.6305 3.7683 4.0317 1.5918 50.3764 -3.9469 0.0069
Car -1 -1 -3.9470 509.4215 175.5266 581.1110 199.7845 1.5139 1.7822 5.0148 -4.2786 1.7011 48.0980 -4.0357 0.0068
Car -1 -1 -4.8231 552.1739 173.3877 582.2280 197.3802 1.6202 1.6642 4.1517 -3.0963 1.6592 51.0090 -4.8839 0.0063
Car -1 -1 -4.7330 654.5419 175.1728 679.4395 196.8414 1.4215 1.6208 3.8231 3.8606 1.5872 49.7066 -4.6564 0.0061
Car -1 -1 -2.2987 0.0000 178.3469 184.4697 374.0000 1.3646 1.6351 4.0202 -4.6799 1.3985 3.5881 -3.1793 0.0061
Car -1 -1 -5.2602 641.5405 178.3743 687.2025 200.7260 1.4237 1.5096 3.4196 3.6036 1.8106 48.7454 -5.1873 0.0061
Car -1 -1 -4.9091 614.7841 174.3792 650.2201 198.3771 1.6189 1.7073 4.2358 1.5177 1.7315 51.1884 -4.8801 0.0059
Car -1 -1 -4.1172 520.1470 176.7252 582.4541 200.8282 1.4942 1.7318 4.8197 -3.8709 1.7653 48.0643 -4.1975 0.0059
Car -1 -1 -4.2891 516.5469 178.0394 568.2887 200.9198 1.3990 1.6445 4.6381 -4.4311 1.7591 47.6930 -4.3817 0.0059
Car -1 -1 -4.5547 655.4264 176.4485 686.6368 197.3722 1.3664 1.5805 3.7695 4.2189 1.6244 49.8324 -4.4712 0.0059
Car -1 -1 -4.7400 624.6210 174.5526 650.1703 198.4289 1.6168 1.6893 4.0569 1.8764 1.7418 51.1836 -4.7040 0.0058
Car -1 -1 -4.6436 634.2537 174.8437 660.9471 198.7535 1.6161 1.6075 4.3755 2.6869 1.7638 51.4152 -4.5921 0.0050
Car -1 -1 -5.3054 646.1938 176.4506 700.0601 199.4191 1.4663 1.7073 3.9577 4.1951 1.7204 48.8796 -5.2207 0.0050
Car -1 -1 -4.8415 646.7311 175.0275 677.9332 199.9819 1.6308 1.6024 4.2068 3.5267 1.7867 49.6758 -4.7715 0.0046
Car -1 -1 -4.3844 568.4932 175.6229 598.2073 194.5687 1.5671 1.4211 3.7888 -2.2917 1.8136 62.2913 -4.4214 0.0042
Car -1 -1 -4.4387 534.2790 176.7424 579.0847 200.9720 1.4926 1.7098 4.8653 -3.4982 1.7638 47.8236 -4.5117 0.0040
Car -1 -1 -4.6006 536.5945 176.6996 569.4785 199.7714 1.4245 1.6623 4.6115 -3.7438 1.6907 47.6602 -4.6790 0.0035
Pedestrian -1 -1 -8.4251 451.5708 171.6916 474.7011 211.9589 1.7704 0.7092 0.7700 -6.6063 1.7189 32.2457 -8.6260 0.0022
Car -1 -1 -4.6698 543.8220 176.3448 572.8766 200.1662 1.4695 1.7131 4.7521 -3.3931 1.7111 47.6128 -4.7410 0.0022
Car -1 -1 -7.5642 387.9815 165.2133 442.5519 201.1465 1.7999 1.6243 4.3243 -10.3019 1.4169 38.3273 -7.8254 0.0019
Car -1 -1 -7.3989 385.8608 165.4720 455.2914 203.8287 1.9001 1.6516 4.6981 -9.9674 1.5341 38.2107 -7.6527 0.0018
