Car -1 -1 -8.1397 751.9191 181.9188 998.2276 340.6979 1.4741 1.6233 4.0555 2.8910 1.6121 8.9715 -7.8387 0.9997
Cyclist -1 -1 -8.1594 1124.5018 160.7765 1193.7178 264.8708 1.6217 0.4390 1.5895 9.0869 1.4333 12.0642 -7.5260 0.2518
Cyclist -1 -1 -8.1311 1106.6685 163.8090 1169.7690 266.3604 1.5981 0.3932 1.6402 8.7539 1.4568 12.0827 -7.5162 0.1861
Car -1 -1 -5.0212 1113.0204 174.1965 1241.0000 286.1142 1.4078 1.5631 3.5648 9.1075 1.4317 11.0667 -4.3460 0.1685
Car -1 -1 -5.0467 1120.4884 169.7874 1241.0000 292.2275 1.4578 1.6595 3.9557 9.1419 1.4210 10.7338 -4.3551 0.1318
Cyclist -1 -1 -8.0652 1096.8622 161.0551 1153.2633 264.1942 1.6388 0.4172 1.6664 8.7027 1.4510 12.3145 -7.4617 0.1136
Car -1 -1 -5.0153 1113.7618 173.7944 1241.0000 290.2541 1.4024 1.6016 3.7246 8.9245 1.4187 10.7476 -4.3361 0.1122
Cyclist -1 -1 -8.1312 1116.2941 161.6095 1182.5449 264.1201 1.6242 0.4508 1.6224 9.0812 1.4458 12.2719 -7.5061 0.1050
Cyclist -1 -1 -8.0778 1137.9000 157.6253 1204.2699 265.2402 1.6288 0.4648 1.6896 9.0711 1.3980 11.7870 -7.4343 0.1037
Car -1 -1 -5.1046 1110.6041 174.3468 1241.0000 280.8297 1.4090 1.5052 3.5033 9.4649 1.4364 11.4932 -4.4286 0.1020
Pedestrian -1 -1 -4.2521 416.2051 178.9475 468.4493 278.8578 1.6978 0.5631 0.9009 -3.0212 1.8100 12.8255 -4.4798 0.1014
Car -1 -1 -4.7948 1104.0846 176.3888 1241.0000 281.0215 1.3820 1.5867 3.2894 8.8370 1.4467 11.4672 -4.1511 0.0771
Pedestrian -1 -1 -4.6745 421.7932 177.7135 457.4861 279.0035 1.6958 0.5745 0.8792 -3.0206 1.7838 12.6136 -4.9058 0.0689
Car -1 -1 -7.2214 1118.9154 171.8445 1241.0000 280.6153 1.4111 1.6022 3.7195 9.6383 1.3978 10.5345 -6.4946 0.0637
Car -1 -1 -3.8605 1100.9592 171.8090 1241.0000 265.3941 1.4201 1.5850 3.7638 10.3632 1.4040 11.7590 -3.1509 0.0596
Cyclist -1 -1 -8.3323 1149.1398 156.8906 1241.0000 265.0239 1.6281 0.4603 1.7236 9.4584 1.3874 11.7531 -7.6673 0.0578
Pedestrian -1 -1 -3.5271 1119.5707 161.2086 1173.9226 261.6028 1.6487 0.6208 0.5382 9.0177 1.4571 12.2144 -2.9031 0.0576
Car -1 -1 -7.0735 1132.7379 172.5438 1241.0000 278.7211 1.3820 1.5646 3.6252 9.7275 1.3777 10.2564 -6.3291 0.0533
Car -1 -1 -3.9527 1055.5210 172.5102 1241.0000 269.6054 1.4331 1.5825 3.8265 9.4943 1.4277 11.7040 -3.2838 0.0463
Car -1 -1 -7.4388 1121.4845 171.8589 1241.0000 283.0066 1.4174 1.6338 3.7645 9.5646 1.4044 10.7452 -6.7254 0.0425
Car -1 -1 -4.1326 1037.1057 174.5908 1241.0000 271.4571 1.3862 1.5013 3.7238 8.9265 1.4174 11.7219 -3.4943 0.0418
Pedestrian -1 -1 -4.5628 1137.7601 159.5547 1194.2925 266.9237 1.6862 0.6547 0.6153 9.0229 1.4771 11.7809 -3.9217 0.0397
Car -1 -1 -6.7141 1065.8772 171.7000 1241.0000 275.7187 1.4593 1.8231 3.7249 9.6212 1.4428 11.4730 -6.0293 0.0395
Cyclist -1 -1 -8.0481 1120.9821 161.6833 1179.3995 266.0733 1.5831 0.4292 1.6335 8.7262 1.4134 11.7740 -7.4226 0.0378
Car -1 -1 -4.2184 1075.7987 170.6797 1241.0000 272.4370 1.3961 1.6436 3.6689 9.3210 1.3659 11.3749 -3.5449 0.0354
Car -1 -1 -5.0622 1128.0107 170.7631 1241.0000 287.8437 1.4358 1.6284 3.8610 9.4118 1.4098 10.9407 -4.3655 0.0322
Pedestrian -1 -1 -3.3078 1112.8896 159.2774 1158.8055 260.5964 1.6998 0.5904 0.5443 9.0350 1.4717 12.4889 -2.6932 0.0317
Car -1 -1 -6.5700 1131.9164 167.9082 1241.0000 282.9547 1.4990 1.7032 3.9241 10.4898 1.4342 11.0347 -5.8236 0.0309
Cyclist -1 -1 -7.1093 1091.3978 160.1965 1204.9331 262.2438 1.6651 0.5622 1.6831 9.0486 1.4583 12.2165 -6.4838 0.0296
Pedestrian -1 -1 -3.8557 1103.8160 159.4386 1164.4117 260.9398 1.6633 0.6343 0.5415 8.7710 1.4432 12.1669 -3.2431 0.0261
Pedestrian -1 -1 -4.4286 1118.2368 160.8829 1175.2545 264.0500 1.6214 0.6107 0.5919 8.6931 1.4330 11.7630 -3.8046 0.0253
Pedestrian -1 -1 -3.8289 236.2584 210.4622 321.2596 352.7852 1.4576 0.5074 0.6969 -3.7359 1.8984 8.0388 -4.2524 0.0239
Car -1 -1 -7.1906 1123.6265 168.6965 1241.0000 277.4066 1.4635 1.7126 3.6056 9.9855 1.4073 10.8766 -6.4616 0.0231
Car -1 -1 -5.2572 1100.0864 175.8934 1241.0000 299.8061 1.3998 1.6280 3.7923 8.7830 1.4511 10.2453 -4.5631 0.0228
Pedestrian -1 -1 -3.9713 223.1192 209.5281 309.1985 360.8315 1.5133 0.4886 0.7134 -3.7730 1.9320 7.8304 -4.4081 0.0226
Pedestrian -1 -1 -4.1688 1087.5005 151.1617 1146.5160 256.3631 1.7701 0.6411 0.5672 8.7569 1.4048 12.5499 -3.5710 0.0182
Car -1 -1 -6.8413 1120.8906 166.6106 1241.0000 272.7657 1.4988 1.6881 4.0452 10.6899 1.4103 11.3846 -6.1005 0.0176
Pedestrian -1 -1 -3.7452 764.9244 174.4228 793.5775 244.4290 1.7740 0.5544 0.4917 4.3202 1.8150 18.6482 -3.5219 0.0168
Car -1 -1 -4.4282 0.0000 188.4227 126.4245 374.0000 1.4024 1.6190 4.1665 -6.3707 1.6085 7.3313 -5.1258 0.0165
Cyclist -1 -1 -7.2281 1108.7052 156.1905 1232.0930 265.9810 1.7083 0.5941 1.9300 9.1069 1.4488 11.7961 -6.5832 0.0163
Car -1 -1 -5.7321 1131.9039 175.2081 1241.0000 318.2504 1.3445 1.6186 3.9840 8.9712 1.3804 8.9827 -4.9639 0.0153
Car -1 -1 -6.9899 1143.7080 174.0540 1241.0000 283.2385 1.3724 1.6270 3.6766 9.8081 1.3903 10.0011 -6.2292 0.0146
Car -1 -1 -4.3972 0.0000 188.0129 156.1212 374.0000 1.3999 1.6281 4.1933 -6.3764 1.6097 7.7498 -5.0691 0.0139
Car -1 -1 -5.5171 1122.9957 183.7168 1241.0000 318.7536 1.3214 1.5830 3.7077 8.7243 1.4893 9.2687 -4.7782 0.0121
Car -1 -1 -4.4263 0.0000 186.2445 174.7730 368.8950 1.4073 1.6425 4.2007 -6.3556 1.6000 8.1449 -5.0733 0.0110
Car -1 -1 -4.0399 0.0000 183.8149 275.0200 333.1447 1.4296 1.6237 4.1349 -6.3162 1.6038 9.3535 -4.6211 0.0107
Car -1 -1 -4.4135 0.0000 185.7399 198.7370 352.4442 1.3945 1.6032 4.1489 -6.3299 1.5875 8.6008 -5.0335 0.0105
Cyclist -1 -1 -8.1612 1154.1260 153.8300 1241.0000 273.3973 1.6877 0.5704 1.9123 9.0564 1.4188 11.1796 -7.4936 0.0091
Car -1 -1 -4.4773 639.8633 177.0031 668.7365 194.2703 1.4649 1.6927 3.9930 3.9649 1.8474 64.4078 -4.4165 0.0063
Cyclist -1 -1 -8.0900 1134.7584 156.4507 1215.6204 272.1523 1.6506 0.5693 1.7297 8.6672 1.4163 11.2003 -7.4446 0.0062
Car -1 -1 -5.1541 629.8082 178.2322 679.2310 199.9829 1.4009 1.6902 4.3957 2.9939 1.7908 49.9912 -5.0951 0.0058
Car -1 -1 -5.4308 1131.9958 183.7427 1241.0000 317.7505 1.3285 1.4701 3.5263 8.6023 1.4940 9.2162 -4.6962 0.0058
Cyclist -1 -1 -8.0093 975.8038 133.1627 1041.7296 269.0270 1.8350 0.5417 1.8544 5.8193 1.2986 10.7100 -7.5236 0.0053
Cyclist -1 -1 -7.9320 1101.9934 166.8055 1143.4442 264.9707 1.4939 0.4141 1.4312 8.2410 1.4016 11.7041 -7.3308 0.0052
Cyclist -1 -1 -7.7973 676.9740 174.2839 683.7237 196.5199 1.6841 0.4174 1.8656 5.4090 1.7961 55.7241 -7.7015 0.0050
Pedestrian -1 -1 -6.6144 676.2204 174.0625 686.2518 196.4343 1.6698 0.7260 0.5439 5.3314 1.7611 54.3148 -6.5175 0.0047
Car -1 -1 -4.2382 635.0624 176.2142 673.1495 194.6073 1.5551 1.7108 4.0562 3.9225 1.8629 63.9817 -4.1777 0.0039
Pedestrian -1 -1 -3.3497 675.2854 174.1744 684.6638 195.8322 1.6183 0.6951 0.5705 5.2388 1.7182 54.3392 -3.2546 0.0036
Cyclist -1 -1 -7.9653 672.9434 175.6487 680.8658 197.2833 1.6317 0.3867 1.9828 5.1285 1.8509 55.6713 -7.8743 0.0035
Car -1 -1 -3.5804 0.0000 0.0000 60.2166 374.0000 1.5378 1.6224 3.7607 -3.8886 1.5316 1.9534 -4.6299 0.0031
Car -1 -1 -6.5824 0.0000 0.0000 1241.0000 374.0000 1.5524 1.5922 3.6042 -4.2020 1.6898 1.4034 -7.7715 0.0030
Car -1 -1 -6.6564 0.0000 0.0000 1241.0000 374.0000 1.5315 1.5716 3.4672 -3.0035 1.6359 1.1896 -7.7717 0.0030
Car -1 -1 -8.8176 0.0000 0.0000 1241.0000 374.0000 1.5539 1.5813 3.5436 2.6413 1.5566 1.2361 -7.7730 0.0030
Car -1 -1 -6.7841 0.0000 0.0000 1241.0000 374.0000 1.5367 1.5700 3.4643 -2.1928 1.6164 1.1681 -7.7715 0.0030
Car -1 -1 -8.8704 0.0000 0.0000 1241.0000 374.0000 1.5499 1.5906 3.5804 3.0589 1.5706 1.2678 -7.7726 0.0030
Car -1 -1 -8.5514 0.0000 0.0000 1229.6707 374.0000 1.5607 1.5807 3.5369 1.4884 1.5810 1.1964 -7.7703 0.0030
Car -1 -1 -6.8055 0.0000 0.0000 1241.0000 374.0000 1.5664 1.6122 3.6638 -1.7986 1.6091 0.9252 -7.7862 0.0030
Car -1 -1 -8.6735 0.0000 0.0000 1241.0000 374.0000 1.5629 1.5770 3.5301 1.8766 1.5733 1.1820 -7.7716 0.0030
Car -1 -1 -6.6624 0.0000 0.0000 1241.0000 374.0000 1.5684 1.6158 3.6645 -2.6191 1.6347 0.9714 -7.7868 0.0030
Car -1 -1 -6.6411 0.0000 0.0000 1241.0000 374.0000 1.5370 1.5808 3.5443 -3.3953 1.6550 1.3185 -7.7714 0.0030
Car -1 -1 -6.5969 0.0000 0.0000 1241.0000 374.0000 1.5349 1.5803 3.5384 -3.7991 1.6539 1.3084 -7.7710 0.0030
Car -1 -1 -8.7517 0.0000 0.0000 1241.0000 374.0000 1.5575 1.5850 3.5681 2.2810 1.5737 1.2279 -7.7711 0.0030
Cyclist -1 -1 -8.0091 676.9207 173.4091 685.8765 197.1171 1.7654 0.3688 1.9946 5.3861 1.8080 54.7828 -7.9120 0.0021
Cyclist -1 -1 -8.1111 674.8487 176.2908 685.7267 197.3851 1.5843 0.4001 1.7318 5.3591 1.8520 55.3683 -8.0155 0.0020
Cyclist -1 -1 -7.9096 560.8899 176.6601 571.3707 211.6484 1.5964 0.4120 1.3605 -2.0997 1.7779 33.7731 -7.9718 0.0019
Car -1 -1 -6.6328 626.4946 176.2946 683.3532 196.7219 1.7554 1.7909 4.7084 3.9572 2.0678 64.0477 -6.5718 0.0019
Pedestrian -1 -1 -6.7528 675.8032 172.5707 687.1406 196.4031 1.7709 0.7836 0.5495 5.3257 1.7496 54.0804 -6.6556 0.0018
Cyclist -1 -1 -8.0250 678.0312 174.4239 686.6330 197.4914 1.6999 0.3778 1.5626 5.3870 1.8190 54.0738 -7.9266 0.0016
Pedestrian -1 -1 -3.0399 681.7584 168.4493 693.1794 200.7571 1.9821 0.8702 0.6212 4.7735 1.7116 44.7572 -2.9348 0.0015
Pedestrian -1 -1 -3.3193 1111.2441 183.5150 1187.0574 339.7706 1.5074 0.5252 0.5233 5.4215 1.6210 7.3572 -2.7041 0.0015
Cyclist -1 -1 -7.8465 678.9755 174.5484 683.4780 197.6518 1.7145 0.3297 1.5249 5.3468 1.8438 54.4334 -7.7495 0.0014
Pedestrian -1 -1 -6.2934 675.9053 172.2257 683.4606 195.9953 1.7663 0.8574 0.5530 5.1902 1.7193 54.0682 -6.1986 0.0014
Cyclist -1 -1 -8.5823 1030.1365 159.8401 1206.7740 335.3446 1.6881 0.4081 1.8603 5.3937 1.5626 7.8901 -8.0007 0.0013
Cyclist -1 -1 -8.1592 685.7821 172.0975 698.0867 199.3948 1.6623 0.3670 1.3411 5.0281 1.6160 44.6328 -8.0482 0.0012
Pedestrian -1 -1 -3.5174 785.3415 169.7936 815.9538 240.7969 1.5253 0.5653 0.4705 4.1197 1.4593 15.8107 -3.2678 0.0012
Pedestrian -1 -1 -6.5317 684.3925 168.1578 696.9220 201.1879 2.0274 0.8574 0.5773 4.9646 1.7389 44.7531 -6.4224 0.0011
Cyclist -1 -1 -8.1631 674.1069 174.4954 684.9563 196.5365 1.6251 0.3526 1.5484 5.1799 1.7497 54.1107 -8.0686 0.0010
Cyclist -1 -1 -7.9410 684.7113 172.7641 692.7587 201.6124 1.8393 0.3738 1.6426 5.0719 1.8333 46.8294 -7.8343 0.0010
Cyclist -1 -1 -8.0696 675.1775 175.6796 683.7581 197.2812 1.5986 0.3191 1.5377 5.2024 1.8143 54.3825 -7.9751 0.0009
Cyclist -1 -1 -8.0045 673.2639 174.1225 681.6011 196.3568 1.6593 0.3591 1.8169 5.0939 1.7570 54.8675 -7.9128 0.0009
Pedestrian -1 -1 -6.5582 686.1525 170.5771 697.1517 197.7882 1.6613 0.6815 0.5055 4.9906 1.5220 44.4299 -6.4475 0.0009
Pedestrian -1 -1 -5.8713 1147.0735 172.1090 1235.9443 338.0049 1.5894 0.5745 0.5199 5.8036 1.5820 7.2795 -5.2185 0.0008
Cyclist -1 -1 -8.0442 683.6845 174.6580 694.7175 201.1625 1.6774 0.3861 1.7228 5.0812 1.7959 46.6567 -7.9369 0.0007
Pedestrian -1 -1 -6.3527 679.0730 175.7469 687.5557 201.0431 1.7509 0.7252 0.5387 5.0871 1.9541 50.3959 -6.2532 0.0007
Cyclist -1 -1 -7.9390 673.3169 176.0502 680.3304 196.8922 1.5680 0.3933 1.6557 5.0953 1.8167 55.3671 -7.8482 0.0006
Pedestrian -1 -1 -3.4563 626.2825 175.6154 636.8181 196.9167 1.7714 0.6078 0.7301 1.7803 2.0041 60.4980 -3.4275 0.0005
Cyclist -1 -1 -7.9315 679.3297 172.2737 687.3943 200.9039 1.8240 0.3887 1.6624 4.7206 1.7867 46.8043 -7.8321 0.0005
Pedestrian -1 -1 -3.0533 622.5755 174.8320 634.1751 198.8852 2.0018 0.5992 0.9232 1.5164 2.1682 60.4559 -3.0288 0.0005
Cyclist -1 -1 -8.6227 1020.0466 140.4378 1173.9354 304.0118 1.6813 0.4248 1.6241 5.4341 1.3478 8.2548 -8.0573 0.0003
Cyclist -1 -1 -8.1615 1083.8472 142.5659 1181.9213 301.9792 1.6403 0.4355 1.4982 5.8354 1.3283 8.2044 -7.5606 0.0003
