Car -1 -1 -7.3677 101.3426 184.8505 292.8956 276.6528 1.5371 1.6048 3.7632 -7.7566 1.5311 13.9286 -7.8679 0.9999
Car -1 -1 -7.8633 582.9659 175.4208 620.1692 210.7869 1.6217 1.7069 3.8044 -0.3586 1.1727 34.8824 -7.8739 0.9260
Car -1 -1 -7.8985 581.9267 175.6117 619.7097 210.6598 1.6051 1.6558 3.6279 -0.4179 1.1654 34.7786 -7.9108 0.9138
Car -1 -1 -7.8569 583.0077 176.0428 618.9240 210.4499 1.5791 1.6489 3.9127 -0.3761 1.1583 34.9591 -7.8680 0.8438
Car -1 -1 -4.2922 125.2606 182.2329 251.9903 241.6816 1.4586 1.5198 3.8591 -11.3179 1.3855 19.6310 -4.8095 0.8128
Car -1 -1 -7.8245 289.5701 186.1057 355.5834 242.5530 1.4565 1.6133 3.7732 -8.1611 1.4847 20.6605 -8.1966 0.7988
Car -1 -1 -7.7198 288.8708 185.6147 369.2463 241.9377 1.4572 1.6417 3.7736 -7.9400 1.4699 20.6506 -8.0828 0.7518
Car -1 -1 -7.9596 281.4467 185.7748 357.1391 242.6072 1.4662 1.6218 3.8005 -8.3995 1.4840 20.6444 -8.3418 0.6604
Car -1 -1 -7.4273 134.7809 182.2844 257.0529 240.7147 1.4783 1.5490 3.7008 -11.3979 1.4043 20.0955 -7.9377 0.5954
Car -1 -1 -4.2081 106.9095 182.3720 248.2131 243.0731 1.4605 1.5253 3.9032 -11.3832 1.3922 19.2645 -4.7359 0.5331
Car -1 -1 -7.9299 577.8936 175.7748 619.3204 210.8709 1.6060 1.7039 3.9694 -0.5353 1.1742 34.9500 -7.9455 0.5327
Car -1 -1 -7.5679 287.4892 185.1401 387.1361 241.3962 1.4622 1.6598 3.7615 -7.6692 1.4604 20.6163 -7.9201 0.5259
Car -1 -1 -4.3081 115.2491 183.8876 250.3713 244.6788 1.4468 1.5495 4.2256 -11.2500 1.4154 19.2977 -4.8301 0.5144
Car -1 -1 -4.2334 114.0308 182.3174 250.0686 242.5346 1.4784 1.5567 3.8756 -11.4798 1.4074 19.6192 -4.7571 0.5038
Car -1 -1 -7.6353 282.9178 187.6565 371.4747 243.6788 1.4165 1.5614 3.5845 -7.8257 1.4918 20.2278 -8.0003 0.3905
Car -1 -1 -8.1216 259.8376 188.1008 356.8486 245.3242 1.4682 1.6161 3.8237 -8.7163 1.5593 20.6506 -8.5167 0.3394
Pedestrian -1 -1 -8.3907 683.6605 172.6918 701.6257 208.7481 1.7722 0.6294 0.6766 4.1867 1.1568 35.7707 -8.2755 0.3010
Pedestrian -1 -1 -8.1646 683.6441 171.8066 701.2557 208.6073 1.8047 0.6662 0.7602 4.1660 1.1473 35.6904 -8.0497 0.2883
Car -1 -1 -7.5009 285.4453 186.2718 390.2699 243.1393 1.4449 1.6202 3.4748 -7.4552 1.4770 20.0674 -7.8525 0.2374
Car -1 -1 -7.3254 287.6122 184.4474 414.6464 241.6680 1.4672 1.6552 3.8951 -7.2117 1.4477 20.5029 -7.6598 0.2133
Car -1 -1 -4.5249 499.6324 180.4530 548.8435 212.2197 1.4279 1.5943 4.1480 -3.9685 1.2140 34.4387 -4.6391 0.1702
Car -1 -1 -4.5602 504.0673 181.2865 549.5770 213.4802 1.4401 1.5591 4.0153 -3.8236 1.2645 34.1931 -4.6711 0.1263
Car -1 -1 -7.0653 0.0000 153.7274 134.5923 375.0000 1.8690 1.7217 4.0448 -7.4107 1.6197 7.7523 -7.8111 0.0710
Car -1 -1 -7.4776 639.7845 176.1068 678.5172 196.6876 1.4940 1.6242 3.8338 3.8959 0.8329 54.2614 -7.4066 0.0364
Cyclist -1 -1 -4.2710 606.2833 175.1612 628.1440 206.5299 1.8456 0.6061 1.8003 0.5499 1.2542 43.2372 -4.2588 0.0333
Car -1 -1 -4.3638 480.5608 180.1080 548.0603 216.1233 1.5100 1.6125 4.3976 -4.1651 1.2960 32.4620 -4.4908 0.0297
Pedestrian -1 -1 -8.5662 678.8250 173.0312 699.1516 209.1528 1.7659 0.6830 0.7406 3.9907 1.1704 35.6412 -8.4560 0.0279
Car -1 -1 -6.6300 579.4104 176.5937 648.7845 203.3753 1.5815 1.7289 3.8803 0.3505 1.0725 43.9113 -6.6225 0.0231
Car -1 -1 -4.2498 538.6516 179.7483 603.5702 210.5294 1.4866 1.6173 4.2294 -1.8464 1.2227 36.9789 -4.2998 0.0203
Car -1 -1 -4.2806 536.6248 180.0282 596.1431 210.2809 1.4551 1.5627 3.8486 -2.0816 1.2057 36.6522 -4.3374 0.0200
Car -1 -1 -7.9884 645.9233 176.2239 690.6964 214.9028 1.6490 1.5503 3.4296 2.6396 1.2658 32.4013 -7.9082 0.0192
Cyclist -1 -1 -6.3449 682.5616 166.9320 715.7032 206.5889 1.9471 0.6337 1.5929 4.4893 1.0495 35.6602 -6.2210 0.0183
Car -1 -1 -6.3233 651.8163 178.1929 745.2406 214.3365 1.5339 1.5355 3.9580 3.8855 1.2360 31.4343 -6.2018 0.0175
Pedestrian -1 -1 -3.2848 565.4043 173.2761 573.8266 195.6765 1.6963 0.6889 0.5480 -2.9308 0.7923 54.8267 -3.3383 0.0171
Car -1 -1 -7.9956 647.9592 177.9637 694.2575 215.2888 1.5488 1.5401 3.4486 2.6920 1.2480 31.5944 -7.9118 0.0155
Car -1 -1 -7.1794 0.0000 161.9479 142.7420 375.0000 1.8121 1.6699 3.9408 -7.1851 1.6225 7.8715 -7.9024 0.0153
Car -1 -1 -4.1626 308.7950 180.7887 383.9876 210.7119 1.3573 1.6114 3.8814 -12.5506 1.1566 34.6700 -4.5078 0.0148
Car -1 -1 -8.0046 641.2728 174.8048 687.4545 213.7658 1.6591 1.5508 3.5209 2.4613 1.2160 32.4265 -7.9299 0.0146
Car -1 -1 -7.9680 653.1249 178.0952 699.0977 215.1674 1.5302 1.5907 3.5717 2.8980 1.2364 31.4750 -7.8775 0.0136
Car -1 -1 -7.8641 647.6998 175.6450 683.0474 213.7183 1.6381 1.5185 3.7294 2.5675 1.2265 32.8396 -7.7871 0.0133
Car -1 -1 -6.8019 587.8084 178.2601 652.6690 203.8326 1.5048 1.6453 3.6210 0.7402 1.0956 43.8930 -6.7856 0.0121
Car -1 -1 -3.6838 579.4547 178.7102 645.0649 205.7164 1.5665 1.5956 3.6553 0.2536 1.1893 43.3177 -3.6784 0.0111
Cyclist -1 -1 -4.1158 603.5333 177.4950 628.9904 205.8279 1.6602 0.6313 1.7866 0.4896 1.2080 43.0365 -4.1050 0.0101
Car -1 -1 -7.6056 583.4273 176.8847 626.6320 203.1878 1.5221 1.7477 3.7897 -0.1456 1.0402 43.6494 -7.6093 0.0099
Car -1 -1 -2.8193 572.1898 176.2959 640.2571 204.9263 1.6914 1.6876 3.8164 -0.1127 1.1646 43.8675 -2.8223 0.0092
Cyclist -1 -1 -7.4353 605.6407 176.9253 627.6397 205.2047 1.6486 0.5929 1.9025 0.5120 1.1655 42.8961 -7.4239 0.0090
Car -1 -1 -4.3036 585.2148 175.1217 638.5139 205.4684 1.7286 1.7777 3.9421 0.2706 1.1538 43.1100 -4.2977 0.0090
Cyclist -1 -1 -8.1513 564.1021 173.0896 574.4792 195.8119 1.7204 0.3309 1.6320 -2.9815 0.8025 55.2521 -8.2054 0.0089
Car -1 -1 -6.3012 653.0067 178.2880 746.5422 215.5609 1.5681 1.5877 3.9305 3.9286 1.2768 31.2387 -6.1777 0.0089
Cyclist -1 -1 -6.7420 678.2531 171.5957 709.7391 208.2501 1.7986 0.5818 1.4489 4.2580 1.1305 35.7910 -6.6249 0.0088
Car -1 -1 -7.7607 654.8373 176.5911 694.6115 215.3722 1.6363 1.4668 3.3906 2.9978 1.2726 32.1321 -7.6690 0.0078
Cyclist -1 -1 -4.2752 599.5148 177.3398 622.5081 206.1251 1.6776 0.6481 1.8574 0.1758 1.2187 42.8720 -4.2715 0.0074
Pedestrian -1 -1 -6.3052 702.1398 167.8183 727.8230 220.5379 1.7016 0.4919 0.8172 3.4547 1.1402 23.4956 -6.1613 0.0073
Car -1 -1 -2.8265 572.7905 175.8960 644.1857 205.6362 1.7691 1.7756 4.0425 0.0274 1.2149 44.2324 -2.8264 0.0072
Car -1 -1 -3.3576 570.4354 176.4717 641.4105 205.5304 1.7200 1.7660 4.0433 -0.1613 1.2026 43.8536 -3.3617 0.0069
Car -1 -1 -8.2966 584.5852 176.0701 637.7680 205.3576 1.7355 1.8375 3.8296 0.1351 1.1937 44.7214 -8.2940 0.0067
Car -1 -1 -3.1168 563.9415 177.1560 630.1447 204.5802 1.6258 1.7956 3.9272 -0.6575 1.1482 43.5327 -3.1322 0.0067
Car -1 -1 -3.4201 571.9996 175.9001 642.6469 205.8363 1.7592 1.8431 3.9356 -0.0719 1.2119 43.6744 -3.4222 0.0066
Car -1 -1 -7.9950 648.5245 176.3138 696.4172 215.0349 1.6397 1.6292 3.6572 2.8118 1.2629 32.3121 -7.9094 0.0063
Car -1 -1 -7.5206 625.9342 174.7973 661.1203 197.8546 1.6132 1.5359 3.3650 2.6036 0.8845 52.1434 -7.4714 0.0063
Car -1 -1 -3.5649 571.2955 177.8944 639.0575 205.3261 1.5961 1.6330 3.7458 -0.1831 1.1703 43.3457 -3.5696 0.0061
Car -1 -1 -3.6656 577.9501 177.5537 645.4207 205.0595 1.6027 1.6987 3.7401 0.2180 1.1564 43.5512 -3.6611 0.0060
Car -1 -1 -4.6600 538.0280 180.0416 573.7875 212.2466 1.4630 1.5246 3.6232 -2.4777 1.2281 34.4814 -4.7316 0.0059
Car -1 -1 -8.1977 592.8965 177.0481 637.2352 204.1949 1.6137 1.6361 3.5840 0.3825 1.1283 44.6915 -8.1897 0.0058
Car -1 -1 -4.4028 238.8064 187.2757 312.2312 224.6211 1.4302 1.5525 4.2148 -13.7725 1.5225 29.9549 -4.8308 0.0058
Car -1 -1 -2.5608 566.1761 176.8551 637.2507 205.0155 1.6579 1.7523 4.0701 -0.4177 1.1659 44.1589 -2.5707 0.0057
Cyclist -1 -1 -6.5369 596.7087 174.7021 628.1565 205.5241 1.8261 0.7323 1.7601 0.2484 1.2034 43.1615 -6.5316 0.0057
Car -1 -1 -4.2912 580.6443 175.5704 634.1870 206.4860 1.7763 1.7412 4.0433 0.0058 1.2223 43.5048 -4.2915 0.0054
Car -1 -1 -8.0373 619.2840 174.2168 648.8940 198.4032 1.7064 1.5449 3.4918 1.8701 0.9306 52.5571 -8.0024 0.0052
Car -1 -1 -4.2870 578.0802 175.4913 630.8936 206.8192 1.7902 1.7069 3.9318 -0.1727 1.2346 43.2207 -4.2914 0.0050
Car -1 -1 -8.3429 576.5404 174.4012 635.6410 205.2415 1.8205 1.9232 4.1976 -0.1890 1.1823 44.7390 -8.3476 0.0050
Pedestrian -1 -1 -5.0661 949.8046 233.2238 1024.0298 375.0000 1.1707 0.4023 0.4255 3.0040 1.5756 5.8290 -4.6097 0.0046
Cyclist -1 -1 -6.6096 599.2102 177.0194 630.0839 205.2280 1.6594 0.7177 1.7016 0.3801 1.1774 42.8952 -6.6013 0.0045
Cyclist -1 -1 -6.5115 678.0602 169.9899 709.8687 207.3830 1.8369 0.5949 1.4706 4.2402 1.0891 35.6901 -6.3946 0.0044
Pedestrian -1 -1 -3.4081 373.3295 174.0935 441.5336 286.8503 1.5913 0.5900 0.8450 -3.0146 1.4345 10.6146 -3.6785 0.0042
Pedestrian -1 -1 -4.3041 605.0779 177.3069 618.7482 206.2983 1.7102 0.6094 0.6439 0.2197 1.2438 42.8221 -4.2995 0.0041
Car -1 -1 -8.0050 577.0078 173.9717 616.8538 199.3129 1.4954 1.8956 3.8678 -0.7466 0.8321 44.4860 -8.0220 0.0039
Pedestrian -1 -1 -7.7007 332.1989 168.7336 376.1536 268.0880 1.7049 0.5894 1.0387 -4.5861 1.4222 12.8993 -8.0360 0.0039
Car -1 -1 -8.1158 425.1053 177.5099 481.1965 210.1969 1.4563 1.6371 3.9310 -7.4346 1.1132 34.1497 -8.3289 0.0036
Car -1 -1 -7.9679 581.3582 172.8162 620.5001 202.5830 1.7574 1.9562 4.1821 -0.5052 1.0255 44.6383 -7.9795 0.0036
Cyclist -1 -1 -4.6334 332.4613 175.1591 372.6072 275.2297 1.6599 0.5329 1.7553 -4.5864 1.4933 12.8406 -4.9702 0.0035
Car -1 -1 -8.0864 418.8593 176.7226 474.2872 209.7177 1.4600 1.6660 4.0352 -7.7130 1.0844 33.9873 -8.3082 0.0034
Car -1 -1 -4.5439 324.4646 179.2467 376.2633 211.5065 1.3926 1.6007 3.9292 -11.8157 1.1351 33.1041 -4.8844 0.0030
Car -1 -1 -4.5347 318.5930 179.8537 372.6833 212.6560 1.3949 1.6284 3.9368 -11.8630 1.1670 32.6455 -4.8809 0.0030
Car -1 -1 -7.6898 624.5680 173.6816 655.1831 197.5736 1.6771 1.6640 3.6210 2.3535 0.8676 52.4037 -7.6456 0.0029
Cyclist -1 -1 -3.6446 598.0953 177.1417 630.8771 205.9381 1.6950 0.6896 1.8623 0.3769 1.2199 43.0586 -3.6363 0.0027
Car -1 -1 -4.5240 410.9894 177.8229 461.5355 208.9304 1.3532 1.5971 3.7058 -7.8808 1.0318 33.1564 -4.7559 0.0026
Pedestrian -1 -1 -5.1088 913.1345 212.8227 1004.6214 375.0000 1.3725 0.4640 0.5607 2.7197 1.6035 5.7255 -4.6842 0.0024
Pedestrian -1 -1 -3.2939 398.6540 186.2159 457.1700 287.2582 1.4352 0.5310 0.7663 -2.7134 1.4506 10.6110 -3.5385 0.0024
Car -1 -1 -4.1107 390.4914 177.8981 473.4877 212.1899 1.4349 1.6759 3.9341 -7.8265 1.1289 32.2173 -4.3474 0.0023
Pedestrian -1 -1 -5.1989 937.5577 221.7986 1010.7714 375.0000 1.2695 0.4056 0.3912 2.9977 1.5861 6.0144 -4.7551 0.0022
Pedestrian -1 -1 -3.9591 367.7267 173.5257 449.3329 296.5454 1.7537 0.6304 1.0648 -3.0476 1.5872 10.8655 -4.2265 0.0022
Pedestrian -1 -1 -4.3526 325.7380 174.1673 377.5287 275.0194 1.7036 0.5257 1.0376 -4.5481 1.5172 12.6676 -4.6909 0.0021
Pedestrian -1 -1 -7.5052 605.8954 176.1605 621.0165 205.9663 1.7665 0.6777 0.7915 0.3150 1.2300 43.0924 -7.4984 0.0021
Car -1 -1 -3.8903 389.4767 176.4937 491.3759 214.0053 1.5485 1.7827 4.3667 -7.3902 1.1886 31.9826 -4.1159 0.0015
Pedestrian -1 -1 -4.8321 977.6672 233.6791 1048.2800 375.0000 1.2259 0.3953 0.5116 3.0112 1.6158 5.4732 -4.3506 0.0014
Pedestrian -1 -1 -4.0744 357.2298 180.2916 420.4818 288.7844 1.5866 0.5526 0.8065 -3.3872 1.5148 10.9858 -4.3670 0.0014
Cyclist -1 -1 -6.1067 747.6050 162.5861 809.6944 231.2675 1.7130 0.6726 1.4640 4.3566 1.1488 18.5263 -5.8795 0.0011
Pedestrian -1 -1 -4.0936 330.8620 173.0534 391.5904 273.0715 1.6831 0.5563 0.9577 -4.3706 1.4786 12.6355 -4.4204 0.0010
Pedestrian -1 -1 -3.8061 352.5540 173.0767 427.2655 281.5251 1.5301 0.6133 0.8684 -3.2802 1.3590 10.6739 -4.0974 0.0009
