Car -1 -1 -4.3458 256.9380 170.5477 321.1862 202.7082 1.5182 1.6323 3.9072 -15.9877 1.4090 36.0528 -4.7607 0.9920
Car -1 -1 -3.5769 813.4953 180.6044 956.2826 230.3863 1.3926 1.5689 3.6359 8.0419 1.6322 21.4024 -3.2226 0.9624
Car -1 -1 -4.3411 258.3936 171.2440 321.4106 202.6114 1.4803 1.6078 3.7619 -15.9118 1.4040 35.9649 -4.7551 0.8296
Car -1 -1 -4.3965 255.5697 170.2339 317.7335 202.6099 1.5262 1.7226 3.8110 -16.0859 1.4024 35.9960 -4.8142 0.7827
Car -1 -1 -3.5793 818.1151 178.7087 978.4160 229.3568 1.4206 1.6223 4.1195 8.4290 1.6017 21.4070 -3.2095 0.7457
Car -1 -1 -3.5699 817.1621 179.2579 967.0908 230.0574 1.4218 1.5487 3.8299 8.2199 1.6187 21.3199 -3.2072 0.5904
Car -1 -1 -4.3776 256.6271 173.3481 317.3282 203.3444 1.4057 1.6588 3.5547 -15.9512 1.4311 35.7132 -4.7951 0.5885
Car -1 -1 -3.6335 814.2145 178.8214 963.0762 230.3120 1.4410 1.6360 3.8218 8.1973 1.6273 21.5025 -3.2744 0.5871
Car -1 -1 -3.5910 828.1306 177.7603 998.8489 228.7029 1.4320 1.6814 4.3857 8.8878 1.5841 21.4449 -3.2036 0.5080
Car -1 -1 -6.8545 819.8323 177.8944 989.1643 228.4500 1.4065 1.7219 4.4836 8.7198 1.5660 21.6032 -6.4762 0.4518
Car -1 -1 -6.5383 832.4320 177.1271 1002.9302 228.1576 1.4101 1.7251 4.3208 8.8881 1.5426 21.2762 -6.1480 0.3636
Car -1 -1 -8.2241 826.9083 176.8510 914.9988 227.1732 1.5801 1.6300 3.5768 8.7998 1.7270 24.7589 -7.8870 0.1764
Car -1 -1 -5.4537 860.1782 176.4940 1016.0588 232.4045 1.4313 1.6846 4.2433 9.3352 1.5487 21.0488 -5.0420 0.1435
Car -1 -1 -5.2484 859.4498 179.1411 990.1644 233.6854 1.4185 1.6461 4.1105 9.1181 1.6235 21.4101 -4.8514 0.1375
Car -1 -1 -7.9281 855.7360 173.3581 918.6177 225.5836 1.6304 1.6893 3.8096 9.3245 1.6487 24.6300 -7.5708 0.1189
Car -1 -1 -4.8110 861.1442 180.0007 931.8445 234.8984 1.4484 1.5638 3.7045 8.4096 1.6813 21.5489 -4.4442 0.1043
Car -1 -1 -5.3493 855.4564 177.3298 998.6592 232.8471 1.4320 1.5949 4.2673 9.0960 1.5775 21.2377 -4.9503 0.1020
Car -1 -1 -8.0673 840.2536 175.1648 917.6160 226.8656 1.6125 1.6737 3.8207 9.0474 1.6977 24.6884 -7.7205 0.1010
Car -1 -1 -7.9880 851.6379 174.7439 922.0215 225.7404 1.5450 1.6753 3.6448 9.0525 1.6127 23.9681 -7.6315 0.0951
Car -1 -1 -6.6299 832.3824 170.5775 960.6122 222.3063 1.6573 1.6675 3.6064 9.4004 1.5841 23.9899 -6.2612 0.0803
Car -1 -1 -3.3048 789.7058 173.2440 919.0306 226.1222 1.6873 1.7109 3.8669 8.0400 1.7007 24.1812 -2.9881 0.0661
Car -1 -1 -5.0806 858.4510 178.4402 972.9669 234.3144 1.4671 1.6407 4.3656 8.9211 1.6510 21.5830 -4.6941 0.0619
Car -1 -1 -6.5812 813.3146 173.7698 943.4815 225.0905 1.6467 1.7686 3.7233 8.8519 1.6783 24.1604 -6.2345 0.0564
Car -1 -1 -6.5939 866.3692 174.5488 1029.5564 227.4855 1.4830 1.7109 4.0404 9.8356 1.5354 21.3647 -6.1682 0.0517
Car -1 -1 -7.8503 855.3561 174.8691 913.7424 227.3047 1.6421 1.7441 3.8389 9.3928 1.7171 24.8613 -7.4936 0.0502
Car -1 -1 -4.9143 623.8632 177.4046 657.1534 199.1233 1.4579 1.6085 3.8986 2.0990 1.7944 51.3494 -4.8741 0.0485
Car -1 -1 -8.3750 811.7349 174.2219 916.8572 228.0129 1.6687 1.6766 3.7882 8.4659 1.7187 24.5062 -8.0467 0.0460
Car -1 -1 -8.4825 804.1826 177.7934 909.9820 227.5892 1.5544 1.5757 3.6716 8.3711 1.7382 24.9060 -8.1624 0.0459
Car -1 -1 -8.0726 839.6110 177.7331 915.1570 227.9453 1.5707 1.6409 3.7302 9.0796 1.7520 24.9041 -7.7274 0.0447
Car -1 -1 -2.7998 244.8611 171.9889 327.6837 201.6111 1.4075 1.7450 3.3005 -15.8128 1.3661 35.2812 -3.2185 0.0442
Car -1 -1 -6.7992 827.7374 170.3845 960.7997 222.0566 1.6459 1.7814 3.7541 9.4086 1.5669 24.1424 -6.4322 0.0439
Car -1 -1 -8.2174 860.0025 180.8215 972.9703 234.2835 1.3720 1.6235 4.2179 8.8230 1.6302 21.2792 -7.8299 0.0421
Car -1 -1 -3.5906 771.4514 173.0936 911.2205 225.7025 1.6620 1.6802 4.0931 7.5749 1.6700 23.9351 -3.2883 0.0415
Car -1 -1 -6.9119 823.6053 172.0035 959.3405 224.2106 1.6599 1.8606 3.9313 9.4164 1.6325 24.3523 -6.5476 0.0413
Car -1 -1 -6.6037 833.2201 173.3364 957.6252 221.1748 1.5166 1.6026 3.4792 9.2809 1.5328 23.7744 -6.2362 0.0407
Car -1 -1 -6.6954 810.9869 176.4375 938.4872 223.7048 1.4816 1.6911 3.5552 8.5954 1.6040 23.7302 -6.3524 0.0359
Car -1 -1 -4.9741 617.7978 178.2224 655.3715 198.4355 1.3673 1.6866 4.1648 1.8452 1.7719 52.2035 -4.9394 0.0354
Car -1 -1 -6.3760 809.4539 173.2987 937.0905 224.7530 1.6452 1.7354 3.8970 8.7431 1.6608 24.4106 -6.0365 0.0346
Car -1 -1 -6.5087 844.8885 170.7877 976.1761 222.2874 1.6270 1.6838 3.7266 9.8137 1.5614 23.9215 -6.1242 0.0329
Car -1 -1 -3.2143 786.0188 174.2930 911.7932 225.4738 1.6429 1.6868 3.9293 7.9583 1.6941 24.5151 -2.9046 0.0328
Car -1 -1 -4.9144 475.2204 177.7877 503.9289 198.0895 1.4942 1.4978 3.6257 -9.4057 1.8903 56.0182 -5.0804 0.0297
Car -1 -1 -5.1180 835.0211 177.9832 937.3089 229.1685 1.4953 1.6617 3.9170 8.8026 1.6761 23.4779 -4.7640 0.0295
Car -1 -1 -4.9583 623.2463 177.9467 660.4924 198.1721 1.3655 1.6930 4.2480 2.2215 1.7488 52.0992 -4.9164 0.0282
Car -1 -1 -6.7812 862.1444 173.7449 1025.5096 225.9110 1.4889 1.7194 4.1318 9.8840 1.5166 21.6409 -6.3584 0.0246
Car -1 -1 -4.9870 468.8718 178.0593 501.3369 198.4765 1.4964 1.5303 3.6950 -9.7337 1.9138 55.8975 -5.1589 0.0238
Car -1 -1 -3.3853 799.7598 173.6792 927.5660 225.2403 1.6390 1.7192 3.6933 8.2935 1.6673 23.9810 -3.0567 0.0238
Car -1 -1 -4.9727 472.1140 176.7627 502.8381 196.9228 1.4826 1.4883 3.4832 -9.5120 1.7942 55.6902 -5.1415 0.0227
Car -1 -1 -8.3878 815.8456 179.3507 916.6293 227.0041 1.4982 1.6259 3.7210 8.7908 1.7428 25.2119 -8.0566 0.0227
Car -1 -1 -4.6085 631.5271 179.3076 659.7194 199.7421 1.3643 1.6115 4.0082 2.5534 1.8444 51.6048 -4.5598 0.0222
Car -1 -1 -4.3837 480.0124 177.0161 515.2318 197.5275 1.5170 1.6032 3.6841 -8.7263 1.8517 56.1119 -4.5376 0.0207
Cyclist -1 -1 -7.3080 4.3902 154.6200 44.6856 194.4127 1.7315 0.4744 1.9152 -26.2855 0.9378 32.3764 -7.9860 0.0186
Cyclist -1 -1 -4.0543 0.0000 154.4354 38.9318 194.9427 1.7420 0.6359 1.8855 -26.3984 0.9496 31.9814 -4.7404 0.0178
Car -1 -1 -4.7217 483.2287 177.4755 503.7990 197.6990 1.4925 1.5272 3.6353 -9.0934 1.8635 56.0472 -4.8821 0.0178
Car -1 -1 -2.5315 247.0294 169.7618 330.1375 200.2425 1.4699 1.7293 3.4111 -16.0340 1.3205 35.9713 -2.9483 0.0178
Car -1 -1 -6.4500 844.6558 174.9515 968.9965 220.9937 1.4348 1.5717 3.5602 9.6176 1.5068 23.7345 -6.0699 0.0160
Car -1 -1 -4.6970 628.7908 178.5270 652.9227 199.4578 1.4080 1.6617 4.1195 2.2121 1.8314 51.7819 -4.6550 0.0160
Car -1 -1 -4.8205 623.4777 178.7700 651.3300 199.9104 1.4201 1.5622 3.9815 1.8940 1.8601 51.6541 -4.7845 0.0150
Car -1 -1 -8.1591 847.5720 175.2723 948.3669 227.9183 1.5060 1.7107 4.3776 9.0083 1.5905 23.0832 -7.7919 0.0149
Cyclist -1 -1 -7.2824 0.0000 155.0870 40.5547 194.6171 1.7120 0.5714 2.1181 -26.5811 0.9423 32.3343 -7.9665 0.0139
Cyclist -1 -1 -4.1395 0.0000 156.2881 27.6247 195.0984 1.6622 0.6090 1.8701 -26.7318 0.9524 31.8677 -4.8334 0.0103
Car -1 -1 -3.6570 755.9236 174.1259 905.8318 228.7312 1.6926 1.8158 4.4121 7.2000 1.7367 23.8082 -3.3675 0.0091
Car -1 -1 -8.3027 597.7510 173.2580 639.7769 192.5690 1.4384 1.6416 4.0984 0.6089 1.4707 56.0420 -8.2923 0.0084
Car -1 -1 -4.7242 596.1189 175.4199 617.9567 194.4487 1.3691 1.5877 3.8909 -0.2789 1.5692 54.3993 -4.7297 0.0078
Pedestrian -1 -1 -6.8618 948.7277 159.4079 978.6411 217.2826 1.7963 0.6139 0.6081 11.0923 1.3787 22.7387 -6.4135 0.0070
Cyclist -1 -1 -7.2326 0.0000 154.9860 36.3500 194.7006 1.7090 0.5905 2.0760 -26.6307 0.9398 32.1050 -7.9211 0.0065
Car -1 -1 -1.8649 0.0000 192.4286 46.3442 374.0000 1.3219 1.6157 3.8006 -5.2668 1.4697 3.9914 -2.7547 0.0064
Pedestrian -1 -1 -6.6548 948.8892 159.1610 972.2026 219.9517 1.9074 0.5885 0.4832 11.0968 1.4774 22.9503 -6.2100 0.0061
Car -1 -1 -4.9568 596.3148 174.3401 629.1706 193.4112 1.3886 1.5964 3.9075 0.1414 1.5057 54.9489 -4.9546 0.0051
Car -1 -1 -1.9250 0.0000 161.9776 0.0000 374.0000 1.4599 1.6830 3.9772 -6.1381 1.4182 4.0757 -2.8790 0.0046
Car -1 -1 -4.6722 595.9620 175.2490 618.1955 193.4937 1.3483 1.5707 3.7834 -0.2251 1.5394 55.7460 -4.6766 0.0046
Car -1 -1 -4.5754 588.7549 175.8509 615.7972 194.1963 1.3492 1.5843 3.8170 -0.5909 1.5885 55.7076 -4.5863 0.0041
Car -1 -1 -4.4467 584.4056 176.0876 618.8541 195.4369 1.3848 1.6163 3.9742 -0.6198 1.6381 54.4750 -4.4584 0.0041
Car -1 -1 -1.9779 0.0000 162.9527 0.0000 374.0000 1.4481 1.6527 3.9476 -5.6536 1.4136 3.7049 -2.9351 0.0035
Pedestrian -1 -1 -7.6070 358.3615 160.7408 377.2054 196.9557 1.9096 0.8375 0.5631 -12.9116 1.2706 38.3592 -7.9299 0.0030
Pedestrian -1 -1 -6.3481 665.2894 175.7136 674.2595 200.2354 1.5627 0.6451 0.5325 3.8068 1.7475 46.3847 -6.2672 0.0028
Cyclist -1 -1 -7.9577 666.9163 176.3201 675.2984 200.3233 1.5111 0.3811 1.4918 3.8906 1.7372 46.3897 -7.8750 0.0026
Car -1 -1 -4.1550 0.0000 178.8683 23.4879 223.0571 1.4116 1.4194 2.9662 -22.1584 1.6333 25.0570 -4.8739 0.0026
Pedestrian -1 -1 -3.3987 905.2021 176.4421 949.4182 283.2841 1.6439 0.5712 0.5066 4.9668 1.7021 11.4418 -2.9995 0.0025
Pedestrian -1 -1 -7.6251 361.2830 161.7955 379.3048 197.0066 1.8570 0.8051 0.5520 -12.7802 1.2735 38.3646 -7.9448 0.0020
Car -1 -1 -8.1443 817.3963 176.6861 914.2641 230.2216 1.5100 1.7809 3.8965 7.8377 1.6404 22.6168 -7.8153 0.0014
Car -1 -1 -8.5814 620.7318 215.4128 904.9550 374.0000 1.6021 1.4815 4.3541 1.9038 2.3594 10.6049 -8.4107 0.0014
Car -1 -1 -2.3385 0.0000 173.5182 25.0998 215.7856 1.4524 1.6176 3.8107 -23.4339 1.4767 25.7635 -3.0715 0.0013
Car -1 -1 -2.6115 0.0000 167.2851 15.3456 212.8461 1.5276 1.5862 3.8165 -23.6266 1.3406 25.3735 -3.3561 0.0012
Car -1 -1 -8.2863 802.6458 177.5034 916.7303 230.8099 1.4851 1.8775 3.8643 7.5873 1.6427 22.4801 -7.9654 0.0011
Pedestrian -1 -1 -3.1135 901.6605 186.0834 934.0525 281.5577 1.4577 0.5131 0.4624 4.8256 1.6731 11.4354 -2.7243 0.0009
Car -1 -1 -2.1072 0.0000 173.4364 23.1586 214.4208 1.4050 1.5611 3.7317 -23.4191 1.4268 26.0820 -2.8338 0.0009
Car -1 -1 -6.2550 0.0000 175.6347 148.0345 235.3190 1.6480 1.5947 4.5230 -16.9077 1.7404 22.0693 -6.9030 0.0009
Car -1 -1 -3.0862 0.0000 184.4939 130.3287 238.2379 1.4461 1.3727 3.7836 -16.7875 1.8230 21.7505 -3.7378 0.0008
Car -1 -1 -3.1668 0.0000 179.2757 125.6868 236.1071 1.5189 1.5419 4.1603 -17.1554 1.7282 21.6356 -3.8314 0.0008
Pedestrian -1 -1 -3.2915 663.9720 171.3684 673.6152 195.5563 1.5825 0.8075 0.5180 3.8452 1.4850 47.6268 -3.2119 0.0007
Car -1 -1 -6.2081 0.0000 175.4374 164.5162 232.3428 1.5899 1.6779 4.8407 -16.6928 1.6767 22.3390 -6.8443 0.0006
Cyclist -1 -1 -4.4499 213.9549 164.3479 236.3185 198.1115 1.8827 0.6697 1.8411 -22.0007 1.4081 41.2056 -4.9378 0.0005
Car -1 -1 -4.6861 198.4162 166.1300 227.2190 192.7046 1.6269 1.5088 3.8770 -25.4477 1.2150 46.2427 -5.1869 0.0004
Car -1 -1 -6.3151 0.0000 179.7636 151.9435 234.4913 1.4956 1.3966 4.2730 -16.6640 1.7247 22.0705 -6.9562 0.0003
Cyclist -1 -1 -7.5610 207.1534 164.7563 228.4910 194.9821 1.6815 0.5856 1.7445 -22.3370 1.2307 41.0527 -8.0567 0.0002
Pedestrian -1 -1 -7.3038 214.5823 160.9865 235.8589 195.8986 1.9732 0.8377 0.6820 -21.9748 1.3021 41.1463 -7.7919 0.0002
Cyclist -1 -1 -7.8231 205.8080 164.3049 216.2300 195.1266 1.6506 0.4404 1.8478 -21.9089 1.1925 39.5646 -8.3261 0.0001
Cyclist -1 -1 -7.4885 200.0437 166.5249 223.3868 197.5381 1.6954 0.5657 1.7122 -22.2860 1.3491 40.3315 -7.9907 0.0001
Cyclist -1 -1 -7.7742 208.4268 163.6449 221.9162 196.6672 1.8274 0.5286 1.7614 -22.3766 1.3175 40.8402 -8.2729 0.0001
Pedestrian -1 -1 -3.0431 212.2004 163.9526 224.6573 194.7212 1.7036 0.7210 0.5438 -21.9516 1.2104 40.3875 -3.5384 0.0001
