Car -1 -1 -7.8502 579.0323 169.8085 609.2526 198.1337 1.4839 1.5835 3.6369 -0.9050 1.3241 39.6342 -7.8733 0.9751
Car -1 -1 -7.8205 541.2897 170.7305 567.7496 194.2095 1.5010 1.6329 3.7922 -3.6926 1.3649 48.0572 -7.8971 0.9573
Car -1 -1 -7.7599 541.0698 170.5600 570.7390 193.9893 1.4964 1.6112 3.9184 -3.5959 1.3496 48.0584 -7.8345 0.8735
Pedestrian -1 -1 -6.4688 208.8292 163.6907 254.1667 290.7866 1.7862 0.7010 0.4695 -5.6000 1.6571 10.5611 -6.9465 0.7841
Pedestrian -1 -1 -2.9535 698.1093 169.1339 720.0181 246.7919 1.6317 0.4408 0.3912 2.0681 1.5532 15.4308 -2.8237 0.7351
Car -1 -1 -7.8930 576.9490 168.9880 609.2922 198.6013 1.5514 1.6223 3.8671 -1.0106 1.3486 39.7833 -7.9186 0.7000
Pedestrian -1 -1 -6.3049 701.3268 169.8716 721.3717 246.5053 1.6103 0.4818 0.4103 2.1101 1.5474 15.4241 -6.1724 0.6785
Car -1 -1 -7.8571 540.5472 171.0386 566.8320 195.3345 1.5510 1.6754 4.0424 -3.7979 1.4348 48.1429 -7.9358 0.5696
Car -1 -1 -7.3356 169.0184 179.2269 245.4918 214.0406 1.6088 1.6965 3.7146 -19.9783 1.9420 35.8952 -7.8406 0.4531
Pedestrian -1 -1 -6.4184 699.2859 169.8886 724.8049 245.2979 1.6038 0.4717 0.4834 2.1469 1.5405 15.5821 -6.2849 0.3677
Pedestrian -1 -1 -6.3331 793.1554 174.6273 833.2043 311.3330 1.5822 0.4657 0.4306 2.3658 1.6038 8.6303 -6.0755 0.3601
Pedestrian -1 -1 -6.3699 794.5410 168.4372 842.3723 310.1827 1.6376 0.5083 0.4992 2.4266 1.5863 8.6301 -6.1059 0.2515
Car -1 -1 -7.1883 169.6679 178.4007 258.4333 212.6950 1.5768 1.7061 4.1096 -19.7051 1.8703 36.0464 -7.6857 0.1855
Pedestrian -1 -1 -6.2426 311.8935 163.6537 338.1218 240.5837 1.7837 0.5923 0.5535 -6.7992 1.5701 17.1003 -6.6162 0.1846
Pedestrian -1 -1 -3.4597 743.8361 171.2496 754.2928 194.0840 1.8172 0.5127 0.6952 11.0964 1.6892 57.7211 -3.2711 0.1420
Car -1 -1 -4.2494 162.8009 180.6653 235.3932 214.2797 1.5210 1.6404 3.6154 -20.0810 1.9234 35.3538 -4.7629 0.1294
Pedestrian -1 -1 -6.3689 314.9749 163.7512 343.2903 241.4549 1.7986 0.5904 0.5776 -6.7083 1.5876 17.0935 -6.7381 0.1272
Pedestrian -1 -1 -6.6852 1224.6970 170.9309 1241.0000 209.7791 1.8061 0.6555 0.7385 29.5122 1.7164 33.9696 -5.9745 0.1165
Car -1 -1 -4.2027 173.5573 178.9698 252.7535 211.6477 1.5141 1.6304 4.2260 -19.9154 1.8398 36.3472 -4.7011 0.1039
Pedestrian -1 -1 -6.4181 217.0677 166.5446 237.1030 226.3655 1.7672 0.5202 0.4669 -11.5460 1.5805 21.6623 -6.9030 0.0909
Pedestrian -1 -1 -6.4233 1225.1730 171.3827 1241.0000 208.2798 1.7238 0.6658 0.5992 29.5256 1.6547 34.1508 -5.7151 0.0905
Car -1 -1 -4.8029 166.7164 180.1220 214.8161 215.6022 1.6019 1.7125 3.7834 -20.6740 1.9793 35.4518 -5.3278 0.0821
Pedestrian -1 -1 -6.2567 216.6140 167.0292 230.9949 225.7216 1.7266 0.4740 0.3645 -11.5640 1.5549 21.5191 -6.7449 0.0800
Car -1 -1 -2.8163 203.7821 178.3145 287.6361 205.1721 1.5675 1.7753 4.1924 -22.0601 1.9072 43.7580 -3.2810 0.0788
Pedestrian -1 -1 -6.3631 318.7007 162.9034 345.2937 240.0660 1.7999 0.6805 0.5418 -6.7031 1.5675 17.2544 -6.7290 0.0770
Car -1 -1 -4.4596 168.4582 178.9941 228.6718 214.1367 1.6086 1.7166 3.6673 -20.3236 1.9292 35.7167 -4.9739 0.0696
Car -1 -1 -6.9962 170.4409 178.3493 271.0505 213.2474 1.5964 1.6918 4.3862 -19.3919 1.8889 36.0964 -7.4863 0.0632
Car -1 -1 -4.3235 168.2776 179.5642 239.4285 214.8133 1.6199 1.7089 3.9647 -20.2123 1.9739 36.0181 -4.8319 0.0586
Car -1 -1 -2.8497 202.7378 178.4840 284.2281 206.0002 1.5874 1.6823 4.0460 -21.9584 1.9341 43.2889 -3.3169 0.0576
Car -1 -1 -5.4401 142.3737 181.3125 223.8680 215.1275 1.5557 1.5307 3.4132 -20.7789 1.9812 35.0725 -5.9719 0.0574
Car -1 -1 -5.1668 148.1673 181.3327 222.5020 215.3209 1.5441 1.5852 3.9257 -20.8960 1.9803 35.3978 -5.6970 0.0484
Car -1 -1 -4.4421 127.8938 187.5137 191.7332 223.6490 1.4726 1.5606 3.5782 -20.4900 2.1802 32.9103 -4.9956 0.0469
Car -1 -1 -5.5184 147.3828 180.5036 238.0301 214.4793 1.5739 1.5934 3.7832 -20.3816 1.9598 35.2059 -6.0401 0.0456
Car -1 -1 -2.8135 206.6297 176.0110 285.4846 203.5426 1.6085 1.7497 3.8930 -21.9379 1.8037 43.5452 -3.2780 0.0446
Pedestrian -1 -1 -6.2457 213.9280 167.8500 226.9111 226.4354 1.7244 0.4807 0.3218 -11.6682 1.5768 21.5246 -6.7375 0.0423
Car -1 -1 -6.0097 153.3066 179.5052 256.6607 214.4663 1.6198 1.6658 4.0991 -19.7096 1.9559 35.2042 -6.5171 0.0423
Car -1 -1 -5.6045 137.6270 182.5296 224.7036 215.1987 1.5092 1.5183 3.4346 -20.7682 1.9907 34.9259 -6.1378 0.0323
Pedestrian -1 -1 -4.2708 787.7488 193.0755 834.7034 299.8818 1.3181 0.4257 0.4792 2.5515 1.5887 9.3460 -4.0135 0.0258
Pedestrian -1 -1 -3.1207 113.4449 173.7085 136.9230 248.0814 1.6508 0.5686 0.4279 -11.0516 1.6704 16.3787 -3.7070 0.0255
Car -1 -1 -4.6387 127.0469 188.9755 175.3020 224.3959 1.4174 1.5637 3.7314 -20.7827 2.1932 32.7219 -5.2011 0.0241
Car -1 -1 -5.6641 119.8366 182.3295 222.1466 214.7915 1.5013 1.6336 4.0323 -21.2297 1.9721 34.9023 -6.2074 0.0236
Car -1 -1 -4.9171 154.0505 180.4321 211.1913 215.9892 1.6024 1.6669 3.8374 -21.0077 1.9941 35.3411 -5.4504 0.0203
Pedestrian -1 -1 -6.3183 113.1248 174.1529 137.5127 245.5156 1.5885 0.6207 0.4431 -11.1085 1.6185 16.4564 -6.9048 0.0201
Car -1 -1 -2.3768 216.3741 176.5528 288.2173 204.1443 1.6090 1.7536 3.7426 -21.7611 1.8406 43.8510 -2.8353 0.0181
Car -1 -1 -6.5487 1075.2976 181.1508 1150.7974 208.8542 1.4565 1.4830 3.1399 27.7064 1.9289 39.8860 -5.9455 0.0173
Car -1 -1 -7.6365 599.9130 169.6956 622.8916 186.6498 1.6347 1.5449 3.5705 0.1455 1.3298 71.4789 -7.6348 0.0170
Pedestrian -1 -1 -6.3964 312.1486 162.6386 340.7681 241.4571 1.8487 0.6937 0.5673 -6.8781 1.6088 17.3629 -6.7688 0.0164
Car -1 -1 -5.7217 121.3294 184.5753 221.4367 216.0703 1.4526 1.4586 3.9346 -21.0341 2.0270 34.6133 -6.2646 0.0160
Car -1 -1 -7.7703 240.3594 174.9535 277.6149 204.3752 1.7108 1.7466 3.7029 -21.5278 1.8453 44.2884 -8.2206 0.0142
Car -1 -1 -5.9451 148.7239 179.4854 253.2090 214.6308 1.6490 1.6357 4.1606 -20.0578 1.9853 35.4594 -6.4569 0.0140
Cyclist -1 -1 -7.8068 315.9251 163.9602 336.9492 241.8787 1.7942 0.3900 1.7173 -6.9126 1.5891 17.4909 -8.1785 0.0139
Car -1 -1 -2.3339 212.4144 177.0355 291.2455 205.2157 1.6431 1.8813 4.2908 -21.9510 1.9081 44.1663 -2.7930 0.0108
Car -1 -1 -4.1392 182.1675 181.2285 283.8414 222.7404 1.3770 1.6567 3.5178 -13.7762 1.7055 26.5037 -4.6147 0.0107
Car -1 -1 -4.0175 97.7833 184.5196 197.7244 221.6220 1.5542 1.5899 4.2366 -21.5662 2.1362 33.8146 -4.5819 0.0098
Car -1 -1 -4.2651 122.4731 185.0885 204.3792 222.4135 1.5457 1.5250 4.2701 -20.6660 2.1512 33.5249 -4.8142 0.0092
Car -1 -1 -7.6230 243.7785 176.4427 289.8168 204.1901 1.6107 1.7168 3.8692 -21.1317 1.8420 44.4919 -8.0644 0.0090
Car -1 -1 -7.6550 243.9194 175.8052 285.6661 204.0683 1.6425 1.6108 3.6846 -21.1856 1.8316 44.3278 -8.0987 0.0087
Car -1 -1 -4.5474 167.6191 180.0985 222.6964 216.2457 1.6379 1.7143 4.0402 -20.5194 2.0187 35.7649 -5.0653 0.0085
Car -1 -1 -4.7016 89.0415 172.5827 130.5018 206.6945 1.8321 1.8552 4.4306 -28.4859 1.8172 41.1089 -5.3047 0.0080
Car -1 -1 -4.2581 114.9944 184.9560 195.4650 222.1438 1.5560 1.4953 4.1610 -21.1835 2.1575 33.7337 -4.8155 0.0080
Car -1 -1 -4.5733 117.7210 185.8277 172.7160 224.0746 1.5358 1.5366 3.9599 -20.9168 2.1585 32.5315 -5.1413 0.0072
Cyclist -1 -1 -4.5724 754.5419 175.0223 766.7568 199.1212 1.5484 0.5934 1.4296 9.8414 1.6925 47.2720 -4.3688 0.0071
Car -1 -1 -4.7156 777.6932 172.5806 802.0906 194.4887 1.5409 1.6712 3.6993 13.1044 1.5213 52.7424 -4.4737 0.0067
Car -1 -1 -4.5288 122.3411 184.9688 185.5341 220.7872 1.4277 1.6034 4.5770 -20.6824 2.0192 32.8228 -5.0876 0.0066
Car -1 -1 -6.4850 254.0947 173.7110 329.4985 202.1723 1.6556 1.7189 3.9371 -19.3820 1.7096 43.9209 -6.8986 0.0062
Car -1 -1 -4.3174 122.7857 184.7415 198.2373 219.8521 1.4875 1.5730 4.0703 -21.2022 2.0850 34.1474 -4.8698 0.0054
Car -1 -1 -7.1736 247.7505 177.1422 317.3065 203.8969 1.5612 1.6869 4.1970 -20.4003 1.8420 45.0657 -7.5967 0.0051
Car -1 -1 -4.6728 84.1778 172.6847 125.8754 206.8291 1.8337 1.7621 4.3085 -28.6930 1.8243 41.0399 -5.2801 0.0050
Car -1 -1 -7.2077 239.6837 177.0260 308.7619 203.9231 1.5672 1.7596 4.1358 -20.8571 1.8394 44.9329 -7.6402 0.0048
Pedestrian -1 -1 -7.7592 0.0000 161.7723 33.4150 243.5335 2.0121 0.6277 0.8321 -15.1017 1.7391 18.2770 -8.4427 0.0047
Car -1 -1 -4.5491 113.9320 184.2178 180.2665 223.5977 1.5601 1.6973 5.2178 -21.0204 2.1209 32.8954 -5.1143 0.0047
Cyclist -1 -1 -5.3421 86.0735 172.9970 157.4051 245.2601 1.6006 0.4623 1.6669 -11.2124 1.6036 16.4872 -5.9320 0.0045
Car -1 -1 -4.1677 189.0184 182.5951 284.7199 223.5619 1.3585 1.6420 3.2818 -13.6097 1.7380 26.4308 -4.6394 0.0045
Car -1 -1 -7.8434 246.3741 176.2607 279.7010 203.9627 1.6035 1.7777 4.1254 -21.4276 1.8243 44.5640 -8.2895 0.0044
Pedestrian -1 -1 -4.7307 0.0000 162.1930 23.8914 242.7824 1.9904 0.5767 0.7658 -15.2995 1.7268 18.2992 -5.4200 0.0041
Car -1 -1 -5.9152 1143.4553 177.6555 1238.5916 206.5250 1.4303 1.4486 3.6604 30.7546 1.6981 38.3396 -5.2432 0.0037
Cyclist -1 -1 -7.4164 95.8411 170.8065 155.0512 245.0930 1.6119 0.4326 1.7145 -11.1205 1.5671 16.5355 -8.0012 0.0033
Car -1 -1 -8.1155 750.0736 175.0404 786.6285 196.4005 1.4843 1.5739 4.1511 11.4801 1.6500 52.6816 -7.9025 0.0031
Car -1 -1 -7.6441 780.2109 172.1406 817.8704 196.7449 1.7106 1.7719 4.4560 13.7800 1.6607 52.5521 -7.3894 0.0031
Car -1 -1 -7.8203 780.5466 173.3262 805.6019 194.7265 1.4971 1.6480 4.0944 13.3895 1.5328 52.7703 -7.5735 0.0028
Car -1 -1 -5.9282 1145.6366 176.8237 1241.0000 205.2004 1.4041 1.3860 3.7966 30.8651 1.6251 38.2411 -5.2533 0.0022
Car -1 -1 -5.8670 1157.4231 177.6292 1241.0000 206.2145 1.4025 1.4656 3.3376 30.9488 1.6646 37.8293 -5.1855 0.0020
Car -1 -1 -6.9768 768.1547 172.5486 841.7662 200.8679 1.9698 1.8284 5.1586 14.0592 1.9482 52.0975 -6.7151 0.0020
Cyclist -1 -1 -7.4346 93.7345 173.9458 144.3085 248.7824 1.6350 0.3629 1.5270 -11.3002 1.6610 16.5705 -8.0259 0.0020
Car -1 -1 -4.6368 769.9734 172.0623 798.2197 195.1165 1.6179 1.7213 3.9865 12.7413 1.5621 52.7975 -4.4017 0.0019
Pedestrian -1 -1 -3.9235 798.3124 170.6369 822.5530 221.9448 1.4964 0.5893 0.3893 5.8916 1.4314 21.3954 -3.6589 0.0018
Car -1 -1 -6.3086 1153.0045 177.8954 1234.2617 206.4840 1.4330 1.4421 3.3035 30.8515 1.7113 38.2952 -5.6345 0.0018
Car -1 -1 -4.7097 766.8496 172.2265 790.5951 194.5983 1.5725 1.6309 3.8958 12.3128 1.5280 52.7976 -4.4822 0.0015
Car -1 -1 -7.1564 768.5570 171.6568 834.1677 199.0051 1.9053 1.8150 5.0208 13.9149 1.8216 52.4587 -6.8989 0.0015
Car -1 -1 -4.8070 759.4554 172.9287 787.7334 195.2345 1.5643 1.6278 4.0335 11.8815 1.5697 52.7177 -4.5868 0.0015
Cyclist -1 -1 -7.4457 176.0210 175.0354 195.5210 205.6217 1.9402 0.4059 1.8045 -27.5501 2.0843 46.8219 -7.9753 0.0013
Cyclist -1 -1 -7.9333 93.6478 176.2372 105.6213 205.9971 1.6149 0.4277 1.5002 -28.3555 1.8056 40.0295 -8.5466 0.0012
Car -1 -1 -7.5447 779.4945 172.9350 823.0772 198.2556 1.7504 1.7562 4.5591 13.8761 1.7562 52.2897 -7.2871 0.0012
Pedestrian -1 -1 -6.7482 1182.8269 175.6307 1202.9954 209.9207 1.7039 0.6621 0.5484 29.2781 1.8448 36.2971 -6.0738 0.0012
Car -1 -1 -7.7665 781.5677 172.9486 810.4981 195.2074 1.5527 1.6920 4.1858 13.5676 1.5596 52.6075 -7.5158 0.0011
Pedestrian -1 -1 -8.1676 753.1401 173.5091 768.9467 199.0466 1.6549 0.8543 0.6387 9.8317 1.6977 47.1401 -7.9636 0.0009
Cyclist -1 -1 -7.7210 310.8582 163.9533 342.9369 244.9425 1.7993 0.4685 1.7511 -6.6769 1.6013 16.9366 -8.0916 0.0006
Cyclist -1 -1 -7.6799 173.2614 172.9694 186.8642 204.8550 2.0254 0.4181 1.9879 -27.9362 2.0327 46.8432 -8.2153 0.0006
Cyclist -1 -1 -5.4105 297.1935 164.0752 363.0190 243.7378 1.8165 0.4967 1.6697 -6.6834 1.6160 17.0740 -5.7788 0.0005
Pedestrian -1 -1 -6.7542 93.8248 175.9547 112.0053 207.1460 1.6917 0.7881 0.5168 -27.8881 1.8635 39.6291 -7.3644 0.0003
