Pedestrian -1 -1 -2.8480 89.5217 172.5361 134.8862 266.8712 1.7396 0.6245 0.5484 -9.4836 1.7334 13.6854 -3.4452 0.7995
Car -1 -1 -7.8001 582.7740 173.4489 602.9489 191.1801 1.4823 1.5551 3.5134 -1.4778 1.5348 62.2182 -7.8241 0.5918
Pedestrian -1 -1 -2.8687 84.5571 172.1351 132.0796 266.2546 1.7370 0.6324 0.5901 -9.5739 1.7235 13.7109 -3.4694 0.5769
Pedestrian -1 -1 -2.7769 85.6018 172.8273 134.6524 267.1417 1.7284 0.6491 0.5633 -9.4653 1.7276 13.6036 -3.3759 0.5481
Car -1 -1 -7.8914 582.1682 173.2386 601.2482 191.0765 1.4881 1.5068 3.4391 -1.6190 1.5218 62.0347 -7.9178 0.4783
Car -1 -1 -7.8138 583.1419 173.0902 603.0133 191.2074 1.5024 1.5614 3.4862 -1.4463 1.5229 61.6381 -7.8375 0.4606
Car -1 -1 -7.7474 583.1301 173.0142 606.3746 191.0978 1.5109 1.5996 3.9578 -1.3112 1.5249 62.3600 -7.7687 0.4417
Car -1 -1 -7.8864 582.5036 173.4735 601.9121 191.8443 1.5349 1.5469 3.8630 -1.5878 1.5898 62.3901 -7.9121 0.3966
Car -1 -1 -7.9625 578.8328 173.2845 601.6375 191.3602 1.5103 1.5709 3.7063 -1.7586 1.5484 62.3234 -7.9910 0.2421
Car -1 -1 -4.6061 738.1654 179.8917 766.8904 204.2449 1.6333 1.6279 3.8347 10.2061 2.1571 51.6624 -4.4127 0.1018
Car -1 -1 -6.1014 228.7896 183.2895 326.3311 215.5865 1.4364 1.6133 3.9678 -15.7007 1.9486 34.1734 -6.5294 0.0546
Car -1 -1 -4.7918 1194.0607 183.3851 1232.7081 206.8049 1.4884 1.7222 3.9511 41.6128 2.2468 49.8668 -4.0998 0.0296
Car -1 -1 -5.0129 659.6025 178.5657 738.4318 222.8472 1.5149 1.6765 4.6455 3.2622 1.7536 27.7511 -4.8978 0.0211
Car -1 -1 -7.4256 645.0588 175.7781 691.8986 201.8025 1.5966 1.6234 3.7362 3.7954 1.7940 46.7487 -7.3456 0.0193
Car -1 -1 -4.5237 657.9942 174.8558 681.1548 191.2184 1.5423 1.5740 3.8120 5.8326 1.7434 70.5564 -4.4419 0.0185
Car -1 -1 -4.2984 657.4269 174.7359 689.1710 191.2663 1.5528 1.6106 4.0146 6.1884 1.7418 70.4153 -4.2115 0.0183
Car -1 -1 -4.4459 628.1327 173.0384 670.5077 200.5225 1.5743 1.5855 3.8820 2.3789 1.5856 43.4490 -4.3920 0.0182
Car -1 -1 -4.8988 747.4529 177.5313 775.0965 195.4212 1.6670 1.8211 4.5987 14.7720 2.1404 70.7603 -4.6942 0.0159
Car -1 -1 -4.8589 664.3680 181.3467 718.3682 219.4413 1.3467 1.5418 3.8176 3.0775 1.7025 28.3104 -4.7524 0.0149
Car -1 -1 -4.7809 235.9554 183.6729 277.5594 219.9644 1.5869 1.5482 3.7775 -17.1043 2.1385 34.7802 -5.2352 0.0149
Car -1 -1 -2.7257 43.2858 178.2433 201.1762 228.2415 1.4575 1.6674 3.7071 -15.0772 1.6331 22.4154 -3.3125 0.0146
Car -1 -1 -2.6106 50.5058 177.3535 207.2236 226.7717 1.4778 1.7405 3.7427 -15.0909 1.6252 22.7156 -3.1918 0.0127
Car -1 -1 -7.8094 668.2913 179.8150 715.3229 222.0766 1.5041 1.6747 4.2021 3.2626 1.8011 28.6116 -7.6977 0.0124
Car -1 -1 -2.3570 70.4754 177.7828 215.7816 227.1652 1.4858 1.7258 3.8337 -15.0237 1.6526 23.2120 -2.9264 0.0118
Car -1 -1 -2.5201 60.2203 177.6641 211.9780 227.3257 1.4999 1.7421 3.7182 -15.0290 1.6589 22.9345 -3.0951 0.0117
Pedestrian -1 -1 -5.0321 1048.4607 201.0952 1085.1692 262.0629 1.6889 0.7631 0.5090 13.0066 2.5095 20.6358 -4.4772 0.0115
Car -1 -1 -4.6441 641.3696 172.2060 669.0511 199.9836 1.7437 1.5496 4.0096 2.9718 1.7027 47.3814 -4.5823 0.0115
Pedestrian -1 -1 -4.1117 1185.8059 144.9478 1210.9814 230.1025 2.1224 0.4519 0.2108 14.8120 1.4265 18.2303 -3.4376 0.0111
Cyclist -1 -1 -7.6145 80.5121 173.7063 132.6506 271.3626 1.7687 0.3899 1.8541 -9.8017 1.7860 14.0202 -8.2159 0.0110
Car -1 -1 -4.5835 634.8052 172.8102 666.1418 200.0873 1.7127 1.5545 4.0444 2.6676 1.7096 47.4336 -4.5281 0.0105
Car -1 -1 -3.3323 952.4355 195.7121 1113.8469 253.8319 1.5179 1.6987 3.8604 12.3331 2.2402 21.3852 -2.8161 0.0093
Car -1 -1 -4.9613 661.1008 178.7251 729.8262 221.0184 1.4644 1.6076 4.2404 3.1538 1.7084 27.8079 -4.8502 0.0092
Car -1 -1 -4.9308 660.5880 181.1442 719.3264 220.3860 1.3792 1.4712 3.7817 3.0016 1.7249 28.1515 -4.8264 0.0087
Car -1 -1 -4.7512 1176.4152 182.8920 1210.9897 207.1151 1.5962 1.7471 3.7932 41.4074 2.3378 51.2840 -4.0752 0.0063
Car -1 -1 -3.1478 1004.7545 198.1795 1176.9545 257.2206 1.4243 1.5728 3.9626 13.5440 2.2084 20.6176 -2.5739 0.0063
Car -1 -1 -8.0281 683.0345 176.2322 762.0620 232.5349 1.6445 1.7578 4.5276 3.5169 1.7656 23.6379 -7.8830 0.0062
Car -1 -1 -6.4208 1039.6327 191.0633 1205.4219 249.5516 1.4698 1.6586 3.6603 14.4510 2.0304 20.6665 -5.8180 0.0054
Car -1 -1 -4.5548 1178.6464 182.5840 1224.2625 206.0179 1.5234 1.8725 4.0909 41.5317 2.2343 50.6785 -3.8716 0.0052
Car -1 -1 -4.1140 337.5481 182.3306 393.2316 207.8010 1.6360 1.6324 4.1118 -16.9763 2.3237 50.1831 -4.4389 0.0050
Car -1 -1 -3.7595 1016.3784 191.0369 1175.7148 242.3443 1.4075 1.7498 3.5733 14.2773 1.9702 21.4002 -3.1782 0.0049
Car -1 -1 -4.3556 121.3163 178.3560 225.8709 225.9022 1.4139 1.7733 3.6613 -14.3429 1.6106 23.8701 -4.8920 0.0049
Car -1 -1 -6.5051 1029.6512 190.6854 1183.2759 244.8788 1.4039 1.6593 3.3855 14.2415 1.9563 20.9835 -5.9160 0.0048
Pedestrian -1 -1 -8.1840 1042.7172 195.7740 1080.3217 257.3766 1.6767 0.7194 0.6597 12.6664 2.3352 20.3373 -7.6344 0.0048
Car -1 -1 -4.7709 633.1505 173.1996 661.0223 199.3134 1.6409 1.5786 4.1807 2.3676 1.6643 47.4917 -4.7218 0.0047
Cyclist -1 -1 -3.4607 1024.6906 192.3531 1092.1792 260.4422 1.8762 0.7038 1.4956 12.7829 2.4487 20.6860 -2.9146 0.0045
Pedestrian -1 -1 -5.0105 1041.5334 197.4539 1077.7300 262.6705 1.8071 0.7400 0.5718 12.8029 2.5230 20.6395 -4.4627 0.0043
Car -1 -1 -5.5249 1001.1379 199.8588 1153.5627 257.6076 1.3644 1.4966 3.6358 13.2670 2.2160 20.8157 -4.9648 0.0043
Car -1 -1 -6.9044 923.6400 192.3023 1078.9493 246.4432 1.4536 1.6395 3.7712 11.3897 2.0536 21.2039 -6.4181 0.0042
Car -1 -1 -5.3417 1015.1211 186.5782 1152.3906 242.8386 1.4684 1.6935 3.4273 13.8803 1.9097 21.4548 -4.7744 0.0042
Car -1 -1 -8.0109 676.6915 179.2236 751.3732 229.6140 1.4584 1.7178 4.4043 3.2515 1.6867 23.6658 -7.8767 0.0042
Car -1 -1 -4.2729 0.0000 181.7599 75.9280 248.1346 1.3234 1.6060 3.7289 -14.3728 1.5569 16.9324 -4.9691 0.0042
Pedestrian -1 -1 -2.5950 182.5851 178.0580 204.2058 216.4506 1.8082 0.5777 0.6922 -19.8766 2.0579 34.3611 -3.1163 0.0041
Car -1 -1 -4.7819 1164.2428 179.0388 1199.8499 201.3748 1.5201 1.7373 3.9776 41.4770 1.9874 52.4206 -4.1156 0.0041
Car -1 -1 -6.2791 1050.4015 189.6158 1213.5625 249.9973 1.4804 1.6403 3.6054 14.5460 1.9926 20.3522 -5.6661 0.0039
Cyclist -1 -1 -6.7786 1027.7699 194.9927 1099.8101 259.0631 1.7765 0.6739 1.6215 12.9201 2.4216 20.6524 -6.2270 0.0039
Car -1 -1 -3.3853 931.2899 193.0081 1077.2172 246.3612 1.4384 1.5897 3.5369 11.6079 2.0736 21.5555 -2.8978 0.0038
Car -1 -1 -6.3978 685.1002 175.1430 826.8617 224.5526 1.4339 1.6614 4.0632 4.3083 1.5065 22.0118 -6.2077 0.0038
Car -1 -1 -4.3553 336.5015 182.7478 381.3546 207.2819 1.5686 1.6636 3.8733 -17.2547 2.2762 49.6667 -4.6883 0.0037
Car -1 -1 -3.4957 1002.5956 189.3980 1163.1440 242.5198 1.4320 1.6840 3.6194 13.8460 1.9502 21.4068 -2.9285 0.0037
Car -1 -1 -4.7591 1170.8198 180.5046 1206.7826 205.1555 1.6434 1.8005 4.0710 41.3335 2.2137 51.6325 -4.0872 0.0036
Car -1 -1 -3.1812 928.6826 187.7686 1086.3547 244.3252 1.5149 1.7414 4.0400 11.8493 2.0010 21.8672 -2.6910 0.0036
Car -1 -1 -4.2294 340.4387 185.6701 385.8658 209.5549 1.5034 1.4263 3.6032 -16.8579 2.4130 49.3358 -4.5573 0.0034
Pedestrian -1 -1 -3.5478 1187.5533 152.0954 1207.2939 224.4697 1.8326 0.4713 0.2212 15.0291 1.3067 18.5272 -2.8743 0.0033
Car -1 -1 -4.1537 330.1415 181.5369 382.3887 203.9437 1.4167 1.6243 3.7338 -17.2634 2.0321 49.1691 -4.4900 0.0033
Car -1 -1 -4.8695 1042.9106 188.2120 1132.3009 241.5761 1.3707 1.6519 3.5951 14.1592 1.8733 21.6498 -4.2971 0.0031
Car -1 -1 -4.9492 738.5208 178.0607 765.6464 194.3132 1.5293 1.7122 4.0757 13.9834 2.0584 71.2966 -4.7567 0.0030
Car -1 -1 -4.7664 758.7402 178.3647 778.5268 194.7686 1.5375 1.6828 3.9861 15.5932 2.0966 71.1413 -4.5519 0.0030
Car -1 -1 -4.1949 335.2595 182.0428 385.6810 208.0733 1.6554 1.5828 3.7982 -17.0280 2.3088 49.3190 -4.5260 0.0030
Car -1 -1 -4.0250 992.6473 186.6030 1134.7528 240.7375 1.4757 1.7184 3.6573 13.6320 1.9175 21.7914 -3.4727 0.0029
Car -1 -1 -7.7962 180.8422 184.3949 219.0851 212.6344 1.3844 1.5772 3.7568 -22.1868 2.0416 39.0693 -8.3100 0.0027
Car -1 -1 -6.6666 677.5607 177.9736 823.3977 230.4057 1.5225 1.6440 4.1287 4.2724 1.6897 22.4006 -6.4813 0.0027
Car -1 -1 -5.5213 953.0806 189.7014 1083.7303 244.0843 1.4392 1.5685 3.2758 12.2877 1.9947 22.0070 -5.0185 0.0026
Car -1 -1 -4.9358 638.2072 173.6717 672.1337 196.8466 1.6981 1.6591 4.3680 3.3874 1.7631 55.3216 -4.8753 0.0026
Car -1 -1 -4.2737 119.8451 178.0375 236.2911 225.8326 1.4155 1.7726 3.9517 -14.1674 1.6014 23.8633 -4.8048 0.0025
Car -1 -1 -4.1920 1012.4080 187.2994 1142.8768 244.5219 1.5291 1.7289 3.6465 14.0281 1.9957 21.7083 -3.6252 0.0024
Car -1 -1 -5.3001 622.5928 173.3162 673.2647 196.7272 1.7169 1.6609 4.4957 2.8291 1.7536 55.3653 -5.2497 0.0024
Car -1 -1 -5.1204 630.5726 173.3860 672.8836 196.8720 1.7220 1.6285 4.3744 3.1202 1.7642 55.3420 -5.0648 0.0024
Car -1 -1 -4.8369 1026.8444 187.1721 1112.1956 244.5586 1.5057 1.7083 3.6270 13.8034 1.9805 21.9367 -4.2820 0.0023
Car -1 -1 -6.8734 672.4906 175.7056 814.5046 228.6019 1.5359 1.7204 4.1513 4.1642 1.6319 22.7451 -6.6953 0.0022
Pedestrian -1 -1 -4.1838 1190.8467 139.9180 1221.4435 231.9608 2.2842 0.5346 0.2635 14.9844 1.4666 18.2032 -3.5034 0.0022
Car -1 -1 -5.2779 972.2679 188.6091 1089.5841 243.6519 1.4839 1.5729 3.2593 12.6987 2.0019 22.0725 -4.7623 0.0022
Pedestrian -1 -1 -2.9312 105.2382 178.7153 142.2622 261.0114 1.6158 0.4872 0.5265 -9.8411 1.7362 14.5363 -3.5180 0.0021
Car -1 -1 -5.2154 983.3871 188.2028 1099.6949 243.0359 1.4845 1.6432 3.3100 13.0611 1.9909 22.1451 -4.6891 0.0020
Car -1 -1 -5.0988 1003.2550 186.1098 1117.0387 242.9058 1.5139 1.7073 3.5090 13.5111 1.9515 21.9710 -4.5541 0.0020
Car -1 -1 -4.5991 351.2020 186.7259 377.3781 207.5407 1.3055 1.3339 3.2227 -16.7756 2.2853 49.2593 -4.9260 0.0019
Car -1 -1 -7.7275 182.0031 183.1461 225.1041 214.2697 1.5369 1.5479 3.8863 -22.0032 2.1242 39.1038 -8.2373 0.0017
Car -1 -1 -4.2441 336.4063 182.1801 380.7104 205.6110 1.4996 1.5616 3.2353 -17.1475 2.1579 49.2464 -4.5779 0.0017
Car -1 -1 -4.5779 356.6622 186.2308 385.7727 210.2144 1.4969 1.3922 3.7466 -16.2741 2.4452 49.1990 -4.8961 0.0013
Pedestrian -1 -1 -3.1901 99.1832 182.4010 134.4865 265.7997 1.5965 0.4780 0.5558 -9.7954 1.7895 14.2523 -3.7838 0.0013
Pedestrian -1 -1 -7.8252 689.3029 174.9851 702.3085 208.9435 1.6777 0.6324 0.4305 4.2352 1.7843 35.9389 -7.7094 0.0011
Pedestrian -1 -1 -2.9811 85.6404 182.4521 104.7431 231.5192 2.1530 0.7666 0.5799 -23.0937 2.5889 32.3166 -3.5979 0.0011
Pedestrian -1 -1 -8.0929 668.8750 175.8770 682.2917 208.7938 1.9317 0.6324 0.7491 3.8546 2.1126 42.8373 -8.0043 0.0011
Car -1 -1 -4.7773 358.1899 185.9069 384.4330 208.6193 1.4046 1.4507 3.6909 -16.2294 2.3245 48.8835 -5.0966 0.0009
Car -1 -1 -5.9681 331.2811 182.9102 402.1319 207.7834 1.6675 1.6976 4.3347 -16.8282 2.3753 49.9400 -6.2918 0.0009
Pedestrian -1 -1 -8.0093 680.9672 174.9714 693.8613 205.7279 1.5204 0.5742 0.4535 3.8141 1.6262 35.9416 -7.9049 0.0009
Car -1 -1 -7.4865 176.7010 182.6503 239.0536 217.2230 1.7164 1.5775 4.1062 -21.7790 2.2770 39.1760 -7.9912 0.0008
Cyclist -1 -1 -2.7301 171.5266 178.8249 218.0540 215.0848 1.8511 0.8161 1.9322 -21.6103 2.1655 37.5141 -3.2499 0.0007
Pedestrian -1 -1 -4.5370 679.4817 174.6610 692.4756 208.3183 1.6790 0.5756 0.4880 3.7882 1.7705 36.3409 -4.4345 0.0006
Pedestrian -1 -1 -8.0533 687.2148 174.4325 702.5897 210.8037 1.8158 0.6811 0.5044 4.2320 1.8955 36.3257 -7.9389 0.0006
Pedestrian -1 -1 -6.6761 92.1560 180.8588 114.3498 227.7872 2.0855 0.7770 0.5696 -22.9842 2.4525 32.6669 -7.2856 0.0005
