Car -1 -1 -7.6739 403.0745 173.9488 522.5065 267.5044 1.6399 1.6651 3.9704 -2.8850 1.6649 14.6888 -7.8653 0.9996
Car -1 -1 -4.2656 194.1503 185.6319 294.0302 235.2467 1.5073 1.5632 3.7882 -12.4958 1.9801 24.8080 -4.7282 0.9992
Cyclist -1 -1 -2.5325 668.8959 159.4642 732.0594 225.3657 1.8191 0.5669 1.7951 2.5325 1.4492 20.7256 -2.4134 0.9445
Car -1 -1 -7.9504 580.8939 172.4505 612.6498 197.6167 1.5622 1.6556 4.2585 -0.9396 1.5369 47.0011 -7.9707 0.8849
Car -1 -1 -7.8101 586.2680 172.3618 614.7164 197.5388 1.5679 1.6739 4.2908 -0.6123 1.5369 47.1026 -7.8235 0.8411
Car -1 -1 -7.7630 586.8511 171.8490 618.1558 197.6315 1.6044 1.6548 4.4168 -0.4771 1.5415 47.1669 -7.7735 0.7956
Pedestrian -1 -1 -6.5815 114.1277 176.2291 154.4466 234.2794 1.8967 0.6642 0.9800 -16.0197 2.0125 24.2331 -7.1608 0.7289
Car -1 -1 -2.7213 0.0000 188.1295 77.0689 213.8624 1.4419 1.6004 4.0781 -34.6972 2.3843 43.2426 -3.3947 0.7262
Car -1 -1 -2.9303 686.5143 174.4487 807.0977 215.2504 1.4507 1.6161 4.2473 5.1321 1.5143 27.3380 -2.7473 0.7224
Car -1 -1 -7.9174 584.4937 172.5440 613.5835 197.3667 1.5425 1.6279 4.0600 -0.7859 1.5229 46.9253 -7.9345 0.7123
Pedestrian -1 -1 -3.3921 663.6204 160.0701 697.6069 221.2249 1.8598 0.5988 0.9245 2.1296 1.4707 22.3106 -3.2989 0.7030
Pedestrian -1 -1 -6.5302 116.7902 176.8347 155.3282 233.9178 1.8642 0.6683 0.9482 -15.9525 2.0007 24.2192 -7.1079 0.6684
Cyclist -1 -1 -2.5127 668.9453 159.8644 732.9966 225.1550 1.8024 0.6006 1.8192 2.5499 1.4435 20.7575 -2.3928 0.6555
Car -1 -1 -8.0387 576.0854 172.6087 612.7660 197.7059 1.5554 1.6457 4.1178 -1.0927 1.5399 46.9006 -8.0623 0.6153
Pedestrian -1 -1 -5.9122 402.9006 168.9355 425.3993 229.2446 1.7937 0.5301 0.4962 -5.9489 1.6769 21.7500 -6.1766 0.5981
Pedestrian -1 -1 -7.2122 117.0229 176.2987 157.8458 233.7669 1.8911 0.6491 1.0552 -15.9853 2.0097 24.3568 -7.7882 0.5526
Car -1 -1 -3.0092 689.3615 174.3189 806.4794 214.9686 1.4411 1.5705 4.1494 5.1374 1.4986 27.0736 -2.8242 0.5433
Car -1 -1 -4.4913 398.5037 178.4870 444.6806 208.0275 1.5345 1.6191 4.1852 -10.5208 1.8662 40.4069 -4.7448 0.5422
Car -1 -1 -8.0574 577.7189 172.6799 613.9754 197.1846 1.5163 1.6405 3.5923 -0.9868 1.5052 46.5818 -8.0789 0.4960
Pedestrian -1 -1 -6.7988 114.2821 178.1650 155.6467 233.7038 1.8023 0.6447 0.9617 -15.9056 1.9836 24.0993 -7.3773 0.4950
Cyclist -1 -1 -8.6161 672.6995 164.5977 723.6899 219.9216 1.7111 0.6074 1.7122 2.7680 1.4555 23.1830 -8.4994 0.4380
Pedestrian -1 -1 -5.8809 400.3860 168.6424 422.3901 229.3747 1.8053 0.5148 0.4755 -6.0283 1.6798 21.7351 -6.1488 0.4332
Pedestrian -1 -1 -3.8873 663.4146 161.4542 698.1055 221.4493 1.8204 0.6445 0.8652 2.1495 1.4742 22.4116 -3.7936 0.4329
Car -1 -1 -4.4726 395.9300 179.0991 443.0928 207.9260 1.4902 1.6008 4.1558 -10.6079 1.8568 40.2973 -4.7287 0.4185
Pedestrian -1 -1 -6.8862 339.4931 175.9022 353.7493 202.4000 1.7840 0.6094 0.6880 -17.9686 1.9932 49.1404 -7.2353 0.4169
Cyclist -1 -1 -2.5306 665.8263 162.9918 721.5464 220.2072 1.7779 0.6045 1.7484 2.6322 1.4711 23.2254 -2.4198 0.4081
Car -1 -1 -2.6903 0.0000 189.4860 75.9230 215.5510 1.4616 1.6864 4.0054 -34.8166 2.4894 43.3381 -3.3643 0.4068
Pedestrian -1 -1 -5.9374 402.1726 169.1238 425.0124 230.0677 1.8052 0.5073 0.5200 -5.9374 1.6944 21.6457 -6.2025 0.3898
Cyclist -1 -1 -2.5772 665.8500 164.0211 722.2531 220.1188 1.7513 0.6240 1.7449 2.6562 1.4753 23.3150 -2.4658 0.3792
Cyclist -1 -1 -8.5569 668.4844 164.3287 718.7535 219.9736 1.7226 0.6014 1.7698 2.6255 1.4584 23.2392 -8.4464 0.3742
Car -1 -1 -4.4417 395.5945 179.6041 445.2740 208.6699 1.4897 1.6276 4.0749 -10.4725 1.8826 39.9826 -4.6966 0.3488
Pedestrian -1 -1 -6.5530 339.6870 176.2256 351.2614 202.4872 1.7699 0.6463 0.5900 -18.0603 2.0014 49.1729 -6.9035 0.3357
Cyclist -1 -1 -7.8145 653.7253 169.8727 676.6603 221.1310 1.6608 0.7062 1.8063 1.8263 1.5639 24.3152 -7.7411 0.3310
Car -1 -1 -4.5288 394.8132 179.0825 437.0166 207.6834 1.4751 1.5650 3.9697 -10.7757 1.8389 40.1419 -4.7898 0.3159
Cyclist -1 -1 -7.9608 648.1393 169.7651 674.0363 221.1054 1.6620 0.6752 1.7731 1.6545 1.5617 24.2578 -7.8943 0.3069
Car -1 -1 -4.3786 389.4455 179.4266 441.9912 208.5611 1.4809 1.5489 4.0350 -10.6500 1.8608 39.6763 -4.6395 0.2881
Cyclist -1 -1 -1.7314 4.2099 185.6388 20.9228 219.9054 1.6608 0.3963 1.6119 -29.9848 2.3133 36.1597 -2.4202 0.2666
Pedestrian -1 -1 -7.5768 651.0549 169.5933 678.1396 219.6034 1.6426 0.6638 0.9989 1.7967 1.5352 24.2824 -7.5045 0.2548
Car -1 -1 -4.5031 380.6459 179.7230 422.9171 208.3030 1.4645 1.4840 3.7901 -11.4801 1.8620 39.8479 -4.7822 0.2494
Cyclist -1 -1 -7.7153 656.6177 169.2899 687.1940 220.6735 1.6621 0.7921 1.7886 2.0541 1.5465 24.2984 -7.6326 0.2449
Pedestrian -1 -1 -6.4599 123.1437 177.5174 163.3923 233.7141 1.8341 0.6377 1.0408 -15.7204 1.9943 24.2346 -7.0306 0.2447
Car -1 -1 -4.7381 377.0038 179.5305 408.8924 209.2020 1.5163 1.5871 4.0269 -12.1089 1.9062 40.0053 -5.0306 0.2430
Pedestrian -1 -1 -6.2436 294.5341 175.9953 312.7784 210.5367 1.7748 0.5290 0.8533 -15.9741 1.9396 37.5435 -6.6436 0.2338
Pedestrian -1 -1 -6.6564 338.7660 175.4877 353.4529 202.0220 1.7792 0.5811 0.7777 -17.9344 1.9593 48.9496 -7.0061 0.2128
Cyclist -1 -1 -7.8004 7.3180 186.9852 18.8957 219.4942 1.5681 0.3606 1.5571 -29.9609 2.2907 36.1761 -8.4886 0.2068
Car -1 -1 -4.4076 377.9347 180.0392 428.3943 208.5927 1.4662 1.5543 4.0284 -11.4658 1.8856 40.1097 -4.6846 0.2029
Cyclist -1 -1 -1.7818 1.1300 185.1272 21.0321 220.3773 1.7058 0.4477 1.5807 -29.9656 2.3300 36.0470 -2.4718 0.1888
Car -1 -1 -3.8771 385.3067 178.3131 457.2866 207.0943 1.5223 1.6370 3.8545 -10.7031 1.8478 41.0045 -4.1312 0.1880
Pedestrian -1 -1 -8.3473 677.2010 164.5919 708.2748 219.3481 1.7296 0.6661 0.8629 2.6198 1.4683 23.3160 -8.2375 0.1751
Cyclist -1 -1 -8.3677 669.1788 163.5326 714.3844 219.8258 1.7534 0.6492 1.8033 2.5859 1.4627 23.4303 -8.2598 0.1692
Car -1 -1 -4.5166 387.7165 179.9754 430.6951 208.8351 1.4621 1.5303 3.9349 -10.9895 1.8722 39.5692 -4.7862 0.1654
Pedestrian -1 -1 -8.3477 678.3171 162.7446 710.0710 218.9991 1.7650 0.6368 0.9507 2.6518 1.4475 23.1980 -8.2360 0.1638
Car -1 -1 -4.6613 381.2991 180.1573 414.6621 209.6523 1.4758 1.5355 4.0286 -11.5365 1.8950 39.2990 -4.9454 0.1612
Car -1 -1 -4.6596 378.5030 180.0869 411.2691 208.8468 1.4704 1.5340 3.8800 -11.9143 1.8917 39.9937 -4.9477 0.1576
Pedestrian -1 -1 -3.9233 658.3984 162.0470 693.3836 221.9168 1.8199 0.6372 0.8971 2.0041 1.4911 22.4654 -3.8362 0.1564
Cyclist -1 -1 -2.6508 659.9539 163.6534 717.2357 220.1628 1.7712 0.6386 1.7484 2.4888 1.4825 23.3700 -2.5467 0.1453
Car -1 -1 -4.7944 370.3614 178.8516 408.1280 209.0673 1.5471 1.6695 4.1200 -12.3326 1.8981 40.0486 -5.0916 0.1239
Car -1 -1 -7.1652 378.2250 178.2262 450.6318 207.9042 1.5521 1.7216 4.1179 -11.0126 1.8720 40.7733 -7.4278 0.1215
Car -1 -1 -3.1015 697.6448 172.8188 807.6019 213.4182 1.4402 1.5567 3.8949 5.2451 1.4386 26.7979 -2.9108 0.0954
Car -1 -1 -4.7165 378.4636 179.9911 409.0724 209.2777 1.4845 1.5352 3.7160 -11.8940 1.8952 39.5506 -5.0072 0.0882
Car -1 -1 -5.8021 383.9645 182.6390 482.5232 218.7917 1.3874 1.5400 3.6132 -7.2515 1.8033 29.5090 -6.0415 0.0813
Car -1 -1 -2.7508 0.0000 187.6757 72.8716 213.9267 1.4651 1.6448 3.9178 -34.7826 2.3781 43.1227 -3.4267 0.0776
Cyclist -1 -1 -1.7403 2.0922 184.1678 19.5677 219.4426 1.7154 0.4126 1.6115 -30.1111 2.2935 36.2071 -2.4305 0.0763
Car -1 -1 -6.0644 395.5244 182.0819 495.9041 217.9180 1.4201 1.6056 3.7861 -6.7769 1.8115 29.8179 -6.2864 0.0656
Cyclist -1 -1 -8.4563 661.2926 163.4928 707.4250 219.9370 1.7680 0.6177 1.7300 2.3553 1.4745 23.5070 -8.3584 0.0633
Pedestrian -1 -1 -4.0210 0.0000 185.2100 25.0407 220.2084 1.7225 0.7591 0.6221 -29.8934 2.3448 36.0445 -4.7099 0.0574
Cyclist -1 -1 -7.8828 5.8568 185.0271 16.4731 218.8784 1.6439 0.3696 1.5602 -30.1356 2.2673 36.2581 -8.5728 0.0488
Cyclist -1 -1 -7.9054 342.1791 177.3818 348.6830 202.5601 1.6893 0.3379 1.5940 -18.1844 2.0046 49.4976 -8.2561 0.0479
Cyclist -1 -1 -7.7640 10.1646 184.6107 24.1849 218.5575 1.6481 0.3923 1.6898 -29.9401 2.2542 36.4015 -8.4489 0.0470
Car -1 -1 -8.0280 334.8266 177.2583 370.0376 201.9802 1.6451 1.6613 4.0759 -18.2608 1.9693 50.9749 -8.3707 0.0468
Car -1 -1 -8.1797 325.6812 177.4143 369.0480 202.0709 1.6389 1.6208 4.1814 -18.5883 1.9737 50.8892 -8.5286 0.0438
Car -1 -1 -6.1591 399.7271 181.7314 500.0712 218.0673 1.4388 1.6641 3.9054 -6.6461 1.8209 30.0710 -6.3753 0.0316
Car -1 -1 -4.4060 476.5017 176.1576 506.4678 194.4816 1.5429 1.5328 3.7766 -10.4083 1.8422 63.4468 -4.5682 0.0316
Car -1 -1 -4.0544 0.0000 191.9727 128.2885 253.7758 1.4041 1.6415 4.6027 -15.8341 1.9979 20.1205 -4.7149 0.0265
Cyclist -1 -1 -7.8810 8.3563 184.2130 19.4907 218.1377 1.6580 0.3929 1.7185 -30.2490 2.2456 36.5626 -8.5687 0.0256
Pedestrian -1 -1 -8.3374 702.5571 177.5282 721.2681 217.3421 1.6277 0.6144 0.4804 4.1785 1.8233 29.9059 -8.2006 0.0230
Car -1 -1 -7.9171 342.9768 176.9401 371.5959 201.2807 1.6242 1.6674 3.8452 -17.9035 1.9243 50.9466 -8.2537 0.0221
Car -1 -1 -4.7013 477.0162 174.5649 496.3836 192.3887 1.5124 1.6346 4.1644 -10.9058 1.6686 63.8283 -4.8702 0.0216
Cyclist -1 -1 -7.5742 111.0067 178.0997 148.6739 236.0325 1.8149 0.5318 1.8644 -15.8263 1.9943 23.7487 -8.1570 0.0211
Car -1 -1 -4.4007 475.8518 174.3437 508.7401 192.6627 1.5554 1.6365 4.2898 -10.3967 1.6916 63.8697 -4.5617 0.0208
Cyclist -1 -1 -7.8393 2.2795 184.1126 15.5183 219.6714 1.7179 0.4816 1.6321 -30.1431 2.2938 36.1431 -8.5309 0.0181
Cyclist -1 -1 -1.8864 0.0000 183.3704 21.0505 219.7287 1.7622 0.5157 1.6494 -30.0866 2.2963 36.0092 -2.5789 0.0151
Car -1 -1 -4.4511 473.9441 176.1242 502.2463 194.1832 1.5117 1.4829 3.9099 -10.6551 1.8067 63.1445 -4.6179 0.0151
Car -1 -1 -4.5350 476.5179 175.0049 502.9192 193.1508 1.5400 1.5987 4.1354 -10.6223 1.7361 63.8069 -4.6996 0.0144
Cyclist -1 -1 -3.0028 679.6860 170.9238 723.7760 216.3827 1.8493 0.7162 1.7331 3.7640 1.7705 29.9232 -2.8795 0.0086
Cyclist -1 -1 -7.4304 13.2255 183.4270 44.4914 218.3063 1.7004 0.5350 1.8181 -29.5765 2.2518 36.6978 -8.1054 0.0078
Pedestrian -1 -1 -3.9921 1.3400 184.3187 26.8202 218.6545 1.6954 0.7162 0.6790 -29.9429 2.2761 36.2133 -4.6795 0.0061
Car -1 -1 -2.5646 248.9104 174.5358 332.4510 208.7113 1.8774 1.6986 4.0662 -18.1166 1.9752 40.9192 -2.9792 0.0054
Car -1 -1 -7.4445 286.4395 175.6794 344.6061 207.8676 1.7598 1.6690 3.9770 -17.0208 1.9311 41.8095 -7.8292 0.0039
Car -1 -1 -7.7726 176.5929 179.7351 201.5686 198.2313 1.5125 1.5805 3.5088 -36.3682 2.1252 62.3579 -8.2989 0.0037
Pedestrian -1 -1 -3.4660 856.9460 154.6698 894.9722 270.7718 1.6582 0.4681 0.3873 3.8237 1.3982 10.5416 -3.1278 0.0036
Car -1 -1 -4.6370 138.9463 180.5920 167.6974 201.4722 1.6116 1.6775 4.4253 -37.8135 2.2775 59.7776 -5.1992 0.0031
Car -1 -1 -8.1322 325.9523 177.0910 363.8734 201.9422 1.6584 1.5045 3.8644 -18.7383 1.9684 50.8390 -8.4839 0.0030
Car -1 -1 -7.4364 289.1043 175.2908 344.2496 205.8545 1.6724 1.5790 3.7008 -16.9013 1.8191 41.6561 -7.8199 0.0021
Car -1 -1 -4.7749 980.3486 172.8867 1018.6804 203.8213 1.5727 1.5541 3.8091 20.8212 1.5742 38.7416 -4.2853 0.0011
Pedestrian -1 -1 -4.2156 395.0322 184.2507 424.0413 237.4328 1.4050 0.6119 0.4545 -5.4584 1.7169 19.4768 -4.4859 0.0008
Pedestrian -1 -1 -3.7514 878.8660 157.5565 913.4747 223.9665 1.9037 0.6194 0.7120 8.3017 1.4649 21.0690 -3.3814 0.0007
Pedestrian -1 -1 -3.8356 888.3915 158.3456 921.3525 219.0070 1.7400 0.6036 0.6570 8.5634 1.3236 21.0853 -3.4551 0.0005
Cyclist -1 -1 -7.7396 341.0556 177.5379 349.5898 202.6834 1.6771 0.3616 1.6421 -18.1034 2.0022 49.2779 -8.0902 0.0004
Pedestrian -1 -1 -3.4621 931.6711 156.8374 955.8912 219.2908 1.5509 0.5127 0.4101 8.3606 1.1528 18.1935 -3.0378 0.0002
