Car -1 -1 -4.5338 498.8822 180.5008 561.6774 227.6926 1.6135 1.6837 3.9811 -2.9864 1.9250 27.3771 -4.6421 0.9998
Car -1 -1 -7.8064 553.9141 176.5067 576.2478 197.3051 1.6036 1.6171 3.9845 -3.6275 1.9088 58.3404 -7.8686 0.9393
Car -1 -1 -4.5496 497.8580 181.3416 559.4119 228.7570 1.6165 1.6940 3.9649 -3.0467 1.9617 27.3471 -4.6601 0.8701
Car -1 -1 -7.7684 553.9221 176.8763 577.3314 197.1175 1.5581 1.5766 3.6762 -3.5724 1.8922 58.1353 -7.8299 0.8059
Car -1 -1 -4.5054 496.7232 180.3143 563.0015 228.2745 1.6324 1.6967 4.0226 -2.9886 1.9359 27.2926 -4.6141 0.7932
Car -1 -1 -7.8403 552.8299 176.5467 573.8852 197.7600 1.6340 1.6410 4.0888 -3.7736 1.9432 58.3870 -7.9049 0.6705
Car -1 -1 -7.7328 552.9151 176.2950 579.4910 197.3317 1.6201 1.6514 4.2289 -3.5355 1.9088 58.4346 -7.7933 0.6621
Car -1 -1 -7.7395 554.2910 176.5633 579.3974 197.2216 1.5876 1.5657 4.1384 -3.4794 1.8980 58.3183 -7.7993 0.6433
Car -1 -1 -7.9311 486.9565 174.0316 513.4271 196.9819 1.6084 1.6181 3.8768 -8.1043 1.6977 52.8508 -8.0829 0.6420
Car -1 -1 -7.8565 490.7440 174.4740 514.5442 198.5665 1.6868 1.6620 4.1925 -7.9219 1.8104 53.0087 -8.0045 0.5618
Car -1 -1 -7.8197 553.0189 177.1334 574.4917 197.2094 1.5435 1.6075 3.3988 -3.7141 1.8970 57.9317 -7.8838 0.5462
Car -1 -1 -7.8241 489.6464 174.2377 512.4922 196.7441 1.5767 1.5482 3.1499 -7.9159 1.6801 52.4072 -7.9736 0.4367
Car -1 -1 -7.9592 483.5468 174.5750 512.4400 198.2299 1.6526 1.6687 4.0867 -8.2793 1.7837 52.9155 -8.1140 0.4036
Car -1 -1 -7.7099 490.5087 174.7403 520.6044 198.3628 1.6586 1.6178 4.1022 -7.6649 1.8024 53.0422 -7.8531 0.3533
Car -1 -1 -7.9265 402.9213 176.3048 438.2502 210.6378 1.8159 1.6446 3.9109 -10.7616 2.0204 40.7046 -8.1838 0.2593
Pedestrian -1 -1 -3.6414 670.6719 172.2793 680.5458 198.4341 1.7538 0.4921 0.4870 4.3953 1.7149 48.7044 -3.5524 0.1948
Pedestrian -1 -1 -5.8430 502.2927 176.6185 513.9573 209.4806 1.7647 0.5397 0.4388 -5.5633 1.9703 39.1429 -5.9837 0.1863
Pedestrian -1 -1 -5.7864 498.9238 177.4573 511.1116 210.6006 1.7792 0.5445 0.4497 -5.7342 2.0308 39.1583 -5.9313 0.1748
Car -1 -1 -7.9896 396.8801 176.9632 436.7513 210.3787 1.7600 1.6387 4.0349 -10.9812 2.0040 40.7161 -8.2518 0.1717
Pedestrian -1 -1 -6.3345 461.1171 184.0023 473.4225 224.1466 1.5645 0.4533 0.4546 -5.6935 2.0096 28.5487 -6.5302 0.0860
Pedestrian -1 -1 -6.8749 671.5999 172.6343 682.9924 198.6156 1.7407 0.5137 0.5770 4.5096 1.7257 48.7064 -6.7835 0.0846
Car -1 -1 -8.0458 393.7515 177.7072 435.7057 210.2410 1.7069 1.6153 3.5589 -11.0047 1.9914 40.3912 -8.3105 0.0839
Car -1 -1 -4.9247 398.0744 177.9159 460.5944 221.6029 1.6344 1.6531 4.1530 -7.5546 1.8583 29.7372 -5.1718 0.0618
Car -1 -1 -7.8291 397.3722 178.7494 437.8584 218.5504 1.6578 1.6736 3.8075 -8.7051 1.9414 32.7051 -8.0876 0.0580
Car -1 -1 -6.4455 481.2533 174.5927 539.3325 197.6983 1.6277 1.7816 3.9477 -7.2929 1.7573 52.4798 -6.5832 0.0511
Car -1 -1 -7.8171 396.6184 177.4281 437.9937 217.0768 1.6487 1.6576 3.7015 -8.6516 1.8668 32.4507 -8.0761 0.0475
Pedestrian -1 -1 -6.2388 464.0521 183.7555 476.6955 224.3163 1.5830 0.4448 0.4724 -5.5677 2.0180 28.5523 -6.4302 0.0465
Car -1 -1 -2.8685 465.6882 173.8974 522.4579 196.9822 1.6306 1.6622 3.7379 -8.3768 1.7072 52.0990 -3.0275 0.0439
Car -1 -1 -6.2953 470.8813 173.7418 520.6216 197.3786 1.6559 1.6747 3.4680 -8.2254 1.7207 51.7496 -6.4525 0.0396
Car -1 -1 -6.6154 393.1323 178.4265 498.2411 219.0834 1.6836 1.7215 4.2508 -7.3558 1.9466 32.2389 -6.8384 0.0393
Car -1 -1 -4.7192 397.1499 176.8819 441.6787 220.9670 1.6512 1.6507 4.2976 -7.9076 1.8297 29.7339 -4.9774 0.0387
Cyclist -1 -1 -5.0316 686.2267 173.2916 701.7626 199.4165 1.7086 0.5659 1.5507 5.5512 1.7379 48.0333 -4.9177 0.0351
Car -1 -1 -6.8132 483.1342 173.7945 552.2929 198.8871 1.7507 1.7857 4.7575 -6.7300 1.8219 52.6627 -6.9401 0.0342
Pedestrian -1 -1 -6.1073 456.2998 183.5760 475.5147 224.7049 1.5950 0.4937 0.6651 -5.7068 2.0201 28.3687 -6.3046 0.0318
Cyclist -1 -1 -7.6172 481.5830 179.0512 500.4996 210.8748 1.7250 0.6521 1.7526 -6.6801 2.0790 40.3577 -7.7807 0.0294
Car -1 -1 -7.0773 390.5798 175.3492 485.9902 215.9912 1.6536 1.8258 3.9739 -7.5286 1.7707 31.7955 -7.3084 0.0290
Car -1 -1 -7.9923 387.1010 177.4317 438.5614 217.6207 1.6734 1.7209 3.8918 -9.0176 1.8938 32.6562 -8.2601 0.0290
Car -1 -1 -6.4126 482.4135 174.1188 539.3760 197.6982 1.6564 1.6570 3.8957 -7.2031 1.7498 52.1389 -6.5495 0.0282
Cyclist -1 -1 -8.0451 541.1823 183.1548 557.0660 222.2866 1.5253 0.3530 1.5453 -2.5268 1.9551 29.3335 -8.1310 0.0236
Car -1 -1 -4.6280 393.5836 176.3963 439.3614 219.5597 1.7492 1.6216 3.6732 -8.4328 1.9132 31.5110 -4.8878 0.0233
Car -1 -1 -7.8975 389.0372 177.1716 431.1878 217.5178 1.6517 1.6378 3.5952 -8.9283 1.8541 31.9210 -8.1685 0.0233
Car -1 -1 -4.2686 362.4551 176.1059 447.7149 222.1204 1.7493 1.7387 4.2592 -8.4467 1.8943 29.9935 -4.5412 0.0213
Car -1 -1 -6.5500 396.7820 178.5383 494.5367 219.0474 1.6790 1.5954 3.9463 -7.3153 1.9437 31.9976 -6.7734 0.0200
Car -1 -1 -4.3119 386.7455 173.9969 464.5415 219.0517 1.8101 1.7653 4.1978 -7.9382 1.8629 31.3093 -4.5586 0.0195
Car -1 -1 -4.7063 397.7532 177.9932 440.4103 219.7505 1.5816 1.6056 4.2922 -8.0057 1.8124 30.1675 -4.9640 0.0195
Car -1 -1 -4.3946 395.8893 174.2509 466.5027 217.0121 1.7179 1.7545 4.1434 -7.6920 1.7823 31.2605 -4.6344 0.0188
Car -1 -1 -8.1034 390.5837 174.9827 438.8388 208.5869 1.7748 1.6530 4.1079 -11.0672 1.9007 40.5816 -8.3684 0.0182
Pedestrian -1 -1 -6.0620 460.1586 185.0888 480.4404 225.8268 1.5758 0.5064 0.6879 -5.5270 2.0604 28.3322 -6.2536 0.0176
Car -1 -1 -4.4109 537.7352 175.7899 582.9946 203.4489 1.5985 1.6080 4.1873 -3.0309 1.7879 44.3939 -4.4792 0.0162
Car -1 -1 -4.5425 544.6604 175.7673 576.3492 199.5825 1.5919 1.5771 3.9799 -3.4736 1.8049 50.7925 -4.6109 0.0151
Car -1 -1 -4.5792 393.6245 175.3838 448.2538 218.9339 1.7082 1.6963 4.2415 -8.0211 1.8235 30.7652 -4.8326 0.0147
Car -1 -1 -4.4514 537.3798 175.0375 574.5679 199.8260 1.6532 1.5904 4.1471 -3.7780 1.8129 50.6905 -4.5259 0.0146
Car -1 -1 -4.5160 387.1954 177.3738 444.6767 220.0064 1.6654 1.6002 4.0083 -8.2110 1.8700 30.6712 -4.7759 0.0140
Car -1 -1 -3.1229 455.1304 173.5143 514.1443 196.1976 1.5834 1.6638 4.0902 -8.9615 1.6313 51.5663 -3.2944 0.0139
Car -1 -1 -3.0581 455.4924 173.3974 514.7114 196.1892 1.6027 1.6357 4.0654 -8.9525 1.6422 51.7774 -3.2288 0.0138
Car -1 -1 -4.4571 532.4058 176.5773 574.8086 203.3597 1.5540 1.6156 4.1765 -3.4703 1.7955 44.6741 -4.5346 0.0126
Car -1 -1 -6.5884 485.2015 174.0614 548.4860 199.1621 1.7570 1.7015 4.2364 -6.7810 1.8470 52.3281 -6.7170 0.0122
Car -1 -1 -4.2722 369.4203 177.9888 446.2248 220.7358 1.6418 1.5942 3.8737 -8.4250 1.8714 30.2483 -4.5420 0.0115
Car -1 -1 -4.5620 541.6148 175.7431 576.6757 202.4626 1.5272 1.5407 3.9910 -3.0711 1.7102 43.7343 -4.6321 0.0113
Car -1 -1 -6.7543 397.1714 176.8965 468.0212 210.1014 1.7485 1.6523 3.4582 -9.8909 1.9831 40.1758 -6.9946 0.0101
Car -1 -1 -4.4817 532.3746 175.3425 568.7338 200.6049 1.6844 1.5932 4.3893 -4.1688 1.8674 50.8502 -4.5635 0.0096
Car -1 -1 -3.1495 370.0415 175.0457 467.8615 216.1729 1.7072 1.6200 4.0132 -8.3270 1.8062 31.3984 -3.4071 0.0085
Car -1 -1 -4.9596 551.9399 175.9479 582.1381 192.7737 1.3974 1.6490 4.1975 -3.8114 1.6768 63.0000 -5.0201 0.0056
Cyclist -1 -1 -8.0020 543.3584 183.8151 557.0488 222.1288 1.4840 0.3362 1.4582 -2.4644 1.9375 29.1240 -8.0864 0.0055
Cyclist -1 -1 -7.9463 549.0236 184.2397 561.8768 223.1208 1.5044 0.3762 1.5167 -2.2548 1.9764 29.1532 -8.0235 0.0053
Car -1 -1 -6.4251 486.9137 173.9021 546.0837 199.1112 1.7685 1.6273 4.0429 -6.7857 1.8457 52.0529 -6.5544 0.0052
Pedestrian -1 -1 -8.2218 640.0394 170.3197 648.0153 187.1260 1.5483 0.5659 0.5824 3.1296 1.3145 66.8364 -8.1755 0.0052
Car -1 -1 -7.3510 478.8123 181.2618 544.6406 212.8816 1.4580 1.6171 3.9034 -4.9421 1.9076 36.5045 -7.4851 0.0051
Car -1 -1 -3.2015 454.6656 173.5234 513.7703 196.3534 1.5833 1.6346 4.0547 -9.0006 1.6319 51.3778 -3.3744 0.0044
Car -1 -1 -3.8199 453.0913 176.8267 524.6236 210.1140 1.7882 1.7348 3.7787 -6.9169 2.0258 41.2243 -3.9856 0.0043
Pedestrian -1 -1 -3.9528 0.0000 187.9320 34.3006 285.2774 1.9765 0.6091 0.4986 -12.5271 2.2954 15.0044 -4.6399 0.0043
Car -1 -1 -5.0404 453.0093 181.3272 508.4853 214.5277 1.5295 1.5749 3.9004 -6.6102 1.9811 36.3937 -5.2193 0.0041
Car -1 -1 -4.3323 530.4189 176.5858 573.1772 199.9223 1.5989 1.6174 4.3074 -4.2085 1.8819 52.4678 -4.4124 0.0039
Pedestrian -1 -1 -3.9533 241.1008 177.8896 290.1420 288.1006 2.1671 0.6096 0.6618 -7.0306 2.2718 14.6345 -4.3947 0.0037
Pedestrian -1 -1 -6.3667 528.1882 172.9290 535.7416 199.2966 1.8302 0.5587 0.4791 -5.4838 1.8352 50.4037 -6.4749 0.0031
Car -1 -1 -4.7890 469.5913 180.7607 507.0651 213.6592 1.5230 1.5711 3.8013 -6.2236 1.9441 36.4160 -4.9576 0.0031
Car -1 -1 -6.7584 0.0000 0.0000 1241.0000 374.0000 1.5558 1.5858 3.6489 -2.5890 1.6436 1.3355 -7.7713 0.0030
Car -1 -1 -6.6929 0.0000 0.0000 1241.0000 374.0000 1.5620 1.5886 3.6574 -3.0072 1.6499 1.3285 -7.7722 0.0030
Car -1 -1 -6.6647 0.0000 0.0000 1241.0000 374.0000 1.5645 1.5942 3.7146 -3.3918 1.6702 1.4169 -7.7712 0.0030
Car -1 -1 -6.5968 0.0000 0.0000 1241.0000 374.0000 1.5757 1.6035 3.7644 -4.1959 1.7102 1.4727 -7.7712 0.0030
Car -1 -1 -6.6220 0.0000 0.0000 1241.0000 374.0000 1.5661 1.5986 3.7373 -3.8089 1.6714 1.4213 -7.7722 0.0030
Pedestrian -1 -1 -3.4804 693.8275 175.4070 709.0315 206.9368 1.5170 0.6739 0.5402 4.4125 1.6425 35.1658 -3.3572 0.0030
Pedestrian -1 -1 -3.7526 0.0000 184.8083 44.5798 279.6823 1.9054 0.5594 0.5703 -12.2548 2.1582 14.9307 -4.4313 0.0030
Car -1 -1 -4.6647 628.4543 174.2811 653.0963 196.8208 1.5420 1.5934 3.5031 2.1905 1.6470 51.4096 -4.6228 0.0029
Pedestrian -1 -1 -3.5477 0.0000 184.2799 33.4754 284.1320 1.9607 0.5514 0.5965 -12.2508 2.1986 14.6495 -4.2354 0.0029
Cyclist -1 -1 -3.9183 0.0000 188.9215 73.3252 277.9034 1.7142 0.5917 1.6569 -12.2387 2.0686 15.0683 -4.5919 0.0027
Car -1 -1 -4.1936 467.1133 179.0221 537.5844 211.0036 1.4761 1.6857 4.1329 -5.3909 1.8060 36.3949 -4.3401 0.0024
Pedestrian -1 -1 -5.9871 524.7993 171.7617 532.6677 198.0001 1.8210 0.5860 0.3928 -5.7067 1.7449 50.4016 -6.0997 0.0019
Car -1 -1 -4.3627 462.6689 179.6241 523.6428 213.4207 1.5582 1.6774 4.2569 -5.8556 1.9207 36.4170 -4.5215 0.0017
Cyclist -1 -1 -3.9625 507.5287 174.9093 535.7510 202.0609 1.7271 0.7504 1.8742 -5.7815 1.8636 47.0241 -4.0846 0.0012
Pedestrian -1 -1 -6.8203 544.6514 182.9397 566.3005 222.3275 1.5486 0.6676 0.6134 -2.2410 1.9606 29.0486 -6.8973 0.0008
Pedestrian -1 -1 -3.1933 657.9858 175.4034 678.5706 227.0813 1.6611 0.4910 0.6408 1.8443 1.7446 23.4710 -3.1166 0.0008
Pedestrian -1 -1 -3.3796 709.8213 174.9120 722.9026 212.5759 1.4177 0.4899 0.3860 3.9990 1.4965 27.4504 -3.2370 0.0008
Pedestrian -1 -1 -3.5554 712.8992 174.6727 728.4266 214.0471 1.4790 0.5356 0.4006 4.1612 1.5486 27.4423 -3.4071 0.0007
Car -1 -1 -7.0047 463.5969 178.4069 524.5730 207.3852 1.5704 1.5490 3.2521 -6.6747 1.9031 41.5192 -7.1636 0.0006
Pedestrian -1 -1 -6.2959 697.4446 169.3513 707.2350 202.7969 1.5576 0.5933 0.4471 4.2977 1.3942 33.9232 -6.1714 0.0005
Car -1 -1 -3.1670 437.9415 161.9213 497.8905 185.5753 1.7542 1.7824 4.4032 -10.8352 0.9431 54.8601 -3.3613 0.0004
Cyclist -1 -1 -4.2415 514.4655 175.4360 536.1372 201.6599 1.6724 0.6948 1.7368 -5.5558 1.8441 47.1334 -4.3586 0.0004
Car -1 -1 -3.2834 437.3451 163.8887 495.4258 186.3365 1.6572 1.5355 4.1415 -10.9137 0.9951 54.6795 -3.4797 0.0003
Car -1 -1 -6.8794 465.3647 177.7244 532.9891 207.4690 1.6183 1.5039 3.6410 -6.3991 1.9112 41.6333 -7.0314 0.0003
