Car -1 -1 -4.3237 154.8135 196.1388 422.4396 357.8048 1.4501 1.5979 3.8052 -3.6823 1.7996 8.9299 -4.7053 0.9999
Car -1 -1 -8.1553 762.9524 172.9193 985.9910 321.0525 1.5563 1.5868 3.6755 3.1135 1.5570 9.4255 -7.8467 0.9997
Car -1 -1 -8.4347 877.2076 185.7614 1241.0000 374.0000 1.4676 1.6162 3.8136 3.0198 1.5773 4.2431 -7.8494 0.9984
Car -1 -1 -8.1552 644.6448 172.6132 704.0479 211.9714 1.5828 1.5849 3.3713 2.6457 1.5728 30.8341 -8.0710 0.9979
Car -1 -1 -3.2264 775.8181 169.7166 891.9004 220.2718 1.5431 1.5408 3.4225 7.0386 1.4470 23.1279 -2.9351 0.9962
Car -1 -1 -4.0206 0.0000 207.1248 244.2337 374.0000 1.4950 1.5884 3.7468 -3.8912 1.7838 4.1944 -4.7374 0.9842
Car -1 -1 -8.0294 594.1391 174.7515 628.1530 200.1156 1.5254 1.5733 3.3546 0.0021 1.6493 45.4487 -8.0298 0.9774
Car -1 -1 -3.8363 547.6396 174.1732 595.3679 192.6454 1.4970 1.6393 3.8508 -3.2380 1.6111 60.6591 -3.8897 0.9288
Car -1 -1 -5.3754 870.3065 182.6652 1241.0000 374.0000 1.4896 1.6371 4.3918 3.0552 1.5733 3.9524 -4.7536 0.8807
Car -1 -1 -4.0433 0.0000 211.6381 252.0250 374.0000 1.4149 1.6030 3.5567 -3.8893 1.7478 4.3995 -4.7378 0.8035
Car -1 -1 -8.0457 593.0695 174.9184 628.9216 200.6516 1.5480 1.6047 3.5857 -0.0113 1.6837 45.6254 -8.0464 0.7950
Car -1 -1 -4.3026 148.1464 196.1209 424.3492 356.9532 1.4498 1.6510 3.8239 -3.7315 1.8019 8.9961 -4.6863 0.7601
Car -1 -1 -3.2205 773.6600 168.2258 895.2550 219.7774 1.5676 1.4376 3.5904 7.0226 1.4265 23.0227 -2.9285 0.7507
Car -1 -1 -7.9901 596.4197 174.7872 629.6004 199.9922 1.5190 1.6032 3.7240 0.1166 1.6465 45.7373 -7.9881 0.7401
Car -1 -1 -6.3869 777.4939 168.6950 907.7573 219.1554 1.5357 1.5953 3.8140 7.3001 1.4088 23.1160 -6.0852 0.7354
Car -1 -1 -8.0464 591.9504 174.2728 627.0877 200.0806 1.5547 1.5868 3.3971 -0.1015 1.6474 45.4862 -8.0491 0.7280
Car -1 -1 -3.9126 546.4999 173.6917 593.1913 193.3601 1.5930 1.6787 3.8282 -3.3695 1.6653 60.5829 -3.9683 0.7198
Car -1 -1 -3.2028 776.5974 170.6390 898.4517 220.9218 1.5284 1.6511 3.6086 7.1560 1.4608 23.1544 -2.9072 0.7028
Car -1 -1 -3.8223 546.6636 174.1705 595.2527 193.2482 1.5424 1.7102 3.8536 -3.2781 1.6560 60.5273 -3.8766 0.6817
Car -1 -1 -7.9575 598.3024 174.8942 629.4070 199.9959 1.5102 1.5910 3.6181 0.1722 1.6441 45.5946 -7.9542 0.6244
Car -1 -1 -6.9376 546.6445 173.9129 599.5124 192.7521 1.5304 1.7285 4.2916 -3.1142 1.6225 60.8954 -6.9889 0.6202
Car -1 -1 -8.0414 592.7187 174.4510 626.9270 200.2607 1.5510 1.5630 3.2494 -0.0800 1.6548 45.3177 -8.0436 0.6154
Car -1 -1 -4.0411 0.0000 209.2478 251.3896 374.0000 1.4058 1.6326 3.7802 -3.9881 1.7270 4.4623 -4.7413 0.6136
Car -1 -1 -3.9462 0.0000 199.8379 243.0273 374.0000 1.5304 1.6864 4.0642 -3.9348 1.7522 3.8998 -4.7023 0.5838
Pedestrian -1 -1 -7.7640 484.3871 174.9139 494.1698 202.1561 1.7056 0.5380 0.8422 -7.6743 1.8370 45.6811 -7.9299 0.5716
Pedestrian -1 -1 -7.7871 484.5601 174.9308 494.4268 202.1744 1.7099 0.5643 0.8255 -7.6792 1.8427 45.7925 -7.9527 0.5543
Car -1 -1 -4.0518 0.0000 201.4632 234.8713 374.0000 1.5003 1.6047 4.0860 -3.8008 1.7370 3.8768 -4.7934 0.5341
Car -1 -1 -3.9488 545.3989 173.8520 592.8646 193.6269 1.6016 1.7296 3.9615 -3.4330 1.6881 60.7149 -4.0054 0.5334
Car -1 -1 -8.0190 590.0978 174.4883 624.0663 200.1705 1.5410 1.5837 3.4376 -0.2546 1.6475 45.3542 -8.0251 0.5043
Pedestrian -1 -1 -7.6307 485.4582 174.3199 497.2084 201.8013 1.7214 0.5613 0.8456 -7.5441 1.8148 45.6826 -7.7938 0.4287
Car -1 -1 -4.0113 0.0000 197.9395 224.1325 374.0000 1.5155 1.6527 4.2426 -3.8496 1.7182 3.6623 -4.7857 0.3881
Car -1 -1 -4.8730 595.3085 173.5546 631.3883 200.1925 1.5816 1.6727 3.6482 0.1317 1.6267 44.8749 -4.8706 0.3767
Pedestrian -1 -1 -7.7063 485.6566 174.7269 497.3290 201.7863 1.6987 0.6084 0.8835 -7.5536 1.8185 45.8042 -7.8692 0.3669
Car -1 -1 -3.9438 688.6511 167.0857 735.0620 185.5690 1.5636 1.6441 4.0699 8.8803 1.0753 62.9371 -3.8045 0.2379
Car -1 -1 -4.2377 618.6005 171.8775 658.5779 191.3288 1.4845 1.6129 3.7848 2.2703 1.4097 57.1126 -4.1985 0.1885
Car -1 -1 -4.1917 621.1324 170.4323 662.4869 189.8381 1.4670 1.6297 3.6698 2.4966 1.2837 56.5331 -4.1481 0.1660
Car -1 -1 -4.1941 621.5879 171.1998 664.2391 190.5155 1.4767 1.6011 4.0266 2.6238 1.3499 57.2905 -4.1489 0.1614
Pedestrian -1 -1 -5.4109 815.6009 166.6361 856.4495 263.3153 1.6607 0.5564 0.4043 3.9186 1.5536 12.6898 -5.1189 0.1611
Car -1 -1 -6.4212 973.5425 164.9136 1124.5507 217.4516 1.4819 1.5169 3.7041 13.0474 1.2576 21.7659 -5.8874 0.1535
Car -1 -1 -5.4003 605.9156 172.4175 651.3118 191.9147 1.4924 1.5751 3.7421 1.4170 1.4587 57.1884 -5.3760 0.1242
Car -1 -1 -5.1448 614.7464 172.2484 651.2971 191.5933 1.4807 1.5517 3.5298 1.7629 1.4340 57.1548 -5.1145 0.1214
Pedestrian -1 -1 -5.5113 825.3945 161.9111 867.9182 260.5659 1.6856 0.5532 0.4520 4.0953 1.4983 12.6580 -5.2060 0.1101
Car -1 -1 -4.1545 616.7132 172.2829 659.7562 191.9484 1.4862 1.7269 3.5989 2.2133 1.4427 56.5025 -4.1159 0.1067
Car -1 -1 -6.6542 976.1394 165.4817 1147.7849 216.2061 1.4604 1.6273 4.1106 13.5527 1.2478 21.9347 -6.1070 0.1058
Car -1 -1 -5.8319 971.7859 164.8690 1130.2926 218.6632 1.4540 1.5085 3.7377 12.9532 1.2378 21.4773 -5.2955 0.0999
Car -1 -1 -2.4876 602.5247 172.8434 651.4388 192.0222 1.4654 1.5809 3.6437 1.2937 1.4643 56.8881 -2.4654 0.0826
Car -1 -1 -4.5138 619.2678 171.9478 648.1472 191.4510 1.4843 1.6218 3.4722 1.8685 1.4150 56.7873 -4.4814 0.0810
Car -1 -1 -6.6591 962.0452 165.0079 1113.9431 215.3131 1.4631 1.5543 3.6717 12.9062 1.2346 22.0247 -6.1351 0.0693
Car -1 -1 -6.8505 972.0128 167.5016 1144.0488 216.4532 1.4475 1.6296 4.3046 13.6437 1.2889 22.1980 -6.3056 0.0635
Car -1 -1 -5.6355 964.4398 165.8269 1119.6127 220.6363 1.4778 1.4990 3.8218 12.6701 1.2881 21.5070 -5.1094 0.0613
Car -1 -1 -8.6317 600.3278 171.8103 650.1366 191.7199 1.5207 1.6086 3.9786 1.1476 1.4407 57.1099 -8.6121 0.0570
Car -1 -1 -5.3078 967.1789 165.5776 1094.9171 218.8519 1.4955 1.6011 3.6162 12.7061 1.2909 22.1211 -4.7925 0.0551
Car -1 -1 -4.1758 611.7910 172.5830 654.5131 192.5665 1.5001 1.6609 3.7157 1.8078 1.4795 56.1773 -4.1442 0.0531
Car -1 -1 -8.4302 978.3990 165.8109 1104.7026 218.4807 1.4708 1.5830 3.5678 12.9392 1.2738 21.9703 -7.9042 0.0482
Car -1 -1 -6.6880 952.5382 165.7443 1091.1593 215.0081 1.4492 1.5005 3.3755 12.5032 1.2397 22.1450 -6.1800 0.0472
Car -1 -1 -3.7205 931.1317 163.7870 1075.1833 215.9052 1.5218 1.5623 3.5951 11.8813 1.2568 22.0074 -3.2314 0.0471
Car -1 -1 -7.2589 623.1155 169.3297 667.9069 189.2590 1.5164 1.6074 3.9292 2.8095 1.2480 56.9555 -7.2101 0.0451
Car -1 -1 -7.1351 967.8165 164.9436 1124.0536 216.3596 1.4891 1.6977 4.3873 13.4634 1.2597 22.3863 -6.5998 0.0447
Car -1 -1 -7.2474 622.7499 170.1220 669.1469 189.6687 1.4927 1.6126 4.1272 2.8607 1.2838 57.2271 -7.1980 0.0421
Car -1 -1 -2.9161 604.5224 172.0912 651.6907 191.3212 1.4753 1.5569 3.4344 1.4018 1.4165 56.5344 -2.8918 0.0385
Car -1 -1 -5.4035 959.0588 164.8175 1097.6473 220.1936 1.5095 1.5252 3.7580 12.3415 1.2902 21.6536 -4.8916 0.0383
Car -1 -1 -6.7467 961.7831 166.2678 1117.6625 215.5642 1.4505 1.5909 3.8023 13.0404 1.2564 22.1431 -6.2206 0.0367
Car -1 -1 -3.5905 946.3159 163.7545 1092.3024 212.8095 1.4469 1.6022 3.5616 12.4436 1.1782 22.1821 -3.0852 0.0353
Car -1 -1 -4.1743 607.9193 172.5339 652.8914 192.6542 1.5028 1.6956 3.9744 1.5946 1.4786 56.0248 -4.1464 0.0308
Car -1 -1 -3.5256 931.9907 165.1643 1076.3152 215.4678 1.4824 1.4933 3.5974 11.9824 1.2555 22.1945 -3.0364 0.0306
Car -1 -1 -3.3675 927.3638 162.7716 1072.4631 214.1835 1.5096 1.5188 3.7073 11.9315 1.2133 22.3937 -2.8837 0.0278
Car -1 -1 -3.7945 613.4620 172.1401 663.3035 192.1552 1.5250 1.6982 3.6310 2.2157 1.4703 56.7157 -3.7560 0.0231
Car -1 -1 -5.3467 957.8105 163.2379 1085.9010 217.1002 1.5107 1.6154 3.5061 12.4089 1.2407 22.0790 -4.8407 0.0226
Car -1 -1 -4.0176 603.9091 172.6955 653.2903 193.2751 1.5301 1.6082 4.0247 1.4410 1.5180 55.6902 -3.9922 0.0167
Cyclist -1 -1 -8.0338 392.8402 178.4601 411.1161 222.0356 1.5744 0.3841 1.5678 -7.8547 1.7904 27.0591 -8.3141 0.0143
Car -1 -1 -8.7489 932.7880 163.2852 1069.8645 213.5016 1.4405 1.4339 3.6840 12.1153 1.1657 22.6735 -8.2638 0.0142
Car -1 -1 -4.2200 576.5910 174.0266 619.5425 194.6241 1.5739 1.6630 4.1582 -0.9362 1.6708 57.6167 -4.2365 0.0137
Car -1 -1 -8.7050 948.1938 165.9408 1078.5531 214.3355 1.3773 1.4931 3.3641 12.3384 1.1802 22.3705 -8.2068 0.0127
Cyclist -1 -1 -7.9174 405.6878 178.2651 418.5092 220.5721 1.5346 0.3764 1.3871 -7.4762 1.7427 27.0722 -8.1848 0.0112
Car -1 -1 -8.6213 947.6915 164.1198 1077.3923 215.5358 1.4505 1.6029 3.3283 12.1970 1.2038 22.1736 -8.1243 0.0093
Pedestrian -1 -1 -2.6289 48.8910 173.8166 66.4144 219.0480 1.7742 0.5279 0.3348 -21.9334 1.8124 28.5980 -3.2788 0.0077
Car -1 -1 -3.5543 1106.4376 146.3170 1241.0000 206.5933 1.8530 1.7754 3.8653 18.7117 1.0369 23.5246 -2.8886 0.0055
Cyclist -1 -1 -7.8511 404.1261 178.4708 415.5043 219.9099 1.4909 0.3982 1.3485 -7.4935 1.7051 26.8532 -8.1211 0.0051
Cyclist -1 -1 -8.0938 385.9558 177.0522 409.9376 219.9748 1.5412 0.4954 1.5816 -7.9530 1.7019 26.8737 -8.3792 0.0042
Pedestrian -1 -1 -2.4527 47.0627 178.4566 61.7863 221.7726 1.6865 0.4325 0.2375 -21.8878 1.9082 28.3707 -3.1054 0.0039
Car -1 -1 -8.1842 1089.8779 128.4560 1241.0000 225.9261 2.0215 1.9781 4.4380 13.3651 1.1004 17.3812 -7.5370 0.0037
Car -1 -1 -7.6894 517.9613 161.7955 542.6923 185.4040 2.1310 1.6479 4.0575 -7.4077 1.1325 67.2014 -7.7990 0.0030
Car -1 -1 -7.6939 522.5911 163.2639 546.6884 187.2203 2.1611 1.6236 3.9348 -6.9972 1.2957 67.0987 -7.7977 0.0030
Car -1 -1 -7.6842 513.4095 161.4751 538.6379 185.7634 2.1911 1.6721 4.0554 -7.8031 1.1643 67.1613 -7.7996 0.0030
Car -1 -1 -8.3361 1074.7253 127.1798 1241.0000 225.4789 2.0499 1.8435 4.1906 13.0741 1.0971 17.2608 -7.6962 0.0030
Car -1 -1 -8.4231 1065.3357 135.2577 1241.0000 226.1697 1.9007 1.7631 4.1849 12.9195 1.1144 17.2308 -7.7881 0.0030
Cyclist -1 -1 -7.6871 414.7765 177.4063 432.4594 218.5630 1.4961 0.4265 1.3342 -7.0279 1.6708 27.0627 -7.9393 0.0027
Pedestrian -1 -1 -3.4929 1206.0421 144.3060 1241.0000 229.3759 1.5699 0.6699 0.4526 11.6930 1.0428 13.7071 -2.7973 0.0020
Pedestrian -1 -1 -3.8105 1195.6034 145.7494 1241.0000 230.3802 1.5667 0.6530 0.5242 11.5813 1.0646 13.6896 -3.1190 0.0018
Car -1 -1 -3.7170 1055.1464 128.3130 1241.0000 220.0801 1.9559 1.9592 3.8987 12.6882 1.0063 16.4951 -3.0700 0.0015
Car -1 -1 -4.0348 340.4975 171.3363 380.1630 188.0185 1.5979 1.6915 3.7959 -24.6089 1.4522 71.1840 -4.3667 0.0015
Cyclist -1 -1 -4.3259 482.8481 174.7823 500.3820 202.5628 1.7303 0.5830 1.4861 -7.5472 1.8546 45.8396 -4.4886 0.0014
Car -1 -1 -3.7479 1031.7622 136.3282 1241.0000 215.9197 1.7034 1.9074 3.9238 12.0763 0.9214 16.4324 -3.1227 0.0014
Cyclist -1 -1 -4.5294 483.2088 175.5699 495.9512 202.5836 1.6815 0.5295 1.5320 -7.6774 1.8566 45.8374 -4.6948 0.0013
Pedestrian -1 -1 -3.6264 765.2086 163.6924 772.2521 188.5625 2.1546 0.6473 0.3354 13.8052 1.3606 62.8680 -3.4115 0.0011
Car -1 -1 -4.0000 334.9022 172.3412 374.9347 188.5168 1.5465 1.6138 3.8172 -25.0979 1.4972 71.0566 -4.3386 0.0009
Car -1 -1 -3.3808 348.7313 168.5048 423.3179 202.7424 1.5686 1.4808 3.1456 -10.7415 1.3690 34.5000 -3.6808 0.0004
Cyclist -1 -1 -2.3624 366.6042 171.8010 413.9496 216.6839 1.5977 0.6694 1.6657 -8.0786 1.5599 26.3679 -2.6573 0.0004
Car -1 -1 -3.4403 348.4132 164.3254 429.6411 202.5710 1.7410 1.6553 3.3744 -10.5851 1.3525 34.4767 -3.7363 0.0003
Car -1 -1 -3.3776 347.6314 171.8314 432.6509 206.5291 1.5775 1.4928 3.6260 -10.4965 1.5307 34.3655 -3.6722 0.0003
