Car -1 -1 -8.0756 642.1591 187.0139 701.2073 227.8139 1.4173 1.5919 3.2327 2.2849 1.9995 27.9667 -7.9957 1.0000
Car -1 -1 -8.7445 821.1475 183.6572 1009.8259 260.9227 1.4149 1.5614 3.5729 6.4386 1.6787 15.6960 -8.3626 0.9998
Car -1 -1 -2.7897 243.4283 193.5858 414.4769 255.3072 1.4948 1.5859 3.8518 -7.2933 2.0595 18.8432 -3.1548 0.9894
Car -1 -1 -7.9340 623.7762 184.1302 660.4149 215.6839 1.4955 1.5812 4.0012 1.5869 2.1158 37.6788 -7.8929 0.9886
Car -1 -1 -2.9011 320.6104 192.2429 467.9310 239.5706 1.4416 1.6633 4.3584 -7.0300 2.1024 23.6710 -3.1873 0.9816
Car -1 -1 -2.5144 0.0000 201.6318 267.1898 332.0495 1.4486 1.5956 3.7788 -6.6921 1.8478 9.1956 -3.1301 0.9664
Car -1 -1 -2.6413 49.0213 164.6061 380.3181 299.9003 2.0162 1.7455 4.4118 -6.2533 1.8929 11.6626 -3.1245 0.9605
Car -1 -1 -2.2875 0.0000 195.6937 141.7197 374.0000 1.5739 1.6374 3.6221 -7.0185 1.8327 7.1888 -3.0424 0.9571
Car -1 -1 -2.8484 395.5786 190.8629 489.1156 225.5951 1.3905 1.5524 3.5817 -7.1355 2.1789 30.7058 -3.0754 0.9503
Car -1 -1 -6.0711 411.5121 187.4482 498.6624 220.8222 1.5790 1.5462 3.9668 -7.6357 2.3143 35.5928 -6.2815 0.9156
Car -1 -1 -5.9672 363.5577 190.8208 474.5732 234.0520 1.4648 1.4977 3.5810 -6.8802 2.1335 26.0115 -6.2238 0.9088
Car -1 -1 -6.0797 365.2646 190.6948 473.8903 233.8169 1.4699 1.5341 3.5712 -6.8866 2.1378 26.1642 -6.3352 0.8839
Car -1 -1 -2.8360 234.7742 193.7947 416.1495 258.1447 1.5403 1.6359 4.1000 -7.3576 2.1139 18.8303 -3.2044 0.8427
Car -1 -1 -2.7447 252.9871 194.7155 419.1191 255.1860 1.4626 1.5817 3.7590 -7.1599 2.0625 18.9420 -3.1020 0.8016
Car -1 -1 -2.7577 240.1644 192.2733 418.0836 254.7987 1.5248 1.6570 4.0404 -7.3495 2.0592 19.0004 -3.1227 0.6974
Car -1 -1 -2.8040 191.5213 190.4315 392.9213 268.1364 1.6298 1.6492 3.8922 -7.1946 2.0552 16.5200 -3.2095 0.6744
Car -1 -1 -2.8518 250.9547 193.7915 414.6901 255.1766 1.4610 1.6061 3.6607 -7.1431 2.0314 18.7372 -3.2119 0.6625
Car -1 -1 -6.1265 408.9885 187.0761 500.6243 220.4971 1.5645 1.6183 4.2041 -7.6136 2.2817 35.4811 -6.3369 0.6557
Car -1 -1 -2.8633 239.7680 193.7449 414.1610 257.7330 1.5173 1.5885 3.9206 -7.2707 2.0864 18.7028 -3.2299 0.6504
Car -1 -1 -2.8847 327.5839 192.1495 469.7545 238.5942 1.4229 1.6719 4.1987 -6.9099 2.0808 23.7277 -3.1657 0.6465
Car -1 -1 -2.3234 0.0000 193.6294 132.3624 374.0000 1.5894 1.6075 3.6494 -7.0488 1.8175 7.0369 -3.0907 0.6322
Car -1 -1 -2.9212 450.4625 187.8454 525.4294 214.3140 1.4427 1.6264 3.9705 -6.9843 2.3193 41.2868 -3.0883 0.6287
Car -1 -1 -2.5949 177.9621 190.5246 399.4477 266.3877 1.5695 1.7007 4.4212 -7.3592 2.0036 16.5979 -3.0069 0.6128
Car -1 -1 -2.6802 377.2880 190.3464 479.6292 227.9276 1.3689 1.4822 3.6312 -7.1744 2.0849 28.4312 -2.9257 0.5519
Car -1 -1 -2.7842 188.0930 188.8693 394.6138 265.2621 1.6187 1.6669 4.0197 -7.2543 2.0078 16.6105 -3.1906 0.5383
Car -1 -1 -2.8580 360.2508 190.9135 476.4521 228.4975 1.3895 1.5762 4.1332 -7.5098 2.1193 28.3272 -3.1154 0.5368
Car -1 -1 -2.9605 461.9658 187.8944 527.7374 213.5215 1.4000 1.5893 3.4829 -6.5829 2.2766 41.2332 -3.1183 0.5334
Car -1 -1 -2.4156 0.0000 200.3575 141.0602 374.0000 1.5014 1.6165 3.3110 -6.7984 1.8006 7.0073 -3.1669 0.5251
Car -1 -1 -2.8297 391.6365 189.5203 489.5649 224.7813 1.4144 1.6171 3.7563 -7.2328 2.1479 30.8110 -3.0589 0.5184
Car -1 -1 -6.0277 409.6275 186.9431 500.9392 220.3286 1.5753 1.7002 4.1326 -7.6656 2.2921 35.7842 -6.2378 0.5170
Car -1 -1 -5.9720 355.0031 191.7285 467.1788 234.8548 1.4692 1.5274 3.6278 -7.2057 2.1754 26.1632 -6.2387 0.5100
Car -1 -1 -2.4541 370.3963 190.7408 480.5452 229.3569 1.3756 1.6065 4.1944 -7.4258 2.1296 28.8139 -2.7046 0.4645
Cyclist -1 -1 -8.0500 719.9224 176.9787 735.1706 211.5750 1.7620 0.4440 1.7877 6.1200 1.9833 37.8638 -7.8915 0.4526
Car -1 -1 -6.2449 362.2178 190.7611 475.2715 233.6954 1.4364 1.6232 3.8765 -6.9673 2.1205 26.3630 -6.5014 0.4295
Car -1 -1 -2.6484 375.7669 190.4471 481.3531 227.6461 1.3556 1.4712 3.8166 -7.2165 2.0812 28.5918 -2.8940 0.4107
Car -1 -1 -3.0103 450.2110 186.9443 523.5619 213.8810 1.4665 1.6042 3.9400 -7.0006 2.2854 41.0721 -3.1785 0.4069
Car -1 -1 -4.3160 357.1628 190.6602 445.8764 237.1371 1.4738 1.6796 4.1130 -7.6308 2.1844 26.6639 -4.5927 0.3844
Car -1 -1 -5.9988 458.9341 186.9016 530.3330 214.0772 1.4806 1.6467 3.7391 -6.6358 2.3078 41.4516 -6.1571 0.3801
Car -1 -1 -2.7501 163.9417 190.6418 393.7348 266.2271 1.5786 1.6821 4.4437 -7.4347 2.0048 16.3990 -3.1702 0.3668
Car -1 -1 -4.1955 360.9338 190.1278 459.5424 236.0001 1.4565 1.6751 4.1807 -7.3483 2.1519 26.8248 -4.4610 0.3502
Car -1 -1 -2.8560 366.4482 189.8138 478.4572 227.3358 1.3818 1.5718 3.9532 -7.3174 2.0642 28.1936 -3.1082 0.3479
Car -1 -1 -4.2021 352.0557 191.0856 441.4343 236.9706 1.4292 1.4985 3.6148 -7.6134 2.1330 25.9364 -4.4854 0.3129
Car -1 -1 -2.8956 386.5174 190.3383 487.9896 225.0017 1.3881 1.6182 3.9043 -7.3073 2.1488 30.5700 -3.1288 0.3087
Car -1 -1 -2.8431 349.2245 190.8819 470.3979 234.4969 1.4873 1.7009 3.9238 -7.2678 2.1661 26.2680 -3.1110 0.2576
Car -1 -1 -7.6420 280.7553 191.0568 391.3884 270.7174 1.5523 1.6918 3.3826 -6.2445 2.0179 16.6736 -7.9958 0.2436
Car -1 -1 -2.6200 362.4448 189.1345 471.1832 227.4533 1.3949 1.5801 3.8961 -7.6843 2.0686 28.6068 -2.8807 0.2209
Pedestrian -1 -1 -4.0041 816.8910 170.5840 844.5279 220.9998 1.8307 0.5604 0.8494 8.1106 1.7480 26.6655 -3.7125 0.2094
Car -1 -1 -6.3082 669.8132 173.1685 726.2098 191.8811 1.5239 1.6593 4.5798 7.2416 1.5501 59.8360 -6.1887 0.2070
Car -1 -1 -4.7443 494.0330 185.6777 524.7835 213.7845 1.5002 1.6603 3.7191 -5.9679 2.2866 42.2883 -4.8841 0.2045
Car -1 -1 -4.6798 485.9809 185.7247 516.4833 214.8206 1.5474 1.6394 4.0659 -6.3768 2.3404 42.3577 -4.8289 0.2003
Pedestrian -1 -1 -4.0369 814.7470 170.4084 842.4800 221.4910 1.8534 0.6014 0.8200 8.0311 1.7643 26.6592 -3.7480 0.1987
Car -1 -1 -5.9081 354.3759 191.5840 479.7495 235.7343 1.4603 1.6331 4.0109 -6.8932 2.1566 25.7933 -6.1673 0.1933
Car -1 -1 -2.8229 181.0803 190.3896 393.7511 268.4774 1.6098 1.6754 4.0788 -7.2128 2.0317 16.3528 -3.2329 0.1930
Cyclist -1 -1 -8.0692 717.9219 177.4101 733.7168 211.9170 1.7615 0.4419 1.7935 6.0479 2.0067 37.9802 -7.9131 0.1853
Car -1 -1 -7.7418 505.3215 184.7243 532.5302 207.7214 1.5490 1.5601 3.6556 -6.6015 2.4399 52.3358 -7.8672 0.1771
Car -1 -1 -3.2704 336.4716 191.0574 454.8033 236.3680 1.4506 1.4886 3.8896 -7.6867 2.1369 25.7464 -3.5583 0.1739
Car -1 -1 -6.1138 343.0711 191.9729 462.1233 235.4894 1.4421 1.5843 3.8745 -7.3745 2.1512 25.7794 -6.3903 0.1689
Car -1 -1 -2.5196 374.1543 189.9877 483.9584 227.8853 1.3651 1.5981 4.0920 -7.2768 2.0850 28.8368 -2.7652 0.1668
Car -1 -1 -4.2926 356.8116 191.1822 443.0937 236.9197 1.4112 1.5408 3.8053 -7.4655 2.1181 25.8503 -4.5716 0.1665
Car -1 -1 -6.0260 445.6173 186.9828 524.5513 214.0468 1.4764 1.6829 4.1772 -7.1758 2.3076 41.4439 -6.1969 0.1633
Car -1 -1 -4.7271 490.7166 186.3150 519.5726 214.3591 1.4934 1.6002 3.6936 -6.2038 2.3176 42.2458 -4.8726 0.1577
Car -1 -1 -7.4717 431.3476 186.4735 495.6961 221.8661 1.5008 1.6746 3.8398 -6.9082 2.1847 34.2069 -7.6701 0.1569
Car -1 -1 -4.7665 490.9015 185.3905 523.0846 214.0814 1.5258 1.6470 4.0900 -6.1350 2.3004 42.4325 -4.9097 0.1564
Pedestrian -1 -1 -7.5517 855.5259 172.1357 878.1476 218.5913 1.7471 0.6790 0.5635 9.7665 1.7198 27.5637 -7.2152 0.1556
Car -1 -1 -6.2626 466.0170 182.3724 527.3370 209.3185 1.6632 1.6089 3.8242 -7.2835 2.2880 46.3336 -6.4181 0.1402
Car -1 -1 -2.6144 403.1814 188.3085 494.4974 222.7890 1.4737 1.5943 3.8433 -7.4868 2.2171 33.3826 -2.8339 0.1366
Car -1 -1 -3.5136 401.9925 186.4579 496.2746 222.1002 1.4702 1.6093 3.8687 -7.3374 2.1221 32.8414 -3.7322 0.1359
Car -1 -1 -2.5578 334.8568 191.6471 446.2811 236.0927 1.4787 1.6250 3.6012 -8.0520 2.1995 26.3922 -2.8516 0.1275
Car -1 -1 -7.7032 507.3662 183.8502 535.7368 207.4650 1.5958 1.5025 3.7372 -6.4181 2.4230 52.4073 -7.8249 0.1262
Car -1 -1 -2.7530 335.8929 191.3946 448.6086 235.1798 1.4868 1.4945 3.6229 -7.9088 2.1834 26.2005 -3.0439 0.1254
Car -1 -1 -2.9958 454.0568 184.0472 517.5509 210.8209 1.6563 1.6667 3.8097 -7.9560 2.3871 46.2495 -3.1657 0.1230
Car -1 -1 -4.2305 427.7850 186.2756 497.3395 221.0376 1.4222 1.5098 3.8677 -6.7432 2.0776 33.1835 -4.4300 0.1082
Car -1 -1 -2.9004 333.3322 191.0654 446.7905 233.9075 1.4538 1.4488 3.6703 -7.9070 2.1304 25.9993 -3.1934 0.1080
Car -1 -1 -3.6905 399.2173 186.2316 496.7018 222.4649 1.4641 1.6178 4.0497 -7.3104 2.1053 32.6122 -3.9098 0.0998
Car -1 -1 -3.8626 410.9801 185.9725 503.0251 221.6937 1.4456 1.6007 4.0474 -6.9332 2.0806 32.8416 -4.0696 0.0983
Car -1 -1 -3.3109 403.8072 186.6259 493.4868 221.5068 1.4736 1.6018 3.7989 -7.4447 2.1329 33.0978 -3.5309 0.0959
Car -1 -1 -4.4094 436.3051 186.6985 495.3716 221.6304 1.4603 1.6235 3.8810 -6.7149 2.1468 33.7777 -4.6047 0.0775
Car -1 -1 -6.2259 462.9782 182.8412 521.3225 208.3293 1.5704 1.5682 3.6019 -7.5375 2.2227 46.1802 -6.3872 0.0713
Car -1 -1 -7.0802 361.4187 190.2522 473.9648 235.8642 1.4515 1.6561 4.0791 -7.0844 2.1502 26.8077 -7.3368 0.0704
Car -1 -1 -2.8589 403.2619 186.8256 492.5717 221.6882 1.5365 1.5589 3.7495 -7.5066 2.2005 33.4129 -3.0788 0.0642
Car -1 -1 -4.3164 424.7455 185.7934 495.4942 222.1973 1.4473 1.5398 4.4268 -6.7265 2.0743 32.6564 -4.5185 0.0581
Car -1 -1 -2.5530 408.1096 186.9547 496.7529 222.1985 1.5234 1.5626 3.8281 -7.4110 2.2106 33.7543 -2.7680 0.0535
Car -1 -1 -6.1758 460.3237 182.0665 523.8504 208.9954 1.6713 1.7742 3.8685 -7.5810 2.2767 46.4498 -6.3372 0.0514
Car -1 -1 -4.4781 443.9038 186.6213 498.6775 221.4185 1.4423 1.5944 4.1051 -6.4332 2.1238 33.6452 -4.6662 0.0415
Car -1 -1 -7.2703 363.7416 188.7282 468.3227 232.7467 1.4238 1.6100 4.5162 -7.2920 2.0804 27.4637 -7.5280 0.0360
Car -1 -1 -7.6181 443.0691 185.6774 497.7999 220.7060 1.4945 1.6745 3.9332 -6.5941 2.1386 34.2550 -7.8074 0.0349
Car -1 -1 -7.5941 289.9891 190.8461 405.0169 266.2420 1.5173 1.6631 3.7818 -6.2272 1.9996 17.4027 -7.9336 0.0345
Car -1 -1 -2.3242 409.1876 188.4346 494.1013 223.4280 1.4722 1.6298 3.9260 -7.4687 2.2386 33.7242 -2.5411 0.0295
Pedestrian -1 -1 -5.4191 404.4884 172.7638 416.5123 199.2469 1.9074 0.6867 0.4919 -14.5144 1.9006 52.3900 -5.6883 0.0249
Car -1 -1 -7.7127 440.4041 185.2943 487.7562 220.3253 1.4966 1.6521 4.0551 -6.9233 2.1245 34.3666 -7.9106 0.0203
Car -1 -1 -6.3158 674.4332 174.0030 726.3566 193.1410 1.5579 1.8012 4.2190 7.4464 1.6548 59.9513 -6.1932 0.0191
Car -1 -1 -2.7982 476.5387 184.9042 534.2853 207.8966 1.5665 1.6766 3.7415 -7.4922 2.4478 51.6003 -2.9421 0.0159
Car -1 -1 -4.2401 227.9872 190.8225 400.0312 282.3714 1.5727 1.5854 4.3027 -6.1592 2.0133 15.4851 -4.6135 0.0150
Car -1 -1 -7.3257 364.9857 188.1530 465.9963 232.3847 1.4462 1.7041 4.4607 -7.3545 2.0818 27.6128 -7.5842 0.0130
Car -1 -1 -7.1443 363.3417 189.3407 476.8794 234.4286 1.4486 1.6224 4.4665 -7.0931 2.1254 27.2715 -7.3969 0.0122
Car -1 -1 -4.3388 258.4081 191.9511 399.4815 278.7779 1.5379 1.4775 3.9292 -5.9478 2.0034 15.6245 -4.6976 0.0069
Pedestrian -1 -1 -2.9995 370.7253 176.4319 378.3576 199.2058 1.6549 0.7235 0.4344 -17.3066 1.9191 52.9493 -3.3142 0.0062
Pedestrian -1 -1 -3.0052 370.6142 177.2460 378.4072 199.5226 1.6227 0.7480 0.4480 -17.3670 1.9483 53.1280 -3.3200 0.0028
Car -1 -1 -4.6471 415.0104 189.9447 471.9234 233.6312 1.4137 1.8194 3.9259 -6.2092 2.1037 27.0606 -4.8711 0.0021
Car -1 -1 -7.6817 397.7801 186.6138 473.1414 238.8434 1.5773 1.8481 4.1163 -5.9873 2.0943 25.0131 -7.9149 0.0001
