Car -1 -1 -7.9853 675.9606 181.8058 764.9536 247.4700 1.4498 1.6680 4.3894 2.6811 1.7092 18.7321 -7.8462 0.9999
Car -1 -1 -6.4563 752.9178 180.5176 864.3907 228.4591 1.4857 1.6344 3.2760 6.3820 1.7464 23.6220 -6.1962 0.9995
Car -1 -1 -5.8057 13.0945 178.5260 373.8050 291.9645 1.5265 1.6789 4.3574 -6.0043 1.6172 10.6902 -6.3073 0.9994
Car -1 -1 -6.4391 668.7930 176.5468 732.0526 201.0991 1.5754 1.7977 3.9009 5.8897 1.8234 47.5529 -6.3171 0.9960
Car -1 -1 -6.1030 314.1261 177.3048 482.6702 235.2360 1.5104 1.6457 4.2528 -5.7950 1.6399 19.9996 -6.3821 0.9905
Car -1 -1 -5.8754 173.4554 175.7174 401.9402 253.1146 1.5454 1.5422 4.1375 -6.7378 1.6086 15.2407 -6.2857 0.9902
Car -1 -1 -2.8872 216.5890 172.3583 389.3647 242.3096 1.5996 1.4991 3.5891 -7.3758 1.5880 17.4921 -3.2812 0.9636
Car -1 -1 -6.5509 741.0798 178.9838 848.7968 219.1306 1.4951 1.5166 3.7664 7.0571 1.7388 27.9174 -6.3064 0.9539
Car -1 -1 -3.1064 462.4176 171.2604 535.8437 201.4328 1.7205 1.6255 4.1658 -6.4785 1.6294 42.1940 -3.2582 0.9509
Car -1 -1 -2.9878 403.2866 178.1658 503.3583 213.8035 1.4328 1.5609 3.8948 -6.5325 1.6611 30.1671 -3.1997 0.9275
Car -1 -1 -6.1103 454.8133 175.0983 540.0957 205.8407 1.5476 1.6448 4.1361 -5.8128 1.6660 37.3103 -6.2642 0.9171
Car -1 -1 -2.3653 0.0000 188.7977 121.7578 374.0000 1.4567 1.6411 4.1277 -6.2146 1.5922 5.1746 -3.2163 0.8955
Car -1 -1 -6.1212 455.0710 174.6393 540.3211 205.4647 1.5551 1.6343 4.1493 -5.8029 1.6493 37.3332 -6.2747 0.8836
Car -1 -1 -2.7056 94.3887 177.2261 337.1357 265.9832 1.4915 1.5572 3.5364 -7.0534 1.5757 13.0770 -3.1921 0.8805
Car -1 -1 -6.4921 742.6208 178.9176 851.2902 218.9194 1.4791 1.5100 3.8107 7.0843 1.7190 27.7558 -6.2454 0.8572
Car -1 -1 -2.9074 213.1830 172.1388 389.5447 241.8421 1.5874 1.5013 3.6734 -7.3966 1.5708 17.4676 -3.3029 0.8490
Car -1 -1 -6.0988 311.4328 176.5764 481.1254 235.2298 1.5310 1.6354 4.2755 -5.8496 1.6391 19.9856 -6.3805 0.8122
Car -1 -1 -2.9559 189.5931 169.5037 388.3781 238.3461 1.5399 1.6275 4.1401 -7.6157 1.4646 17.3885 -3.3635 0.8037
Car -1 -1 -7.9240 629.5425 176.2068 651.0408 194.2812 1.4891 1.5859 3.6584 2.5511 1.7854 61.9848 -7.8835 0.7735
Car -1 -1 -6.4373 668.0197 176.5916 733.4560 201.3205 1.5880 1.7882 4.0509 5.9130 1.8391 47.5819 -6.3149 0.7462
Car -1 -1 -5.8004 173.2896 174.2277 398.2162 252.2859 1.5548 1.6195 4.0859 -6.8488 1.5855 15.3541 -6.2140 0.7394
Car -1 -1 -2.3083 0.0000 188.5774 129.9271 374.0000 1.4534 1.6424 4.0691 -6.1814 1.5870 5.3222 -3.1434 0.7374
Car -1 -1 -2.8949 430.7124 175.6697 526.2013 210.2595 1.5165 1.6069 3.9887 -5.9634 1.6475 32.7213 -3.0742 0.7330
Car -1 -1 -6.4473 667.6696 176.7855 728.0814 200.6654 1.5302 1.7045 3.7139 5.7172 1.7937 47.4796 -6.3287 0.7285
Car -1 -1 -2.3072 0.0000 185.9126 130.5223 374.0000 1.4551 1.6452 4.2250 -6.2782 1.5668 5.3534 -3.1472 0.7020
Car -1 -1 -2.3795 0.0000 185.8470 115.4454 374.0000 1.5004 1.6069 4.2110 -6.2109 1.6089 5.0258 -3.2437 0.6797
Car -1 -1 -2.8404 428.6431 175.2204 528.0738 210.2134 1.5329 1.6910 4.1377 -5.9941 1.6439 32.8455 -3.0200 0.6711
Car -1 -1 -3.0074 424.4377 175.4277 523.3051 210.4204 1.5263 1.6700 4.1964 -6.1190 1.6455 32.5504 -3.1922 0.6551
Car -1 -1 -6.5657 742.5037 178.9954 850.0683 219.0009 1.4920 1.5515 3.7562 7.1344 1.7373 28.0123 -6.3194 0.6542
Car -1 -1 -3.3555 728.4764 178.0193 836.7933 218.5043 1.5087 1.5858 3.8206 6.5728 1.7141 27.9175 -3.1273 0.6338
Car -1 -1 -7.8594 632.4045 176.1040 651.7027 194.1612 1.4851 1.6059 3.9866 2.7194 1.7736 62.0937 -7.8162 0.6127
Car -1 -1 -2.8662 407.7181 177.9598 505.5359 213.7566 1.4476 1.5836 3.7354 -6.4509 1.6685 30.3546 -3.0743 0.5845
Car -1 -1 -6.3963 449.0486 173.6147 538.9396 205.1834 1.5556 1.6398 4.3936 -6.0013 1.5958 37.0045 -6.5564 0.5843
Car -1 -1 -2.7327 429.2662 175.2445 526.9025 210.3679 1.5334 1.6470 4.0647 -6.0403 1.6464 32.9352 -2.9131 0.5818
Car -1 -1 -3.1845 401.3920 178.1886 504.1576 215.4602 1.4576 1.5878 4.0540 -6.5508 1.6876 29.8683 -3.3990 0.5610
Car -1 -1 -7.9851 629.0275 176.7103 652.2549 194.4540 1.4542 1.5260 3.5771 2.5720 1.7940 61.7887 -7.9440 0.5367
Car -1 -1 -3.1327 424.1851 175.1815 519.1616 210.9220 1.5408 1.6703 4.0892 -6.2314 1.6490 32.4485 -3.3214 0.5325
Car -1 -1 -6.6143 736.4930 177.9655 853.0128 218.7585 1.5192 1.6224 4.0893 7.1001 1.7250 28.1035 -6.3699 0.5314
Car -1 -1 -6.3275 463.6630 174.3583 540.5941 205.5190 1.5438 1.6190 3.8246 -5.5923 1.6231 37.0223 -6.4768 0.5093
Car -1 -1 -6.4369 698.9647 174.1721 772.3208 204.0877 1.5249 1.5548 3.5707 6.4767 1.5948 37.6537 -6.2683 0.4477
Car -1 -1 -3.0249 422.5512 173.9756 519.1652 209.5694 1.5571 1.7026 4.1183 -6.2670 1.6091 32.6256 -3.2136 0.4415
Car -1 -1 -7.9873 627.0419 176.4383 650.6951 194.4198 1.4782 1.5588 3.5822 2.4247 1.7947 61.9120 -7.9487 0.4235
Car -1 -1 -6.4703 698.2505 174.0354 773.1613 203.8807 1.5259 1.6161 3.6242 6.5058 1.5889 37.7978 -6.3016 0.4038
Car -1 -1 -2.7491 60.2474 176.7570 331.5317 268.0014 1.4970 1.6056 3.9045 -7.2904 1.5722 12.9410 -3.2538 0.3973
Car -1 -1 -3.2369 474.3914 178.6147 542.6518 205.3576 1.4140 1.5218 3.5996 -5.6519 1.7408 39.8097 -3.3775 0.3824
Car -1 -1 -6.4746 705.7134 176.7053 785.1567 207.5878 1.4772 1.4449 3.6223 6.5726 1.6700 35.4385 -6.2933 0.3223
Car -1 -1 -7.9841 624.9905 174.6713 650.4413 193.6143 1.5671 1.6437 4.3039 2.3339 1.7294 62.3348 -7.9473 0.2885
Car -1 -1 -5.1158 525.5500 173.9560 564.1939 195.1708 1.5969 1.5743 3.9989 -5.1798 1.6865 56.6689 -5.2069 0.2455
Car -1 -1 -6.4849 701.6446 175.4957 783.2131 207.3947 1.5305 1.5485 3.7166 6.4475 1.6634 35.5741 -6.3075 0.2358
Car -1 -1 -5.0804 522.7173 173.5407 564.8132 195.6539 1.6681 1.7077 4.7724 -5.3203 1.7245 57.1012 -5.1732 0.2332
Pedestrian -1 -1 -5.5209 83.2333 164.8914 101.4996 218.1016 1.8182 0.4696 0.2594 -17.9118 1.5458 24.9059 -6.1394 0.2331
Car -1 -1 -3.3755 397.6192 177.2963 506.7635 216.9384 1.5139 1.6035 4.1043 -6.4900 1.7054 29.5299 -3.5904 0.2248
Car -1 -1 -3.2921 464.1822 177.4124 542.8251 205.4385 1.4677 1.6151 4.0731 -5.8926 1.7263 39.6018 -3.4393 0.2247
Car -1 -1 -2.8681 482.7781 174.9343 547.5540 198.1922 1.4922 1.6318 3.9409 -6.2624 1.6322 47.5748 -2.9987 0.2234
Pedestrian -1 -1 -7.5084 29.3937 167.7331 54.4858 215.8323 1.8004 0.5971 0.5462 -21.5800 1.6084 27.3606 -8.1716 0.1800
Pedestrian -1 -1 -5.8157 82.3964 162.6326 97.0494 216.5603 1.8356 0.4473 0.2308 -17.9260 1.4874 24.7985 -6.4367 0.1756
Car -1 -1 -3.2641 471.1753 177.6201 545.5588 204.5659 1.4156 1.5810 3.8796 -5.6325 1.6854 39.6233 -3.4048 0.1747
Car -1 -1 -8.0543 622.5568 175.7803 650.2079 193.9359 1.4931 1.6193 3.9350 2.2111 1.7530 62.0825 -8.0193 0.1689
Car -1 -1 -2.9913 479.9124 175.0385 546.2835 198.2507 1.4905 1.6398 4.1179 -6.3558 1.6361 47.3465 -3.1244 0.1578
Car -1 -1 -2.7649 483.2806 174.1147 548.7860 197.7533 1.5213 1.6523 3.9805 -6.2518 1.6069 47.8618 -2.8944 0.1555
Car -1 -1 -6.4378 693.1858 175.9053 774.8580 206.9946 1.4897 1.5752 3.7622 6.0229 1.6431 35.5417 -6.2718 0.1345
Car -1 -1 -5.4985 512.7787 173.7762 563.6126 194.9898 1.5980 1.6229 3.9641 -5.6623 1.6722 56.3983 -5.5985 0.1235
Car -1 -1 -5.2012 521.0641 173.6057 563.7878 195.2181 1.6285 1.6289 4.0401 -5.3699 1.6895 56.6523 -5.2957 0.0991
Car -1 -1 -2.9691 513.8021 171.5365 567.6034 194.0038 1.8013 1.7768 4.1283 -5.6552 1.6954 58.8923 -3.0648 0.0913
Car -1 -1 -2.9876 515.9836 171.6338 568.2937 194.3681 1.8203 1.7260 4.0247 -5.5255 1.7223 58.7563 -3.0813 0.0816
Car -1 -1 -8.1427 533.0728 174.8626 565.6079 195.6520 1.5611 1.5954 3.5268 -4.8072 1.7235 56.4892 -8.2276 0.0793
Car -1 -1 -5.2870 516.0469 173.5930 562.1783 195.5908 1.6577 1.6515 4.0709 -5.6248 1.7176 56.6223 -5.3860 0.0690
Car -1 -1 -5.7453 510.3102 174.1306 562.6000 194.9901 1.5721 1.6291 3.7370 -5.7473 1.6738 56.0943 -5.8473 0.0672
Car -1 -1 -2.5536 486.6173 174.6563 549.9689 199.1962 1.5726 1.6732 3.9188 -6.1513 1.6965 48.0969 -2.6805 0.0641
Car -1 -1 -8.7939 976.4378 180.6312 1241.0000 327.6206 1.5953 1.6906 4.0410 7.4324 1.7290 10.2470 -8.1809 0.0583
Car -1 -1 -5.2690 961.6470 189.8359 1241.0000 320.7489 1.4262 1.5985 3.9964 6.7678 1.7174 10.3842 -4.7052 0.0562
Car -1 -1 -8.6387 935.3311 0.0000 1241.0000 374.0000 2.2730 1.9888 4.3835 2.8680 1.7262 2.2931 -7.8042 0.0499
Car -1 -1 -3.0043 517.8731 172.2709 567.0714 193.9286 1.7326 1.6039 3.7958 -5.4868 1.6856 58.6063 -3.0976 0.0433
Car -1 -1 -8.5252 945.9752 0.0000 1241.0000 374.0000 2.1908 1.7671 3.9699 2.7725 1.6854 2.5514 -7.7552 0.0429
Car -1 -1 -6.2530 523.1173 174.3984 576.7395 195.7926 1.6295 1.6111 4.0897 -4.6622 1.7510 55.9993 -6.3360 0.0387
Car -1 -1 -8.7698 988.6135 180.8884 1241.0000 322.6936 1.5104 1.7119 4.3165 7.7177 1.6501 10.2593 -8.1393 0.0295
Car -1 -1 -5.1650 520.5004 174.2134 561.4781 195.1173 1.5614 1.6440 3.8811 -5.4427 1.6710 56.2511 -5.2614 0.0289
Car -1 -1 -5.1270 967.1085 190.8610 1219.2394 316.0872 1.4126 1.6085 3.7712 6.7539 1.7283 10.6848 -4.5766 0.0274
Car -1 -1 -5.5043 966.5589 190.9945 1241.0000 316.6909 1.3877 1.5735 3.7235 7.1227 1.7019 10.5237 -4.9231 0.0256
Car -1 -1 -4.8440 972.2741 189.3566 1144.9974 318.6542 1.4565 1.5669 3.8818 6.3811 1.7500 10.7550 -4.3214 0.0256
Car -1 -1 -9.0655 964.7350 173.3931 1241.0000 308.0468 1.6050 1.7494 4.0122 7.6647 1.6144 10.7646 -8.4603 0.0247
Car -1 -1 -5.7345 957.6779 184.9135 1241.0000 314.5800 1.4549 1.6612 3.9599 7.3542 1.6684 10.6412 -5.1434 0.0237
Car -1 -1 -5.3863 959.7881 186.9476 1241.0000 309.3276 1.4267 1.6110 3.6379 6.9890 1.6733 10.7451 -4.8229 0.0231
Pedestrian -1 -1 -2.6500 75.2025 163.8810 91.2883 217.4072 1.8168 0.4670 0.2543 -18.1049 1.5119 24.7391 -3.2768 0.0221
Car -1 -1 -7.1461 972.7191 177.7563 1238.0109 276.8088 1.4630 1.5972 3.8145 8.1923 1.5535 12.0775 -6.5619 0.0220
Pedestrian -1 -1 -7.3160 280.9417 171.4325 299.7130 209.0711 1.7601 0.6384 0.5100 -15.1169 1.6933 34.0335 -7.7313 0.0169
Car -1 -1 -6.2118 982.9272 185.5636 1241.0000 311.8218 1.4959 1.6449 3.9008 7.8667 1.7189 10.7991 -5.5959 0.0154
Car -1 -1 -6.9457 977.0622 177.9152 1241.0000 277.5221 1.4833 1.5902 3.6660 8.1494 1.5719 11.7574 -6.3519 0.0151
Car -1 -1 -5.2099 649.8425 174.9475 681.2855 189.8939 1.4222 1.5343 3.6455 5.4338 1.6341 71.1857 -5.1343 0.0135
Pedestrian -1 -1 -5.3573 0.0000 165.6652 18.0265 212.2288 1.8508 0.6194 0.5517 -24.4077 1.5647 29.0437 -6.0518 0.0127
Car -1 -1 -6.4488 987.9507 180.9488 1241.0000 298.7567 1.5272 1.6014 3.7862 7.9307 1.6686 11.0972 -5.8416 0.0124
Car -1 -1 -4.4537 661.0647 174.8795 685.0918 189.6927 1.4125 1.4853 3.6486 6.2396 1.6179 71.3071 -4.3671 0.0099
Car -1 -1 -4.7299 661.2540 175.3759 676.8596 190.1196 1.4045 1.4652 3.6775 5.7934 1.6598 71.2583 -4.6494 0.0095
Car -1 -1 -7.9059 518.0842 177.1511 544.6092 199.7843 1.4315 1.5623 3.9682 -5.3542 1.7325 48.5099 -8.0156 0.0080
Car -1 -1 -5.3612 644.0571 174.4854 678.6453 189.4408 1.4246 1.5109 3.6266 5.0137 1.5894 71.0833 -5.2914 0.0079
Car -1 -1 -6.7712 980.3755 184.2843 1241.0000 288.6911 1.4725 1.6140 3.7345 8.0891 1.6692 11.4160 -6.1676 0.0076
Car -1 -1 -7.7639 504.6871 171.6732 538.0736 200.8544 1.6773 1.6529 3.8805 -5.3255 1.6092 43.4398 -7.8855 0.0062
Car -1 -1 -7.7271 507.7417 171.3578 540.8728 201.0363 1.7100 1.5229 3.7199 -5.1521 1.6235 43.4391 -7.8449 0.0043
Pedestrian -1 -1 -5.3165 0.0000 164.8078 16.2434 214.6987 1.9813 0.6740 0.5724 -24.5239 1.6614 29.0550 -6.0131 0.0043
Car -1 -1 -2.1417 201.6783 158.0531 277.6540 187.3944 1.5414 1.7141 4.2211 -20.4355 0.7636 39.7085 -2.6144 0.0025
