Car -1 -1 -4.4245 344.3409 185.8824 468.0618 263.1884 1.4817 1.6537 3.8664 -4.5311 1.8135 16.4385 -4.6901 0.9999
Car -1 -1 -8.1308 781.2169 185.7496 963.1471 302.1040 1.4737 1.6409 3.8261 3.8835 1.7140 11.5139 -7.8143 0.9999
Car -1 -1 -8.0422 733.9023 180.8533 834.6970 253.4173 1.4901 1.6210 3.5963 3.9381 1.6990 17.0440 -7.8198 0.9998
Car -1 -1 -8.4044 883.5982 181.0224 1241.0000 374.0000 1.5598 1.5506 3.5200 3.8445 1.6518 6.3742 -7.8831 0.9997
Car -1 -1 -4.4772 427.5391 183.9357 507.5864 238.3737 1.4663 1.5616 3.7769 -4.3162 1.8355 22.1383 -4.6682 0.9994
Car -1 -1 -8.0279 703.3471 180.5255 780.3957 233.6581 1.4414 1.6035 4.1477 3.9075 1.6998 22.2506 -7.8571 0.9982
Car -1 -1 -4.5272 533.7691 176.7529 571.2325 205.3029 1.6259 1.6093 3.6460 -3.4578 1.8710 43.5075 -4.6065 0.9957
Car -1 -1 -7.9497 694.8508 178.8993 747.9692 221.5244 1.4749 1.6262 3.6269 4.1085 1.7192 27.3444 -7.8028 0.9948
Car -1 -1 -4.5178 466.2962 182.5030 529.8445 224.9570 1.4317 1.6026 4.1724 -4.2079 1.8263 27.4145 -4.6692 0.9944
Car -1 -1 -7.9267 691.1376 178.4363 730.3651 214.3093 1.5113 1.4937 3.5415 4.4850 1.7786 32.7745 -7.7925 0.8946
Car -1 -1 -7.9606 683.0604 178.5075 721.3900 208.3035 1.4794 1.6116 3.8562 4.8312 1.7960 38.5033 -7.8372 0.8881
Car -1 -1 -4.5019 463.4153 181.5924 530.5210 223.7924 1.4241 1.6596 4.2530 -4.2443 1.7822 27.4193 -4.6546 0.8599
Car -1 -1 -4.4603 424.2335 184.1176 509.0272 238.7476 1.4603 1.6104 3.9180 -4.3314 1.8365 22.1175 -4.6521 0.8585
Car -1 -1 -8.0462 704.4255 180.3705 783.1602 234.1870 1.4657 1.6138 3.9914 3.9642 1.7179 22.2232 -7.8727 0.8264
Car -1 -1 -7.9462 694.7242 177.9225 746.8051 221.1049 1.4997 1.5975 3.6688 4.0890 1.7048 27.3732 -7.8002 0.8224
Car -1 -1 -7.9363 691.5012 177.9405 732.0432 213.7046 1.5082 1.5150 3.6016 4.5312 1.7520 32.7897 -7.8008 0.8173
Car -1 -1 -4.5313 532.3478 176.2996 570.9944 205.2988 1.6532 1.6994 3.6082 -3.5032 1.8694 43.4603 -4.6117 0.8126
Car -1 -1 -7.9598 692.9484 178.7849 746.5667 222.2858 1.4967 1.5954 3.6659 4.0222 1.7353 27.1960 -7.8152 0.7905
Car -1 -1 -7.9445 697.1954 178.8570 750.4058 222.4127 1.4921 1.6197 3.7768 4.1705 1.7340 27.1832 -7.7945 0.6991
Car -1 -1 -7.9259 684.9689 178.1957 720.7142 208.5069 1.4881 1.5809 3.8777 4.8141 1.7844 38.0968 -7.8017 0.6142
Car -1 -1 -7.9082 688.3058 178.6541 722.5530 208.4165 1.4566 1.5676 3.8651 4.9493 1.7783 38.0718 -7.7805 0.5278
Car -1 -1 -5.1619 928.0577 170.2182 990.5718 199.4427 1.4644 1.5190 3.6269 18.2661 1.3320 37.9725 -4.7169 0.4517
Car -1 -1 -8.3393 881.0870 170.8764 937.0554 198.2730 1.5845 1.5600 3.7178 17.9915 1.4699 43.6578 -7.9511 0.3887
Car -1 -1 -8.2089 889.8103 171.0988 938.8634 198.3335 1.5759 1.5492 3.6336 18.2901 1.4740 43.5961 -7.8144 0.3733
Car -1 -1 -7.8138 689.5176 178.4118 723.1627 208.3414 1.4729 1.6255 3.7613 5.1071 1.7825 38.2407 -7.6826 0.3413
Car -1 -1 -8.1626 1119.6943 166.5329 1214.4246 212.7564 1.5552 1.6117 3.8521 20.1688 1.3422 26.3607 -7.5152 0.3320
Car -1 -1 -8.0975 1132.5773 167.3561 1219.4827 212.8727 1.5212 1.6050 3.6699 20.3218 1.3372 26.1176 -7.4420 0.3278
Car -1 -1 -4.6004 552.8193 175.5590 583.4373 200.3380 1.5747 1.6133 3.9972 -2.7964 1.7633 48.3392 -4.6583 0.3129
Car -1 -1 -8.0973 898.2771 171.5920 941.5073 198.4975 1.5527 1.5507 3.6364 18.6138 1.4795 43.5560 -7.6962 0.3058
Car -1 -1 -8.2962 1105.6946 167.5919 1209.8074 211.7115 1.4987 1.6122 3.6327 19.8924 1.3196 26.4486 -7.6570 0.2968
Car -1 -1 -5.3800 918.3438 170.3110 990.8868 199.6154 1.4623 1.5250 3.6035 17.9985 1.3351 37.9326 -4.9403 0.2661
Car -1 -1 -4.8899 944.0018 169.5559 990.1927 198.9884 1.4662 1.5289 3.6831 18.6670 1.3016 37.9248 -4.4359 0.2417
Car -1 -1 -4.6141 549.1711 176.9583 578.9125 200.6037 1.4848 1.6046 3.8450 -3.0471 1.7683 47.9360 -4.6777 0.2261
Car -1 -1 -4.9211 696.0405 178.2661 765.6285 222.9929 1.4400 1.5923 4.2122 4.1903 1.6500 25.8922 -4.7631 0.2199
Car -1 -1 -5.5903 909.2177 170.3646 990.4644 199.8626 1.4656 1.5478 3.7171 17.7174 1.3416 37.8608 -5.1559 0.1989
Pedestrian -1 -1 -5.9523 762.9561 170.3777 773.6739 189.8492 1.7987 0.4518 0.8740 14.6956 1.5697 67.0744 -5.7379 0.1899
Car -1 -1 -4.7271 956.1153 169.7491 990.2161 198.9506 1.4511 1.5222 3.7467 18.9754 1.2965 37.8727 -4.2660 0.1856
Pedestrian -1 -1 -3.0638 762.5056 170.3303 772.9634 190.0028 1.8224 0.4232 0.9217 14.6648 1.5883 67.1766 -2.8501 0.1751
Car -1 -1 -8.3812 1114.2410 166.2651 1225.9376 211.3414 1.5040 1.5950 3.5099 19.9264 1.2838 25.9134 -7.7314 0.1673
Car -1 -1 -7.8715 1161.7952 166.1237 1224.4365 212.7051 1.5307 1.6343 3.8264 20.6569 1.3092 25.7263 -7.2008 0.1348
Car -1 -1 -4.6827 552.9758 176.4324 578.6904 200.5456 1.5286 1.6047 4.0400 -2.9583 1.7784 48.3906 -4.7438 0.1140
Car -1 -1 -4.7009 549.6131 176.6173 575.8638 200.8135 1.5284 1.6800 4.0743 -3.1743 1.7909 48.3051 -4.7666 0.0899
Car -1 -1 -8.0287 1094.7821 169.3561 1171.3057 213.6564 1.5107 1.6345 3.7031 19.1501 1.3911 26.6289 -7.4108 0.0866
Car -1 -1 -8.0664 1101.3007 168.5788 1184.8888 214.2316 1.5488 1.6692 3.8387 19.4646 1.4035 26.5714 -7.4398 0.0830
Car -1 -1 -4.4678 556.6302 175.8463 594.7809 200.4895 1.5598 1.6106 4.1025 -2.2824 1.7690 48.3651 -4.5152 0.0722
Car -1 -1 -6.8830 1079.7167 166.4390 1230.0244 210.6210 1.5276 1.7230 4.0433 19.4021 1.3055 25.8837 -6.2454 0.0697
Car -1 -1 -4.4230 949.2080 170.2907 1004.6740 198.9473 1.4252 1.5608 3.8866 19.2356 1.2974 37.8345 -3.9561 0.0632
Car -1 -1 -8.2021 1101.1550 166.4495 1202.9781 213.3401 1.5863 1.6828 4.0527 19.7764 1.3693 26.5902 -7.5682 0.0631
Car -1 -1 -5.9742 896.9887 170.2685 988.3396 199.9332 1.4735 1.5951 4.0526 17.3361 1.3448 37.7917 -5.5474 0.0527
Car -1 -1 -6.8500 691.2088 178.4622 802.5348 221.7724 1.5076 1.5952 3.8311 5.0649 1.7281 26.9506 -6.6669 0.0428
Car -1 -1 -6.6635 1064.2177 167.7743 1218.3745 214.5820 1.5870 1.7590 4.0761 18.8138 1.4144 25.8086 -6.0393 0.0424
Car -1 -1 -3.6664 921.9637 170.1203 1005.7748 200.3257 1.5311 1.4670 3.6651 18.2885 1.3922 37.4410 -3.2154 0.0413
Cyclist -1 -1 -4.5464 394.8898 173.7917 407.9539 201.7510 1.7248 0.5580 1.4389 -13.1251 1.7843 45.3079 -4.8272 0.0408
Car -1 -1 -4.3047 948.5026 170.9928 1009.8110 198.9477 1.3876 1.4973 3.7320 19.2160 1.2949 37.5842 -3.8355 0.0357
Car -1 -1 -5.0260 535.4529 176.6026 578.4717 201.0729 1.5342 1.6461 4.1838 -3.6223 1.7959 48.1752 -5.1011 0.0355
Car -1 -1 -4.4478 557.7275 177.4114 595.6721 201.0622 1.4815 1.6095 3.6970 -2.2025 1.7965 47.9385 -4.4939 0.0313
Car -1 -1 -4.5154 562.2090 176.6990 598.0443 200.9671 1.5327 1.6257 4.1456 -1.9902 1.8021 48.4343 -4.5567 0.0312
Pedestrian -1 -1 -7.9129 392.9892 172.4796 403.6906 200.9436 1.7632 0.5980 0.7795 -13.2850 1.7397 45.1631 -8.1977 0.0268
Cyclist -1 -1 -4.9160 391.5019 172.5810 405.5234 201.3417 1.7776 0.5706 1.4194 -13.3337 1.7605 45.3571 -5.2006 0.0253
Pedestrian -1 -1 -6.6101 752.1422 172.4688 762.0657 196.9336 1.8366 0.6430 0.5565 11.0849 1.8074 54.5219 -6.4110 0.0253
Pedestrian -1 -1 -7.7384 395.5584 171.9503 406.7929 200.6612 1.7790 0.5840 0.8281 -13.1026 1.7227 45.1652 -8.0195 0.0222
Car -1 -1 -6.0975 906.4558 171.0392 985.9234 199.7081 1.4285 1.5066 3.5388 17.4526 1.3377 37.5898 -5.6662 0.0210
Car -1 -1 -6.3363 914.1996 171.6741 987.4277 199.7159 1.4012 1.5133 3.3457 17.5499 1.3420 37.3807 -5.9007 0.0200
Car -1 -1 -6.6405 693.7014 179.3162 803.9102 221.7747 1.4857 1.5465 3.6888 5.0479 1.7338 26.6551 -6.4560 0.0199
Cyclist -1 -1 -5.4896 386.9811 172.8075 410.5528 201.5114 1.7760 0.6131 1.4001 -13.2834 1.7728 45.2519 -5.7739 0.0195
Car -1 -1 -3.4234 512.7653 177.9823 578.1160 201.7652 1.4651 1.6175 3.9022 -4.2000 1.8059 46.5403 -3.5133 0.0167
Car -1 -1 -5.7603 1146.1165 164.1576 1241.0000 217.4659 1.5738 1.6204 4.2501 20.2335 1.3167 23.5750 -5.0575 0.0166
Car -1 -1 -7.8855 687.4102 175.8287 716.7776 200.2329 1.4001 1.6405 3.5451 5.5027 1.5874 43.6838 -7.7614 0.0151
Car -1 -1 -7.9002 686.6667 177.4410 716.3170 202.9989 1.4695 1.6116 3.8292 5.5245 1.7625 44.1651 -7.7771 0.0136
Car -1 -1 -8.0278 676.4521 177.0835 717.5523 203.4198 1.5137 1.7960 4.1659 5.2471 1.7855 44.2865 -7.9111 0.0114
Car -1 -1 -5.5493 1145.1577 164.5538 1241.0000 216.8816 1.5499 1.5918 4.1118 19.9005 1.3037 23.5183 -4.8535 0.0108
Car -1 -1 -4.5245 510.1426 178.1916 544.3467 202.7253 1.5089 1.5148 3.9602 -5.4117 1.8734 47.2908 -4.6382 0.0103
Car -1 -1 -4.8220 688.0622 177.2001 721.6547 204.2211 1.4830 1.5055 4.0182 5.4739 1.7495 42.2719 -4.6946 0.0102
Car -1 -1 -7.7244 687.5552 177.0045 721.5731 202.0918 1.4382 1.5927 3.7638 5.7767 1.7029 44.0553 -7.5953 0.0098
Car -1 -1 -6.6867 680.2005 175.3134 749.3849 202.4009 1.5683 1.6916 3.7461 6.2391 1.7201 43.3141 -6.5451 0.0091
Car -1 -1 -5.5463 518.6711 177.1692 582.1326 201.0594 1.4992 1.6730 4.1480 -4.0156 1.7969 47.8997 -5.6299 0.0088
Car -1 -1 -7.5259 686.9315 176.5496 731.5427 202.1608 1.4679 1.5667 3.7740 6.0549 1.7033 43.9804 -7.3904 0.0087
Car -1 -1 -5.8098 0.0000 0.0000 1241.0000 374.0000 1.5668 1.6097 3.6184 4.7064 1.5319 1.7611 -4.6511 0.0077
Car -1 -1 -6.5281 684.0193 175.5925 746.9479 202.5947 1.5671 1.6959 3.4067 6.2360 1.7343 43.1005 -6.3859 0.0072
Car -1 -1 -4.7353 689.7604 175.7778 721.3035 202.5064 1.4498 1.6992 4.1004 5.4421 1.6273 41.7321 -4.6070 0.0069
Car -1 -1 -5.7915 0.0000 0.0000 1241.0000 374.0000 1.5610 1.6220 3.7003 5.0890 1.5164 1.8675 -4.6227 0.0063
Car -1 -1 -6.4082 684.8218 176.3585 742.4023 201.0161 1.4325 1.5540 3.2193 6.0990 1.6446 42.9448 -6.2686 0.0059
Cyclist -1 -1 -8.7260 1169.4833 167.9060 1241.0000 234.2180 1.7130 0.4013 1.9166 16.2392 1.5848 19.6176 -8.0423 0.0059
Car -1 -1 -5.2840 680.3883 177.3523 741.7486 203.3513 1.4066 1.6094 4.0061 5.7752 1.6812 41.9387 -5.1486 0.0058
Car -1 -1 -4.9880 688.3274 176.7908 731.6241 202.6103 1.4348 1.5823 3.6650 5.8168 1.6775 42.6100 -4.8538 0.0051
Cyclist -1 -1 -8.2639 1132.6260 165.7380 1177.1425 226.7346 1.7163 0.3827 1.6999 15.9132 1.5157 21.1732 -7.6265 0.0051
Cyclist -1 -1 -6.1440 757.0547 169.5936 774.4794 190.1874 1.9071 0.4510 1.5412 14.5062 1.6049 67.2956 -5.9329 0.0049
Car -1 -1 -6.2764 513.4606 177.2263 578.4315 201.0066 1.5083 1.7047 4.1539 -4.2072 1.7999 47.1589 -6.3653 0.0047
Car -1 -1 -5.7880 0.0000 0.0000 1241.0000 374.0000 1.5432 1.6174 3.7088 5.4652 1.5088 1.9057 -4.6001 0.0045
Car -1 -1 -6.4685 512.2942 177.5779 577.6550 201.5241 1.4903 1.6892 3.9775 -4.2631 1.8053 46.7954 -6.5593 0.0044
Car -1 -1 -2.6743 294.2860 177.3258 389.7090 217.6992 1.4155 1.5962 2.8702 -9.8350 1.5852 26.4667 -3.0272 0.0031
Car -1 -1 -8.9465 0.0000 0.0000 1241.0000 374.0000 1.5579 1.5948 3.5194 3.5145 1.5576 1.1748 -7.7721 0.0030
Car -1 -1 -9.0301 0.0000 0.0000 1241.0000 374.0000 1.5385 1.5959 3.5936 5.0224 1.5234 1.3398 -7.7740 0.0030
Car -1 -1 -9.0192 0.0000 0.0000 1241.0000 374.0000 1.5347 1.5947 3.5361 4.6307 1.5416 1.2677 -7.7738 0.0030
Car -1 -1 -8.9761 0.0000 0.0000 1241.0000 374.0000 1.5513 1.5938 3.5164 3.8840 1.5425 1.1970 -7.7722 0.0030
Car -1 -1 -9.0503 0.0000 0.0000 1241.0000 374.0000 1.5277 1.6010 3.6027 5.3913 1.5274 1.3545 -7.7764 0.0030
Car -1 -1 -8.9964 0.0000 0.0000 1241.0000 374.0000 1.5487 1.5936 3.5308 4.2616 1.5523 1.2465 -7.7727 0.0030
Car -1 -1 -4.6981 684.7773 176.1812 716.9185 203.7349 1.4742 1.7377 4.7325 5.2350 1.6773 41.6613 -4.5744 0.0027
Car -1 -1 -2.7482 282.7370 175.1238 392.3826 214.0394 1.3783 1.6756 3.3924 -10.0146 1.4644 26.5576 -3.1058 0.0021
Pedestrian -1 -1 -5.4741 285.4013 171.1999 316.0561 232.2345 1.9107 0.6472 0.6235 -9.9064 1.8586 23.0082 -5.8769 0.0014
