Car -1 -1 -4.3889 336.2515 191.6895 442.8582 256.7283 1.4728 1.6079 3.7358 -5.8205 2.0266 19.3308 -4.6783 0.9999
Car -1 -1 -4.3115 212.3971 195.8059 389.6238 292.8307 1.4798 1.6691 4.0227 -5.7968 1.9887 13.9847 -4.6985 0.9998
Car -1 -1 -4.4723 399.6571 188.8262 471.8008 238.1476 1.4549 1.5555 3.4898 -5.7974 2.0283 24.1670 -4.7059 0.9997
Car -1 -1 -7.9653 664.0936 173.2058 712.1198 212.8414 1.6477 1.6719 3.9202 3.3561 1.6640 31.9973 -7.8623 0.9951
Car -1 -1 -4.5184 442.1694 186.5939 499.6029 224.8106 1.4133 1.6109 3.9802 -5.7703 2.0243 30.1115 -4.7067 0.9915
Car -1 -1 -4.5115 481.7560 183.8105 526.6501 214.8692 1.4746 1.5570 3.9869 -5.5104 2.0781 37.7271 -4.6561 0.9861
Car -1 -1 -3.4114 807.9570 156.3753 933.8528 202.0646 1.5861 1.5597 3.9841 9.2621 1.0137 25.9633 -3.0726 0.9801
Car -1 -1 -6.6030 803.4719 157.4663 914.7570 199.2837 1.6096 1.6104 3.8540 9.7627 1.0170 28.5886 -6.2773 0.9798
Car -1 -1 -7.9202 659.3025 174.8801 695.0847 206.9714 1.5747 1.5954 3.7148 3.4080 1.6850 37.5168 -7.8308 0.9483
Car -1 -1 -4.4798 398.6210 188.7403 471.6655 237.7010 1.4376 1.5777 3.6172 -5.8131 2.0093 24.1699 -4.7140 0.9195
Car -1 -1 -4.5863 503.3258 184.2723 536.7563 210.6914 1.4782 1.5698 3.6185 -5.4480 2.1989 43.7484 -4.7100 0.8813
Car -1 -1 -6.6320 776.0551 164.5363 873.8751 199.5983 1.4590 1.5413 3.7116 9.1228 1.1126 30.9140 -6.3479 0.8808
Car -1 -1 -4.5169 443.4066 186.3895 500.2055 224.6276 1.4169 1.5912 3.9149 -5.7301 2.0179 30.0902 -4.7040 0.8705
Car -1 -1 -4.5026 479.1148 183.2400 526.3787 215.3677 1.5299 1.6602 3.9131 -5.5750 2.1005 37.6605 -4.6491 0.8607
Car -1 -1 -6.7137 776.2582 165.4855 873.8813 199.4904 1.4138 1.5818 3.7040 9.1775 1.1071 31.0509 -6.4292 0.8418
Car -1 -1 -7.9811 663.2721 171.9905 713.5966 212.8481 1.7023 1.6933 4.1700 3.3822 1.6661 32.1675 -7.8778 0.8310
Car -1 -1 -4.5078 440.4803 186.4717 500.6266 224.7817 1.4120 1.6525 4.1609 -5.7894 2.0207 30.1756 -4.6964 0.8260
Car -1 -1 -6.9751 1184.9746 137.3051 1241.0000 183.1756 1.5413 1.7002 4.1679 22.8044 0.3465 25.1736 -6.2447 0.8260
Car -1 -1 -7.9195 658.5481 175.0567 694.4384 207.3582 1.5795 1.5916 3.8706 3.3681 1.6996 37.5014 -7.8312 0.7997
Car -1 -1 -4.8063 650.5001 177.5725 679.4021 201.8714 1.5098 1.5290 3.9037 3.5504 1.8334 47.5625 -4.7327 0.7844
Car -1 -1 -3.4653 745.0884 162.6332 842.7082 197.9793 1.6078 1.6314 4.1242 8.5280 1.1426 33.7960 -3.2205 0.7600
Car -1 -1 -6.7940 1135.1201 137.5755 1241.0000 180.0950 1.5767 1.6563 4.0510 22.9753 0.2682 27.9200 -6.1104 0.7481
Car -1 -1 -2.7475 288.2981 175.0890 369.0923 201.3515 1.4794 1.5368 4.0626 -16.2157 1.6105 41.6018 -3.1173 0.7460
Car -1 -1 -3.4164 807.1745 155.1985 934.6146 201.5162 1.6147 1.5752 4.0503 9.2991 0.9989 26.0695 -3.0776 0.6720
Car -1 -1 -6.6970 802.6027 157.1998 915.4499 199.1117 1.6118 1.6606 3.9122 9.8258 1.0095 28.7473 -6.3710 0.6696
Car -1 -1 -6.8727 1189.4967 136.6570 1241.0000 184.8412 1.5883 1.7421 4.2458 22.9128 0.3948 24.9578 -6.1357 0.6577
Car -1 -1 -7.0459 1181.1064 139.3563 1241.0000 184.7819 1.5388 1.7173 4.3727 22.8730 0.4038 25.3757 -6.3179 0.6345
Car -1 -1 -3.3976 802.3923 157.3134 912.7568 198.6645 1.5776 1.6434 3.8229 9.6534 0.9844 28.4759 -3.0741 0.6215
Car -1 -1 -7.8797 662.7167 174.4673 696.7469 207.1142 1.5907 1.6386 3.7182 3.5161 1.6780 37.2560 -7.7869 0.6112
Car -1 -1 -3.3503 744.6786 164.0590 847.6594 199.0892 1.5890 1.6571 4.3963 8.5733 1.1897 33.6411 -3.1032 0.6022
Car -1 -1 -6.7953 773.3957 164.9147 878.1431 200.5370 1.4813 1.6227 4.0771 9.2782 1.1508 31.2516 -6.5096 0.5832
Car -1 -1 -4.4628 481.7571 183.8824 529.1219 215.0705 1.4752 1.5598 3.7211 -5.4053 2.0766 37.4294 -4.6057 0.5789
Car -1 -1 -6.7639 772.2280 165.0397 866.9880 200.0429 1.4541 1.5205 3.6299 8.9623 1.1292 31.0854 -6.4860 0.5713
Car -1 -1 -2.7295 286.7684 175.1113 368.6656 201.1230 1.4670 1.6553 4.0953 -16.3328 1.6002 41.7619 -3.1004 0.5471
Car -1 -1 -4.5997 507.9176 184.0345 539.8823 210.3035 1.4708 1.5356 3.5263 -5.2076 2.1746 43.6719 -4.7182 0.5394
Car -1 -1 -6.7783 770.2158 163.6477 871.5792 199.8061 1.5059 1.5851 3.9343 9.0645 1.1222 31.2444 -6.4988 0.5336
Car -1 -1 -6.8957 1132.5261 139.8958 1241.0000 182.9512 1.6205 1.6594 3.9830 22.9451 0.3797 28.1171 -6.2163 0.4571
Car -1 -1 -4.7651 648.9560 178.3308 675.3094 202.6021 1.5032 1.5197 3.8095 3.3616 1.8777 47.4693 -4.6953 0.4310
Car -1 -1 -4.8295 650.8196 177.0794 682.2308 201.4405 1.5151 1.5844 4.1453 3.6600 1.8065 47.7073 -4.7539 0.4134
Car -1 -1 -7.8281 663.6009 174.8717 697.0863 206.3974 1.5390 1.6393 3.6817 3.6466 1.6486 37.3962 -7.7322 0.4103
Car -1 -1 -6.7053 1130.8739 138.2414 1241.0000 181.4138 1.5895 1.5617 3.6708 22.4687 0.3148 27.7800 -6.0303 0.3850
Car -1 -1 -7.1861 1183.6307 137.4021 1241.0000 182.7006 1.5214 1.6196 3.7080 22.4566 0.3304 25.3691 -6.4671 0.3524
Car -1 -1 -7.1473 1182.2479 139.5530 1241.0000 183.9511 1.5021 1.6479 4.0314 22.7202 0.3751 25.5126 -6.4253 0.3280
Car -1 -1 -4.8206 648.4056 176.7979 678.8729 202.1099 1.5869 1.5846 3.9727 3.4851 1.8594 47.8785 -4.7489 0.3157
Car -1 -1 -3.1217 802.3521 156.4626 917.7448 199.3163 1.5857 1.6908 4.1404 9.6825 0.9789 28.1981 -2.7944 0.3112
Car -1 -1 -6.8060 1190.2969 138.9882 1241.0000 185.3454 1.5230 1.7341 4.4090 23.1103 0.4101 25.0264 -6.0661 0.2787
Car -1 -1 -6.7665 1183.1118 139.8703 1241.0000 186.1532 1.5406 1.7314 4.3447 23.1067 0.4424 25.3923 -6.0338 0.2490
Car -1 -1 -7.0788 1127.5438 140.9012 1241.0000 183.3587 1.6075 1.6653 4.0892 22.8677 0.3974 28.3958 -6.4058 0.2135
Car -1 -1 -5.0133 682.3999 175.6326 749.2274 217.9405 1.4828 1.5272 3.4714 3.8940 1.5949 27.3650 -4.8741 0.1483
Car -1 -1 -4.9669 686.1597 176.6824 749.7064 219.7600 1.4730 1.4933 3.4424 3.8892 1.6243 26.7846 -4.8249 0.1479
Car -1 -1 -5.1464 683.6003 177.2958 762.9276 220.7974 1.4739 1.5031 3.6299 4.0768 1.6506 26.7987 -4.9977 0.1441
Car -1 -1 -4.7844 650.3867 177.7468 679.0936 202.0172 1.4971 1.5928 3.7600 3.5060 1.8292 47.1466 -4.7111 0.1299
Car -1 -1 -7.6110 662.2474 174.7461 711.9603 206.4277 1.5319 1.6693 3.8955 3.9951 1.6348 37.2567 -7.5055 0.1247
Car -1 -1 -4.9334 680.3531 176.5186 738.5784 218.4558 1.4635 1.4721 3.2696 3.6369 1.6098 27.1702 -4.8024 0.1075
Car -1 -1 -4.6006 525.0162 181.6037 557.2437 209.7271 1.5845 1.5327 3.8006 -4.1698 2.1380 43.7560 -4.6956 0.1012
Car -1 -1 -4.8490 651.8362 177.3082 684.8375 201.8411 1.5013 1.5821 4.1412 3.7232 1.8044 47.0350 -4.7710 0.0919
Car -1 -1 -7.9472 686.3205 175.8901 735.0165 216.6992 1.4922 1.5744 3.2752 3.8470 1.6179 28.2983 -7.8141 0.0817
Car -1 -1 -8.0697 676.5783 175.3278 732.3900 216.3431 1.5001 1.5064 3.1603 3.5934 1.6022 28.2292 -7.9450 0.0803
Car -1 -1 -5.0971 682.9982 176.5174 757.3712 218.0638 1.4444 1.5534 3.5283 4.0473 1.5924 27.3173 -4.9521 0.0742
Car -1 -1 -7.9654 686.7836 175.3309 741.0237 216.8386 1.4810 1.6521 3.6299 3.8890 1.5824 27.7992 -7.8284 0.0728
Car -1 -1 -4.8398 693.8120 175.8593 746.8415 216.8404 1.4495 1.5521 3.4439 4.0974 1.5710 27.5110 -4.6941 0.0699
Car -1 -1 -8.0120 678.4263 175.3450 736.2181 216.8270 1.4770 1.6406 3.5388 3.6211 1.5785 27.6998 -7.8840 0.0616
Car -1 -1 -7.0427 965.7287 154.6983 1049.2965 184.5544 1.5037 1.5730 3.7728 20.6513 0.5890 37.5849 -6.5437 0.0583
Car -1 -1 -4.8168 684.1608 175.9143 734.4968 219.2171 1.4945 1.5085 3.1363 3.5764 1.6143 26.7146 -4.6858 0.0513
Car -1 -1 -8.4203 951.9910 150.1308 1023.9672 184.4836 1.6967 1.6392 3.5694 19.5143 0.5741 37.4888 -7.9436 0.0507
Car -1 -1 -8.7744 1120.0071 142.9326 1241.0000 185.8976 1.6207 1.5832 4.4368 23.5528 0.4917 29.5636 -8.1064 0.0489
Cyclist -1 -1 -4.6690 108.4407 183.1331 145.1307 275.2901 1.7518 0.5411 1.6969 -9.9265 1.9743 14.7758 -5.2525 0.0431
Car -1 -1 -5.3621 1189.8009 136.3619 1241.0000 183.8855 1.5337 1.6605 3.7905 22.4914 0.3557 25.2365 -4.6397 0.0430
Car -1 -1 -7.8745 694.2294 175.4844 737.9488 216.1507 1.4808 1.5954 3.4853 4.0720 1.5905 28.3358 -7.7338 0.0429
Car -1 -1 -5.1870 1184.7732 135.9534 1241.0000 182.7720 1.5220 1.6268 4.2485 22.5225 0.3221 25.7133 -4.4732 0.0428
Car -1 -1 -8.4240 950.3090 151.5617 1020.6920 185.3362 1.6668 1.6034 3.4724 19.3512 0.6157 37.4143 -7.9499 0.0354
Car -1 -1 -6.3913 670.6398 176.1612 763.1470 215.6006 1.4654 1.5601 3.3674 4.0174 1.5962 27.7844 -6.2499 0.0310
Car -1 -1 -5.2798 1189.7059 137.9181 1241.0000 184.1955 1.5061 1.6175 4.0668 22.7383 0.3688 25.6158 -4.5594 0.0300
Car -1 -1 -7.3040 969.1811 149.9150 1046.4973 183.4693 1.6490 1.6457 4.0088 20.4711 0.5214 37.1712 -6.8040 0.0294
Car -1 -1 -6.7289 1102.5637 147.7228 1238.0302 184.4033 1.4829 1.6426 4.2139 23.4510 0.4666 30.4053 -6.0765 0.0260
Car -1 -1 -3.4049 653.7371 176.6984 751.4903 216.8239 1.4711 1.4893 3.4390 3.4660 1.6231 27.6184 -3.2820 0.0257
Car -1 -1 -4.8885 637.4905 178.0791 671.4337 202.7353 1.5256 1.5668 3.8664 2.8514 1.8839 47.5092 -4.8294 0.0205
Car -1 -1 -6.4641 672.4624 175.9092 768.4715 215.7065 1.4679 1.5093 3.4023 4.1265 1.5877 27.5518 -6.3176 0.0176
Car -1 -1 -4.1904 429.9174 183.8765 498.5422 211.6073 1.4115 1.7375 4.6740 -8.2681 2.0786 41.1985 -4.3877 0.0154
Car -1 -1 -7.7960 695.3264 175.7298 742.6868 215.6659 1.4442 1.6409 3.5172 4.2745 1.5640 28.2536 -7.6479 0.0127
Car -1 -1 -4.4163 542.5866 179.4613 570.2783 196.7113 1.5357 1.5122 3.9612 -5.0309 2.1768 67.9421 -4.4903 0.0111
Car -1 -1 -4.5570 541.5070 179.4197 564.3126 196.6444 1.5347 1.5422 3.9925 -5.3627 2.1709 67.9006 -4.6359 0.0094
Car -1 -1 -4.8215 739.5435 170.3085 781.1727 202.3155 1.4563 1.5207 4.0280 7.1728 1.3402 34.9041 -4.6209 0.0084
Car -1 -1 -7.8481 1139.2362 139.0583 1194.4562 182.3793 1.6328 1.6782 4.5725 22.7149 0.3587 29.5178 -7.1969 0.0077
Car -1 -1 -6.5473 684.4506 176.2579 782.6709 216.4876 1.4849 1.5355 3.4344 4.6623 1.6198 27.7252 -6.3831 0.0076
Car -1 -1 -6.2825 694.5135 177.6086 767.9116 215.4122 1.3746 1.4675 2.6772 4.5455 1.5611 27.4130 -6.1205 0.0075
Car -1 -1 -5.0966 647.7836 177.6759 697.2405 203.8474 1.5385 1.5533 4.4347 3.8542 1.8589 45.6297 -5.0134 0.0073
Car -1 -1 -8.0278 1125.2554 136.2888 1201.5970 179.8442 1.6351 1.6870 4.4877 22.4326 0.2621 29.4688 -7.3818 0.0068
Car -1 -1 -6.4182 690.2489 177.9158 774.5979 216.2570 1.4120 1.4306 3.0010 4.5812 1.6101 27.5283 -6.2557 0.0066
Car -1 -1 -7.1413 970.4276 149.1940 1055.9120 182.0063 1.6089 1.6840 3.8911 20.5399 0.4485 36.8430 -6.6361 0.0060
Car -1 -1 -8.2422 711.6505 170.1462 747.9645 191.5248 1.6515 1.5830 3.6760 9.5143 1.4420 57.7064 -8.0800 0.0056
Car -1 -1 -6.9031 680.2200 175.3103 768.8463 216.5102 1.5089 1.5089 3.0925 4.3940 1.6084 27.9571 -6.7494 0.0055
Car -1 -1 -4.7335 810.1651 154.7403 859.7920 203.6113 1.6894 1.6529 4.6185 8.4166 1.0630 27.3896 -4.4387 0.0054
Car -1 -1 -7.6721 699.2491 177.1261 752.1207 212.5046 1.2547 1.4809 3.0666 4.4385 1.4284 27.6911 -7.5154 0.0051
Car -1 -1 -4.6761 639.3422 178.2612 664.6770 202.6389 1.5094 1.5368 3.5203 2.7507 1.8773 47.3088 -4.6188 0.0050
Car -1 -1 -8.1702 1104.6918 136.7563 1195.7645 181.2652 1.6741 1.6003 4.5992 21.9450 0.3161 29.5742 -7.5365 0.0049
Car -1 -1 -5.0866 646.2682 178.9017 691.4099 204.2140 1.4941 1.4783 4.0080 3.6427 1.8951 45.7421 -5.0081 0.0035
Car -1 -1 -7.9541 669.4591 175.1634 720.5309 217.9140 1.5716 1.5797 4.3619 3.2884 1.6710 28.9515 -7.8428 0.0026
Pedestrian -1 -1 -8.0449 1022.9071 156.5729 1041.0089 190.6676 1.7225 0.7047 0.5451 21.4920 0.8997 36.8266 -7.5203 0.0019
Car -1 -1 -8.3679 975.1181 153.9944 1040.7181 185.0069 1.6018 1.5668 3.5170 21.4116 0.6274 39.0386 -7.8695 0.0009
