Cyclist -1 -1 -8.4083 1035.1410 105.5117 1241.0000 374.0000 1.9961 0.5579 1.9238 4.4850 1.4958 6.3293 -7.8143 0.9937
Cyclist -1 -1 -8.0509 786.1407 160.7850 816.2286 226.2649 1.8178 0.4912 1.7856 5.4790 1.4824 20.9353 -7.7990 0.9934
Cyclist -1 -1 -6.4025 806.4162 163.3794 860.9172 215.0114 1.7933 0.5160 1.7867 7.8334 1.4639 25.4704 -6.1079 0.8065
Cyclist -1 -1 -8.0673 784.8679 161.3914 817.5662 227.3093 1.8220 0.5241 1.8367 5.4608 1.5049 20.8717 -7.8154 0.7739
Pedestrian -1 -1 -4.6917 916.5537 155.5695 941.5215 214.7047 1.8526 0.7200 0.5827 10.1317 1.3108 23.0190 -4.2821 0.7324
Cyclist -1 -1 -8.4396 1036.6949 107.6394 1241.0000 373.1463 1.9743 0.5644 1.8657 4.4939 1.4891 6.3014 -7.8427 0.7308
Pedestrian -1 -1 -5.8256 728.9022 169.3129 749.9301 205.1350 1.8045 0.6241 0.8717 6.5709 1.6259 36.8567 -5.6511 0.7190
Pedestrian -1 -1 -5.3994 728.6614 169.5174 749.5810 205.2481 1.8008 0.6180 0.9057 6.5621 1.6323 36.9108 -5.2253 0.6989
Pedestrian -1 -1 -7.9506 810.2088 163.5607 829.7737 214.5235 1.7733 0.5794 0.8758 7.3945 1.4497 25.5902 -7.6729 0.6787
Pedestrian -1 -1 -8.1164 831.8147 163.0015 855.4402 214.5231 1.7848 0.6006 0.7995 8.1733 1.4432 25.4075 -7.8091 0.6549
Cyclist -1 -1 -8.3430 1044.0989 104.1971 1241.0000 367.3605 1.9861 0.5635 1.8245 4.5296 1.4677 6.3825 -7.7480 0.6214
Pedestrian -1 -1 -2.8182 727.8336 169.6142 748.2018 205.7284 1.8189 0.6588 0.8602 6.4970 1.6555 36.8354 -2.6455 0.5908
Pedestrian -1 -1 -4.8001 913.0103 155.2109 940.6675 214.6767 1.8651 0.7585 0.5492 10.0488 1.3114 23.0103 -4.3935 0.5826
Pedestrian -1 -1 -8.1402 833.0226 162.5928 857.5288 214.1469 1.7816 0.6434 0.6948 8.1936 1.4267 25.2898 -7.8308 0.5452
Pedestrian -1 -1 -7.8919 808.6052 164.4869 827.2084 215.2106 1.7633 0.5963 0.8574 7.3147 1.4721 25.5691 -7.6168 0.5162
Car -1 -1 -4.8815 730.4073 169.8605 761.3958 191.1146 1.6241 1.7095 4.2796 10.7165 1.3950 57.2862 -4.6978 0.4938
Pedestrian -1 -1 -8.2404 802.5414 164.3427 829.3726 214.9914 1.7676 0.6036 0.9428 7.2768 1.4703 25.6844 -7.9678 0.3803
Pedestrian -1 -1 -4.7425 919.7795 156.3559 944.8856 215.0690 1.8251 0.7021 0.6449 10.1561 1.3119 22.8589 -4.3296 0.3602
Car -1 -1 -8.0371 869.2065 182.8956 897.6801 201.3139 1.5096 1.6273 4.0252 24.0297 2.4237 63.5797 -7.6778 0.3399
Car -1 -1 -4.8782 732.4056 171.7639 760.3078 191.7003 1.5174 1.5540 3.7275 10.6697 1.4342 56.7970 -4.6938 0.3195
Car -1 -1 -4.9939 724.4104 170.9041 760.3246 191.7873 1.5914 1.6809 4.2206 10.4107 1.4425 57.1704 -4.8150 0.3147
Car -1 -1 -4.8366 874.1976 182.7199 899.6520 200.7680 1.4761 1.6076 3.8585 24.2482 2.3701 63.3356 -4.4730 0.3061
Car -1 -1 -4.8843 872.2316 182.2564 899.6870 200.4864 1.4871 1.6034 3.7671 24.0040 2.3328 62.9237 -4.5219 0.2816
Pedestrian -1 -1 -4.8596 914.1753 156.4116 942.2613 215.1725 1.8299 0.7344 0.5679 10.0172 1.3176 22.8390 -4.4514 0.2774
Car -1 -1 -8.1265 864.5955 182.7578 896.7068 201.2074 1.5170 1.6179 4.0136 23.7933 2.4183 63.6161 -7.7705 0.2124
Car -1 -1 -4.7975 736.3175 171.2059 761.1399 191.4516 1.5419 1.5765 4.0556 10.9055 1.4161 57.0502 -4.6099 0.2086
Pedestrian -1 -1 -7.9082 830.2686 163.0626 850.2779 214.8134 1.7776 0.6232 0.7261 7.9940 1.4410 25.2135 -7.6051 0.1888
Car -1 -1 -5.0939 718.2883 170.8802 758.9901 192.1734 1.6213 1.6916 4.2874 10.1182 1.4707 57.2100 -4.9200 0.1764
Car -1 -1 -4.8569 871.4767 182.9289 899.3746 202.1702 1.5750 1.6773 4.3767 24.2875 2.4979 63.8046 -4.4952 0.1726
Pedestrian -1 -1 -8.1184 822.1663 163.5347 846.8179 214.8327 1.7797 0.6462 0.7735 7.8586 1.4561 25.4298 -7.8225 0.1467
Pedestrian -1 -1 -4.4840 1178.7070 121.9822 1241.0000 255.4445 1.9485 0.6793 0.4920 9.0720 1.2055 10.9531 -3.8057 0.1447
Car -1 -1 -5.0387 724.5924 172.4056 760.6163 192.5921 1.5248 1.5825 3.9572 10.3236 1.4906 56.5740 -4.8595 0.1360
Car -1 -1 -5.0025 866.2663 182.6990 897.9340 200.6999 1.4752 1.5923 3.6846 23.7280 2.3616 63.0932 -4.6448 0.1340
Car -1 -1 -4.7511 877.3705 182.7356 899.7449 201.5188 1.5359 1.6652 4.2006 24.5069 2.4379 63.6302 -4.3855 0.1261
Pedestrian -1 -1 -8.0605 829.7755 163.0738 854.6068 214.1891 1.7827 0.6633 0.9076 8.1990 1.4413 25.6488 -7.7549 0.1191
Car -1 -1 -4.9343 869.5869 182.3071 900.6622 201.5271 1.5469 1.6196 4.1656 23.7179 2.3925 62.3881 -4.5731 0.1057
Car -1 -1 -4.8899 736.7653 172.5860 766.6365 192.3472 1.4846 1.5991 3.9492 10.9669 1.4642 56.1941 -4.6985 0.1031
Car -1 -1 -4.6333 738.0089 170.7784 763.9338 192.3482 1.6413 1.6913 4.2766 11.1791 1.4830 57.1893 -4.4416 0.0995
Car -1 -1 -4.9137 732.8649 173.1327 764.5527 193.2374 1.4893 1.5642 4.2772 10.6251 1.5113 55.6592 -4.7264 0.0890
Car -1 -1 -4.8457 876.6393 182.3326 903.2985 201.1808 1.5239 1.6297 3.9656 24.2210 2.3736 62.5850 -4.4785 0.0881
Car -1 -1 -3.9214 1036.7089 180.0263 1094.9608 199.7114 1.4829 1.6045 3.8368 35.6079 2.0555 56.4306 -3.3612 0.0800
Car -1 -1 -4.9093 872.1707 182.8796 903.6161 202.5769 1.5666 1.6732 4.4418 23.8378 2.4614 62.0885 -4.5448 0.0790
Car -1 -1 -4.7395 880.0374 182.4746 901.4723 200.9079 1.5036 1.6301 3.9961 24.5596 2.3755 63.2608 -4.3712 0.0600
Pedestrian -1 -1 -3.9279 607.9045 177.0771 642.3571 252.1197 1.5981 0.5653 0.5000 0.2778 1.6924 15.7854 -3.9117 0.0408
Car -1 -1 -4.9958 733.2584 172.1226 771.2323 192.8364 1.5313 1.7234 4.2972 10.8703 1.4769 55.5577 -4.8039 0.0314
Cyclist -1 -1 -8.1994 824.1429 165.3302 855.4211 214.8141 1.7191 0.4449 1.9063 8.2223 1.4574 26.0283 -7.8971 0.0272
Car -1 -1 -4.5741 739.9545 172.2084 767.1133 192.9790 1.5753 1.5606 4.0750 11.3240 1.5261 56.9050 -4.3790 0.0249
Pedestrian -1 -1 -7.8901 819.0771 163.5111 839.0411 214.9061 1.7964 0.6446 0.8719 7.7559 1.4695 25.7224 -7.6009 0.0232
Car -1 -1 -7.5727 647.9269 171.0304 677.9006 190.4584 1.7234 1.6455 4.2082 4.8728 1.5613 66.2642 -7.4999 0.0221
Car -1 -1 -7.8956 647.4573 171.2253 667.4671 191.3148 1.7892 1.6602 4.0386 4.3113 1.6439 66.3003 -7.8313 0.0198
Car -1 -1 -2.9562 708.0160 172.7789 763.8754 192.5584 1.5071 1.5544 4.0877 9.8210 1.5011 56.4197 -2.7851 0.0177
Car -1 -1 -4.6903 877.4295 182.3897 898.7255 202.6565 1.5940 1.6019 4.3056 23.5890 2.4330 61.2067 -4.3246 0.0173
Car -1 -1 -3.9778 1039.1466 179.2958 1101.3745 200.1425 1.5714 1.7005 4.2712 36.0929 2.0892 56.6417 -3.4133 0.0169
Car -1 -1 -4.7528 745.3752 173.5762 768.5964 194.3584 1.5400 1.5736 4.3913 11.3261 1.5979 55.9174 -4.5544 0.0167
Car -1 -1 -3.8668 729.8461 172.1507 784.8881 192.8590 1.5693 1.6344 4.1920 11.5123 1.5157 56.4380 -3.6670 0.0158
Car -1 -1 -4.3426 213.4356 187.4789 272.4374 218.0973 1.6488 1.7021 4.2973 -21.9209 2.5691 43.1981 -4.8101 0.0131
Car -1 -1 -7.7747 649.1290 171.7292 670.1934 191.5048 1.7578 1.6205 4.0167 4.5646 1.6575 66.2396 -7.7065 0.0113
Car -1 -1 -4.4915 867.7035 181.7308 900.0051 202.8289 1.6608 1.6538 4.3238 23.1421 2.4382 60.9595 -4.1308 0.0109
Car -1 -1 -3.4785 731.4499 173.8457 793.6785 195.0852 1.6122 1.6614 4.4227 11.7869 1.6904 55.9866 -3.2725 0.0106
Car -1 -1 -4.2306 218.2608 187.5638 282.6985 215.8706 1.5269 1.7005 4.1902 -21.4844 2.4511 43.2323 -4.6896 0.0104
Car -1 -1 -5.0056 1043.8151 179.5789 1082.1720 200.3880 1.5561 1.6322 3.4356 35.7313 2.1048 57.0364 -4.4487 0.0103
Car -1 -1 -6.2374 708.8110 172.5591 764.5386 192.7190 1.5365 1.5657 4.2114 9.8532 1.5138 56.2141 -6.0651 0.0101
Car -1 -1 -5.6152 1181.8838 192.2422 1241.0000 223.8494 1.6375 1.6606 4.3173 36.4044 2.8394 42.4591 -4.9104 0.0100
Pedestrian -1 -1 -6.2693 908.0980 156.5066 932.1403 214.7465 1.7620 0.6247 0.6723 9.5147 1.2671 22.2506 -5.8704 0.0092
Car -1 -1 -3.9506 867.2877 183.4137 918.4032 201.9516 1.5264 1.6119 4.3316 24.6550 2.4714 62.9383 -3.5793 0.0090
Car -1 -1 -4.1408 226.4258 188.4380 292.3547 215.8492 1.4734 1.6547 3.9839 -20.9533 2.4515 43.2236 -4.5901 0.0081
Car -1 -1 -4.6855 871.3771 180.7301 895.1859 201.9321 1.6762 1.7809 4.7434 23.2828 2.3744 61.4569 -4.3254 0.0071
Cyclist -1 -1 -7.6937 607.7205 178.0029 639.9191 253.6873 1.5508 0.4578 1.6055 0.2654 1.6686 15.7275 -7.6782 0.0071
Car -1 -1 -6.4780 860.7672 182.7290 918.1833 201.4849 1.5681 1.4862 4.4388 24.1817 2.4399 62.6072 -6.1115 0.0068
Car -1 -1 -3.9572 226.8340 189.2014 301.9574 217.6211 1.5098 1.6682 4.1274 -20.5937 2.5364 43.1055 -4.4008 0.0066
Car -1 -1 -4.5029 409.4065 183.5499 434.4689 200.8342 1.5748 1.5591 4.0320 -18.3134 2.6474 70.3258 -4.7571 0.0060
Pedestrian -1 -1 -6.2621 1176.2844 181.4128 1189.4714 211.0768 1.8086 0.8172 0.6277 35.5400 2.3459 44.8050 -5.5952 0.0033
Car -1 -1 -3.7478 865.1087 183.4387 919.6977 201.9507 1.5395 1.4647 4.3565 24.4773 2.4757 62.6200 -3.3773 0.0032
Car -1 -1 -4.6714 1101.8966 173.1970 1128.8505 191.6030 1.4537 1.6615 3.9094 41.4028 1.4824 59.1212 -4.0631 0.0030
Car -1 -1 -4.6649 1094.7151 173.0281 1121.5942 191.1570 1.4525 1.6632 3.9284 41.3611 1.4671 59.9167 -4.0632 0.0030
Car -1 -1 -9.0271 0.0000 0.0000 1241.0000 374.0000 1.5259 1.5827 3.5787 5.0493 1.4612 1.3586 -7.7725 0.0030
Car -1 -1 -9.0462 0.0000 0.0000 1241.0000 374.0000 1.5201 1.5918 3.5901 5.4420 1.4714 1.3776 -7.7734 0.0030
Car -1 -1 -4.6680 1097.9733 173.1271 1124.9377 191.5116 1.4631 1.6661 3.9241 41.3798 1.4861 59.5495 -4.0633 0.0030
Car -1 -1 -4.7088 1141.5577 173.8473 1169.6754 193.7938 1.4587 1.6617 3.9285 41.5831 1.5371 55.0417 -4.0647 0.0030
Car -1 -1 -4.7157 1149.6490 173.7418 1178.3629 194.0257 1.4616 1.6622 3.9287 41.5908 1.5306 54.2422 -4.0645 0.0030
Car -1 -1 -4.6576 1086.4584 173.5322 1113.1213 191.3256 1.4518 1.6659 3.9373 41.4709 1.5109 61.1008 -4.0638 0.0030
Car -1 -1 -4.6620 1091.4374 173.0059 1118.2721 191.0668 1.4572 1.6649 3.9360 41.3637 1.4700 60.3196 -4.0634 0.0030
Car -1 -1 -4.7351 570.4973 177.8367 589.2881 194.9899 1.6008 1.7393 4.2334 -2.9985 2.1041 70.7647 -4.7777 0.0021
Car -1 -1 -6.2062 848.6252 181.8813 910.2480 201.7128 1.6286 1.6299 4.9028 23.3506 2.4340 62.6286 -5.8513 0.0014
Car -1 -1 -6.1393 847.0532 182.3992 903.8561 201.6225 1.5812 1.6529 4.4591 23.1073 2.4368 62.9083 -5.7892 0.0013
Car -1 -1 -4.6568 577.2701 177.4869 596.9412 194.3918 1.5894 1.7150 4.0590 -2.2446 2.0582 71.0098 -4.6886 0.0011
Car -1 -1 -2.8846 524.5767 182.3888 706.6470 256.1735 1.4142 1.5417 3.6024 0.1016 1.6328 15.3540 -2.8792 0.0011
Car -1 -1 -4.8271 572.8332 177.0381 595.1992 194.0932 1.6022 1.7471 3.9773 -2.6009 2.0253 70.9113 -4.8641 0.0010
Car -1 -1 -4.5423 471.6141 178.1125 500.5261 198.5987 1.5986 1.7225 3.7763 -10.1500 2.0433 59.1632 -4.7119 0.0009
Car -1 -1 -4.3338 377.0802 180.3163 412.6351 199.0228 1.4767 1.5725 3.7678 -18.0084 2.1219 60.4605 -4.6224 0.0009
Car -1 -1 -3.5905 864.6884 182.8662 923.5538 201.7911 1.5854 1.4573 4.5484 24.4841 2.4620 62.2969 -3.2181 0.0008
Cyclist -1 -1 -8.1932 823.4683 163.5402 855.8700 215.2252 1.7459 0.5371 1.6930 7.9649 1.4310 25.2288 -7.8912 0.0008
Car -1 -1 -4.4020 463.5025 180.0784 496.6976 200.4789 1.5917 1.6337 3.7506 -10.7255 2.2084 59.6560 -4.5795 0.0006
Car -1 -1 -4.3609 525.6682 191.9304 664.6979 288.5456 1.6390 1.6430 4.0111 -0.2100 2.0993 15.2592 -4.3758 0.0005
Car -1 -1 -4.5881 478.7343 178.9293 504.4597 200.1209 1.6623 1.6589 3.6113 -9.7547 2.1783 59.4860 -4.7503 0.0005
Car -1 -1 -3.5879 488.1263 182.2436 678.7527 269.2889 1.6190 1.6091 3.7208 -0.5968 1.8389 15.3409 -3.6273 0.0003
Cyclist -1 -1 -8.3032 815.8470 163.5479 854.9532 215.5897 1.7619 0.5909 1.7728 7.8497 1.4466 25.3494 -8.0067 0.0003
Cyclist -1 -1 -7.9974 816.1098 163.7838 840.5411 214.7504 1.7493 0.5744 1.7698 7.7088 1.4377 25.6815 -7.7095 0.0001
Cyclist -1 -1 -8.3017 822.4210 164.3187 860.7098 214.7029 1.7176 0.5455 1.8220 8.1263 1.4263 25.5373 -7.9974 0.0001
Cyclist -1 -1 -7.8915 809.5610 164.3631 828.8386 214.8932 1.7329 0.5842 1.6950 7.3746 1.4414 25.6367 -7.6150 0.0000
