Car -1 -1 -2.5199 0.0000 167.2515 322.4707 339.0095 1.8821 1.6937 3.9118 -5.8761 1.8204 8.8479 -3.0928 0.9995
Car -1 -1 -4.6208 548.2841 177.5199 580.4753 205.4024 1.6706 1.7057 3.7246 -2.8857 1.9783 45.7480 -4.6839 0.9981
Car -1 -1 -4.8614 685.3214 166.0998 748.8860 225.5421 1.8431 1.5396 3.7985 3.4732 1.6334 24.2786 -4.7217 0.9932
Car -1 -1 -7.9243 663.9132 173.6401 698.5732 204.7585 1.6327 1.6274 3.8259 3.8541 1.6779 39.8869 -7.8292 0.9369
Car -1 -1 -7.6960 587.7693 175.6663 619.3461 198.5732 1.7082 1.8146 4.3943 -0.4890 1.9378 56.6803 -7.7050 0.8763
Car -1 -1 -4.5840 547.8132 178.2737 581.6298 205.2712 1.6094 1.6860 3.6240 -2.8563 1.9658 45.6245 -4.6466 0.8325
Car -1 -1 -7.9859 659.2277 173.5842 698.9362 205.1109 1.6532 1.6638 3.9827 3.7335 1.6954 39.9523 -7.8940 0.7874
Car -1 -1 -4.6105 548.9718 177.4216 581.0181 205.0722 1.6592 1.6583 3.7896 -2.8533 1.9614 45.8596 -4.6728 0.7799
Car -1 -1 -4.6337 546.5532 178.1072 578.7871 205.2662 1.6214 1.7556 3.6283 -2.9858 1.9665 45.6083 -4.6992 0.7703
Car -1 -1 -7.7099 587.3488 176.3981 616.7078 198.2890 1.6289 1.7410 4.0278 -0.6135 1.9164 56.4851 -7.7211 0.7658
Car -1 -1 -4.8537 685.7642 167.3427 748.0818 224.8399 1.7758 1.5230 3.7450 3.4518 1.6053 24.1590 -4.7142 0.7604
Car -1 -1 -7.7217 588.3010 175.9321 615.8367 198.0067 1.6456 1.6509 3.9397 -0.6124 1.8948 56.4174 -7.7330 0.7524
Car -1 -1 -4.6112 547.5604 176.9569 579.9529 204.6164 1.6621 1.6756 3.8813 -2.9339 1.9341 45.9131 -4.6751 0.7487
Car -1 -1 -8.6981 0.0000 0.0000 1241.0000 374.0000 1.4789 1.6317 3.8902 2.8531 1.5723 1.9501 -7.7955 0.7453
Car -1 -1 -8.6098 0.0000 0.0000 1241.0000 374.0000 1.4555 1.6099 3.8226 2.7156 1.5720 1.7863 -7.6944 0.7423
Car -1 -1 -4.8763 684.7570 168.4361 754.6550 226.3991 1.7687 1.6368 4.0105 3.5114 1.6336 24.0396 -4.7337 0.6847
Car -1 -1 -7.9700 660.2728 173.5321 699.0203 205.0835 1.6568 1.6553 4.1648 3.7756 1.6961 40.0799 -7.8772 0.6712
Car -1 -1 -2.5519 0.0000 166.2474 333.0149 334.6107 1.8571 1.7213 3.7844 -5.6915 1.7840 8.8814 -3.1087 0.6708
Car -1 -1 -4.5943 546.8309 178.2714 580.0880 205.2962 1.6085 1.6868 3.5653 -2.9293 1.9635 45.5015 -4.6587 0.6560
Car -1 -1 -4.9103 681.0125 166.5979 757.7228 224.5442 1.8024 1.7603 4.1890 3.5706 1.6075 24.5838 -4.7684 0.6524
Car -1 -1 -8.8622 0.0000 0.0000 1241.0000 374.0000 1.5340 1.5843 4.0438 2.9285 1.5422 1.6755 -7.8848 0.6473
Car -1 -1 -8.4290 0.0000 0.0000 1241.0000 374.0000 1.5248 1.6057 4.0844 2.4965 1.5923 1.6210 -7.5145 0.6315
Car -1 -1 -7.8596 667.3528 174.5037 698.7526 204.6375 1.5757 1.6465 3.9506 3.9926 1.6716 39.9969 -7.7613 0.6130
Car -1 -1 -7.6840 587.9214 175.5533 618.3936 198.1690 1.6841 1.6865 4.3046 -0.5217 1.9038 56.5295 -7.6937 0.5530
Car -1 -1 -8.3704 0.0000 0.0000 1241.0000 374.0000 1.4184 1.5678 3.8905 2.4940 1.5947 1.8948 -7.5220 0.5440
Car -1 -1 -9.0624 0.0000 0.0000 1241.0000 374.0000 1.4891 1.6267 3.9110 3.1951 1.5326 1.9129 -8.0972 0.5416
Car -1 -1 -7.7871 665.1196 173.8325 699.0671 204.4339 1.5888 1.6208 3.5363 3.9425 1.6446 39.4601 -7.6888 0.5311
Car -1 -1 -7.8042 667.6231 173.5985 700.5762 204.6631 1.6198 1.6289 3.6061 4.0686 1.6623 39.6183 -7.7031 0.4924
Car -1 -1 -9.1339 0.0000 0.0000 1241.0000 374.0000 1.5093 1.5901 4.0571 3.1834 1.5483 1.7974 -8.1455 0.4784
Car -1 -1 -8.1238 649.8212 172.5375 700.0093 205.4769 1.7279 1.6781 4.2976 3.5033 1.7110 40.1151 -8.0378 0.4362
Car -1 -1 -8.3126 0.0000 0.0000 1241.0000 374.0000 1.4781 1.5476 3.9245 2.2670 1.6061 1.6593 -7.4554 0.3390
Car -1 -1 -7.7768 668.0294 173.4791 703.0405 204.7947 1.6366 1.6300 3.9792 4.1827 1.6727 39.8963 -7.6736 0.3352
Pedestrian -1 -1 -6.4626 1147.7439 137.2716 1171.1304 189.3014 1.8326 0.6554 0.5540 19.6173 0.5790 25.8318 -5.8185 0.2964
Pedestrian -1 -1 -6.5015 1151.6133 136.1840 1176.2654 188.9062 1.8551 0.6725 0.5632 19.7620 0.5645 25.8110 -5.8535 0.1371
Pedestrian -1 -1 -6.2319 1151.8097 137.7597 1175.7571 190.4218 1.8343 0.7268 0.6428 19.6164 0.6116 25.6178 -5.5840 0.0713
Car -1 -1 -7.1310 654.0558 175.8485 711.3982 197.5601 1.5162 1.6805 4.4463 5.3582 1.7451 53.1016 -7.0314 0.0586
Car -1 -1 -3.6071 952.5299 200.3625 1241.0000 374.0000 1.4041 1.5093 4.0585 3.4146 1.5577 2.5343 -2.7295 0.0480
Pedestrian -1 -1 -6.4667 1156.5936 136.2125 1183.0139 189.6450 1.8625 0.6929 0.6202 19.8066 0.5850 25.5996 -5.8137 0.0358
Car -1 -1 -3.6306 951.8625 201.8507 1241.0000 374.0000 1.4138 1.5851 4.2817 3.3377 1.5665 2.1685 -2.6968 0.0334
Car -1 -1 -3.4662 1075.6116 182.1519 1241.0000 374.0000 1.4558 1.5639 4.0467 3.8239 1.5075 2.1609 -2.4670 0.0331
Car -1 -1 -6.6440 659.9406 176.3167 720.4500 196.5484 1.4117 1.5855 4.0384 5.7440 1.6673 52.0529 -6.5351 0.0287
Car -1 -1 -7.0908 659.5862 175.1824 716.1479 197.3084 1.5388 1.6685 4.1892 5.6731 1.7146 52.5877 -6.9843 0.0281
Car -1 -1 -2.6665 486.5268 179.0907 547.3916 199.7862 1.4353 1.6348 4.0874 -6.7819 1.9004 52.3842 -2.7950 0.0254
Car -1 -1 -4.4201 658.7057 175.9486 696.0767 197.3117 1.4904 1.6164 4.1689 4.9835 1.7280 53.2229 -4.3277 0.0231
Car -1 -1 -5.5304 491.6696 178.7800 548.4180 200.0164 1.4660 1.6076 4.1284 -6.6238 1.9139 52.7115 -5.6552 0.0202
Car -1 -1 -8.0314 709.1547 153.0327 828.3737 255.4978 2.0109 1.7794 4.7230 3.3906 1.6216 16.5392 -7.8336 0.0195
Car -1 -1 -6.9402 659.1424 176.1172 716.8124 196.3609 1.4059 1.5949 4.0314 5.6482 1.6505 52.4041 -6.8338 0.0191
Car -1 -1 -7.2631 659.4716 176.0024 710.4071 197.4722 1.4902 1.6323 4.2360 5.4996 1.7300 52.8633 -7.1605 0.0186
Pedestrian -1 -1 -7.1692 909.0137 167.6475 1024.9303 374.0000 1.6363 0.4216 0.7322 2.6185 1.5994 5.4161 -6.7412 0.0158
Car -1 -1 -4.9283 624.2368 176.9870 661.3491 199.4544 1.5623 1.8118 4.4967 2.3452 1.8816 53.4163 -4.8851 0.0148
Car -1 -1 -2.9334 486.4705 179.1464 545.8053 199.5936 1.4334 1.5840 4.0095 -6.7837 1.8959 52.1137 -3.0626 0.0145
Car -1 -1 -3.6102 1065.4379 185.9872 1241.0000 374.0000 1.4265 1.5429 3.9878 3.8751 1.4995 2.4059 -2.6489 0.0140
Car -1 -1 -5.1902 502.8868 178.6694 546.8989 200.1310 1.4801 1.5780 3.9175 -6.3105 1.9231 52.9426 -5.3087 0.0133
Car -1 -1 -4.3635 649.5850 176.8623 694.3369 200.4031 1.4785 1.6389 4.2494 4.1697 1.7595 48.3644 -4.2785 0.0115
Car -1 -1 -6.4928 662.1076 176.0768 721.9544 196.1982 1.4092 1.5981 4.0259 5.8388 1.6449 51.8440 -6.3817 0.0112
Car -1 -1 -4.2993 664.9440 175.8084 707.2433 195.8914 1.3733 1.5240 4.1051 5.5093 1.5954 52.1372 -4.1950 0.0105
Car -1 -1 -3.8249 1010.7847 185.1220 1241.0000 374.0000 1.4269 1.5073 4.0513 3.9260 1.4935 2.7382 -2.9128 0.0100
Car -1 -1 -7.2207 661.9746 176.6793 712.2057 196.9118 1.3997 1.5852 4.0103 5.6330 1.6894 52.6944 -7.1153 0.0100
Car -1 -1 -7.5026 660.5916 176.5831 700.2663 198.0027 1.4898 1.5904 4.1259 5.2005 1.7756 53.1564 -7.4060 0.0098
Car -1 -1 -5.2480 497.6547 178.1932 545.8977 200.1018 1.5097 1.6084 4.1601 -6.5364 1.9166 52.8987 -5.3708 0.0096
Car -1 -1 -7.6707 658.5058 176.7001 691.5864 198.9757 1.5545 1.6702 4.4267 4.8393 1.8521 53.5232 -7.5815 0.0090
Car -1 -1 -5.0309 646.4166 175.4378 691.3243 200.1834 1.5948 1.7152 4.5454 3.9375 1.7801 49.4163 -4.9523 0.0086
Car -1 -1 -5.4457 652.7315 175.6287 709.8510 197.9784 1.4533 1.5704 4.0790 4.8173 1.6517 49.5481 -5.3498 0.0067
Car -1 -1 -5.3226 647.7751 176.4031 702.7453 198.0621 1.3942 1.6029 4.2352 4.3825 1.6479 49.4120 -5.2351 0.0066
Car -1 -1 -3.3523 656.1232 178.8271 710.1391 198.7581 1.2543 1.4771 3.2516 4.6964 1.6495 46.8709 -3.2535 0.0065
Car -1 -1 -4.0518 538.6186 178.5995 589.4097 200.0144 1.4741 1.5533 4.0616 -3.3588 1.9120 52.9188 -4.1153 0.0063
Car -1 -1 -4.4045 654.7849 178.6555 691.1969 198.7597 1.2513 1.4653 3.3325 4.1700 1.6498 47.7803 -4.3184 0.0063
Car -1 -1 -4.5900 653.3307 177.5651 684.4888 200.2861 1.4161 1.6089 3.8329 3.9113 1.7416 47.8557 -4.5094 0.0063
Car -1 -1 -4.6128 655.5682 177.3669 684.9019 198.8158 1.3347 1.5961 3.4346 3.9640 1.6430 47.5049 -4.5305 0.0060
Car -1 -1 -4.6567 653.6606 178.1539 677.5861 200.2269 1.3829 1.4008 3.3667 3.6790 1.7467 47.8114 -4.5808 0.0060
Car -1 -1 -7.4971 649.2874 176.5142 691.7932 197.8041 1.4891 1.7215 4.4080 4.5193 1.7729 53.6411 -7.4140 0.0057
Car -1 -1 -4.2459 654.8994 178.2843 700.1985 199.9907 1.3484 1.5172 3.6298 4.4713 1.7219 47.7328 -4.1535 0.0056
Car -1 -1 -4.2607 538.6600 177.2431 584.5767 199.3736 1.5347 1.6238 4.4111 -3.5494 1.8730 53.3176 -4.3273 0.0054
Pedestrian -1 -1 -6.7145 956.4161 164.1232 1104.8042 374.0000 1.6385 0.5041 0.8151 3.0465 1.5765 5.3758 -6.2233 0.0052
Car -1 -1 -4.6090 653.0241 176.4470 684.5329 200.7802 1.5280 1.6699 4.3051 3.9405 1.7792 48.2470 -4.5284 0.0050
Car -1 -1 -4.4702 755.3931 175.3939 801.4459 203.3595 1.5585 1.7817 3.8968 9.9827 1.7162 42.7395 -4.2427 0.0046
Car -1 -1 -4.3888 620.5182 177.0527 658.8004 197.4506 1.4409 1.6824 4.0020 2.2335 1.7677 54.0328 -4.3481 0.0044
Car -1 -1 -4.6611 763.6661 173.7569 798.3245 201.9700 1.5616 1.7776 4.1361 10.0333 1.6170 42.3141 -4.4303 0.0043
Car -1 -1 -4.1772 534.1038 177.1585 582.8731 199.2774 1.5337 1.5792 4.3758 -3.7763 1.8648 53.2390 -4.2481 0.0043
Car -1 -1 -4.6848 770.2178 177.9854 801.4804 203.5497 1.4110 1.7035 3.8680 10.4190 1.7296 42.7526 -4.4478 0.0038
Car -1 -1 -4.5182 756.7607 172.1353 797.8315 202.6086 1.7443 1.7105 3.8113 10.0642 1.7029 43.3895 -4.2922 0.0036
Car -1 -1 -4.8906 771.8332 180.9068 810.6096 204.5508 1.3041 1.6010 3.6528 10.7003 1.8040 42.9472 -4.6485 0.0033
Car -1 -1 -4.3935 753.3148 177.2550 802.1334 203.8596 1.4853 1.7183 3.8746 10.0192 1.7606 43.0799 -4.1670 0.0032
Car -1 -1 -6.6072 662.6213 171.1885 749.0378 203.6707 1.7038 1.7299 4.3163 5.1308 1.6161 39.1138 -6.4782 0.0028
Car -1 -1 -4.5649 763.8880 175.8051 800.4978 203.7322 1.5807 1.6113 3.7610 10.3387 1.7660 43.3177 -4.3326 0.0028
Car -1 -1 -4.3239 655.7036 176.4708 697.0506 198.9200 1.5224 1.4297 4.3383 4.7908 1.7936 51.9115 -4.2328 0.0027
Car -1 -1 -4.1590 536.4762 177.9285 583.9240 199.6716 1.5020 1.5473 4.1188 -3.6429 1.8901 53.0455 -4.2277 0.0026
Car -1 -1 -4.5539 656.0563 174.7592 687.3978 196.2139 1.5035 1.6494 4.3185 4.5684 1.6499 53.2654 -4.4692 0.0025
Car -1 -1 -5.0702 506.6809 176.7731 547.6990 199.5814 1.5850 1.6154 4.2375 -6.1750 1.8857 53.1688 -5.1856 0.0025
Car -1 -1 -6.9841 662.8149 171.7242 745.5932 204.1497 1.6865 1.7232 4.4221 5.1397 1.6274 39.4498 -6.8560 0.0025
Car -1 -1 -4.9384 775.0364 177.2496 819.5566 202.4885 1.4112 1.7456 3.7745 11.0453 1.6840 42.9159 -4.6886 0.0024
Car -1 -1 -4.9216 521.0863 178.7849 553.6013 201.2717 1.5052 1.5048 4.0150 -5.2614 1.9464 51.5698 -5.0232 0.0024
Pedestrian -1 -1 -5.3019 1180.2136 167.2834 1221.0807 240.3244 1.8498 0.6699 0.4587 15.1113 1.7085 18.5310 -4.6261 0.0023
Pedestrian -1 -1 -6.0664 1015.9116 152.3879 1138.7233 374.0000 1.5731 0.5301 0.6780 3.3977 1.4333 5.3424 -5.5253 0.0020
Car -1 -1 -4.5615 521.0394 175.1954 549.6331 200.1030 1.7566 1.4975 4.1623 -5.5148 1.9365 53.3995 -4.6643 0.0013
Car -1 -1 -4.7989 519.6375 175.3578 545.3286 199.9768 1.7291 1.5327 4.0771 -5.7847 1.9211 53.2623 -4.9070 0.0011
Car -1 -1 -4.1277 529.9784 177.2646 579.4615 198.6829 1.4841 1.4618 4.3840 -4.0522 1.8229 53.2015 -4.2038 0.0008
Car -1 -1 -6.7445 663.3887 171.3427 751.5806 204.3284 1.7221 1.7038 4.4563 5.2524 1.6429 39.1969 -6.6128 0.0008
Car -1 -1 -6.4413 667.9440 172.0766 757.3112 204.7137 1.7158 1.7191 4.5439 5.4355 1.6747 38.8392 -6.3038 0.0002
Car -1 -1 -6.2370 670.8126 172.1517 757.6513 204.9358 1.6919 1.6891 4.4891 5.5325 1.6554 38.4844 -6.0958 0.0001
