Car -1 -1 -7.8315 568.2955 174.7315 602.8738 206.0180 1.3875 1.5437 3.5424 -1.1532 1.4803 33.9925 -7.8656 0.9800
Car -1 -1 -7.8482 522.7791 174.0898 550.1978 199.1418 1.4876 1.6298 3.6081 -4.5992 1.5674 44.9027 -7.9501 0.9764
Car -1 -1 -7.9141 520.8186 173.4604 550.4685 198.8105 1.5070 1.6112 3.6979 -4.7009 1.5461 44.9417 -8.0181 0.8750
Car -1 -1 -7.8534 567.5961 174.4460 603.0946 207.0186 1.4468 1.5860 3.5790 -1.2067 1.5257 34.0435 -7.8891 0.7794
Car -1 -1 -7.7644 523.3840 173.5225 554.5275 198.9699 1.5172 1.6023 3.7935 -4.4267 1.5604 45.0229 -7.8623 0.7169
Car -1 -1 -7.8015 524.1652 174.3003 552.2277 199.2566 1.4819 1.5566 3.4603 -4.4600 1.5749 44.8129 -7.9005 0.6489
Car -1 -1 -7.7996 568.9491 173.3844 605.8068 205.5161 1.4259 1.5473 3.3363 -1.0579 1.4517 33.7610 -7.8311 0.6062
Car -1 -1 -7.8877 522.2007 173.4491 550.3518 199.1646 1.5243 1.6122 3.4693 -4.6318 1.5624 44.6832 -7.9907 0.5670
Car -1 -1 -7.7816 568.5652 174.2166 606.8097 206.3266 1.4264 1.5481 3.6300 -1.0472 1.4939 34.0542 -7.8126 0.5629
Car -1 -1 -7.9430 518.0201 173.7549 550.0008 199.4198 1.5191 1.6497 3.6541 -4.7890 1.5772 44.7983 -8.0493 0.5042
Car -1 -1 -7.7713 521.1552 171.6959 552.7418 197.3389 1.5377 1.6449 4.0563 -4.5770 1.4679 45.3088 -7.8718 0.4989
Cyclist -1 -1 -4.6604 1068.2606 174.3423 1087.8481 219.8829 1.6664 0.5553 1.4291 17.6006 1.7238 27.1940 -4.0914 0.1609
Cyclist -1 -1 -4.6660 1070.0642 174.7224 1090.0244 219.9901 1.6407 0.5647 1.5633 17.5617 1.7124 27.0180 -4.0950 0.1435
Pedestrian -1 -1 -7.4965 959.1970 180.8752 980.0485 217.9229 1.7216 0.6913 0.6847 17.0172 2.1072 34.2261 -7.0391 0.1366
Pedestrian -1 -1 -8.1835 956.2464 182.2175 977.2922 218.7125 1.7060 0.7304 0.6263 16.8977 2.1550 34.2682 -7.7294 0.1109
Cyclist -1 -1 -4.3557 1056.1432 172.7734 1089.8229 219.9975 1.7290 0.6013 1.4572 17.3462 1.7257 27.0970 -3.7917 0.1078
Car -1 -1 -4.2271 161.8943 177.1526 241.8980 208.7901 1.4461 1.6770 4.1740 -20.0924 1.6707 35.6590 -4.7373 0.0838
Pedestrian -1 -1 -7.8528 1070.1196 172.7935 1090.4985 217.7722 1.6573 0.6329 0.8060 17.6106 1.6548 27.0960 -7.2819 0.0787
Cyclist -1 -1 -4.4408 1067.1469 170.5371 1095.8712 216.8317 1.7017 0.5586 1.4024 17.7318 1.6162 27.1964 -3.8684 0.0749
Car -1 -1 -4.2966 713.5824 174.4973 750.5583 193.1194 1.5344 1.6050 4.1324 10.4978 1.6802 62.0000 -4.1300 0.0674
Cyclist -1 -1 -4.3677 1063.7574 173.2990 1094.8315 219.4696 1.7022 0.5590 1.3770 17.6862 1.7192 27.2559 -3.7975 0.0655
Pedestrian -1 -1 -9.0661 960.8062 181.3983 983.7353 218.6297 1.7179 0.7658 0.7488 17.0662 2.1274 34.0736 -8.6059 0.0617
Car -1 -1 -4.3866 712.7233 174.4031 744.5300 192.8400 1.5241 1.5539 3.8497 10.2080 1.6615 62.0577 -4.2247 0.0596
Pedestrian -1 -1 -9.0023 955.5738 181.4881 980.3081 218.8950 1.7235 0.7632 0.8054 16.8504 2.1373 34.0527 -8.5469 0.0513
Car -1 -1 -2.7836 504.0006 175.0384 567.2894 199.8459 1.4857 1.7046 3.5275 -4.6251 1.6246 44.7050 -2.8865 0.0462
Car -1 -1 -4.4747 873.5272 178.1574 918.3058 205.4098 1.5688 1.6541 4.1344 17.6542 1.9118 44.5451 -4.1001 0.0455
Car -1 -1 -5.5178 876.1597 182.0955 944.5858 209.3167 1.4735 1.5509 3.6437 17.5429 2.0414 42.3819 -5.1284 0.0322
Pedestrian -1 -1 -7.9175 1066.4429 173.2052 1087.0437 216.8172 1.6184 0.5983 0.8078 17.5952 1.6316 27.2817 -7.3500 0.0293
Car -1 -1 -7.6678 877.9316 179.4603 920.0145 205.7280 1.4981 1.6731 4.1926 17.8203 1.9255 44.4866 -7.2895 0.0290
Car -1 -1 -8.5257 874.6246 180.6695 941.6840 208.4619 1.5260 1.5823 3.9105 17.6131 2.0131 42.8970 -8.1390 0.0287
Pedestrian -1 -1 -7.8001 1073.3156 170.4784 1093.5321 214.6500 1.6292 0.5991 0.7730 17.7383 1.5413 27.1013 -7.2259 0.0254
Car -1 -1 -7.8721 580.6640 165.2147 601.8756 190.0325 1.8933 1.6008 3.4978 -1.5278 1.3102 56.8279 -7.8992 0.0211
Car -1 -1 -2.9705 898.8391 182.4710 989.7332 215.6986 1.5051 1.6160 3.8368 16.3548 2.0005 35.4450 -2.5419 0.0203
Car -1 -1 -4.8118 977.6967 180.0574 1025.2349 213.0292 1.4896 1.6628 3.8509 19.2111 1.8658 35.6110 -4.3211 0.0188
Car -1 -1 -3.8625 298.0165 175.8208 373.2966 202.7982 1.5256 1.6632 4.1876 -16.5129 1.7136 43.5363 -4.2233 0.0180
Cyclist -1 -1 -8.8618 943.7538 180.5108 983.7326 218.3348 1.7443 0.6918 1.5896 16.8494 2.1190 34.4797 -8.4112 0.0177
Cyclist -1 -1 -4.3532 1069.5243 167.8113 1102.7670 214.9150 1.7431 0.5655 1.5115 18.0261 1.5562 27.3774 -3.7763 0.0176
Car -1 -1 -4.3034 174.5334 179.4225 244.1548 209.1033 1.3610 1.6176 3.8754 -19.9219 1.7065 35.9790 -4.8062 0.0169
Car -1 -1 -7.9367 576.3421 165.2230 601.8173 189.4405 1.8462 1.7161 3.5122 -1.7048 1.2642 56.8471 -7.9668 0.0162
Car -1 -1 -5.0233 889.5570 181.8106 938.0303 209.2742 1.4903 1.4980 3.8662 17.7650 2.0414 42.4381 -4.6299 0.0145
Car -1 -1 -6.3683 913.6465 171.9828 979.8898 198.6149 1.6147 1.6261 3.6215 20.9640 1.5615 45.1260 -5.9362 0.0144
Car -1 -1 -5.1156 884.8505 182.8652 940.9680 209.4693 1.4428 1.5930 4.0168 17.7972 2.0624 42.6646 -4.7233 0.0143
Car -1 -1 -5.5491 877.3842 183.0193 951.6169 210.5154 1.4725 1.5881 3.9605 17.7588 2.0987 42.3435 -5.1550 0.0138
Pedestrian -1 -1 -7.8401 1070.6152 172.7623 1090.7473 215.4064 1.5818 0.6294 0.7999 17.7456 1.5781 27.2719 -7.2686 0.0137
Car -1 -1 -2.6962 884.8409 182.3427 952.7259 209.4894 1.4584 1.7376 3.1733 17.8057 2.0305 41.7597 -2.2962 0.0130
Car -1 -1 -3.0199 899.9305 182.7702 989.8842 215.9226 1.4916 1.5897 3.8147 16.2508 1.9973 35.1422 -2.5906 0.0129
Car -1 -1 -4.3055 173.1937 178.4296 244.8910 208.2313 1.3826 1.7131 3.9654 -20.1096 1.6787 36.2997 -4.8085 0.0126
Pedestrian -1 -1 -6.6053 1126.5934 171.8051 1157.3687 241.7596 1.9182 0.5839 0.5300 14.7940 1.8892 20.1434 -5.9794 0.0122
Car -1 -1 -8.2262 898.3209 176.2192 944.2786 200.6383 1.4941 1.5740 3.3839 19.9024 1.7179 46.3353 -7.8232 0.0122
Cyclist -1 -1 -4.2430 1071.3540 168.3711 1110.4451 215.8443 1.7459 0.5885 1.5652 18.0734 1.5808 27.1802 -3.6616 0.0118
Pedestrian -1 -1 -7.2806 1138.4578 178.0644 1177.9335 243.1754 1.7529 0.5778 0.7065 15.0516 1.8990 19.8821 -6.6403 0.0116
Car -1 -1 -2.7343 885.4111 183.1886 958.9169 209.9726 1.4179 1.6943 3.4922 17.8710 2.0381 41.4725 -2.3306 0.0101
Car -1 -1 -6.1377 909.2227 173.1595 990.6531 198.7541 1.5174 1.6758 4.3729 21.0080 1.5369 44.7248 -5.7014 0.0101
Cyclist -1 -1 -6.3964 950.2187 179.9480 990.9229 217.9597 1.7604 0.7214 1.6548 17.0649 2.1031 34.2660 -5.9383 0.0099
Pedestrian -1 -1 -6.8341 1131.0823 173.0558 1165.4952 242.3276 1.9042 0.6121 0.5255 14.9842 1.9096 20.1625 -6.2026 0.0094
Car -1 -1 -6.3235 909.7238 173.1330 994.9656 198.7530 1.5288 1.9603 4.7006 21.1683 1.5465 44.9072 -5.8859 0.0089
Car -1 -1 -6.2541 914.1993 173.8703 976.0067 198.1545 1.4611 1.5183 3.4419 20.8431 1.5262 44.9793 -5.8230 0.0086
Pedestrian -1 -1 -8.8582 1036.5819 175.8636 1059.3485 212.3955 1.6424 0.6379 0.6483 19.9510 1.7813 32.9419 -8.3181 0.0086
Car -1 -1 -6.6688 905.8795 172.0130 990.4436 201.1382 1.7950 1.7967 4.4778 21.2185 1.7428 45.4730 -6.2351 0.0083
Car -1 -1 -7.7500 581.0006 165.3459 605.0921 189.7022 1.8604 1.5640 3.3141 -1.3362 1.2866 56.8272 -7.7737 0.0082
Cyclist -1 -1 -5.5533 951.1856 181.0772 991.1882 219.5690 1.7529 0.6804 1.6569 17.0293 2.1519 34.1372 -5.0946 0.0082
Car -1 -1 -7.9983 880.4514 179.0894 922.8093 206.9604 1.5761 1.7663 4.4233 17.7663 1.9783 44.2147 -7.6190 0.0081
Car -1 -1 -4.6183 899.0884 182.8686 934.4170 209.5781 1.4494 1.6001 3.6005 18.1007 2.0675 42.5916 -4.2195 0.0080
Car -1 -1 -8.1388 921.7820 180.3857 977.5778 212.3195 1.4728 1.5935 3.4406 16.8157 1.8667 35.9543 -7.7049 0.0080
Cyclist -1 -1 -8.4851 953.3195 179.6146 986.2357 218.3976 1.7941 0.6695 1.4576 17.1090 2.1236 34.4250 -8.0279 0.0077
Car -1 -1 -7.9401 920.3483 176.3543 965.7455 208.5243 1.5143 1.7393 3.8245 16.7472 1.7012 36.5113 -7.5136 0.0076
Car -1 -1 -4.5592 809.1929 176.8854 838.8191 197.0454 1.5700 1.7534 3.9751 17.5715 1.9128 59.2328 -4.2725 0.0074
Pedestrian -1 -1 -6.6786 149.9920 176.3160 167.8859 210.7115 1.7078 0.6201 0.5698 -22.7450 1.8838 36.3211 -7.2350 0.0072
Car -1 -1 -8.2094 882.3766 180.0968 938.2828 209.2201 1.6110 1.6154 4.4872 17.9039 2.0682 43.3109 -7.8204 0.0070
Cyclist -1 -1 -8.6380 946.6172 180.0184 987.3468 218.7044 1.7693 0.7198 1.7277 16.8987 2.1186 34.2792 -8.1840 0.0065
Pedestrian -1 -1 -8.6484 1037.6172 173.7861 1062.8762 215.0761 1.8490 0.6815 0.7023 19.9394 1.8916 32.7559 -8.1061 0.0054
Car -1 -1 -6.5313 908.6985 171.6207 981.3576 199.7755 1.7254 1.8192 3.8168 21.0101 1.6495 45.4573 -6.1012 0.0053
Pedestrian -1 -1 -6.3611 1131.2068 176.1743 1161.9136 242.0500 1.7770 0.5781 0.6316 14.7523 1.8703 19.9171 -5.7313 0.0051
Car -1 -1 -4.6862 810.5106 177.3584 833.8937 197.6457 1.5768 1.7435 4.6772 17.5574 1.9646 59.6789 -4.4018 0.0048
Car -1 -1 -8.1307 902.9659 174.0549 945.2951 198.9694 1.5363 1.6145 3.4109 20.1407 1.6163 46.4605 -7.7243 0.0045
Cyclist -1 -1 -5.1482 1033.2693 174.2597 1061.4116 214.4962 1.7975 0.5421 1.4291 19.9606 1.8630 33.0246 -4.6089 0.0043
Cyclist -1 -1 -7.5477 147.5329 181.9986 169.4414 213.2748 1.5162 0.4506 1.6689 -22.7727 1.9876 36.3488 -8.1043 0.0041
Car -1 -1 -4.6170 903.2302 183.4294 943.4037 212.6654 1.5656 1.7928 4.2435 18.4966 2.2231 42.5876 -4.2103 0.0040
Car -1 -1 -4.4378 810.8926 176.3958 845.2977 196.5345 1.5776 1.7424 3.8290 17.9372 1.8788 59.3379 -4.1460 0.0039
Cyclist -1 -1 -5.5173 950.9487 180.4191 989.8895 218.9963 1.7651 0.6801 1.6341 17.0473 2.1332 34.2456 -5.0595 0.0039
Car -1 -1 -4.5440 811.5448 176.1446 838.1233 197.1599 1.6527 1.5608 3.3222 17.6082 1.9306 59.1550 -4.2565 0.0030
Cyclist -1 -1 -7.7147 144.4230 178.8405 159.7294 211.6526 1.5948 0.4117 1.7174 -23.0386 1.9024 36.2527 -8.2777 0.0030
Car -1 -1 -4.0017 503.5838 175.9079 540.7625 190.9568 1.4207 1.5492 3.7622 -8.6224 1.7290 70.9219 -4.1225 0.0029
Car -1 -1 -8.6530 920.3152 172.7921 990.2869 198.5393 1.5018 1.6081 3.8118 21.0218 1.4979 44.1529 -8.2115 0.0026
Pedestrian -1 -1 -4.1547 1218.5046 162.0683 1241.0000 228.3591 1.8350 0.4937 0.3371 17.4264 1.5361 20.2591 -3.4519 0.0025
Car -1 -1 -4.6162 897.9601 179.6805 932.0201 208.3162 1.5848 1.5173 3.8616 18.1613 2.0106 42.9755 -4.2193 0.0024
Cyclist -1 -1 -7.7527 151.3849 178.2351 162.7867 210.6920 1.6091 0.3478 1.4132 -23.0822 1.8879 36.7179 -8.3108 0.0023
Car -1 -1 -4.6045 809.4806 176.8437 834.1509 197.5005 1.6216 1.5900 3.4464 17.3962 1.9596 59.2725 -4.3207 0.0019
Car -1 -1 -4.2552 1010.4004 180.7432 1138.7905 240.9133 1.5388 1.5536 3.8602 13.2202 1.7816 20.5609 -3.6909 0.0018
Pedestrian -1 -1 -7.1835 1018.7876 165.8355 1042.7111 209.4949 1.8031 0.6808 0.5339 17.5716 1.5130 30.2145 -6.6613 0.0018
Car -1 -1 -4.5233 809.9733 175.2095 840.9371 197.3223 1.7261 1.7448 3.7988 17.5760 1.9248 58.8557 -4.2349 0.0016
Car -1 -1 -4.7108 811.1853 175.8101 831.5204 197.5556 1.6862 1.5337 3.7771 17.1119 1.9339 58.5273 -4.4281 0.0013
Car -1 -1 -4.4602 800.2801 175.5726 841.1271 197.6688 1.5853 1.9407 4.4245 16.0004 1.8003 54.7540 -4.1777 0.0012
Car -1 -1 -3.9646 996.6610 177.8789 1146.7599 237.0359 1.6015 1.6615 3.6489 13.3722 1.7565 21.0277 -3.4051 0.0010
Cyclist -1 -1 -7.7399 831.8373 174.0581 841.0617 200.0630 1.7605 0.4136 1.7762 15.6105 1.8449 49.8263 -7.4384 0.0010
Car -1 -1 -8.3576 998.1542 170.0176 1140.1663 230.9179 1.6793 1.7137 4.4077 13.8190 1.6008 22.1387 -7.8061 0.0009
Pedestrian -1 -1 -5.8838 829.8958 172.2025 842.2507 197.6923 1.7329 0.8654 0.5155 15.4946 1.6883 49.5502 -5.5828 0.0009
Car -1 -1 -5.0378 798.4411 175.5700 834.6104 197.9013 1.7454 1.5994 4.1155 16.8111 1.9751 59.0007 -4.7619 0.0005
Pedestrian -1 -1 -3.3716 1202.9877 141.7503 1241.0000 374.0000 2.0206 0.5482 0.4133 5.4146 1.7656 6.2446 -2.6815 0.0004
Pedestrian -1 -1 -7.6644 79.1881 179.0218 98.3952 213.6593 1.6448 0.6761 0.4509 -25.1256 1.9443 34.7325 -8.2872 0.0002
