Car -1 -1 -4.3168 34.0350 184.0520 462.9303 374.0000 1.5296 1.7629 4.4978 -2.8273 1.6707 6.8524 -4.6958 0.9999
Car -1 -1 -8.0882 695.3884 177.6973 831.5181 271.7539 1.5510 1.6636 3.9223 2.7641 1.6587 14.1006 -7.8996 0.9996
Car -1 -1 -8.0184 664.7671 180.4519 747.2892 238.7024 1.4172 1.6159 3.9138 2.5104 1.6491 20.0631 -7.8966 0.9995
Car -1 -1 -2.9148 428.2240 175.3178 493.7307 202.3865 1.5566 1.4671 3.5316 -8.7640 1.7038 42.4099 -3.1177 0.9901
Car -1 -1 -4.8242 663.3272 169.1245 691.3056 193.0245 1.7802 1.7189 3.8754 5.1310 1.5021 55.6977 -4.7332 0.9736
Car -1 -1 -8.2960 774.9242 109.8043 1241.0000 374.0000 1.9949 1.8058 4.9480 3.0524 1.6188 6.8070 -7.8918 0.9263
Car -1 -1 -4.7857 665.2715 169.1994 691.4242 192.7902 1.7538 1.7089 4.0111 5.2077 1.4818 55.6609 -4.6933 0.7699
Car -1 -1 -4.8287 664.3136 168.8335 692.4798 192.9863 1.7986 1.6942 4.0974 5.2219 1.4989 55.8008 -4.7362 0.7567
Car -1 -1 -2.9316 421.9771 173.6782 494.1778 201.5343 1.6093 1.5217 3.9307 -8.9464 1.6584 42.4972 -3.1382 0.6830
Car -1 -1 -4.8560 661.4655 169.4188 691.4540 193.0019 1.7519 1.7334 4.0383 5.0580 1.4964 55.6641 -4.7663 0.6537
Car -1 -1 -4.8276 663.2321 169.6304 691.2585 192.9127 1.7204 1.6729 4.0866 5.0937 1.4819 55.3811 -4.7367 0.6220
Car -1 -1 -2.9264 424.3853 175.2620 492.9837 203.2376 1.6070 1.4651 3.7115 -8.8786 1.7505 42.3261 -3.1323 0.6046
Car -1 -1 -2.8426 430.0156 175.7291 496.1825 202.3535 1.5267 1.5935 3.5102 -8.6704 1.6998 42.5487 -3.0428 0.5593
Car -1 -1 -4.8279 565.3677 175.3728 591.4017 195.2464 1.5059 1.5921 4.1723 -2.5776 1.7136 57.4135 -4.8729 0.4688
Car -1 -1 -4.9731 558.3201 174.9709 591.0859 195.1753 1.5288 1.5813 4.1218 -2.8674 1.7029 57.2610 -5.0233 0.4144
Car -1 -1 -4.9045 562.4451 175.1721 591.6252 195.1453 1.5006 1.6010 3.7291 -2.6497 1.6888 56.6762 -4.9514 0.3597
Cyclist -1 -1 -5.3015 0.0000 168.4077 140.4314 333.7381 1.7207 0.4931 1.6354 -6.0991 1.6742 8.0197 -5.9360 0.3517
Car -1 -1 -4.5817 567.5748 174.6684 595.1856 193.9078 1.4661 1.6475 4.4076 -2.2743 1.6165 57.6808 -4.6213 0.3251
Car -1 -1 -8.3019 805.9958 126.6826 1241.0000 374.0000 1.8638 1.7068 4.2283 3.1381 1.5886 6.4207 -7.8664 0.3169
Car -1 -1 -4.5518 564.7592 174.9000 593.2048 193.7477 1.4525 1.6588 4.1120 -2.4907 1.6234 58.2102 -4.5947 0.3151
Car -1 -1 -4.8946 559.9061 174.2432 590.9807 194.3544 1.5295 1.7008 4.3824 -2.8238 1.6445 57.5245 -4.9438 0.3015
Car -1 -1 -4.9991 559.0461 174.5939 593.4038 194.9918 1.5227 1.6467 3.8655 -2.7010 1.6633 56.3172 -5.0472 0.2915
Car -1 -1 -4.4816 569.2567 174.7703 600.7163 193.7485 1.4507 1.6117 4.1606 -1.9894 1.6097 57.7957 -4.5162 0.2730
Car -1 -1 -5.0725 554.5381 175.0602 589.7136 194.9455 1.4957 1.5787 3.6246 -3.0358 1.6748 56.6870 -5.1261 0.2402
Car -1 -1 -4.7037 570.5045 175.1884 590.6660 194.9045 1.4983 1.5451 4.0272 -2.3492 1.6901 57.3511 -4.7448 0.2382
Pedestrian -1 -1 -7.9498 531.8751 174.9847 541.9750 201.5545 1.6457 0.5512 0.8393 -4.6180 1.7804 45.2317 -8.0514 0.2334
Pedestrian -1 -1 -7.7888 532.0450 175.8188 541.4761 202.5672 1.6637 0.5425 0.7576 -4.6355 1.8514 45.3535 -7.8906 0.2068
Car -1 -1 -5.0191 554.3990 175.0348 589.8078 195.1358 1.5194 1.6374 4.0963 -3.0726 1.6987 57.2223 -5.0729 0.2027
Car -1 -1 -4.7790 569.0661 175.1443 593.2068 194.8779 1.4796 1.6245 3.9962 -2.3256 1.6657 56.6536 -4.8202 0.2000
Cyclist -1 -1 -8.2857 456.0766 173.3194 485.1481 214.2905 1.8210 0.6312 1.7449 -6.4240 1.8425 32.9817 -8.4771 0.1966
Car -1 -1 -3.9564 561.0146 174.9067 613.2000 194.7710 1.5108 1.7359 4.2175 -1.8143 1.6801 57.4762 -3.9882 0.1892
Car -1 -1 -4.3790 564.1922 174.8932 600.3435 193.4750 1.4329 1.6557 4.1528 -2.2257 1.6038 58.3558 -4.4173 0.1706
Pedestrian -1 -1 -2.2163 463.4189 174.3856 485.4991 213.9053 1.7765 0.6372 0.8025 -6.2379 1.8473 32.9800 -2.4023 0.1670
Pedestrian -1 -1 -2.4430 463.1201 175.0939 485.3368 214.5227 1.7632 0.6637 0.7385 -6.2105 1.8661 32.7896 -2.6292 0.1158
Cyclist -1 -1 -8.1013 461.6315 173.0344 484.3168 214.3540 1.8325 0.6315 1.6423 -6.2969 1.8406 32.8852 -8.2895 0.1085
Cyclist -1 -1 -2.4323 454.2157 173.8958 492.9668 213.7780 1.7807 0.6460 1.7376 -6.2787 1.8291 32.9670 -2.6195 0.1075
Cyclist -1 -1 -8.2326 461.0160 173.9370 487.1973 213.8739 1.7733 0.6057 1.6520 -6.2565 1.8238 32.9447 -8.4193 0.0928
Cyclist -1 -1 -2.4292 452.8503 172.3254 491.7707 213.1353 1.8150 0.7136 1.6810 -6.3080 1.7912 32.8196 -2.6181 0.0788
Cyclist -1 -1 -2.5648 455.5850 173.7559 495.5700 213.6190 1.7869 0.6389 1.7287 -6.1903 1.8286 32.9969 -2.7493 0.0692
Cyclist -1 -1 -2.4392 448.4672 174.1604 488.0512 214.0374 1.7822 0.6672 1.7633 -6.5313 1.8430 33.0147 -2.6334 0.0611
Pedestrian -1 -1 -2.7464 469.7102 176.3642 489.5771 214.8992 1.7250 0.6650 0.6851 -5.9590 1.8860 32.7696 -2.9254 0.0512
Car -1 -1 -4.4435 567.9589 175.1223 600.6736 195.0911 1.5091 1.5543 4.1263 -2.0223 1.6955 57.2119 -4.4791 0.0504
Car -1 -1 -2.8077 555.7370 175.7448 605.1720 193.3635 1.3644 1.5253 3.6406 -2.3762 1.5996 57.5418 -2.8491 0.0360
Car -1 -1 -3.7531 559.2885 175.4063 613.0714 195.4748 1.5184 1.5794 4.0727 -1.8844 1.7260 56.9185 -3.7864 0.0335
Cyclist -1 -1 -8.0920 455.9108 171.8903 480.1825 214.0156 1.8657 0.7028 1.6994 -6.5205 1.8228 32.8758 -8.2867 0.0286
Car -1 -1 -4.5246 569.1974 174.4106 599.5333 194.4078 1.4993 1.6292 4.1855 -1.9987 1.6259 56.6322 -4.5601 0.0266
Car -1 -1 -3.5029 563.6373 175.9287 614.6584 194.1910 1.4012 1.6354 3.7127 -1.6853 1.6514 57.3171 -3.5325 0.0252
Car -1 -1 -3.9822 563.2182 174.8981 615.4274 195.1959 1.5362 1.6756 4.3382 -1.6274 1.7043 57.2482 -4.0109 0.0240
Cyclist -1 -1 -2.5958 447.5074 173.6731 489.6611 214.0525 1.7957 0.7707 1.7303 -6.4638 1.8334 32.7741 -2.7894 0.0220
Car -1 -1 -4.2711 567.3127 175.1383 609.3091 195.6561 1.5424 1.6114 4.3676 -1.6943 1.7302 57.0830 -4.3010 0.0193
Cyclist -1 -1 -7.5973 461.4040 173.2342 482.9321 213.0720 1.7568 0.5523 1.6724 -6.2742 1.7741 32.6878 -7.7859 0.0165
Car -1 -1 -6.7417 0.0000 183.8511 65.2069 374.0000 1.6084 1.5778 3.6289 -3.8487 1.6677 2.0348 -7.7711 0.0150
Car -1 -1 -3.4543 563.7981 175.2486 612.5629 192.7202 1.3527 1.6090 3.5683 -1.7740 1.5481 57.5952 -3.4853 0.0145
Cyclist -1 -1 -2.7712 441.4347 175.3684 479.9678 213.9851 1.7219 0.7075 1.5608 -6.8052 1.8372 32.7127 -2.9751 0.0124
Car -1 -1 -4.3981 424.5906 177.8466 488.9499 215.5249 1.5341 1.6642 3.8742 -6.7411 1.7687 31.9279 -4.6049 0.0110
Car -1 -1 -5.3132 571.4049 176.5118 613.8000 197.8277 1.5047 1.4986 3.3494 -1.3428 1.7839 53.3451 -5.3387 0.0106
Car -1 -1 -4.2793 413.5921 177.6678 493.5025 218.2496 1.6341 1.7891 4.3441 -6.8576 1.8622 31.9199 -4.4897 0.0099
Car -1 -1 -6.7528 0.0000 184.0405 0.0000 374.0000 1.5674 1.5661 3.6187 -4.2384 1.6281 2.0945 -7.8129 0.0087
Car -1 -1 -4.4272 434.6978 178.1651 491.0471 214.3044 1.4820 1.4989 3.5720 -6.4957 1.7307 31.9751 -4.6265 0.0082
Car -1 -1 -3.7943 560.3568 175.5376 615.7843 195.5348 1.5010 1.5229 4.3111 -1.7193 1.7186 56.6356 -3.8249 0.0078
Car -1 -1 -2.5946 420.3145 177.4054 497.7115 210.7860 1.4859 1.5817 3.1855 -7.0917 1.7066 33.7459 -2.8006 0.0073
Pedestrian -1 -1 -5.5213 0.0000 134.2789 63.3624 374.0000 2.1355 0.6013 0.7193 -5.3455 1.8210 6.2029 -6.2117 0.0068
Car -1 -1 -2.4814 415.3276 176.8345 490.4490 211.3330 1.4911 1.5481 3.0288 -7.1924 1.6794 32.8488 -2.6957 0.0061
Car -1 -1 -3.8651 561.6444 175.2822 615.8832 195.4144 1.5178 1.5745 4.3199 -1.6694 1.7160 56.9438 -3.8947 0.0056
Car -1 -1 -3.4044 562.3154 174.5968 609.4714 192.3751 1.3886 1.5408 3.4978 -1.9670 1.5311 57.8504 -3.4385 0.0055
Pedestrian -1 -1 -5.9121 227.1990 160.3078 267.2415 267.8634 1.6598 0.4989 0.4109 -5.7804 1.4659 11.4017 -6.3724 0.0048
Car -1 -1 -5.6451 0.0000 0.0000 1241.0000 374.0000 1.4703 1.6000 3.7123 4.7355 1.4224 1.8852 -4.5057 0.0047
Car -1 -1 -8.9301 0.0000 0.0000 1241.0000 374.0000 1.5931 1.6092 3.5574 3.4703 1.5377 1.1835 -7.7623 0.0041
Car -1 -1 -8.9797 0.0000 0.0000 1241.0000 374.0000 1.5400 1.6104 3.5422 4.2006 1.4700 1.2991 -7.7714 0.0041
Car -1 -1 -8.9488 0.0000 0.0000 1241.0000 374.0000 1.5847 1.6331 3.5895 3.8350 1.5290 1.2170 -7.7537 0.0038
Car -1 -1 -4.2856 407.8883 177.8499 489.3847 216.3446 1.5228 1.8636 4.2452 -6.9596 1.7557 31.4031 -4.5024 0.0037
Car -1 -1 -2.5550 420.2109 176.7459 494.7163 211.2249 1.5194 1.5739 3.0025 -7.0878 1.7060 33.3726 -2.7631 0.0035
Car -1 -1 -8.9094 0.0000 0.0000 1241.0000 374.0000 1.5601 1.5777 3.4937 3.0773 1.5416 1.1715 -7.7838 0.0034
Car -1 -1 -8.8497 0.0000 0.0000 1241.0000 374.0000 1.5535 1.5911 3.5098 2.7017 1.5304 1.1683 -7.7759 0.0031
Car -1 -1 -7.6120 1239.1849 84.5179 1241.0000 374.0000 1.4934 1.7515 4.0197 4.3811 1.3802 2.3572 -6.5858 0.0031
Car -1 -1 -7.5532 1241.0000 78.2378 1241.0000 374.0000 1.5191 1.6657 3.8845 4.7940 1.3673 2.3684 -6.4895 0.0031
Car -1 -1 -7.3567 1166.3950 68.8112 1241.0000 374.0000 1.5613 1.6746 3.9252 3.8202 1.4563 1.6243 -6.2517 0.0030
Car -1 -1 -7.4961 1241.0000 57.8420 1241.0000 374.0000 1.5332 1.6811 4.0129 5.2303 1.3598 2.0527 -6.3470 0.0030
Car -1 -1 -6.7740 0.0000 0.0000 1241.0000 374.0000 1.5490 1.5702 3.4955 -2.2421 1.5811 1.1569 -7.7750 0.0030
Car -1 -1 -7.4265 1113.3628 103.1676 1241.0000 374.0000 1.5363 1.6859 3.9572 3.8085 1.4473 1.9739 -6.3934 0.0030
Car -1 -1 -8.7862 0.0000 0.0000 1241.0000 374.0000 1.5516 1.5848 3.5212 2.3042 1.5422 1.1344 -7.7718 0.0030
Car -1 -1 -7.4423 1241.0000 89.0093 1241.0000 374.0000 1.5302 1.6764 3.9371 4.5421 1.4054 2.0286 -6.3444 0.0030
Car -1 -1 -9.0132 0.0000 0.0000 1241.0000 374.0000 1.5124 1.5932 3.5487 4.5854 1.4556 1.3031 -7.7775 0.0030
Car -1 -1 -6.6652 0.0000 0.0000 1241.0000 374.0000 1.5528 1.5759 3.5214 -3.0507 1.5952 1.2349 -7.7747 0.0030
Car -1 -1 -6.7194 0.0000 0.0000 1241.0000 374.0000 1.5414 1.5767 3.5173 -2.6500 1.5801 1.2182 -7.7755 0.0030
Car -1 -1 -7.4335 1241.0000 51.7839 1241.0000 374.0000 1.5483 1.6788 3.9690 4.5311 1.4012 1.7187 -6.2809 0.0030
Car -1 -1 -9.0849 0.0000 0.0000 1241.0000 374.0000 1.5451 1.6242 3.6909 4.9774 1.4154 1.1081 -7.7884 0.0030
Car -1 -1 -6.5511 0.0000 0.0000 1241.0000 374.0000 1.5512 1.6056 3.6057 -4.5500 1.6682 1.3816 -7.7711 0.0030
Car -1 -1 -6.6042 0.0000 0.0000 1241.0000 374.0000 1.5465 1.5866 3.5669 -3.7995 1.6171 1.3357 -7.7724 0.0030
Car -1 -1 -6.5834 0.0000 0.0000 1241.0000 374.0000 1.5599 1.5985 3.6029 -4.1789 1.6695 1.3978 -7.7718 0.0030
Car -1 -1 -6.6402 0.0000 0.0000 1241.0000 374.0000 1.5450 1.5830 3.5521 -3.4302 1.6084 1.3226 -7.7735 0.0030
Car -1 -1 -2.3422 412.1233 176.5267 492.7482 215.3390 1.6743 1.6960 3.4371 -7.2823 1.8509 33.0946 -2.5576 0.0025
Car -1 -1 -4.5937 713.8994 168.1201 744.9214 192.1581 1.6000 1.6886 3.8436 8.2955 1.2846 50.1069 -4.4309 0.0022
Car -1 -1 -4.4250 426.3648 177.6933 487.9386 213.6967 1.4480 1.6910 3.4856 -6.6043 1.6698 31.3095 -4.6316 0.0018
Pedestrian -1 -1 -3.2177 182.2395 179.6255 209.7405 265.6796 1.4196 0.4702 0.3726 -7.0845 1.5370 12.2486 -3.7330 0.0013
Car -1 -1 -4.3841 414.6497 178.6945 487.1976 217.4390 1.5195 1.8064 4.1480 -6.8044 1.7886 31.1138 -4.5981 0.0013
Car -1 -1 -8.0287 653.0659 170.4707 676.7615 190.4100 1.7151 1.5232 3.3551 4.8071 1.5098 63.8106 -7.9542 0.0012
Pedestrian -1 -1 -2.9324 155.8862 174.9861 193.3310 284.5735 1.7984 0.5713 0.4298 -7.4038 1.8351 12.1936 -3.4688 0.0012
Car -1 -1 -7.8893 657.2354 170.4036 676.1053 189.6765 1.6592 1.5283 3.8320 4.9830 1.4479 64.0623 -7.8123 0.0012
Car -1 -1 -6.0094 432.1464 165.8006 496.0037 195.5283 1.9765 1.9243 3.8819 -9.9216 1.5072 49.0772 -6.2082 0.0008
