Car -1 -1 -4.4162 246.5196 188.9062 455.8200 336.0247 1.6133 1.6751 3.8494 -3.4613 1.8848 10.2787 -4.7343 0.9999
Car -1 -1 -4.5492 462.1571 187.5241 525.7430 230.7753 1.3942 1.6409 4.4340 -4.2889 1.9877 26.9877 -4.7059 0.9993
Car -1 -1 -4.6206 487.3797 177.1972 529.9840 214.9054 1.7133 1.6922 4.1759 -4.9484 1.9389 35.3981 -4.7590 0.9715
Car -1 -1 -7.1429 0.0000 199.4799 232.6853 374.0000 1.5879 1.6052 3.6842 -3.6336 1.7891 3.5837 -7.8986 0.9242
Car -1 -1 -4.5988 486.6278 177.5798 530.7972 215.7498 1.7341 1.6848 4.1411 -4.9443 1.9793 35.3883 -4.7371 0.8599
Car -1 -1 -4.5548 461.4419 186.0778 524.3510 230.9672 1.4629 1.6537 4.3211 -4.3252 1.9961 26.9490 -4.7131 0.8349
Car -1 -1 -4.6219 489.8830 177.4522 531.3804 215.5242 1.7288 1.6436 4.1920 -4.8558 1.9677 35.4098 -4.7577 0.7700
Car -1 -1 -4.7156 528.9650 175.4729 551.5856 198.5211 1.5909 1.5710 3.9018 -5.0900 1.7877 52.2833 -4.8125 0.7664
Car -1 -1 -4.6031 489.0332 178.2663 531.9869 215.3726 1.6688 1.6278 4.1627 -4.8269 1.9480 35.1648 -4.7391 0.7313
Car -1 -1 -3.8851 0.0000 199.4140 236.0560 374.0000 1.5803 1.6662 4.1810 -3.6669 1.7757 3.2112 -4.6958 0.7301
Car -1 -1 -7.0609 0.0000 195.3139 244.2084 374.0000 1.6250 1.6745 3.8520 -3.7222 1.7966 3.5771 -7.8295 0.7033
Car -1 -1 -3.9761 0.0000 204.0315 241.6107 374.0000 1.5484 1.6095 4.0444 -3.5730 1.7835 3.3988 -4.7479 0.6894
Car -1 -1 -4.7986 525.0568 175.9997 551.3125 198.7299 1.5601 1.5597 3.7879 -5.2455 1.7956 52.0829 -4.8988 0.6480
Car -1 -1 -4.6149 529.1539 175.5487 555.8974 198.6382 1.5949 1.5598 3.8724 -4.8790 1.7969 52.2328 -4.7080 0.6379
Car -1 -1 -7.1787 0.0000 202.7697 239.4677 374.0000 1.5481 1.5181 3.4331 -3.5725 1.7769 3.7752 -7.9019 0.6379
Car -1 -1 -4.7052 528.4200 176.2214 552.0900 198.6960 1.5362 1.6316 3.6985 -5.0253 1.7866 51.8070 -4.8018 0.6330
Car -1 -1 -4.7915 524.8046 175.5279 552.2888 198.3355 1.5728 1.6621 4.0962 -5.2575 1.7748 52.4273 -4.8913 0.6063
Car -1 -1 -4.5509 464.1433 188.0381 529.0494 230.7198 1.3628 1.6917 4.3683 -4.1582 1.9723 26.7882 -4.7040 0.5877
Pedestrian -1 -1 -5.5898 314.1835 177.5185 333.6418 226.7814 1.7951 0.5259 0.4323 -10.6181 1.9693 26.6703 -5.9657 0.5761
Car -1 -1 -4.5957 485.9780 178.8513 530.5555 215.3774 1.6254 1.6492 4.2926 -4.9064 1.9339 34.9829 -4.7345 0.5668
Car -1 -1 -7.7746 488.3152 177.9712 530.9909 214.4677 1.6720 1.7688 4.1852 -4.9553 1.9407 35.7958 -7.9117 0.5656
Car -1 -1 -4.5247 478.7704 178.8067 530.8021 215.7228 1.6434 1.7194 4.3245 -5.0721 1.9503 35.0287 -4.6680 0.5189
Car -1 -1 -7.7876 486.2851 179.0230 527.8507 215.4360 1.6622 1.7668 4.2042 -5.0897 1.9868 35.8318 -7.9282 0.4209
Car -1 -1 -4.6686 530.5030 176.0903 555.9374 198.9678 1.5547 1.6419 3.9649 -4.7731 1.7950 51.6255 -4.7607 0.4091
Car -1 -1 -4.8738 519.5565 176.3314 551.3137 198.8407 1.5428 1.6466 4.1003 -5.4767 1.8053 52.3280 -4.9780 0.3502
Pedestrian -1 -1 -4.7161 692.7850 172.6549 712.9943 229.1562 1.8828 0.6690 0.9535 3.1096 1.8759 24.5572 -4.5924 0.3447
Car -1 -1 -4.8247 527.7588 176.5063 558.0823 199.8997 1.5630 1.6686 4.2394 -4.8269 1.8331 51.1570 -4.9187 0.2342
Car -1 -1 -4.8214 522.6259 176.9333 551.7012 199.6393 1.5320 1.6533 3.7959 -5.2575 1.8340 51.4419 -4.9231 0.2055
Car -1 -1 -4.5048 530.3787 176.1223 563.1298 198.8682 1.5623 1.5684 4.0231 -4.5670 1.8081 52.2499 -4.5920 0.2048
Car -1 -1 -4.9093 517.8407 176.5726 550.2847 199.1975 1.5448 1.5816 3.9444 -5.5484 1.8238 52.0793 -5.0153 0.1981
Car -1 -1 -5.0242 510.2070 176.9837 549.4277 199.4850 1.5341 1.6129 4.1775 -5.8795 1.8457 52.2509 -5.1361 0.1372
Car -1 -1 -4.4661 530.7800 176.1879 565.6765 199.3158 1.5741 1.5418 4.1278 -4.4268 1.8236 51.8926 -4.5512 0.1252
Pedestrian -1 -1 -5.3576 309.8569 177.4076 333.2236 226.4836 1.7674 0.6050 0.5192 -10.6190 1.9365 26.4518 -5.7363 0.1229
Cyclist -1 -1 -5.9576 301.2117 176.9366 348.7375 224.9487 1.7517 0.5472 1.5413 -10.5785 1.9042 26.6892 -6.3320 0.0995
Car -1 -1 -4.9252 517.5190 176.5600 555.5285 199.9953 1.5666 1.8599 4.0529 -5.2828 1.8404 51.1495 -5.0280 0.0811
Car -1 -1 -4.8578 524.8830 176.2878 557.2244 200.3558 1.5863 1.6732 4.0225 -4.8793 1.8357 50.3233 -4.9544 0.0625
Car -1 -1 -5.0560 510.6838 176.2737 553.4015 199.6997 1.5726 1.7618 4.0169 -5.6122 1.8257 51.2686 -5.1649 0.0614
Pedestrian -1 -1 -7.8725 355.6130 184.3495 376.5903 232.8491 1.7587 0.7263 0.5071 -9.0720 2.1895 26.6975 -8.1976 0.0609
Car -1 -1 -4.1639 497.1419 177.9074 548.5195 202.0513 1.5208 1.5243 4.0857 -5.8410 1.8756 48.5333 -4.2835 0.0480
Car -1 -1 -4.9793 525.0341 176.2207 563.0009 200.1139 1.5686 1.6027 4.0824 -4.6633 1.8127 50.1809 -5.0719 0.0444
Pedestrian -1 -1 -5.9648 791.6612 170.9124 810.4371 221.5718 1.7120 0.6010 0.4603 6.5107 1.6460 24.7605 -5.7112 0.0414
Car -1 -1 -2.6987 462.0350 179.8016 546.6384 214.2167 1.5955 1.5382 3.7986 -5.1942 1.9472 35.2636 -2.8444 0.0397
Car -1 -1 -5.0690 507.2384 176.4401 548.2942 199.3463 1.5591 1.6079 4.0854 -5.9960 1.8280 51.9800 -5.1837 0.0316
Pedestrian -1 -1 -7.8596 394.2399 173.4813 407.6114 208.0237 1.7090 0.6374 0.5253 -10.4876 1.7403 36.0529 -8.1411 0.0293
Car -1 -1 -5.1422 525.3701 176.1624 572.0171 200.4811 1.5906 1.5985 4.2324 -4.3298 1.8300 50.0369 -5.2285 0.0248
Car -1 -1 -4.6251 517.2285 175.7368 549.6879 200.5994 1.6293 1.8652 4.3345 -5.2837 1.8373 49.9724 -4.7303 0.0248
Car -1 -1 -4.2528 504.7810 176.6713 553.5301 201.7231 1.5942 1.5883 4.1828 -5.4467 1.8641 48.8337 -4.3637 0.0232
Car -1 -1 -4.5716 520.8797 175.7208 552.7975 200.0602 1.5919 1.6257 4.1548 -5.0358 1.7978 49.7965 -4.6723 0.0205
Pedestrian -1 -1 -5.6333 787.2209 173.2055 808.2841 222.8306 1.6788 0.5832 0.4370 6.3979 1.6908 24.7675 -5.3841 0.0190
Pedestrian -1 -1 -7.9890 395.1018 176.5266 411.4324 209.5154 1.6283 0.7262 0.4842 -10.3736 1.8134 36.0629 -8.2675 0.0171
Car -1 -1 -4.1152 495.0866 175.9049 550.9197 201.4346 1.6345 1.6156 4.3226 -5.8844 1.8512 49.0337 -4.2344 0.0165
Car -1 -1 -4.6048 521.3180 176.7289 551.5982 201.1194 1.5545 1.5889 4.2756 -4.9626 1.8278 48.8104 -4.7060 0.0163
Car -1 -1 -6.4088 688.5311 168.7226 783.5890 208.3639 1.7657 1.8235 4.0962 5.6815 1.5814 33.1357 -6.2410 0.0153
Pedestrian -1 -1 -5.7240 19.6404 181.1426 49.9406 248.5301 1.5977 0.5529 0.3291 -13.9735 1.8014 17.4714 -6.3913 0.0142
Car -1 -1 -4.0963 490.9843 176.8467 546.1726 201.1947 1.5557 1.5464 4.2605 -6.1930 1.8394 49.0809 -4.2215 0.0142
Pedestrian -1 -1 -7.8110 394.0330 172.5390 408.6979 206.3717 1.6785 0.6833 0.5356 -10.4860 1.6626 36.1380 -8.0918 0.0135
Car -1 -1 -4.7229 533.6009 174.9342 553.9977 194.5194 1.5138 1.5849 4.0315 -5.3982 1.6875 58.2979 -4.8151 0.0110
Pedestrian -1 -1 -4.3119 912.5577 167.5121 969.1240 267.9963 1.6265 0.6958 0.5838 5.5063 1.5398 12.1329 -3.8958 0.0109
Cyclist -1 -1 -8.0759 944.9330 158.4399 1007.4850 262.2504 1.5633 0.5132 1.7334 5.8786 1.3459 11.7679 -7.6232 0.0083
Cyclist -1 -1 -7.9360 298.2697 181.2028 316.4360 223.3214 1.5777 0.5211 1.6834 -11.8972 1.9141 28.2381 -8.3317 0.0073
Pedestrian -1 -1 -7.8386 174.9875 178.9864 201.0425 238.8715 1.6331 0.6177 0.6375 -11.8520 1.8081 20.1933 -8.3639 0.0066
Pedestrian -1 -1 -4.0098 926.3229 162.3077 981.1971 259.7041 1.5811 0.6434 0.5270 5.7110 1.4096 12.1164 -3.5793 0.0063
Car -1 -1 -4.2202 504.0386 175.0588 555.7772 200.5901 1.6543 1.7524 4.1836 -5.4589 1.8119 49.4116 -4.3300 0.0063
Car -1 -1 -4.6661 647.1562 177.2593 674.7078 200.0415 1.3197 1.5212 4.1350 3.1626 1.6058 44.7653 -4.5965 0.0056
Car -1 -1 -4.2191 490.9553 177.3829 551.8269 206.0044 1.6372 1.7362 4.6427 -5.4263 1.9320 44.5358 -4.3401 0.0046
Pedestrian -1 -1 -7.4762 0.0000 193.4460 100.5554 345.2913 1.6047 0.7402 0.5505 -6.3077 1.8456 8.0875 -8.1229 0.0042
Cyclist -1 -1 -2.6795 386.4716 168.6538 419.6046 205.1545 1.8084 0.7666 1.4062 -10.4330 1.6000 36.2532 -2.9581 0.0038
Car -1 -1 -6.1812 648.4018 176.7146 718.5252 202.2790 1.4042 1.4849 3.8429 4.1621 1.6296 41.0801 -6.0814 0.0036
Car -1 -1 -4.2644 0.0000 183.9973 47.5110 349.1482 1.5993 1.6435 3.8319 -9.1498 1.7754 9.3433 -5.0251 0.0036
Cyclist -1 -1 -4.6502 174.9489 172.2966 201.8695 235.8542 1.7134 0.5591 1.4181 -11.8443 1.6980 20.2101 -5.1748 0.0036
Cyclist -1 -1 -7.7549 0.0000 173.4908 37.7186 308.3609 1.7892 0.4384 1.6771 -8.6757 1.7988 10.4002 -8.4377 0.0032
Car -1 -1 -5.9540 647.4510 176.7544 721.6181 203.6008 1.4456 1.4702 3.9024 4.1662 1.6737 40.7643 -5.8534 0.0031
Car -1 -1 -4.2327 0.0000 184.7555 49.9776 362.0777 1.5737 1.6112 4.2334 -8.9354 1.7586 8.9654 -5.0015 0.0030
Car -1 -1 -6.6125 645.2169 174.5287 719.7932 200.0286 1.4290 1.5461 4.0144 4.1493 1.5285 41.8066 -6.5147 0.0025
Pedestrian -1 -1 -7.6254 0.0000 186.9814 91.3407 344.4247 1.6229 0.7929 0.5396 -6.2943 1.7857 7.9206 -8.2809 0.0024
Car -1 -1 -4.2132 0.0000 178.0422 27.8969 374.0000 1.5712 1.7539 4.8250 -8.8470 1.6483 8.2023 -5.0201 0.0022
Cyclist -1 -1 -2.5754 382.3996 166.6393 421.0818 205.3478 1.9023 0.8027 1.6924 -10.4507 1.5965 36.0823 -2.8557 0.0022
Cyclist -1 -1 -7.7769 0.0000 173.5261 27.4313 308.7037 1.7764 0.4584 1.4521 -8.6584 1.7863 10.2148 -8.4673 0.0022
Car -1 -1 -7.5697 0.0000 185.9086 34.2344 336.8667 1.5743 1.5634 3.7373 -9.4276 1.7896 9.8955 -8.3175 0.0022
Car -1 -1 -2.0986 0.0000 169.0919 8.3687 295.4105 1.4799 1.5789 3.9256 -10.4778 1.4356 9.6723 -2.9101 0.0021
Car -1 -1 -6.3973 647.8907 175.4408 719.9951 200.0107 1.3782 1.4958 3.9687 4.1714 1.5292 41.4148 -6.2981 0.0020
Car -1 -1 -4.3131 0.0000 181.0260 45.5192 374.0000 1.6062 1.7049 4.6960 -8.6105 1.7307 8.5250 -5.0878 0.0019
Car -1 -1 -7.8897 646.8783 176.3855 676.2616 204.8124 1.5728 1.5750 3.5943 2.9424 1.7880 42.1972 -7.8210 0.0019
Pedestrian -1 -1 -7.7269 157.8315 181.8755 195.3229 244.2476 1.5966 0.7824 0.5387 -11.4466 1.8387 18.9889 -8.2635 0.0018
Cyclist -1 -1 -2.8523 376.7787 163.9128 417.7268 204.4503 1.9994 0.8112 1.8032 -10.6423 1.5581 35.9960 -3.1381 0.0018
Car -1 -1 -7.8605 649.6372 175.5704 678.1178 203.3252 1.5383 1.5926 4.1452 3.1186 1.7061 42.5275 -7.7883 0.0017
Car -1 -1 -3.9918 0.0000 179.3657 41.9182 374.0000 1.6012 1.7183 4.5530 -9.1830 1.6981 8.4260 -4.8043 0.0016
Car -1 -1 -7.8438 458.0501 177.4193 486.2884 201.8397 1.4157 1.6439 3.9580 -8.5514 1.7115 44.7052 -8.0321 0.0015
Car -1 -1 -2.4100 0.0000 168.2130 28.0520 298.6449 1.5066 1.6715 4.1584 -10.4247 1.4527 9.3600 -3.2349 0.0015
Car -1 -1 -7.9141 462.5733 177.5038 492.2434 201.6423 1.4051 1.5865 3.6736 -8.2882 1.7058 44.7350 -8.0967 0.0014
Car -1 -1 -7.9376 643.1150 174.2405 678.7211 203.1521 1.6139 1.7330 4.2724 2.9202 1.6997 42.6343 -7.8701 0.0013
Car -1 -1 -7.8914 467.8333 176.9520 495.9091 202.6389 1.5016 1.5750 3.5965 -8.0066 1.7662 44.7175 -8.0680 0.0013
Car -1 -1 -3.6795 0.0000 185.8594 42.5965 374.0000 1.5484 1.6742 4.4725 -9.5044 1.7417 8.3807 -4.5117 0.0012
Car -1 -1 -2.6503 0.0000 158.5386 20.0234 308.5620 1.5499 1.7126 4.2983 -10.3985 1.4017 8.9980 -3.4929 0.0012
Car -1 -1 -5.9625 339.3862 162.4207 422.2846 193.9529 1.8992 2.0743 4.4490 -14.1200 1.2705 44.5291 -6.2681 0.0010
Car -1 -1 -2.5214 0.0000 176.0737 24.5726 322.9820 1.5943 1.7073 3.8765 -10.1741 1.6402 9.1155 -3.3470 0.0010
Pedestrian -1 -1 -7.4863 775.5649 173.9587 805.6588 230.7270 1.6807 0.6809 0.7003 5.4256 1.7146 21.8624 -7.2470 0.0009
Car -1 -1 -1.9385 0.0000 181.4565 21.2880 315.5339 1.4723 1.6127 3.6476 -9.8728 1.6040 9.5887 -2.7246 0.0008
Pedestrian -1 -1 -7.4200 769.0604 172.1037 799.1399 230.1437 1.7222 0.6759 0.6543 5.2306 1.6996 21.8755 -7.1890 0.0006
Cyclist -1 -1 -7.6885 776.4342 173.4440 805.6334 229.7666 1.6408 0.6153 1.5837 5.4548 1.6591 21.8865 -7.4482 0.0005
