Car -1 -1 -5.8384 190.6208 181.2001 330.7305 227.0797 1.6321 1.7410 4.3732 -12.9645 1.9526 26.8591 -6.2846 0.9990
Car -1 -1 -4.6892 323.9408 187.8671 418.0169 271.0142 1.4261 1.6583 3.9949 -5.0471 1.7890 15.3038 -5.0033 0.9985
Car -1 -1 -3.6366 622.3188 175.3525 719.7372 206.0462 1.5044 1.7307 4.7861 3.1355 1.6397 37.4034 -3.5541 0.9889
Car -1 -1 -4.0054 0.0000 215.0830 201.5266 374.0000 1.4191 1.5223 3.5132 -3.5100 1.7123 3.2008 -4.7959 0.9698
Car -1 -1 -3.7262 482.7066 179.1886 577.2960 213.8080 1.4945 1.5352 4.2686 -3.7404 1.8083 33.8202 -3.8360 0.9455
Car -1 -1 -3.7220 481.5939 179.8600 576.4146 213.1073 1.4310 1.5956 4.2407 -3.7930 1.7785 33.8516 -3.8333 0.9168
Pedestrian -1 -1 -5.1744 826.1636 159.0729 891.1221 262.9571 1.8323 0.7609 0.9895 4.4993 1.5889 13.2703 -4.8552 0.8995
Pedestrian -1 -1 -5.2033 829.1082 161.1231 888.3242 263.5588 1.8019 0.6277 0.9875 4.4894 1.5953 13.2325 -4.8838 0.8904
Car -1 -1 -3.6539 621.9865 174.8101 720.5261 206.3663 1.5498 1.8231 4.8309 3.1563 1.6561 37.4977 -3.5711 0.8803
Car -1 -1 -3.9184 0.0000 199.6270 205.0071 374.0000 1.5001 1.6037 3.7775 -3.6085 1.6850 3.0792 -4.7403 0.8634
Car -1 -1 -6.7923 617.5176 174.8647 722.1110 206.3355 1.5411 1.7210 5.2364 3.0866 1.6504 37.4421 -6.7112 0.8377
Car -1 -1 -3.9781 0.0000 215.3850 204.4118 374.0000 1.4226 1.5912 3.5844 -3.5917 1.7213 3.2339 -4.7754 0.8063
Car -1 -1 -3.7644 482.8210 178.6396 579.0165 213.1772 1.4903 1.5990 4.3800 -3.6972 1.7782 33.8819 -3.8728 0.8034
Car -1 -1 -3.6411 623.9505 174.1602 719.7111 205.4305 1.5386 1.6246 4.7411 3.1751 1.6090 37.3449 -3.5574 0.7228
Car -1 -1 -4.0300 0.0000 213.3271 201.8371 374.0000 1.4144 1.5539 3.7513 -3.4700 1.6975 3.0995 -4.8295 0.6918
Car -1 -1 -3.7094 481.5724 180.6615 578.4717 213.1436 1.3984 1.7037 4.3034 -3.7687 1.7882 34.0425 -3.8193 0.6155
Car -1 -1 -3.7618 481.0840 179.3685 569.3181 212.5644 1.4397 1.6111 3.9178 -3.9882 1.7632 33.9563 -3.8784 0.5079
Car -1 -1 -4.0261 0.0000 217.2644 244.3765 374.0000 1.3972 1.5059 3.2196 -3.4886 1.7277 3.7442 -4.7414 0.4567
Pedestrian -1 -1 -7.4996 531.8927 175.2201 556.6041 225.2947 1.6591 0.5917 0.8037 -2.2668 1.7404 24.4155 -7.5918 0.3181
Pedestrian -1 -1 -3.4432 0.0000 171.6022 49.7632 276.2065 1.7406 0.6609 0.7268 -10.3225 1.7194 12.4918 -4.1235 0.2568
Cyclist -1 -1 -4.9928 0.0000 170.3637 50.1168 278.5200 1.7669 0.5644 1.4939 -10.3352 1.7259 12.4457 -5.6754 0.2095
Pedestrian -1 -1 -7.6668 530.4789 174.9484 551.5486 225.2936 1.6828 0.5989 0.6725 -2.3861 1.7547 24.5102 -7.7635 0.1666
Pedestrian -1 -1 -7.6055 388.8220 180.6936 402.0854 207.6045 1.8170 0.7256 0.6708 -14.6793 2.3558 49.2708 -7.8940 0.1440
Pedestrian -1 -1 -7.5385 527.9823 174.9258 552.3575 225.3228 1.6694 0.6118 0.7712 -2.4015 1.7404 24.3796 -7.6363 0.1439
Cyclist -1 -1 -4.6223 0.0000 172.1422 35.1727 280.2358 1.7141 0.5398 1.6341 -10.2535 1.7025 12.2695 -5.3079 0.0968
Pedestrian -1 -1 -4.6550 390.9168 180.0556 402.8958 206.8662 1.8118 0.7459 0.7450 -14.6319 2.3095 49.4483 -4.9416 0.0946
Car -1 -1 -7.9699 358.6068 179.8015 398.4757 210.6762 1.6226 1.6837 4.2783 -13.3129 2.0415 41.2480 -8.2806 0.0900
Car -1 -1 -7.8991 369.3478 179.4569 403.2051 210.3065 1.6371 1.6691 4.2615 -12.9625 2.0380 41.5568 -8.2000 0.0889
Car -1 -1 -7.8746 367.2569 180.1159 399.1849 210.4472 1.6010 1.6581 4.0257 -13.0534 2.0382 41.2987 -8.1793 0.0887
Pedestrian -1 -1 -3.5300 1200.4463 160.3328 1241.0000 277.8702 1.7535 0.5359 0.5389 9.4810 1.5664 11.1010 -2.8368 0.0886
Car -1 -1 -7.9194 372.8299 180.5018 406.8943 210.7752 1.6063 1.6202 3.8454 -12.7108 2.0672 41.4239 -8.2157 0.0823
Cyclist -1 -1 -7.7302 0.0000 164.6896 29.2243 280.9258 1.8104 0.4756 1.7347 -10.2182 1.6829 12.0974 -8.4208 0.0790
Car -1 -1 -2.5215 175.1059 184.3540 243.8460 212.1063 1.6981 1.7169 3.4927 -25.5806 2.4490 46.0776 -3.0261 0.0778
Pedestrian -1 -1 -3.5810 1192.8519 163.2797 1241.0000 278.5933 1.7420 0.5132 0.5310 9.4513 1.5971 11.2138 -2.8941 0.0741
Pedestrian -1 -1 -7.3456 385.2339 179.5391 399.1765 207.3815 1.8774 0.6677 0.6737 -14.8946 2.3371 49.2468 -7.6382 0.0664
Cyclist -1 -1 -4.8951 0.0000 169.3891 43.8521 279.6835 1.7671 0.5811 1.6080 -10.2745 1.7113 12.3014 -5.5804 0.0594
Car -1 -1 -7.9915 359.4978 180.0037 398.9394 210.0260 1.5815 1.6472 3.6386 -13.1717 2.0068 40.9554 -8.3012 0.0446
Cyclist -1 -1 -3.3335 380.9861 178.3637 408.7157 206.9109 1.9124 0.7258 1.7100 -14.7398 2.2942 49.3298 -3.6228 0.0421
Pedestrian -1 -1 -5.5193 128.6412 169.0265 138.5342 203.7150 1.8966 0.4358 0.2111 -26.2384 1.6870 39.6833 -6.1006 0.0408
Cyclist -1 -1 -2.9845 381.6406 178.6472 407.4151 206.7017 1.8988 0.7166 1.6017 -14.8021 2.2996 49.4875 -3.2740 0.0383
Car -1 -1 -4.6160 31.7309 179.1660 83.0320 213.8150 1.5578 1.5929 4.1502 -27.0899 1.8864 35.4189 -5.2655 0.0371
Pedestrian -1 -1 -6.7465 0.0000 171.1811 45.7904 278.2236 1.7509 0.6532 0.7823 -10.2997 1.7233 12.2929 -7.4334 0.0359
Car -1 -1 -2.3566 332.6384 179.8714 413.1093 210.0719 1.6129 1.7401 4.4230 -13.5673 2.0299 41.1331 -2.6736 0.0345
Car -1 -1 -4.5425 35.1143 178.8636 92.8174 213.2802 1.5516 1.5794 4.0895 -26.7964 1.8649 35.4708 -5.1861 0.0322
Car -1 -1 -4.9286 13.5118 180.8358 78.1499 214.6030 1.5108 1.6487 4.0900 -27.5482 1.9207 35.1419 -5.5899 0.0289
Car -1 -1 -7.6992 375.1983 181.1529 414.5445 211.2630 1.5999 1.5880 3.8540 -12.3449 2.0997 41.4655 -7.9872 0.0275
Car -1 -1 -4.7341 34.4861 181.6092 76.4793 215.1612 1.4963 1.5496 3.9343 -27.1642 1.9483 35.2534 -5.3871 0.0203
Car -1 -1 -4.4492 36.5519 180.6818 102.1255 214.8472 1.5257 1.5842 3.9434 -26.4094 1.9316 35.3193 -5.0878 0.0198
Car -1 -1 -4.6384 35.1264 182.8121 81.9645 215.7584 1.4593 1.5270 3.7598 -26.8459 1.9717 35.1572 -5.2870 0.0170
Cyclist -1 -1 -3.3040 382.4922 177.2684 408.8117 206.1517 1.9451 0.7258 1.6347 -14.7313 2.2517 49.4827 -3.5922 0.0169
Car -1 -1 -4.5802 209.1421 184.3143 263.0914 219.1450 1.3806 1.6048 4.0593 -16.6547 1.9266 32.2164 -5.0543 0.0142
Car -1 -1 -2.2729 0.0000 183.6934 46.5557 219.1695 1.5374 1.7440 4.2343 -28.6060 2.0539 33.2033 -2.9802 0.0129
Car -1 -1 -4.5006 199.2779 185.0468 262.8099 220.1175 1.3603 1.6137 4.2142 -16.6418 1.9352 31.7931 -4.9796 0.0122
Car -1 -1 -4.5281 12.2477 181.2505 72.0748 214.5810 1.4764 1.5958 3.8405 -27.5598 1.9084 35.0769 -5.1906 0.0113
Car -1 -1 -2.0477 0.0000 182.9277 45.1643 219.5556 1.5782 1.7215 4.2149 -28.5898 2.0689 33.5705 -2.7494 0.0099
Car -1 -1 -4.5864 211.4113 181.1604 263.9342 214.9693 1.4382 1.6874 4.0733 -17.4941 1.8544 33.9772 -5.0590 0.0099
Car -1 -1 -4.5774 21.2555 182.5954 73.8774 215.2673 1.4442 1.5308 3.5979 -27.2468 1.9426 34.9929 -5.2355 0.0098
Car -1 -1 -4.5666 210.2415 182.5610 264.8909 216.4941 1.4030 1.6568 4.0367 -17.1254 1.8794 33.2567 -5.0391 0.0092
Car -1 -1 -4.7210 837.8674 175.3816 874.3375 210.7912 1.4528 1.4403 3.7158 10.7954 1.5711 31.8765 -4.3978 0.0091
Car -1 -1 -4.4314 1.3377 183.1120 67.8507 216.9308 1.4860 1.5835 3.5178 -27.7057 2.0079 34.8020 -5.1001 0.0090
Car -1 -1 -4.1470 210.5325 179.5019 295.6356 215.1570 1.5372 1.6525 4.0923 -16.7581 1.8700 34.0258 -4.6018 0.0089
Car -1 -1 -4.5214 0.0000 182.5150 57.0600 215.9071 1.4634 1.5983 3.5770 -28.0105 1.9540 34.7082 -5.1968 0.0085
Car -1 -1 -4.6252 206.8991 183.0341 255.3693 215.8282 1.3498 1.6184 4.0355 -17.4136 1.8490 33.2230 -5.1049 0.0082
Car -1 -1 -3.6062 789.6292 177.3490 853.3041 199.6408 1.4438 1.5132 3.8140 14.0940 1.7509 48.2611 -3.3241 0.0079
Cyclist -1 -1 -4.3536 531.6042 174.4325 560.0640 226.2481 1.7264 0.5188 1.4005 -2.2431 1.7820 24.8293 -4.4435 0.0079
Car -1 -1 -4.6701 211.1980 183.6974 256.1644 216.5736 1.3312 1.6322 4.0793 -17.1103 1.8577 32.8568 -5.1472 0.0074
Cyclist -1 -1 -3.8019 385.4487 177.9181 409.8611 206.6667 1.9319 0.7252 1.4748 -14.6177 2.2853 49.5841 -4.0875 0.0073
Car -1 -1 -4.6834 836.1988 172.8932 873.5638 210.5642 1.5643 1.4744 3.7390 10.8482 1.5658 31.9753 -4.3596 0.0072
Car -1 -1 -4.4498 191.2699 185.0586 259.8138 219.4192 1.3454 1.6514 4.1428 -16.9983 1.9239 32.0181 -4.9347 0.0071
Car -1 -1 -4.3882 209.3942 180.2037 278.4807 215.2899 1.5011 1.6651 4.0972 -17.1442 1.8681 33.9132 -4.8533 0.0069
Cyclist -1 -1 -2.5494 375.7979 176.9044 403.9522 205.8238 1.9570 0.7450 1.7306 -15.1636 2.2386 49.6063 -2.8449 0.0068
Car -1 -1 -4.6200 204.6245 184.7993 255.0234 217.8064 1.3137 1.6305 3.9864 -17.0547 1.8860 32.4305 -5.1010 0.0062
Car -1 -1 -1.9704 0.0000 182.1018 79.4097 218.2995 1.6256 1.6745 4.1544 -27.8227 2.0964 35.0249 -2.6382 0.0059
Car -1 -1 -3.4607 790.7706 178.7761 861.6395 201.8205 1.4920 1.6243 4.2224 14.3270 1.8932 48.0450 -3.1730 0.0058
Car -1 -1 -4.3311 546.8568 183.1365 583.0588 205.2494 1.5554 1.5376 3.4926 -3.3903 2.3576 54.4164 -4.3935 0.0054
Car -1 -1 -4.6386 202.1822 183.1425 250.9834 217.4393 1.3890 1.6426 4.1907 -17.4063 1.8888 32.8201 -5.1232 0.0049
Pedestrian -1 -1 -2.6152 488.4815 163.2190 540.4395 239.7945 1.8722 0.6148 1.1408 -2.4512 1.6364 18.1438 -2.7484 0.0049
Car -1 -1 -3.9037 803.7944 173.8733 880.4449 207.6979 1.4997 1.4767 3.2748 10.7248 1.5487 33.4581 -3.5965 0.0047
Car -1 -1 -1.8765 0.0000 184.7410 51.6735 220.8188 1.5603 1.6298 3.8561 -28.1893 2.1501 34.0840 -2.5638 0.0045
Car -1 -1 -4.5932 195.2464 182.8975 250.8775 219.5816 1.4707 1.7023 4.1984 -17.3479 1.9534 32.4330 -5.0812 0.0041
Pedestrian -1 -1 -2.7079 494.2838 160.0839 549.4449 240.9306 1.9674 0.6892 1.1923 -2.2527 1.6564 18.0691 -2.8310 0.0029
Cyclist -1 -1 -7.7765 842.1702 171.2599 857.1954 205.7987 1.4999 0.5177 1.6467 10.6583 1.4303 32.1929 -7.4599 0.0029
Car -1 -1 -4.3975 0.0000 185.9027 60.1256 224.6932 1.5176 1.7074 4.2112 -26.2213 2.1376 32.0279 -5.0796 0.0028
Pedestrian -1 -1 -2.7620 500.1955 164.5729 547.9041 237.1796 1.7643 0.6074 1.0276 -2.1851 1.5628 17.9585 -2.8820 0.0019
Cyclist -1 -1 -7.6964 834.0735 171.2028 850.0255 206.0310 1.5171 0.4413 1.5904 10.3326 1.4449 32.2394 -7.3893 0.0019
Pedestrian -1 -1 -5.4846 263.2358 167.0363 288.3360 210.9232 1.9794 0.7401 0.7344 -15.3330 1.7167 33.0199 -5.9165 0.0011
Cyclist -1 -1 -7.7428 146.3750 182.6374 165.2227 230.0480 1.5331 0.3640 1.5677 -15.4233 1.8749 24.4426 -8.3010 0.0011
Pedestrian -1 -1 -3.1960 1096.8965 155.3850 1193.0913 312.7855 1.8517 0.7013 0.9149 6.6017 1.6459 9.0286 -2.5809 0.0011
Car -1 -1 -7.2641 134.8920 179.4473 179.3456 199.7832 1.6071 1.4462 3.4544 -37.5734 2.1702 59.9055 -7.8225 0.0011
Cyclist -1 -1 -4.4970 532.6412 173.9234 556.7765 225.5251 1.7088 0.5435 1.3660 -2.2655 1.7460 24.6344 -4.5885 0.0009
Car -1 -1 -4.2613 0.0000 187.2640 57.9615 224.2745 1.4790 1.7086 3.7381 -26.7843 2.1665 32.4219 -4.9479 0.0008
Cyclist -1 -1 -6.4001 521.6573 174.0190 564.6531 225.1585 1.7066 0.5523 1.3989 -2.3220 1.7466 24.5146 -6.4942 0.0006
Pedestrian -1 -1 -2.7556 831.0309 167.6799 850.8322 206.2876 1.7204 0.7315 0.6255 10.4036 1.4896 32.6342 -2.4500 0.0004
Pedestrian -1 -1 -3.3078 835.7912 165.2753 853.5673 204.5434 1.7565 0.7158 0.6531 10.5807 1.4172 32.6762 -2.9977 0.0004
Cyclist -1 -1 -6.8247 823.0047 168.5378 862.2886 205.2402 1.6343 0.5991 1.6128 10.4683 1.4418 32.6065 -6.5171 0.0003
Cyclist -1 -1 -7.7118 838.7177 169.5885 856.1649 205.1135 1.5531 0.5211 1.6631 10.6292 1.4100 32.4055 -7.3980 0.0003
Pedestrian -1 -1 -7.0977 836.7148 169.9275 859.9111 206.8187 1.6269 0.7171 0.6763 10.6219 1.4975 32.2959 -6.7831 0.0003
Pedestrian -1 -1 -3.0995 145.9988 173.1129 164.7701 228.8499 1.8112 0.6680 0.4957 -15.0776 1.8196 23.8633 -3.6582 0.0002
Cyclist -1 -1 -2.1157 2.8172 177.9823 48.9046 223.1625 2.0459 0.8186 1.8683 -27.1896 2.2889 33.5361 -2.7932 0.0002
Pedestrian -1 -1 -6.0523 831.0773 169.9682 849.2156 205.6568 1.5783 0.6997 0.6344 10.2849 1.4504 32.3720 -5.7477 0.0001
