Car -1 -1 -7.8766 596.8062 174.5429 625.5543 202.2207 1.6924 1.7457 4.5291 -0.0020 1.8068 46.6833 -7.8771 0.9563
Car -1 -1 -7.8651 598.5666 175.0566 625.5765 202.2805 1.6607 1.6610 4.2530 0.0710 1.8088 46.4942 -7.8641 0.8371
Car -1 -1 -4.8450 592.6321 177.5260 628.3707 202.5065 1.5125 1.7312 4.5016 -0.0533 1.8311 46.9104 -4.8466 0.5967
Car -1 -1 -4.4397 410.1148 176.2579 448.3228 203.5982 1.9256 1.7277 3.9883 -13.3413 2.1864 53.3379 -4.6840 0.5953
Car -1 -1 -7.9363 592.6362 175.3003 624.6361 202.3929 1.6480 1.6923 4.4785 -0.1697 1.8136 46.6107 -7.9404 0.5879
Car -1 -1 -4.4605 406.9537 175.8646 447.5006 202.9786 1.9168 1.9089 4.2964 -13.5568 2.1493 53.6403 -4.7072 0.4414
Car -1 -1 -4.4239 408.9010 175.9291 448.3023 203.4491 1.9392 1.7303 4.1017 -13.3986 2.1753 53.3958 -4.6689 0.4352
Car -1 -1 -4.4724 406.4367 177.3574 444.5873 204.2879 1.8859 1.8224 4.0138 -13.5833 2.2303 53.2171 -4.7215 0.3208
Car -1 -1 -4.4183 407.4374 178.1715 445.6584 204.2987 1.8199 1.7089 3.7287 -13.4404 2.2237 52.9352 -4.6662 0.3109
Car -1 -1 -6.9317 92.1562 191.3904 225.1532 237.3370 1.4676 1.6421 4.0391 -16.7796 2.2165 26.9852 -7.4838 0.2678
Car -1 -1 -6.9595 88.1659 190.2008 219.2353 237.3322 1.5116 1.5991 3.9988 -16.8952 2.2092 26.8767 -7.5165 0.1969
Car -1 -1 -6.9232 84.4598 190.1122 221.1789 237.4955 1.5179 1.6311 4.1607 -16.9835 2.2163 26.9771 -7.4809 0.1854
Car -1 -1 -8.5499 737.4678 172.8146 780.1015 195.1902 1.9029 1.6916 3.6883 13.0109 1.8992 63.3858 -8.3488 0.1847
Car -1 -1 -4.5556 159.9507 190.4785 225.7479 232.8889 1.4836 1.6791 4.0689 -16.8654 2.2519 29.2687 -5.0747 0.1170
Car -1 -1 -8.6887 735.9369 173.1649 780.9337 195.4292 1.8874 1.7058 3.6588 12.9481 1.9152 63.2016 -8.4879 0.0889
Car -1 -1 -4.4405 161.5501 190.7757 239.9647 233.9251 1.5125 1.6942 4.2053 -16.5964 2.2981 29.3981 -4.9509 0.0874
Car -1 -1 -4.4972 158.2803 190.3662 227.4814 233.3999 1.5105 1.6424 3.6774 -16.6866 2.2614 28.9537 -5.0163 0.0821
Car -1 -1 -4.6411 441.9416 177.1327 467.6896 200.8556 1.7035 1.6195 4.1218 -11.7638 2.0405 54.7412 -4.8521 0.0536
Car -1 -1 -4.0708 39.2775 192.1652 160.7447 240.6822 1.4354 1.5460 3.5567 -17.2772 2.1413 24.5858 -4.6785 0.0333
Car -1 -1 -6.6853 796.1403 175.4899 863.0305 198.3678 1.4593 1.6238 3.8652 14.3270 1.6354 47.2773 -6.3932 0.0220
Car -1 -1 -6.9644 793.2750 173.9184 855.9130 197.9610 1.5373 1.5978 3.8224 14.1651 1.6096 47.7390 -6.6780 0.0215
Car -1 -1 -2.2259 32.9417 190.9017 153.6462 237.7001 1.5037 1.5668 3.6581 -18.2632 2.1725 25.4626 -2.8434 0.0194
Cyclist -1 -1 -7.3270 109.1326 184.9079 153.2904 237.7224 1.7378 0.4289 1.7950 -16.6505 2.1714 25.0637 -7.9087 0.0173
Car -1 -1 -4.3599 158.8883 190.6872 243.7193 234.0065 1.5225 1.6472 4.1708 -16.5404 2.3018 29.3505 -4.8696 0.0150
Car -1 -1 -3.9078 8.8718 190.5364 157.2309 242.6136 1.4903 1.6080 4.0140 -17.5388 2.1352 24.2078 -4.5297 0.0147
Car -1 -1 -4.4449 448.8389 180.3450 480.5822 200.8882 1.4670 1.4710 3.5536 -11.0008 2.0532 54.6772 -4.6429 0.0144
Car -1 -1 -4.1710 20.4679 188.9580 153.2234 243.5290 1.5498 1.6220 4.1641 -17.1736 2.1305 23.8916 -4.7892 0.0141
Car -1 -1 -6.8468 794.3414 175.4294 855.9335 196.9927 1.3731 1.5871 3.5952 14.1178 1.5468 47.4991 -6.5600 0.0140
Cyclist -1 -1 -7.1169 113.3644 188.7339 161.3981 237.4411 1.6231 0.4141 1.6473 -16.6855 2.2013 25.4419 -7.6928 0.0139
Car -1 -1 -7.4738 802.2534 174.4865 848.7709 199.0230 1.5298 1.6404 3.7790 14.1085 1.6409 47.2417 -7.1857 0.0138
Car -1 -1 -4.4541 452.5613 179.3464 485.4902 200.4577 1.5088 1.5236 3.8296 -10.6802 2.0186 54.7336 -4.6463 0.0134
Car -1 -1 -4.0351 8.4821 188.8510 151.9433 243.8107 1.5673 1.5746 4.1246 -17.3962 2.1435 23.9009 -4.6591 0.0133
Car -1 -1 -2.8607 9.0249 191.0609 153.9776 238.9729 1.4949 1.5756 3.7486 -18.1697 2.1584 24.9307 -3.4856 0.0131
Car -1 -1 -6.6200 796.9205 177.1904 857.8188 198.3053 1.3429 1.5826 3.4785 14.1323 1.6310 47.1209 -6.3307 0.0116
Car -1 -1 -4.1067 25.4466 191.3681 159.9085 242.4031 1.4583 1.5952 4.0869 -17.1739 2.1303 24.1536 -4.7197 0.0111
Car -1 -1 -7.7641 805.3602 173.8308 835.0133 201.2150 1.6740 1.5120 3.6474 13.4601 1.7390 46.2224 -7.4829 0.0108
Car -1 -1 -4.3159 143.5672 183.3334 220.6063 219.0980 1.5269 1.6484 4.1759 -20.2438 2.0559 34.2612 -4.8464 0.0102
Car -1 -1 -4.7365 448.7886 179.9166 470.3312 200.8978 1.4908 1.5029 3.8557 -11.4581 2.0459 54.6948 -4.9424 0.0102
Pedestrian -1 -1 -6.5314 835.8479 176.3476 853.1107 206.4436 1.6631 0.6222 0.7860 13.0502 1.8595 40.2857 -6.2208 0.0100
Car -1 -1 -7.6283 803.4727 173.5824 841.1520 199.4952 1.6110 1.5577 3.7751 13.8291 1.6602 46.9990 -7.3442 0.0098
Car -1 -1 -4.3856 48.2169 189.5876 154.9502 243.8475 1.5271 1.5990 4.2177 -16.7507 2.1341 23.9407 -4.9911 0.0092
Car -1 -1 -7.5584 800.7238 172.9767 845.4067 201.1992 1.7255 1.6049 4.2065 13.6887 1.7335 46.3328 -7.2733 0.0090
Car -1 -1 -3.2505 3.8082 191.4179 151.0583 242.8636 1.5236 1.5971 3.9043 -18.1670 2.2065 24.6496 -3.8807 0.0086
Cyclist -1 -1 -7.1356 124.3390 189.3413 169.3145 236.6354 1.6085 0.3966 1.6096 -16.6751 2.2199 25.9416 -7.7025 0.0086
Pedestrian -1 -1 -3.7672 108.4057 186.1528 132.0383 236.4801 1.7953 0.5281 0.4963 -17.8518 2.2845 26.2347 -4.3602 0.0081
Car -1 -1 -3.6943 0.0000 190.7445 153.9982 243.5406 1.5072 1.5767 4.0536 -17.8639 2.1621 24.2468 -4.3242 0.0076
Car -1 -1 -5.1295 783.4536 175.7221 868.0477 215.2974 1.4355 1.7037 4.0139 8.3915 1.5572 28.5809 -4.8472 0.0076
Car -1 -1 -3.4793 0.0000 191.2734 151.4822 244.0305 1.5167 1.6013 4.0937 -18.1425 2.1934 24.3808 -4.1139 0.0073
Car -1 -1 -5.1151 799.2752 178.1843 907.8963 227.8414 1.4036 1.7135 4.2659 7.5857 1.5900 23.0691 -4.8018 0.0067
Car -1 -1 -4.8639 800.8690 174.3586 867.9719 219.4089 1.4919 1.6923 4.0822 7.9964 1.5507 26.1776 -4.5711 0.0064
Car -1 -1 -5.0114 788.7114 177.2425 870.8366 220.5958 1.3821 1.6377 3.9602 7.5766 1.5483 25.3957 -4.7252 0.0060
Car -1 -1 -4.9525 803.0543 178.4318 885.6175 225.3349 1.3850 1.6448 4.0382 7.5848 1.5851 23.8647 -4.6489 0.0059
Car -1 -1 -4.5948 832.6790 178.6400 906.3379 231.5628 1.4084 1.6489 4.1082 7.8999 1.6013 21.8911 -4.2534 0.0057
Car -1 -1 -4.9928 797.3361 174.5453 869.9783 215.8629 1.5115 1.6833 3.9727 8.7064 1.5829 28.5562 -4.7002 0.0057
Car -1 -1 -4.9868 798.6861 176.2167 879.7366 221.3830 1.4424 1.6503 4.0358 7.9024 1.5699 25.3832 -4.6888 0.0056
Car -1 -1 -4.6979 835.3770 178.8304 897.7575 231.1094 1.4203 1.6610 4.1118 7.8938 1.6233 22.3251 -4.3628 0.0054
Car -1 -1 -4.9607 795.0759 178.0195 863.8768 217.1899 1.3815 1.6018 3.9474 8.3705 1.5959 27.9805 -4.6734 0.0053
Car -1 -1 -4.9012 821.7700 178.2240 904.1640 229.7408 1.4573 1.6865 4.1666 7.9066 1.6447 23.0441 -4.5752 0.0053
Car -1 -1 -4.9592 797.3170 177.9387 874.7913 221.8821 1.3534 1.5878 3.9003 7.5744 1.5409 24.6672 -4.6652 0.0052
Car -1 -1 -4.4467 483.0425 177.7817 510.6394 193.7944 1.4972 1.6875 3.9931 -11.0896 1.9948 70.8208 -4.6018 0.0049
Car -1 -1 -4.7060 814.6368 177.8032 865.8720 221.4328 1.4308 1.6498 3.9048 8.3229 1.6251 26.2526 -4.4028 0.0048
Car -1 -1 -4.5851 835.2616 178.5663 913.1730 232.0885 1.3882 1.6649 4.2885 7.9031 1.5762 21.4909 -4.2378 0.0047
Car -1 -1 -4.8763 807.2164 177.3382 868.1570 217.9399 1.4302 1.6029 3.8966 8.6744 1.6160 27.9048 -4.5785 0.0046
Pedestrian -1 -1 -6.6077 831.1322 177.2645 849.5350 206.8651 1.6369 0.6220 0.8226 12.8279 1.8850 40.3143 -6.3022 0.0046
Car -1 -1 -7.7810 806.5862 174.8499 834.8278 201.8880 1.6395 1.4857 3.4627 13.3995 1.7714 45.9103 -7.4992 0.0046
Car -1 -1 -5.1420 793.0873 176.1296 867.6693 212.2780 1.4529 1.6174 3.8680 9.4531 1.6043 31.3960 -4.8527 0.0044
Car -1 -1 -7.8923 804.1363 174.5631 832.4799 202.1017 1.6731 1.5838 3.6510 13.2196 1.7865 46.0414 -7.6148 0.0044
Car -1 -1 -4.6975 506.0336 177.1950 527.0627 199.5711 1.6680 1.5807 4.1302 -7.3477 2.0221 56.7597 -4.8260 0.0043
Car -1 -1 -4.7837 836.3392 177.6985 896.1399 224.6901 1.4433 1.6160 3.9409 8.6402 1.6231 24.7087 -4.4516 0.0042
Car -1 -1 -4.9674 804.4158 177.4562 885.4178 223.1704 1.4084 1.6338 4.0380 7.8796 1.5788 24.7011 -4.6627 0.0040
Car -1 -1 -4.6877 842.9138 177.3479 905.1722 230.8581 1.4889 1.6819 4.1684 8.2869 1.6439 22.7006 -4.3425 0.0039
Car -1 -1 -4.9319 805.6988 176.7705 865.8349 212.8721 1.4110 1.6008 3.8961 9.4596 1.5878 30.6382 -4.6356 0.0039
Car -1 -1 -4.5553 480.2033 178.5991 503.2589 194.0780 1.4477 1.6582 3.8074 -11.5950 2.0264 70.8093 -4.7173 0.0039
Car -1 -1 -4.6839 828.3061 176.2795 880.3231 223.4042 1.5078 1.6165 3.8901 8.6251 1.6386 25.4972 -4.3618 0.0039
Car -1 -1 -4.9446 812.5813 177.6054 894.5421 224.8838 1.4036 1.6567 4.0018 7.9021 1.5742 23.8976 -4.6295 0.0038
Car -1 -1 -4.7569 817.0286 178.0054 867.4167 219.3309 1.4127 1.6099 3.8917 8.6595 1.6221 27.2738 -4.4532 0.0036
Car -1 -1 -5.0581 465.7031 179.1362 497.5711 195.0155 1.4631 1.7288 4.2443 -12.6005 2.0967 70.5465 -5.2345 0.0035
Car -1 -1 -4.8299 813.8746 177.6487 865.9485 214.2486 1.3951 1.6018 3.8357 9.4634 1.6081 30.0670 -4.5283 0.0034
Car -1 -1 -4.6950 839.1357 177.0061 900.3526 228.8859 1.4745 1.6890 4.1533 8.2813 1.6201 23.1069 -4.3556 0.0034
Car -1 -1 -4.6730 821.2601 176.8854 872.3630 221.5006 1.4728 1.6338 3.8946 8.6436 1.6313 26.3099 -4.3594 0.0034
Car -1 -1 -4.9158 816.5706 177.2389 878.8846 216.0696 1.4377 1.6194 3.8541 9.4799 1.6269 29.1701 -4.6050 0.0033
Car -1 -1 -4.9732 409.2517 179.0718 448.7864 202.0288 1.4374 1.6367 3.8263 -12.1999 1.8718 48.3694 -5.2193 0.0033
Car -1 -1 -4.9552 470.2002 178.9808 497.8793 195.0909 1.4909 1.7473 4.0366 -12.3802 2.1091 70.6445 -5.1284 0.0032
Car -1 -1 -4.6841 830.1528 176.7841 878.3478 219.0227 1.4826 1.6455 3.9452 9.4254 1.6456 27.8584 -4.3616 0.0032
Car -1 -1 -4.6440 824.5609 178.0721 877.3892 221.1168 1.4579 1.6329 3.8697 9.0419 1.6684 27.0479 -4.3253 0.0032
Car -1 -1 -4.7189 827.2814 178.5443 881.4585 225.2413 1.4241 1.6188 3.8834 8.2495 1.6344 24.6114 -4.3996 0.0032
Car -1 -1 -4.8790 1241.0000 163.2704 1241.0000 192.7115 1.4734 1.6575 3.9111 41.5493 0.9934 38.1631 -4.0551 0.0030
Car -1 -1 -8.9619 0.0000 0.0000 1241.0000 374.0000 1.5408 1.5818 3.5385 3.8732 1.5107 1.2545 -7.7718 0.0030
Car -1 -1 -4.7845 821.3951 178.0225 874.0406 219.3426 1.4434 1.6213 3.8618 9.0353 1.6570 27.7906 -4.4738 0.0030
Car -1 -1 -8.9299 0.0000 0.0000 1241.0000 374.0000 1.5462 1.5746 3.5193 3.4711 1.5134 1.2247 -7.7720 0.0030
Car -1 -1 -4.7733 820.0349 177.7443 876.5236 223.6772 1.4527 1.6160 3.8788 8.2403 1.6382 25.3405 -4.4629 0.0030
Car -1 -1 -4.8681 1241.0000 162.8306 1241.0000 191.8454 1.4835 1.6593 3.9162 41.5739 0.9707 38.9486 -4.0540 0.0030
Car -1 -1 -4.7643 477.9396 178.6987 497.3928 194.5515 1.4755 1.6805 3.8233 -12.0313 2.0646 70.7163 -4.9326 0.0030
Car -1 -1 -4.6942 831.2154 177.7342 889.3197 225.4014 1.4035 1.6712 3.9686 8.2334 1.5789 23.8349 -4.3660 0.0030
Car -1 -1 -4.7622 844.7476 176.5988 906.7860 225.6039 1.4466 1.6800 4.0842 8.6367 1.5814 23.8337 -4.4191 0.0029
Car -1 -1 -4.9212 474.0901 179.9651 498.0789 196.6084 1.5368 1.6038 3.5167 -12.0987 2.2475 70.2071 -5.0916 0.0021
Pedestrian -1 -1 -3.9194 126.8655 194.2994 151.1391 235.3274 1.4115 0.5013 0.5126 -16.6535 2.1765 25.4457 -4.4944 0.0017
Car -1 -1 -4.2977 354.9229 187.6470 393.0171 206.2168 1.3837 1.6386 3.5707 -19.1455 2.6226 58.5834 -4.6126 0.0016
Car -1 -1 -4.1185 357.7052 187.3109 401.1375 205.7458 1.3720 1.6016 3.6486 -18.7626 2.5889 58.7741 -4.4265 0.0016
Pedestrian -1 -1 -8.0487 1182.2352 160.2005 1197.4807 193.4572 1.9166 0.6128 0.4528 33.6528 1.1871 41.9254 -7.3760 0.0008
