Car -1 -1 -7.8626 588.3903 178.5706 643.7744 227.4773 1.4114 1.5984 3.3245 0.1925 1.2198 22.4088 -7.8545 0.9966
Car -1 -1 -7.8342 589.2324 176.8415 630.1688 212.5952 1.4757 1.6910 3.6002 0.0793 1.1302 31.4890 -7.8321 0.9950
Car -1 -1 -7.9323 657.5771 171.8174 690.0551 197.9332 1.4907 1.6219 3.8853 3.8765 0.7261 42.9833 -7.8433 0.9617
Car -1 -1 -7.8519 584.3728 174.3243 614.4637 201.6189 1.4509 1.5998 3.5646 -0.4951 0.8721 40.0030 -7.8645 0.9568
Car -1 -1 -7.8769 589.0591 175.6164 629.0057 211.6972 1.4889 1.6502 3.7536 -0.0323 1.0930 31.5615 -7.8783 0.8447
Car -1 -1 -7.8192 591.0967 176.4897 632.3891 212.5023 1.4835 1.6851 3.6310 0.1871 1.1242 31.4608 -7.8138 0.8201
Car -1 -1 -7.8105 584.8339 174.0871 616.0366 201.4486 1.4518 1.5835 3.5826 -0.4005 0.8615 39.9603 -7.8208 0.8160
Car -1 -1 -7.9034 586.1556 176.3833 629.0153 212.3252 1.4826 1.6864 3.6639 -0.0991 1.1184 31.5269 -7.9069 0.7893
Car -1 -1 -7.9515 657.2823 171.7845 690.9318 198.0292 1.4970 1.6254 3.7959 3.8866 0.7310 42.9074 -7.8622 0.7826
Car -1 -1 -7.8138 584.4312 174.0872 615.6997 201.8983 1.4765 1.5963 3.7499 -0.4201 0.8859 40.0627 -7.8246 0.7624
Car -1 -1 -7.7368 642.2751 169.1020 664.2631 187.1810 1.6232 1.5961 3.8621 4.2316 0.1766 66.5840 -7.6740 0.7211
Car -1 -1 -7.9360 580.4794 174.2000 614.7382 201.5331 1.4509 1.6068 3.6212 -0.6380 0.8663 40.0395 -7.9522 0.6646
Car -1 -1 -7.7335 585.3403 174.1646 622.0953 201.8300 1.4636 1.6122 3.7065 -0.2116 0.8791 39.9648 -7.7391 0.6446
Car -1 -1 -8.0131 651.2796 171.3214 690.1567 197.8933 1.5149 1.6539 4.2822 3.6965 0.7229 43.1784 -7.9286 0.6401
Car -1 -1 -7.8932 583.4632 173.6569 614.2108 201.9509 1.4950 1.5564 3.4545 -0.5612 0.8844 39.7501 -7.9076 0.6092
Car -1 -1 -7.6838 642.3262 168.6041 667.6476 187.5332 1.6981 1.6657 4.1763 4.4046 0.2081 66.7117 -7.6185 0.6037
Car -1 -1 -7.8118 642.0927 169.6318 660.6064 187.4548 1.6001 1.5532 3.8733 4.0481 0.2012 66.5418 -7.7517 0.5587
Car -1 -1 -7.6039 642.5941 169.6674 669.2521 187.1213 1.5634 1.5728 3.7899 4.4692 0.1708 66.4344 -7.5374 0.5175
Car -1 -1 -7.8941 718.8489 173.1170 749.4846 201.3168 1.5973 1.6235 3.9361 7.4483 0.9121 42.7738 -7.7232 0.4449
Car -1 -1 -7.9804 577.4801 173.6963 614.1429 201.6519 1.4774 1.5917 3.5189 -0.7355 0.8688 39.8472 -7.9991 0.4339
Car -1 -1 -7.8277 720.6844 173.8489 749.9483 200.9048 1.5239 1.6135 3.6341 7.5325 0.8839 42.4311 -7.6535 0.4308
Car -1 -1 -7.9441 715.2831 174.1894 748.4277 200.8778 1.5098 1.5923 3.7183 7.2772 0.8862 42.5819 -7.7763 0.3204
Car -1 -1 -8.1455 568.7524 173.8343 615.1981 201.7212 1.4754 1.5950 3.6466 -0.9582 0.8734 40.0137 -8.1696 0.2925
Car -1 -1 -7.5892 585.5315 173.7087 630.4001 201.9126 1.4835 1.5938 3.6148 0.0275 0.8784 39.7653 -7.5889 0.2748
Car -1 -1 -7.9471 638.3067 169.8781 659.7375 187.5735 1.5881 1.6129 3.9392 3.7782 0.2118 66.5110 -7.8909 0.2721
Car -1 -1 -4.7397 717.6062 172.6480 747.2935 199.9940 1.5588 1.6269 4.1436 7.4096 0.8426 43.1428 -4.5710 0.2603
Car -1 -1 -7.5084 535.8677 173.5812 579.9962 200.9194 1.4587 1.4463 3.2376 -2.7701 0.8381 40.1111 -7.5772 0.2217
Car -1 -1 -7.7842 720.3441 172.2856 752.9299 201.4565 1.6438 1.6311 4.0961 7.6651 0.9153 42.6930 -7.6081 0.1965
Car -1 -1 -4.4561 533.6225 172.7889 576.2396 200.9944 1.4999 1.5850 3.2827 -2.9266 0.8393 39.9863 -4.5290 0.1964
Cyclist -1 -1 -7.1853 125.6868 174.0924 165.3515 213.2677 1.7409 0.4701 1.8636 -21.1652 1.2468 32.8962 -7.7536 0.1873
Car -1 -1 -7.5815 535.1496 174.2816 574.1232 201.0453 1.4296 1.3988 3.0411 -2.9528 0.8457 40.0263 -7.6550 0.1856
Car -1 -1 -2.7411 559.8094 174.3259 631.8400 201.5044 1.4460 1.5795 3.6462 -0.6877 0.8668 39.6587 -2.7587 0.1538
Cyclist -1 -1 -7.4520 131.7113 174.9512 161.9758 213.8529 1.7323 0.4637 1.8883 -21.1635 1.2754 32.9810 -8.0191 0.1494
Car -1 -1 -4.7696 712.2278 172.0247 743.4348 199.3561 1.5596 1.5983 4.1326 7.1335 0.8071 43.1597 -4.6073 0.1404
Car -1 -1 -7.6118 719.8512 173.4915 761.9157 200.7289 1.5251 1.5959 3.7078 7.8376 0.8688 42.2679 -7.4301 0.1172
Cyclist -1 -1 -7.6041 137.4955 174.9267 162.3044 213.5589 1.7286 0.5063 1.9027 -21.1328 1.2684 33.1478 -8.1682 0.1164
Car -1 -1 -4.4145 524.8171 173.0135 570.6511 201.3748 1.4864 1.5601 3.4802 -3.2847 0.8470 39.5403 -4.4971 0.1081
Car -1 -1 -7.8978 717.1280 174.6152 746.9301 200.9554 1.4790 1.5547 3.6427 7.2375 0.8839 42.2669 -7.7297 0.0966
Car -1 -1 -4.5437 719.2804 171.6165 760.8253 200.3663 1.6202 1.7316 4.3886 7.9113 0.8540 42.8706 -4.3628 0.0928
Cyclist -1 -1 -7.0839 122.5537 175.5000 160.1248 212.9140 1.6673 0.3779 1.6794 -21.3606 1.2345 32.8957 -7.6564 0.0889
Pedestrian -1 -1 -8.1693 1047.4921 168.5311 1088.5675 251.5677 1.7047 0.5884 0.5234 9.5962 1.3623 15.0820 -7.6115 0.0805
Car -1 -1 -7.5509 719.7415 173.1018 766.1561 200.5042 1.5203 1.6226 3.7432 7.8940 0.8484 41.9167 -7.3663 0.0694
Pedestrian -1 -1 -4.6791 864.8305 191.8616 881.6909 241.6647 1.2256 0.3857 0.4620 6.6201 1.3953 18.0520 -4.3330 0.0685
Pedestrian -1 -1 -8.2711 1049.7949 169.6163 1094.8090 253.6847 1.7256 0.6159 0.5586 9.6812 1.4055 15.0760 -7.7091 0.0682
Car -1 -1 -6.3852 568.7562 174.2716 641.6237 201.8340 1.4790 1.6474 3.8631 -0.2045 0.8919 39.6010 -6.3907 0.0531
Car -1 -1 -7.7369 532.2169 174.0707 565.5100 201.1643 1.4492 1.5074 2.9913 -3.2725 0.8532 39.9713 -7.8183 0.0520
Cyclist -1 -1 -7.3065 125.2541 176.1732 158.8679 213.7657 1.6779 0.4485 1.7442 -21.3709 1.2745 32.9626 -7.8782 0.0497
Pedestrian -1 -1 -5.9870 128.8328 174.5521 148.7436 213.4600 1.7495 0.7090 0.5769 -21.3928 1.2702 32.7434 -6.5622 0.0429
Car -1 -1 -7.1875 710.3878 172.4380 774.8901 201.7464 1.6447 1.5969 4.0058 7.9321 0.9278 42.2616 -7.0036 0.0422
Pedestrian -1 -1 -7.6615 550.4134 169.1719 563.9049 199.3672 1.7826 0.6926 0.6383 -3.0393 0.8356 42.7974 -7.7323 0.0403
Car -1 -1 -2.1633 416.4698 171.6900 467.6360 196.1192 1.7476 1.7278 4.0689 -12.3680 0.7802 53.4460 -2.3900 0.0386
Car -1 -1 -7.5801 718.5618 172.0754 765.8287 201.8480 1.6667 1.6556 4.2950 7.9764 0.9313 42.5356 -7.3963 0.0384
Pedestrian -1 -1 -4.9756 1040.4014 169.6002 1080.3320 249.9117 1.6710 0.6011 0.5151 9.5661 1.3463 15.2892 -4.4252 0.0321
Car -1 -1 -8.0100 707.4487 173.4894 744.5887 200.7344 1.5435 1.5745 3.8966 6.9408 0.8793 42.6762 -7.8502 0.0288
Car -1 -1 -6.8516 705.7863 173.8229 777.2026 200.4591 1.5094 1.5658 3.8922 7.8206 0.8640 42.1955 -6.6699 0.0286
Pedestrian -1 -1 -8.2104 1046.6788 171.7061 1088.2106 253.7504 1.7059 0.5755 0.5745 9.7141 1.4252 15.2861 -7.6530 0.0252
Car -1 -1 -4.5972 430.4445 172.2249 459.9471 197.1520 1.7463 1.6366 4.1280 -11.8504 0.8364 52.5001 -4.8184 0.0247
Pedestrian -1 -1 -4.0761 861.7482 190.7666 890.8646 244.2413 1.3025 0.4306 0.5636 6.6429 1.4436 17.9145 -3.7265 0.0223
Car -1 -1 -7.8724 529.2184 173.7353 557.3957 200.3728 1.4266 1.5032 3.3091 -3.6687 0.8119 40.2257 -7.9631 0.0214
Car -1 -1 -7.6064 432.6104 172.2400 468.0569 195.4468 1.6609 1.6179 4.1167 -11.6945 0.7324 53.5338 -7.8208 0.0208
Car -1 -1 -4.7258 434.7086 173.1702 458.5398 195.7600 1.6163 1.6705 3.9765 -12.0527 0.7546 53.5613 -4.9464 0.0201
Car -1 -1 -4.6518 436.6426 173.2053 462.1544 195.1541 1.5752 1.6254 3.8960 -11.8010 0.7134 53.6393 -4.8676 0.0198
Pedestrian -1 -1 -7.5392 477.9012 168.9180 510.1102 233.3222 1.6409 0.6851 0.5628 -2.9941 1.2258 18.6466 -7.6965 0.0175
Car -1 -1 -5.1700 456.2202 175.6495 489.9333 191.7719 1.5396 1.5801 4.1718 -13.2979 0.6262 70.7876 -5.3554 0.0147
Car -1 -1 -7.9030 607.8452 166.7464 633.7659 192.0540 1.8323 1.7237 4.6742 0.9256 0.4953 54.4105 -7.8865 0.0138
Cyclist -1 -1 -3.4511 716.7960 169.7977 745.7687 201.5111 1.7975 0.5378 1.5425 7.0319 0.9238 41.1203 -3.2833 0.0131
Cyclist -1 -1 -7.2732 116.2518 175.9978 146.5053 212.9009 1.6496 0.3609 1.5499 -21.8287 1.2377 32.9079 -7.8554 0.0130
Car -1 -1 -7.9284 692.8232 172.4888 724.4630 199.3866 1.5278 1.5836 3.6037 5.9193 0.8051 42.6786 -7.7919 0.0118
Cyclist -1 -1 -7.4635 120.4926 178.1041 145.1136 213.4634 1.5862 0.4194 1.4517 -21.8275 1.2673 32.9997 -8.0444 0.0113
Car -1 -1 -5.0159 462.6830 175.5975 490.1120 191.5831 1.5306 1.5837 3.8390 -12.9884 0.6098 70.8983 -5.1968 0.0113
Car -1 -1 -6.9500 717.8871 172.6103 785.8563 201.7434 1.6246 1.5168 3.7184 8.3187 0.9218 41.6069 -6.7544 0.0111
Car -1 -1 -4.6761 430.2075 171.7222 456.1419 197.3946 1.8070 1.7060 4.1499 -12.0696 0.8574 52.7956 -4.9000 0.0106
Car -1 -1 -4.7505 467.1007 175.5807 486.6565 194.3857 1.6418 1.5855 3.8661 -11.8371 0.8008 64.8201 -4.9307 0.0102
Car -1 -1 -6.8060 710.1067 173.1879 781.2031 201.0897 1.5840 1.5537 3.8341 8.0554 0.9013 42.1753 -6.6189 0.0094
Car -1 -1 -4.6880 471.3125 175.5252 487.8664 191.2399 1.5078 1.5181 3.7679 -12.6344 0.5782 70.9489 -4.8639 0.0087
Car -1 -1 -8.1409 422.5693 172.0528 462.3586 196.2727 1.7219 1.7039 4.4000 -12.3509 0.7862 53.4415 -8.3672 0.0086
Car -1 -1 -4.3379 468.5673 175.2684 498.4172 191.0176 1.5140 1.6352 3.7982 -12.2678 0.5579 71.1291 -4.5085 0.0079
Car -1 -1 -4.5189 715.4922 173.4866 739.2048 188.1251 1.4162 1.6675 3.6204 11.9169 0.2816 71.5346 -4.3549 0.0070
Pedestrian -1 -1 -8.3927 613.2849 168.0340 627.8320 194.5132 1.9160 0.7690 0.7849 0.9124 0.6729 52.5483 -8.3758 0.0069
Car -1 -1 -7.7502 696.5986 172.7017 730.2364 199.3326 1.5066 1.5910 3.8948 6.2939 0.7988 42.7523 -7.6054 0.0063
Car -1 -1 -4.7749 713.3434 173.9534 732.5872 188.9126 1.4510 1.6688 3.4888 11.4344 0.3587 71.5418 -4.6174 0.0052
Car -1 -1 -4.0421 467.2598 174.8882 507.0677 190.6764 1.5142 1.6938 4.1200 -11.9056 0.5239 71.1556 -4.2076 0.0050
Car -1 -1 -5.2568 798.8621 175.0304 861.6508 204.4062 1.4690 1.5534 3.5051 11.6122 0.9598 37.8375 -4.9615 0.0044
Car -1 -1 -4.6706 515.5609 176.0584 558.5005 216.2301 1.6106 1.6668 4.0638 -3.0166 1.2436 30.8954 -4.7675 0.0036
Cyclist -1 -1 -6.3977 720.6232 170.1938 750.7527 202.2920 1.8072 0.5786 1.6271 7.2245 0.9616 40.8096 -6.2240 0.0025
Car -1 -1 -4.7814 519.5172 173.0383 571.2277 215.5972 1.6816 1.8801 4.5464 -2.7871 1.2006 30.7978 -4.8713 0.0023
Pedestrian -1 -1 -3.7408 722.4739 170.9149 741.8531 201.9848 1.7436 0.6187 0.8899 7.0298 0.9412 40.8073 -3.5718 0.0019
Pedestrian -1 -1 -4.6020 303.4638 175.5866 317.9916 208.5709 1.6497 0.6121 0.6370 -15.0483 1.1683 36.3449 -4.9922 0.0017
Car -1 -1 -4.6151 505.3512 173.7657 555.0187 212.9191 1.5834 1.7455 4.0962 -3.3266 1.1205 31.1273 -4.7210 0.0015
Cyclist -1 -1 -6.3719 712.4310 171.9212 738.2198 201.8053 1.6927 0.5858 1.4057 6.6781 0.9398 41.0586 -6.2121 0.0014
Pedestrian -1 -1 -7.2815 722.9425 172.3530 739.6514 201.2475 1.6304 0.6029 0.8027 7.0268 0.9048 41.0614 -7.1135 0.0014
Pedestrian -1 -1 -4.6527 186.0342 181.9989 208.2370 231.8403 1.3006 0.4889 0.3566 -10.9119 1.2168 19.0258 -5.1675 0.0013
Car -1 -1 -7.5614 541.3884 169.8223 578.3823 193.1446 1.5042 1.5187 3.5563 -3.1994 0.5116 48.2677 -7.6275 0.0012
Cyclist -1 -1 -8.6653 1027.8749 171.3074 1120.2810 258.5394 1.7271 0.5356 1.7261 9.7173 1.4519 15.1350 -8.1033 0.0009
Cyclist -1 -1 -3.5020 1009.0573 173.2729 1122.0839 253.8661 1.6359 0.6416 1.8971 9.5190 1.3936 15.0886 -2.9480 0.0008
Cyclist -1 -1 -8.5616 1023.6140 174.6278 1101.2039 251.8592 1.5478 0.4585 1.5811 9.5368 1.3358 15.2232 -8.0106 0.0007
Pedestrian -1 -1 -3.9997 187.7945 176.9689 215.8126 230.6900 1.4025 0.5319 0.3715 -10.7768 1.1873 19.0025 -4.5097 0.0006
Cyclist -1 -1 -4.1076 177.1597 177.7275 229.5884 233.3930 1.4239 0.5254 1.3690 -10.7654 1.2325 19.0942 -4.6151 0.0005
Pedestrian -1 -1 -6.4211 718.2018 172.9750 734.3217 202.1844 1.6443 0.6102 0.8246 6.6883 0.9554 40.7818 -6.2600 0.0004
Pedestrian -1 -1 -7.0390 717.4949 173.1974 734.8328 200.8443 1.5622 0.5507 0.8248 6.7352 0.8832 41.0773 -6.8779 0.0001
