Car -1 -1 -7.8920 685.6742 171.0157 725.4287 207.5126 1.5780 1.6503 3.7306 4.4008 0.9642 33.0156 -7.7610 0.9906
Car -1 -1 -7.8414 655.3740 176.3788 678.3088 197.7625 1.4875 1.5924 3.6640 4.2624 0.8729 51.9027 -7.7603 0.9494
Car -1 -1 -7.8803 654.4462 176.2828 678.0695 197.7038 1.4901 1.5935 3.6884 4.1695 0.8689 51.8907 -7.8009 0.8516
Car -1 -1 -7.9017 683.8987 170.8229 723.6444 207.3648 1.5832 1.6139 3.8925 4.3351 0.9598 33.1499 -7.7731 0.7796
Car -1 -1 -7.8830 687.1669 170.5991 725.9710 207.2267 1.5839 1.6380 3.9801 4.4638 0.9520 33.1495 -7.7507 0.7284
Car -1 -1 -7.7948 656.2125 175.6258 681.2537 196.8699 1.4764 1.5811 3.9359 4.4222 0.8101 52.0196 -7.7109 0.6425
Car -1 -1 -7.8725 655.5905 176.8232 679.3628 198.3255 1.4891 1.6255 3.6376 4.2375 0.9081 51.6505 -7.7915 0.5922
Car -1 -1 -7.9791 650.4714 176.7871 679.4090 198.2774 1.4861 1.6296 3.5366 4.0405 0.9034 51.5166 -7.9016 0.4940
Car -1 -1 -7.7279 656.8199 175.3651 685.6315 197.4667 1.5328 1.5966 3.9383 4.5995 0.8498 51.9495 -7.6405 0.3391
Car -1 -1 -7.7659 656.6614 176.8660 683.8792 198.5573 1.4956 1.6271 3.7393 4.4923 0.9201 51.5485 -7.6799 0.3020
Pedestrian -1 -1 -7.7704 860.5955 164.5335 880.5705 214.3178 1.8511 0.6648 0.5794 9.8795 1.0823 27.1312 -7.4249 0.2960
Car -1 -1 -7.9639 651.7214 176.0658 682.3083 198.3974 1.5058 1.6385 4.6772 4.1179 0.8890 50.8332 -7.8840 0.2377
Pedestrian -1 -1 -7.8154 859.3914 164.1774 878.6005 213.9023 1.8576 0.6643 0.6313 9.8712 1.0718 27.2715 -7.4718 0.1995
Pedestrian -1 -1 -7.8384 865.5615 161.9859 886.6879 213.8181 1.9248 0.7385 0.5964 10.0789 1.0623 27.1065 -7.4862 0.0697
Pedestrian -1 -1 -6.0952 541.1498 174.7635 553.8989 210.5082 1.8270 0.5935 0.5547 -3.1375 1.2930 37.0672 -6.1795 0.0508
Pedestrian -1 -1 -2.8374 538.6869 173.4660 556.0123 209.8720 1.8441 0.5901 0.7412 -3.1226 1.2491 36.7808 -2.9219 0.0501
Pedestrian -1 -1 -5.7486 536.2896 174.2070 552.2579 211.6570 1.9073 0.6263 0.5816 -3.3015 1.3468 37.0181 -5.8374 0.0486
Pedestrian -1 -1 -5.8761 533.5679 174.7937 552.0331 210.7392 1.8213 0.5828 0.7749 -3.3593 1.2934 36.8198 -5.9668 0.0480
Car -1 -1 -4.6255 653.4341 176.6911 683.8425 199.7024 1.5376 1.7266 4.7913 4.3038 0.9682 50.5412 -4.5415 0.0409
Pedestrian -1 -1 -7.8072 862.6544 164.8815 884.0410 217.4738 1.9282 0.7211 0.6659 9.8627 1.1828 26.8018 -7.4584 0.0271
Car -1 -1 -4.7198 719.4099 169.8838 740.6585 191.0359 1.6361 1.6239 4.1190 9.7852 0.4504 57.7655 -4.5532 0.0253
Cyclist -1 -1 -7.6975 565.9592 176.3516 574.9542 201.1136 1.6748 0.3677 1.6486 -2.5856 1.0754 49.4584 -7.7499 0.0206
Car -1 -1 -4.6636 717.6039 169.5533 743.1021 190.8848 1.6457 1.8051 4.7424 9.9064 0.4375 57.9699 -4.4955 0.0181
Car -1 -1 -6.4580 650.7946 176.1216 705.0781 198.0822 1.5361 1.6153 3.6217 4.9536 0.9001 51.2309 -6.3626 0.0165
Cyclist -1 -1 -7.6444 565.6164 177.0240 575.6907 201.3098 1.6362 0.3569 1.6466 -2.5621 1.0845 49.2720 -7.6965 0.0165
Car -1 -1 -8.0346 710.5087 170.6396 741.0457 191.0290 1.5786 1.6852 4.1868 9.4222 0.4503 57.7672 -7.8741 0.0150
Car -1 -1 -4.8554 708.7228 170.7406 735.4582 190.9805 1.5699 1.5731 3.8724 9.1238 0.4473 57.7044 -4.6997 0.0137
Car -1 -1 -7.8110 722.5144 170.9701 743.9222 191.0833 1.5539 1.5366 3.6755 10.0408 0.4535 57.4946 -7.6393 0.0122
Pedestrian -1 -1 -5.6506 804.8909 166.4740 826.4260 206.6665 1.7580 0.7018 0.6248 9.1886 0.9384 31.9047 -5.3729 0.0104
Car -1 -1 -4.7925 719.2474 168.4982 744.0692 189.9076 1.6091 1.5543 4.4173 9.6452 0.3528 56.2971 -4.6240 0.0100
Car -1 -1 -8.2008 698.5836 171.1579 737.4997 190.7588 1.5150 1.6949 4.3889 8.8083 0.4286 57.8798 -8.0509 0.0098
Cyclist -1 -1 -6.8105 842.5828 162.9604 896.6021 212.6689 1.8402 0.7293 1.7937 9.8340 1.0165 27.1338 -6.4665 0.0095
Car -1 -1 -6.3987 653.2477 176.0199 708.6735 198.4984 1.5674 1.5712 3.7479 5.1351 0.9263 50.9397 -6.2991 0.0094
Car -1 -1 -4.3434 617.2928 174.1384 655.9905 194.4015 1.6594 1.8625 4.3220 2.4883 0.7524 61.2228 -4.3033 0.0089
Pedestrian -1 -1 -6.4233 930.4077 170.4527 955.0551 237.7459 1.7087 0.6499 0.4877 8.6279 1.3340 18.6335 -5.9958 0.0088
Car -1 -1 -4.3962 534.8632 175.2881 578.8928 202.5217 1.5727 1.5648 3.7743 -3.0600 0.9996 43.5341 -4.4664 0.0086
Car -1 -1 -7.8684 724.0316 170.7025 745.0701 191.4249 1.5995 1.5905 4.1701 10.1220 0.4794 57.6692 -7.6958 0.0081
Car -1 -1 -4.9017 714.0798 170.3492 742.9020 189.4842 1.4765 1.6016 3.6309 9.5698 0.3295 57.3013 -4.7373 0.0081
Pedestrian -1 -1 -5.9232 527.6267 173.1974 543.3589 211.2735 1.9276 0.5957 0.6316 -3.7274 1.3193 36.7604 -6.0240 0.0077
Car -1 -1 -4.6254 545.3601 176.8590 573.9918 200.8891 1.6180 1.6638 4.0118 -3.3566 1.0555 50.4246 -4.6919 0.0073
Pedestrian -1 -1 -7.8598 813.1907 165.9751 832.6741 207.1893 1.7868 0.8120 0.8665 9.4426 0.9528 31.6947 -7.5730 0.0073
Pedestrian -1 -1 -5.1819 810.2408 164.7989 832.8496 207.9026 1.8870 0.7260 0.6894 9.4373 0.9933 31.8751 -4.8968 0.0070
Car -1 -1 -8.1683 694.9486 170.4079 732.2379 190.9058 1.5824 1.7142 4.2775 8.4335 0.4394 57.7483 -8.0244 0.0065
Cyclist -1 -1 -7.7547 775.7455 171.1010 789.8077 213.3306 1.5573 0.3738 1.5544 6.6127 1.0369 27.3046 -7.5199 0.0060
Cyclist -1 -1 -6.8306 724.4732 167.2295 747.8180 191.3781 1.8634 0.7116 1.6673 10.0009 0.4757 56.1053 -6.6554 0.0054
Car -1 -1 -4.2805 611.8354 174.6684 651.5685 194.9383 1.6603 1.7979 4.1758 2.0622 0.7965 61.1493 -4.2474 0.0053
Cyclist -1 -1 -8.2531 854.1437 164.1569 889.1992 213.6157 1.8129 0.6766 1.5741 9.9082 1.0411 27.1532 -7.9069 0.0052
Car -1 -1 -4.9748 700.7932 171.1289 733.0267 190.3097 1.4843 1.5712 3.9714 8.6999 0.3944 57.6913 -4.8262 0.0051
Cyclist -1 -1 -8.2428 748.6317 171.8668 774.4000 212.4585 1.5093 0.4024 1.5456 5.8330 1.0131 27.5255 -8.0364 0.0049
Cyclist -1 -1 -4.8615 769.3857 174.0633 792.6320 217.8271 1.5516 0.5611 1.7865 6.3054 1.1564 26.3997 -4.6299 0.0048
Cyclist -1 -1 -4.6999 813.3263 164.8113 829.1895 209.5232 1.9296 0.6582 1.5891 9.4355 1.0492 31.8786 -4.4149 0.0045
Car -1 -1 -4.7002 727.3134 170.4718 753.0881 192.8778 1.5924 1.8074 4.3653 9.8374 0.5447 53.4049 -4.5194 0.0044
Cyclist -1 -1 -7.9606 770.1571 174.9098 786.6926 216.4350 1.5041 0.4380 1.4714 6.3106 1.1309 26.7943 -7.7320 0.0042
Cyclist -1 -1 -8.0910 764.6682 172.6589 785.5476 214.9372 1.5489 0.3935 1.6072 6.2652 1.0890 27.1417 -7.8668 0.0042
Car -1 -1 -7.0758 768.2906 172.8369 863.3702 216.5872 1.5501 1.4998 3.3646 7.7706 1.1117 26.9508 -6.7982 0.0040
Car -1 -1 -7.7370 724.6356 170.1309 749.9145 190.6578 1.5795 1.5323 4.0618 10.3689 0.4189 57.4817 -7.5598 0.0039
Car -1 -1 -5.1709 692.1548 171.0753 732.7665 190.3385 1.4841 1.6119 3.9807 8.3143 0.3948 57.5243 -5.0284 0.0036
Car -1 -1 -7.5026 773.9693 174.3367 842.6606 216.4147 1.4973 1.4585 3.3688 7.6409 1.1103 27.3742 -7.2335 0.0034
Car -1 -1 -6.8497 774.4449 173.9402 879.4327 218.6182 1.5793 1.4105 3.5053 8.0431 1.1809 26.5661 -6.5591 0.0031
Cyclist -1 -1 -6.0438 527.3843 173.9804 559.1316 211.1284 1.8952 0.5373 1.5469 -3.3554 1.3221 37.0544 -6.1339 0.0031
Cyclist -1 -1 -5.0446 776.8562 172.6883 806.9344 218.8609 1.6406 0.5384 1.6956 6.7056 1.1956 26.4104 -4.7990 0.0031
Car -1 -1 -7.4509 269.0181 187.9536 394.6661 251.4138 1.3876 1.5090 3.8071 -6.7268 1.4630 17.8225 -7.8071 0.0031
Cyclist -1 -1 -8.1275 857.6340 164.2124 888.0656 214.5704 1.8372 0.6574 1.6007 9.9154 1.0711 27.0485 -7.7799 0.0031
Car -1 -1 -4.4644 610.1515 174.2995 643.5797 197.1609 1.8679 1.8114 4.4333 1.6533 0.9762 61.1144 -4.4379 0.0030
Car -1 -1 -9.0157 0.0000 0.0000 1240.0000 375.0000 1.5411 1.5919 3.5795 4.6575 1.5832 1.2956 -7.7717 0.0030
Car -1 -1 -5.8373 1240.0000 185.2448 1240.0000 375.0000 1.5511 1.5873 3.6647 5.4347 1.5515 1.9791 -4.6611 0.0030
Car -1 -1 -8.9960 0.0000 0.0000 1240.0000 375.0000 1.5526 1.5859 3.5539 4.2489 1.5831 1.2537 -7.7723 0.0030
Car -1 -1 -9.0676 0.0000 0.0000 1240.0000 375.0000 1.5493 1.5964 3.6175 5.8038 1.5985 1.3635 -7.7733 0.0030
Car -1 -1 -9.0504 0.0000 0.0000 1240.0000 375.0000 1.5338 1.5967 3.5993 5.4283 1.5951 1.3546 -7.7727 0.0030
Car -1 -1 -9.0366 0.0000 0.0000 1240.0000 375.0000 1.5484 1.5912 3.5715 5.0333 1.5929 1.3097 -7.7723 0.0030
Cyclist -1 -1 -7.7393 776.1379 171.9670 791.4898 213.7777 1.5314 0.4033 1.4660 6.5988 1.0463 27.0877 -7.5031 0.0029
Cyclist -1 -1 -4.7584 779.3652 170.3721 794.2692 215.3152 1.6280 0.4673 1.3987 6.6186 1.0905 26.7706 -4.5188 0.0029
Car -1 -1 -6.7616 774.2791 174.6320 899.0032 219.6954 1.5867 1.4957 4.1465 8.3346 1.2142 26.4113 -6.4594 0.0029
Car -1 -1 -7.2150 767.5778 173.0998 854.9393 216.4448 1.5455 1.4563 3.3943 7.6997 1.1136 27.2463 -6.9427 0.0028
Car -1 -1 -4.4441 528.9944 175.1187 573.5695 204.1261 1.6687 1.6651 4.0937 -3.3907 1.0880 43.5213 -4.5218 0.0026
Car -1 -1 -7.3164 273.4607 186.2663 427.3514 251.8467 1.5135 1.7028 4.5911 -6.6599 1.5450 19.0883 -7.6481 0.0025
Car -1 -1 -4.1683 611.1927 174.0597 653.5699 194.9377 1.7008 1.7303 4.0571 2.1010 0.7921 60.7320 -4.1343 0.0024
Pedestrian -1 -1 -7.1525 767.1403 175.2904 789.4034 216.1563 1.4932 0.5947 0.5414 6.2822 1.1307 26.6673 -6.9239 0.0022
Cyclist -1 -1 -8.3720 745.8906 171.4861 779.4645 212.9043 1.5214 0.4872 1.6461 5.8174 1.0173 27.2640 -8.1643 0.0021
Car -1 -1 -7.5592 771.9116 175.8040 834.5964 218.1906 1.5092 1.4100 3.3179 7.4485 1.1742 27.3759 -7.2966 0.0021
Car -1 -1 -4.7390 777.9736 174.8958 824.9907 219.7884 1.5331 1.5471 4.1831 7.0974 1.1808 26.7613 -4.4827 0.0021
Car -1 -1 -4.5360 607.9689 174.0385 638.5358 197.0715 1.8661 1.8177 4.5104 1.3346 0.9607 60.6319 -4.5145 0.0020
Cyclist -1 -1 -7.8081 547.0288 175.3876 554.9898 207.3101 1.6845 0.3489 1.8035 -3.0936 1.1660 38.8390 -7.8875 0.0020
Pedestrian -1 -1 -6.7785 767.8470 176.8453 794.4680 220.5125 1.5698 0.7913 0.6464 6.2979 1.2690 26.3078 -6.5464 0.0019
Car -1 -1 -7.5657 265.9965 186.9798 387.6944 252.8783 1.4417 1.6836 4.1719 -6.8953 1.4913 17.9837 -7.9272 0.0019
Car -1 -1 -4.6554 607.5018 173.5129 632.1295 196.1979 1.8414 1.8328 4.3923 1.0375 0.8916 60.6080 -4.6388 0.0017
Cyclist -1 -1 -3.5487 803.8358 166.6568 845.4055 206.9689 1.7653 0.6873 1.6276 9.5832 0.9527 31.9158 -3.2598 0.0017
Car -1 -1 -4.3379 609.3069 174.0866 647.1664 195.4131 1.7340 1.7823 4.2143 1.7567 0.8293 60.7349 -4.3096 0.0016
Car -1 -1 -7.4244 271.8610 187.3840 412.9127 253.0318 1.4649 1.6656 4.4434 -6.6602 1.5277 18.4786 -7.7661 0.0013
Cyclist -1 -1 -8.7514 1023.9252 158.9097 1184.3613 299.0958 1.9130 0.5388 2.1032 7.3651 1.5542 10.8931 -8.1691 0.0011
Car -1 -1 -7.6195 276.1733 185.9741 387.0109 252.7404 1.4967 1.6562 4.3156 -6.9475 1.5186 18.4077 -7.9760 0.0011
Cyclist -1 -1 -8.6222 1015.7448 150.4622 1165.5754 293.0408 2.0128 0.5520 2.1989 7.4168 1.5223 11.2804 -8.0523 0.0009
Car -1 -1 -4.8237 602.9809 172.3864 630.7232 194.9336 1.8301 1.8493 4.4410 0.7110 0.7889 60.6488 -4.8124 0.0009
Cyclist -1 -1 -7.7154 544.7839 172.8146 557.3387 211.5878 2.0201 0.3821 2.1353 -3.0625 1.3742 38.5301 -7.7946 0.0008
Cyclist -1 -1 -4.2505 551.6779 176.1602 572.6136 206.7421 1.7640 0.6474 1.4591 -2.7035 1.2418 42.2614 -4.3145 0.0007
Cyclist -1 -1 -8.0364 563.8632 176.2504 582.3140 220.1503 1.6567 0.4431 1.5238 -1.3966 1.3185 27.9204 -8.0864 0.0007
Cyclist -1 -1 -7.6201 573.4653 174.5535 593.2413 214.9791 1.5256 0.4559 1.4026 -0.9783 1.1234 27.8614 -7.6552 0.0006
Cyclist -1 -1 -7.9853 565.5692 175.8979 583.2516 220.5458 1.6587 0.4748 1.5377 -1.3262 1.3127 27.5044 -8.0335 0.0006
Cyclist -1 -1 -7.8356 575.8378 178.6206 587.9885 215.7779 1.3824 0.4414 1.3318 -1.0216 1.1372 27.4147 -7.8728 0.0002
Pedestrian -1 -1 -4.5727 572.9463 176.5078 589.2004 216.6247 1.5040 0.5690 0.3656 -1.0483 1.1777 27.1616 -4.6113 0.0001
