Car -1 -1 -4.2863 28.0247 207.3345 440.0583 374.0000 1.4196 1.5476 3.6766 -2.7507 1.8025 6.1652 -4.6914 0.9998
Car -1 -1 -8.1371 699.6070 180.3505 926.8313 344.2012 1.6902 1.6873 4.2736 2.3811 1.8146 9.8212 -7.9076 0.9997
Car -1 -1 -2.8186 237.6777 194.0039 423.0602 258.2090 1.4514 1.5606 3.9571 -6.8137 1.9960 17.7335 -3.1811 0.9967
Car -1 -1 -6.0126 379.2483 187.2116 501.9579 229.0459 1.5272 1.6296 4.3359 -6.5259 2.0994 27.8663 -6.2411 0.9948
Car -1 -1 -7.9363 629.7168 187.1084 662.4493 213.8056 1.4511 1.6242 4.1516 2.0967 2.3530 43.5667 -7.8892 0.9946
Car -1 -1 -2.5507 272.0177 189.5518 424.9096 247.9557 1.4900 1.5724 3.8274 -7.3906 1.9888 20.3389 -2.8957 0.9844
Car -1 -1 -2.7274 69.6398 195.2220 361.4395 287.2085 1.4555 1.6254 4.2694 -6.8812 1.8830 12.8423 -3.2112 0.9725
Car -1 -1 -6.0673 420.5295 187.6030 506.8156 221.9872 1.5044 1.4783 3.6354 -6.6918 2.1944 32.9989 -6.2664 0.9685
Car -1 -1 -6.1578 442.7128 176.5812 536.8120 211.5298 1.8788 1.7312 4.9621 -6.6332 2.0899 39.9546 -6.3217 0.8928
Car -1 -1 -6.0191 404.6941 188.7561 510.4739 225.7593 1.4619 1.5783 4.0590 -6.3713 2.1469 30.1880 -6.2259 0.8516
Car -1 -1 -3.2101 694.7141 185.5080 773.3252 211.2602 1.5379 1.6837 4.7440 7.6780 2.3492 45.2102 -3.0436 0.8495
Car -1 -1 -6.3845 696.5714 186.1884 780.2983 211.3206 1.5009 1.7057 5.0125 7.9532 2.3551 45.2099 -6.2121 0.8347
Car -1 -1 -5.9271 403.4231 188.5756 512.5389 225.8633 1.4617 1.6073 4.1904 -6.3961 2.1462 30.3243 -6.1338 0.8188
Car -1 -1 -6.0175 385.4000 187.3238 500.0175 229.2733 1.5306 1.5784 4.0279 -6.4331 2.1051 27.7941 -6.2434 0.8053
Car -1 -1 -2.6956 265.4199 189.3192 423.9024 247.3698 1.5021 1.5366 3.8753 -7.4025 1.9838 20.1659 -3.0437 0.7990
Car -1 -1 -6.0526 421.4682 187.8380 509.7681 222.3142 1.5033 1.4756 3.7163 -6.5958 2.2041 32.9583 -6.2492 0.7775
Car -1 -1 -5.9953 416.9962 187.3320 509.4262 221.6399 1.4920 1.5928 3.8693 -6.7470 2.1763 33.1548 -6.1950 0.7614
Cyclist -1 -1 -4.8813 1049.7156 166.0460 1073.6080 210.4278 1.6476 0.5212 1.4883 17.2018 1.3946 27.5734 -4.3286 0.7289
Car -1 -1 -6.0674 415.4681 188.2957 508.7956 222.5871 1.5002 1.4490 3.9633 -6.7598 2.2223 32.9994 -6.2685 0.7255
Car -1 -1 -6.1893 443.4260 174.1310 533.8295 209.0337 1.8846 1.8080 4.8073 -6.7178 1.9572 40.1120 -6.3546 0.7050
Car -1 -1 -5.8943 363.4790 190.9146 480.6330 233.3720 1.3833 1.5119 3.6867 -6.6109 2.0427 25.3564 -6.1474 0.7031
Car -1 -1 -2.5468 273.3448 189.9206 424.6075 248.5070 1.4978 1.6347 3.7617 -7.4092 2.0107 20.4378 -2.8910 0.7011
Car -1 -1 -5.8938 96.6289 193.4306 388.1852 287.8058 1.5128 1.6690 4.3655 -6.4633 1.9101 12.9670 -6.3486 0.6844
Car -1 -1 -2.6117 265.1141 189.9833 424.1543 247.5370 1.4738 1.5975 3.9331 -7.4663 1.9824 20.2950 -2.9606 0.6375
Car -1 -1 -2.7188 376.7772 187.7054 499.4086 229.7729 1.5059 1.5560 4.3467 -6.6462 2.1026 27.8325 -2.9517 0.6065
Cyclist -1 -1 -4.6493 1054.3827 166.1751 1072.7745 210.3446 1.6424 0.5125 1.4748 17.2976 1.3938 27.5794 -4.0942 0.6052
Cyclist -1 -1 -4.7406 1055.1816 165.9463 1072.8842 210.9935 1.6684 0.5175 1.5338 17.2599 1.4123 27.5165 -4.1856 0.6050
Car -1 -1 -6.1280 397.2332 188.6245 508.7268 226.0871 1.4713 1.6285 4.3387 -6.5137 2.1486 30.0627 -6.3401 0.5823
Car -1 -1 -3.2086 694.3101 186.3052 765.6920 211.6273 1.5140 1.6870 4.3105 7.4464 2.3775 45.2913 -3.0474 0.5596
Car -1 -1 -6.4516 706.1910 186.7851 783.8724 212.0412 1.5159 1.7998 4.5477 8.3860 2.4074 45.2621 -6.2702 0.5526
Car -1 -1 -6.1640 451.3475 187.2523 528.8370 216.1975 1.4376 1.5728 3.8208 -6.2364 2.2044 37.5727 -6.3279 0.5507
Car -1 -1 -6.0901 409.1082 188.2401 510.5022 225.0679 1.4583 1.5447 3.9069 -6.2385 2.1152 30.0270 -6.2937 0.5172
Cyclist -1 -1 -4.6651 1017.2948 160.5181 1055.5376 269.3193 1.7838 0.5228 1.6352 7.4418 1.5813 12.6598 -4.1445 0.4543
Car -1 -1 -6.4586 705.7518 185.6227 786.4560 210.8442 1.5147 1.6739 4.7282 8.4156 2.3267 45.0514 -6.2757 0.4457
Car -1 -1 -2.8949 403.1074 188.0358 496.8444 220.8378 1.4326 1.5336 3.9435 -7.3374 2.1462 33.1020 -3.1119 0.4374
Car -1 -1 -6.1638 375.7628 187.6354 496.7856 230.1846 1.5242 1.5766 4.3407 -6.6024 2.1102 27.5923 -6.3971 0.4323
Car -1 -1 -2.7422 349.9965 190.2053 474.9352 233.2569 1.3988 1.6033 3.9198 -6.9412 2.0336 25.3519 -3.0074 0.3870
Car -1 -1 -2.6123 356.3372 190.2296 477.7977 234.0733 1.4110 1.5753 3.8853 -6.8467 2.0557 25.5078 -2.8726 0.3386
Car -1 -1 -6.1818 396.7630 186.8436 510.7963 225.4113 1.4970 1.6337 4.4632 -6.4186 2.0955 29.8279 -6.3925 0.3079
Car -1 -1 -6.2471 452.9260 186.9054 528.0331 216.0039 1.4290 1.5217 3.7649 -6.1923 2.1762 37.3886 -6.4106 0.3075
Car -1 -1 -6.1800 436.2082 173.5730 521.8483 205.4744 1.7205 1.7501 4.5149 -7.2371 1.7611 40.0029 -6.3582 0.3058
Cyclist -1 -1 -4.4431 1048.3213 165.8849 1076.5480 211.2248 1.6832 0.5275 1.5482 17.2083 1.4242 27.5056 -3.8892 0.2972
Car -1 -1 -5.9655 356.4850 189.2682 474.6532 232.2239 1.4099 1.5000 3.6999 -6.7816 2.0020 25.1886 -6.2264 0.2950
Pedestrian -1 -1 -5.3124 177.2321 177.5211 200.7430 215.6015 1.8162 0.6287 0.8264 -20.4538 2.0452 34.9871 -5.8384 0.2841
Cyclist -1 -1 -4.4964 1050.3108 165.6484 1075.4497 209.5683 1.6416 0.5316 1.4247 17.3248 1.3720 27.6653 -3.9420 0.2785
Pedestrian -1 -1 -5.2449 175.2353 178.2248 197.6420 216.0263 1.8013 0.5931 0.8406 -20.5735 2.0649 34.9788 -5.7735 0.2765
Car -1 -1 -6.1172 443.7079 186.0608 527.8109 216.0818 1.5036 1.6299 4.1162 -6.4800 2.2081 37.6840 -6.2868 0.2597
Car -1 -1 -5.7963 367.6366 191.5435 487.9605 234.5936 1.3858 1.5463 3.8446 -6.4576 2.0769 25.4849 -6.0426 0.2518
Pedestrian -1 -1 -7.8884 1053.4761 163.7975 1071.7927 210.6252 1.7532 0.5624 0.6836 17.1691 1.4138 27.4501 -7.3346 0.2410
Car -1 -1 -6.1488 463.1277 186.0669 532.5695 214.6384 1.4232 1.6069 3.3867 -5.8357 2.1259 37.5512 -6.3024 0.2215
Pedestrian -1 -1 -8.0291 1049.0573 162.9398 1070.8436 208.1215 1.7005 0.5759 0.7798 17.1743 1.3270 27.6246 -7.4780 0.2109
Pedestrian -1 -1 -5.1373 173.6564 177.7771 196.4655 216.0973 1.8176 0.6698 0.8262 -20.5753 2.0587 34.8680 -5.6673 0.2002
Car -1 -1 -5.6269 379.5860 191.5055 500.9851 236.0093 1.3814 1.5952 3.9893 -5.9925 2.0737 25.2440 -5.8582 0.1751
Pedestrian -1 -1 -3.5366 760.1023 175.7872 776.0337 225.5916 1.8246 0.4818 0.4223 5.8103 1.9341 26.7417 -3.3257 0.1616
Pedestrian -1 -1 -3.5530 766.9533 169.8799 783.3069 225.6531 1.9517 0.5115 0.3904 5.7954 1.8473 25.5370 -3.3330 0.1554
Pedestrian -1 -1 -3.7055 785.9705 176.1701 809.6696 236.3548 1.8707 0.5328 0.5190 5.8833 1.9767 22.7978 -3.4569 0.1343
Cyclist -1 -1 -4.2893 1001.3165 157.5851 1075.6403 269.7663 1.8613 0.5007 1.6625 7.4788 1.6077 12.6611 -3.7667 0.1276
Car -1 -1 -6.1709 467.3778 185.1399 543.9768 214.7438 1.4808 1.7354 3.7997 -5.4530 2.1396 37.7842 -6.3138 0.1158
Car -1 -1 -3.1689 339.1154 189.2883 463.6578 233.6626 1.3916 1.6201 4.0246 -7.2536 1.9929 25.0311 -3.4487 0.1125
Pedestrian -1 -1 -3.7246 783.7787 177.4441 806.9525 235.8826 1.8290 0.5442 0.4956 5.8513 1.9770 22.9744 -3.4791 0.1075
Car -1 -1 -6.0211 457.2155 185.9029 532.9003 215.7388 1.4852 1.6216 3.6177 -6.0256 2.1862 37.7829 -6.1787 0.1075
Car -1 -1 -3.7811 332.7273 187.8592 463.3996 236.8967 1.4361 1.7078 4.0443 -7.1619 1.9908 24.5591 -4.0625 0.0877
Pedestrian -1 -1 -3.0424 0.0000 161.5571 64.6732 320.0408 1.9517 0.5439 0.9454 -7.7537 1.8123 9.3716 -3.7198 0.0768
Pedestrian -1 -1 -4.5512 125.1272 169.3472 143.9067 213.4082 1.8927 0.5536 0.8500 -20.7915 1.7418 31.4955 -5.1310 0.0646
Car -1 -1 -6.1853 446.7793 179.4981 536.8624 212.7260 1.7684 1.6511 4.7606 -6.4900 2.1432 39.7644 -6.3466 0.0579
Pedestrian -1 -1 -7.6962 1053.9426 164.6608 1075.6437 211.4387 1.7366 0.5784 0.8123 17.1530 1.4321 27.2829 -7.1402 0.0576
Car -1 -1 -4.0855 361.5347 189.9193 470.1054 238.8290 1.4250 1.6512 3.7809 -6.5359 2.0533 24.5206 -4.3439 0.0415
Car -1 -1 -4.6648 512.0264 178.1399 534.4316 199.6721 1.6429 1.6037 4.0329 -6.9859 2.0836 58.1365 -4.7842 0.0411
Car -1 -1 -4.5628 513.7192 178.0964 540.3157 199.3367 1.6217 1.5595 3.9281 -6.6686 2.0577 58.0619 -4.6770 0.0395
Pedestrian -1 -1 -3.0650 0.0000 158.3904 74.6245 315.8318 1.9361 0.5710 0.9033 -7.5810 1.7579 9.3614 -3.7320 0.0383
Car -1 -1 -3.8898 348.3777 188.7012 468.1314 236.9242 1.4188 1.6736 3.8160 -6.8403 2.0051 24.6467 -4.1583 0.0331
Car -1 -1 -5.2170 923.1382 158.9973 990.8158 192.4392 1.6591 1.6377 3.5828 17.9778 0.9714 37.6357 -4.7746 0.0320
Car -1 -1 -4.3694 670.5098 180.9573 705.0524 199.1603 1.4128 1.6215 3.9705 6.4818 2.1109 60.0458 -4.2628 0.0179
Car -1 -1 -8.4553 865.3207 161.9624 940.5436 195.0533 1.6689 1.7331 4.0278 15.5180 1.1193 38.5461 -8.0755 0.0177
Pedestrian -1 -1 -6.3081 617.7476 177.6955 629.1263 201.0265 1.8395 0.5259 0.8892 1.0372 2.2253 57.2658 -6.2906 0.0160
Car -1 -1 -8.7009 866.7516 161.6043 949.6204 194.1817 1.6470 1.6859 3.9705 15.8462 1.0780 38.6324 -8.3146 0.0144
Car -1 -1 -4.5509 671.3399 181.0179 697.9520 200.0005 1.4787 1.5977 3.9470 6.2275 2.1828 60.1390 -4.4487 0.0137
Car -1 -1 -4.7669 509.3923 178.7379 531.2297 199.9718 1.6107 1.5190 4.0604 -7.2704 2.1012 58.0479 -4.8914 0.0133
Car -1 -1 -7.7227 516.7654 183.5389 545.8221 208.5934 1.7074 1.6253 3.8387 -5.7468 2.5171 52.7602 -7.8312 0.0108
Car -1 -1 -4.9319 480.9289 184.2220 527.3925 216.6887 1.5758 1.6604 3.8003 -5.7398 2.2154 38.5427 -5.0793 0.0101
Car -1 -1 -6.3641 614.7264 178.9601 663.4077 199.0123 1.5720 1.6764 3.7866 2.2859 2.0706 58.0400 -6.3254 0.0091
Car -1 -1 -4.7971 667.9473 179.8922 693.1867 199.4651 1.5410 1.7456 4.1810 5.8471 2.1506 60.4193 -4.7015 0.0088
Car -1 -1 -4.4453 672.9151 180.7465 702.4351 199.9535 1.5014 1.5770 3.4823 6.4479 2.1770 59.8800 -4.3390 0.0085
Car -1 -1 -4.6801 670.5134 180.5019 691.3555 200.0403 1.5315 1.6104 3.9753 5.9253 2.1918 60.2549 -4.5830 0.0078
Cyclist -1 -1 -6.1458 226.8091 169.0286 275.0181 210.5150 1.9339 0.7635 1.9657 -17.0930 1.7553 34.3086 -6.6051 0.0071
Car -1 -1 -4.7177 495.9255 184.3708 527.1743 216.3436 1.5490 1.5755 4.3890 -5.3568 2.2058 38.8852 -4.8542 0.0071
Car -1 -1 -7.6434 516.9553 182.7729 549.8093 209.3625 1.8085 1.5608 4.1447 -5.5932 2.5637 52.8157 -7.7489 0.0065
Car -1 -1 -6.6536 700.9700 187.5253 770.2497 213.9966 1.3751 1.5839 3.4262 6.8768 2.2076 39.8390 -6.4846 0.0063
Car -1 -1 -4.5252 669.3763 179.8313 697.2066 201.0449 1.6576 1.6058 3.8905 6.0854 2.2563 59.8502 -4.4248 0.0062
Car -1 -1 -4.8744 664.2744 179.8878 690.5242 200.6158 1.6317 1.5491 3.9879 5.5657 2.2385 60.2312 -4.7832 0.0060
Car -1 -1 -6.8744 699.7894 186.6415 775.2866 214.1059 1.4071 1.6804 3.8476 7.0464 2.2021 40.0731 -6.7023 0.0052
Car -1 -1 -5.0080 656.6291 179.0067 689.4391 200.4161 1.6889 1.5867 4.1447 5.2065 2.2221 60.3712 -4.9229 0.0051
Car -1 -1 -5.1613 650.4137 178.6889 688.7889 199.6565 1.6530 1.5701 4.0856 4.9115 2.1579 60.2885 -5.0809 0.0039
Car -1 -1 -4.4304 411.5349 174.4937 447.5686 198.1357 1.6065 1.5199 3.6522 -12.7756 1.7266 51.1400 -4.6743 0.0038
Car -1 -1 -6.5999 702.4885 187.6994 773.2162 213.9978 1.3676 1.5708 3.5171 6.9739 2.2056 39.7161 -6.4280 0.0029
Pedestrian -1 -1 -4.4472 901.4395 152.1384 924.7386 217.7024 2.0226 0.6081 0.3293 9.4334 1.3832 22.5746 -4.0564 0.0024
Pedestrian -1 -1 -5.8034 1180.6610 160.0402 1225.0527 254.8932 1.8602 0.6262 0.4553 11.8461 1.6086 14.4852 -5.1284 0.0021
Pedestrian -1 -1 -5.0097 1183.4059 161.7587 1236.8259 260.1164 1.9020 0.6846 0.5346 11.8499 1.6871 14.3284 -4.3294 0.0018
Pedestrian -1 -1 -4.9971 939.4117 194.4858 972.5533 273.3724 1.3064 0.4440 0.2759 5.7966 1.6772 12.2108 -4.5641 0.0008
Cyclist -1 -1 -8.1756 918.3772 172.3134 971.8401 259.7222 1.4669 0.4207 1.4076 5.8778 1.4576 12.8303 -7.7553 0.0003
