Car -1 -1 -2.6774 125.0430 169.4841 399.3433 284.2878 1.8388 1.6960 3.9285 -5.9112 1.7846 12.4616 -3.1126 0.9995
Car -1 -1 -8.2582 817.7451 177.2464 1241.0000 374.0000 1.5570 1.6539 4.3668 2.7384 1.6013 5.0967 -7.7902 0.9979
Car -1 -1 -4.6613 550.2592 175.5990 577.7957 201.1193 1.6694 1.6990 3.7145 -3.1482 1.8644 49.4682 -4.7250 0.9943
Car -1 -1 -4.8361 672.3338 167.1805 726.2066 215.5062 1.7527 1.5931 3.8768 3.3610 1.5466 28.1128 -4.7189 0.9899
Car -1 -1 -7.7307 586.1332 173.0616 613.8048 194.7112 1.7417 1.7969 4.3405 -0.8248 1.7595 60.3473 -7.7447 0.9311
Car -1 -1 -7.9907 652.3634 170.2406 688.6878 200.7743 1.7618 1.6480 3.9997 3.5790 1.6107 43.6747 -7.9099 0.9188
Car -1 -1 -4.8395 671.9824 167.4267 726.7466 215.6848 1.7439 1.6030 3.9270 3.3542 1.5475 28.0451 -4.7223 0.8437
Car -1 -1 -7.7348 588.0569 173.3656 614.0792 194.7462 1.7169 1.6964 4.1133 -0.7351 1.7608 60.1796 -7.7474 0.7922
Car -1 -1 -4.6709 549.5162 175.7553 576.0355 201.0723 1.6553 1.6616 3.8753 -3.2410 1.8622 49.5808 -4.7363 0.7877
Car -1 -1 -8.0447 650.3353 171.3939 688.9260 200.1872 1.6575 1.6534 3.5831 3.5065 1.5731 43.4066 -7.9650 0.7391
Car -1 -1 -7.9662 654.6663 170.4911 689.2303 200.4445 1.7280 1.6431 3.8849 3.6611 1.5914 43.5909 -7.8834 0.7357
Car -1 -1 -8.2566 817.5253 180.7942 1241.0000 374.0000 1.5357 1.6255 4.2484 2.6838 1.6144 5.0108 -7.7903 0.7221
Car -1 -1 -7.9688 653.3430 170.2344 690.2704 201.0999 1.7805 1.7392 4.2778 3.6615 1.6291 43.7881 -7.8864 0.7019
Car -1 -1 -4.6615 549.3389 175.7435 577.3590 201.0656 1.6505 1.7277 3.6883 -3.1842 1.8551 49.3100 -4.7260 0.6885
Car -1 -1 -8.0008 671.2032 167.7305 730.5289 215.2940 1.7297 1.7039 4.0832 3.4366 1.5431 28.3039 -7.8818 0.6172
Car -1 -1 -4.8652 672.5986 167.3426 733.1318 215.8272 1.7483 1.7082 4.0868 3.4854 1.5493 28.0872 -4.7436 0.5604
Car -1 -1 -5.5752 1129.3678 182.4571 1241.0000 374.0000 1.3899 1.5487 3.5028 7.0849 1.5063 6.9573 -4.8022 0.5425
Car -1 -1 -8.1041 644.7369 170.6718 689.1309 201.6487 1.7846 1.7082 4.0974 3.3579 1.6585 43.7332 -8.0284 0.5294
Car -1 -1 -5.3945 1122.7845 182.5091 1241.0000 374.0000 1.4022 1.4413 3.4117 6.8840 1.5210 7.1574 -4.6495 0.5187
Car -1 -1 -4.6254 550.1934 175.7848 580.0458 200.9703 1.6284 1.7012 3.8242 -3.0430 1.8351 49.0330 -4.6875 0.5087
Car -1 -1 -7.7928 587.8746 174.0752 610.5538 194.5504 1.6396 1.6677 3.5747 -0.8924 1.7436 59.8204 -7.8080 0.4990
Car -1 -1 -7.9590 687.8293 158.3141 773.2872 237.0870 1.9351 1.8116 4.6654 3.1678 1.5776 20.0989 -7.8057 0.4812
Car -1 -1 -7.9030 659.4761 170.2747 690.1360 200.5220 1.7469 1.6465 3.8668 3.8420 1.5977 43.6358 -7.8162 0.4547
Car -1 -1 -8.1490 644.1966 171.4315 689.2090 201.5575 1.7300 1.6806 3.7219 3.3267 1.6480 43.4337 -8.0735 0.4205
Car -1 -1 -5.0556 642.8513 174.7294 691.7739 201.0754 1.5268 1.6428 4.2863 3.4309 1.6479 44.4243 -4.9795 0.4204
Car -1 -1 -5.6753 1128.2292 176.2601 1241.0000 374.0000 1.4192 1.5918 3.6901 7.2553 1.4610 6.9602 -4.8905 0.4157
Car -1 -1 -7.8109 586.3289 174.0086 608.7440 194.6268 1.6525 1.6931 4.2087 -1.0328 1.7519 60.1914 -7.8283 0.4050
Car -1 -1 -5.4811 1118.8555 182.5584 1241.0000 374.0000 1.4254 1.4383 3.6613 7.0592 1.5469 7.2120 -4.7273 0.3476
Car -1 -1 -5.3846 1133.6166 182.4415 1241.0000 374.0000 1.4177 1.5539 3.7553 6.7965 1.5321 6.6886 -4.6136 0.3287
Car -1 -1 -7.7738 661.0261 170.6059 693.8467 200.4699 1.7158 1.6828 3.6739 4.0593 1.5863 43.4085 -7.6817 0.2060
Car -1 -1 -8.3060 633.7646 171.2791 688.9313 202.1428 1.7730 1.6976 4.1036 3.0117 1.6823 43.6705 -8.2380 0.1429
Car -1 -1 -5.5908 1096.5627 175.8582 1241.0000 365.9429 1.4217 1.5388 3.8849 7.2379 1.4610 7.4864 -4.8422 0.1071
Car -1 -1 -7.6615 661.4159 169.8666 701.9745 200.5764 1.7592 1.7038 4.0018 4.3332 1.5878 43.4939 -7.5633 0.1016
Car -1 -1 -5.1801 1120.4874 179.5074 1241.0000 374.0000 1.4570 1.5918 3.7884 6.4146 1.5377 6.7407 -4.4417 0.0772
Car -1 -1 -5.7995 1153.6691 174.6496 1241.0000 374.0000 1.4351 1.6293 4.1052 7.3785 1.4561 6.3589 -4.9631 0.0736
Car -1 -1 -5.3044 1040.0748 181.0966 1241.0000 374.0000 1.4259 1.4939 3.5207 5.8826 1.5277 7.1298 -4.6353 0.0704
Car -1 -1 -5.2322 499.4926 175.8681 545.4474 196.4243 1.5263 1.6237 4.3398 -6.9157 1.7711 56.4509 -5.3539 0.0668
Car -1 -1 -5.1873 505.4092 175.5716 548.8865 196.1169 1.5305 1.6149 4.2529 -6.5612 1.7516 56.5539 -5.3026 0.0424
Car -1 -1 -2.4416 490.1164 176.1585 548.0719 196.1718 1.4899 1.6540 4.4659 -7.1358 1.7560 56.2526 -2.5675 0.0303
Car -1 -1 -4.8240 520.4288 174.4464 547.0950 195.7446 1.6075 1.6310 4.2114 -6.0874 1.7380 57.0250 -4.9302 0.0297
Car -1 -1 -5.0156 516.9962 174.7786 555.1255 197.7304 1.6851 1.7181 4.2902 -5.7764 1.8395 55.6734 -5.1188 0.0237
Car -1 -1 -2.5566 493.5063 176.4222 549.8921 196.2604 1.4796 1.6203 4.1416 -6.8960 1.7647 56.0580 -2.6788 0.0193
Car -1 -1 -2.6265 487.0444 176.2506 548.6406 196.4154 1.5033 1.6637 4.5029 -7.1787 1.7740 55.9585 -2.7539 0.0181
Car -1 -1 -2.8834 484.6029 177.3057 547.3073 196.7782 1.4576 1.6607 4.5207 -7.2564 1.8075 55.6344 -3.0128 0.0178
Car -1 -1 -4.7463 527.0272 174.6147 549.5437 195.8926 1.6150 1.6331 4.1637 -5.7524 1.7598 57.2957 -4.8462 0.0129
Car -1 -1 -9.0382 0.0000 0.0000 1241.0000 374.0000 1.5330 1.6668 3.8442 2.1929 1.5824 0.4034 -7.7756 0.0117
Car -1 -1 -7.0337 685.8589 160.0656 854.3746 234.1591 1.8249 1.8042 4.4662 4.3615 1.5096 19.6880 -6.8196 0.0110
Car -1 -1 -5.0270 516.6707 175.7742 550.6185 196.1989 1.5186 1.5988 3.5650 -6.0014 1.7535 56.1589 -5.1333 0.0107
Car -1 -1 -9.0980 0.0000 0.0000 1241.0000 374.0000 1.5003 1.6563 3.7804 2.5427 1.5220 0.3737 -7.7837 0.0103
Car -1 -1 -9.0212 0.0000 0.0000 1241.0000 374.0000 1.5343 1.6527 3.6825 2.9696 1.5139 0.5781 -7.7359 0.0100
Car -1 -1 -7.0286 652.4403 169.4055 725.2388 199.9451 1.7535 1.7188 4.3430 4.7383 1.5552 43.4132 -6.9210 0.0098
Car -1 -1 -4.9726 515.5442 175.8217 547.9802 196.0076 1.5082 1.5749 3.9029 -6.2028 1.7494 56.6314 -5.0815 0.0098
Car -1 -1 -8.9503 0.0000 0.0000 1241.0000 374.0000 1.5278 1.6490 3.7982 1.7875 1.6036 0.3955 -7.7486 0.0095
Car -1 -1 -5.1164 508.4124 175.1575 549.7089 196.2169 1.5748 1.6504 4.3366 -6.4357 1.7629 56.7488 -5.2292 0.0095
Car -1 -1 -8.7414 0.0000 0.0000 1241.0000 374.0000 1.5647 1.6152 3.5936 1.4359 1.5987 0.5719 -7.7158 0.0085
Car -1 -1 -2.7129 488.9944 177.0707 549.1638 196.8305 1.4713 1.6675 4.3122 -7.0506 1.8054 55.7797 -2.8384 0.0080
Car -1 -1 -6.7700 701.5918 164.1544 885.1176 232.6449 1.6721 1.7597 4.3734 4.7377 1.4594 19.0024 -6.5299 0.0080
Car -1 -1 -6.7377 655.7203 170.0649 724.4327 200.6148 1.7586 1.6131 3.7342 4.7221 1.5977 42.9270 -6.6293 0.0074
Car -1 -1 -4.7686 524.9958 174.3797 548.0126 195.7612 1.6137 1.5752 4.0300 -5.8500 1.7381 56.8706 -4.8710 0.0070
Car -1 -1 -6.5634 706.3261 165.6546 889.1913 233.3508 1.6631 1.7563 4.2561 4.7101 1.4859 18.6838 -6.3209 0.0068
Car -1 -1 -3.2112 485.1473 176.6545 546.4604 196.6295 1.4824 1.6960 4.5530 -7.2663 1.7802 55.3184 -3.3416 0.0067
Car -1 -1 -4.6311 597.5319 175.0071 621.8923 194.8000 1.6710 1.7771 4.8117 -0.0094 1.8689 63.9241 -4.6317 0.0059
Car -1 -1 -9.1094 0.0000 0.0000 1241.0000 374.0000 1.4387 1.5833 3.5979 3.3847 1.4304 0.2894 -7.7084 0.0057
Car -1 -1 -4.3262 597.4455 174.4926 634.7594 194.7148 1.7061 1.6829 4.6169 0.5625 1.8561 63.7256 -4.3178 0.0056
Car -1 -1 -8.6664 0.0000 0.0000 1241.0000 374.0000 1.5466 1.5839 3.5724 1.0947 1.5866 0.5676 -7.7667 0.0054
Car -1 -1 -9.1283 0.0000 0.0000 1241.0000 374.0000 1.4556 1.6171 3.6505 3.8180 1.4183 0.2947 -7.7096 0.0041
Car -1 -1 -7.0635 0.0000 0.0000 1241.0000 374.0000 1.5772 1.7106 4.0009 2.0341 1.4672 0.7650 -5.9734 0.0037
Car -1 -1 -4.5877 598.2551 174.1657 623.2088 194.6146 1.7341 1.6541 4.5917 0.0792 1.8542 63.8727 -4.5868 0.0036
Car -1 -1 -7.3420 0.0000 0.0000 1241.0000 374.0000 1.5630 1.7042 4.1765 2.6727 1.4211 0.7775 -6.1524 0.0035
Car -1 -1 -9.3153 0.0000 0.0000 1241.0000 374.0000 1.4513 1.6207 3.7988 1.7888 1.5483 -0.2192 -7.7841 0.0033
Car -1 -1 -7.1068 0.0000 0.0000 1241.0000 374.0000 1.5381 1.6844 4.0359 2.3571 1.4542 0.4350 -5.8355 0.0030
Car -1 -1 -9.4358 169.6956 0.0000 1241.0000 374.0000 1.4581 1.6149 3.7874 0.6517 1.5962 -0.3397 -7.7867 0.0030
Car -1 -1 -3.8342 0.0000 0.0000 1241.0000 374.0000 1.5416 1.6839 3.9730 1.3252 1.5004 0.3899 -2.7411 0.0030
Car -1 -1 -7.0324 0.0000 0.0000 1241.0000 374.0000 1.5458 1.6902 3.9724 1.7318 1.4868 0.4083 -5.8471 0.0030
Car -1 -1 -9.3263 0.0000 0.0000 1241.0000 374.0000 1.4525 1.6181 3.8072 1.4369 1.5587 -0.2445 -7.7872 0.0030
Car -1 -1 -6.5316 0.0000 0.0000 1241.0000 374.0000 1.5504 1.5919 3.7022 -5.0021 1.6734 1.4376 -7.7710 0.0030
Car -1 -1 -9.3399 0.0000 0.0000 1241.0000 374.0000 1.4458 1.6192 3.7726 2.5736 1.4929 -0.2351 -7.7902 0.0030
Car -1 -1 -9.3885 45.0071 0.0000 1241.0000 374.0000 1.4591 1.6179 3.7718 1.0169 1.5676 -0.3187 -7.7886 0.0030
Car -1 -1 -9.7575 303.2534 0.0000 1225.5563 374.0000 1.4641 1.6148 3.7760 0.2422 1.5893 -0.3853 -7.7882 0.0030
Car -1 -1 -9.3336 0.0000 0.0000 1241.0000 374.0000 1.4365 1.6166 3.7686 3.0083 1.5002 -0.2300 -7.7826 0.0030
Car -1 -1 -4.6548 533.2405 174.3818 555.1611 195.4116 1.5944 1.5016 3.9450 -5.1943 1.7190 56.9917 -4.7456 0.0028
Car -1 -1 -3.2061 595.2142 178.8754 642.0770 195.2403 1.4368 1.6238 4.1195 0.7330 1.9862 64.9495 -3.1953 0.0027
Car -1 -1 -4.7030 528.5005 174.1057 548.4135 196.0162 1.6572 1.5072 3.9889 -5.6469 1.7591 56.8605 -4.8019 0.0022
Car -1 -1 -5.0728 519.9246 176.3136 555.1000 197.0947 1.5342 1.4327 3.8892 -5.6901 1.8124 56.0155 -5.1739 0.0022
Car -1 -1 -6.7121 1026.9324 150.5373 1241.0000 374.0000 1.5612 1.6749 4.2179 4.1689 1.5202 3.0173 -5.8136 0.0021
Pedestrian -1 -1 -7.8131 1003.8076 155.9772 1032.3152 224.2158 2.0283 0.7324 0.6648 12.3503 1.5263 21.9208 -7.3062 0.0019
Car -1 -1 -3.2285 596.3127 178.3843 644.7910 194.8121 1.4374 1.6199 4.2227 0.9023 1.9407 64.7444 -3.2150 0.0013
Car -1 -1 -6.9541 952.2039 162.0996 1241.0000 374.0000 1.5564 1.6643 4.0253 4.0119 1.5200 3.5212 -6.1449 0.0011
Car -1 -1 -6.8345 654.9182 169.2251 732.0133 199.2721 1.7271 1.6911 4.3401 4.9652 1.5182 43.1610 -6.7212 0.0011
Car -1 -1 -5.9833 682.7004 174.4156 817.0335 217.5348 1.4395 1.6364 4.4657 4.9605 1.4992 25.9819 -5.7973 0.0009
Pedestrian -1 -1 -8.0466 699.0688 156.3715 733.8670 239.3109 2.0425 0.6850 1.0150 2.6366 1.6363 18.2938 -7.9066 0.0006
Pedestrian -1 -1 -6.8732 1198.9540 144.9099 1241.0000 273.1818 1.7491 0.5856 0.4068 8.6569 1.3677 10.1506 -6.1817 0.0005
Cyclist -1 -1 -6.9906 610.5903 172.8505 632.7582 195.1003 1.8895 0.7607 1.8632 0.9862 1.8889 62.1611 -6.9753 0.0005
Car -1 -1 -7.0840 935.2679 158.6755 1241.0000 374.0000 1.5521 1.6885 4.0269 4.0276 1.4953 3.7592 -6.3030 0.0004
Car -1 -1 -6.6146 658.4019 169.0622 737.9398 199.2131 1.7362 1.6923 4.3736 5.1783 1.5175 42.8359 -6.4955 0.0004
Car -1 -1 -8.1941 968.0397 155.1201 1059.2146 206.7009 1.6966 1.6777 3.6517 14.1907 1.1130 25.6695 -7.6942 0.0004
Car -1 -1 -8.3626 954.2805 155.6299 1058.1122 206.7770 1.6777 1.6566 3.5729 13.8101 1.1124 25.4676 -7.8708 0.0003
Car -1 -1 -6.4160 662.0808 168.9615 739.8296 199.1942 1.7441 1.6676 4.3548 5.2752 1.5192 42.4812 -6.2938 0.0003
Cyclist -1 -1 -6.5854 610.5563 172.5614 632.2507 195.0665 1.9095 0.6996 1.7278 0.9510 1.8844 61.8018 -6.5705 0.0002
Car -1 -1 -6.2162 662.3821 168.6506 738.1369 200.1010 1.7847 1.6639 4.2940 5.2601 1.5459 42.1672 -6.0934 0.0001
