Car -1 -1 -4.4606 408.7897 180.6930 466.1147 215.8671 1.4833 1.6226 4.0127 -7.9383 1.8673 33.3511 -4.6930 0.9984
Car -1 -1 -4.4528 408.1734 181.1730 466.1700 215.5156 1.4445 1.6103 4.0873 -7.9641 1.8533 33.4139 -4.6854 0.8979
Car -1 -1 -4.5911 486.6242 178.6028 513.3972 198.6006 1.4685 1.5937 3.9457 -8.5467 1.9313 56.1268 -4.7419 0.8115
Car -1 -1 -4.4640 406.0896 179.8591 464.5003 215.3490 1.4971 1.6852 3.9616 -8.0047 1.8387 33.2161 -4.6991 0.8089
Car -1 -1 -4.5054 486.9659 178.6766 517.0684 198.3986 1.4446 1.5534 3.8435 -8.3660 1.9119 55.9755 -4.6535 0.7943
Car -1 -1 -4.4220 406.8662 179.8173 467.5562 215.9157 1.5139 1.6298 3.9748 -7.8812 1.8525 33.0757 -4.6546 0.6923
Car -1 -1 -4.6512 485.8499 178.8053 509.2453 198.3686 1.4301 1.5587 3.9076 -8.7215 1.9083 55.9910 -4.8054 0.5534
Car -1 -1 -4.7063 486.6665 178.8992 508.5880 198.4046 1.4258 1.6286 4.2662 -8.7907 1.9164 56.3558 -4.8607 0.5210
Car -1 -1 -4.4709 485.3391 178.5685 519.0310 198.6529 1.4527 1.6339 4.0840 -8.2752 1.9086 55.4970 -4.6186 0.4559
Car -1 -1 -4.3259 486.8593 178.3734 524.5984 198.8477 1.4995 1.5406 3.9130 -8.0832 1.9439 56.0509 -4.4689 0.4131
Car -1 -1 -4.5654 484.7255 179.0219 513.0573 198.7919 1.4326 1.6028 3.8674 -8.5262 1.9227 55.4324 -4.7177 0.4032
Car -1 -1 -4.3416 402.5093 180.6062 467.2161 216.7658 1.4895 1.6351 3.5771 -7.8352 1.8577 32.4123 -4.5773 0.3965
Cyclist -1 -1 -7.6030 202.8267 182.8951 222.3865 223.1508 1.7064 0.3449 1.6904 -17.5870 2.1616 31.8759 -8.1039 0.3186
Car -1 -1 -4.2820 486.9542 178.7453 526.7366 198.8101 1.4577 1.5540 3.9078 -7.9517 1.9296 55.7419 -4.4234 0.2922
Pedestrian -1 -1 -6.2829 199.0896 182.1315 215.2574 223.6098 1.7568 0.6684 0.6048 -17.4569 2.1633 31.1958 -6.7897 0.2531
Cyclist -1 -1 -7.8327 203.5949 182.9508 213.3884 223.0255 1.7004 0.3386 1.7000 -17.7690 2.1577 31.8656 -8.3381 0.2397
Cyclist -1 -1 -7.6563 199.4245 183.4497 217.4150 223.1597 1.6630 0.3597 1.6866 -17.5819 2.1383 31.5323 -8.1616 0.2220
Car -1 -1 -4.6532 483.1812 179.0075 507.6456 198.9680 1.4422 1.6326 3.7563 -8.7749 1.9300 55.2837 -4.8102 0.1874
Cyclist -1 -1 -7.6137 207.0581 181.2833 227.2267 222.4523 1.7584 0.3821 1.7363 -17.4914 2.1431 32.0700 -8.1098 0.1792
Car -1 -1 -4.7869 481.7706 178.5113 506.2064 198.2290 1.4422 1.5808 3.9635 -9.0773 1.8983 56.0991 -4.9469 0.1627
Pedestrian -1 -1 -6.3782 200.0652 182.5956 217.2518 223.0750 1.7259 0.7156 0.5907 -17.5367 2.1564 31.4478 -6.8836 0.1487
Car -1 -1 -4.6775 487.2328 179.3340 511.3206 200.1447 1.4684 1.6540 3.9729 -8.3225 1.9741 54.2703 -4.8293 0.1316
Cyclist -1 -1 -7.7390 203.9093 182.1857 218.1153 222.2924 1.7148 0.3560 1.7131 -17.7903 2.1409 32.1106 -8.2417 0.1288
Pedestrian -1 -1 -6.3256 202.6963 181.0979 220.7000 223.3758 1.7866 0.6421 0.6541 -17.2164 2.1467 31.1075 -6.8278 0.1209
Car -1 -1 -4.2062 488.6870 178.1677 531.4680 199.2378 1.5425 1.5588 3.9767 -7.7415 1.9706 56.0363 -4.3432 0.1172
Car -1 -1 -4.2291 484.5649 178.4957 528.5806 198.6711 1.4505 1.6230 4.0948 -7.9058 1.8999 55.3079 -4.3708 0.0985
Car -1 -1 -4.5747 482.4856 178.9190 511.1313 200.0129 1.4899 1.5827 4.0653 -8.4888 1.9622 54.1854 -4.7298 0.0774
Pedestrian -1 -1 -8.0306 1106.7408 167.6168 1157.4840 272.5697 1.7289 0.6082 0.5273 8.7991 1.6424 12.2533 -7.4199 0.0708
Pedestrian -1 -1 -8.1422 1113.2178 165.0296 1168.6785 270.0303 1.7293 0.6193 0.5579 8.9440 1.6002 12.2479 -7.5235 0.0645
Cyclist -1 -1 -7.9113 200.3418 183.8693 211.6436 223.0083 1.6483 0.3423 1.6236 -17.7420 2.1423 31.6016 -8.4195 0.0643
Car -1 -1 -7.5021 282.0775 182.9282 348.3050 213.2739 1.3954 1.7007 4.4386 -15.0201 1.9419 36.9165 -7.8864 0.0583
Car -1 -1 -4.2475 256.8366 182.8131 336.2854 215.2946 1.4023 1.7204 4.3747 -15.0217 1.9126 34.7560 -4.6530 0.0403
Cyclist -1 -1 -4.5690 192.7910 182.2660 213.4225 224.5856 1.7115 0.5360 1.5599 -17.1592 2.1182 30.3717 -5.0798 0.0395
Pedestrian -1 -1 -8.1522 1091.9556 163.9391 1149.4803 269.7552 1.7682 0.6759 0.5327 8.7166 1.6189 12.4118 -7.5517 0.0370
Cyclist -1 -1 -7.7673 198.8259 183.6354 213.2237 224.9781 1.7076 0.3934 1.6906 -17.4460 2.1847 31.0982 -8.2752 0.0342
Pedestrian -1 -1 -3.5590 195.9910 181.6089 217.3291 222.9740 1.7720 0.6794 0.5903 -17.6712 2.1597 31.5362 -4.0664 0.0309
Car -1 -1 -2.1257 0.0000 186.7087 118.3536 247.6868 1.5777 1.6875 4.2028 -16.5820 2.0072 20.8708 -2.7911 0.0301
Cyclist -1 -1 -1.9266 193.2219 182.8484 217.4230 222.9109 1.6962 0.3719 1.6577 -17.7538 2.1425 31.5667 -2.4356 0.0283
Cyclist -1 -1 -7.5262 213.0178 183.2206 236.4265 223.2823 1.7054 0.4078 1.6365 -17.1111 2.1768 31.9908 -8.0142 0.0272
Pedestrian -1 -1 -6.2991 204.6124 182.0251 220.3514 222.8287 1.7614 0.6733 0.5980 -17.5563 2.1707 31.7861 -6.8004 0.0264
Car -1 -1 -3.1022 477.3080 179.4763 534.0645 199.1485 1.4880 1.6093 4.3229 -8.1257 2.0138 56.2917 -3.2453 0.0262
Cyclist -1 -1 -8.0001 199.9595 183.5367 219.0077 224.2508 1.6717 0.4733 1.6983 -17.1885 2.1406 30.8747 -8.5047 0.0240
Car -1 -1 -4.5796 481.3093 177.3888 509.6956 199.7389 1.5638 1.5560 4.0012 -8.4516 1.9114 53.3237 -4.7364 0.0213
Cyclist -1 -1 -2.1228 189.9071 182.8145 223.2145 224.0011 1.7292 0.4155 1.7263 -17.4871 2.1677 31.1881 -2.6305 0.0205
Cyclist -1 -1 -5.3241 189.6612 182.7926 224.4295 222.9265 1.7052 0.3985 1.7434 -17.6362 2.1464 31.4941 -5.8312 0.0188
Cyclist -1 -1 -7.7251 189.4158 183.8560 209.1458 225.6848 1.6953 0.5002 1.7794 -17.4753 2.1763 30.6458 -8.2399 0.0179
Car -1 -1 -4.0159 455.5912 176.4314 507.2384 200.0883 1.6483 1.6128 3.8928 -9.4282 1.9212 52.9961 -4.1915 0.0160
Car -1 -1 -4.4555 0.0000 186.7706 49.2856 215.4900 1.7018 1.6858 3.6145 -37.8863 2.6403 46.6808 -5.1347 0.0149
Car -1 -1 -4.3378 0.0000 186.4264 57.4075 214.5363 1.6676 1.6784 3.9540 -37.8828 2.5917 47.0051 -5.0135 0.0149
Car -1 -1 -4.6812 482.6780 179.2162 505.9700 201.8499 1.5470 1.5528 3.9563 -8.4195 2.0281 52.5368 -4.8398 0.0146
Car -1 -1 -4.6111 0.0000 186.8180 40.2912 215.8282 1.7207 1.6627 3.7742 -38.2400 2.6653 46.7886 -5.2936 0.0132
Car -1 -1 -2.1985 0.0000 187.6460 119.0824 247.8182 1.5458 1.6871 4.2388 -16.4983 1.9963 20.6033 -2.8675 0.0129
Car -1 -1 -8.0401 636.8964 176.4343 687.5065 210.1230 1.5595 1.7036 4.5522 2.5078 1.7508 36.2628 -7.9721 0.0124
Car -1 -1 -7.4395 262.6011 182.2090 342.7729 214.9007 1.4325 1.7699 4.9617 -15.0408 1.9254 35.5408 -7.8375 0.0121
Car -1 -1 -4.2117 466.0634 176.7034 510.8670 199.8278 1.6137 1.5920 3.8684 -8.9313 1.9081 53.1361 -4.3778 0.0120
Car -1 -1 -4.2257 0.0000 186.1906 64.1177 215.5230 1.7497 1.7184 3.9052 -37.6512 2.6567 47.0076 -4.8984 0.0114
Car -1 -1 -7.7153 613.4278 176.9951 643.7261 202.7691 1.6481 1.5484 3.7358 1.2585 1.9388 48.7388 -7.6901 0.0113
Car -1 -1 -4.8806 486.2823 177.6893 516.3070 199.7247 1.5314 1.5270 4.0681 -8.0901 1.9026 53.2681 -5.0310 0.0103
Car -1 -1 -4.1781 128.4421 183.6372 210.7733 220.5416 1.4790 1.5172 3.4783 -19.2808 1.9783 31.6827 -4.7213 0.0098
Car -1 -1 -7.7019 614.1630 176.7243 645.4297 202.6605 1.6636 1.5744 3.7188 1.3442 1.9358 48.8380 -7.6750 0.0095
Car -1 -1 -4.5509 344.8378 180.3466 373.4094 196.8593 1.4897 1.8636 4.8055 -24.2775 2.2416 69.9115 -4.8842 0.0091
Car -1 -1 -4.6438 1.2914 189.0091 39.9692 217.8352 1.6904 1.6793 3.5584 -37.9000 2.7728 46.4214 -5.3259 0.0090
Cyclist -1 -1 -7.8808 204.4956 182.7391 218.7097 224.3356 1.7137 0.4923 1.6768 -17.1528 2.1494 30.9763 -8.3832 0.0089
Car -1 -1 -5.1436 0.0000 188.2169 40.2070 217.1271 1.7200 1.7172 3.7700 -38.5613 2.7373 46.2054 -5.8364 0.0089
Car -1 -1 -4.7330 137.3311 182.3167 182.5086 221.5612 1.5531 1.5925 3.7837 -19.7518 1.9930 31.5492 -5.2888 0.0083
Car -1 -1 -4.8738 0.0000 186.0677 37.9197 216.0656 1.7824 1.7513 3.8880 -38.4635 2.6697 46.5246 -5.5620 0.0077
Car -1 -1 -4.6104 138.6621 182.3382 191.8724 220.1918 1.5064 1.6165 3.6258 -19.5044 1.9488 31.6934 -5.1585 0.0063
Car -1 -1 -4.3561 0.0000 185.7909 57.1285 216.0191 1.8014 1.7441 3.7290 -37.6951 2.6767 46.7918 -5.0316 0.0062
Car -1 -1 -4.8337 639.8152 177.7361 682.0571 208.7517 1.4344 1.6142 4.0271 2.4487 1.6920 36.0705 -4.7670 0.0056
Pedestrian -1 -1 -7.6967 15.4806 174.9564 47.3670 241.0614 2.0024 0.7021 0.4632 -17.8854 2.0681 22.2545 -8.3679 0.0054
Car -1 -1 -7.4190 610.8996 175.2541 658.1537 202.8707 1.7661 1.5942 4.1459 1.6730 1.9353 48.7361 -7.3854 0.0052
Car -1 -1 -4.4682 0.0000 190.4610 44.8194 217.6472 1.5633 1.3998 3.6403 -37.4198 2.7320 45.9573 -5.1489 0.0051
Car -1 -1 -4.9448 648.8060 179.3033 710.3828 215.8355 1.3574 1.5805 4.2009 2.7440 1.6429 29.7753 -4.8544 0.0040
Car -1 -1 -5.1652 645.2847 179.3877 729.7426 218.6885 1.4556 1.6832 4.4370 3.0617 1.7474 29.8853 -5.0647 0.0039
Car -1 -1 -5.0779 486.3906 178.2924 526.2966 200.7313 1.5526 1.5229 4.1502 -7.7076 1.9695 53.1676 -5.2216 0.0032
Car -1 -1 -4.6786 526.1415 179.8906 544.8759 195.8417 1.4556 1.6645 4.3892 -7.2244 2.1606 70.0722 -4.7813 0.0032
Car -1 -1 -2.1741 203.3229 188.4440 250.9964 209.4945 1.5603 1.6706 3.4753 -30.4389 2.8317 57.3129 -2.6606 0.0032
Car -1 -1 -7.6268 629.7672 174.5555 668.8723 201.7224 1.7266 1.6813 4.3965 2.6611 1.8462 48.4958 -7.5728 0.0031
Car -1 -1 -4.4700 0.0000 183.3199 36.0336 206.3155 1.4715 1.6512 3.9616 -41.6078 2.2313 50.2639 -5.1590 0.0030
Car -1 -1 -4.4821 4.1349 183.2429 49.5813 205.5882 1.4664 1.6519 3.9720 -41.5814 2.2385 51.4955 -5.1590 0.0030
Car -1 -1 -4.4788 0.0000 183.2231 45.2695 205.7983 1.4691 1.6502 3.9630 -41.5639 2.2335 51.0677 -5.1596 0.0030
Car -1 -1 -4.4745 524.4384 179.9713 551.4407 196.1704 1.4745 1.6335 4.3163 -6.9629 2.1859 69.9034 -4.5738 0.0028
Car -1 -1 -4.4676 0.0000 187.7741 47.0917 217.7115 1.7618 1.7142 3.4290 -37.6931 2.7583 46.2892 -5.1483 0.0026
Car -1 -1 -4.2364 526.4214 178.9487 562.2062 195.5611 1.5189 1.6807 4.2836 -6.3470 2.1290 69.9608 -4.3269 0.0026
Car -1 -1 -7.6633 629.3220 175.8941 663.2556 202.1064 1.6664 1.5937 3.7479 2.4372 1.8782 48.3459 -7.6137 0.0025
Car -1 -1 -7.4335 619.3441 174.3427 668.4758 202.1385 1.7732 1.6737 4.3629 2.3052 1.8780 48.6035 -7.3868 0.0021
Car -1 -1 -4.3049 524.8043 179.5075 558.3329 195.9892 1.5012 1.6723 4.2850 -6.6046 2.1664 69.8693 -4.3992 0.0021
Car -1 -1 -2.3651 200.4319 189.1600 249.2861 209.2091 1.4968 1.5132 3.2889 -30.4424 2.8115 56.9971 -2.8539 0.0015
Car -1 -1 -4.1930 0.0000 186.1731 61.6256 216.8192 1.8232 1.6590 3.6837 -37.4390 2.7185 46.5669 -4.8676 0.0015
Car -1 -1 -4.5731 218.8630 189.9150 253.3054 213.2103 1.6706 1.8252 4.5902 -29.9345 3.0959 57.8258 -5.0492 0.0012
Car -1 -1 -2.4772 195.6077 190.6246 249.7427 210.7955 1.5052 1.4699 3.6126 -30.4504 2.9269 56.7028 -2.9683 0.0009
Car -1 -1 -4.3816 218.2424 186.0919 261.1101 209.7401 1.7400 1.7396 4.3420 -29.6784 2.8437 57.9045 -4.8537 0.0007
Pedestrian -1 -1 -6.2808 446.3998 173.6989 456.7139 200.4183 1.7548 0.8656 0.6631 -10.5526 1.8112 47.9119 -6.4968 0.0005
Cyclist -1 -1 -4.2194 25.4082 192.0889 50.7313 219.4069 1.6401 0.5108 1.6845 -36.0240 2.8740 45.4232 -4.8873 0.0005
Pedestrian -1 -1 -6.8494 283.1645 177.0047 294.3378 196.0422 1.5459 0.5513 0.6421 -26.3806 1.8886 59.1955 -7.2672 0.0005
Cyclist -1 -1 -7.7856 655.6461 168.9435 669.4497 225.2784 1.8860 0.3643 1.7734 1.7863 1.7548 25.0592 -7.7160 0.0004
Pedestrian -1 -1 -6.2908 447.7500 172.5707 460.0431 200.9525 1.8554 0.9335 0.7870 -10.3583 1.8366 47.7106 -6.5038 0.0004
Pedestrian -1 -1 -2.5418 441.5600 171.9708 460.1212 201.3709 1.9188 0.9566 0.7974 -10.5478 1.8609 47.6849 -2.7586 0.0003
Pedestrian -1 -1 -3.5326 446.1422 172.1456 462.4414 200.8123 1.8801 0.8848 0.7793 -10.3729 1.8333 47.9070 -3.7451 0.0003
Pedestrian -1 -1 -4.8354 823.1345 207.8024 882.0582 356.6059 1.2819 0.4483 0.4631 2.1531 1.6147 6.6091 -4.5350 0.0001
