Car -1 -1 -2.6550 0.0000 176.1976 295.9623 305.1797 1.6793 1.7385 3.9324 -6.9532 1.7324 10.4858 -3.2293 0.9999
Car -1 -1 -7.9788 630.4968 180.8453 681.8608 218.8351 1.4245 1.6068 4.1860 1.8100 1.7812 30.0969 -7.9200 0.9999
Car -1 -1 -6.6888 770.8034 187.5795 1006.0938 264.4856 1.4183 1.6018 4.1388 5.4572 1.7340 14.5691 -6.3379 0.9998
Car -1 -1 -6.9613 937.7761 185.9638 1241.0000 320.8666 1.4967 1.6277 3.5524 6.2491 1.6810 9.1763 -6.3792 0.9991
Car -1 -1 -3.6266 826.2078 183.6061 1122.3379 286.6145 1.5123 1.6292 3.9906 5.6916 1.6994 11.6791 -3.1840 0.9985
Car -1 -1 -6.6356 765.1544 171.6542 950.3992 248.1063 1.6991 1.5942 3.7826 5.6578 1.6721 16.8994 -6.3186 0.9949
Car -1 -1 -6.9916 1019.4888 191.4800 1241.0000 374.0000 1.4999 1.5580 3.4855 5.8636 1.6898 6.5852 -6.2870 0.9937
Cyclist -1 -1 -4.6117 486.6553 175.6645 510.1493 235.4690 1.6989 0.5299 1.6220 -3.3454 1.7852 21.3988 -4.7656 0.9883
Car -1 -1 -2.7956 360.4762 179.3742 489.2009 221.2432 1.4873 1.5913 4.3770 -6.9092 1.7396 26.9472 -3.0447 0.9824
Car -1 -1 -2.2531 0.0000 190.2475 106.9823 374.0000 1.5269 1.6625 4.1416 -6.8116 1.6928 5.9424 -3.0842 0.9667
Car -1 -1 -6.0337 338.4540 181.9184 466.5644 225.6837 1.3980 1.5102 3.8741 -6.9322 1.7118 24.1906 -6.3103 0.9613
Car -1 -1 -2.8806 324.6111 181.7675 465.4604 226.3089 1.4200 1.5656 4.2619 -7.1673 1.7286 24.1719 -3.1663 0.8935
Car -1 -1 -2.2535 0.0000 190.1957 110.6302 374.0000 1.5101 1.6634 3.9484 -6.7278 1.6776 6.0149 -3.0726 0.8504
Car -1 -1 -2.7339 362.2738 179.5199 489.5598 220.2113 1.4424 1.5984 4.3535 -6.9162 1.7028 27.0834 -2.9821 0.8033
Car -1 -1 -6.8257 829.5593 182.6955 1146.3451 287.8545 1.5326 1.6614 4.3429 5.9404 1.7059 11.7159 -6.3675 0.7587
Car -1 -1 -2.2933 0.0000 190.8176 102.5744 374.0000 1.5279 1.6381 4.1077 -6.7699 1.6932 5.8134 -3.1317 0.7481
Car -1 -1 -2.1951 0.0000 184.7162 115.4565 374.0000 1.5476 1.6822 4.3117 -6.8464 1.6650 6.0606 -3.0194 0.7472
Car -1 -1 -2.8514 360.8588 179.0068 487.2764 219.9884 1.4611 1.6265 4.2763 -6.9124 1.6978 26.8937 -3.1011 0.7370
Car -1 -1 -6.8869 933.5116 182.4424 1241.0000 316.5554 1.5196 1.6298 3.7101 6.2647 1.6521 9.1469 -6.3022 0.7197
Car -1 -1 -7.8598 621.1202 174.9776 648.4196 201.6796 1.5931 1.6401 3.7629 1.5031 1.7316 45.2542 -7.8273 0.7160
Car -1 -1 -7.7516 621.0965 175.7512 653.1485 201.6261 1.5349 1.6387 3.7258 1.7029 1.7240 45.1999 -7.7147 0.6547
Car -1 -1 -6.9843 1018.2468 186.6616 1241.0000 374.0000 1.5391 1.5340 3.7162 5.9393 1.6791 6.5419 -6.2702 0.6331
Car -1 -1 -6.9414 939.8138 183.9623 1241.0000 320.2590 1.5177 1.5201 3.6577 6.2532 1.6706 9.0658 -6.3535 0.5832
Car -1 -1 -7.7933 621.3854 176.9243 651.2291 202.1152 1.4862 1.6347 4.0906 1.6601 1.7538 45.3670 -7.7574 0.5692
Car -1 -1 -4.8605 612.6267 174.4538 648.0119 201.8839 1.6362 1.6477 3.9424 1.1967 1.7410 45.3359 -4.8347 0.5536
Car -1 -1 -4.6870 620.1895 175.6911 648.8425 201.7168 1.5394 1.6968 3.5648 1.5254 1.7229 44.9068 -4.6537 0.4660
Car -1 -1 -4.8975 610.1515 174.5171 648.6127 201.3640 1.5949 1.7180 3.8390 1.1314 1.7034 45.1489 -4.8731 0.4496
Car -1 -1 -6.9760 1021.2244 182.8455 1241.0000 374.0000 1.5287 1.6715 4.4317 6.4200 1.6332 6.6077 -6.2279 0.4289
Car -1 -1 -7.6267 621.0200 175.9783 660.4812 201.6714 1.5170 1.6440 3.8666 1.9363 1.7214 45.1907 -7.5846 0.4282
Car -1 -1 -7.8121 618.8002 175.0565 645.0231 199.5855 1.6311 1.6690 4.0302 1.5353 1.7910 50.4217 -7.7823 0.3681
Car -1 -1 -7.6333 381.2983 178.4921 441.6059 218.0916 1.5180 1.6593 3.6302 -8.2320 1.7669 30.0375 -7.8990 0.2906
Car -1 -1 -7.6518 475.6401 177.1527 520.6409 207.8242 1.5449 1.6460 3.8982 -6.0076 1.7881 38.8870 -7.8045 0.2707
Car -1 -1 -7.6942 416.9412 178.4549 465.2888 214.7967 1.5271 1.5812 3.5835 -7.6409 1.7951 32.7281 -7.9222 0.2661
Pedestrian -1 -1 -7.6682 713.4604 181.9411 729.0128 214.2729 1.7030 0.7276 0.5914 5.9184 2.1942 38.6288 -7.5180 0.2443
Car -1 -1 -5.0154 603.5518 174.2707 647.4186 202.2507 1.6683 1.6630 3.8810 0.8888 1.7611 45.3286 -4.9964 0.2307
Car -1 -1 -5.1436 599.0226 174.7693 649.3446 202.1292 1.6194 1.7074 3.7887 0.8029 1.7442 45.0752 -5.1264 0.2286
Car -1 -1 -4.3235 385.9067 176.5085 467.3537 219.2199 1.6600 1.7039 4.7328 -7.7783 1.8289 30.9292 -4.5683 0.1856
Car -1 -1 -4.4756 420.9048 177.8110 477.1226 215.3689 1.5505 1.5675 3.9533 -7.1739 1.7859 32.3053 -4.6929 0.1688
Car -1 -1 -7.9429 616.3192 174.9898 644.9949 199.0532 1.6012 1.6482 3.9436 1.3731 1.7560 50.3881 -7.9163 0.1665
Car -1 -1 -4.7538 620.0746 177.2155 648.1137 202.6455 1.4699 1.5570 3.5588 1.4032 1.7470 44.1066 -4.7227 0.1641
Car -1 -1 -7.6796 419.9653 178.3604 469.6567 214.3991 1.5115 1.5921 3.5691 -7.4520 1.7742 32.6395 -7.9028 0.1633
Car -1 -1 -4.2074 380.1629 178.3641 460.6848 219.5417 1.5753 1.5986 3.8348 -7.8882 1.8213 30.2087 -4.4612 0.1407
Car -1 -1 -7.9288 741.5436 173.6198 768.0516 196.0255 1.5895 1.6186 3.9678 10.6477 1.6480 53.3948 -7.7334 0.1272
Car -1 -1 -8.0429 734.9328 173.8067 767.5521 196.1709 1.5869 1.6197 4.0801 10.3802 1.6598 53.4137 -7.8524 0.1256
Car -1 -1 -7.5525 475.7061 177.3728 525.3008 207.8835 1.5288 1.5972 3.7135 -5.8509 1.7830 38.6891 -7.7020 0.1115
Car -1 -1 -4.3360 399.8496 178.9349 473.4065 218.9875 1.5791 1.6207 4.3427 -7.4841 1.8625 31.3996 -4.5685 0.1109
Car -1 -1 -7.7497 381.9665 178.7128 432.5076 218.8627 1.5343 1.6457 3.7245 -8.4395 1.7946 30.1225 -8.0211 0.1089
Pedestrian -1 -1 -5.7344 258.0501 158.2852 272.8780 198.8580 1.8078 0.5281 0.3818 -15.5260 1.1583 32.4315 -6.1779 0.0991
Car -1 -1 -2.7851 400.0786 176.7487 499.2281 215.4502 1.6442 1.6971 3.9478 -7.1132 1.8226 31.9920 -3.0026 0.0978
Car -1 -1 -7.7646 744.4685 173.1098 771.4078 195.8266 1.6107 1.6079 4.0061 10.9420 1.6301 53.3577 -7.5638 0.0962
Car -1 -1 -7.9807 612.1321 174.6925 642.7352 198.9277 1.6143 1.6327 4.0400 1.1474 1.7480 50.4743 -7.9585 0.0952
Pedestrian -1 -1 -5.7221 260.0155 159.0157 273.9156 198.8202 1.7829 0.5242 0.3401 -15.5383 1.1628 32.5991 -6.1639 0.0945
Car -1 -1 -4.6568 423.8540 178.1783 467.5484 217.2560 1.5585 1.6266 4.2731 -7.1772 1.8082 31.6296 -4.8786 0.0935
Car -1 -1 -4.2063 389.4195 178.3362 472.8437 219.5394 1.5846 1.6292 4.1140 -7.5104 1.8330 30.5336 -4.4459 0.0900
Car -1 -1 -2.7376 392.5591 176.9777 481.5325 214.2202 1.5890 1.6807 3.4755 -7.7175 1.7789 32.1561 -2.9717 0.0739
Car -1 -1 -2.9554 405.0852 177.8036 500.9457 213.7625 1.5408 1.7205 3.9130 -6.9614 1.7668 32.0786 -3.1679 0.0735
Car -1 -1 -5.2071 592.7493 174.3252 645.7728 202.7538 1.6900 1.5948 4.0324 0.4946 1.7864 45.2728 -5.1967 0.0719
Car -1 -1 -7.6863 474.5984 176.7106 516.6791 207.4534 1.5511 1.6452 3.6255 -6.1172 1.7673 38.6834 -7.8425 0.0708
Car -1 -1 -4.4227 375.1242 180.2530 438.2055 218.8006 1.4253 1.5033 3.5145 -8.1767 1.7418 29.1282 -4.6945 0.0665
Car -1 -1 -5.7249 74.6799 158.8131 369.2558 280.3637 2.0328 1.8667 4.4318 -6.9832 1.7977 13.1715 -6.2046 0.0647
Car -1 -1 -6.5132 376.4398 178.6638 476.1963 218.0451 1.5074 1.5770 3.7087 -7.5765 1.7582 29.6305 -6.7618 0.0618
Car -1 -1 -7.4208 378.1510 179.7074 453.6829 219.5984 1.5111 1.6962 3.5083 -7.9904 1.8121 29.8501 -7.6806 0.0614
Car -1 -1 -6.2608 375.0897 178.6255 466.1954 218.3604 1.5366 1.5486 3.4995 -7.7141 1.7806 29.3948 -6.5157 0.0573
Car -1 -1 -7.8138 477.2406 177.1211 511.6959 208.0258 1.5540 1.6741 4.1432 -6.2366 1.7973 39.0320 -7.9716 0.0555
Car -1 -1 -6.1624 375.6974 179.4415 470.2569 217.9311 1.4899 1.5204 3.5522 -7.5619 1.7657 29.2520 -6.4136 0.0496
Car -1 -1 -4.5463 411.0525 179.3762 469.0161 220.0599 1.5768 1.7145 4.3321 -7.2310 1.8758 30.8908 -4.7749 0.0484
Car -1 -1 -4.9486 489.9384 175.8705 526.1776 199.8767 1.5530 1.5554 4.0052 -7.0462 1.7681 49.3656 -5.0900 0.0435
Car -1 -1 -2.5794 355.1721 179.1244 450.7141 218.2009 1.5042 1.5258 3.4596 -8.4592 1.7698 29.3811 -2.8578 0.0426
Car -1 -1 -5.9721 387.7083 175.7961 483.8500 215.7356 1.7083 1.6608 3.8170 -7.7184 1.8424 31.9780 -6.2076 0.0426
Car -1 -1 -6.4298 607.3206 176.1559 663.6520 199.5961 1.5641 1.4691 3.6727 1.6906 1.7939 49.3459 -6.3962 0.0414
Car -1 -1 -8.0646 606.1782 174.7401 642.1816 199.5598 1.6496 1.6779 4.1505 0.9141 1.7870 50.4873 -8.0471 0.0401
Pedestrian -1 -1 -4.4534 1013.0726 171.7180 1031.0607 212.4915 1.5987 0.5437 0.3714 16.2957 1.5539 28.6137 -3.9405 0.0398
Car -1 -1 -8.0946 478.2041 175.2671 517.0927 199.3620 1.5562 1.6595 4.2368 -7.7575 1.7285 49.3314 -8.2501 0.0396
Car -1 -1 -6.5625 705.4968 179.6996 786.5186 207.2816 1.4501 1.6770 4.0479 7.3670 1.8341 39.4752 -6.3799 0.0364
Car -1 -1 -4.3222 379.7219 176.9302 457.3497 219.3069 1.6453 1.6444 4.3758 -8.0871 1.8314 30.7301 -4.5778 0.0303
Car -1 -1 -7.8532 475.9680 176.9903 508.8094 208.4013 1.5773 1.6575 3.7944 -6.3546 1.8107 38.7660 -8.0151 0.0274
Car -1 -1 -5.8662 373.8167 179.4676 473.7520 218.6305 1.4967 1.5248 3.5753 -7.4908 1.7716 28.9753 -6.1174 0.0268
Car -1 -1 -4.9858 483.5139 175.3984 522.7330 199.3687 1.5505 1.5869 4.1485 -7.3860 1.7321 49.3601 -5.1340 0.0238
Car -1 -1 -6.3922 707.4821 180.7977 786.0286 207.7368 1.4112 1.6540 4.0463 7.3662 1.8548 39.3460 -6.2090 0.0215
Car -1 -1 -2.9060 430.4158 178.4818 514.3868 207.1756 1.4466 1.5714 4.0440 -7.1703 1.7465 37.6035 -3.0936 0.0176
Car -1 -1 -4.8550 485.1795 178.2626 515.3910 201.8181 1.5020 1.5203 3.6046 -7.4911 1.8824 48.8456 -5.0068 0.0172
Car -1 -1 -2.8316 352.0131 179.3214 445.7967 216.3123 1.4467 1.3532 3.3911 -8.5447 1.7146 29.1947 -3.1143 0.0169
Car -1 -1 -4.1858 459.7105 179.9828 522.5576 208.0245 1.4283 1.5996 4.0963 -6.5678 1.8457 40.0694 -4.3476 0.0169
Car -1 -1 -2.8414 434.6693 177.0682 518.8686 206.7170 1.4976 1.5549 4.0533 -6.9776 1.7237 37.7449 -3.0234 0.0152
Car -1 -1 -7.6274 367.1810 167.4796 413.8343 198.5633 1.5984 1.6058 3.7599 -11.8494 1.3217 39.0315 -7.9205 0.0149
Car -1 -1 -6.8719 739.8900 173.6989 797.5494 195.6300 1.5536 1.5708 3.8959 11.5547 1.6166 52.6674 -6.6575 0.0139
Car -1 -1 -7.6137 209.1715 173.5500 325.1198 252.5433 1.7703 1.7400 3.9211 -8.5775 1.7896 18.2976 -8.0470 0.0125
Car -1 -1 -7.4366 365.4979 166.5141 424.0691 198.7231 1.6445 1.5822 3.8775 -11.5569 1.3205 38.8645 -7.7240 0.0120
Car -1 -1 -5.4451 1111.8870 184.2440 1241.0000 374.0000 1.5718 1.7554 4.5147 6.6568 1.7069 6.2763 -4.6543 0.0115
Car -1 -1 -4.8418 597.2115 176.2131 619.8774 193.3026 1.4456 1.5185 3.8144 -0.1800 1.7516 63.8084 -4.8450 0.0104
Car -1 -1 -7.8539 474.3755 176.6593 509.2469 207.7948 1.5599 1.7584 4.4556 -6.4351 1.7780 39.0627 -8.0165 0.0091
Car -1 -1 -5.2146 583.9741 175.6382 620.7625 192.9070 1.4556 1.5551 3.8905 -0.7291 1.7086 63.5635 -5.2264 0.0078
Car -1 -1 -5.0334 589.7057 176.1718 620.0398 193.2717 1.4407 1.5330 3.8537 -0.5088 1.7427 63.6658 -5.0417 0.0071
Car -1 -1 -6.6290 741.9039 174.5292 801.5753 196.0318 1.5245 1.5384 3.9331 11.6780 1.6480 52.3261 -6.4110 0.0061
Car -1 -1 -4.9528 593.2346 175.2516 618.9903 192.4521 1.4591 1.5010 3.3809 -0.3917 1.6760 63.5377 -4.9594 0.0054
Car -1 -1 -5.9864 615.3954 176.0806 686.0640 202.2125 1.5180 1.5982 3.9811 2.4348 1.7196 43.7054 -5.9316 0.0052
Car -1 -1 -6.1942 616.5847 175.7800 684.9565 201.5994 1.5280 1.6158 4.0407 2.4772 1.7107 44.0377 -6.1389 0.0049
Car -1 -1 -6.5492 743.3475 174.5045 799.9955 196.1229 1.5333 1.5044 3.7284 11.6274 1.6542 52.1440 -6.3314 0.0044
Car -1 -1 -5.1526 616.3372 177.0327 671.9680 204.5991 1.5020 1.5398 4.3492 1.9007 1.7601 42.3163 -5.1085 0.0041
Cyclist -1 -1 -6.7856 704.7013 175.8137 739.4833 211.2001 1.8634 0.7953 1.6702 5.9819 2.0249 38.7669 -6.6342 0.0019
