Car -1 -1 -7.8769 584.1354 173.9230 605.8763 193.5714 1.5441 1.6785 3.8902 -1.2789 1.6340 58.8991 -7.8989 0.8601
Car -1 -1 -7.7818 561.7761 171.8701 580.4695 187.6062 1.4964 1.5713 3.5574 -3.7899 1.4025 70.4063 -7.8357 0.7542
Car -1 -1 -7.9056 581.8146 174.1956 604.7245 194.0884 1.5616 1.6710 3.7166 -1.4185 1.6742 58.8170 -7.9300 0.6883
Car -1 -1 -7.7626 584.3063 173.7840 608.6569 193.9862 1.5883 1.6314 4.0450 -1.0984 1.6667 58.9937 -7.7815 0.6305
Car -1 -1 -7.8382 562.3937 172.3701 578.6525 188.2811 1.5096 1.5290 3.2073 -3.8357 1.4634 70.0894 -7.8930 0.5558
Car -1 -1 -7.8574 560.6949 171.6277 577.5128 187.4850 1.5070 1.5970 3.6772 -4.0202 1.3902 70.4564 -7.9144 0.5531
Car -1 -1 -7.8068 583.4773 174.2932 605.1902 193.7798 1.5253 1.5996 3.5094 -1.2708 1.6452 58.5136 -7.8288 0.5330
Car -1 -1 -7.7633 585.2061 173.7648 609.5532 193.2312 1.5290 1.6439 3.8812 -1.0240 1.6055 58.8561 -7.7810 0.4955
Car -1 -1 -7.7646 585.1627 174.2610 608.8847 193.5779 1.5084 1.6137 3.5479 -1.0493 1.6256 58.4359 -7.7829 0.4740
Car -1 -1 -7.9525 558.1341 171.8562 577.8535 188.0314 1.5297 1.5843 3.3518 -4.1165 1.4351 70.0169 -8.0113 0.3546
Car -1 -1 -4.5849 562.7792 171.6780 583.5992 187.8919 1.5354 1.5891 3.5165 -3.5733 1.4237 70.1407 -4.6359 0.2880
Car -1 -1 -7.6942 562.0962 171.7664 584.2480 187.5692 1.5033 1.5989 3.6901 -3.5936 1.3995 70.5582 -7.7452 0.2874
Car -1 -1 -8.0376 553.9340 171.5108 577.5424 187.4752 1.5166 1.6325 3.8109 -4.3765 1.3887 70.5938 -8.0996 0.2104
Car -1 -1 -6.5280 1176.2264 193.3336 1241.0000 220.2740 1.4968 1.6795 3.7855 37.1302 2.7923 44.0735 -5.8318 0.1882
Car -1 -1 -4.8950 553.6846 171.0207 578.0020 187.5537 1.5598 1.6954 3.7828 -4.3376 1.3865 70.1123 -4.9568 0.1259
Pedestrian -1 -1 -7.2711 73.8432 181.6933 111.5930 238.3545 1.7646 0.6310 0.8195 -16.5422 2.0515 23.0223 -7.8889 0.1028
Car -1 -1 -8.2316 545.0239 171.6682 576.7007 187.2194 1.4755 1.6496 4.2311 -4.8695 1.3627 70.7244 -8.3003 0.0486
Pedestrian -1 -1 -7.3810 83.0748 181.8837 119.6274 236.9906 1.7159 0.6410 0.8419 -16.3060 2.0102 23.0791 -7.9909 0.0482
Car -1 -1 -6.4561 578.4656 174.2533 629.4613 193.3590 1.5026 1.6952 3.8709 -0.5299 1.6173 58.1055 -6.4656 0.0477
Car -1 -1 -5.0895 1165.8120 195.0252 1222.4481 220.7266 1.4250 1.5501 3.5358 36.5067 2.8734 45.2300 -4.4143 0.0453
Car -1 -1 -7.8776 1186.2974 192.9828 1223.3275 219.4522 1.4605 1.6703 4.0592 37.1265 2.7786 45.1442 -7.1932 0.0440
Car -1 -1 -3.1728 563.7662 174.3964 611.3529 194.2437 1.5622 1.7319 3.7638 -1.8530 1.6879 57.9306 -3.2050 0.0426
Car -1 -1 -8.0639 1172.7681 193.8745 1222.4205 219.9372 1.4403 1.6215 3.9169 36.8620 2.8241 45.3963 -7.3857 0.0319
Car -1 -1 -4.3803 295.8750 179.0186 367.2302 211.3728 1.4544 1.8327 4.7670 -13.7234 1.7803 35.7659 -4.7445 0.0299
Car -1 -1 -4.8070 545.8084 172.0587 566.2036 187.5981 1.4756 1.6175 3.9727 -5.3286 1.3997 70.6088 -4.8824 0.0274
Car -1 -1 -2.5316 539.5058 171.9304 583.3381 187.7011 1.4968 1.5604 4.1000 -4.7580 1.4089 70.2095 -2.5993 0.0268
Car -1 -1 -4.7581 361.9280 178.3953 381.5034 195.6934 1.5045 1.5279 3.9126 -21.9060 2.0288 66.2029 -5.0767 0.0234
Car -1 -1 -4.0772 208.2218 180.5465 319.0164 221.1064 1.4598 1.7074 4.4788 -13.9187 1.7963 29.2265 -4.5185 0.0233
Car -1 -1 -7.8324 676.1201 181.0598 720.5933 221.7568 1.4403 1.6224 4.1093 3.4867 1.7891 28.5500 -7.7128 0.0224
Car -1 -1 -6.3685 580.5302 174.0209 629.4872 193.1915 1.5077 1.5696 3.8011 -0.4473 1.6025 57.8213 -6.3765 0.0215
Car -1 -1 -4.8821 355.8889 178.1906 381.1175 195.6577 1.5190 1.5492 3.9406 -22.1810 2.0234 66.1350 -5.2047 0.0212
Car -1 -1 -4.6411 578.1997 173.9657 598.5358 189.3842 1.4559 1.7048 4.0397 -2.1042 1.5673 70.4794 -4.6711 0.0210
Car -1 -1 -3.2081 527.6799 174.5883 584.0079 196.4550 1.4876 1.5933 3.8175 -3.8281 1.6108 50.3151 -3.2840 0.0178
Car -1 -1 -7.8359 252.5584 184.0999 287.1942 213.4633 1.4172 1.5907 3.5737 -18.0358 2.0440 38.2784 -8.2738 0.0175
Car -1 -1 -4.3864 562.2039 171.7998 592.3203 187.6269 1.4952 1.6816 4.1989 -3.1767 1.3953 70.4131 -4.4316 0.0171
Pedestrian -1 -1 -6.5722 392.6804 173.8270 411.1628 212.6008 1.7315 0.5545 0.6738 -9.4604 1.7758 32.6564 -6.8524 0.0132
Car -1 -1 -3.2602 525.4399 172.5575 585.6697 195.4051 1.5471 1.6584 3.9968 -3.8266 1.5267 50.0577 -3.3365 0.0130
Car -1 -1 -3.0572 528.0208 174.8274 582.8057 197.0238 1.5328 1.5233 3.7277 -3.8418 1.6734 50.7434 -3.1328 0.0120
Car -1 -1 -4.6103 1141.6823 175.9062 1175.7495 195.4785 1.4085 1.6642 4.0066 41.5098 1.6478 54.5935 -3.9631 0.0113
Car -1 -1 -6.4648 559.1506 172.7217 601.9172 187.4995 1.4112 1.6843 3.9140 -2.8959 1.3983 70.1573 -6.5062 0.0094
Pedestrian -1 -1 -6.2603 392.0366 176.4027 406.7925 212.2861 1.5924 0.4675 0.6253 -9.4916 1.7529 32.3870 -6.5435 0.0091
Car -1 -1 -4.3622 368.4142 177.3672 402.3572 195.9559 1.6004 1.6133 4.1189 -20.2834 2.0213 65.2380 -4.6627 0.0087
Car -1 -1 -7.7088 249.1404 182.5179 292.5703 211.6947 1.4190 1.5938 3.4410 -17.9433 1.9557 38.2123 -8.1454 0.0078
Car -1 -1 -6.3571 674.3577 178.9688 792.9971 222.6739 1.5830 1.7170 4.3265 4.5778 1.8244 27.4739 -6.1944 0.0076
Car -1 -1 -4.5669 368.2106 177.6405 393.9116 196.4527 1.6072 1.6057 4.2525 -20.6079 2.0529 65.0034 -4.8731 0.0071
Car -1 -1 -2.6953 531.6104 171.3677 580.8684 187.3062 1.5156 1.6589 4.5041 -5.2513 1.3739 70.2001 -2.7700 0.0061
Car -1 -1 -4.6429 1173.0664 184.7688 1208.3380 206.7132 1.4393 1.7064 3.9712 41.5019 2.3244 51.5785 -3.9686 0.0057
Car -1 -1 -4.6425 1167.3995 185.2938 1201.9135 208.4983 1.5359 1.6832 4.0279 41.4209 2.4679 52.0185 -3.9733 0.0054
Car -1 -1 -4.4143 562.8021 172.3253 591.5406 189.9757 1.6571 1.6658 4.0559 -3.1654 1.6072 69.9131 -4.4597 0.0053
Car -1 -1 -6.4403 559.6630 173.2709 601.8217 188.6081 1.4586 1.5143 3.8854 -2.8607 1.4993 69.8072 -6.4814 0.0053
Car -1 -1 -5.1853 55.0624 193.7537 148.6140 238.7605 1.5576 1.5529 3.4640 -19.6734 2.4076 27.8587 -5.7959 0.0052
Car -1 -1 -4.6586 572.3848 171.4898 592.7169 187.7493 1.5367 1.7646 4.0561 -2.6628 1.4075 70.2355 -4.6966 0.0050
Car -1 -1 -4.6497 1146.5571 177.2981 1177.4095 196.2305 1.3435 1.6108 3.8806 41.4032 1.6889 54.1329 -3.9997 0.0049
Car -1 -1 -4.5921 1060.1978 178.2056 1089.3009 195.9853 1.4862 1.7156 3.8531 40.9403 1.9724 63.5678 -4.0224 0.0046
Car -1 -1 -4.6652 1164.1458 185.8098 1197.3500 208.7380 1.5251 1.7183 4.0439 41.4806 2.5042 52.4496 -3.9993 0.0045
Pedestrian -1 -1 -7.5316 93.4024 184.6218 124.2981 235.4537 1.5965 0.6453 0.6445 -16.1846 1.9818 23.2452 -8.1346 0.0044
Car -1 -1 -4.7710 76.6601 196.9804 130.0887 241.6035 1.4956 1.5073 2.9323 -19.4152 2.4706 27.5505 -5.3805 0.0042
Car -1 -1 -4.5671 1062.2461 177.6708 1092.5907 195.1927 1.4604 1.7072 3.8185 40.9615 1.8957 63.2388 -3.9948 0.0038
Car -1 -1 -4.6627 1149.6941 181.8515 1182.3162 203.3755 1.4892 1.7420 4.0003 41.4168 2.1853 53.7571 -4.0093 0.0037
Car -1 -1 -4.5483 1065.4282 177.5281 1097.4865 195.1017 1.4558 1.7248 3.9683 41.0991 1.8762 62.9061 -3.9721 0.0035
Car -1 -1 -2.1047 320.1653 175.5654 377.6030 203.0899 1.9440 1.8095 4.8279 -19.4725 2.1536 53.6346 -2.4517 0.0035
Car -1 -1 -4.6734 1183.6040 181.8633 1218.1144 204.5994 1.4797 1.7347 4.0238 41.5021 2.1383 50.6918 -3.9906 0.0035
Car -1 -1 -4.6807 1154.5601 181.6382 1186.2225 203.8109 1.5248 1.7377 3.9523 41.4218 2.1992 53.3437 -4.0235 0.0035
Car -1 -1 -2.3641 309.8610 176.1158 377.7944 203.4528 1.9409 1.7394 4.9163 -19.7629 2.1905 53.4650 -2.7168 0.0033
Car -1 -1 -4.7084 1161.9020 184.7331 1192.3772 207.2130 1.5124 1.7006 3.8598 41.4169 2.4141 52.7447 -4.0459 0.0033
Car -1 -1 -7.3684 1042.4841 177.1761 1091.6692 196.5889 1.6254 1.7918 4.4111 39.9764 2.0144 63.1262 -6.8063 0.0032
Car -1 -1 -4.6179 1049.1018 176.0817 1075.1539 192.4473 1.4382 1.6742 3.9369 41.5416 1.7438 66.2991 -4.0604 0.0030
Car -1 -1 -4.6904 1189.1681 180.6412 1222.2725 203.2275 1.4656 1.7070 3.9245 41.4991 2.0300 50.2759 -4.0036 0.0030
Car -1 -1 -4.7628 1198.8531 178.4346 1235.2611 201.3787 1.4758 1.6964 3.9523 41.5760 1.8747 49.5172 -4.0676 0.0030
Car -1 -1 -4.5865 1053.0314 178.0905 1081.2374 194.9406 1.4504 1.6893 3.9455 41.4624 1.9400 65.4485 -4.0242 0.0030
Car -1 -1 -4.6120 1040.4487 174.9471 1066.1508 190.9791 1.4446 1.6763 3.9349 41.5501 1.6465 67.6323 -4.0633 0.0030
Car -1 -1 -4.5916 1034.4874 173.9164 1060.6215 189.7317 1.4478 1.6650 3.9385 41.4749 1.5513 68.3957 -4.0487 0.0030
Car -1 -1 -4.6141 1043.4104 174.7001 1069.1326 190.7756 1.4399 1.6694 3.9206 41.5414 1.6167 67.1685 -4.0625 0.0030
Car -1 -1 -4.7676 1203.4688 177.6546 1240.8773 200.9548 1.4920 1.7078 3.9962 41.6425 1.8330 49.1843 -4.0683 0.0030
Car -1 -1 -4.6182 1046.3186 175.9583 1072.3108 192.3791 1.4548 1.6892 3.9404 41.5891 1.7508 66.7901 -4.0636 0.0030
Car -1 -1 -4.7361 1194.7930 179.3933 1229.2042 202.3432 1.4833 1.7157 3.9720 41.5644 1.9543 49.9156 -4.0450 0.0030
Car -1 -1 -2.0127 322.7738 174.0497 376.2451 200.9917 1.9138 1.8745 4.8088 -19.4984 2.0066 53.8221 -2.3590 0.0029
Cyclist -1 -1 -7.3121 86.1896 183.1853 136.8935 235.6239 1.6232 0.5995 1.6299 -16.2486 1.9712 23.4934 -7.9121 0.0029
Cyclist -1 -1 -2.5441 78.5303 184.3159 141.9254 234.0811 1.5775 0.6217 1.6176 -16.1938 1.9528 23.3302 -3.1457 0.0028
Car -1 -1 -4.2474 1038.4066 177.9899 1087.3013 197.6747 1.6441 1.8616 4.4000 39.6648 2.1076 63.2170 -3.6896 0.0028
Car -1 -1 -4.6448 577.2900 172.7543 597.4719 190.5849 1.6712 1.6819 4.0364 -2.1760 1.6615 69.6738 -4.6762 0.0026
Cyclist -1 -1 -7.2407 99.5531 180.6958 154.8407 232.3939 1.6198 0.6625 1.6760 -15.8818 1.8864 23.7112 -7.8259 0.0025
Car -1 -1 -4.7070 79.6665 196.7916 128.1035 238.5101 1.3975 1.4683 3.4774 -19.7514 2.3922 28.1413 -5.3147 0.0023
Pedestrian -1 -1 -7.3555 104.5556 183.2164 136.4051 231.9649 1.5518 0.6742 0.5487 -15.9185 1.8920 23.4028 -7.9477 0.0022
Car -1 -1 -4.8066 77.0628 197.8904 131.6276 240.4214 1.4330 1.4479 3.1406 -19.6514 2.4599 27.9376 -5.4154 0.0021
Car -1 -1 -4.5683 1043.2512 176.6636 1075.7880 196.8284 1.6931 1.8447 4.3380 39.6778 2.0409 63.6868 -4.0136 0.0021
Car -1 -1 -4.2892 1036.1233 177.5374 1083.6893 198.0862 1.7254 1.8776 4.5100 39.6186 2.1508 63.5504 -3.7342 0.0017
Pedestrian -1 -1 -4.7892 755.1653 204.4764 781.9793 276.4758 1.1325 0.3933 0.3993 2.5272 1.6577 11.7683 -4.5840 0.0012
Car -1 -1 -4.8331 1038.3492 174.6440 1070.6271 196.0143 1.8068 1.8803 4.5669 39.2759 1.9711 63.8838 -4.2842 0.0011
Car -1 -1 -4.8821 1042.5295 175.6607 1077.6677 195.9881 1.6882 1.8187 4.7354 39.3152 1.9435 63.1617 -4.3277 0.0010
Pedestrian -1 -1 -5.1545 735.8244 198.8919 773.5883 283.1190 1.3235 0.4475 0.4628 2.3055 1.7588 11.7916 -4.9674 0.0009
Pedestrian -1 -1 -6.0814 310.5844 180.1192 323.7008 230.0927 1.5277 0.4132 0.2994 -9.1197 1.7548 22.3546 -6.4650 0.0009
Pedestrian -1 -1 -4.3508 729.6436 167.2313 752.1855 220.8832 1.8579 0.6535 0.4785 4.5549 1.6629 25.3586 -4.1758 0.0008
Car -1 -1 -4.5966 571.6534 171.6034 594.1946 190.2758 1.7429 1.6801 4.3838 -2.5983 1.6259 69.5999 -4.6341 0.0006
Pedestrian -1 -1 -6.1268 312.1761 179.3379 325.8616 226.1508 1.4401 0.4115 0.3354 -9.1201 1.6441 22.5004 -6.5082 0.0005
Pedestrian -1 -1 -7.8169 722.6457 163.7035 741.2198 210.3535 1.6313 0.6348 0.3749 4.2606 1.3110 25.4787 -7.6536 0.0004
Pedestrian -1 -1 -6.1715 463.9974 172.3905 475.3922 193.6781 1.5515 0.5549 0.7632 -10.3127 1.5174 52.8934 -6.3634 0.0003
Pedestrian -1 -1 -5.8872 459.9117 171.9640 472.1825 193.0242 1.5353 0.5307 0.7352 -10.5890 1.4701 52.9340 -6.0839 0.0002
Pedestrian -1 -1 -3.1723 461.4016 170.8822 472.1697 192.1518 1.5556 0.5572 0.7608 -10.5761 1.4111 53.1274 -3.3681 0.0002
Pedestrian -1 -1 -3.5852 463.0904 171.1057 476.2572 192.8086 1.5853 0.5586 0.7889 -10.3689 1.4573 53.1631 -3.7772 0.0002
