Car -1 -1 -7.7394 1057.8235 161.8909 1161.7977 237.5246 1.6216 1.6753 3.7683 12.0947 1.3862 17.4432 -7.1415 0.9997
Car -1 -1 -7.6186 874.0725 171.5285 961.4453 222.3243 1.4546 1.6057 4.3006 9.7826 1.4163 22.8698 -7.2195 0.9990
Car -1 -1 -7.8437 972.0322 179.5186 1212.4309 364.1960 1.4352 1.7211 3.6832 5.0027 1.5252 7.7690 -7.2895 0.9989
Car -1 -1 -7.5530 919.2454 172.9398 1003.9700 215.3110 1.4417 1.6317 4.3033 13.0199 1.4448 26.6898 -7.1039 0.9989
Car -1 -1 -7.7567 1095.0293 168.7937 1172.0996 220.7775 1.4191 1.5381 3.7311 15.6779 1.3079 21.6075 -7.1358 0.9347
Car -1 -1 -7.7610 1093.8351 168.8285 1173.5826 222.0430 1.4506 1.6164 3.7686 15.6938 1.3405 21.6214 -7.1399 0.9070
Car -1 -1 -7.8562 1133.8477 163.8248 1178.4954 197.9789 1.5026 1.5891 3.8654 25.4841 1.1050 33.7679 -7.2141 0.8956
Car -1 -1 -7.7143 1052.0499 161.8577 1163.2136 238.5817 1.6435 1.7262 3.8239 12.0499 1.4077 17.4527 -7.1183 0.8299
Car -1 -1 -7.9080 1128.5719 163.5459 1176.9303 197.9840 1.5179 1.5821 3.8268 25.3419 1.1074 33.8355 -7.2695 0.7694
Car -1 -1 -7.7901 1096.5408 168.1891 1172.2573 221.4705 1.4566 1.6283 3.8501 15.7957 1.3288 21.7307 -7.1683 0.7378
Car -1 -1 -4.6393 1046.2620 163.2379 1082.8646 188.7694 1.6197 1.7638 4.3399 30.2672 1.0094 48.0464 -4.0801 0.7299
Car -1 -1 -7.8796 1135.9084 163.6398 1181.7101 198.3416 1.5223 1.5830 3.3712 25.3686 1.1178 33.4843 -7.2357 0.7177
Car -1 -1 -7.7504 1130.6700 163.9847 1185.5541 197.6948 1.4828 1.6473 4.1421 25.6832 1.0924 33.8162 -7.1052 0.7168
Car -1 -1 -7.7683 1133.8627 163.9107 1184.6534 197.2940 1.4690 1.5709 4.0317 25.7041 1.0752 33.7759 -7.1221 0.7049
Car -1 -1 -7.7531 1092.8031 168.1869 1172.0293 221.6757 1.4561 1.5898 3.5069 15.5499 1.3288 21.4844 -7.1334 0.6969
Car -1 -1 -7.6458 944.5760 170.7285 1006.6447 208.5692 1.5286 1.6412 3.8802 15.7975 1.4425 31.1763 -7.1809 0.6402
Car -1 -1 -4.6675 1046.2189 163.5759 1077.7313 188.2237 1.5660 1.6074 4.0932 30.0524 0.9762 47.9854 -4.1109 0.6197
Pedestrian -1 -1 -4.9354 1176.4575 156.2715 1212.9531 215.0390 1.7956 0.7009 0.8959 18.2531 1.2886 22.6017 -4.2627 0.5986
Car -1 -1 -7.7734 1133.8871 162.8892 1182.9012 197.4764 1.5210 1.5404 3.7495 25.5590 1.0825 33.6437 -7.1281 0.5972
Car -1 -1 -7.6748 945.1525 172.2073 1004.6100 208.2373 1.4619 1.6270 4.0585 15.8761 1.4353 31.3869 -7.2106 0.5701
Car -1 -1 -7.7989 1087.9977 168.1245 1163.1991 222.7423 1.4848 1.6511 3.8637 15.4692 1.3560 21.6431 -7.1851 0.5563
Car -1 -1 -7.6177 1043.8346 164.8624 1091.9146 188.5383 1.5026 1.7232 4.4233 30.4285 0.9951 47.9538 -7.0552 0.5523
Car -1 -1 -7.5380 924.5471 172.8374 1004.5876 215.8732 1.4612 1.5216 3.8621 12.9831 1.4604 26.4169 -7.0861 0.4992
Car -1 -1 -4.5899 1047.1088 164.3571 1084.0580 188.1648 1.5050 1.6039 3.9601 30.0817 0.9675 47.6530 -4.0297 0.4941
Car -1 -1 -7.6365 941.4480 169.5914 1003.5709 208.8866 1.5719 1.6472 3.5879 15.4572 1.4411 30.7770 -7.1753 0.4822
Car -1 -1 -7.6777 947.4704 169.6473 1005.8499 208.1480 1.5440 1.6375 3.5888 15.6785 1.4151 30.8630 -7.2119 0.4807
Pedestrian -1 -1 -4.9618 1180.9973 155.8054 1215.4822 214.9855 1.8011 0.6405 0.8342 18.2597 1.2820 22.4719 -4.2861 0.4804
Car -1 -1 -7.6856 1062.9849 162.3704 1176.4384 237.4353 1.6092 1.6295 3.9636 12.3440 1.3841 17.4529 -7.0784 0.4721
Car -1 -1 -4.7848 1041.7942 162.6679 1078.4897 188.9653 1.6722 1.7428 4.4680 30.0182 1.0242 48.2660 -4.2313 0.4634
Pedestrian -1 -1 -5.1181 1168.6378 156.2319 1210.4574 214.9185 1.7978 0.7158 0.9127 18.1191 1.2883 22.6377 -4.4497 0.4606
Car -1 -1 -7.8018 1141.8948 163.8567 1191.4564 197.1308 1.4538 1.6300 4.2958 25.9887 1.0604 33.6900 -7.1491 0.4348
Car -1 -1 -8.0341 1121.7168 163.7501 1183.8463 198.2193 1.5200 1.5980 4.1355 25.4595 1.1182 34.0256 -7.3961 0.4346
Car -1 -1 -4.5796 1044.4951 164.1462 1083.8536 188.1075 1.5371 1.7059 4.2211 30.4978 0.9782 48.4561 -4.0208 0.4198
Car -1 -1 -7.7200 1104.4047 165.9148 1186.2922 220.4644 1.4892 1.5203 3.5834 15.9588 1.2995 21.5167 -7.0887 0.4166
Car -1 -1 -4.4954 1040.6133 162.5865 1086.7354 188.4092 1.6455 1.6976 4.4666 30.2844 0.9909 48.1665 -3.9371 0.4141
Car -1 -1 -7.8158 1138.5037 163.9629 1186.4794 197.3318 1.4620 1.6366 4.6008 25.9653 1.0721 33.9094 -7.1666 0.4132
Car -1 -1 -7.6718 1133.2538 163.3659 1194.9921 196.7735 1.4671 1.5919 4.0561 25.8259 1.0501 33.6396 -7.0214 0.4107
Car -1 -1 -7.6699 1049.6963 164.4072 1093.5032 188.3673 1.5127 1.6855 4.3523 30.5272 0.9791 47.7211 -7.1038 0.4005
Car -1 -1 -8.0160 1125.2605 162.7072 1186.0853 197.4167 1.5324 1.5888 4.3260 25.6829 1.0842 34.1423 -7.3754 0.3940
Car -1 -1 -7.4998 1045.9406 164.8852 1099.7024 188.5131 1.4948 1.6544 4.1591 30.4990 0.9904 47.5648 -6.9326 0.3562
Car -1 -1 -7.7272 950.1022 172.2567 1006.2787 208.3485 1.4595 1.6781 4.1811 16.0186 1.4350 31.3795 -7.2594 0.3560
Car -1 -1 -4.6098 1050.7170 164.1083 1087.3246 187.8563 1.4993 1.6388 4.1451 30.3337 0.9468 47.6888 -4.0463 0.3442
Car -1 -1 -4.6000 1102.0913 168.0872 1180.8630 222.1157 1.4498 1.5267 3.1721 15.4899 1.3216 21.0474 -3.9725 0.3093
Pedestrian -1 -1 -6.5553 1226.2599 155.4692 1241.0000 223.0234 1.7725 0.6278 0.5702 16.9366 1.3161 19.3375 -5.8438 0.2998
Car -1 -1 -7.6235 1137.6078 163.7904 1201.2072 197.1525 1.4618 1.5024 3.8603 25.8959 1.0644 33.4187 -6.9687 0.2872
Pedestrian -1 -1 -4.0818 1207.9178 151.8318 1239.0542 212.7027 1.8759 0.5876 0.4538 19.1421 1.2278 22.5763 -3.3852 0.2765
Pedestrian -1 -1 -4.4580 1213.9995 152.5506 1241.0000 214.0766 1.8791 0.5676 0.4582 19.1377 1.2587 22.4012 -3.7578 0.2675
Car -1 -1 -7.8600 1142.4497 164.0469 1186.7644 199.2357 1.5209 1.5407 3.3274 25.2660 1.1399 32.9779 -7.2107 0.2622
Car -1 -1 -7.5017 1131.1151 162.3253 1216.2666 196.7333 1.5164 1.6863 4.5522 26.3321 1.0521 33.7216 -6.8431 0.2547
Car -1 -1 -7.4536 1042.6890 162.9728 1102.4447 187.4139 1.5540 1.7174 4.5337 30.6795 0.9254 47.8696 -6.8865 0.2491
Pedestrian -1 -1 -3.1592 1221.9924 155.9237 1241.0000 222.5350 1.7475 0.5785 0.5920 16.7478 1.3030 19.3404 -2.4533 0.2325
Pedestrian -1 -1 -4.9998 1172.4656 157.4665 1209.4818 215.3059 1.7829 0.6832 0.8788 18.2773 1.3083 22.7764 -4.3301 0.2274
Car -1 -1 -4.9499 1030.7471 162.8723 1078.4171 189.2941 1.6872 1.7166 4.4024 29.7326 1.0495 48.4340 -4.4022 0.2054
Car -1 -1 -8.0140 1118.8904 164.1682 1176.2460 198.2542 1.5029 1.5478 3.7939 25.0998 1.1196 33.8541 -7.3804 0.1899
Car -1 -1 -8.1343 1110.0918 163.4638 1181.3818 198.6896 1.5574 1.5923 4.1540 25.1864 1.1420 34.1250 -7.5028 0.1833
Pedestrian -1 -1 -4.1921 901.2508 163.2723 922.8046 211.7028 1.7965 0.5677 0.5157 11.3171 1.4408 27.1476 -3.8014 0.1623
Pedestrian -1 -1 -7.3867 897.3567 162.6974 920.2322 211.2480 1.7994 0.6182 0.5429 11.1977 1.4226 27.1528 -6.9998 0.1549
Car -1 -1 -7.3843 1032.4904 164.7734 1097.3486 189.0359 1.5619 1.7663 4.6779 30.5108 1.0414 48.4122 -6.8249 0.1462
Car -1 -1 -4.7567 1041.1132 163.7727 1073.8199 188.7917 1.5729 1.6372 3.9647 29.3712 1.0017 47.4922 -4.2057 0.1437
Car -1 -1 -4.8254 1035.8020 163.1412 1074.1965 188.7587 1.6234 1.6907 4.1994 29.5001 1.0076 47.9833 -4.2771 0.1425
Pedestrian -1 -1 -7.5001 896.4904 164.4843 917.3229 212.2163 1.7804 0.5897 0.5117 11.1884 1.4679 27.3007 -7.1154 0.0894
Car -1 -1 -4.5972 945.6479 169.1824 1004.6544 210.2650 1.5673 1.6948 4.4690 15.1247 1.4269 29.8596 -4.1327 0.0886
Pedestrian -1 -1 -4.9757 1184.8260 154.6689 1220.5775 214.8674 1.8516 0.7213 0.6384 18.5313 1.2920 22.6315 -4.2962 0.0713
Pedestrian -1 -1 -6.7059 1220.7557 156.5500 1241.0000 224.1484 1.7531 0.6659 0.7194 16.7529 1.3300 19.1340 -5.9946 0.0649
Pedestrian -1 -1 -7.4006 900.3634 165.1200 922.0345 212.7911 1.7769 0.5849 0.5291 11.3453 1.4883 27.2887 -7.0108 0.0633
Pedestrian -1 -1 -6.7029 1230.5537 156.4575 1241.0000 223.6861 1.7429 0.6584 0.6807 16.9799 1.3176 19.1211 -5.9846 0.0602
Car -1 -1 -7.4762 1137.7910 163.2885 1222.4863 196.6698 1.4634 1.6264 4.2901 26.3846 1.0437 33.4156 -6.8123 0.0382
Pedestrian -1 -1 -4.7242 1199.4822 155.5121 1226.3259 214.4213 1.7912 0.6267 0.5582 18.6219 1.2636 22.3535 -4.0364 0.0243
Car -1 -1 -7.9132 1050.6436 167.1572 1086.7437 193.2206 1.5747 1.6551 4.4909 29.1239 1.2302 45.9595 -7.3515 0.0240
Car -1 -1 -4.7061 954.0028 167.0929 1003.9688 210.8237 1.6346 1.6861 4.5475 14.9654 1.4189 29.3780 -4.2394 0.0167
Car -1 -1 -4.7440 949.1692 167.7548 1000.7950 211.0649 1.6204 1.6971 4.5262 14.7448 1.4293 29.4072 -4.2837 0.0158
Car -1 -1 -5.7409 1158.3121 170.4880 1241.0000 214.1224 1.5354 1.5867 3.7381 23.2926 1.4518 27.4142 -5.0422 0.0152
Car -1 -1 -3.7770 941.7916 165.4560 1011.4265 192.3148 1.6688 1.6333 3.7111 23.2877 1.2088 45.9474 -3.3107 0.0133
Car -1 -1 -5.4492 1130.3838 160.1519 1221.4478 193.0137 1.8394 1.9782 4.0834 33.1739 1.1281 42.5002 -4.7899 0.0088
Car -1 -1 -6.9118 945.9080 164.2443 1022.8300 190.7733 1.6534 1.7235 4.1493 23.8763 1.1165 46.1381 -6.4371 0.0085
Car -1 -1 -3.7830 940.9151 163.5075 1015.9265 190.2840 1.6664 1.6362 4.1060 23.4633 1.0845 46.0647 -3.3146 0.0072
Cyclist -1 -1 -7.8882 1166.9591 164.1462 1179.4050 199.4274 1.5613 0.3782 1.6673 25.4877 1.1756 32.7171 -7.2310 0.0071
Cyclist -1 -1 -4.9417 1222.7594 157.7293 1241.0000 224.7882 1.6990 0.5655 1.6132 16.7866 1.3155 19.1261 -4.2293 0.0063
Car -1 -1 -5.1874 1125.7135 160.5715 1202.4827 190.7602 1.6918 1.6901 4.5696 32.7288 1.0032 42.8319 -4.5383 0.0039
Car -1 -1 -4.7341 1135.0741 159.6641 1175.5757 190.0012 1.7095 1.8074 4.2171 32.3233 0.9659 42.8989 -4.0918 0.0036
Car -1 -1 -5.4320 1125.4235 160.8476 1216.9098 192.7514 1.7850 1.8987 4.2762 32.9366 1.1130 42.5646 -4.7770 0.0034
Cyclist -1 -1 -7.6859 1010.3645 165.1221 1019.0907 188.2758 1.5098 0.2999 1.2622 26.6895 1.0053 47.6359 -7.1780 0.0033
Car -1 -1 -8.9883 0.0000 0.0000 1241.0000 374.0000 1.5447 1.5830 3.5607 4.2614 1.5208 1.2843 -7.7725 0.0030
Car -1 -1 -9.0232 0.0000 0.0000 1241.0000 374.0000 1.5356 1.5889 3.5951 5.0479 1.5100 1.3774 -7.7722 0.0030
Car -1 -1 -9.0101 0.0000 0.0000 1241.0000 374.0000 1.5370 1.5914 3.5797 4.6671 1.5228 1.3195 -7.7724 0.0030
Car -1 -1 -9.0574 0.0000 0.0000 1241.0000 374.0000 1.5340 1.5956 3.6409 5.8115 1.5035 1.4204 -7.7735 0.0030
Car -1 -1 -5.8746 1241.0000 18.0977 1241.0000 374.0000 1.5187 1.5970 3.6759 6.2106 1.4818 2.0451 -4.6641 0.0030
Car -1 -1 -9.0408 0.0000 0.0000 1241.0000 374.0000 1.5288 1.5978 3.6103 5.4421 1.5299 1.4070 -7.7730 0.0030
Car -1 -1 -5.8356 1241.0000 0.0000 1241.0000 374.0000 1.5308 1.5926 3.6393 5.4473 1.4826 1.9923 -4.6624 0.0030
Cyclist -1 -1 -7.7891 1013.2142 164.9134 1020.0191 187.8741 1.5039 0.3102 1.3752 26.9759 0.9835 47.9227 -7.2792 0.0029
Car -1 -1 -4.7837 1124.8716 159.6769 1168.9420 189.4288 1.6866 1.7916 4.3091 32.0415 0.9393 43.2024 -4.1489 0.0029
Pedestrian -1 -1 -9.1139 1009.4034 164.8932 1021.1813 188.8357 1.5668 0.6416 0.5074 26.7161 1.0455 47.6208 -8.6055 0.0027
Cyclist -1 -1 -7.9630 1122.6896 160.8824 1153.8175 229.0630 1.7186 0.4668 1.6657 13.8616 1.4165 19.0273 -7.3412 0.0020
Pedestrian -1 -1 -6.1584 1042.2102 163.2543 1053.5824 184.5574 1.6918 0.6406 0.7057 35.0344 0.9291 57.7714 -5.6156 0.0018
Cyclist -1 -1 -4.1621 1214.3762 156.3387 1241.0000 223.7084 1.7354 0.6068 1.6647 16.8876 1.3097 19.1256 -3.4467 0.0015
Pedestrian -1 -1 -2.8351 1041.9150 162.8241 1054.4708 185.1063 1.7726 0.7413 0.6700 35.1345 0.9744 57.8974 -2.2920 0.0011
Pedestrian -1 -1 -4.7390 711.2546 198.2209 729.8317 244.8020 0.9665 0.3798 0.3288 2.2980 1.5127 15.3594 -4.5942 0.0008
Pedestrian -1 -1 -5.0794 1206.8444 179.6472 1241.0000 263.4957 1.4778 0.4635 0.4281 11.1113 1.6028 13.0387 -4.3853 0.0003
Cyclist -1 -1 -7.6272 716.0741 177.7816 745.7791 239.6508 1.3132 0.3630 1.3783 2.6635 1.4280 16.1347 -7.4673 0.0002
Cyclist -1 -1 -7.9250 1144.1841 168.5589 1169.9198 221.8084 1.4456 0.4482 1.6518 15.4058 1.3287 20.4043 -7.2855 0.0001
