Cyclist -1 -1 -4.9714 736.6003 152.0092 784.0775 243.5880 1.8471 0.5355 1.8062 3.1418 1.4264 15.4715 -4.7755 0.9956
Car -1 -1 -7.8315 587.4407 176.9471 612.6190 200.5830 1.4986 1.6047 3.9006 -0.6673 1.7839 48.3838 -7.8457 0.9215
Car -1 -1 -7.8526 586.5899 177.2128 612.3600 200.7785 1.4916 1.6572 3.8984 -0.7383 1.7952 48.3546 -7.8682 0.7912
Car -1 -1 -7.7719 588.2219 177.5448 616.9139 200.7924 1.4665 1.6038 4.0271 -0.4925 1.7944 48.4168 -7.7825 0.6184
Car -1 -1 -4.3754 241.1620 187.4031 291.2777 215.2665 1.4728 1.5995 3.3253 -19.8400 2.3482 41.6906 -4.8174 0.5260
Car -1 -1 -7.8084 584.3719 175.9820 611.6683 199.9956 1.5255 1.6664 3.3888 -0.7982 1.7407 48.0005 -7.8254 0.5118
Car -1 -1 -4.5412 243.5708 186.1547 288.4133 215.2152 1.5315 1.6925 4.0640 -20.0921 2.3495 42.2082 -4.9833 0.4722
Car -1 -1 -4.3803 244.5893 187.0684 294.7780 214.4582 1.4549 1.5848 3.5007 -19.8031 2.3188 42.0437 -4.8183 0.4568
Car -1 -1 -4.2953 134.0306 191.5018 216.4039 228.0610 1.4199 1.6888 3.9207 -19.3047 2.3037 32.1602 -4.8326 0.4521
Car -1 -1 -4.4790 136.6511 189.9783 208.5105 228.3839 1.4876 1.7794 4.3711 -19.5658 2.3120 32.3977 -5.0189 0.4322
Pedestrian -1 -1 -3.5698 765.9620 164.0857 795.2777 219.3444 1.8200 0.5347 0.8026 5.6495 1.5309 24.1074 -3.3430 0.4241
Car -1 -1 -4.3717 140.0603 188.7752 221.4131 226.6247 1.4878 1.7688 4.4384 -19.3544 2.2605 32.6836 -4.9030 0.3866
Car -1 -1 -4.2561 135.2029 191.3828 214.6372 227.7088 1.4158 1.6273 3.4529 -19.0783 2.2762 31.7317 -4.7940 0.3723
Car -1 -1 -4.3512 244.6825 186.2008 295.2184 214.2902 1.4971 1.6016 3.2258 -19.6372 2.2993 41.7135 -4.7890 0.3437
Car -1 -1 -4.2424 138.3242 192.3278 225.8631 228.2830 1.3946 1.6735 4.1410 -19.1268 2.3258 32.3968 -4.7724 0.3349
Pedestrian -1 -1 -3.6499 762.5119 163.2526 791.0852 219.6625 1.8485 0.5100 0.7753 5.4976 1.5336 23.9987 -3.4280 0.3180
Car -1 -1 -4.2641 142.2809 191.6071 222.2114 227.6059 1.4081 1.5835 3.7566 -19.0113 2.2944 32.1776 -4.7944 0.2898
Car -1 -1 -7.6459 588.7578 177.2990 624.8263 200.7826 1.4775 1.6141 4.0741 -0.2019 1.7885 48.3708 -7.6505 0.2857
Pedestrian -1 -1 -3.5244 768.3766 164.7773 796.5433 219.6127 1.7967 0.5141 0.7721 5.6742 1.5318 23.9546 -3.2952 0.2760
Car -1 -1 -7.1663 0.0000 190.8871 71.3902 252.1006 1.6108 1.7128 3.6968 -18.6473 2.2052 21.9388 -7.8649 0.2161
Pedestrian -1 -1 -3.6573 761.9614 163.0947 788.9135 219.3522 1.8507 0.5346 0.7044 5.4741 1.5293 24.0942 -3.4372 0.2147
Pedestrian -1 -1 -8.1215 1121.3240 151.5231 1140.0365 185.9385 1.8612 0.6913 0.6064 28.4066 0.7073 39.4248 -7.5007 0.1634
Car -1 -1 -4.4699 393.8595 182.6537 460.6343 222.0771 1.3729 1.5882 4.0656 -7.0867 1.7829 28.1737 -4.7146 0.1501
Pedestrian -1 -1 -8.0531 1128.5704 150.2942 1147.6116 185.2473 1.8760 0.7140 0.6662 28.6302 0.6649 39.1782 -7.4256 0.1307
Car -1 -1 -7.7418 430.6313 181.8092 476.0159 214.9661 1.4243 1.6480 4.1720 -7.4254 1.8768 34.3188 -7.9538 0.1201
Car -1 -1 -7.2192 0.0000 192.9831 79.4489 252.8635 1.5724 1.6438 3.8908 -18.5984 2.2489 22.2712 -7.9092 0.1192
Pedestrian -1 -1 -7.8268 1125.0386 149.5210 1141.3864 185.1163 1.9099 0.7036 0.6826 28.3877 0.6577 39.1999 -7.2036 0.1159
Car -1 -1 -7.2513 0.0000 193.2821 84.9892 251.4327 1.5368 1.5770 3.8358 -18.4384 2.2274 22.4304 -7.9336 0.1153
Car -1 -1 -4.3314 247.4851 185.8703 299.5450 213.6760 1.4903 1.5504 3.5301 -19.6341 2.2831 42.1635 -4.7651 0.1105
Car -1 -1 -4.1562 78.1663 193.3425 167.7708 231.4010 1.4223 1.5116 3.5311 -20.6410 2.3440 30.6798 -4.7446 0.1083
Car -1 -1 -4.4132 384.9073 182.7144 458.2795 223.2944 1.4077 1.6239 4.0872 -7.2860 1.8201 28.1209 -4.6649 0.0793
Car -1 -1 -6.2907 573.3937 176.3752 631.8433 200.5607 1.5607 1.7825 3.7966 -0.5285 1.7980 47.7584 -6.3022 0.0557
Car -1 -1 -5.0711 608.5873 177.0618 654.9124 201.5538 1.4780 1.6944 3.9375 1.3143 1.7608 46.4123 -5.0434 0.0540
Car -1 -1 -7.5961 392.1528 183.3469 462.6067 223.2107 1.4344 1.7116 4.3395 -7.3527 1.8918 29.2919 -7.8404 0.0521
Car -1 -1 -5.1108 602.9602 177.3500 649.9551 201.6933 1.4907 1.6685 3.9183 0.9916 1.7971 47.0987 -5.0904 0.0471
Car -1 -1 -7.5678 398.3895 182.2329 469.1739 221.2757 1.4124 1.6231 4.3695 -7.1178 1.8231 29.3933 -7.8038 0.0404
Car -1 -1 -4.8236 615.8116 176.5535 647.9354 201.5574 1.5402 1.6457 4.0751 1.3528 1.7925 47.1660 -4.7956 0.0365
Pedestrian -1 -1 -6.3310 868.8920 149.6510 879.4163 193.4874 1.7479 0.5648 0.3689 10.6048 0.8224 29.0948 -5.9849 0.0342
Car -1 -1 -4.5831 620.1417 176.7735 652.4402 201.6668 1.5297 1.6162 3.9334 1.7219 1.7963 47.0646 -4.5473 0.0339
Car -1 -1 -6.4474 581.5816 176.8645 649.0137 199.7479 1.4639 1.5125 4.2586 0.2974 1.7343 47.6204 -6.4416 0.0231
Car -1 -1 -5.1744 1097.1412 151.5040 1163.2607 182.2059 1.6209 1.4413 3.7474 28.7519 0.4934 40.0571 -4.5553 0.0215
Car -1 -1 -4.5386 424.8060 181.9076 474.0293 215.5507 1.4089 1.5582 3.9103 -7.3789 1.8510 33.2719 -4.7556 0.0153
Car -1 -1 -5.2544 1100.0387 148.0482 1176.6307 181.0842 1.7166 1.6191 3.8323 28.7574 0.4273 39.4688 -4.6283 0.0141
Car -1 -1 -7.6686 0.0000 190.8201 89.7762 246.7721 1.6000 1.7037 4.1797 -19.0124 2.2614 24.3257 -8.3268 0.0133
Car -1 -1 -4.3870 492.7587 177.1866 522.0201 194.0698 1.4945 1.5589 3.7846 -9.5009 1.9080 66.9034 -4.5278 0.0129
Car -1 -1 -3.4906 1059.8301 153.1439 1150.9009 182.6774 1.6006 1.7043 3.8506 27.6186 0.5321 40.4025 -2.8944 0.0123
Car -1 -1 -7.7024 431.6672 181.7451 480.2225 214.6275 1.4466 1.6973 4.1003 -7.4370 1.9031 34.9714 -7.9109 0.0122
Car -1 -1 -7.8060 727.1283 164.6968 768.3984 205.3651 1.8603 1.7965 3.9092 6.7123 1.4869 35.1155 -7.6192 0.0102
Car -1 -1 -4.7757 491.1684 178.9146 510.8820 196.1297 1.5105 1.5581 3.9045 -10.1403 2.0890 66.8416 -4.9260 0.0099
Car -1 -1 -7.7556 728.5178 162.4003 773.4474 204.8400 1.9379 1.7735 3.9579 6.8682 1.4603 35.0976 -7.5644 0.0099
Car -1 -1 -6.7215 585.8715 177.0261 656.9124 200.7747 1.4987 1.6440 4.4244 0.7292 1.7842 47.7756 -6.7068 0.0096
Car -1 -1 -4.5477 492.1536 179.2022 515.0773 195.8967 1.4668 1.4945 3.8162 -9.8374 2.0710 66.7800 -4.6937 0.0086
Car -1 -1 -4.9208 483.5012 179.6576 509.6180 196.4627 1.4602 1.5756 4.0447 -10.5250 2.1086 66.6222 -5.0772 0.0061
Car -1 -1 -4.0723 424.6464 180.0756 493.0298 207.2619 1.5755 1.7580 4.7264 -9.5166 2.0573 45.6625 -4.2770 0.0060
Car -1 -1 -2.9090 460.4315 178.9498 515.9446 198.4789 1.3768 1.6501 3.6951 -8.8498 1.8272 52.4019 -3.0759 0.0059
Car -1 -1 -5.0165 459.8846 175.5233 506.2428 201.0621 1.6151 1.8089 4.4726 -8.6214 1.8033 48.5352 -5.1917 0.0058
Cyclist -1 -1 -8.7169 1012.3481 163.9806 1126.7512 266.8723 1.4057 0.4770 1.4453 6.6586 1.2841 10.6183 -8.1697 0.0051
Car -1 -1 -6.1988 585.9463 177.1962 655.1827 201.1772 1.5212 1.5984 4.4062 0.6847 1.8107 47.1479 -6.1849 0.0049
Car -1 -1 -6.4951 587.9816 176.9063 658.8735 200.4944 1.5024 1.6152 4.4339 0.8349 1.7763 47.5996 -6.4781 0.0049
Car -1 -1 -3.9714 430.3072 178.7712 504.0126 205.8179 1.5766 1.8138 4.7963 -8.9975 1.9716 45.6831 -4.1652 0.0046
Car -1 -1 -8.4509 1089.4801 152.2265 1161.6190 183.5263 1.6785 1.6072 3.4656 28.7712 0.5720 40.4414 -7.8360 0.0045
Car -1 -1 -5.0218 699.8642 174.9877 745.6600 203.6746 1.4750 1.5493 3.1550 6.0157 1.5951 39.0302 -4.8705 0.0040
Car -1 -1 -4.6660 282.2663 181.9064 305.2069 199.6101 1.4750 1.6906 4.0592 -28.2859 2.3122 64.5605 -5.0777 0.0040
Car -1 -1 -4.0951 450.2136 178.5252 504.3822 199.6142 1.3983 1.6555 4.2122 -9.4101 1.8191 51.3158 -4.2759 0.0032
Cyclist -1 -1 -8.6040 986.1182 157.8315 1111.6445 269.4536 1.5266 0.5044 1.7815 6.4384 1.3208 10.7925 -8.0786 0.0031
Car -1 -1 -4.4519 273.1477 182.5668 304.4550 199.3804 1.4023 1.6161 3.8618 -28.7187 2.2985 64.5615 -4.8691 0.0030
Cyclist -1 -1 -8.5920 961.1730 157.6039 1088.5758 269.7870 1.5898 0.5321 1.9357 6.3234 1.3734 11.2286 -8.0908 0.0028
Car -1 -1 -7.3061 1237.1508 120.8365 1241.0000 374.0000 1.4495 1.6031 3.9047 6.7139 1.1705 4.8734 -6.3914 0.0028
Car -1 -1 -8.1479 1101.7948 149.2536 1159.5645 181.4371 1.7127 1.6403 3.5622 29.0002 0.4565 40.3475 -7.5282 0.0027
Car -1 -1 -7.2236 1241.0000 119.1813 1241.0000 374.0000 1.4595 1.6110 3.8710 6.5986 1.1828 4.5208 -6.2833 0.0027
Cyclist -1 -1 -8.6479 991.7079 157.2207 1122.3450 266.9347 1.5199 0.5583 1.7846 6.6445 1.3030 10.9299 -8.1141 0.0026
Car -1 -1 -7.3976 1233.8545 121.3398 1241.0000 374.0000 1.4887 1.6152 4.0911 7.0104 1.1966 5.3198 -6.5022 0.0026
Pedestrian -1 -1 -4.6050 987.9802 157.9268 1029.5752 265.5842 1.6337 0.5230 0.5503 6.2056 1.4069 11.3240 -4.1152 0.0026
Car -1 -1 -7.2537 1241.0000 104.6582 1241.0000 374.0000 1.4969 1.6347 4.0089 6.3100 1.2327 3.6844 -6.2455 0.0025
Car -1 -1 -7.1571 1241.0000 115.3303 1241.0000 374.0000 1.4952 1.6417 3.9510 6.4100 1.2453 4.1310 -6.1907 0.0024
Car -1 -1 -6.3568 589.1526 177.5009 661.3940 200.6104 1.4740 1.6075 4.6279 0.9346 1.7844 47.3232 -6.3377 0.0024
Pedestrian -1 -1 -4.8128 1002.0493 161.0174 1052.5742 261.9553 1.4860 0.6076 0.5322 6.2865 1.3115 10.9875 -4.3051 0.0021
Pedestrian -1 -1 -4.4513 969.8102 166.3857 1006.5372 258.8552 1.4152 0.3941 0.5358 5.9080 1.3160 11.3742 -3.9833 0.0019
Car -1 -1 -4.8054 710.1901 172.2134 745.0500 201.2569 1.4981 1.5346 3.4058 6.2714 1.4647 38.9661 -4.6474 0.0018
Car -1 -1 -7.8152 713.1776 175.1858 743.3027 203.8000 1.4613 1.4863 3.1120 6.3475 1.5918 38.7938 -7.6547 0.0017
Car -1 -1 -4.6673 313.5265 181.3487 335.0554 198.2893 1.4826 1.6909 4.0102 -26.7148 2.3025 67.4951 -5.0431 0.0017
Pedestrian -1 -1 -4.3740 658.8933 173.0501 684.4421 235.5597 1.4468 0.4027 0.6811 1.4134 1.4513 17.0957 -4.2937 0.0015
Car -1 -1 -4.8475 307.5053 181.4266 331.2841 197.7959 1.4316 1.5827 3.5893 -27.0639 2.2516 67.0959 -5.2298 0.0015
Car -1 -1 -4.7845 312.9290 181.9324 333.1974 197.5493 1.3663 1.5109 3.4284 -26.7517 2.2347 67.1744 -5.1624 0.0014
Car -1 -1 -4.4267 502.1309 175.8612 537.3655 196.3552 1.4521 1.6610 3.5582 -6.6905 1.6830 53.5695 -4.5507 0.0014
Car -1 -1 -5.8771 584.7241 177.1915 656.1743 201.8251 1.5238 1.5776 4.3659 0.6360 1.8145 46.8079 -5.8641 0.0012
Car -1 -1 -4.4746 709.6675 169.4231 754.4283 199.7664 1.5582 1.5979 3.5640 6.6006 1.3818 39.0063 -4.3086 0.0011
Car -1 -1 -4.6535 478.2919 177.1262 506.0275 201.4058 1.5360 1.5955 4.2821 -7.9330 1.8367 48.6355 -4.8147 0.0009
Car -1 -1 -5.0945 694.7831 173.4577 745.0478 202.7468 1.5053 1.6016 3.1680 5.8372 1.5389 38.8804 -4.9470 0.0007
Car -1 -1 -4.4984 491.3791 176.2977 527.5249 200.9575 1.7347 1.7261 4.6219 -7.4688 2.0024 53.7885 -4.6361 0.0007
Car -1 -1 -4.8516 484.0032 174.9479 515.9745 198.2727 1.6320 1.7353 4.3822 -8.1901 1.7930 53.2535 -5.0038 0.0006
Car -1 -1 -4.7608 493.1649 177.7102 515.8618 199.9371 1.5587 1.4785 3.7789 -7.8734 1.9317 53.4686 -4.9066 0.0006
Pedestrian -1 -1 -3.1168 851.8118 155.8999 872.1539 212.3606 1.6710 0.6394 0.5676 7.5509 1.1690 21.7533 -2.7873 0.0005
Car -1 -1 -7.5110 828.3246 155.1619 868.5238 179.6261 1.6529 1.5361 3.6898 16.7422 0.4573 50.6779 -7.1937 0.0005
Car -1 -1 -7.6855 828.8434 154.1200 860.9373 179.5098 1.7185 1.5592 3.7017 16.5474 0.4502 50.8387 -7.3726 0.0005
Car -1 -1 -7.4045 830.0094 154.2255 876.2219 179.5535 1.7055 1.5866 3.7788 17.0072 0.4508 50.4923 -7.0815 0.0005
Pedestrian -1 -1 -3.0292 853.0821 151.6216 878.1035 212.8382 1.7890 0.6788 0.6358 7.5804 1.1682 21.5295 -2.6953 0.0004
Pedestrian -1 -1 -3.4072 858.6162 147.9970 884.3726 212.7384 1.8985 0.6627 0.5639 7.7404 1.1693 21.5106 -3.0665 0.0003
Car -1 -1 -4.3501 495.4267 177.3423 533.3121 197.4152 1.4121 1.6066 3.6323 -7.0896 1.7572 53.5829 -4.4814 0.0003
Car -1 -1 -4.5109 492.6660 175.7041 524.2900 198.6898 1.6254 1.6042 3.7318 -7.5047 1.8436 53.4094 -4.6502 0.0002
