Car -1 -1 -7.6660 357.2547 184.8048 495.5715 286.1581 1.4814 1.6401 4.2126 -3.2058 1.7351 13.1938 -7.9007 0.9999
Car -1 -1 -7.9983 666.9012 178.7619 759.1131 249.2018 1.5315 1.6532 4.2424 2.4095 1.6975 18.1794 -7.8695 0.9998
Car -1 -1 -8.2762 776.8962 175.8698 1241.0000 374.0000 1.5864 1.6353 3.6949 2.5680 1.6181 5.7918 -7.8789 0.9998
Car -1 -1 -7.9394 631.5428 179.9267 669.5734 213.3391 1.5133 1.5459 3.5004 1.8928 1.8755 35.2052 -7.8867 0.9977
Car -1 -1 -7.2859 0.0000 201.2294 377.0721 374.0000 1.4609 1.6513 4.0746 -2.9757 1.7149 4.4272 -7.8512 0.9839
Car -1 -1 -7.2971 0.0000 199.1393 384.8935 374.0000 1.4927 1.6243 3.7246 -2.9257 1.7295 4.6330 -7.8358 0.8959
Car -1 -1 -7.2922 0.0000 197.6138 382.0766 374.0000 1.4862 1.6470 4.1255 -2.9740 1.7121 4.5262 -7.8479 0.8465
Car -1 -1 -7.9398 630.9177 179.9423 669.2023 213.2988 1.5095 1.5532 3.5476 1.8683 1.8729 35.2168 -7.8879 0.8350
Car -1 -1 -7.9426 631.3416 178.5678 671.1183 213.1924 1.5783 1.6220 3.5142 1.9267 1.8714 35.2631 -7.8891 0.8112
Car -1 -1 -7.3308 0.0000 200.0623 378.7668 374.0000 1.4558 1.5810 4.1180 -2.9281 1.7057 4.5585 -7.8766 0.7990
Car -1 -1 -4.8220 629.6808 179.1958 669.3545 213.2959 1.5486 1.5620 3.3044 1.8372 1.8717 35.0937 -4.7707 0.7581
Car -1 -1 -7.9755 670.2649 179.6198 761.0507 249.7268 1.5229 1.7281 3.9903 2.4681 1.7108 18.0651 -7.8428 0.7412
Car -1 -1 -4.1676 0.0000 205.9812 376.5852 374.0000 1.4357 1.5745 4.4378 -2.8484 1.7286 4.1477 -4.7409 0.6025
Car -1 -1 -8.4337 1069.9678 172.3750 1241.0000 374.0000 1.4961 1.5956 3.9438 5.9502 1.4928 6.5400 -7.7183 0.4181
Pedestrian -1 -1 -4.0858 517.5052 172.1569 537.1138 208.3781 1.8417 0.5945 0.8936 -4.3019 1.8059 37.2223 -4.2006 0.3190
Pedestrian -1 -1 -3.9712 517.4056 173.1885 537.1003 208.3480 1.7946 0.6210 0.8222 -4.3211 1.8119 37.3535 -4.0861 0.3000
Car -1 -1 -7.7474 646.2635 178.2988 681.4288 207.6661 1.5776 1.6176 3.9495 3.1133 1.9072 41.6236 -7.6738 0.2813
Pedestrian -1 -1 -3.9214 515.0549 172.5438 533.9214 208.0538 1.8053 0.6023 0.7620 -4.4429 1.7892 37.1680 -4.0401 0.2721
Car -1 -1 -7.6176 637.5769 178.5353 681.7097 207.9307 1.5719 1.6724 3.8902 2.8678 1.9149 41.5031 -7.5496 0.2563
Car -1 -1 -8.4614 1071.2385 164.5826 1241.0000 374.0000 1.5344 1.6306 3.9957 6.1208 1.4815 6.6712 -7.7413 0.2433
Car -1 -1 -7.8547 637.6557 176.4242 665.0806 205.8617 1.7548 1.6547 4.4532 2.5856 1.9925 45.8309 -7.7992 0.2243
Car -1 -1 -7.7214 633.1953 179.3035 671.1980 208.3800 1.5513 1.6821 3.9374 2.4378 1.9408 41.5161 -7.6638 0.2127
Car -1 -1 -7.7460 639.9008 178.5750 676.1077 207.9798 1.5731 1.6565 4.0978 2.7782 1.9198 41.6030 -7.6804 0.2112
Car -1 -1 -7.8284 639.6616 177.9628 670.2809 207.7795 1.6040 1.6658 4.0828 2.6003 1.9134 41.6424 -7.7670 0.1906
Car -1 -1 -7.6223 634.7032 178.8448 678.1237 207.9001 1.5541 1.6652 3.8191 2.6814 1.9157 41.5159 -7.5588 0.1894
Car -1 -1 -7.5636 642.9150 178.6112 688.5549 208.0365 1.5714 1.5989 3.7817 3.2067 1.9177 41.3864 -7.4874 0.1771
Pedestrian -1 -1 -8.6771 1054.3070 163.2151 1126.2799 290.8490 1.6669 0.6369 0.5169 6.4278 1.5407 9.7536 -8.1089 0.1687
Car -1 -1 -4.8198 642.7546 178.1061 681.5569 208.5757 1.5842 1.7086 4.2152 2.8264 1.8935 40.3909 -4.7510 0.1557
Car -1 -1 -7.8709 636.9004 178.4809 667.7305 208.0840 1.5918 1.6904 4.1045 2.3646 1.9327 41.6724 -7.8152 0.1460
Car -1 -1 -7.7565 638.5773 176.1998 671.0809 205.5190 1.7474 1.6466 4.3873 2.8587 1.9703 45.8240 -7.6952 0.1241
Car -1 -1 -4.9623 642.5941 177.9635 690.6692 208.3926 1.6319 1.7724 4.1843 3.1692 1.9423 41.6551 -4.8874 0.1225
Car -1 -1 -4.6396 634.6734 179.4932 669.1373 209.2694 1.5244 1.6188 4.1462 2.3357 1.9126 40.0630 -4.5824 0.1175
Pedestrian -1 -1 -5.3057 1065.1210 161.4349 1135.1747 288.4525 1.6703 0.6029 0.5027 6.5512 1.5198 9.7442 -4.7284 0.1159
Car -1 -1 -4.8138 638.8485 179.7203 676.8679 209.9477 1.5400 1.6622 4.2138 2.5520 1.9394 39.8688 -4.7509 0.1147
Car -1 -1 -5.4418 1114.2761 165.5040 1241.0000 374.0000 1.5404 1.5983 3.9005 5.8464 1.5046 5.4815 -4.6512 0.1038
Car -1 -1 -4.7696 636.8885 179.9163 670.9177 209.5250 1.5062 1.6249 4.0460 2.3296 1.9143 39.6941 -4.7120 0.1005
Car -1 -1 -8.5332 1104.1722 156.7810 1241.0000 374.0000 1.5169 1.5939 3.7733 6.1235 1.4231 6.1417 -7.7734 0.0985
Car -1 -1 -4.3911 620.8647 178.9724 672.8070 209.7668 1.5663 1.6240 4.2032 2.0563 1.9229 39.8468 -4.3405 0.0813
Car -1 -1 -4.9537 638.3860 178.2225 687.8635 209.1259 1.5771 1.7198 4.3656 2.8326 1.8909 39.9190 -4.8839 0.0703
Car -1 -1 -4.9289 639.0036 177.0390 685.3154 207.2555 1.6298 1.7110 4.6632 2.9315 1.8874 42.0250 -4.8603 0.0655
Car -1 -1 -5.1316 634.0419 178.9116 693.3826 208.9656 1.5169 1.6473 4.2510 2.8406 1.8684 39.6165 -5.0611 0.0639
Car -1 -1 -7.7097 637.8315 176.3327 672.8457 205.0580 1.7114 1.6509 4.0517 2.8790 1.9417 45.6621 -7.6476 0.0609
Car -1 -1 -7.7832 636.0704 176.4042 667.4539 204.9553 1.7038 1.7100 3.9998 2.6500 1.9386 45.6720 -7.7262 0.0598
Car -1 -1 -5.0678 641.3068 177.9470 697.3094 209.2920 1.6180 1.7276 4.2542 3.2022 1.9181 40.2692 -4.9896 0.0594
Car -1 -1 -2.8298 617.1175 176.6687 680.8550 205.8653 1.7373 1.6476 3.6141 2.3869 1.9809 44.7176 -2.7774 0.0463
Car -1 -1 -8.0240 627.9276 179.2136 669.6404 207.7766 1.5093 1.6871 4.1634 2.1240 1.8918 41.2594 -7.9735 0.0409
Car -1 -1 -7.9394 632.1447 176.0580 666.0283 204.9338 1.7217 1.7936 3.8840 2.3817 1.9319 45.4299 -7.8878 0.0407
Car -1 -1 -7.8176 635.1113 175.3534 666.4532 204.8766 1.7303 1.8005 3.9490 2.5316 1.8919 44.6844 -7.7619 0.0378
Car -1 -1 -5.0369 633.5478 179.5445 687.7198 209.8783 1.5167 1.6512 4.2900 2.6547 1.9026 39.3694 -4.9706 0.0343
Car -1 -1 -2.8590 610.7314 176.8857 673.3173 205.5487 1.7072 1.6337 3.5598 1.9578 1.9641 44.6959 -2.8161 0.0340
Car -1 -1 -4.7465 664.9625 174.7667 687.4695 196.4215 1.6190 1.6025 4.1282 5.1175 1.7739 56.4239 -4.6569 0.0337
Car -1 -1 -4.8792 631.5684 176.3901 669.2392 206.6047 1.7372 1.6336 4.0608 2.3833 1.9633 44.0879 -4.8261 0.0332
Car -1 -1 -4.6334 667.5894 174.9036 693.0261 196.5987 1.6155 1.6652 4.0582 5.4884 1.7811 56.2755 -4.5371 0.0327
Car -1 -1 -4.4139 666.7650 174.5907 701.9899 195.3955 1.5447 1.6335 3.9655 5.7893 1.6846 56.0756 -4.3119 0.0325
Car -1 -1 -4.9083 661.2820 175.4995 692.5374 195.9940 1.5107 1.6488 4.0054 5.1052 1.7226 55.8011 -4.8179 0.0314
Car -1 -1 -4.2042 667.0027 174.5297 710.8624 194.8425 1.5024 1.6519 3.9725 6.1122 1.6366 55.8117 -4.0961 0.0301
Car -1 -1 -7.5926 638.6529 176.5873 680.5453 205.6196 1.7203 1.6444 4.0700 3.1421 1.9668 45.5090 -7.5246 0.0301
Car -1 -1 -4.4845 666.9355 174.8983 698.2318 195.2790 1.5085 1.6213 3.6924 5.6192 1.6720 55.8175 -4.3851 0.0288
Car -1 -1 -7.6882 634.8867 176.0144 674.0878 205.7954 1.7463 1.8125 3.9438 2.7794 1.9519 44.8866 -7.6273 0.0240
Car -1 -1 -4.8675 632.3447 176.4299 670.0477 206.5072 1.7155 1.6788 3.9317 2.4094 1.9417 43.6784 -4.8133 0.0225
Car -1 -1 -5.3350 634.4390 178.1791 706.0217 208.3566 1.5310 1.6605 4.4034 3.2069 1.8411 39.7368 -5.2556 0.0203
Car -1 -1 -5.0083 653.7927 175.3981 688.5574 197.0364 1.6082 1.5628 4.1116 4.7022 1.8141 56.3121 -4.9258 0.0192
Car -1 -1 -6.9329 660.5325 175.6010 716.7193 195.8857 1.5082 1.6530 4.1832 6.0801 1.7276 55.9204 -6.8256 0.0179
Car -1 -1 -7.0117 657.7032 175.6356 716.3997 196.0863 1.5187 1.7300 4.5484 5.9953 1.7428 56.1656 -6.9063 0.0163
Car -1 -1 -8.0374 629.9276 175.2648 670.4851 205.3758 1.7643 1.8266 3.8159 2.4011 1.9198 44.6100 -7.9845 0.0158
Car -1 -1 -2.9570 612.0174 175.9925 678.9280 206.0885 1.7903 1.6952 3.8740 2.1682 1.9889 44.4574 -2.9091 0.0150
Car -1 -1 -5.0182 632.6790 177.3931 677.9490 206.4072 1.6348 1.6111 3.8818 2.6360 1.9205 43.3841 -4.9584 0.0139
Car -1 -1 -4.8378 636.1577 176.9147 670.7043 206.9011 1.7182 1.5994 4.0032 2.5636 1.9767 43.9494 -4.7805 0.0128
Car -1 -1 -5.3799 664.9084 176.9779 718.7220 198.2721 1.4876 1.5950 4.3760 5.9909 1.8064 53.5663 -5.2696 0.0119
Car -1 -1 -5.9201 664.3917 175.4585 725.4077 195.9977 1.4879 1.6268 4.2697 6.3620 1.6902 54.4081 -5.8047 0.0111
Car -1 -1 -6.0614 664.5947 175.5386 721.7795 195.6572 1.4751 1.6222 4.0517 6.2838 1.6837 54.7188 -5.9481 0.0111
Car -1 -1 -5.5017 664.6799 175.8933 717.3890 196.6351 1.4742 1.5747 3.9433 5.9870 1.7096 53.9069 -5.3921 0.0106
Car -1 -1 -6.3623 665.5735 175.8453 720.9491 195.5105 1.4722 1.6273 4.0864 6.3038 1.7043 55.1681 -6.2496 0.0103
Car -1 -1 -5.1983 675.1073 175.7121 722.8254 195.6518 1.4025 1.7362 4.2387 6.5362 1.6239 53.6955 -5.0782 0.0097
Car -1 -1 -5.1328 665.8904 178.1288 712.8093 199.0517 1.4307 1.6639 4.6498 5.7410 1.8363 53.0523 -5.0261 0.0090
Car -1 -1 -6.7377 662.9141 175.6756 717.7010 195.2227 1.4562 1.6096 3.8816 6.1533 1.6787 55.5735 -6.6284 0.0089
Car -1 -1 -5.0663 647.7221 174.3999 687.6316 197.0360 1.6864 1.6683 4.4336 4.4311 1.8121 56.4384 -4.9888 0.0089
Car -1 -1 -5.0561 671.7629 177.3682 716.5202 198.4048 1.4476 1.8033 4.6464 6.1080 1.7955 53.1788 -4.9428 0.0088
Car -1 -1 -5.0942 663.7485 176.2355 703.3384 197.0396 1.4998 1.6196 3.9770 5.5155 1.7666 54.8469 -4.9949 0.0088
Car -1 -1 -5.7783 666.6258 176.2377 729.7919 196.2076 1.4235 1.6030 4.4782 6.5502 1.6858 54.0545 -5.6587 0.0081
Car -1 -1 -5.1016 648.8947 176.4158 703.6212 205.9677 1.5345 1.6841 3.8320 3.5798 1.7421 40.0463 -5.0136 0.0078
Car -1 -1 -5.7746 664.9093 176.0630 727.7137 195.7395 1.4018 1.6918 4.4000 6.4068 1.6505 54.0220 -5.6575 0.0077
Car -1 -1 -5.6486 664.0675 175.5403 724.6348 196.8356 1.5146 1.6095 4.3933 6.2374 1.7228 53.9294 -5.5345 0.0072
Car -1 -1 -5.2682 666.4019 177.0201 710.4561 197.6463 1.4553 1.5025 3.7493 5.7703 1.7769 53.7380 -5.1623 0.0066
Car -1 -1 -5.2707 667.2274 174.8168 714.0643 195.4626 1.4890 1.5757 4.1171 6.0307 1.6434 54.6534 -5.1618 0.0062
Car -1 -1 -5.2585 671.7343 175.1705 718.2492 194.3514 1.3772 1.6181 4.0415 6.3434 1.5589 54.5072 -5.1436 0.0056
Car -1 -1 -6.1266 666.7224 176.0501 725.9321 195.7537 1.4471 1.6170 4.2658 6.5347 1.6955 54.7892 -6.0089 0.0055
Car -1 -1 -5.9682 660.8847 177.7564 713.8781 196.6230 1.3754 1.4844 3.7246 5.8439 1.7571 54.7865 -5.8630 0.0054
Car -1 -1 -4.1507 1097.5791 104.7827 1241.0000 274.7396 1.6340 1.7621 4.2567 8.0647 0.9792 8.3305 -3.3989 0.0053
Car -1 -1 -4.9088 684.3951 177.2177 716.3839 196.4665 1.3464 1.5963 3.9650 6.6210 1.6815 53.4276 -4.7866 0.0053
Car -1 -1 -4.0912 1069.8815 135.2643 1241.0000 302.7111 1.6471 1.6904 4.0705 7.6895 1.2770 8.3744 -3.3660 0.0041
Car -1 -1 -8.1646 647.8855 178.6352 699.2700 209.1235 1.5965 1.6401 4.3450 3.5029 1.9428 40.9572 -8.0804 0.0039
Car -1 -1 -7.5897 1196.0787 114.9241 1241.0000 268.8694 1.5242 1.6715 3.8471 9.0011 0.9504 8.8353 -6.8114 0.0038
Car -1 -1 -5.0844 666.9503 178.0031 708.7733 199.2635 1.4649 1.5231 4.5034 5.6581 1.8614 53.2371 -4.9796 0.0034
Car -1 -1 -5.2092 1218.5536 106.3348 1241.0000 315.2145 1.5846 1.5596 3.8974 8.2370 1.0797 7.5678 -4.4006 0.0022
Cyclist -1 -1 -8.6779 1040.8698 154.3346 1176.1499 294.7190 1.7291 0.6653 1.3969 6.5513 1.5007 9.6449 -8.0960 0.0020
Car -1 -1 -4.3450 1132.1008 110.0971 1241.0000 268.7387 1.5359 1.6071 3.8384 8.1153 0.9280 8.5599 -3.6031 0.0018
Pedestrian -1 -1 -3.0009 765.1987 173.0904 786.2883 221.1983 1.4632 0.6223 0.5577 5.0857 1.4703 22.3390 -2.7805 0.0007
Pedestrian -1 -1 -6.1904 765.4133 174.9753 783.2661 221.6725 1.4376 0.5859 0.4962 5.1017 1.5048 22.6005 -5.9718 0.0006
Car -1 -1 -6.8094 881.4017 165.2305 1241.0000 374.0000 1.6215 1.8103 4.6288 4.1897 1.5890 4.3971 -6.0819 0.0001
