Cyclist -1 -1 -4.0944 0.0000 204.1153 36.3996 257.5818 1.7080 0.6292 1.6993 -20.8146 2.8258 24.9370 -4.7848 0.8446
Cyclist -1 -1 -7.9235 702.2452 168.5880 715.7306 210.5914 1.8199 0.4675 1.7587 4.3605 1.6348 32.1554 -7.7905 0.8002
Car -1 -1 -4.4224 422.5229 190.1461 458.2215 211.6342 1.5255 1.6327 4.0669 -13.2960 2.9326 56.6478 -4.6524 0.7729
Cyclist -1 -1 -7.9085 703.1830 168.7821 716.1617 210.8477 1.8220 0.4707 1.7623 4.3905 1.6453 32.1494 -7.7745 0.6703
Car -1 -1 -4.3083 422.5159 189.8316 462.2372 211.7925 1.5566 1.5759 4.0236 -13.1118 2.9365 56.5390 -4.5356 0.6506
Cyclist -1 -1 -4.1568 0.0000 203.4295 33.2336 258.1804 1.7446 0.5982 1.7719 -20.8885 2.8399 24.9355 -4.8490 0.5968
Car -1 -1 -4.3387 422.6211 190.3137 463.6062 211.2423 1.4740 1.6979 4.2770 -13.1071 2.9022 56.7946 -4.5650 0.5587
Car -1 -1 -4.5281 421.7144 190.2441 452.5013 211.6279 1.5172 1.6432 3.9785 -13.5276 2.9280 56.5204 -4.7624 0.5187
Cyclist -1 -1 -7.9695 702.0921 169.2999 717.7670 211.2462 1.8137 0.4839 1.7607 4.3912 1.6597 32.0830 -7.8352 0.4718
Car -1 -1 -4.4172 420.2888 189.9130 453.6890 211.4769 1.5456 1.6664 3.1749 -13.4055 2.9065 55.9386 -4.6518 0.4678
Car -1 -1 -4.4882 422.5896 188.5984 456.8804 210.3671 1.5565 1.6997 4.3957 -13.4215 2.8477 56.9826 -4.7189 0.3966
Car -1 -1 -4.5920 421.1033 190.0580 448.3667 211.5672 1.5298 1.6489 3.5270 -13.6256 2.9118 56.1234 -4.8296 0.3807
Cyclist -1 -1 -7.9161 702.1551 170.6938 716.3519 214.0274 1.8535 0.5035 1.7661 4.3174 1.7608 31.7611 -7.7828 0.3542
Car -1 -1 -4.2648 420.2168 189.7119 460.2036 211.6228 1.5536 1.6821 3.4655 -13.1446 2.9036 55.9182 -4.4951 0.3394
Car -1 -1 -4.2505 152.1858 208.1912 229.0532 239.9986 1.2377 1.6376 3.7817 -19.8843 3.0130 34.3173 -4.7726 0.3071
Car -1 -1 -4.1013 128.4329 206.3742 222.7669 240.3910 1.2832 1.6898 4.1081 -20.0740 2.9367 33.4892 -4.6382 0.2347
Car -1 -1 -4.2472 150.7681 206.4115 231.6974 239.6147 1.3041 1.6855 4.1198 -20.0595 3.0152 34.6953 -4.7685 0.2104
Car -1 -1 -4.7661 420.5498 190.2856 445.1093 211.7570 1.5083 1.6456 4.0784 -13.9133 2.9242 56.4315 -5.0072 0.2075
Car -1 -1 -5.2809 404.2546 190.3183 452.4315 211.8478 1.5209 1.6540 4.1795 -14.2312 2.9326 56.3055 -5.5278 0.2000
Car -1 -1 -4.1168 139.4513 207.2476 228.9433 239.8661 1.2440 1.6666 3.9688 -19.8964 2.9541 33.8469 -4.6451 0.1905
Car -1 -1 -4.2241 423.0070 189.6763 468.3191 211.2534 1.5192 1.6385 4.3111 -12.8777 2.8938 56.6770 -4.4470 0.1867
Car -1 -1 -4.1805 196.3228 195.7926 257.4332 222.3401 1.4604 1.7361 3.6438 -23.7297 2.9424 44.7668 -4.6658 0.1788
Car -1 -1 -4.2090 197.9199 195.7195 258.1365 222.6693 1.4756 1.6814 3.7576 -23.5762 2.9492 44.6158 -4.6929 0.1727
Car -1 -1 -4.3256 229.1833 198.6578 289.4405 226.7475 1.3785 1.7234 3.9431 -19.9509 2.9220 41.1462 -4.7749 0.1613
Car -1 -1 -4.1389 421.7785 189.0730 468.0857 211.2056 1.5645 1.6257 3.9732 -12.8545 2.8777 56.2905 -4.3629 0.1454
Car -1 -1 -4.0996 130.6758 207.0311 220.4834 240.0278 1.2471 1.6664 3.7806 -19.9500 2.9142 33.2541 -4.6368 0.1441
Car -1 -1 -4.1162 184.9333 197.0581 255.4265 224.5233 1.4650 1.8233 4.0964 -23.9150 3.0248 44.3763 -4.6083 0.1433
Car -1 -1 -4.2064 230.4355 192.7545 288.3600 218.9930 1.5864 1.7056 4.2181 -23.7817 2.9983 49.0464 -4.6561 0.1404
Car -1 -1 -4.2542 158.2495 203.2842 239.2283 236.7593 1.3585 1.7352 4.2611 -20.1021 2.9434 35.4112 -4.7676 0.1377
Car -1 -1 -4.4668 420.6542 189.6626 454.6341 211.9359 1.5577 1.6702 3.7260 -13.1616 2.8861 55.1620 -4.7004 0.1375
Car -1 -1 -4.6669 420.2359 190.1954 444.2867 211.6581 1.5005 1.6335 3.5571 -13.6488 2.8779 55.4215 -4.9077 0.1301
Car -1 -1 -4.1707 138.4851 207.3447 224.7330 240.0967 1.2614 1.6880 3.9412 -20.0731 2.9779 33.9366 -4.7018 0.1295
Car -1 -1 -4.1615 144.6751 197.2374 220.7213 226.2616 1.3968 1.7580 4.0987 -23.7746 2.8269 40.2628 -4.6922 0.1276
Car -1 -1 -5.7325 410.6419 189.9931 459.4567 211.3110 1.5512 1.5524 3.3506 -13.5444 2.9056 55.7754 -5.9701 0.1275
Car -1 -1 -4.1851 194.3106 197.3317 256.9371 223.5055 1.4096 1.7084 3.8204 -23.6257 2.9827 44.4362 -4.6716 0.1230
Car -1 -1 -4.0843 203.9547 199.7543 280.7072 229.1850 1.3714 1.7011 4.0426 -20.1433 2.9288 39.6501 -4.5520 0.1155
Car -1 -1 -3.7904 420.4125 189.3255 482.2885 211.5375 1.5660 1.7195 4.6506 -12.4311 2.9120 56.6472 -4.0059 0.0983
Car -1 -1 -4.2521 182.8426 195.4688 249.6633 224.7363 1.5249 1.6994 4.4915 -23.6047 2.9556 43.3831 -4.7481 0.0940
Car -1 -1 -4.2614 236.4382 192.7833 290.0997 218.3294 1.5633 1.7683 3.8985 -23.5821 2.9747 49.1572 -4.7069 0.0906
Car -1 -1 -4.2297 175.9543 195.1742 248.4305 224.6113 1.5207 1.7976 4.7517 -23.7833 2.9335 43.2908 -4.7298 0.0897
Car -1 -1 -4.0944 0.0000 206.3982 102.6826 246.4640 1.3825 1.7685 4.1038 -23.7376 2.8959 30.4748 -4.7522 0.0781
Car -1 -1 -4.2769 158.8516 204.8481 237.6028 237.6451 1.3083 1.7199 4.1654 -19.9602 2.9599 35.1094 -4.7909 0.0781
Car -1 -1 -4.3925 240.4347 191.8711 288.5616 217.9167 1.5774 1.7586 4.0248 -23.3682 2.9210 48.8807 -4.8367 0.0767
Car -1 -1 -4.1409 215.0969 199.8283 284.1123 228.0533 1.3406 1.6438 3.7578 -19.9190 2.9079 39.9736 -4.6009 0.0695
Car -1 -1 -4.1408 205.6502 201.0253 279.1772 229.3943 1.3032 1.6532 4.0272 -20.0033 2.9220 39.3815 -4.6084 0.0685
Car -1 -1 -4.6260 667.6730 181.8641 706.6852 212.4713 1.3584 1.5625 4.1646 3.8089 1.8289 35.5081 -4.5206 0.0682
Car -1 -1 -4.0885 0.0869 205.1437 114.4835 243.5386 1.3577 1.8307 4.1400 -23.7177 2.8437 31.1221 -4.7357 0.0680
Car -1 -1 -4.4576 246.6921 192.7307 289.1682 218.7360 1.5926 1.7325 3.7151 -23.3026 3.0026 49.2084 -4.8981 0.0635
Car -1 -1 -5.3880 398.5867 190.4611 451.0515 211.8139 1.5144 1.6691 4.2593 -14.5061 2.9360 56.3266 -5.6393 0.0600
Car -1 -1 -5.3937 403.0110 190.5330 452.1190 211.8483 1.5146 1.5957 3.9055 -14.2242 2.9325 56.0757 -5.6415 0.0596
Car -1 -1 -2.5915 409.2184 190.7416 458.8055 212.0176 1.5513 1.6370 3.3898 -13.7001 2.9738 56.0918 -2.8304 0.0582
Car -1 -1 -3.6575 418.9381 189.8098 475.4714 211.7868 1.5614 1.5555 4.0559 -12.6754 2.9271 56.1931 -3.8788 0.0565
Car -1 -1 -5.5552 403.3806 190.3129 453.9353 211.3919 1.5005 1.5943 3.6284 -13.9749 2.8799 55.4729 -5.8013 0.0544
Car -1 -1 -3.4472 419.4261 189.9456 480.2302 211.5347 1.5519 1.6898 4.3469 -12.5691 2.9345 56.5641 -3.6654 0.0499
Car -1 -1 -4.1589 77.7625 208.5943 178.1826 247.4109 1.3138 1.5736 4.0998 -20.1477 2.9174 30.3092 -4.7418 0.0471
Car -1 -1 -3.3076 418.9377 190.3322 472.2962 211.6233 1.5469 1.5119 3.8561 -12.8321 2.9429 56.2081 -3.5315 0.0349
Car -1 -1 -5.5270 401.5633 190.4276 452.7354 211.5306 1.5073 1.5696 3.7951 -14.1839 2.9059 55.8265 -5.7751 0.0321
Car -1 -1 -3.9137 422.9232 189.5422 479.9951 211.3424 1.5302 1.5899 4.5502 -12.3977 2.8921 56.5604 -4.1289 0.0315
Car -1 -1 -3.8279 421.9835 189.6727 480.0413 211.6773 1.5512 1.6141 4.4184 -12.4303 2.9202 56.5126 -4.0439 0.0291
Car -1 -1 -4.7171 666.5661 182.1413 699.2532 212.1562 1.3312 1.5062 4.2355 3.5300 1.8162 35.5275 -4.6195 0.0286
Car -1 -1 -3.9035 421.6966 188.7241 481.4800 211.2748 1.5883 1.7117 4.7047 -12.4077 2.8878 56.6671 -4.1185 0.0194
Car -1 -1 -5.4511 398.6922 190.9951 449.6862 212.1651 1.5039 1.6056 3.9286 -14.4639 2.9556 56.0018 -5.7032 0.0173
Car -1 -1 -3.4085 416.6057 189.3621 473.0608 210.9251 1.5421 1.5211 3.9872 -12.7635 2.8526 55.6811 -3.6332 0.0154
Car -1 -1 -2.9313 414.1335 190.6901 468.5347 212.1829 1.6086 1.6961 3.8691 -13.1680 3.0233 56.3555 -3.1603 0.0144
Car -1 -1 -4.2111 81.0293 209.7509 175.9537 247.1016 1.2466 1.5853 3.9345 -20.0023 2.8894 30.1073 -4.7937 0.0141
Car -1 -1 -4.9914 710.0208 176.4996 754.4916 204.7688 1.5634 1.6671 3.4421 7.0597 1.7853 42.1741 -4.8272 0.0108
Pedestrian -1 -1 -4.9788 1174.6394 169.3520 1209.0909 243.7242 1.4416 0.4200 0.4595 11.4544 1.3734 14.2789 -4.3131 0.0098
Car -1 -1 -4.6955 667.2285 182.2589 698.8362 211.8483 1.3122 1.4521 3.7386 3.5446 1.7956 35.1720 -4.5965 0.0095
Cyclist -1 -1 -3.7620 1120.1235 152.0627 1225.7405 242.3138 1.7365 0.5474 1.6283 10.9873 1.3361 14.1793 -3.1131 0.0092
Car -1 -1 -8.0492 711.3790 182.0979 796.6381 239.4755 1.4397 1.6492 3.7669 3.9520 1.7276 20.6046 -7.8631 0.0083
Pedestrian -1 -1 -8.4385 1160.6112 157.6717 1208.1599 249.3028 1.8083 0.5549 0.5144 11.4934 1.5084 14.5164 -7.7791 0.0050
Pedestrian -1 -1 -7.2722 279.3291 187.1526 297.5067 216.6621 1.8793 0.7237 0.8639 -20.9342 2.8181 46.9056 -7.6902 0.0046
Car -1 -1 -4.9979 712.8492 176.0267 761.4013 204.0893 1.5224 1.6535 4.1397 7.2587 1.7153 41.7816 -4.8275 0.0041
Cyclist -1 -1 -5.0196 1149.5681 162.9657 1213.6112 252.8349 1.7055 0.4800 1.7729 11.4785 1.5176 14.6083 -4.3638 0.0034
Car -1 -1 -6.3592 663.8257 178.5153 743.3065 211.3176 1.4936 1.6490 3.6011 4.3277 1.7678 34.0793 -6.2345 0.0034
Car -1 -1 -6.6100 0.0000 0.0000 1241.0000 374.0000 1.5550 1.5881 3.6629 -3.8100 1.6444 1.3688 -7.7718 0.0030
Car -1 -1 -6.6542 0.0000 0.0000 1241.0000 374.0000 1.5471 1.5862 3.6560 -3.3973 1.6336 1.3747 -7.7714 0.0030
Car -1 -1 -6.5918 0.0000 0.0000 1241.0000 374.0000 1.5554 1.5949 3.7158 -4.2008 1.6677 1.4500 -7.7713 0.0030
Car -1 -1 -4.7740 705.0098 173.2077 734.3622 197.9888 1.6223 1.7073 4.4830 7.4624 1.6474 49.6074 -4.6259 0.0027
Cyclist -1 -1 -5.4557 1122.0463 158.4834 1216.1698 249.0843 1.7084 0.5235 1.6106 11.0797 1.4371 14.4326 -4.8112 0.0025
Pedestrian -1 -1 -7.0348 283.3835 187.2908 302.2715 215.5163 1.7955 0.7641 0.8269 -20.6782 2.7456 46.9716 -7.4478 0.0023
Pedestrian -1 -1 -5.4279 1145.8853 162.7156 1189.0347 243.3629 1.5891 0.4862 0.4837 11.1237 1.3890 14.4755 -4.7829 0.0022
Pedestrian -1 -1 -5.3664 1154.2734 159.9540 1198.4352 237.9951 1.5127 0.4818 0.4955 11.1117 1.2624 14.2341 -4.7139 0.0020
Pedestrian -1 -1 -7.1636 284.6930 186.4807 303.5329 216.1665 1.9007 0.7449 0.8711 -20.6928 2.8017 47.1989 -7.5751 0.0020
Cyclist -1 -1 -9.0387 1098.0796 158.2089 1195.0056 241.8597 1.6495 0.4169 1.5731 11.0677 1.3604 15.0052 -8.4129 0.0018
Car -1 -1 -4.8374 702.9547 173.9308 735.5817 197.9271 1.5417 1.6382 4.3196 7.2978 1.6173 48.7291 -4.6900 0.0017
Cyclist -1 -1 -3.9707 280.4868 184.7676 309.7856 216.3597 2.0003 0.7649 1.7747 -20.6922 2.7981 47.3750 -4.3808 0.0017
Pedestrian -1 -1 -4.4723 1099.7999 173.3032 1116.6315 205.7951 1.6020 0.6412 0.2822 24.7579 1.6242 35.9162 -3.8730 0.0016
Cyclist -1 -1 -4.1049 1144.3120 161.8376 1224.6031 245.1501 1.6301 0.5142 1.5061 11.5600 1.4143 14.5880 -3.4450 0.0016
Pedestrian -1 -1 -2.8207 0.0000 189.8931 13.2187 232.4168 1.8988 0.7737 0.5871 -27.9043 2.6903 33.0614 -3.5178 0.0016
Cyclist -1 -1 -8.0366 1165.6677 160.7207 1218.6526 244.6731 1.6188 0.5063 1.7946 11.8745 1.3845 14.8248 -7.3713 0.0013
Cyclist -1 -1 -7.9799 1179.2972 161.7455 1230.3608 247.2026 1.6656 0.5655 1.8601 12.2830 1.4488 15.0041 -7.3039 0.0012
Cyclist -1 -1 -8.4692 1120.6876 166.6122 1203.2971 245.8714 1.5785 0.4101 1.7947 11.5788 1.4539 15.2718 -7.8302 0.0011
Car -1 -1 -4.8995 699.2666 174.9130 733.6061 198.0384 1.5197 1.5756 4.2498 7.2881 1.6681 49.9578 -4.7559 0.0010
Pedestrian -1 -1 -2.6055 0.0000 187.6070 21.6187 228.1810 1.8174 0.7525 0.5903 -27.5583 2.5012 33.0402 -3.2969 0.0010
Cyclist -1 -1 -7.6215 0.0000 194.9699 17.2380 235.3054 1.7657 0.4329 2.1009 -28.3511 2.8319 33.7582 -8.3163 0.0007
Cyclist -1 -1 -8.4060 1131.7495 165.5854 1212.0359 246.6162 1.5834 0.4249 1.7860 11.5842 1.4411 15.0085 -7.7586 0.0007
Cyclist -1 -1 -7.5523 0.0000 195.5756 23.3263 235.2321 1.7447 0.4475 2.1429 -28.4038 2.8506 34.0533 -8.2438 0.0006
Cyclist -1 -1 -8.4160 1138.2324 167.5823 1220.1383 243.0748 1.4987 0.4528 1.7946 11.9158 1.3937 15.2381 -7.7621 0.0006
Cyclist -1 -1 -8.2181 1152.5541 164.2588 1221.9064 245.7684 1.5830 0.4765 1.8401 11.8716 1.4158 14.9629 -7.5574 0.0005
