Cyclist -1 -1 -5.1649 860.0011 138.6579 1011.9049 339.0820 1.8163 0.6108 1.9341 3.2411 1.5061 7.5227 -4.7732 0.9883
Car -1 -1 -7.8004 584.2389 179.7580 612.4846 205.0173 1.5927 1.6955 3.9968 -0.7785 2.0772 48.6343 -7.8168 0.8941
Car -1 -1 -7.8298 583.6577 179.7073 610.3571 204.5748 1.5669 1.7051 4.1157 -0.8707 2.0484 48.6637 -7.8481 0.8928
Car -1 -1 -7.8294 584.3078 179.7550 610.6331 205.1197 1.6011 1.6798 3.8674 -0.8402 2.0835 48.5393 -7.8471 0.8171
Car -1 -1 -7.9253 581.0942 179.8411 610.4036 205.3868 1.6095 1.6954 3.7806 -1.0270 2.0978 48.4932 -7.9469 0.5109
Pedestrian -1 -1 -6.6888 923.9622 168.5353 935.1394 211.9659 1.7692 0.4779 0.2492 13.0774 1.5930 29.6322 -6.2774 0.5013
Car -1 -1 -4.4995 441.0033 182.8243 469.0589 201.2675 1.5025 1.6188 3.7987 -13.4611 2.3953 62.7356 -4.7104 0.4883
Car -1 -1 -7.7299 585.7475 180.2334 617.3215 205.1226 1.5634 1.6691 3.7781 -0.5621 2.0789 48.4616 -7.7420 0.4390
Car -1 -1 -4.6241 440.7520 182.2279 464.5425 200.9332 1.5179 1.6793 3.9199 -13.6540 2.3582 62.6554 -4.8382 0.4226
Car -1 -1 -7.7804 586.3914 179.7725 614.7213 204.9399 1.5844 1.6453 3.4533 -0.6304 2.0630 48.1727 -7.7939 0.4166
Car -1 -1 -4.6796 586.5141 179.2299 613.4056 204.2906 1.5976 1.7003 4.1302 -0.6777 2.0499 49.1370 -4.6938 0.4104
Car -1 -1 -4.3717 440.8863 183.0758 473.7186 201.5940 1.4977 1.5873 3.8630 -13.2321 2.4130 62.6069 -4.5795 0.3938
Car -1 -1 -4.4006 443.9242 182.7880 494.5854 212.7059 1.5277 1.6207 4.0233 -7.8378 2.1115 40.3301 -4.5918 0.3668
Car -1 -1 -4.6687 441.7246 180.9515 464.1723 200.2283 1.5740 1.7271 4.5473 -13.7658 2.3109 63.3064 -4.8823 0.3396
Car -1 -1 -4.5041 441.4652 181.9518 470.8577 201.1251 1.5676 1.6476 4.3922 -13.4697 2.3929 63.2756 -4.7133 0.3372
Car -1 -1 -4.5554 438.3109 182.5370 466.5935 201.6066 1.5383 1.8230 3.6698 -13.5257 2.3954 62.0030 -4.7697 0.3278
Pedestrian -1 -1 -3.7419 922.1549 169.1469 935.0662 212.5163 1.7733 0.4545 0.2774 13.0917 1.6214 29.7515 -3.3315 0.2837
Car -1 -1 -4.4297 444.0034 181.9293 475.9341 200.9603 1.5589 1.6241 4.2499 -13.1538 2.3830 63.3657 -4.6339 0.2611
Car -1 -1 -4.6833 582.8807 179.0971 611.3563 205.7058 1.6378 1.7570 4.1024 -0.8398 2.0658 47.4384 -4.7015 0.2353
Car -1 -1 -4.4119 452.7490 182.3842 483.8304 200.9546 1.5185 1.5842 3.8989 -12.3767 2.3784 63.1004 -4.6052 0.2301
Car -1 -1 -4.3380 445.8500 182.8686 480.2674 201.3530 1.5021 1.5856 4.0227 -12.8194 2.4063 63.0479 -4.5382 0.2286
Car -1 -1 -4.6297 442.1059 182.5331 468.6290 202.1025 1.5629 1.8967 4.0186 -13.2366 2.4204 61.8315 -4.8401 0.1911
Car -1 -1 -7.7232 589.3766 180.3597 621.9196 205.2959 1.5469 1.6923 3.7195 -0.2825 2.0649 47.8831 -7.7296 0.1872
Car -1 -1 -3.6444 436.0636 182.8015 490.0062 201.8664 1.5459 1.7416 4.2845 -12.7669 2.4382 62.6953 -3.8449 0.1838
Car -1 -1 -4.2208 432.2650 183.4335 495.8949 214.0316 1.5461 1.6491 4.3010 -8.1164 2.1710 40.3448 -4.4185 0.1754
Car -1 -1 -4.6997 439.0023 182.4520 463.5452 202.2357 1.5643 1.9751 4.2067 -13.5233 2.4121 61.5027 -4.9156 0.1713
Car -1 -1 -4.2328 441.5975 183.0946 481.2791 202.0431 1.5196 1.7537 3.8968 -12.7989 2.4330 62.2631 -4.4351 0.1584
Car -1 -1 -4.7374 439.2722 182.5505 460.0029 201.0552 1.4914 1.6517 4.1687 -13.9863 2.3637 62.7050 -4.9564 0.1374
Car -1 -1 -4.5651 455.8881 182.6560 493.5604 212.2476 1.5172 1.5276 3.7298 -7.5135 2.0878 40.1386 -4.7494 0.1292
Car -1 -1 -4.2083 441.0236 183.1293 480.4236 201.9550 1.5147 1.6123 4.0020 -12.9195 2.4358 62.5519 -4.4115 0.1279
Car -1 -1 -4.8313 619.7531 182.2213 656.2063 210.6349 1.4971 1.6080 4.0894 1.5231 2.0630 41.5099 -4.7955 0.1261
Car -1 -1 -4.0312 426.9622 183.2698 498.7824 213.4283 1.5378 1.6463 4.2583 -8.2467 2.1568 40.6275 -4.2307 0.1232
Car -1 -1 -4.7303 440.2516 183.0720 461.4254 201.9182 1.5116 1.7106 3.8348 -13.7637 2.4210 62.1755 -4.9476 0.1226
Car -1 -1 -4.8752 582.5682 179.3257 618.7119 206.2900 1.6337 1.6993 4.0899 -0.6888 2.0736 46.9177 -4.8903 0.1149
Car -1 -1 -5.0482 607.0107 182.2602 655.1678 210.0953 1.4663 1.5535 3.9240 1.1228 2.0350 41.5387 -5.0219 0.1130
Car -1 -1 -4.1912 440.5107 183.9807 499.7697 213.0111 1.5072 1.6691 3.7395 -7.9351 2.1716 41.0631 -4.3813 0.1084
Car -1 -1 -3.6493 437.0974 182.7548 490.1158 201.9316 1.5510 1.7105 4.1952 -12.6681 2.4352 62.4485 -3.8490 0.1023
Car -1 -1 -7.6642 402.1396 186.2879 461.6748 224.2608 1.3897 1.6664 3.9618 -7.3293 1.9828 29.8540 -7.9034 0.0978
Car -1 -1 -5.0723 603.4771 181.2818 655.7486 209.9780 1.5250 1.6071 4.3302 1.0410 2.0424 42.0103 -5.0483 0.0897
Car -1 -1 -5.1684 595.3008 182.3523 652.0570 210.6073 1.4918 1.5806 4.2271 0.6950 2.0721 41.8572 -5.1525 0.0836
Car -1 -1 -4.3685 441.5969 181.8655 478.5955 201.1850 1.5411 1.7773 4.2473 -12.8259 2.3413 61.8622 -4.5725 0.0820
Car -1 -1 -3.8927 426.8912 184.3283 500.1544 213.2918 1.4924 1.6196 4.0671 -8.2980 2.1777 40.9884 -4.0917 0.0807
Car -1 -1 -5.1285 596.2806 182.4501 649.6449 210.5121 1.4718 1.5699 4.0064 0.6513 2.0516 41.4661 -5.1135 0.0732
Car -1 -1 -7.6393 403.2487 186.5104 469.2974 224.6319 1.4289 1.8185 4.5527 -7.3976 2.0584 30.9806 -7.8723 0.0654
Car -1 -1 -4.3226 454.1698 182.8027 489.8065 201.8193 1.5467 1.6632 3.9987 -12.0365 2.4449 63.0355 -4.5109 0.0628
Car -1 -1 -4.7258 627.3690 182.1859 657.0444 210.5107 1.4938 1.6207 4.0962 1.7805 2.0569 41.4879 -4.6838 0.0627
Car -1 -1 -4.2015 446.2105 182.9050 485.3881 202.1446 1.5536 1.6137 3.9379 -12.4909 2.4548 62.6014 -4.3980 0.0623
Car -1 -1 -6.3608 570.8152 179.6351 630.2032 204.8918 1.6316 1.6871 3.8424 -0.6937 2.0936 48.1745 -6.3756 0.0608
Car -1 -1 -4.8910 434.7414 182.6831 461.9979 201.8080 1.5400 1.6267 3.9231 -14.0314 2.4187 62.4046 -5.1116 0.0539
Car -1 -1 -2.8612 560.9169 180.6853 624.6151 205.6479 1.5923 1.6479 3.9470 -1.1693 2.1285 48.1342 -2.8859 0.0506
Car -1 -1 -4.8884 438.8943 182.2212 473.9951 202.4674 1.5766 2.1035 4.7815 -13.0966 2.4049 61.2150 -5.0986 0.0500
Car -1 -1 -3.3281 435.2120 182.3356 485.3961 201.4416 1.5712 1.6806 4.0078 -12.9716 2.4112 62.4051 -3.5326 0.0494
Car -1 -1 -4.2646 446.5737 182.2361 485.4330 202.5488 1.6370 1.7353 3.9835 -12.4062 2.4743 62.2751 -4.4608 0.0456
Car -1 -1 -4.8345 597.7435 182.1134 634.3916 210.3934 1.4851 1.5892 4.2642 0.2611 2.0463 41.5471 -4.8288 0.0381
Car -1 -1 -2.8987 564.2795 180.4335 628.0955 206.0156 1.6445 1.6543 3.9977 -0.9425 2.1654 48.3707 -2.9186 0.0342
Pedestrian -1 -1 -3.5979 918.5761 168.3225 931.0195 211.6689 1.7579 0.5214 0.2616 12.8363 1.5738 29.5279 -3.1919 0.0333
Car -1 -1 -3.2782 433.1997 182.2509 484.5825 201.0134 1.5559 1.7622 4.1833 -13.2016 2.3948 62.9023 -3.4846 0.0333
Car -1 -1 -3.6664 419.6660 185.2243 500.2106 213.7604 1.4716 1.6540 4.2184 -8.5167 2.2086 40.9837 -3.8705 0.0315
Car -1 -1 -4.5990 460.7504 183.5680 495.5672 210.5379 1.4631 1.6135 3.6637 -7.7599 2.1221 42.5186 -4.7789 0.0297
Car -1 -1 -3.5414 435.5851 182.6291 491.5685 202.2592 1.5861 1.7013 4.4153 -12.6231 2.4547 62.1881 -3.7412 0.0296
Car -1 -1 -7.6452 396.6782 186.3708 461.3332 225.5877 1.4031 1.6988 4.3020 -7.3451 1.9961 29.4946 -7.8877 0.0281
Car -1 -1 -2.6920 556.0876 180.4599 620.5898 205.7095 1.5918 1.6499 3.9645 -1.4758 2.1138 47.9867 -2.7231 0.0244
Car -1 -1 -5.6138 427.8471 182.7698 477.3996 201.7069 1.5350 1.7648 3.8967 -13.5193 2.4075 61.8613 -5.8285 0.0243
Car -1 -1 -4.9416 444.6136 181.9238 477.8647 201.8886 1.5547 1.7233 4.7021 -12.6318 2.3519 60.9491 -5.1454 0.0232
Car -1 -1 -7.5424 350.8704 181.1104 441.3322 233.9811 1.6155 1.7101 4.4273 -7.3161 1.9267 24.9836 -7.8250 0.0224
Car -1 -1 -2.6659 429.5022 183.0991 477.8102 201.2579 1.5062 1.5533 3.8002 -13.5568 2.4109 62.4945 -2.8790 0.0210
Car -1 -1 -4.3676 430.1917 181.9001 466.7281 202.2923 1.5931 1.6879 4.1340 -13.5073 2.3776 60.4390 -4.5870 0.0208
Car -1 -1 -4.4224 446.1903 181.2344 480.7186 201.7375 1.6296 1.6598 4.5359 -12.4816 2.3718 61.5911 -4.6219 0.0205
Car -1 -1 -2.6815 428.8239 183.2280 475.9626 202.2618 1.5732 1.5741 3.6483 -13.5914 2.4840 62.1598 -2.8963 0.0189
Car -1 -1 -4.6264 627.6099 182.9718 661.1198 210.7073 1.4524 1.5844 4.0736 1.9821 2.0632 41.4567 -4.5796 0.0149
Car -1 -1 -4.8261 456.1882 183.2679 492.3585 210.3664 1.4633 1.6486 4.1259 -8.1451 2.1138 42.8792 -5.0131 0.0147
Car -1 -1 -4.8317 441.9895 181.1870 469.4844 201.8068 1.6106 1.7583 4.2444 -12.9938 2.3356 60.5048 -5.0427 0.0144
Pedestrian -1 -1 -7.3212 928.8682 169.1755 945.9982 212.2120 1.7451 0.5611 0.3068 13.3756 1.5957 29.5756 -6.9007 0.0090
Car -1 -1 -4.6482 441.0603 181.4985 463.6519 201.6260 1.5601 1.5709 4.1547 -13.0929 2.3043 59.9650 -4.8626 0.0085
Pedestrian -1 -1 -6.9506 815.4819 169.5238 837.1892 218.8531 1.6961 0.5670 0.4750 7.4942 1.5813 25.1602 -6.6649 0.0083
Pedestrian -1 -1 -4.0838 928.8858 169.7560 944.6846 211.1584 1.6774 0.5306 0.2707 13.3285 1.5516 29.5305 -3.6640 0.0077
Car -1 -1 -5.3259 423.8843 182.8761 465.8964 201.6953 1.5185 1.5924 3.8592 -14.2565 2.4070 62.1070 -5.5510 0.0070
Car -1 -1 -4.6034 463.7295 184.1222 497.3993 210.1854 1.4221 1.5873 3.5528 -7.6669 2.1184 42.7755 -4.7801 0.0067
Car -1 -1 -5.8963 932.4876 155.5487 1020.9026 186.0112 1.5736 1.8264 3.8965 19.9015 0.6793 39.3391 -5.4311 0.0063
Car -1 -1 -4.6621 462.7370 182.7003 493.7549 209.6944 1.4690 1.6131 4.0118 -7.8220 2.0825 42.8859 -4.8419 0.0063
Car -1 -1 -4.9529 442.6252 180.7388 473.3471 201.1815 1.5901 1.5544 4.1488 -12.7054 2.2699 60.0306 -5.1609 0.0061
Car -1 -1 -4.6961 455.0097 181.6608 475.2845 202.2018 1.6148 1.6088 4.2906 -12.2215 2.3855 60.9109 -4.8937 0.0060
Car -1 -1 -5.0191 446.3810 181.3314 479.2135 201.4622 1.5629 1.5082 4.0842 -12.2946 2.2926 59.9808 -5.2208 0.0060
Car -1 -1 -5.9770 929.5572 154.3310 1019.0100 184.1817 1.5491 1.9235 3.9813 19.8712 0.5875 39.5194 -5.5142 0.0048
Pedestrian -1 -1 -6.3466 933.6768 143.0734 973.8191 239.0269 2.0563 0.7591 0.7462 7.5333 1.4178 15.9511 -5.9130 0.0031
Pedestrian -1 -1 -7.4214 943.9811 156.7676 963.2852 192.1695 1.9156 0.8653 0.4018 18.7729 1.0449 39.5036 -6.9808 0.0028
Car -1 -1 -7.9924 947.8479 157.7557 994.5617 189.5910 1.6959 1.8392 3.6308 20.1462 0.8913 40.4487 -7.5334 0.0023
Car -1 -1 -7.3277 944.4388 156.4137 1011.7881 185.0179 1.5355 1.7425 3.7171 20.6255 0.6527 40.4756 -6.8595 0.0016
Cyclist -1 -1 -7.8342 427.7626 182.2617 440.0595 225.5093 1.5437 0.4138 1.7234 -6.6337 1.9073 27.0258 -8.0732 0.0016
Pedestrian -1 -1 -6.7844 962.7426 150.4899 988.2750 210.9136 1.7630 0.6083 0.4325 10.7686 1.1102 21.3651 -6.3234 0.0015
Car -1 -1 -6.4674 932.9302 146.1873 1039.7656 181.8955 1.8811 2.1143 4.9014 20.5549 0.4760 39.7240 -5.9930 0.0015
Car -1 -1 -7.6147 947.9565 156.4222 1000.3906 188.4824 1.7161 1.7731 3.9193 20.5331 0.8362 40.6900 -7.1504 0.0014
Car -1 -1 -4.5192 473.0767 180.3835 510.7808 209.5488 1.5260 1.4846 3.2173 -6.5790 1.9626 40.2274 -4.6808 0.0013
Car -1 -1 -7.2176 937.2967 151.5334 1013.1224 180.7314 1.5821 1.7694 4.0566 20.6226 0.4265 40.8039 -6.7526 0.0012
Pedestrian -1 -1 -6.6358 928.4419 140.9196 975.5813 239.9496 2.1490 0.8115 0.7070 7.5604 1.4557 16.0903 -6.2041 0.0010
Car -1 -1 -7.7114 943.2798 154.9926 991.9521 188.5028 1.7926 1.9097 4.1649 20.2516 0.8368 40.8550 -7.2543 0.0010
Pedestrian -1 -1 -3.4579 965.1692 146.1937 989.2874 206.4709 1.7398 0.6293 0.4535 10.7198 0.9700 21.1705 -2.9950 0.0009
Car -1 -1 -7.1411 931.8173 151.2715 1012.8519 180.2566 1.5870 1.8123 4.2311 20.6303 0.4050 41.1581 -6.6794 0.0008
Cyclist -1 -1 -7.6246 421.7318 186.7448 444.3028 229.3967 1.4940 0.4385 1.6860 -6.5746 2.0235 26.6705 -7.8645 0.0004
Cyclist -1 -1 -5.3800 912.1625 170.1735 944.9996 209.6464 1.5829 0.4463 1.4207 13.0451 1.4751 29.6773 -4.9700 0.0000
