Car -1 -1 -7.5778 519.6031 173.1339 573.1154 206.0401 1.4613 1.6005 3.6199 -2.5462 1.0900 33.8304 -7.6574 0.9999
Car -1 -1 -5.9953 0.0000 178.9535 155.6177 246.3164 1.6384 1.7138 4.0623 -14.3571 1.5770 18.9860 -6.6414 0.9711
Car -1 -1 -4.1854 325.9898 177.6745 395.7364 207.1519 1.4801 1.6889 4.1164 -12.7281 1.2882 38.2544 -4.5096 0.9443
Car -1 -1 -7.6747 583.7834 170.0567 616.1935 191.9840 1.5729 1.7380 4.1081 -0.0496 0.7520 53.7019 -7.6805 0.8806
Car -1 -1 -4.0988 326.5797 178.4163 397.9651 207.4087 1.4518 1.6249 3.9434 -12.6072 1.2976 38.0939 -4.4214 0.8001
Car -1 -1 -5.9831 0.0000 178.7715 156.8567 244.7753 1.6084 1.6850 4.0240 -14.2977 1.5425 18.9769 -6.6274 0.7971
Car -1 -1 -7.6214 584.2452 170.4281 619.2172 192.3033 1.5660 1.7079 4.2094 0.0835 0.7734 53.6691 -7.6247 0.6943
Car -1 -1 -7.6994 583.1865 170.3159 613.3073 191.9783 1.5515 1.6646 4.0355 -0.1824 0.7505 53.5676 -7.7077 0.6772
Car -1 -1 -4.2366 325.1058 178.4506 392.9339 207.8359 1.4760 1.7190 4.1559 -12.8281 1.3230 38.2637 -4.5631 0.5981
Car -1 -1 -7.6009 583.7679 170.8994 617.3751 192.0909 1.5134 1.6086 3.8189 -0.0097 0.7563 53.3474 -7.6060 0.5743
Car -1 -1 -4.1439 323.6806 178.9576 390.0949 207.8464 1.4375 1.6116 3.6189 -12.7667 1.3112 37.6930 -4.4735 0.4905
Car -1 -1 -4.6608 582.7452 169.1891 609.4850 192.0504 1.6424 1.8055 4.2955 -0.3427 0.7579 53.7900 -4.6721 0.4886
Car -1 -1 -7.7286 583.0587 170.8753 610.5658 192.3253 1.5308 1.6172 3.5900 -0.2942 0.7725 53.1420 -7.7391 0.4757
Car -1 -1 -7.7737 578.0787 169.6684 599.2608 187.6973 1.5915 1.6345 4.0057 -1.1011 0.5468 65.4586 -7.7953 0.4680
Car -1 -1 -7.0789 326.5964 179.8833 399.7159 208.5986 1.4302 1.5485 3.6400 -12.4639 1.3499 37.7527 -7.4008 0.4547
Car -1 -1 -8.0196 573.2123 169.3024 598.2281 187.9183 1.6408 1.6151 4.0181 -1.4299 0.5655 65.4395 -8.0463 0.4383
Pedestrian -1 -1 -2.9079 126.7458 174.6396 144.0072 213.0072 1.6904 0.6788 0.5045 -20.8067 1.3884 32.0532 -3.4850 0.4204
Car -1 -1 -4.3626 325.5097 178.5635 386.5236 207.7747 1.4727 1.7438 4.2416 -13.0198 1.3249 38.3523 -4.6928 0.3177
Car -1 -1 -7.5926 577.4537 169.7008 607.1217 187.7977 1.5918 1.6949 4.1932 -0.7621 0.5537 65.4255 -7.6091 0.3159
Car -1 -1 -4.2551 319.3318 178.9453 384.4764 208.0772 1.4462 1.6823 3.9157 -13.0218 1.3196 37.7065 -4.5905 0.3134
Car -1 -1 -8.0723 569.5950 169.1478 596.4404 188.0566 1.6664 1.5983 3.9801 -1.6766 0.5776 65.4297 -8.1027 0.2858
Car -1 -1 -7.6042 582.7230 169.7897 616.9042 191.9468 1.5661 1.6540 3.7497 -0.0657 0.7384 52.7936 -7.6104 0.2605
Car -1 -1 -4.1166 311.0930 179.9044 383.1788 208.7808 1.4099 1.6735 3.8023 -13.0686 1.3323 37.1242 -4.4580 0.2591
Car -1 -1 -7.6568 576.9040 170.2307 601.8515 187.7489 1.5386 1.6065 3.5640 -1.0301 0.5486 64.9871 -7.6774 0.2536
Pedestrian -1 -1 -6.3462 129.5520 174.3349 144.0552 214.0515 1.7450 0.6158 0.5028 -20.6870 1.4305 31.9574 -6.9220 0.2441
Car -1 -1 -4.6503 580.9692 170.3885 606.4135 192.0961 1.5510 1.6698 3.9043 -0.5252 0.7570 53.3127 -4.6650 0.2420
Car -1 -1 -7.8906 575.2852 170.1666 595.1276 188.0772 1.5715 1.6371 3.6787 -1.4586 0.5768 64.9150 -7.9179 0.2211
Pedestrian -1 -1 -6.1987 818.9590 141.0687 930.9282 331.1790 1.8565 0.4527 1.0549 2.7786 1.4624 7.4385 -5.8584 0.2099
Car -1 -1 -7.0619 572.9183 168.6532 621.2374 186.7300 1.5848 1.7319 4.4638 -0.3296 0.4583 65.1698 -7.0718 0.1720
Car -1 -1 -4.5745 578.1467 170.6501 608.6996 192.6349 1.5485 1.7209 4.0557 -0.5326 0.7843 52.7145 -4.5895 0.1420
Car -1 -1 -7.5366 575.0210 171.0661 613.2455 193.5558 1.5605 1.5852 4.1036 -0.4694 0.8365 52.0387 -7.5505 0.1403
Pedestrian -1 -1 -4.8191 231.7693 172.2551 246.2971 205.9776 1.8913 0.6574 0.7572 -20.5793 1.3729 40.7835 -5.2889 0.1392
Car -1 -1 -7.5626 578.8513 168.7332 610.0200 187.0833 1.6117 1.7193 4.2021 -0.5648 0.4902 65.3501 -7.5761 0.1309
Pedestrian -1 -1 -2.9447 832.0480 129.6523 951.1513 334.5662 1.9674 0.4954 1.0665 2.9275 1.4703 7.3886 -2.5853 0.1229
Car -1 -1 -2.9488 0.0000 185.5636 115.5250 222.7380 1.4536 1.5974 3.9325 -22.8053 1.6327 30.0191 -3.5993 0.1202
Car -1 -1 -8.0919 565.1400 169.0879 593.6396 188.5395 1.7113 1.6666 4.0338 -2.0068 0.6191 65.3641 -8.1273 0.1069
Pedestrian -1 -1 -6.5049 628.8405 170.0729 638.6615 193.6323 1.7169 0.6846 0.5805 2.3854 0.8841 52.7381 -6.4648 0.0805
Car -1 -1 -2.9888 11.0164 181.9599 132.8358 219.9167 1.5172 1.6103 3.9501 -22.2730 1.5380 30.3788 -3.6225 0.0694
Car -1 -1 -2.9168 4.8721 182.9858 129.4592 220.5718 1.5004 1.6530 3.9570 -22.4546 1.5666 30.3477 -3.5548 0.0602
Car -1 -1 -3.0506 316.2632 178.3024 394.1008 208.1099 1.5106 1.7975 3.7243 -12.8671 1.3488 37.7217 -3.3823 0.0566
Cyclist -1 -1 -7.7619 630.7094 170.6080 637.0963 193.0465 1.6335 0.3359 1.5972 2.4192 0.8405 53.1072 -7.7215 0.0496
Cyclist -1 -1 -8.1519 624.9113 170.6330 635.8718 193.3979 1.6587 0.3323 1.6475 2.1534 0.8669 53.1789 -8.1166 0.0482
Cyclist -1 -1 -7.7070 154.7579 176.8332 189.5382 249.9016 1.6374 0.4635 1.6907 -10.1561 1.5334 16.9673 -8.2449 0.0426
Pedestrian -1 -1 -3.7023 703.1626 161.3681 713.4940 199.5203 1.8903 0.5007 0.2857 5.3280 0.8931 35.8783 -3.5609 0.0415
Cyclist -1 -1 -7.6002 127.4175 175.3944 145.9721 212.5530 1.6324 0.3203 1.5762 -20.9379 1.3645 32.3561 -8.1759 0.0402
Pedestrian -1 -1 -6.2055 627.4016 169.4856 636.2802 193.7465 1.7702 0.6903 0.6041 2.2513 0.8935 52.7897 -6.1680 0.0398
Car -1 -1 -6.7846 573.6646 169.4111 623.5938 186.8855 1.5362 1.6387 4.2500 -0.2098 0.4732 64.8999 -6.7927 0.0382
Car -1 -1 -3.0955 323.1831 178.6506 402.7239 208.5702 1.5266 1.7968 3.9130 -12.5680 1.3814 38.0486 -3.4176 0.0364
Car -1 -1 -2.3291 0.0000 187.7069 42.4076 287.9081 1.5178 1.6367 4.0328 -11.9101 1.6286 11.8704 -3.1105 0.0320
Car -1 -1 -7.5891 576.1442 171.2089 613.2052 194.0495 1.5720 1.7185 3.8867 -0.4289 0.8637 51.5356 -7.6023 0.0316
Car -1 -1 -6.5517 619.7524 171.0440 675.0548 192.3318 1.5736 1.6629 3.8663 3.4772 0.8006 54.3161 -6.4930 0.0288
Car -1 -1 -2.5387 0.0000 187.1698 39.2863 294.7648 1.5441 1.6048 3.9320 -11.7920 1.6452 11.5815 -3.3272 0.0276
Cyclist -1 -1 -7.9170 630.7400 170.9894 636.8270 193.2943 1.6181 0.3389 1.5824 2.3942 0.8555 52.9050 -7.8770 0.0272
Cyclist -1 -1 -7.8333 124.7153 174.5212 134.8954 212.0137 1.6463 0.3524 1.7233 -21.2591 1.3402 32.3658 -8.4158 0.0242
Pedestrian -1 -1 -4.2341 154.5788 198.1355 183.9687 251.3034 1.1779 0.4134 0.4450 -9.8377 1.5613 16.2966 -4.7754 0.0223
Pedestrian -1 -1 -6.5307 1120.6790 121.4426 1141.5800 190.4316 1.7915 0.5263 0.3185 13.9396 0.2324 18.9565 -5.9081 0.0221
Cyclist -1 -1 -8.0280 627.2252 170.9835 635.5860 193.3146 1.6204 0.3422 1.5526 2.2186 0.8573 52.9183 -7.9913 0.0196
Car -1 -1 -4.7723 93.4184 187.1841 131.0407 213.5006 1.4434 1.5878 3.8984 -28.8343 1.7942 42.2985 -5.3729 0.0185
Car -1 -1 -7.9199 605.4933 168.2977 627.9568 187.2789 1.6041 1.6680 4.1532 1.3349 0.4882 62.8225 -7.9036 0.0183
Car -1 -1 -6.6652 573.9581 169.5478 623.2953 187.0563 1.5376 1.6434 4.1235 -0.2197 0.4877 64.6273 -6.6735 0.0175
Pedestrian -1 -1 -6.4841 629.2032 169.8209 638.5464 193.4911 1.7187 0.6391 0.5629 2.3845 0.8706 52.5200 -6.4439 0.0166
Car -1 -1 -4.7085 100.1334 185.9189 132.2959 212.7527 1.4842 1.5148 3.7320 -28.5944 1.7569 42.3487 -5.3046 0.0151
Cyclist -1 -1 -8.0585 629.2743 170.9068 638.6835 193.6418 1.6389 0.3585 1.6127 2.3929 0.8752 52.6061 -8.0182 0.0129
Car -1 -1 -4.3688 656.6028 173.4541 687.4371 191.0508 1.5687 1.5845 4.0199 6.5707 0.8512 66.1941 -4.2752 0.0127
Cyclist -1 -1 -7.5990 124.7531 175.9604 144.5812 212.9471 1.6110 0.3599 1.5801 -20.8584 1.3700 32.0938 -8.1766 0.0124
Car -1 -1 -5.1166 80.3023 186.9169 135.2517 212.6436 1.4255 1.4103 3.4087 -28.8353 1.7532 41.9404 -5.7210 0.0111
Cyclist -1 -1 -8.0716 775.0839 162.5346 788.6163 194.4737 1.7358 0.3584 1.6943 10.0066 0.7052 39.8892 -7.8323 0.0110
Pedestrian -1 -1 -2.7918 626.3793 169.8280 637.0987 193.8206 1.7404 0.6194 0.6098 2.2309 0.8937 52.5086 -2.7545 0.0106
Cyclist -1 -1 -1.9965 119.7484 174.9314 147.0427 213.2081 1.6763 0.3701 1.6477 -20.9081 1.3890 32.0574 -2.5757 0.0098
Cyclist -1 -1 -8.1817 769.4036 162.5102 785.3022 192.7178 1.6414 0.3208 1.6820 9.7547 0.6097 39.8850 -7.9482 0.0092
Car -1 -1 -7.9672 599.5869 168.5088 624.1033 186.9212 1.5526 1.6574 4.1436 0.9046 0.4569 62.7172 -7.9577 0.0086
Cyclist -1 -1 -8.0493 773.0400 164.6775 784.9911 194.1973 1.5933 0.3220 1.6025 9.7731 0.6855 39.5782 -7.8136 0.0079
Car -1 -1 -4.6754 101.9870 185.4911 134.0940 212.9852 1.5305 1.4558 3.3366 -28.4315 1.7756 42.3091 -5.2692 0.0076
Car -1 -1 -2.3806 298.6903 180.2701 370.7183 209.7684 1.4750 1.5318 3.3762 -13.8498 1.4137 37.2842 -2.7391 0.0071
Car -1 -1 -2.3336 59.5845 187.9057 138.2355 214.6148 1.4788 1.6467 3.6626 -29.0046 1.8593 41.4938 -2.9458 0.0070
Cyclist -1 -1 -7.5535 124.9272 175.2211 148.4704 213.9490 1.6796 0.4181 1.6391 -20.7035 1.4076 31.9987 -8.1291 0.0067
Pedestrian -1 -1 -6.6769 772.2358 161.0123 789.7892 195.4888 1.8625 0.7004 0.7119 9.7929 0.7559 39.2066 -6.4386 0.0055
Car -1 -1 -2.9978 50.7904 189.2600 133.1445 215.1506 1.3856 1.5729 3.6402 -28.9146 1.8439 40.8891 -3.6154 0.0055
Car -1 -1 -4.6316 93.3740 183.5223 131.9633 213.3667 1.6495 1.6011 3.3345 -28.3898 1.7724 41.7954 -5.2304 0.0055
Pedestrian -1 -1 -4.3247 143.5429 197.1855 173.6564 251.2555 1.1978 0.4488 0.4426 -10.0909 1.5601 16.3154 -4.8768 0.0054
Car -1 -1 -4.8176 93.4790 186.7204 130.6852 214.6077 1.5445 1.4692 3.1539 -28.6897 1.8626 42.0860 -5.4181 0.0053
Cyclist -1 -1 -8.0304 772.3820 161.6362 785.5515 196.7813 1.8832 0.3640 1.8729 9.7330 0.8190 39.4354 -7.7949 0.0050
Cyclist -1 -1 -8.0019 775.9019 164.3540 787.7652 196.9804 1.7604 0.3745 1.7020 9.9393 0.8354 39.6229 -7.7626 0.0047
Car -1 -1 -4.5841 608.2537 168.1857 631.4440 186.2598 1.5231 1.5171 4.2359 1.6697 0.4009 62.7419 -4.5625 0.0047
Car -1 -1 -4.6213 605.9433 169.8023 627.2512 188.1479 1.5438 1.5067 4.1528 1.3798 0.5592 62.5946 -4.6042 0.0046
Pedestrian -1 -1 -6.5602 1126.8477 129.5638 1152.6417 194.2256 1.6527 0.5784 0.3873 13.9716 0.3258 18.6985 -5.9301 0.0043
Car -1 -1 -4.5962 615.4189 167.7137 640.4717 186.6147 1.5887 1.7300 4.1730 2.3720 0.4297 62.5700 -4.5633 0.0037
Cyclist -1 -1 -9.0562 1023.6765 154.7510 1145.2488 250.9980 1.4234 0.4666 1.5294 7.5651 1.0284 11.3783 -8.4851 0.0035
Cyclist -1 -1 -8.1164 775.1054 162.8729 792.1213 198.0343 1.8806 0.4301 1.8267 9.9611 0.8845 39.3376 -7.8750 0.0033
Car -1 -1 -4.7932 613.5685 168.0753 636.6957 186.5765 1.5587 1.6598 4.1478 2.0628 0.4275 62.6319 -4.7653 0.0033
Car -1 -1 -6.5243 577.6412 169.2324 629.7181 186.4984 1.5177 1.6372 4.4070 0.2237 0.4391 64.4665 -6.5257 0.0027
Cyclist -1 -1 -7.7488 627.6304 171.2473 635.0276 193.6209 1.6103 0.3825 1.6178 2.2045 0.8723 52.5283 -7.7120 0.0025
Car -1 -1 -6.5771 155.8366 187.6496 227.1273 212.8698 1.4562 1.5753 3.5024 -25.1715 1.8500 44.1743 -7.0975 0.0023
Cyclist -1 -1 -7.8627 776.5157 165.8950 784.9298 196.5538 1.6215 0.4132 1.6702 9.6863 0.7963 38.8509 -7.6249 0.0021
Car -1 -1 -4.6750 609.9646 172.6779 630.3110 191.0425 1.5091 1.5978 4.2718 1.6504 0.7840 61.2097 -4.6530 0.0017
Cyclist -1 -1 -8.0872 487.0101 173.5767 507.3876 207.6182 1.5767 0.6135 1.5248 -4.9678 1.2100 34.0922 -8.2359 0.0013
Pedestrian -1 -1 -3.5530 766.5117 167.2822 776.9645 191.6155 1.7784 0.6845 0.5147 12.5508 0.7392 52.8845 -3.3261 0.0011
Car -1 -1 -6.2976 579.8179 169.2534 630.0106 186.7494 1.5416 1.6261 4.4257 0.3265 0.4623 64.1399 -6.2974 0.0010
Pedestrian -1 -1 -3.5235 766.0221 167.1332 776.0725 191.0986 1.7569 0.7623 0.4683 12.5447 0.7036 53.0741 -3.2975 0.0008
Pedestrian -1 -1 -4.1163 77.6135 213.0100 126.2844 298.5205 1.2683 0.4226 0.4741 -7.7345 1.7649 11.0690 -4.7208 0.0003
