Car -1 -1 -8.1591 711.7752 190.4630 900.9620 314.2863 1.4714 1.6405 3.7738 2.7175 1.7886 11.0670 -7.9258 0.9998
Car -1 -1 -4.3369 0.0000 207.6898 337.9969 374.0000 1.5155 1.6514 4.1519 -3.8640 1.9356 6.5362 -4.8540 0.9997
Car -1 -1 -4.4978 292.2916 197.0767 423.6624 302.2084 1.5222 1.5166 3.3920 -4.4445 2.0187 13.0302 -4.8212 0.9996
Car -1 -1 -8.3316 798.2916 194.0031 1241.0000 374.0000 1.4952 1.6772 4.2674 3.1075 1.7473 6.4384 -7.9012 0.9994
Car -1 -1 -8.0351 644.7592 178.8155 751.3989 262.3459 1.6424 1.6819 3.9662 1.8228 1.7954 16.5180 -7.9282 0.9990
Car -1 -1 -7.9410 604.8249 184.3528 652.8945 224.5712 1.4324 1.5568 4.1596 0.6472 1.9288 29.0409 -7.9197 0.9976
Car -1 -1 -4.6279 480.9588 182.3317 512.8464 208.4175 1.5337 1.6678 4.1622 -7.2140 2.1671 46.1077 -4.7827 0.9618
Car -1 -1 -7.9731 580.3367 181.4053 612.9367 207.2951 1.5155 1.6069 3.8083 -0.9181 2.0788 45.5547 -7.9937 0.9479
Car -1 -1 -7.7691 418.0674 175.8949 486.6242 237.4432 1.8746 1.8674 5.0432 -5.3530 1.9901 24.8536 -7.9797 0.9333
Car -1 -1 -4.4779 283.7660 196.9836 425.2234 301.9690 1.5121 1.5990 3.5190 -4.4988 2.0095 13.0568 -4.8043 0.9324
Car -1 -1 -8.0581 575.5291 181.6347 612.5886 207.4981 1.5091 1.5804 3.8599 -1.0846 2.0883 45.5582 -8.0823 0.8811
Car -1 -1 -7.8776 585.9671 181.6990 613.5178 207.3956 1.4996 1.6350 4.1460 -0.7223 2.0849 45.6608 -7.8938 0.8376
Car -1 -1 -4.5467 479.9068 181.2087 518.1555 208.7576 1.6291 1.7208 4.3822 -7.0826 2.1893 46.2071 -4.6984 0.8225
Car -1 -1 -7.9356 605.3005 184.7193 654.1962 224.5244 1.4171 1.6166 4.0838 0.6823 1.9282 29.0167 -7.9131 0.8080
Car -1 -1 -7.9839 579.6055 181.7803 612.1656 207.2350 1.4845 1.5728 3.6993 -0.9610 2.0699 45.3925 -8.0055 0.6928
Car -1 -1 -7.9703 601.5897 182.3722 643.4208 216.7682 1.4860 1.5564 3.5726 0.4997 1.9595 34.0564 -7.9564 0.6882
Car -1 -1 -4.5869 481.7700 182.6543 515.8734 208.9371 1.5405 1.6362 4.1924 -7.0702 2.1937 45.9888 -4.7391 0.6504
Car -1 -1 -4.6687 479.6836 181.8715 509.9098 208.6142 1.5742 1.7264 4.1943 -7.3531 2.1777 46.1268 -4.8263 0.6332
Car -1 -1 -7.0200 672.2906 161.2914 727.5613 186.1544 1.7719 1.5936 4.0207 6.6241 0.9476 53.2321 -6.8971 0.6299
Car -1 -1 -7.9971 589.4342 180.9076 626.2980 210.6224 1.5670 1.5842 3.6155 -0.2010 2.0454 40.9868 -8.0026 0.6296
Car -1 -1 -7.9518 601.6600 182.1242 641.1380 215.6441 1.4623 1.5293 3.4782 0.4545 1.9254 34.2688 -7.9393 0.6050
Car -1 -1 -4.6494 482.2618 182.5175 512.5787 208.9267 1.5443 1.6561 3.8545 -7.1146 2.1821 45.6472 -4.8037 0.5994
Pedestrian -1 -1 -6.4357 281.8084 171.6945 310.9248 239.6733 1.8591 0.6096 0.6624 -8.8174 1.8271 20.1667 -6.8435 0.5980
Car -1 -1 -4.6865 480.8309 182.4312 509.4099 208.6222 1.5255 1.6825 3.9321 -7.2523 2.1577 45.5912 -4.8439 0.5368
Car -1 -1 -7.0801 671.1817 161.9291 726.7463 186.8391 1.7761 1.6610 4.1425 6.5783 0.9969 53.3904 -6.9584 0.5276
Pedestrian -1 -1 -6.4108 278.5613 171.2501 308.1241 238.2831 1.8344 0.6053 0.6868 -8.9085 1.7902 20.1816 -6.8220 0.4817
Car -1 -1 -7.8414 605.4390 182.2628 641.3449 215.9570 1.4677 1.6166 3.6659 0.6146 1.9392 34.3228 -7.8243 0.4590
Car -1 -1 -4.8183 600.6676 181.5266 642.3646 216.5921 1.4966 1.5514 3.6432 0.4445 1.9230 33.6135 -4.8059 0.4574
Car -1 -1 -7.7838 585.9844 180.6648 616.3844 206.8000 1.5315 1.6468 3.9759 -0.5498 2.0461 45.5291 -7.7963 0.4463
Car -1 -1 -4.1505 0.0000 166.3312 74.0395 201.8972 1.6215 1.6602 3.5982 -27.8944 1.3238 34.7762 -4.8229 0.4010
Car -1 -1 -7.7997 606.5864 181.8216 645.2966 216.1766 1.4883 1.6357 3.9051 0.7675 1.9394 34.3153 -7.7782 0.3552
Car -1 -1 -7.1909 670.6655 161.2531 722.9170 186.6343 1.8095 1.6651 4.1207 6.4363 0.9821 53.4895 -7.0720 0.3414
Car -1 -1 -4.0172 0.0000 165.7237 70.6042 201.9138 1.6499 1.6835 3.5146 -28.1297 1.3245 34.6662 -4.6952 0.3338
Car -1 -1 -4.8367 604.7603 181.6595 651.5618 217.2021 1.5057 1.6743 4.1110 0.7445 1.9433 33.7531 -4.8155 0.3168
Pedestrian -1 -1 -8.1388 273.8724 171.9576 307.0533 238.2121 1.7931 0.6577 0.7549 -8.9212 1.7685 20.0280 -8.5533 0.3160
Car -1 -1 -7.1569 0.0000 163.5091 64.8028 202.0641 1.7255 1.8110 3.5527 -28.0510 1.3070 34.0786 -7.8419 0.2930
Car -1 -1 -8.0112 631.0760 184.0125 698.6083 237.0829 1.5405 1.6180 3.7440 1.6693 1.9365 23.6943 -7.9426 0.2771
Car -1 -1 -4.6732 478.8754 182.4695 509.1203 208.9712 1.5256 1.7137 3.7543 -7.2165 2.1502 44.9275 -4.8320 0.2764
Car -1 -1 -4.7977 605.7693 181.7912 646.7612 217.4977 1.4846 1.5218 4.0893 0.6485 1.9206 33.1370 -4.7789 0.2710
Car -1 -1 -7.9310 595.5969 180.2570 629.9532 209.8485 1.5651 1.6563 3.8335 0.0771 2.0070 41.1238 -7.9297 0.2685
Car -1 -1 -7.9926 628.6492 183.5060 691.6785 234.6075 1.5110 1.5853 3.5523 1.5413 1.8910 23.9289 -7.9300 0.2633
Car -1 -1 -4.2394 0.0000 164.9273 66.7563 202.1628 1.6829 1.7015 3.1462 -27.6880 1.3243 34.3226 -4.9146 0.2598
Car -1 -1 -5.0467 626.6924 183.4394 717.4065 237.3676 1.4723 1.5680 4.0596 1.7938 1.8369 22.7098 -4.9698 0.2411
Car -1 -1 -4.9686 627.8757 183.7095 704.4732 237.7073 1.5302 1.5220 3.7960 1.6713 1.9100 23.2593 -4.8986 0.2055
Car -1 -1 -4.9126 626.0238 183.2626 698.0626 237.1972 1.5455 1.5621 3.9348 1.5569 1.9142 23.5236 -4.8482 0.1940
Car -1 -1 -4.8698 639.1257 183.4931 706.7610 237.9071 1.5575 1.5795 3.7807 1.9044 1.9303 23.3595 -4.7904 0.1764
Car -1 -1 -5.2302 623.0261 182.6232 740.9632 238.2132 1.4747 1.6040 4.4534 2.0411 1.8087 22.3288 -5.1411 0.1752
Pedestrian -1 -1 -7.6978 280.3252 173.2860 308.3622 239.9521 1.8068 0.6079 0.7043 -8.7816 1.8187 19.9775 -8.1074 0.1746
Car -1 -1 -7.0103 0.0000 159.7650 65.0164 202.5639 1.8770 1.7540 4.1967 -28.2589 1.3027 33.8508 -7.7022 0.1653
Car -1 -1 -6.8306 0.0000 157.9675 64.9909 202.9907 1.9688 1.7829 4.3259 -28.5072 1.3176 33.8871 -7.5262 0.1513
Car -1 -1 -7.4026 0.0000 159.8970 61.0823 200.2600 1.7660 1.7188 3.9105 -27.6395 1.1988 33.6698 -8.0861 0.1472
Car -1 -1 -4.9342 603.1913 181.8098 658.8105 218.4767 1.4956 1.5626 4.5167 0.8377 1.9337 32.9542 -4.9097 0.1219
Car -1 -1 -6.7483 0.0000 160.7621 63.3558 201.4111 1.8087 1.7659 3.8208 -28.5899 1.2703 34.2086 -7.4408 0.0811
Car -1 -1 -6.6507 614.7980 184.6551 738.3683 236.2793 1.5434 1.6176 3.6597 2.0922 1.9475 23.4425 -6.5637 0.0634
Car -1 -1 -6.7754 618.4562 184.6049 744.8589 236.5252 1.5527 1.6190 3.8294 2.3094 1.9633 23.7388 -6.6805 0.0612
Cyclist -1 -1 -7.3853 33.9066 167.2670 65.5994 201.3258 1.6235 0.4499 1.8168 -27.4513 1.3569 35.3284 -8.0424 0.0552
Car -1 -1 -6.2403 0.0000 162.7388 58.7134 200.0878 1.6711 1.7210 4.1470 -28.8012 1.2182 34.2262 -6.9361 0.0539
Car -1 -1 -7.4533 0.0000 159.4193 74.9396 200.3789 1.8326 1.8282 3.3577 -27.1761 1.2312 34.1428 -8.1218 0.0489
Car -1 -1 -6.0548 0.0000 163.5531 64.4432 198.7904 1.6131 1.6503 3.8920 -28.8171 1.1870 34.6360 -6.7450 0.0437
Cyclist -1 -1 -7.3547 30.0800 168.5524 62.1094 202.4461 1.6037 0.4356 1.7540 -27.4069 1.3999 35.0415 -8.0149 0.0414
Car -1 -1 -7.6647 597.0801 179.9829 640.3497 209.8936 1.5671 1.7201 4.1141 0.5138 1.9938 41.0322 -7.6528 0.0337
Car -1 -1 -4.7879 605.1429 182.8771 646.5234 219.6715 1.4741 1.5117 4.3065 0.6058 1.9529 32.2958 -4.7700 0.0287
Car -1 -1 -6.6789 598.5664 182.0684 693.2056 217.0946 1.5397 1.6338 4.1401 1.6440 1.9920 33.9674 -6.6317 0.0270
Car -1 -1 -4.2761 681.3203 159.3273 723.3154 183.3440 1.5948 1.6246 3.3204 6.3617 0.6963 49.7490 -4.1498 0.0214
Car -1 -1 -7.4482 683.3906 158.1679 727.2442 181.9265 1.5917 1.5853 4.0241 6.6765 0.6075 50.4723 -7.3176 0.0198
Car -1 -1 -4.3866 569.6417 178.8972 609.2012 202.9002 1.5944 1.6045 4.0198 -1.4441 2.0408 51.1717 -4.4152 0.0189
Car -1 -1 -4.2362 684.1196 159.0794 728.1426 182.5780 1.5730 1.5257 3.6793 6.6957 0.6506 50.2465 -4.1047 0.0163
Car -1 -1 -3.3750 668.3549 176.1899 750.2792 210.0981 1.5903 1.6619 3.6534 4.7472 1.7567 35.0497 -3.2421 0.0159
Car -1 -1 -4.3149 682.9776 159.6152 723.3395 183.8187 1.6213 1.5620 3.4885 6.4855 0.7342 50.2334 -4.1874 0.0141
Car -1 -1 -4.5358 568.2844 179.6709 599.3217 202.2316 1.4971 1.5402 3.9015 -1.8488 1.9993 51.1511 -4.5722 0.0136
Car -1 -1 -6.2427 602.0308 182.5550 686.5527 216.1206 1.4793 1.5177 3.8048 1.5577 1.9384 33.2505 -6.1970 0.0129
Car -1 -1 -8.1362 573.1288 168.9572 601.8092 189.0476 1.8308 1.6223 4.0780 -2.1758 1.4754 67.9410 -8.1684 0.0118
Car -1 -1 -4.6502 579.3219 181.3186 603.8260 202.4392 1.3938 1.5055 3.7785 -1.3035 2.0150 51.0656 -4.6761 0.0118
Car -1 -1 -6.4493 601.2986 182.6248 687.7603 216.4729 1.5019 1.4867 3.8185 1.5332 1.9690 33.5443 -6.4046 0.0117
Car -1 -1 -4.1341 679.7474 158.7387 728.1672 183.2989 1.6320 1.6143 3.6001 6.4863 0.6937 49.8371 -4.0056 0.0105
Car -1 -1 -4.1447 0.0000 160.5118 91.8477 199.0197 1.7181 1.8095 3.6930 -26.6496 1.1671 34.1136 -4.8042 0.0096
Car -1 -1 -2.3345 666.3048 161.5586 716.3628 184.5698 1.5378 1.5773 3.3337 5.5778 0.7827 50.0228 -2.2243 0.0079
Car -1 -1 -4.8496 578.3005 183.3084 606.3201 206.2220 1.4566 1.4304 3.6411 -1.2788 2.2016 49.5268 -4.8758 0.0068
Car -1 -1 -3.9707 684.4544 159.2625 734.4601 183.0295 1.5984 1.4464 3.5280 6.9094 0.6841 50.2107 -3.8349 0.0065
Car -1 -1 -2.3865 671.7377 160.2349 718.1136 184.0284 1.5862 1.5509 2.8945 5.7995 0.7447 49.7094 -2.2712 0.0063
Car -1 -1 -4.9684 576.7767 182.8952 609.0399 206.4191 1.4912 1.3817 3.3604 -1.2267 2.1991 49.0856 -4.9938 0.0054
Car -1 -1 -5.3922 589.3724 180.3849 660.5167 211.5351 1.5339 1.5390 4.1441 0.7049 1.9591 38.6563 -5.3747 0.0047
Car -1 -1 -5.1569 592.0325 181.1005 647.0392 211.9689 1.5249 1.4924 3.7044 0.4209 1.9897 38.7027 -5.1467 0.0045
Car -1 -1 -5.8686 588.6121 181.1865 663.0739 210.8710 1.5302 1.5512 3.7732 0.8253 2.0037 39.5323 -5.8485 0.0045
Car -1 -1 -8.9407 0.0000 0.0000 1241.0000 374.0000 1.6032 1.6108 3.4866 3.4644 1.6014 1.1794 -7.7728 0.0044
Car -1 -1 -8.9632 0.0000 0.0000 1241.0000 374.0000 1.5854 1.6233 3.5057 3.8183 1.5819 1.2159 -7.7694 0.0043
Car -1 -1 -3.9852 682.7729 156.1456 741.5986 180.6779 1.6560 1.7434 4.2056 7.1821 0.5278 50.7325 -3.8456 0.0039
Cyclist -1 -1 -7.4266 257.2463 171.1856 305.3860 242.1210 1.8408 0.5019 1.7592 -8.9513 1.7972 19.6044 -7.8502 0.0039
Car -1 -1 -8.9843 0.0000 0.0000 1241.0000 374.0000 1.5677 1.6088 3.5491 4.1924 1.5672 1.2545 -7.7677 0.0036
Car -1 -1 -3.4528 677.3091 160.0557 733.4346 184.6133 1.6670 1.6111 3.5380 6.5711 0.7980 50.0920 -3.3233 0.0034
Car -1 -1 -2.3634 659.0876 160.9660 715.2142 184.1440 1.5456 1.6574 3.8022 5.2897 0.7525 50.1088 -2.2591 0.0033
Car -1 -1 -4.8345 594.4579 179.7747 632.4258 212.6666 1.6043 1.5017 4.1778 0.0916 1.9918 38.2684 -4.8327 0.0032
Car -1 -1 -6.2673 592.9287 180.9840 665.2236 210.2180 1.5679 1.5649 3.9323 1.0275 2.0284 40.0387 -6.2425 0.0032
Car -1 -1 -8.8989 0.0000 0.0000 1241.0000 374.0000 1.5588 1.5928 3.4910 3.0744 1.5624 1.1667 -7.7725 0.0030
Car -1 -1 -9.0171 0.0000 0.0000 1241.0000 374.0000 1.5320 1.5975 3.5573 4.5700 1.5447 1.2770 -7.7776 0.0030
Cyclist -1 -1 -7.6400 275.8334 172.4196 308.8813 242.3515 1.8298 0.4751 1.6948 -8.7276 1.8181 19.7570 -8.0515 0.0014
Cyclist -1 -1 -7.9153 596.3272 181.3920 603.7821 210.5887 1.5643 0.3235 1.3888 -0.5896 2.0429 39.7743 -7.9306 0.0008
Cyclist -1 -1 -7.3502 259.7644 172.0899 309.7581 241.2221 1.8107 0.4839 1.7009 -8.9312 1.7904 19.7662 -7.7700 0.0004
Cyclist -1 -1 -7.5053 272.5944 173.7285 312.1316 237.9568 1.7158 0.4575 1.6888 -8.8991 1.7409 20.1552 -7.9166 0.0000
Cyclist -1 -1 -7.9944 595.3245 182.5423 605.5909 211.0065 1.5149 0.3667 1.4125 -0.5667 2.0564 39.6227 -8.0092 0.0000
