Car -1 -1 -4.5624 466.2665 162.8859 560.0707 241.1372 1.7458 1.7493 4.1359 -2.1286 1.3310 18.1187 -4.6829 0.9998
Pedestrian -1 -1 -4.3994 260.1920 170.5881 309.2066 257.2743 1.7077 0.6308 1.0367 -6.5032 1.4934 14.6993 -4.8149 0.9566
Pedestrian -1 -1 -5.1780 598.6351 162.4061 656.9271 269.8037 1.7263 0.6414 0.8927 0.3881 1.4200 12.0869 -5.1521 0.9419
Pedestrian -1 -1 -7.9603 670.1910 156.8246 714.6271 265.9980 1.7912 0.6424 0.9542 1.4944 1.3870 12.2652 -7.8472 0.9374
Pedestrian -1 -1 -2.4111 632.9960 162.8558 692.0502 260.6570 1.7413 0.6300 0.8996 1.0869 1.4100 13.3321 -2.3368 0.9017
Pedestrian -1 -1 -5.1713 598.3203 162.1272 657.4775 269.4105 1.7232 0.6586 0.8979 0.3897 1.4126 12.0835 -5.1453 0.8699
Pedestrian -1 -1 -9.1782 1020.6647 153.0042 1123.9967 331.3091 1.6261 0.5346 0.7443 4.5341 1.3670 7.0043 -8.6262 0.8448
Pedestrian -1 -1 -6.1446 578.1957 164.5774 597.0021 200.3866 1.7305 0.5058 0.8574 -0.6827 0.9130 35.0144 -6.1689 0.8194
Pedestrian -1 -1 -5.0943 601.1304 161.8070 661.0905 269.2655 1.7206 0.6816 0.9839 0.4404 1.4059 12.0811 -5.0643 0.7997
Pedestrian -1 -1 -3.3334 854.0959 146.1054 981.9859 346.3959 1.7814 0.6881 0.9824 2.9157 1.4673 6.8205 -2.9490 0.7960
Pedestrian -1 -1 -4.3815 1148.9125 129.3327 1237.0000 312.2834 1.8028 0.6385 0.5952 6.1758 1.2894 7.5080 -3.7155 0.7551
Pedestrian -1 -1 -7.3504 357.0095 167.9000 377.7526 210.7766 1.7309 0.5069 0.7581 -9.5999 1.1822 29.4187 -7.6683 0.7519
Pedestrian -1 -1 -5.6605 771.3144 148.0585 830.2739 263.8334 1.7989 0.6025 0.7004 3.1775 1.2799 11.6231 -5.4048 0.7479
Pedestrian -1 -1 -6.6050 599.8591 160.6625 630.8981 225.3567 1.7939 0.6948 0.6913 0.3579 1.2166 20.3548 -6.5928 0.7424
Pedestrian -1 -1 -3.3378 850.6232 146.9357 977.6904 348.3512 1.7794 0.6897 0.9670 2.8588 1.4747 6.7733 -2.9580 0.7288
Pedestrian -1 -1 -6.2026 579.6873 163.9084 598.6091 199.8785 1.7382 0.5326 0.8850 -0.6066 0.8884 35.0051 -6.2248 0.7210
Pedestrian -1 -1 -7.8387 668.4843 158.1041 711.3240 265.8903 1.7678 0.6998 0.9881 1.4726 1.3847 12.3158 -7.7277 0.6913
Pedestrian -1 -1 -7.5893 195.8535 167.4236 225.4440 237.7790 1.7907 0.5531 0.5374 -10.1514 1.4329 18.6084 -8.0881 0.6898
Pedestrian -1 -1 -4.2874 26.9998 161.4558 150.1763 373.0000 1.7957 0.7185 0.5110 -4.4573 1.6321 6.2072 -4.8967 0.6769
Pedestrian -1 -1 -7.3429 355.4580 167.0571 378.0469 210.5697 1.7502 0.5501 0.8171 -9.6016 1.1696 29.3471 -7.6615 0.6762
Pedestrian -1 -1 -3.8650 87.0121 162.3593 201.5567 373.0000 1.7544 0.6478 0.5384 -3.9705 1.5999 6.1765 -4.4236 0.6602
Pedestrian -1 -1 -4.3822 1149.4526 129.9250 1237.0000 310.8612 1.7972 0.6253 0.5632 6.1991 1.2856 7.5506 -3.7171 0.6503
Pedestrian -1 -1 -5.7380 775.2180 146.8412 832.6876 262.1882 1.7946 0.6080 0.6818 3.2332 1.2560 11.6328 -5.4781 0.6067
Pedestrian -1 -1 -7.2451 357.4895 166.4821 380.7776 210.2735 1.7651 0.5406 0.8148 -9.5291 1.1601 29.4228 -7.5608 0.5359
Pedestrian -1 -1 -4.0466 61.4516 163.1227 195.0736 373.0000 1.7447 0.8333 0.5053 -4.1285 1.5938 6.2174 -4.6199 0.5278
Pedestrian -1 -1 -6.7565 598.6882 161.0409 631.1886 224.9693 1.7789 0.6902 0.6829 0.3487 1.2101 20.4502 -6.7449 0.4870
Pedestrian -1 -1 -6.1186 579.8715 163.8196 598.7571 199.8622 1.7341 0.5201 0.8455 -0.5971 0.8837 34.8778 -6.1406 0.4846
Pedestrian -1 -1 -7.6066 194.5051 167.2461 224.5151 237.9607 1.7930 0.5786 0.4871 -10.1342 1.4321 18.5221 -8.1066 0.4555
Pedestrian -1 -1 -4.4679 1143.2562 127.6167 1236.9207 314.0589 1.8237 0.6356 0.6123 6.0629 1.2974 7.4657 -3.8082 0.4354
Pedestrian -1 -1 -2.5749 624.1763 162.6393 687.8564 260.3429 1.7377 0.6347 0.9922 0.9683 1.4028 13.3249 -2.5093 0.3787
Pedestrian -1 -1 -5.7455 551.0437 164.6140 564.2399 186.8006 1.8811 0.5042 1.0089 -3.7134 0.4492 61.3590 -5.8106 0.3652
Pedestrian -1 -1 -5.6571 550.1573 164.6355 562.8788 187.0999 1.9048 0.4875 0.9851 -3.8109 0.4746 61.3768 -5.7237 0.3642
Pedestrian -1 -1 -5.9288 666.1793 165.2079 688.0430 223.6614 1.7038 0.5389 0.4909 2.2138 1.2294 21.2878 -5.8316 0.3049
Cyclist -1 -1 -7.8165 576.6535 168.9110 583.0558 195.9088 1.6212 0.3422 1.5684 -1.3140 0.8653 43.9207 -7.8511 0.2836
Pedestrian -1 -1 -5.9886 667.2888 163.4640 687.4479 223.0261 1.7290 0.5395 0.4579 2.2110 1.2059 21.1888 -5.8911 0.2811
Car -1 -1 -2.9226 0.0000 176.8401 45.8140 223.2961 1.5175 1.6349 3.7839 -21.9542 1.3657 25.0892 -3.6414 0.2762
Pedestrian -1 -1 -4.2839 1176.4436 133.7578 1237.0000 274.0031 1.7441 0.5651 0.5298 7.8708 1.1510 9.3039 -3.6008 0.2682
Pedestrian -1 -1 -6.9087 601.7538 160.9930 638.1418 224.6506 1.7574 0.7186 0.7501 0.4898 1.1918 20.3405 -6.8901 0.2535
Cyclist -1 -1 -7.8299 573.7905 168.7704 579.6922 195.7287 1.6190 0.3323 1.5861 -1.5051 0.8546 43.9363 -7.8689 0.2513
Car -1 -1 -3.0244 0.0000 176.0991 40.9154 224.5654 1.5499 1.6343 4.0781 -22.0196 1.3776 24.8081 -3.7501 0.2186
Pedestrian -1 -1 -5.3078 550.2701 165.9442 561.1095 187.9066 1.8642 0.4619 0.9641 -3.8905 0.5436 61.4967 -5.3755 0.2147
Cyclist -1 -1 -4.2952 1131.7104 131.8784 1237.0000 318.5625 1.8034 0.4101 1.5309 6.1098 1.3248 7.4811 -3.6327 0.2079
Pedestrian -1 -1 -5.8962 662.0493 164.7100 683.3958 223.3202 1.7110 0.5126 0.4744 2.0853 1.2213 21.3067 -5.8050 0.2051
Pedestrian -1 -1 -4.1589 683.8112 166.2462 714.6823 232.9415 1.6221 0.5548 0.5524 2.3968 1.2517 17.8599 -4.0327 0.2010
Pedestrian -1 -1 -3.8311 80.8770 161.8851 193.2554 373.0000 1.7293 0.6013 0.5251 -3.9093 1.5760 5.9838 -4.3964 0.1974
Car -1 -1 -7.9377 573.0115 168.4723 603.9656 194.1574 1.5389 1.6111 3.6631 -0.8439 0.7584 44.9445 -7.9613 0.1959
Pedestrian -1 -1 -3.9741 690.3660 166.6827 720.6942 232.4970 1.6004 0.5169 0.5402 2.5487 1.2406 17.8396 -3.8395 0.1928
Pedestrian -1 -1 -5.5377 916.9930 136.9691 964.6198 225.3625 1.8417 0.5574 0.7408 7.2362 0.9145 15.4165 -5.1104 0.1860
Car -1 -1 -3.2767 0.0000 175.8012 43.3264 225.4019 1.5571 1.6514 3.9837 -21.8166 1.3786 24.5989 -4.0020 0.1834
Cyclist -1 -1 -7.3995 193.6459 153.0867 226.7198 198.1554 1.7597 0.4578 1.7355 -15.7536 0.6507 28.9241 -7.8993 0.1816
Car -1 -1 -6.0006 0.0000 173.6627 52.8897 219.6865 1.5279 1.6523 3.7100 -21.9033 1.2682 25.3715 -6.7126 0.1799
Car -1 -1 -8.0272 561.5167 163.9307 591.9341 186.4501 1.7247 1.7078 4.1483 -1.9861 0.3790 57.2217 -8.0666 0.1716
Car -1 -1 -7.9064 571.0590 169.0434 600.8129 194.8409 1.5434 1.6433 3.6660 -1.0012 0.7982 44.8687 -7.9335 0.1667
Car -1 -1 -7.6256 554.8058 168.6567 592.6715 194.3077 1.5314 1.5743 3.7415 -1.6820 0.7647 44.8695 -7.6678 0.1648
Pedestrian -1 -1 -7.2969 713.2258 164.3242 745.8972 233.7369 1.6077 0.5874 0.5006 2.9985 1.2105 17.0202 -7.1304 0.1545
Pedestrian -1 -1 -5.9481 663.2874 163.7190 684.5499 223.4130 1.7290 0.5469 0.4726 2.1055 1.2144 21.1524 -5.8553 0.1440
Car -1 -1 -2.8492 0.0000 175.8470 52.2683 224.3838 1.5839 1.7118 4.5082 -22.2639 1.3999 25.1624 -3.5734 0.1436
Car -1 -1 -7.5764 258.7698 168.6013 340.1898 215.7832 1.6691 1.7791 4.3024 -11.5191 1.2132 27.6539 -7.9728 0.1414
Car -1 -1 -4.4582 437.7350 162.3979 500.7718 210.7097 1.7271 1.5365 3.5668 -5.0089 1.0446 27.5129 -4.6417 0.1343
Cyclist -1 -1 -7.3758 189.9719 155.2275 224.8559 199.9413 1.7361 0.4686 1.7667 -15.7848 0.7164 28.7799 -7.8785 0.1241
Car -1 -1 -7.8146 577.0038 168.7758 604.6560 194.2668 1.5238 1.6008 3.6598 -0.6230 0.7633 44.7861 -7.8334 0.1165
Car -1 -1 -2.7154 0.0000 174.7920 56.5608 222.2461 1.5834 1.6925 4.3101 -22.1949 1.3600 25.4000 -3.4335 0.1132
Pedestrian -1 -1 -5.5735 927.4226 135.0481 967.8806 223.0609 1.8440 0.5825 0.5319 7.3857 0.8713 15.4130 -5.1383 0.1109
Car -1 -1 -7.8018 554.3635 168.2899 583.1161 194.3347 1.5546 1.6144 3.7787 -1.9966 0.7662 44.7676 -7.8510 0.1063
Car -1 -1 -7.8732 552.9394 167.9297 580.5407 194.6542 1.5865 1.6144 3.6821 -2.1825 0.7810 44.5400 -7.9268 0.1054
Car -1 -1 -4.4997 434.4438 160.4946 496.0671 210.0660 1.7794 1.5752 3.8172 -5.1942 1.0258 27.7123 -4.6883 0.1002
Car -1 -1 -7.9197 567.6349 164.2576 591.8691 185.9692 1.6655 1.6428 4.0303 -1.7374 0.3427 57.1899 -7.9547 0.0939
Car -1 -1 -4.3759 248.5132 170.2107 334.0956 216.3840 1.5882 1.6771 4.0848 -11.4701 1.2003 26.8035 -4.7817 0.0882
Car -1 -1 -8.1179 555.7961 163.9422 590.2747 186.0508 1.6890 1.6658 4.2543 -2.2810 0.3476 57.1575 -8.1624 0.0877
Car -1 -1 -4.4052 259.9301 167.8478 340.9646 215.2177 1.6581 1.7036 3.9965 -11.3067 1.1806 27.2091 -4.8007 0.0842
Car -1 -1 -4.3639 436.4560 164.9971 507.4174 211.8280 1.6661 1.5630 3.5318 -4.8871 1.0794 27.4278 -4.5437 0.0747
Pedestrian -1 -1 -7.6822 465.0415 169.9560 486.2192 218.4325 1.7321 0.6632 0.6065 -4.5681 1.3200 25.9713 -7.8597 0.0682
Car -1 -1 -4.4416 429.4831 163.7134 499.6268 212.9951 1.7396 1.6520 3.8918 -5.1448 1.1121 27.3630 -4.6307 0.0678
Pedestrian -1 -1 -4.4784 896.8685 145.7866 938.0956 246.1353 1.6927 0.5229 0.6878 5.4811 1.0909 12.5491 -4.0794 0.0634
Car -1 -1 -4.3691 255.8294 168.9454 338.2925 214.9543 1.5791 1.5975 3.9026 -11.2002 1.1486 26.6482 -4.7686 0.0594
Pedestrian -1 -1 -5.0571 177.8317 175.9979 213.2714 236.6994 1.6472 0.6637 0.6889 -11.3154 1.4984 19.9690 -5.5723 0.0587
Pedestrian -1 -1 -4.5206 1024.0013 152.4336 1062.6395 273.6302 1.6067 0.3874 0.3949 5.9808 1.2220 9.7991 -3.9898 0.0569
Pedestrian -1 -1 -7.1020 184.7365 174.5523 222.4560 235.6084 1.6629 0.6669 0.6294 -11.0761 1.4741 19.9501 -7.6085 0.0558
Car -1 -1 -8.2206 549.3279 164.2047 588.9971 186.6996 1.7181 1.6869 4.3468 -2.5936 0.3970 57.1924 -8.2706 0.0514
Pedestrian -1 -1 -5.9064 947.7673 139.7667 989.0080 224.4860 1.8164 0.5832 0.6444 8.0495 0.9222 15.8361 -5.4479 0.0506
Cyclist -1 -1 -3.6822 0.0000 178.0150 50.5970 225.6085 1.6260 0.6458 1.5120 -20.4952 1.5074 25.3626 -4.3619 0.0477
Pedestrian -1 -1 -5.1305 629.8682 156.8533 645.6108 192.5749 1.9084 0.6653 0.5882 1.9524 0.5919 38.7726 -5.0854 0.0451
Pedestrian -1 -1 -4.0582 707.1049 165.8610 740.9102 234.3666 1.5828 0.5836 0.5354 2.8617 1.2220 16.9930 -3.8991 0.0400
Pedestrian -1 -1 -6.0251 955.8026 139.5837 995.4686 222.5223 1.7787 0.6043 0.6492 8.2167 0.8804 15.8472 -5.5586 0.0392
Cyclist -1 -1 -2.8674 0.0000 173.7209 40.2864 222.4965 1.6740 0.6720 1.5011 -20.7871 1.4074 25.2627 -3.5559 0.0347
Pedestrian -1 -1 -6.1679 945.3043 143.9830 975.7418 223.7997 1.7426 0.5791 0.5535 7.9998 0.9241 16.0761 -5.7177 0.0260
Pedestrian -1 -1 -4.2355 112.4051 184.4186 154.7554 256.9539 1.5232 0.4772 0.7469 -10.1306 1.5884 15.5117 -4.8118 0.0246
Cyclist -1 -1 -4.7831 900.9485 145.5290 945.2887 256.3154 1.7640 0.5337 1.8565 5.4802 1.1919 12.4020 -4.3801 0.0154
Cyclist -1 -1 -6.1961 935.8633 138.6368 1018.6870 223.2051 1.7925 0.5375 1.5861 8.2547 0.8846 15.8720 -5.7284 0.0127
Pedestrian -1 -1 -6.4061 697.0278 163.3978 704.1135 199.9661 1.5917 0.4489 0.2512 4.3289 0.8041 31.4919 -6.2756 0.0107
Car -1 -1 -7.9013 36.8457 167.4851 88.6361 208.2398 1.7934 1.7394 4.2242 -25.3909 1.1769 33.7898 -8.5470 0.0065
Pedestrian -1 -1 -2.9981 149.0430 175.0439 172.1250 241.6071 1.5228 0.4714 0.3954 -10.2994 1.3757 16.7286 -3.5483 0.0064
Cyclist -1 -1 -7.8609 606.8989 160.3868 625.3925 224.9231 1.7505 0.4964 1.6778 0.3730 1.1783 20.3244 -7.8480 0.0050
Car -1 -1 -7.7608 38.0435 164.8213 91.0946 204.5349 1.7587 1.6550 3.9024 -25.2772 1.0204 33.9080 -8.4027 0.0049
Cyclist -1 -1 -6.2969 587.7220 160.9206 645.5945 223.8171 1.7595 0.5546 1.6189 0.3932 1.1843 20.3720 -6.2831 0.0037
Cyclist -1 -1 -3.5873 0.0000 175.2031 59.4700 224.9322 1.6999 0.6781 1.6112 -20.3002 1.4850 25.4273 -4.2611 0.0034
Cyclist -1 -1 -2.8505 0.0000 177.9102 52.5696 224.7493 1.6130 0.6684 1.5495 -20.4372 1.4898 25.3401 -3.5292 0.0010
Cyclist -1 -1 -4.5839 685.0831 166.8082 712.3297 234.3199 1.6042 0.4913 1.5569 2.3990 1.2556 17.8843 -4.4577 0.0007
Pedestrian -1 -1 -7.4464 4.9968 179.7740 36.0709 227.2987 1.6510 0.6880 0.5573 -20.4900 1.5915 25.3164 -8.1269 0.0004
Pedestrian -1 -1 -7.6150 9.1028 179.4963 38.7367 227.0641 1.6509 0.7087 0.5354 -20.3762 1.5818 25.3236 -8.2927 0.0003
