Car -1 -1 -7.4227 192.9454 185.4866 328.2262 255.5385 1.5044 1.6166 3.3812 -8.1715 1.5117 17.1478 -7.8616 1.0000
Car -1 -1 -7.5907 333.9346 173.8038 473.6218 271.9181 1.6675 1.6459 3.9128 -3.8838 1.4737 14.1738 -7.8537 0.9999
Car -1 -1 -7.8755 578.0236 174.1186 646.2887 237.9060 1.6184 1.7344 3.7303 0.0251 1.3370 20.1216 -7.8747 0.9998
Car -1 -1 -7.7099 451.1733 177.5543 510.8865 225.2119 1.5891 1.5920 3.7079 -4.5212 1.3338 25.8452 -7.8817 0.9997
Car -1 -1 -7.4598 290.1916 181.0956 360.7097 215.3634 1.4729 1.6316 3.8646 -12.8443 1.2960 32.8502 -7.8301 0.9806
Car -1 -1 -7.7286 489.3637 179.7172 527.8514 209.0375 1.4406 1.5384 3.5214 -5.1022 1.1706 37.0885 -7.8647 0.9375
Car -1 -1 -7.7142 487.0965 180.2785 527.3932 209.4232 1.4293 1.5752 3.5549 -5.1622 1.1873 37.0317 -7.8521 0.9117
Car -1 -1 -7.1914 0.0000 192.0315 187.8210 314.6629 1.4400 1.6246 3.8962 -8.2295 1.5594 10.6193 -7.8387 0.8797
Car -1 -1 -7.0616 0.0000 192.1219 186.3851 313.9388 1.4401 1.6286 3.7573 -8.4122 1.5620 10.6946 -7.7161 0.8139
Car -1 -1 -7.4454 325.4624 183.2518 410.2316 225.8550 1.4296 1.5464 3.7351 -8.6321 1.3639 26.0530 -7.7626 0.7965
Car -1 -1 -7.8477 576.7781 179.4434 619.0205 217.5327 1.4730 1.6339 3.7109 -0.4387 1.2500 29.6628 -7.8628 0.7834
Car -1 -1 -7.7394 489.1837 179.3681 527.1960 208.4929 1.4265 1.5589 3.3600 -5.1009 1.1402 36.9045 -7.8762 0.7656
Car -1 -1 -2.4452 400.9595 180.9297 468.9950 210.6736 1.5538 1.5168 3.4089 -9.4074 1.3300 38.9890 -2.6807 0.7094
Car -1 -1 -7.9003 575.4928 179.1230 618.9745 217.9968 1.4812 1.5801 3.9743 -0.5292 1.2492 29.4241 -7.9186 0.7086
Car -1 -1 -7.8526 577.0281 178.2534 620.3934 217.3678 1.5060 1.6702 3.8552 -0.4143 1.2381 29.6161 -7.8669 0.6734
Car -1 -1 -7.9128 574.0522 179.6836 618.7664 217.0863 1.4512 1.6250 3.6490 -0.5644 1.2367 29.7728 -7.9320 0.6698
Car -1 -1 -7.5201 326.2606 183.5783 405.1108 226.1007 1.4308 1.5441 3.7886 -8.7259 1.3758 26.0926 -7.8401 0.6392
Car -1 -1 -7.2720 324.2251 182.9247 424.7702 226.6686 1.4571 1.6033 3.8413 -8.3685 1.3809 26.0103 -7.5806 0.6350
Car -1 -1 -6.7589 0.0000 190.4917 193.7354 321.4587 1.5128 1.6614 4.1154 -8.7031 1.6078 10.6996 -7.4297 0.6263
Car -1 -1 -7.5276 288.8239 180.7805 356.4780 215.0121 1.4690 1.6651 4.0259 -12.9888 1.2788 32.8987 -7.9012 0.6212
Car -1 -1 -4.0518 0.0000 193.8593 189.3320 325.2141 1.4452 1.6635 4.3901 -8.2209 1.5968 10.3967 -4.7085 0.6161
Car -1 -1 -7.4281 292.8388 181.0681 363.2048 215.2492 1.4663 1.5725 3.7470 -12.6940 1.2885 32.7541 -7.7954 0.5999
Car -1 -1 -7.7716 423.2305 180.0606 459.0940 210.1713 1.5667 1.6078 3.7545 -9.1083 1.2986 39.3757 -7.9978 0.5803
Car -1 -1 -2.3594 401.9654 180.9900 470.3477 210.4325 1.5385 1.5876 3.5302 -9.3921 1.3179 39.1608 -2.5936 0.5586
Car -1 -1 -7.7761 487.0749 178.7514 524.2391 208.7587 1.4725 1.6113 3.8434 -5.2729 1.1555 37.2442 -7.9161 0.5469
Car -1 -1 -7.4147 292.8540 182.0713 357.7249 216.3359 1.4667 1.5036 3.1889 -12.7046 1.3323 32.4129 -7.7858 0.5328
Car -1 -1 -7.7884 485.6902 179.6144 522.8698 209.0975 1.4400 1.6467 3.9044 -5.3253 1.1666 37.1197 -7.9302 0.5319
Car -1 -1 -7.9520 570.5753 178.7359 617.8955 217.5040 1.4878 1.5770 3.6438 -0.6511 1.2393 29.4909 -7.9743 0.5149
Car -1 -1 -4.1812 0.0000 194.5903 183.8962 317.9210 1.3784 1.6149 4.0502 -8.0350 1.5423 10.4564 -4.8242 0.5076
Car -1 -1 -7.5925 325.7418 183.3101 396.0156 226.6327 1.4525 1.5586 3.3797 -8.8317 1.3888 25.8385 -7.9190 0.5065
Car -1 -1 -7.7299 423.9439 180.7857 463.2245 211.5290 1.6057 1.6347 3.8992 -9.0128 1.3744 39.5650 -7.9528 0.4908
Car -1 -1 -7.2689 325.5370 182.4366 425.4373 225.7719 1.4503 1.5471 3.9080 -8.3758 1.3574 26.1490 -7.5763 0.4779
Car -1 -1 -4.6988 521.2368 176.0360 546.6923 200.0622 1.4488 1.5296 3.9841 -4.6605 0.8954 45.3984 -4.8009 0.4762
Car -1 -1 -7.6571 423.4098 179.7524 468.5748 210.3105 1.6021 1.6623 4.1075 -8.9140 1.3158 39.7598 -7.8766 0.4663
Car -1 -1 -4.7865 577.3297 177.1557 626.9818 218.7293 1.5420 1.6578 4.3416 -0.3378 1.2432 28.8971 -4.7985 0.4607
Car -1 -1 -4.7676 516.8972 176.8227 544.7877 200.9942 1.4544 1.5247 3.9770 -4.9144 0.9496 45.3400 -4.8753 0.4493
Car -1 -1 -8.0305 418.8784 181.1685 462.5682 212.3285 1.6156 1.6635 3.9301 -9.2331 1.4059 39.4042 -8.2596 0.4374
Car -1 -1 -7.7930 576.9470 179.3848 621.2322 216.5670 1.4509 1.6124 4.0647 -0.3414 1.2236 30.1212 -7.8047 0.4272
Car -1 -1 -7.1471 0.0000 0.0000 194.9909 375.0000 2.0153 1.7609 4.1751 -4.0345 1.5640 3.5941 -7.9532 0.3870
Car -1 -1 -7.5626 421.9984 180.0188 470.7431 209.7498 1.5434 1.6082 3.6570 -8.7731 1.2738 39.2002 -7.7817 0.3642
Car -1 -1 -7.5523 575.6475 178.0527 641.7242 217.7079 1.5188 1.6624 3.8169 0.0706 1.2446 29.6014 -7.5504 0.3254
Car -1 -1 -8.1458 411.6041 180.8056 464.8645 211.8114 1.6026 1.7089 4.1659 -9.3715 1.3748 39.3868 -8.3783 0.3227
Car -1 -1 -6.6913 567.4690 178.8463 669.3732 217.6616 1.5131 1.6373 3.8506 0.3969 1.2650 29.5192 -6.6784 0.3040
Car -1 -1 -4.7557 576.4031 178.6767 620.5899 219.1470 1.4780 1.5468 4.1354 -0.4683 1.2394 28.3638 -4.7725 0.3036
Car -1 -1 -7.4130 0.0000 195.0157 196.6256 304.1442 1.4138 1.6164 3.4948 -8.2002 1.5961 11.5043 -8.0215 0.2994
Car -1 -1 -7.5150 572.9627 177.4868 645.3624 217.6993 1.5149 1.6901 4.0741 0.0995 1.2239 29.2842 -7.5120 0.2819
Car -1 -1 -7.1230 0.0000 27.1773 202.3869 375.0000 2.0341 1.6893 3.9100 -4.1427 1.6107 3.9200 -7.9021 0.2697
Car -1 -1 -7.1021 325.0396 182.0924 437.4522 226.5434 1.4736 1.6241 3.9201 -8.1091 1.3702 25.9491 -7.4024 0.2650
Car -1 -1 -7.5573 422.0422 180.4087 472.8259 210.9688 1.5956 1.6457 3.9355 -8.7880 1.3448 39.5600 -7.7748 0.2597
Car -1 -1 -7.6219 574.8758 178.2749 635.3366 217.4347 1.5080 1.6767 3.7726 -0.0801 1.2409 29.7106 -7.6250 0.2398
Car -1 -1 -4.8684 509.7505 176.5290 544.1581 200.9880 1.4708 1.5446 4.0220 -5.1689 0.9486 45.3713 -4.9816 0.2366
Car -1 -1 -4.6198 522.7859 176.2086 552.6403 199.9443 1.4325 1.5172 3.9525 -4.4065 0.8890 45.3624 -4.7164 0.2313
Car -1 -1 -4.3639 0.0000 196.2296 180.4922 315.9018 1.3892 1.4893 3.6588 -7.7887 1.5828 10.6676 -4.9827 0.2122
Car -1 -1 -7.1849 0.0000 48.3863 215.6517 375.0000 1.9990 1.6067 3.7015 -3.9868 1.5859 4.0754 -7.9267 0.1839
Car -1 -1 -4.7234 520.5112 176.9463 546.7100 201.3433 1.4442 1.5461 3.9314 -4.6513 0.9549 44.5948 -4.8271 0.1815
Car -1 -1 -6.8228 563.6643 178.1681 668.1426 217.1640 1.5193 1.5973 4.0806 0.3219 1.2449 29.7263 -6.8125 0.1561
Car -1 -1 -7.3374 573.1938 178.6422 656.1564 217.6293 1.4882 1.6991 3.9160 0.3176 1.2374 29.5588 -7.3272 0.1555
Car -1 -1 -4.1520 126.8286 185.8252 222.0204 220.1925 1.4203 1.6483 4.1520 -19.1175 1.4492 31.8766 -4.6888 0.1484
Car -1 -1 -7.3372 571.2012 177.8337 654.1496 217.0381 1.5062 1.6811 3.9943 0.2394 1.2228 29.7675 -7.3297 0.1467
Car -1 -1 -4.0433 114.3496 182.8518 220.4042 218.4763 1.4663 1.6822 4.3107 -19.3886 1.3692 31.8317 -4.5869 0.1234
Car -1 -1 -7.4256 422.3651 180.2556 479.7113 209.9893 1.5533 1.6661 3.7711 -8.5931 1.2943 39.5731 -7.6384 0.1231
Car -1 -1 -4.1700 145.2820 186.9138 229.9360 219.1857 1.3756 1.5717 3.8285 -19.0796 1.4577 32.7718 -4.6940 0.1074
Car -1 -1 -7.3635 563.1024 178.9542 646.9669 217.3335 1.4983 1.6544 4.4301 -0.0629 1.2541 30.4089 -7.3660 0.1013
Car -1 -1 -4.8655 511.8022 177.8979 547.2014 201.9529 1.4210 1.6084 3.8213 -4.9149 0.9889 44.5194 -4.9752 0.0877
Car -1 -1 -7.7036 573.7079 181.9319 622.3128 213.7731 1.3118 1.6279 3.4562 -0.4106 1.1766 31.4376 -7.7170 0.0689
Car -1 -1 -4.2394 138.5331 184.7364 222.9925 218.8062 1.4248 1.6470 3.8612 -18.9517 1.4049 32.0370 -4.7703 0.0564
Car -1 -1 -7.4939 570.8149 179.9793 633.9924 214.0315 1.3950 1.5907 3.6152 -0.2100 1.1807 31.4207 -7.5010 0.0523
Car -1 -1 -4.5202 601.2647 177.7607 642.4884 205.3206 1.5016 1.6034 4.1995 0.8363 1.0956 41.3882 -4.5006 0.0489
Car -1 -1 -4.6084 602.2565 177.7071 636.7026 203.7275 1.4294 1.5880 4.0068 0.6928 1.0171 41.5737 -4.5922 0.0384
Car -1 -1 -6.6590 569.5307 178.5055 672.3796 215.9861 1.4970 1.6607 3.9873 0.5094 1.2292 30.1911 -6.6427 0.0359
Car -1 -1 -4.5459 513.6004 176.5807 549.8786 203.0783 1.5188 1.5045 4.1700 -4.5601 1.0240 43.3325 -4.6504 0.0254
Car -1 -1 -4.8403 608.0848 178.0603 643.6155 205.8450 1.5017 1.5393 3.7450 0.9517 1.1151 40.7954 -4.8176 0.0188
Car -1 -1 -2.6905 0.0000 193.3378 185.4621 302.7580 1.5170 1.6754 4.0337 -9.2812 1.6604 11.4118 -3.3620 0.0178
Car -1 -1 -4.4928 635.4486 177.5829 674.9100 203.4728 1.5448 1.6571 3.9110 2.9860 1.0895 45.0021 -4.4274 0.0141
Car -1 -1 -2.3488 0.0000 191.7604 192.5089 292.2252 1.5141 1.6417 4.0897 -9.4715 1.6341 12.0709 -3.0035 0.0122
Car -1 -1 -4.5799 626.7112 177.5200 658.5322 201.4071 1.4359 1.5341 3.6294 2.1978 0.9735 45.1355 -4.5320 0.0114
Car -1 -1 -2.4860 0.0000 193.4990 187.0725 293.5991 1.4927 1.6684 4.0967 -9.4534 1.6378 11.7211 -3.1538 0.0096
Cyclist -1 -1 -8.3347 618.9533 173.7012 643.4014 204.7641 1.8601 0.7022 1.8846 1.3947 1.1707 44.0472 -8.3037 0.0094
Car -1 -1 -4.7428 624.8674 177.4702 650.9053 201.5211 1.4475 1.5118 3.6469 1.8292 0.9815 45.0957 -4.7029 0.0093
Car -1 -1 -7.7791 434.5608 165.1284 459.8169 186.7147 1.7367 1.7441 4.2701 -13.3948 0.1208 60.0723 -7.9978 0.0072
Car -1 -1 -7.7037 436.3178 164.5955 464.5824 186.6876 1.7783 1.6928 4.2106 -13.1075 0.1186 60.0188 -7.9180 0.0068
Car -1 -1 -7.5651 436.3343 163.9519 470.3062 185.6331 1.7454 1.6758 4.0846 -12.8537 0.0338 59.9718 -7.7756 0.0057
Car -1 -1 -7.6451 639.3760 179.4978 676.4526 204.9717 1.5109 1.5481 3.8051 3.1311 1.1719 44.6796 -7.5761 0.0057
Pedestrian -1 -1 -5.0188 864.7846 166.2935 902.5703 236.9746 1.6729 0.6873 0.6373 6.6012 1.2252 17.3501 -4.6610 0.0040
Car -1 -1 -4.7755 628.8708 177.8904 647.2378 193.6237 1.5017 1.5673 3.6055 2.9377 0.8027 70.4304 -4.7344 0.0035
Car -1 -1 -4.6684 632.7357 177.9852 650.6304 193.7074 1.4988 1.5941 3.7187 3.3393 0.8097 70.4523 -4.6216 0.0035
Car -1 -1 -4.8365 629.9276 178.1782 649.3632 193.0566 1.4201 1.5038 3.2363 3.0889 0.7485 70.2844 -4.7932 0.0028
Car -1 -1 -4.6946 635.3842 177.6080 651.9177 193.5062 1.5106 1.5520 3.5993 3.5149 0.7879 70.1533 -4.6452 0.0027
Car -1 -1 -4.8715 624.3215 177.8514 645.4088 193.1802 1.4641 1.5283 3.4800 2.6261 0.7609 70.4828 -4.8348 0.0026
Car -1 -1 -4.4094 562.1680 177.8460 590.5239 194.0753 1.5459 1.6904 3.9227 -3.0589 0.8441 70.5862 -4.4529 0.0024
Car -1 -1 -4.8971 616.1307 177.9930 639.3565 193.3448 1.4638 1.5936 3.8445 1.9255 0.7752 70.5649 -4.8703 0.0024
Car -1 -1 -4.8393 621.2658 177.9830 642.0324 193.1732 1.4515 1.5888 3.5955 2.3125 0.7606 70.5570 -4.8071 0.0024
Car -1 -1 -5.1082 608.4156 177.7959 640.5651 193.2404 1.4675 1.6734 4.1600 1.5979 0.7626 70.5450 -5.0861 0.0023
Car -1 -1 -5.9971 413.0587 166.3493 479.4883 188.2134 1.7594 1.8999 4.9830 -13.2250 0.2414 58.9580 -6.2171 0.0022
Car -1 -1 -4.6463 563.3020 177.9335 582.5509 194.0389 1.5375 1.6364 3.9107 -3.4023 0.8425 70.5949 -4.6947 0.0022
Car -1 -1 -4.8823 624.3870 177.7921 644.6130 192.7579 1.4292 1.4941 2.9370 2.5846 0.7204 70.2021 -4.8461 0.0019
Car -1 -1 -7.9298 288.2120 155.4039 329.6030 195.4165 2.1977 1.8704 4.9263 -17.5844 0.5604 42.1026 -8.3233 0.0010
Car -1 -1 -7.9475 294.6816 155.5132 334.5201 195.7517 2.2312 1.7359 4.7783 -17.3601 0.5844 42.3793 -8.3342 0.0005
Cyclist -1 -1 -7.2770 445.7972 179.2179 473.5511 209.2492 1.5684 0.6968 1.5931 -7.9337 1.2553 38.4111 -7.4797 0.0003
Pedestrian -1 -1 -7.8193 525.0976 179.4676 541.0357 207.1675 1.6707 0.9459 0.5155 -4.5606 1.3242 43.6469 -7.9232 0.0002
