Car -1 -1 -7.8781 661.6964 173.1493 683.1759 193.5019 1.5724 1.6132 3.7333 4.9387 1.5965 57.7136 -7.7936 0.9756
Car -1 -1 -6.5115 756.6721 177.0013 844.8930 209.1380 1.5141 1.6158 3.8761 9.1804 1.7203 35.0725 -6.2581 0.9048
Car -1 -1 -6.5489 755.6567 177.6822 842.0620 209.3219 1.4963 1.6321 3.7811 9.1321 1.7374 35.2248 -6.2978 0.8518
Car -1 -1 -7.9108 659.0771 173.1616 682.3698 193.8386 1.6003 1.6332 3.9058 4.8122 1.6256 57.8768 -7.8287 0.7576
Car -1 -1 -7.9112 660.0191 173.3835 682.7437 193.3389 1.5403 1.5902 3.7410 4.8504 1.5837 57.6826 -7.8281 0.7574
Car -1 -1 -6.6195 753.8931 177.4317 835.4234 209.6931 1.5190 1.6609 3.5028 8.9395 1.7485 35.2369 -6.3736 0.7078
Car -1 -1 -4.6827 660.5621 172.0323 683.3611 193.3708 1.6505 1.7041 4.4266 4.9963 1.5866 58.1051 -4.5977 0.6789
Car -1 -1 -6.6822 752.2894 177.4368 841.2957 209.2663 1.5002 1.6541 3.8945 9.1008 1.7320 35.4364 -6.4334 0.6410
Car -1 -1 -7.8662 663.2592 172.7684 684.7455 193.5949 1.6104 1.6568 3.9733 5.0731 1.6034 57.8335 -7.7795 0.5944
Car -1 -1 -6.4201 756.7551 176.8345 850.0721 209.0621 1.5081 1.7260 4.1863 9.3086 1.7078 35.1448 -6.1638 0.5738
Car -1 -1 -8.2557 790.9666 98.5655 1241.0000 374.0000 2.1254 1.7232 4.7424 2.9913 1.7052 6.4603 -7.8408 0.3216
Car -1 -1 -6.9675 769.0365 172.4244 858.4342 210.7354 1.6973 1.6993 3.7745 9.4167 1.6780 33.5020 -6.6963 0.1926
Car -1 -1 -7.1015 781.4966 172.5070 865.9847 210.3841 1.6740 1.7070 3.6992 9.9133 1.6583 33.5646 -6.8172 0.1648
Car -1 -1 -7.0620 779.6137 171.6941 873.3361 209.3685 1.6710 1.7219 4.2102 10.1007 1.6193 33.7548 -6.7742 0.1300
Pedestrian -1 -1 -7.2210 130.3428 157.7672 187.0288 266.1846 1.7532 0.5898 0.5424 -7.5272 1.5089 11.9619 -7.7730 0.1218
Car -1 -1 -6.8915 876.5124 96.5783 1241.0000 374.0000 1.9236 1.7137 3.6598 3.9245 1.4921 4.9893 -6.2540 0.1070
Car -1 -1 -6.8599 781.3309 172.8846 865.0028 209.7819 1.6320 1.6515 3.3309 9.7457 1.6332 33.1898 -6.5772 0.0961
Car -1 -1 -7.1674 773.2699 173.0096 858.9376 210.9770 1.6818 1.7673 3.9474 9.6460 1.6892 33.8303 -6.8925 0.0920
Pedestrian -1 -1 -7.2704 132.8397 159.6609 188.1682 268.5437 1.7740 0.5795 0.5430 -7.5434 1.5587 12.0369 -7.8206 0.0911
Car -1 -1 -6.8912 785.3293 172.0843 885.2415 209.3016 1.6531 1.6909 4.2229 10.4061 1.6186 33.4978 -6.5929 0.0686
Car -1 -1 -6.6914 789.0459 172.2613 889.9539 209.1820 1.6427 1.6836 4.0859 10.4605 1.6160 33.1559 -6.3889 0.0633
Pedestrian -1 -1 -7.0809 120.2826 157.9357 176.8695 266.9294 1.7491 0.5793 0.5327 -7.6571 1.5094 11.9000 -7.6428 0.0572
Pedestrian -1 -1 -7.2020 126.8329 161.1626 178.7300 268.3100 1.7509 0.5643 0.4674 -7.6831 1.5596 12.0500 -7.7599 0.0456
Car -1 -1 -4.9078 770.4783 175.4633 832.6931 210.4697 1.5416 1.9866 4.6134 9.0143 1.6746 34.4873 -4.6547 0.0370
Car -1 -1 -8.0546 788.6964 173.4134 843.4375 210.5155 1.6415 1.7480 3.7025 9.5649 1.6690 33.8899 -7.7823 0.0324
Car -1 -1 -8.2143 773.4874 173.5764 843.2803 211.2890 1.6647 1.8768 3.9483 9.2120 1.7005 33.9849 -7.9523 0.0202
Car -1 -1 -5.2168 759.4158 173.7616 834.2537 211.7227 1.6738 1.6983 3.9594 8.6867 1.7190 34.0473 -4.9696 0.0147
Car -1 -1 -8.0247 781.1525 155.6709 811.9672 180.0130 1.8022 1.6533 3.8239 14.2517 0.5297 55.3922 -7.7743 0.0133
Car -1 -1 -8.0666 781.7368 156.0303 816.2700 178.5711 1.6693 1.7671 3.9210 14.4433 0.4231 55.4291 -7.8131 0.0125
Car -1 -1 -8.8109 0.0000 0.0000 1241.0000 374.0000 1.5306 1.5742 3.4206 2.6861 1.5808 1.1551 -7.7360 0.0123
Car -1 -1 -4.0791 691.8682 174.1846 732.4664 190.7841 1.4816 1.6356 4.0611 9.4550 1.6081 66.7502 -3.9393 0.0120
Car -1 -1 -5.2000 768.8350 171.5439 824.2419 200.3758 1.5067 1.4266 3.5677 10.1420 1.4380 39.6088 -4.9515 0.0107
Car -1 -1 -5.8848 335.0404 181.0108 434.4720 210.0696 1.3297 1.5544 4.2778 -10.7873 1.7310 34.5489 -6.1856 0.0102
Car -1 -1 -8.8766 0.0000 0.0000 1241.0000 374.0000 1.5473 1.5830 3.4354 3.0506 1.5875 1.1788 -7.7565 0.0101
Car -1 -1 -6.3689 793.6825 172.9996 887.1385 210.1081 1.6194 1.6561 3.9006 10.3287 1.6260 32.7260 -6.0663 0.0095
Car -1 -1 -5.0082 748.8397 159.5357 778.7916 179.0504 1.8138 1.7281 3.9240 14.6700 0.5756 69.0925 -4.8000 0.0091
Car -1 -1 -8.9193 0.0000 0.0000 1241.0000 374.0000 1.5405 1.5815 3.5275 3.4127 1.5668 1.2287 -7.7688 0.0079
Car -1 -1 -8.0323 779.5382 156.5682 809.6857 180.1933 1.7512 1.5639 3.9208 14.1285 0.5437 55.4944 -7.7844 0.0076
Car -1 -1 -2.6618 353.9335 182.6014 450.0262 211.3175 1.2987 1.4664 4.2211 -9.9801 1.7804 34.5434 -2.9414 0.0072
Car -1 -1 -4.5174 1241.0000 149.9299 1241.0000 374.0000 1.4646 1.6211 3.7608 4.5828 1.4345 2.2972 -3.4617 0.0071
Car -1 -1 -6.4844 796.9663 173.0243 901.8873 209.9668 1.6219 1.6438 4.2707 10.7463 1.6295 32.7437 -6.1704 0.0068
Car -1 -1 -8.6622 0.0000 0.0000 1241.0000 374.0000 1.5521 1.5893 3.5534 1.8906 1.5832 1.1586 -7.7489 0.0064
Car -1 -1 -8.9407 0.0000 0.0000 1241.0000 374.0000 1.5262 1.5831 3.5466 3.8163 1.5552 1.2253 -7.7492 0.0064
Pedestrian -1 -1 -6.2589 298.3232 164.3153 316.7448 233.9394 1.6468 0.5180 0.3957 -7.3327 1.4445 17.3788 -6.6531 0.0062
Car -1 -1 -8.9413 0.0000 0.0000 1241.0000 374.0000 1.5210 1.5854 3.5999 4.2213 1.4991 1.3260 -7.7371 0.0057
Car -1 -1 -5.2497 1241.0000 127.5616 1241.0000 374.0000 1.4387 1.6038 3.8682 5.0613 1.4174 2.4049 -4.1691 0.0055
Car -1 -1 -4.3324 1169.8951 173.8161 1241.0000 374.0000 1.4632 1.6280 3.8019 3.8496 1.4669 1.9329 -3.2867 0.0052
Car -1 -1 -8.9715 0.0000 0.0000 1241.0000 374.0000 1.5240 1.6186 3.6421 4.5885 1.4856 1.3399 -7.7429 0.0047
Car -1 -1 -6.2080 795.9336 172.3858 895.1013 210.6647 1.6340 1.6492 4.1190 10.5128 1.6137 32.3399 -5.8968 0.0044
Car -1 -1 -4.3478 692.2419 172.8581 725.5331 191.1443 1.6378 1.6837 4.1716 9.1747 1.6379 66.8593 -4.2123 0.0044
Car -1 -1 -5.4629 0.0000 0.0000 1241.0000 374.0000 1.4466 1.6323 3.8306 5.0257 1.4109 2.0045 -4.3212 0.0041
Car -1 -1 -2.6296 357.5795 181.8802 448.3378 210.0554 1.2619 1.4406 3.9367 -9.8435 1.7041 34.2143 -2.9081 0.0041
Car -1 -1 -2.9552 369.3760 181.8218 471.4909 210.1013 1.2964 1.5504 4.5259 -9.0640 1.7376 34.5936 -3.2100 0.0040
Pedestrian -1 -1 -5.8396 287.2707 169.3086 317.6397 234.1803 1.5116 0.5460 0.4728 -7.3329 1.4286 17.0954 -6.2396 0.0037
Cyclist -1 -1 -8.0529 757.4403 172.5870 784.1719 237.5318 1.6731 0.3738 1.6368 4.2600 1.6659 19.4088 -7.8408 0.0034
Pedestrian -1 -1 -7.1869 800.3877 173.1758 821.3298 214.4746 1.8290 0.7169 0.5544 8.9796 1.8434 32.4156 -6.9196 0.0032
Car -1 -1 -2.8057 370.5319 181.9768 469.6883 210.5847 1.2952 1.5661 4.2717 -9.0067 1.7397 34.2258 -3.0615 0.0032
Pedestrian -1 -1 -6.1797 199.1232 173.0941 215.7865 233.3334 1.5356 0.5262 0.3229 -10.4803 1.5416 18.7006 -6.6847 0.0032
Car -1 -1 -9.0027 0.0000 0.0000 1241.0000 374.0000 1.4831 1.6117 3.8145 2.6139 1.5116 0.5195 -7.7336 0.0030
Car -1 -1 -7.4918 1241.0000 120.6717 1241.0000 374.0000 1.5303 1.6831 3.8974 4.4927 1.4618 1.9904 -6.3918 0.0030
Car -1 -1 -9.2946 0.0000 0.0000 1241.0000 374.0000 1.4356 1.6215 3.8449 2.2600 1.5398 -0.1497 -7.7860 0.0030
Car -1 -1 -7.2992 1145.5474 99.3512 1241.0000 374.0000 1.5330 1.6622 3.8701 3.7556 1.4640 1.6510 -6.2067 0.0030
Car -1 -1 -7.5195 1241.0000 95.7118 1241.0000 374.0000 1.5395 1.6876 4.0000 5.1885 1.4301 2.0367 -6.3711 0.0030
Car -1 -1 -8.8823 0.0000 0.0000 1241.0000 374.0000 1.5406 1.6102 3.5721 2.2737 1.5282 0.8680 -7.7850 0.0030
Car -1 -1 -8.7169 0.0000 0.0000 1241.0000 374.0000 1.5047 1.6068 3.7836 1.0262 1.5902 0.3831 -7.7332 0.0030
Car -1 -1 -9.0876 0.0000 0.0000 1241.0000 374.0000 1.5434 1.6276 3.6922 4.9796 1.3720 1.0961 -7.7886 0.0030
Car -1 -1 -9.0694 0.0000 0.0000 1241.0000 374.0000 1.4966 1.6095 3.8327 3.4021 1.4612 0.5240 -7.7341 0.0030
Car -1 -1 -7.4308 1141.2957 0.0000 1241.0000 374.0000 1.5736 1.6895 3.9538 3.4166 1.4782 1.1810 -6.2678 0.0030
Car -1 -1 -8.8542 0.0000 0.0000 1241.0000 374.0000 1.5183 1.6088 3.8240 1.4740 1.5839 0.4132 -7.7324 0.0030
Car -1 -1 -9.0402 0.0000 0.0000 1241.0000 374.0000 1.5179 1.6025 3.8308 3.0550 1.5162 0.5266 -7.7316 0.0030
Car -1 -1 -8.9163 0.0000 0.0000 1241.0000 374.0000 1.4964 1.6095 3.7860 1.8199 1.5588 0.4485 -7.7336 0.0030
Car -1 -1 -7.4236 1241.0000 67.0398 1241.0000 374.0000 1.5463 1.6818 3.9913 4.4575 1.4217 1.7054 -6.2746 0.0030
Car -1 -1 -5.8354 0.0000 0.0000 1241.0000 374.0000 1.5028 1.6026 3.5827 3.0847 1.5846 1.5525 -4.8052 0.0030
Car -1 -1 -5.4723 0.0000 0.0000 1241.0000 374.0000 1.4737 1.6719 3.9261 4.6854 1.4469 1.9065 -4.3408 0.0030
Cyclist -1 -1 -4.7613 797.0480 173.4434 811.0328 212.8626 1.7279 0.5239 1.5763 8.6837 1.7548 32.4776 -4.5029 0.0021
Car -1 -1 -4.6689 686.4440 175.1079 711.4639 196.4302 1.4442 1.6079 3.8145 6.3252 1.6105 51.3098 -4.5474 0.0020
Car -1 -1 -4.7722 686.1337 175.4122 710.2381 195.0526 1.3739 1.5355 3.4310 6.3802 1.5666 52.6884 -4.6527 0.0020
Car -1 -1 -5.6665 0.0000 0.0000 1241.0000 374.0000 1.4859 1.6684 3.9142 4.3252 1.4361 1.7644 -4.5401 0.0019
Car -1 -1 -5.9005 0.0000 0.0000 1241.0000 374.0000 1.4367 1.5827 3.8307 3.4875 1.5138 1.5913 -4.8260 0.0018
Pedestrian -1 -1 -2.7619 198.7933 173.3611 218.1976 231.9919 1.4927 0.5037 0.2694 -10.4200 1.5057 18.6408 -3.2658 0.0017
Pedestrian -1 -1 -3.6245 902.8040 156.8406 920.8013 191.2693 1.6645 0.5709 0.6138 14.6773 0.8900 35.1949 -3.2326 0.0016
Car -1 -1 -4.7653 689.1970 176.0305 712.9429 197.7527 1.4959 1.4991 3.6791 6.5181 1.7334 52.1290 -4.6420 0.0016
Car -1 -1 -5.8443 0.0000 0.0000 1241.0000 374.0000 1.4816 1.6242 3.9035 3.9017 1.5132 1.6268 -4.7315 0.0016
Cyclist -1 -1 -6.4331 789.9161 172.1421 826.2358 211.1402 1.7424 0.6376 1.5038 8.9081 1.7103 32.6405 -6.1695 0.0012
Cyclist -1 -1 -8.2864 753.9661 173.9050 792.8007 236.8070 1.5811 0.3806 1.5246 4.2210 1.6095 18.9478 -8.0713 0.0011
Cyclist -1 -1 -7.4404 103.3610 157.0489 187.3158 269.8463 1.7304 0.5782 1.5480 -7.6569 1.4877 11.8776 -8.0031 0.0010
Pedestrian -1 -1 -5.8356 235.3376 163.5351 253.6889 230.0116 1.8838 0.4516 0.3029 -10.5193 1.6194 20.6749 -6.3014 0.0010
Pedestrian -1 -1 -3.8348 901.5331 158.7254 919.3935 190.2963 1.5343 0.5601 0.5864 14.7070 0.8474 35.4204 -3.4443 0.0010
Cyclist -1 -1 -8.1241 777.8268 174.7756 814.2487 242.0320 1.5910 0.4648 1.5525 4.5434 1.6404 17.8953 -7.8802 0.0009
Cyclist -1 -1 -7.9331 773.1492 172.2220 795.5457 236.7004 1.6214 0.4215 1.7806 4.5400 1.6052 19.0563 -7.7035 0.0009
Cyclist -1 -1 -7.6008 113.6639 158.9668 186.9562 268.9568 1.6921 0.6166 1.6672 -7.6471 1.4781 11.9877 -8.1589 0.0008
Cyclist -1 -1 -8.0196 771.5453 167.8807 804.6384 241.2498 1.7949 0.5125 1.8640 4.5180 1.6729 18.5985 -7.7858 0.0007
Cyclist -1 -1 -7.5239 119.4484 160.8348 194.5590 270.8061 1.7090 0.5855 1.5299 -7.5613 1.5219 12.0236 -8.0757 0.0007
Pedestrian -1 -1 -4.7864 765.9119 173.4331 786.8265 240.6853 1.7168 0.4934 0.4382 4.2520 1.7317 18.6766 -4.5668 0.0005
Pedestrian -1 -1 -4.6486 783.9402 192.4727 800.8444 237.9942 1.1258 0.3957 0.3541 4.5683 1.6284 18.2689 -4.4081 0.0003
Cyclist -1 -1 -7.8991 797.6916 174.1817 809.9082 211.2836 1.6366 0.4598 1.5015 8.7252 1.6979 32.6668 -7.6409 0.0003
Cyclist -1 -1 -5.1114 897.9946 155.3578 925.7120 188.0788 1.5549 0.6004 1.7658 14.6568 0.7232 35.1727 -4.7197 0.0002
Cyclist -1 -1 -8.2772 758.0085 176.5108 794.2997 234.8732 1.4427 0.3869 1.3420 4.2214 1.5403 18.6197 -8.0584 0.0002
Pedestrian -1 -1 -6.2133 799.2929 172.0818 812.6521 211.2256 1.7401 0.5403 0.5451 8.7642 1.7054 32.4187 -5.9521 0.0001
Pedestrian -1 -1 -4.9648 772.0123 183.4373 793.2833 242.9697 1.4815 0.4228 0.4472 4.3166 1.7525 18.2666 -4.7372 0.0001
