Car -1 -1 -4.3892 337.3851 184.9108 390.8073 215.5524 1.4402 1.5235 3.6366 -12.6385 2.0914 37.1662 -4.7152 0.9986
Car -1 -1 -7.8609 598.7827 174.1931 630.0659 202.9392 1.6977 1.8572 4.7476 0.2206 1.7857 45.2093 -7.8565 0.9891
Car -1 -1 -7.8458 601.2171 174.3896 630.3688 202.6542 1.6690 1.7316 4.3880 0.3411 1.7693 45.0532 -7.8388 0.8603
Car -1 -1 -7.9158 596.6371 174.7520 629.5197 203.1099 1.6702 1.7595 4.7090 0.1060 1.7952 45.2208 -7.9139 0.8147
Car -1 -1 -4.3737 335.1534 185.1638 391.5372 215.6835 1.4275 1.5601 3.8391 -12.6925 2.0953 37.2324 -4.7004 0.8127
Car -1 -1 -7.8114 600.8668 174.9563 631.6702 202.9409 1.6448 1.7433 4.1408 0.3979 1.7813 44.8372 -7.8031 0.6589
Car -1 -1 -4.3718 333.2005 185.1442 389.2370 216.9675 1.4703 1.5527 3.6426 -12.5820 2.1243 36.5802 -4.7012 0.4236
Car -1 -1 -4.2104 0.0000 196.6798 22.4707 270.4124 1.4131 1.5244 3.6630 -15.8413 2.0407 17.0552 -4.9512 0.2139
Car -1 -1 -4.3622 0.0000 195.2873 18.5502 274.1066 1.4668 1.5890 4.0134 -15.5762 2.0564 16.8143 -5.1015 0.1960
Car -1 -1 -4.1930 0.0000 195.3254 19.0896 272.0796 1.4415 1.5665 3.9066 -15.8735 2.0308 16.8492 -4.9407 0.1917
Car -1 -1 -3.7262 0.0000 195.0666 20.0192 273.6192 1.4736 1.5985 4.0437 -16.5582 2.0596 16.8974 -4.4936 0.1576
Car -1 -1 -4.3011 0.0000 191.1916 16.9397 275.5880 1.5605 1.6363 4.2116 -15.6126 2.0390 16.5806 -5.0485 0.1514
Car -1 -1 -3.9017 0.0000 195.4240 19.7613 275.9389 1.5027 1.6160 4.0804 -16.2557 2.0899 16.7061 -4.6655 0.1317
Car -1 -1 -4.1123 0.0000 191.1106 21.0147 275.1835 1.5546 1.6537 4.2850 -15.8859 2.0302 16.5621 -4.8688 0.1079
Car -1 -1 -3.6864 0.0000 193.6361 22.6953 271.0431 1.4971 1.5862 3.8863 -16.6457 2.0509 17.1559 -4.4490 0.1047
Car -1 -1 -3.9320 0.0000 194.1600 28.2216 270.3932 1.4794 1.6085 3.8987 -16.2298 2.0415 17.0751 -4.6843 0.0964
Car -1 -1 -4.4797 0.0000 195.7881 17.5130 277.4964 1.5117 1.6135 3.9814 -15.2532 2.1094 16.6805 -5.2126 0.0933
Car -1 -1 -3.4136 0.0000 192.6214 34.6711 268.6798 1.5212 1.7364 3.9126 -16.8621 2.0628 17.6578 -4.1684 0.0877
Car -1 -1 -3.4891 0.0000 195.6387 18.9427 274.1602 1.4745 1.6322 4.1032 -16.8510 2.0816 17.0299 -4.2615 0.0728
Car -1 -1 -3.4526 0.0000 192.5296 22.9219 269.0733 1.5035 1.6023 3.9393 -16.9274 2.0345 17.3729 -4.2173 0.0720
Pedestrian -1 -1 -2.9607 50.3373 179.8997 82.1903 228.6759 1.8555 0.6370 0.8883 -21.1880 2.1340 28.0708 -3.6028 0.0337
Pedestrian -1 -1 -3.0290 46.4959 179.5839 79.0966 229.8221 1.9012 0.6073 0.9423 -21.2232 2.1661 27.9402 -3.6742 0.0280
Car -1 -1 -4.7048 0.0000 195.0669 7.9066 262.0157 1.4559 1.5545 3.8162 -16.9125 2.0987 18.9363 -5.4269 0.0274
Car -1 -1 -3.0305 707.0550 178.0371 786.6710 210.8712 1.4897 1.5307 3.5839 6.4931 1.7455 34.3873 -2.8460 0.0253
Car -1 -1 -2.0814 0.0000 195.8213 24.0670 261.4050 1.4609 1.5349 3.3772 -16.8469 2.0805 18.2164 -2.8205 0.0242
Car -1 -1 -5.1800 884.3042 179.9115 938.2409 204.0112 1.3509 1.4923 3.6590 18.0322 1.7938 43.4300 -4.7893 0.0235
Car -1 -1 -3.4252 706.8260 177.2353 795.0686 210.1622 1.5422 1.5931 3.9130 6.7656 1.7606 35.0334 -3.2366 0.0209
Pedestrian -1 -1 -4.2680 0.0000 209.5863 23.9344 256.4006 1.1623 0.3803 0.4193 -15.4577 2.1192 18.5541 -4.9556 0.0197
Car -1 -1 -4.5393 893.9728 175.5937 931.7048 199.6770 1.4278 1.5657 3.7760 18.9875 1.6070 45.2486 -4.1447 0.0180
Car -1 -1 -1.9050 0.0000 196.4071 22.0604 261.5045 1.4225 1.6235 3.8669 -17.1123 2.0826 18.5921 -2.6419 0.0166
Car -1 -1 -4.8790 0.0000 193.0671 19.9677 258.4862 1.4392 1.6937 4.0734 -17.2089 2.0254 19.0027 -5.6080 0.0157
Pedestrian -1 -1 -4.1161 0.0000 211.0918 18.4262 256.7217 1.1233 0.3795 0.3919 -15.4271 2.1059 18.3336 -4.8086 0.0154
Car -1 -1 -2.8323 704.0718 176.3511 788.2774 211.1032 1.5544 1.6173 3.5961 6.3959 1.7272 34.1508 -2.6493 0.0153
Pedestrian -1 -1 -2.8718 40.2770 178.4323 75.6497 229.3071 1.9316 0.5821 0.9672 -21.4132 2.1508 27.9436 -3.5212 0.0132
Car -1 -1 -6.8280 703.4176 175.6801 804.6934 209.6009 1.5792 1.7283 4.6657 7.0414 1.7242 35.4749 -6.6342 0.0131
Car -1 -1 -2.1737 0.0000 193.9372 24.5100 260.9228 1.5037 1.6330 3.8899 -17.1849 2.0702 18.1809 -2.9237 0.0127
Car -1 -1 -2.4894 0.0000 195.3237 18.7714 264.3085 1.5401 1.5574 3.9102 -17.2617 2.1234 17.7472 -3.2534 0.0107
Car -1 -1 -4.9841 984.8930 174.9697 1051.1586 211.2773 1.5742 1.7404 3.6388 18.8040 1.6779 33.4862 -4.4766 0.0095
Car -1 -1 -5.3186 881.3446 180.9431 938.4235 204.1266 1.3061 1.4877 3.4481 18.1001 1.8173 43.7800 -4.9294 0.0095
Car -1 -1 -5.5615 881.4545 179.7444 951.8146 203.4671 1.3228 1.4546 3.9104 18.3876 1.7579 43.5167 -5.1646 0.0094
Car -1 -1 -4.8437 874.4019 180.9933 907.0076 204.7854 1.3612 1.4212 3.3804 17.1690 1.8813 44.3274 -4.4769 0.0094
Car -1 -1 -4.7474 0.0000 193.7609 13.9918 261.0438 1.4803 1.6289 4.1647 -17.1738 2.0974 19.2354 -5.4694 0.0087
Car -1 -1 -5.2513 879.8522 178.1044 934.0806 201.4615 1.3587 1.5419 3.4398 18.2652 1.6963 44.6082 -4.8654 0.0085
Car -1 -1 -4.8013 470.8542 178.8172 492.3986 197.1014 1.5322 1.5299 3.9753 -11.4294 2.0781 63.9664 -4.9778 0.0082
Car -1 -1 -5.4207 878.1605 178.6685 943.8698 204.1890 1.4529 1.6476 3.7511 18.2704 1.8239 44.0452 -5.0303 0.0080
Car -1 -1 -4.7360 894.6258 174.8497 921.5295 198.0192 1.3829 1.4612 3.6397 18.6700 1.5135 45.3651 -4.3483 0.0075
Car -1 -1 -4.9339 885.8282 176.2348 923.1727 199.0091 1.3549 1.4057 3.5820 18.4329 1.5760 45.3651 -4.5506 0.0070
Car -1 -1 -5.6805 883.6364 178.9827 959.6106 203.8019 1.3830 1.4413 4.0875 18.6207 1.7689 43.3605 -5.2778 0.0069
Car -1 -1 -5.2865 876.1669 179.5304 933.5955 203.9010 1.4006 1.4972 3.6981 18.0834 1.8301 44.4963 -4.9033 0.0068
Car -1 -1 -5.0396 1005.9169 179.8730 1070.2067 209.5704 1.2578 1.4990 3.4484 19.6127 1.5990 33.2677 -4.5112 0.0066
Pedestrian -1 -1 -8.3708 744.5798 172.8653 764.7090 217.1805 1.8860 0.6718 0.5365 6.1829 1.8862 31.0682 -8.1768 0.0065
Cyclist -1 -1 -7.3525 0.0000 187.3569 60.8105 257.9133 1.7494 0.4734 1.7874 -15.4394 2.1533 19.1897 -8.0234 0.0063
Car -1 -1 -4.8368 995.6764 177.6734 1050.0858 210.5827 1.3968 1.6817 3.9419 18.9869 1.6339 33.3951 -4.3240 0.0056
Car -1 -1 -9.0798 1107.4218 151.0851 1184.4901 178.7089 1.8014 1.6790 3.8729 36.3997 0.3815 49.1288 -8.4451 0.0055
Car -1 -1 -5.0674 876.5797 177.0668 920.7924 198.9333 1.2968 1.3723 3.6796 18.0571 1.5722 45.3598 -4.6911 0.0052
Car -1 -1 -6.4693 709.7634 177.7364 792.1409 210.1206 1.5085 1.5795 3.6477 6.6813 1.7480 34.6435 -6.2809 0.0052
Car -1 -1 -5.0345 712.6268 177.6852 759.0343 202.5231 1.4018 1.6181 3.8183 7.4961 1.7063 43.5132 -4.8655 0.0052
Car -1 -1 -4.4440 569.8918 177.1511 600.5397 199.2875 1.5636 1.3922 3.5222 -1.8365 1.8935 53.5682 -4.4785 0.0051
Car -1 -1 -5.7623 886.2728 176.6057 972.5421 203.5667 1.5029 1.6539 4.4839 18.9885 1.7389 43.1522 -5.3507 0.0046
Car -1 -1 -4.7770 989.8597 175.4096 1036.2766 209.9437 1.5017 1.6226 3.8971 18.7708 1.6286 33.7975 -4.2742 0.0046
Cyclist -1 -1 -6.7632 0.0000 185.1505 80.4769 258.2943 1.8056 0.4656 1.7821 -15.1165 2.1449 19.0240 -7.4280 0.0045
Car -1 -1 -4.6286 724.5496 176.3136 754.9025 200.2016 1.4341 1.5993 3.7687 8.2578 1.6638 45.9310 -4.4522 0.0039
Car -1 -1 -4.3773 719.9669 177.0033 764.2817 200.9606 1.4698 1.6517 3.9314 8.6345 1.7526 47.1170 -4.1977 0.0037
Car -1 -1 -5.3080 886.3643 178.3619 943.9651 201.3024 1.3098 1.4717 3.5745 18.5120 1.6599 44.0051 -4.9126 0.0037
Car -1 -1 -4.8772 723.9407 176.0956 761.2709 200.4626 1.4413 1.6590 3.9515 8.2199 1.6530 45.1938 -4.6989 0.0037
Car -1 -1 -4.7558 881.2207 173.6040 907.5144 196.5565 1.3894 1.3732 3.8137 17.9932 1.4388 45.8353 -4.3842 0.0036
Car -1 -1 -4.4537 446.4079 177.8568 476.9374 195.2518 1.4056 1.6146 3.8449 -12.6071 1.8447 61.4001 -4.6557 0.0035
Car -1 -1 -5.2015 723.3835 175.9899 779.2050 200.7331 1.4311 1.6778 4.0018 8.6026 1.6333 44.4381 -5.0120 0.0035
Car -1 -1 -5.1697 719.0627 175.2850 772.6356 200.9804 1.4929 1.6703 3.9206 8.2693 1.6494 44.4342 -4.9874 0.0034
Car -1 -1 -4.7357 728.8450 178.4186 758.1282 204.0497 1.4183 1.6046 3.7527 7.8354 1.7631 42.7647 -4.5562 0.0034
Car -1 -1 -5.6633 890.7692 178.0899 964.3906 202.3032 1.3609 1.4428 3.9543 19.0495 1.6914 43.5143 -5.2536 0.0033
Car -1 -1 -4.9347 476.0294 178.5115 502.1285 194.8905 1.5101 1.6326 4.1344 -11.8263 2.0782 70.2799 -5.1011 0.0033
Cyclist -1 -1 -7.6184 0.0000 190.1022 29.3342 260.3760 1.7237 0.4115 1.7208 -15.8330 2.1979 18.9860 -8.3067 0.0033
Car -1 -1 -4.8849 718.4987 176.7642 755.4091 200.9130 1.4256 1.6208 3.8699 7.8615 1.6805 45.1583 -4.7141 0.0032
Car -1 -1 -5.1422 707.1554 175.7929 759.0476 200.7787 1.4451 1.6410 3.9339 7.4695 1.6340 44.3416 -4.9769 0.0031
Car -1 -1 -4.6741 719.9252 177.3176 747.5980 200.9278 1.4116 1.5998 3.7991 7.8761 1.7079 45.9277 -4.5058 0.0030
Car -1 -1 -4.5372 443.3512 179.3259 470.4543 196.6961 1.3951 1.6091 3.8403 -13.0045 1.9625 61.3453 -4.7455 0.0030
Car -1 -1 -8.9273 0.0000 0.0000 1241.0000 374.0000 1.5447 1.5754 3.5263 3.4694 1.5097 1.2356 -7.7721 0.0030
Car -1 -1 -5.0454 708.1210 176.2361 753.7916 200.5047 1.4297 1.6152 3.9124 7.4771 1.6507 45.1477 -4.8827 0.0030
Car -1 -1 -5.0938 714.7213 175.8954 764.0713 200.9171 1.4514 1.6523 3.8800 7.8728 1.6471 44.4249 -4.9200 0.0030
Car -1 -1 -4.9957 719.7498 177.1822 764.4112 202.5172 1.4368 1.6468 3.7821 7.8829 1.7097 43.5610 -4.8183 0.0030
Car -1 -1 -4.5947 484.9228 177.8669 506.4894 194.7367 1.5708 1.6190 4.0260 -11.1470 2.0741 70.4430 -4.7514 0.0029
Car -1 -1 -4.8600 481.3978 178.6858 503.6206 194.6142 1.4742 1.5891 3.8368 -11.5016 2.0594 70.3662 -5.0217 0.0028
Cyclist -1 -1 -7.2259 0.0000 190.3470 57.4893 260.7249 1.7337 0.4335 1.7323 -15.5095 2.2173 19.0847 -7.9017 0.0028
Pedestrian -1 -1 -4.5111 763.0190 175.2173 786.4142 229.2720 1.5513 0.5961 0.4147 4.7560 1.6209 21.0448 -4.2925 0.0027
Car -1 -1 -4.8729 746.2097 178.5300 780.2654 202.0468 1.4405 1.5965 3.6120 9.8889 1.8238 46.9253 -4.6670 0.0025
Car -1 -1 -4.7342 197.2760 186.5416 227.9706 212.3704 1.3931 1.5242 3.5980 -23.6934 2.2436 42.9106 -5.2363 0.0025
Car -1 -1 -4.4527 486.3499 177.3903 513.3526 193.5914 1.5121 1.6356 4.0181 -10.7605 1.9687 70.5966 -4.6037 0.0023
Car -1 -1 -6.7318 962.7829 176.2733 1061.0187 208.3703 1.4899 1.6525 3.7740 19.1771 1.6580 34.6156 -6.2299 0.0023
Car -1 -1 -4.6704 754.2684 177.7813 782.4355 202.1648 1.4976 1.6527 3.6183 10.3261 1.8321 47.0666 -4.4562 0.0020
Car -1 -1 -4.4598 754.0903 179.4256 792.2920 203.4280 1.4679 1.5982 3.5797 10.6643 1.9149 47.1550 -4.2392 0.0019
Car -1 -1 -4.3412 754.9178 178.0547 800.6218 202.8136 1.5166 1.6213 3.8671 10.9576 1.8707 47.1140 -4.1145 0.0017
Pedestrian -1 -1 -4.5917 794.5300 177.8609 810.1685 224.3255 1.4836 0.4453 0.4116 6.1836 1.6474 23.3709 -4.3369 0.0015
Car -1 -1 -4.4725 521.4211 178.5222 548.0439 195.8041 1.5580 1.6296 3.9146 -7.1260 2.1114 68.4404 -4.5762 0.0014
Cyclist -1 -1 -8.2556 769.3717 176.7052 810.2623 233.3027 1.5459 0.5647 1.5475 5.0707 1.6600 20.6274 -8.0186 0.0012
Pedestrian -1 -1 -4.4162 767.6370 175.0392 794.2274 225.7142 1.4445 0.6410 0.4816 4.9189 1.5088 20.9684 -4.1896 0.0012
Pedestrian -1 -1 -4.5498 794.7295 176.7347 814.5112 227.4801 1.6005 0.5440 0.4821 6.1949 1.7265 23.1395 -4.2921 0.0011
Cyclist -1 -1 -7.1924 0.0000 196.0400 35.1870 261.0671 1.5276 0.4841 1.6142 -15.5299 2.1431 18.3464 -7.8878 0.0010
Pedestrian -1 -1 -4.7956 784.2729 176.3454 805.7650 229.6747 1.6826 0.6197 0.5605 5.8793 1.7958 23.1346 -4.5505 0.0009
Pedestrian -1 -1 -6.1085 774.6067 173.1477 787.4407 197.4780 1.8596 0.6367 0.8663 13.1569 1.8821 55.6224 -5.8778 0.0008
