Car -1 -1 -4.3818 516.0589 179.7750 599.8206 227.0797 1.5265 1.7066 4.3928 -1.8341 1.8010 26.3109 -4.4514 0.9997
Car -1 -1 -4.0663 162.6381 182.6133 406.9727 291.9083 1.4970 1.6129 4.1836 -5.3806 1.6959 12.5054 -4.4656 0.9996
Car -1 -1 -7.8241 752.4406 179.3967 806.9152 233.5036 1.6116 1.6375 4.5079 5.7565 1.8547 24.4567 -7.5964 0.9994
Car -1 -1 -4.4584 598.9553 181.3653 653.0558 214.3729 1.4611 1.6439 4.2263 0.8117 1.9046 35.3613 -4.4363 0.9953
Car -1 -1 -7.8077 749.7550 179.3421 806.2087 234.0610 1.6288 1.6680 4.6341 5.7391 1.8711 24.5168 -7.5812 0.8532
Car -1 -1 -4.4699 600.2087 181.0635 652.7543 214.6842 1.4904 1.6419 4.0510 0.8271 1.9154 35.2147 -4.4472 0.7525
Car -1 -1 -4.0259 658.2616 179.1859 710.4650 201.9162 1.5292 1.5740 3.9404 5.3148 1.9986 51.5750 -3.9243 0.6794
Car -1 -1 -7.6665 601.0419 182.0351 654.0211 215.3912 1.4670 1.7430 4.8876 0.9085 1.9539 35.7208 -7.6419 0.6158
Car -1 -1 -4.0713 660.9044 178.2992 710.1375 201.8999 1.5976 1.5545 3.7828 5.4046 2.0016 51.6472 -3.9681 0.5811
Car -1 -1 -4.6619 683.0952 178.5155 708.9128 201.7748 1.5686 1.6596 3.4681 6.1250 1.9862 51.4089 -4.5445 0.5503
Car -1 -1 -4.5705 678.9708 179.4645 708.9089 202.1193 1.5151 1.6325 3.5681 5.9706 2.0027 51.3166 -4.4559 0.5060
Car -1 -1 -4.5627 660.0836 179.3655 689.5400 202.1497 1.5414 1.5654 3.8455 4.6784 2.0292 52.0398 -4.4741 0.4439
Car -1 -1 -4.6656 686.3491 178.8798 711.1235 201.7881 1.5351 1.5873 3.5595 6.2975 1.9784 51.2312 -4.5444 0.3917
Car -1 -1 -4.4661 675.0412 178.1501 710.5967 201.7896 1.5875 1.6440 3.8146 5.9126 1.9801 51.4589 -4.3529 0.3616
Car -1 -1 -4.5342 661.1084 179.7325 690.8865 202.1065 1.5110 1.5428 3.4628 4.7337 2.0220 51.7558 -4.4440 0.3590
Car -1 -1 -4.1754 664.5196 178.2074 713.4942 202.2717 1.6203 1.6108 4.1161 5.6654 2.0191 51.6599 -4.0673 0.3583
Car -1 -1 -4.4767 659.4174 179.7392 693.3514 202.0766 1.4947 1.6222 3.5838 4.7363 2.0040 51.4464 -4.3859 0.3426
Car -1 -1 -3.9614 656.2106 179.2617 710.1398 201.6813 1.5150 1.6033 3.9248 5.2425 1.9911 51.7398 -3.8615 0.3353
Car -1 -1 -4.1521 659.1823 178.6645 705.3693 201.9987 1.5779 1.5718 3.6980 5.1797 2.0096 51.7017 -4.0533 0.3320
Car -1 -1 -3.9810 657.1301 180.1080 710.5469 202.4580 1.4965 1.6065 3.8876 5.2609 2.0326 51.4500 -3.8802 0.3253
Car -1 -1 -4.8192 633.6110 183.0074 665.0787 208.9244 1.4328 1.4980 3.5369 2.2774 2.0645 43.1109 -4.7673 0.2947
Car -1 -1 -4.5238 657.1667 179.7902 688.6078 202.0408 1.4979 1.5828 3.7378 4.5225 2.0154 51.8432 -4.4377 0.2742
Car -1 -1 -4.5300 656.5091 179.8904 687.8309 202.4379 1.5034 1.6090 3.5121 4.4133 2.0210 51.2056 -4.4450 0.2616
Car -1 -1 -7.3085 629.5258 181.2030 691.8276 208.1568 1.4777 1.6937 4.3968 3.0588 2.0044 43.2572 -7.2389 0.2162
Car -1 -1 -4.2298 665.4453 179.6327 711.2662 202.3926 1.5171 1.6410 3.8674 5.5862 2.0189 51.3870 -4.1226 0.2078
Car -1 -1 -4.3165 632.1013 183.6394 679.6150 209.6936 1.4223 1.5317 3.6777 2.7416 2.0949 43.0233 -4.2539 0.1707
Pedestrian -1 -1 -3.8055 1138.6099 167.6345 1205.5466 263.4397 1.6854 0.5147 0.8028 10.0280 1.5933 12.9574 -3.1584 0.1605
Pedestrian -1 -1 -4.0992 1145.8142 165.9123 1209.2777 263.6181 1.7075 0.5359 0.8071 10.1548 1.5859 12.9865 -3.4471 0.1534
Cyclist -1 -1 -7.9523 1039.1542 171.7373 1064.8975 240.8825 1.7310 0.3920 1.7103 11.5249 1.7028 18.9202 -7.4127 0.1494
Car -1 -1 -4.4212 686.7360 179.9222 722.2986 202.1729 1.4742 1.5251 3.6130 6.6840 1.9928 51.0104 -4.2922 0.1455
Car -1 -1 -5.3650 705.5640 178.7022 760.8397 199.7305 1.3864 1.6129 4.2247 8.6311 1.8182 51.0639 -5.1990 0.1166
Car -1 -1 -4.1887 634.3575 183.1409 690.6039 209.5967 1.4427 1.5769 3.9702 3.1425 2.0859 43.0543 -4.1169 0.0978
Car -1 -1 -4.1030 634.4452 181.7663 697.5821 208.3787 1.4581 1.6360 4.2367 3.3618 2.0172 43.1341 -4.0263 0.0870
Car -1 -1 -4.5589 656.0096 179.6752 688.8178 203.1194 1.5404 1.7311 3.8683 4.3929 2.0391 50.7047 -4.4735 0.0857
Car -1 -1 -4.3046 688.5507 179.1576 728.2129 201.3858 1.4781 1.5109 3.5111 6.9463 1.9395 50.9479 -4.1703 0.0539
Car -1 -1 -4.4157 650.1071 179.4839 697.9851 206.8173 1.5134 1.6872 4.3045 3.8708 1.9329 43.3827 -4.3278 0.0535
Pedestrian -1 -1 -2.9933 968.9571 162.6590 994.1317 227.9285 2.0362 0.7541 0.6136 11.7947 1.7178 22.9943 -2.5252 0.0436
Car -1 -1 -8.4225 615.8101 183.5850 669.8828 209.8732 1.4351 1.4936 3.6146 1.8728 2.1018 42.9089 -8.3798 0.0383
Pedestrian -1 -1 -4.2474 1155.7096 166.0480 1220.0924 265.8623 1.7049 0.5642 0.8755 10.1683 1.5883 12.7672 -3.5866 0.0361
Car -1 -1 -3.3025 665.8777 180.7256 718.6812 202.2000 1.4652 1.4738 3.4893 5.7214 2.0265 50.6549 -3.1912 0.0292
Car -1 -1 -3.1278 655.1454 180.7120 712.5256 202.9506 1.5100 1.6802 3.9530 5.1683 2.0745 50.8020 -3.0275 0.0262
Car -1 -1 -4.5134 789.6445 181.3956 827.9314 207.6857 1.5568 1.6085 4.0563 12.7642 2.1305 46.3134 -4.2467 0.0229
Car -1 -1 -7.4086 646.8655 182.3106 701.1853 209.4673 1.4695 1.6312 4.0231 3.8012 2.0568 42.6859 -7.3210 0.0216
Car -1 -1 -4.4783 782.1874 180.4820 823.0835 206.0794 1.5236 1.6453 4.1048 12.4086 2.0376 46.4538 -4.2194 0.0212
Car -1 -1 -5.4362 795.1653 178.9434 861.3066 206.6544 1.5590 1.6323 3.9210 13.1004 1.9450 43.6478 -5.1470 0.0209
Pedestrian -1 -1 -8.0519 114.6532 169.2851 138.7288 215.5153 1.8588 0.6996 0.6787 -19.8034 1.7150 29.4990 -8.6391 0.0207
Car -1 -1 -4.1246 779.9443 180.1745 840.8524 206.6820 1.5903 1.6676 4.3249 12.9047 2.0822 46.4656 -3.8558 0.0205
Car -1 -1 -5.3220 607.9841 182.1513 667.1344 208.9323 1.4625 1.5392 3.9194 1.5522 2.0415 42.8983 -5.2867 0.0203
Pedestrian -1 -1 -7.9692 119.5604 166.6244 144.6045 215.2984 1.9569 0.7880 0.6316 -19.5858 1.7061 29.5033 -8.5512 0.0203
Car -1 -1 -4.6117 662.2085 178.1671 696.7784 205.2814 1.5180 1.6666 4.1962 4.1980 1.8542 43.4853 -4.5166 0.0201
Car -1 -1 -4.5130 793.6471 179.5241 832.9767 206.0292 1.5714 1.6049 4.3566 13.0392 2.0199 46.2432 -4.2404 0.0200
Car -1 -1 -2.8658 741.7128 180.5429 815.9437 205.9740 1.5194 1.6872 4.3084 10.7046 2.0278 45.9608 -2.6389 0.0176
Car -1 -1 -3.7767 739.4398 180.4153 810.0847 204.9825 1.4316 1.6986 4.0418 10.1545 1.9155 44.6150 -3.5549 0.0174
Car -1 -1 -5.8395 794.7441 180.8465 874.0321 208.2884 1.5499 1.6382 4.3330 13.6078 2.0601 44.0221 -5.5421 0.0174
Car -1 -1 -3.9165 765.1747 181.2612 835.9238 209.5826 1.6923 1.7298 4.4248 12.1471 2.2502 46.0609 -3.6608 0.0173
Car -1 -1 -3.8658 743.1300 180.0506 812.7319 206.0332 1.5064 1.6496 4.1268 10.3325 1.9669 44.4910 -3.6396 0.0168
Pedestrian -1 -1 -6.3447 954.1919 179.4723 969.7686 207.4193 1.8038 0.5722 0.8801 22.9905 2.2405 47.2070 -5.8944 0.0164
Car -1 -1 -4.5429 662.7884 177.1571 700.2185 205.6058 1.6069 1.5999 4.0118 4.3249 1.8791 43.5498 -4.4451 0.0163
Car -1 -1 -4.0661 744.6220 180.3927 810.3630 206.9190 1.5116 1.6625 4.3345 10.2832 1.9954 44.3016 -3.8400 0.0162
Car -1 -1 -4.4613 786.3625 179.7193 831.3960 207.0230 1.6270 1.7284 4.5934 12.8704 2.0936 46.6388 -4.1942 0.0152
Car -1 -1 -2.9241 750.6977 180.8934 823.3012 208.4863 1.6554 1.6678 4.2318 11.2278 2.1858 45.9464 -2.6864 0.0151
Car -1 -1 -7.6711 798.2007 180.5903 837.2830 207.9410 1.6069 1.6779 4.1047 13.2078 2.1220 45.8546 -7.3929 0.0143
Pedestrian -1 -1 -5.6329 949.7906 179.8035 968.9219 207.8138 1.8000 0.5830 0.9712 22.8227 2.2599 47.2136 -5.1856 0.0131
Car -1 -1 -2.7008 744.7746 180.5171 818.5884 205.6180 1.4973 1.6862 4.2922 10.9368 2.0094 46.2523 -2.4705 0.0131
Car -1 -1 -3.6257 740.2069 181.3380 813.2677 206.0034 1.4599 1.6680 4.1360 10.3421 2.0040 44.9646 -3.4015 0.0123
Car -1 -1 -6.0598 739.8931 179.6769 811.9823 204.3911 1.4858 1.6709 4.2114 10.5282 1.9359 45.9612 -5.8365 0.0122
Car -1 -1 -4.6778 781.7655 180.5559 809.1937 204.7309 1.4401 1.5845 3.9563 11.9396 1.9583 46.4541 -4.4283 0.0115
Car -1 -1 -4.5152 649.9437 181.4118 693.2286 210.5654 1.5036 1.6487 4.2208 3.4986 2.0139 40.7936 -4.4309 0.0115
Car -1 -1 -4.5604 699.6892 177.6037 729.8131 200.3499 1.5174 1.5685 3.7116 7.4016 1.8659 50.9745 -4.4175 0.0112
Car -1 -1 -3.1425 741.4598 180.9133 809.7747 205.1631 1.4636 1.6639 4.1378 10.4199 1.9874 45.6565 -2.9200 0.0111
Car -1 -1 -6.0358 795.0913 181.5880 872.9838 209.2223 1.5858 1.6952 4.2956 13.7322 2.1453 44.4063 -5.7383 0.0108
Car -1 -1 -3.3383 739.4588 180.9697 810.3806 204.9495 1.4573 1.6604 4.0935 10.2817 1.9766 45.3236 -3.1171 0.0106
Car -1 -1 -4.5002 649.1957 181.5320 692.4472 210.5519 1.5153 1.6240 4.1878 3.4936 2.0382 41.2558 -4.4169 0.0098
Car -1 -1 -5.1123 766.3256 180.4399 814.8292 204.5027 1.4368 1.5802 4.0172 11.5464 1.9478 46.5209 -4.8709 0.0093
Pedestrian -1 -1 -7.6915 111.9249 172.0601 134.8313 214.9791 1.7124 0.6567 0.7458 -19.7733 1.6805 29.2643 -8.2816 0.0089
Car -1 -1 -5.4961 742.5387 178.8931 805.1150 202.3424 1.3927 1.6790 3.8137 10.3539 1.7944 45.9737 -5.2764 0.0088
Car -1 -1 -6.2604 797.1205 181.0821 869.2714 207.8378 1.5754 1.6198 4.2056 13.8040 2.1022 44.7927 -5.9638 0.0088
Car -1 -1 -4.3156 515.1725 179.9255 565.8928 203.8478 1.3304 1.6232 4.0132 -4.1704 1.7781 43.5588 -4.4110 0.0088
Car -1 -1 -4.4298 519.8619 178.9912 564.2987 202.6364 1.3430 1.6437 4.0708 -4.1442 1.7375 44.2550 -4.5230 0.0087
Car -1 -1 -4.4685 763.9380 179.4142 808.0383 206.0368 1.4902 1.6435 4.1818 10.6741 1.9078 43.7240 -4.2311 0.0079
Car -1 -1 -4.1778 750.0515 179.6757 812.2084 206.1271 1.4934 1.7357 4.3219 10.4438 1.9296 44.0096 -3.9468 0.0079
Car -1 -1 -1.9934 0.0000 189.0926 239.9628 374.0000 1.3693 1.5677 3.9345 -4.0496 1.4804 3.5623 -2.8058 0.0070
Car -1 -1 -4.5414 515.6912 179.0515 554.2834 202.9397 1.3173 1.6082 4.1313 -4.4527 1.7045 43.0006 -4.6444 0.0068
Car -1 -1 -5.3898 753.6348 180.1680 810.5460 203.4719 1.3899 1.5269 3.7589 10.9620 1.8797 46.3288 -5.1593 0.0064
Car -1 -1 -4.3000 643.1205 176.7395 690.1113 201.0364 1.5538 1.7236 4.0091 3.8580 1.8291 49.0126 -4.2224 0.0062
Car -1 -1 -4.3232 513.9744 179.1210 565.6524 204.2291 1.3820 1.6508 4.0481 -4.1556 1.7739 42.9774 -4.4194 0.0061
Car -1 -1 -1.8618 0.0000 194.3036 174.2411 374.0000 1.3572 1.6013 4.1411 -4.4992 1.5205 3.8772 -2.6874 0.0052
Car -1 -1 -5.4821 747.3908 179.5485 808.8954 202.8098 1.3829 1.5811 3.8623 10.6664 1.8299 46.1447 -5.2568 0.0048
Car -1 -1 -4.2182 528.0394 177.2481 591.5861 206.6600 1.4143 1.6161 3.9394 -2.5805 1.6551 37.4602 -4.2870 0.0044
Car -1 -1 -4.3180 522.4744 178.6314 580.6018 207.1480 1.3380 1.5884 3.8701 -2.9560 1.6490 36.7857 -4.3981 0.0042
Car -1 -1 -4.3805 524.9641 179.5987 570.4603 203.9855 1.3876 1.5839 3.9534 -3.8078 1.8214 44.3325 -4.4661 0.0038
Car -1 -1 -5.1617 732.9020 179.0043 787.6022 204.7227 1.4624 1.6686 4.0683 9.1117 1.8578 44.2465 -4.9604 0.0031
Car -1 -1 -4.2834 527.8933 177.8534 589.2983 208.3456 1.4344 1.6221 3.9595 -2.5934 1.7038 36.7818 -4.3538 0.0030
Pedestrian -1 -1 -4.5166 1157.5106 160.1080 1187.6970 223.2275 2.0749 0.7123 0.5194 18.7870 1.6556 24.1576 -3.8620 0.0030
Pedestrian -1 -1 -4.0741 1162.5533 158.1077 1197.8051 222.5153 2.1180 0.7407 0.5555 19.0364 1.6328 24.1585 -3.4131 0.0018
Cyclist -1 -1 -8.0671 852.6860 179.6666 862.0844 197.4536 1.5122 0.4077 1.7591 21.5453 2.1145 62.9266 -7.7391 0.0007
Cyclist -1 -1 -4.6388 496.1420 177.3579 505.1065 198.8159 1.5877 0.5638 1.4648 -8.2790 1.9320 54.4556 -4.7894 0.0004
Cyclist -1 -1 -4.5097 490.4555 175.4480 503.5641 198.9298 1.7389 0.6560 1.6691 -8.5511 1.9375 54.4689 -4.6650 0.0003
Cyclist -1 -1 -4.6934 492.7684 176.0080 501.1441 197.9177 1.6339 0.6031 1.3396 -8.5970 1.8758 54.7156 -4.8489 0.0001
Pedestrian -1 -1 -8.1793 863.4897 170.8272 883.5093 205.7655 1.5722 0.7393 0.4720 11.9009 1.4807 32.7130 -7.8337 0.0001
