Car -1 -1 -4.1149 0.0000 183.9901 197.5262 266.4301 1.4868 1.6204 4.2730 -11.0645 1.7624 15.7340 -4.7200 0.9998
Car -1 -1 -7.8567 545.2614 171.2732 721.9265 332.6900 1.6753 1.8369 4.5098 0.2269 1.6586 9.7600 -7.8358 0.9946
Car -1 -1 -7.8724 546.4668 173.4304 720.2194 332.4813 1.6481 1.8046 4.2470 0.1812 1.6572 9.6171 -7.8558 0.8347
Pedestrian -1 -1 -7.4684 171.6980 169.9928 200.1186 216.7760 1.8773 0.7069 0.9152 -17.3478 1.7622 29.4567 -7.9969 0.6625
Car -1 -1 -7.8507 547.8533 174.0342 719.3339 334.4899 1.6413 1.7647 3.5152 0.2274 1.6589 9.1863 -7.8285 0.6497
Car -1 -1 -4.2841 286.2267 180.8122 337.8491 202.9800 1.5109 1.8295 4.4257 -21.8537 2.1203 53.0366 -4.6735 0.4077
Car -1 -1 -4.5459 530.4917 179.1324 705.8224 325.9631 1.5630 1.7472 3.9108 0.2694 1.6674 9.9449 -4.5212 0.3459
Cyclist -1 -1 -7.4271 168.3915 171.7719 204.0721 218.0171 1.8327 0.5284 1.8728 -17.3773 1.7895 29.5531 -7.9549 0.2965
Cyclist -1 -1 -7.3902 165.7812 171.3271 202.9697 218.2455 1.8523 0.5587 1.7927 -17.3624 1.7917 29.3984 -7.9199 0.2597
Car -1 -1 -4.7579 584.9039 171.7719 641.7890 230.4936 1.6622 1.5688 3.6082 -0.0149 1.6313 22.2635 -4.7594 0.2347
Cyclist -1 -1 -7.5279 171.7408 171.5510 202.6602 218.5643 1.8582 0.5370 1.7997 -17.2836 1.8064 29.4546 -8.0548 0.1955
Cyclist -1 -1 -7.3614 158.0563 171.0132 197.1443 218.7203 1.8591 0.5716 1.7793 -17.4105 1.7871 29.0192 -7.8980 0.1901
Car -1 -1 -7.6986 581.3600 171.9877 652.3875 227.5570 1.6542 1.7154 4.0706 0.2692 1.6281 23.6283 -7.6882 0.1832
Car -1 -1 -7.8667 583.8576 171.9231 640.5586 226.0216 1.6166 1.6956 4.4085 -0.0133 1.5885 23.7779 -7.8680 0.1820
Car -1 -1 -7.6004 580.1677 172.4219 662.9602 225.2245 1.5819 1.7211 4.2802 0.4407 1.5686 23.9081 -7.5829 0.1766
Car -1 -1 -4.7779 588.5264 171.1593 646.1537 228.2794 1.6464 1.5546 3.5424 0.1130 1.5973 22.6129 -4.7738 0.1589
Car -1 -1 -7.7443 579.4338 171.7635 645.0544 228.2630 1.6808 1.7147 3.9817 0.1110 1.6481 23.5403 -7.7404 0.1538
Car -1 -1 -7.9705 574.3594 172.1073 641.4146 229.0017 1.6933 1.7020 4.0998 -0.2064 1.6708 23.6149 -7.9799 0.1527
Car -1 -1 -4.9470 579.4269 173.4136 659.3716 231.6811 1.5955 1.5350 3.8777 0.1410 1.6137 21.8589 -4.9414 0.1449
Car -1 -1 -7.8005 585.9783 174.8154 641.3473 224.9674 1.5286 1.6446 4.1173 0.1528 1.5999 24.2595 -7.7950 0.1296
Car -1 -1 -4.3147 285.6093 180.1866 335.7961 203.1485 1.5580 1.7996 4.4277 -21.7695 2.1147 52.5940 -4.7057 0.1187
Car -1 -1 -2.8307 540.4320 172.3218 657.3530 227.0998 1.6254 1.6033 3.3426 -0.3742 1.6093 22.6612 -2.8478 0.1098
Car -1 -1 -4.7626 595.2010 171.1091 655.4387 228.4657 1.6700 1.6953 4.0413 0.3584 1.6189 23.0576 -4.7480 0.1053
Car -1 -1 -6.0986 558.1141 171.6557 676.2668 227.3109 1.6497 1.6014 3.4515 0.2131 1.6139 22.5043 -6.0900 0.0953
Car -1 -1 -4.3203 280.6994 180.0985 335.1510 203.2624 1.5478 1.8555 5.0213 -21.8300 2.0978 52.2976 -4.7142 0.0950
Pedestrian -1 -1 -2.7282 537.7826 173.3553 552.8780 210.2354 1.6275 0.4504 0.5343 -2.9225 1.6498 32.1481 -2.8186 0.0931
Car -1 -1 -7.8876 583.3964 175.8578 635.8632 224.7933 1.4919 1.6072 4.0648 -0.1325 1.6014 24.3128 -7.8937 0.0787
Car -1 -1 -4.8950 587.0237 170.9597 661.6260 229.9471 1.6593 1.6242 3.7431 0.3055 1.6057 22.2789 -4.8823 0.0708
Car -1 -1 -6.2416 570.4742 171.5403 697.6620 228.2912 1.6954 1.7505 3.8247 0.7260 1.6558 22.5669 -6.2106 0.0527
Car -1 -1 -6.1271 574.2975 171.0668 697.8831 228.8724 1.6984 1.6630 3.6149 0.8006 1.6456 22.3592 -6.0925 0.0455
Pedestrian -1 -1 -3.0060 542.5096 173.6121 555.6134 210.7490 1.6459 0.4763 0.5245 -2.7632 1.6797 32.2387 -3.0913 0.0454
Car -1 -1 -7.1987 255.4146 184.2757 311.5189 206.3391 1.5033 1.6525 4.0747 -24.2101 2.3857 53.5858 -7.6215 0.0439
Car -1 -1 -3.0765 540.1111 171.8301 651.2101 226.7791 1.6373 1.5934 3.3279 -0.4479 1.6065 22.3694 -3.0970 0.0384
Pedestrian -1 -1 -5.6038 0.0000 182.0797 25.7939 237.4445 1.7058 0.6127 0.7881 -19.0259 1.9990 22.6458 -6.2969 0.0340
Pedestrian -1 -1 -6.1832 0.0000 180.0782 30.5765 236.7785 1.7347 0.6168 0.7407 -18.7497 1.9659 22.6548 -6.8689 0.0336
Car -1 -1 -3.0636 549.8459 171.3820 668.1543 226.8597 1.6469 1.6063 3.5446 -0.0290 1.6029 22.3550 -3.0657 0.0307
Car -1 -1 -4.2155 196.4201 179.9085 268.4356 208.3255 1.5171 1.8277 4.3685 -21.8092 1.9471 41.8139 -4.6939 0.0278
Car -1 -1 -7.1450 0.0000 179.0910 115.5472 221.0184 1.4726 1.6085 4.1455 -21.6005 1.7334 28.0876 -7.7961 0.0265
Car -1 -1 -4.1800 198.4177 179.6944 269.6066 208.2796 1.5268 1.7623 4.1818 -21.6653 1.9421 41.6992 -4.6568 0.0261
Car -1 -1 -5.7839 198.8384 181.4801 273.4753 205.8130 1.6913 1.7410 4.4645 -26.7892 2.3204 51.7273 -6.2599 0.0235
Car -1 -1 -4.2159 155.0315 180.1702 233.1113 211.4556 1.4993 1.7618 4.1360 -21.6252 1.9019 37.6425 -4.7345 0.0222
Car -1 -1 -4.0268 496.2158 176.8362 537.4171 193.6578 1.5789 1.7319 4.2390 -9.1563 1.9832 71.0499 -4.1548 0.0216
Car -1 -1 -4.4538 491.7885 177.6566 517.6044 194.2933 1.5439 1.5185 3.9836 -10.2330 2.0247 70.2158 -4.5983 0.0206
Car -1 -1 -6.4828 477.2748 182.5198 782.2127 310.3932 1.5212 1.6731 3.9378 0.1211 1.6702 9.9560 -6.4726 0.0196
Car -1 -1 -7.1756 9.0425 180.2515 121.4744 218.6821 1.3862 1.5041 3.8028 -21.5641 1.6999 28.6967 -7.8157 0.0174
Car -1 -1 -4.0972 570.4285 175.8864 607.4837 193.4661 1.5471 1.5698 3.6643 -1.9226 1.8330 66.1366 -4.1265 0.0152
Car -1 -1 -4.6947 493.5268 177.2276 510.7285 193.1082 1.4969 1.6107 3.9446 -10.6401 1.9408 71.2087 -4.8428 0.0152
Car -1 -1 -5.2591 472.4552 177.6160 509.3852 193.9256 1.5258 1.6252 4.2090 -11.7420 2.0073 70.8687 -5.4230 0.0151
Car -1 -1 -4.2510 569.4390 176.1894 602.0282 193.6228 1.5351 1.5395 3.6263 -2.2200 1.8501 66.2563 -4.2848 0.0147
Car -1 -1 -4.3372 491.4108 177.4831 521.1671 193.1664 1.4763 1.5944 3.8874 -10.2202 1.9462 71.2190 -4.4796 0.0143
Car -1 -1 -4.3209 108.4725 180.6126 187.7154 215.0394 1.4461 1.6763 3.9950 -21.2896 1.8274 33.3722 -4.8854 0.0140
Pedestrian -1 -1 -5.7629 535.7621 173.7708 552.8749 210.1722 1.5978 0.4171 0.6325 -2.9556 1.6385 32.0075 -5.8548 0.0137
Car -1 -1 -5.0625 482.9869 176.6035 512.8765 192.8204 1.5256 1.6295 4.0042 -11.0774 1.9055 71.0183 -5.2170 0.0119
Car -1 -1 -4.1089 104.7510 181.1430 195.3071 217.2452 1.5425 1.5014 4.1197 -21.5106 1.9554 33.8773 -4.6713 0.0106
Car -1 -1 -4.0447 98.5085 181.5898 194.8963 214.4577 1.3904 1.6060 4.0752 -21.5836 1.8242 33.7519 -4.6102 0.0096
Car -1 -1 -4.7871 375.7658 178.4249 396.3400 195.3018 1.5747 1.6351 4.0180 -22.0538 2.1387 70.9224 -5.0878 0.0093
Car -1 -1 -5.1141 478.6835 177.2652 510.0297 193.2983 1.5041 1.6178 3.9703 -11.4194 1.9506 70.9628 -5.2734 0.0093
Car -1 -1 -4.2561 102.8676 183.4765 185.8936 216.9123 1.3807 1.6130 3.9623 -21.3232 1.8989 33.1617 -4.8241 0.0092
Car -1 -1 -4.1350 95.6400 182.2814 189.5782 217.9158 1.4894 1.6552 4.1058 -21.4837 1.9512 33.3067 -4.7044 0.0091
Car -1 -1 -7.0818 0.0000 175.8225 111.6717 221.3742 1.5764 1.7059 4.6122 -21.7710 1.6997 27.6664 -7.7440 0.0089
Car -1 -1 -4.0655 493.2599 177.1792 532.1760 193.7919 1.5593 1.6779 4.0812 -9.5620 1.9981 71.0553 -4.1991 0.0088
Car -1 -1 -4.1696 493.0100 176.6391 527.1752 192.5198 1.4986 1.6286 3.7593 -9.8320 1.8821 71.1121 -4.3068 0.0086
Car -1 -1 -4.1477 107.2611 181.0862 199.2978 214.7563 1.4549 1.6649 4.2705 -21.6570 1.8711 34.3639 -4.7068 0.0084
Car -1 -1 -4.4083 116.0849 182.3828 191.9977 217.5061 1.4397 1.7028 4.3714 -20.8800 1.9082 33.1694 -4.9667 0.0082
Car -1 -1 -4.4949 395.9690 178.2158 430.8343 198.3594 1.4360 1.6502 4.3704 -14.9180 1.8598 54.8426 -4.7596 0.0081
Car -1 -1 -4.3565 791.0558 169.4110 829.4832 191.7703 1.4753 1.5535 3.1012 13.6784 1.2478 49.3192 -4.0878 0.0079
Car -1 -1 -4.5914 377.4409 178.1889 399.7326 195.0636 1.5773 1.6204 4.0128 -21.7425 2.1169 70.8992 -4.8882 0.0078
Pedestrian -1 -1 -5.4918 635.2247 166.7577 645.4677 188.4990 1.9568 0.5783 0.7343 2.7280 1.4078 65.4059 -5.4507 0.0078
Car -1 -1 -4.2097 377.1972 178.4749 412.3611 195.0802 1.5487 1.6201 3.9137 -21.0918 2.1161 70.7899 -4.4985 0.0075
Car -1 -1 -4.4651 135.1681 180.2191 202.9271 217.8026 1.5864 1.7014 4.1991 -20.4682 1.9521 33.5977 -5.0090 0.0072
Car -1 -1 -4.6097 792.7922 170.0966 819.3326 192.5760 1.4831 1.4343 3.2559 13.4091 1.3008 49.3798 -4.3464 0.0068
Car -1 -1 -4.4692 391.8576 178.5422 428.9596 199.1214 1.4431 1.6518 4.4619 -14.9340 1.8869 54.0913 -4.7376 0.0067
Car -1 -1 -4.9094 369.4950 178.4997 395.5268 195.1776 1.5528 1.6470 4.2156 -22.4116 2.1251 70.9412 -5.2146 0.0063
Car -1 -1 -2.6987 115.7395 183.2811 213.7361 213.2627 1.3392 1.5275 3.6064 -20.8607 1.8417 33.8417 -3.2478 0.0061
Car -1 -1 -4.3406 793.0089 168.0109 835.1840 191.1431 1.5249 1.6687 3.3884 13.9719 1.2053 49.4196 -4.0669 0.0057
Car -1 -1 -4.3218 375.9767 178.6938 407.0618 195.4390 1.5654 1.5589 3.8861 -21.4362 2.1549 70.8635 -4.6148 0.0055
Car -1 -1 -5.7283 468.2845 177.2815 512.8179 193.3694 1.5182 1.6604 4.0191 -11.6847 1.9597 70.4669 -5.8924 0.0055
Car -1 -1 -4.7533 668.7550 173.4941 695.2939 195.7662 1.5026 1.6942 3.7181 4.9940 1.5490 50.6929 -4.6561 0.0052
Pedestrian -1 -1 -3.3423 637.2748 165.7042 646.9798 187.8573 1.9971 0.6236 0.7694 2.8889 1.3523 65.4164 -3.2987 0.0049
Car -1 -1 -4.9301 661.0642 173.9988 695.8427 196.5329 1.5160 1.6723 3.6486 4.7331 1.5991 50.6523 -4.8379 0.0049
Car -1 -1 -4.1384 492.2593 175.3484 528.9446 192.5733 1.6076 1.6178 4.0040 -9.6419 1.8572 70.1224 -4.2749 0.0046
Pedestrian -1 -1 -3.6200 637.2786 166.1456 647.0125 188.4293 2.0122 0.6047 0.6815 2.8983 1.4061 65.5709 -3.5764 0.0035
Pedestrian -1 -1 -4.9634 636.0347 166.3004 644.1664 187.4670 1.9118 0.5926 0.6580 2.7111 1.3196 65.5536 -4.9225 0.0034
Cyclist -1 -1 -4.6481 538.3303 173.3635 549.7220 209.0027 1.5587 0.4198 1.4151 -2.9893 1.5817 32.2903 -4.7402 0.0034
Car -1 -1 -5.6728 473.4845 175.9250 516.1237 192.0093 1.5234 1.7305 3.8150 -11.2871 1.8303 70.5679 -5.8311 0.0033
Car -1 -1 -7.1771 1241.0000 128.7518 1241.0000 374.0000 1.4811 1.6689 3.9837 6.7606 1.2613 4.5362 -6.2269 0.0031
Pedestrian -1 -1 -7.7085 658.9744 172.6996 678.5031 206.7506 1.7351 0.9488 0.4298 2.9807 1.7270 37.0824 -7.6295 0.0030
Car -1 -1 -7.1865 1227.0734 126.8721 1241.0000 374.0000 1.5287 1.6854 4.1834 7.0078 1.2701 4.9475 -6.2581 0.0028
Car -1 -1 -7.2473 1217.4313 132.1624 1241.0000 374.0000 1.5233 1.6798 4.1947 7.1550 1.2778 5.3063 -6.3409 0.0026
Car -1 -1 -8.6249 820.9013 157.9427 906.7117 201.6982 1.9432 1.8191 3.5979 11.8655 1.2807 34.0595 -8.2927 0.0024
Pedestrian -1 -1 -3.8403 992.8575 154.4373 1017.2318 213.0192 1.9133 0.6120 0.4087 13.0370 1.3115 23.9066 -3.3466 0.0020
Car -1 -1 -8.6441 814.7803 160.9043 893.9044 202.4893 1.8789 1.6200 3.4266 11.5767 1.3387 34.4951 -8.3232 0.0017
Car -1 -1 -8.6019 825.5879 151.9874 923.2314 200.7726 2.1109 1.6911 4.4272 12.1515 1.2077 33.5878 -8.2579 0.0016
Pedestrian -1 -1 -3.5230 990.2718 155.1019 1011.3868 213.1141 1.9168 0.6438 0.4084 13.0465 1.3300 24.1828 -3.0337 0.0012
Pedestrian -1 -1 -2.8919 529.1830 174.0076 545.9706 208.5742 1.5173 0.4915 0.6393 -3.2504 1.5686 31.9810 -2.9928 0.0009
Cyclist -1 -1 -6.1381 529.2096 173.8134 563.3804 212.1722 1.6950 0.4939 1.4628 -2.8792 1.7378 32.1845 -6.2271 0.0009
Pedestrian -1 -1 -6.9102 1067.5909 162.0275 1097.2029 212.9184 1.5993 0.6734 0.4855 15.0199 1.2588 23.0249 -6.3383 0.0007
Pedestrian -1 -1 -4.6742 403.2382 174.8147 421.6117 235.3009 1.6115 0.4626 0.4417 -5.3886 1.6649 19.5078 -4.9408 0.0006
Pedestrian -1 -1 -6.7324 1061.1871 160.5105 1088.9733 215.6301 1.7325 0.6818 0.4956 14.7998 1.3442 23.0463 -6.1677 0.0003
Pedestrian -1 -1 -6.1690 330.9770 176.2196 338.0764 194.4003 1.4494 0.7720 0.4490 -22.2109 1.7222 58.1119 -6.5328 0.0000
