Car -1 -1 -4.4479 394.7650 182.5242 551.2661 294.4319 1.5171 1.6245 3.6194 -2.1420 1.7025 11.9813 -4.6221 0.9999
Pedestrian -1 -1 -5.0272 940.9328 158.4018 971.1152 218.2509 1.7438 0.5895 0.7866 10.2285 1.3224 21.4497 -4.5880 0.8387
Pedestrian -1 -1 -8.4516 654.2891 171.8902 676.6812 210.8027 1.6802 0.7107 0.6943 2.3878 1.6383 31.6331 -8.3775 0.7648
Pedestrian -1 -1 -7.8933 659.4558 171.5439 675.9333 210.2019 1.6776 0.6925 0.6772 2.4850 1.6205 31.6637 -7.8163 0.7058
Pedestrian -1 -1 -7.9940 656.0236 173.0169 674.0208 211.1844 1.6605 0.7071 0.6243 2.3731 1.6674 31.7280 -7.9206 0.6853
Pedestrian -1 -1 -5.0404 938.6301 159.5613 970.2690 218.7233 1.7312 0.6195 0.8111 10.2290 1.3419 21.5501 -4.6029 0.5149
Pedestrian -1 -1 -5.1497 935.8745 158.3535 968.5073 218.4844 1.7561 0.6243 0.7246 10.1082 1.3323 21.4347 -4.7147 0.4723
Pedestrian -1 -1 -5.0998 942.5922 159.5550 973.0231 218.7505 1.7166 0.5627 0.7531 10.2173 1.3307 21.3152 -4.6586 0.3557
Pedestrian -1 -1 -8.5232 506.5377 174.7154 537.4366 231.9104 1.8110 0.7836 0.6110 -2.8974 1.8723 23.3719 -8.6459 0.2742
Cyclist -1 -1 -3.0093 641.1902 169.6314 679.4169 209.0815 1.7128 0.6983 1.6055 2.1811 1.5726 31.8288 -2.9421 0.0916
Cyclist -1 -1 -3.4514 640.8742 169.2284 680.8947 208.5748 1.6928 0.7173 1.6044 2.1801 1.5365 31.5824 -3.3836 0.0869
Pedestrian -1 -1 -8.5001 511.5599 170.6700 543.3829 230.4472 1.8792 0.7823 0.6501 -2.6994 1.8102 23.1874 -8.6154 0.0739
Pedestrian -1 -1 -5.4019 504.0276 173.0296 537.3702 231.2660 1.8299 0.8648 0.6243 -2.9176 1.8354 23.2045 -5.5263 0.0611
Pedestrian -1 -1 -5.2770 510.3381 174.1169 542.2089 232.3302 1.8435 0.8043 0.6466 -2.7604 1.8850 23.3761 -5.3940 0.0572
Cyclist -1 -1 -5.0312 650.2053 172.2905 674.1562 210.4237 1.6551 0.6104 1.5308 2.2702 1.6303 32.1332 -4.9619 0.0563
Car -1 -1 -7.9385 649.8792 173.0982 689.7271 209.0520 1.5761 1.5323 3.5161 2.6794 1.5877 33.4158 -7.8598 0.0548
Car -1 -1 -7.8131 917.8154 168.4512 944.7262 190.4098 1.5083 1.6106 4.0108 23.0230 1.2056 51.7152 -7.3966 0.0472
Car -1 -1 -4.7252 965.5850 174.1308 1001.1656 204.6363 1.4298 1.5026 3.5328 18.4887 1.4964 35.8954 -4.2533 0.0321
Car -1 -1 -7.9102 655.1585 172.4627 691.6304 208.0258 1.5595 1.4720 3.5201 2.8496 1.5420 33.4200 -7.8264 0.0294
Car -1 -1 -7.7370 905.7590 167.9159 936.1329 190.4835 1.5620 1.5793 3.8741 22.4115 1.2199 52.0128 -7.3324 0.0278
Car -1 -1 -7.7440 910.9882 168.1962 941.8777 190.4432 1.5324 1.6125 4.0098 22.7330 1.2113 51.8405 -7.3330 0.0261
Car -1 -1 -4.8257 505.3132 178.9249 556.0495 220.5974 1.4193 1.4828 3.5719 -3.0732 1.6625 27.0370 -4.9383 0.0245
Car -1 -1 -4.3653 961.6823 175.2061 1026.0814 205.6592 1.4167 1.5809 3.9568 19.0288 1.5393 35.7793 -3.8803 0.0243
Car -1 -1 -4.8300 495.3621 179.4352 549.4539 220.3446 1.3881 1.5812 3.6947 -3.3959 1.6530 27.1025 -4.9540 0.0241
Car -1 -1 -2.3680 454.7412 182.1834 564.8629 223.2697 1.3805 1.6152 4.1123 -3.8326 1.7529 26.9595 -2.5085 0.0216
Car -1 -1 -8.2740 939.3810 175.0126 1004.2271 206.4313 1.4887 1.5668 3.5899 18.0609 1.6023 36.2618 -7.8156 0.0206
Car -1 -1 -6.4508 890.3857 178.4234 971.7790 205.7880 1.4808 1.5783 3.9919 18.0500 1.8051 40.8042 -6.0374 0.0202
Car -1 -1 -6.3525 882.8212 179.9259 963.6703 207.3054 1.4695 1.5722 4.0933 17.6277 1.8837 40.8725 -5.9484 0.0199
Car -1 -1 -4.3496 614.5267 171.9891 643.1022 188.7053 1.5944 1.6138 3.6564 1.8551 1.5116 70.8167 -4.3239 0.0176
Car -1 -1 -8.1284 949.3785 174.9993 1003.7927 205.7069 1.4512 1.5274 3.4863 18.2887 1.5641 36.2135 -7.6644 0.0173
Car -1 -1 -3.5229 951.6962 177.3683 1040.3403 206.6660 1.3792 1.4921 3.5054 18.7208 1.6047 35.1746 -3.0376 0.0148
Car -1 -1 -3.1228 911.8837 167.8462 972.4857 190.6646 1.5460 1.5986 3.7916 23.1624 1.2064 50.4252 -2.6946 0.0138
Car -1 -1 -3.2516 912.7292 166.1821 984.5847 190.4266 1.6429 1.6981 4.3766 23.5476 1.1905 50.3964 -2.8169 0.0138
Car -1 -1 -4.1065 613.8447 171.9545 649.9473 188.9290 1.6162 1.6466 3.8386 2.1539 1.5303 70.7330 -4.0765 0.0137
Cyclist -1 -1 -5.9993 646.9896 168.5593 690.6690 208.6197 1.7181 0.7742 1.7622 2.5367 1.5336 31.6193 -5.9206 0.0136
Car -1 -1 -4.8051 962.3369 180.1472 1003.2617 208.2629 1.2770 1.4701 3.3003 18.2567 1.6539 35.5126 -4.3340 0.0135
Car -1 -1 -3.0146 911.2725 167.0898 983.3772 190.5974 1.5728 1.6242 4.3704 23.3792 1.1869 50.1264 -2.5807 0.0122
Car -1 -1 -4.6066 614.8657 171.9094 635.3533 188.7915 1.6138 1.6234 3.8249 1.4929 1.5232 70.9747 -4.5860 0.0110
Car -1 -1 -3.8977 949.9940 175.4865 1035.9938 205.5721 1.4173 1.5000 3.7222 18.7529 1.5508 35.4304 -3.4147 0.0108
Car -1 -1 -6.1825 916.6711 178.7226 1002.0068 209.4617 1.4208 1.5236 3.6564 17.1596 1.7227 35.5622 -5.7366 0.0101
Car -1 -1 -3.2162 875.8445 180.7799 959.1489 207.4145 1.4262 1.6572 4.2294 17.3340 1.8918 40.9586 -2.8189 0.0098
Car -1 -1 -1.9632 10.8288 175.7464 66.7932 199.2659 1.6223 1.6975 4.1774 -41.1778 1.8374 51.9645 -2.6309 0.0098
Car -1 -1 -4.9192 20.5844 173.6647 65.6661 197.9252 1.6895 1.7975 3.9859 -41.1770 1.7502 52.3494 -5.5834 0.0095
Car -1 -1 -3.2213 868.0500 181.0113 946.7138 207.8493 1.4435 1.6243 4.0101 16.7961 1.9226 41.0248 -2.8357 0.0093
Car -1 -1 -3.1903 865.4061 180.2271 948.8744 207.4731 1.4665 1.6843 4.3160 16.8262 1.9022 41.1603 -2.8053 0.0093
Car -1 -1 -4.5075 963.5070 174.1649 1014.9012 204.6236 1.4249 1.5353 3.7999 18.8510 1.4933 35.8789 -4.0274 0.0088
Car -1 -1 -3.0454 488.6612 174.9421 571.7338 208.1610 1.4874 1.5523 3.6684 -3.6686 1.5855 33.2079 -3.1550 0.0081
Car -1 -1 -5.4796 0.0000 188.4645 43.0137 305.0125 1.6361 1.7127 3.8980 -11.5128 1.8988 11.2616 -6.2642 0.0080
Car -1 -1 -3.1564 903.5333 168.0433 967.0469 191.5502 1.6025 1.6035 4.0106 22.7818 1.2743 50.7168 -2.7366 0.0071
Car -1 -1 -3.2668 930.2772 179.8260 1029.1610 211.8007 1.4648 1.6804 4.1031 17.8833 1.8187 35.1779 -2.8003 0.0067
Car -1 -1 -8.1334 449.2416 172.0161 531.2688 223.3278 1.5988 1.7415 3.8884 -4.2097 1.5724 24.6111 -8.3016 0.0061
Cyclist -1 -1 -7.8889 660.1708 170.7433 675.1342 209.7738 1.6901 0.6041 1.5136 2.5073 1.5984 32.0131 -7.8121 0.0059
Car -1 -1 -6.3592 919.4272 179.2596 1004.2329 209.3961 1.3952 1.5572 3.6195 17.1269 1.7212 35.3739 -5.9120 0.0059
Car -1 -1 -2.0338 0.0000 195.3960 247.6640 374.0000 1.3754 1.5775 3.9443 -4.1073 1.5319 3.6790 -2.8384 0.0056
Car -1 -1 -2.6870 483.4313 171.8255 578.0703 205.5721 1.5115 1.7419 4.0570 -3.7476 1.4652 33.8233 -2.7969 0.0054
Car -1 -1 -4.5867 39.7382 173.4973 76.6861 197.6469 1.6904 1.6572 3.9369 -40.3052 1.7390 52.7363 -5.2370 0.0054
Car -1 -1 -2.8485 481.4310 172.3960 572.3495 206.6138 1.5361 1.6922 3.8790 -3.8774 1.5152 33.5675 -2.9630 0.0054
Car -1 -1 -4.2839 463.5453 173.4886 535.2646 208.7154 1.4850 1.6721 4.0562 -4.9649 1.5153 32.6743 -4.4340 0.0050
Car -1 -1 -4.5904 28.1176 173.8679 66.8316 197.6459 1.6586 1.7491 3.9839 -41.0365 1.7353 52.6724 -5.2499 0.0049
Car -1 -1 -5.9543 636.6258 174.6670 725.0097 209.0659 1.4381 1.4210 3.5987 3.0627 1.5209 31.6989 -5.8594 0.0047
Car -1 -1 -4.5526 44.0972 174.1879 82.3481 197.8554 1.6603 1.5892 4.1874 -40.2011 1.7622 53.0886 -5.1985 0.0046
Car -1 -1 -2.4446 483.7098 172.0491 581.7706 208.0124 1.6049 1.8006 4.5156 -3.7377 1.5686 34.2007 -2.5531 0.0046
Car -1 -1 -3.0734 468.1441 172.4330 570.5515 207.2241 1.5481 1.8302 4.5502 -4.1337 1.5291 33.1457 -3.1970 0.0045
Car -1 -1 -4.5603 29.9284 173.4473 71.3439 197.0922 1.6511 1.7598 4.2708 -40.8916 1.6961 52.7934 -5.2171 0.0045
Car -1 -1 -2.6083 403.7312 176.8637 557.6443 229.5865 1.6847 1.7719 5.0548 -4.5370 1.8330 25.0255 -2.7865 0.0042
Car -1 -1 -3.1141 928.0287 177.5762 1016.9761 209.7583 1.4823 1.6421 3.8116 17.6730 1.7238 35.3279 -2.6540 0.0041
Car -1 -1 -2.8603 473.0396 173.0084 576.3969 206.8023 1.5102 1.8195 4.4375 -3.9646 1.5173 33.5149 -2.9776 0.0040
Car -1 -1 -4.5314 306.0475 174.4889 340.2551 199.5480 1.7857 1.7032 3.8217 -21.3390 1.9118 53.7239 -4.9081 0.0039
Cyclist -1 -1 -3.1757 645.6443 170.2407 685.5897 208.7445 1.6669 0.7042 1.7201 2.3840 1.5534 31.6224 -3.1017 0.0037
Pedestrian -1 -1 -7.1860 0.0000 185.2866 56.5711 283.8071 1.6528 0.5330 0.7414 -10.2463 1.8755 12.5710 -7.8596 0.0036
Cyclist -1 -1 -2.9455 647.0565 171.0128 686.2078 209.8533 1.6759 0.6862 1.6119 2.4468 1.5961 31.6797 -2.8697 0.0035
Car -1 -1 -8.3329 431.9492 172.7031 537.6389 225.0161 1.6307 1.8053 4.2387 -4.4199 1.6257 24.7222 -8.5085 0.0034
Car -1 -1 -2.9346 881.1356 170.5643 936.4871 189.9264 1.6414 1.7171 4.2078 26.0728 1.4470 63.0588 -2.5445 0.0032
Car -1 -1 -6.5209 0.0000 0.0000 1241.0000 374.0000 1.5672 1.6193 3.6887 -4.2242 1.6699 1.0495 -7.7858 0.0030
Car -1 -1 -4.1664 462.9655 173.6450 538.9432 207.5255 1.4512 1.6454 3.9307 -4.9712 1.4896 33.1367 -4.3145 0.0030
Car -1 -1 -8.0875 319.8435 174.4801 362.9330 198.9404 1.5107 1.6888 4.2920 -17.6130 1.6217 47.1164 -8.4437 0.0030
Car -1 -1 -3.3955 936.8262 181.3085 1031.2897 212.3636 1.4253 1.6400 3.7693 18.0153 1.8491 34.9818 -2.9239 0.0030
Pedestrian -1 -1 -7.6565 2.7401 172.1681 25.8264 226.9988 1.5504 0.4440 0.3746 -17.1120 1.5307 20.6715 -8.3417 0.0026
Car -1 -1 -7.2901 371.9110 178.1351 437.4442 208.3679 1.4222 1.4934 3.6082 -10.3753 1.7037 36.5627 -7.5651 0.0019
Car -1 -1 -4.3276 351.1976 175.2353 392.2975 197.1269 1.3998 1.4816 3.2797 -15.9001 1.5641 48.1905 -4.6449 0.0018
Car -1 -1 -8.0082 328.5707 175.3542 363.9960 198.5002 1.4327 1.6012 3.8632 -17.3120 1.6031 47.1875 -8.3583 0.0017
Car -1 -1 -2.6225 0.0000 189.1940 37.6746 316.2625 1.6251 1.6579 4.2292 -11.6581 1.9048 10.9741 -3.4259 0.0017
Car -1 -1 -2.6363 409.8474 177.6565 554.3408 231.2810 1.7051 1.6676 4.6568 -4.4328 1.8799 24.7610 -2.8123 0.0017
Pedestrian -1 -1 -5.6101 0.0000 174.1557 19.4072 226.3939 1.4574 0.4761 0.3510 -17.1022 1.4943 20.3833 -6.3019 0.0016
Car -1 -1 -5.6245 1021.1581 167.7897 1154.7828 216.5157 1.4640 1.4734 3.4420 15.4229 1.3116 23.5471 -5.0507 0.0016
Car -1 -1 -7.9587 333.6115 174.9539 365.8038 197.8966 1.4331 1.6038 3.8179 -17.2055 1.5771 47.5175 -8.3045 0.0015
Car -1 -1 -4.3890 340.7280 174.8326 382.2755 196.5161 1.3787 1.5852 3.4739 -16.4920 1.5146 47.9361 -4.7190 0.0012
Car -1 -1 -4.6218 339.2248 174.9191 370.3957 198.6643 1.4971 1.6191 3.6596 -16.8991 1.6393 47.8087 -4.9601 0.0012
Car -1 -1 -5.5610 1026.7445 169.1448 1166.2908 219.3981 1.4946 1.4487 3.7092 15.6029 1.3840 23.4401 -4.9798 0.0009
Cyclist -1 -1 -4.2362 0.0000 168.1071 40.3954 225.2905 1.5723 0.5084 1.5546 -17.0825 1.4415 20.6526 -4.9210 0.0008
Cyclist -1 -1 -7.8952 656.7751 170.5846 673.4090 209.1416 1.6538 0.6586 1.6159 2.3733 1.5562 31.7670 -7.8219 0.0008
Pedestrian -1 -1 -4.3151 7.7639 164.6430 36.5075 226.5210 1.7664 0.5066 0.4578 -17.0616 1.5317 20.8877 -4.9939 0.0007
Cyclist -1 -1 -8.2252 653.9261 170.8747 679.8086 209.0941 1.6397 0.6163 1.5375 2.4504 1.5545 31.7803 -8.1495 0.0005
Pedestrian -1 -1 -3.3462 837.8640 164.7057 910.4149 295.0832 1.6483 0.4386 0.8097 3.3680 1.5450 9.3915 -3.0129 0.0004
Pedestrian -1 -1 -3.1537 750.3512 178.4633 810.5083 309.3870 1.7390 0.4171 0.7863 2.2715 1.8178 9.8928 -2.9360 0.0004
Pedestrian -1 -1 -3.1791 822.3817 166.1160 884.1214 299.9916 1.6936 0.4362 0.7422 3.1119 1.6080 9.4371 -2.8710 0.0004
Cyclist -1 -1 -8.1406 652.7621 170.9472 676.7040 209.3329 1.6494 0.6424 1.5279 2.3597 1.5672 31.8194 -8.0678 0.0003
Pedestrian -1 -1 -3.2354 745.1678 175.9534 802.6676 300.1436 1.6926 0.3863 0.7459 2.2247 1.7366 10.0807 -3.0258 0.0002
Cyclist -1 -1 -6.1459 911.3331 166.3960 937.8299 193.2869 1.8500 0.8186 1.6015 21.9430 1.4054 50.4041 -5.7377 0.0002
Pedestrian -1 -1 -5.3236 954.1902 216.8936 1015.0656 361.3914 1.2495 0.2854 0.4485 3.3768 1.6688 6.6318 -4.8717 0.0001
