Car -1 -1 -7.1669 0.0000 202.8907 92.7902 256.8127 1.3134 1.6598 3.9351 -17.8801 2.3003 21.7431 -7.8493 0.9788
Car -1 -1 -4.4359 383.7588 181.5992 422.5412 203.4937 1.4325 1.5876 4.0143 -14.5464 2.0725 50.8207 -4.7136 0.8803
Car -1 -1 -4.0463 0.0000 203.8497 87.2417 259.0849 1.3335 1.6624 3.9140 -17.9237 2.3462 21.6079 -4.7329 0.8783
Car -1 -1 -4.5708 383.4190 181.4597 415.2458 203.7235 1.4499 1.5927 4.0280 -14.7940 2.0796 50.7219 -4.8536 0.7559
Car -1 -1 -4.4457 385.0677 181.6247 423.3862 204.5238 1.4945 1.5719 4.0592 -14.4325 2.1351 50.6875 -4.7221 0.7301
Car -1 -1 -7.7893 592.4615 177.2203 617.7413 197.7572 1.5057 1.6877 4.4135 -0.3711 1.8586 56.1104 -7.7963 0.6948
Car -1 -1 -7.8203 591.9412 177.3264 615.6852 197.8986 1.5105 1.7080 4.0553 -0.4745 1.8695 55.9185 -7.8291 0.6493
Car -1 -1 -7.9257 588.5264 177.3378 614.8408 197.8914 1.5057 1.7323 4.2724 -0.7111 1.8671 56.0187 -7.9388 0.5936
Car -1 -1 -7.7683 594.9932 176.9813 619.9729 198.2270 1.5643 1.6211 3.7468 -0.1916 1.8943 55.8116 -7.7722 0.5652
Car -1 -1 -4.5408 382.8982 181.3329 417.0115 204.1159 1.4761 1.6224 4.0175 -14.6497 2.0924 50.3856 -4.8227 0.5350
Car -1 -1 -4.7424 382.5847 181.7583 408.6137 204.0276 1.4458 1.6330 3.9447 -15.1189 2.0972 50.6773 -5.0312 0.4371
Car -1 -1 -7.7935 593.9890 177.1974 618.0481 197.7514 1.5093 1.6367 3.7754 -0.3050 1.8560 55.7272 -7.7994 0.4318
Car -1 -1 -7.7170 594.8946 177.2338 623.1113 197.8417 1.5150 1.6238 4.3611 -0.0655 1.8701 56.2785 -7.7186 0.4261
Car -1 -1 -7.9492 589.8797 176.8844 616.6088 197.6568 1.5132 1.6826 3.8653 -0.5806 1.8333 55.3519 -7.9601 0.3783
Car -1 -1 -4.4341 387.8377 181.0307 426.9004 203.6732 1.4795 1.5749 4.0934 -14.2084 2.0768 50.6794 -4.7064 0.3594
Car -1 -1 -4.6636 380.8200 181.4561 407.6726 204.3814 1.4806 1.6016 3.8766 -15.0119 2.1038 50.2274 -4.9530 0.3109
Car -1 -1 -7.7152 596.5183 177.6265 623.3940 198.2206 1.5052 1.5758 3.7090 0.0006 1.8854 55.5827 -7.7156 0.2504
Car -1 -1 -8.0596 583.3040 176.7982 615.4131 197.6968 1.5265 1.6911 3.9791 -0.8877 1.8420 55.6344 -8.0759 0.1855
Car -1 -1 -4.8386 591.9123 177.7794 621.1689 199.1846 1.5196 1.6492 4.5304 -0.3342 1.9086 54.6629 -4.8451 0.1833
Cyclist -1 -1 -5.2098 1016.2958 173.9088 1051.9899 221.8093 1.6527 0.4726 1.4037 15.0042 1.6909 25.6336 -4.6857 0.1790
Cyclist -1 -1 -5.2211 1012.1905 175.4460 1048.6605 221.7396 1.5883 0.4829 1.4077 14.8180 1.6823 25.5413 -4.7009 0.1584
Car -1 -1 -4.9125 586.4189 177.6631 621.0486 199.2216 1.5300 1.7405 4.5752 -0.5532 1.9104 54.7043 -4.9230 0.1461
Cyclist -1 -1 -8.2462 1016.3324 173.0419 1046.3722 219.8197 1.6245 0.3914 1.4566 15.0104 1.6311 25.8104 -7.7249 0.1401
Pedestrian -1 -1 -8.4440 1021.8609 170.7871 1050.3081 220.2326 1.7213 0.6319 0.6062 14.9708 1.6490 25.4401 -7.9176 0.1039
Car -1 -1 -8.0519 580.5928 176.8313 613.4255 197.9810 1.5452 1.7260 4.2707 -1.0766 1.8652 55.8400 -8.0715 0.1009
Pedestrian -1 -1 -8.5645 1016.7840 171.7144 1045.7622 220.3597 1.6919 0.6472 0.6005 14.8081 1.6519 25.4505 -8.0431 0.0724
Car -1 -1 -7.6282 387.1860 171.5193 416.2822 195.3792 2.1192 1.6882 4.0972 -19.0814 2.0004 66.1782 -7.9081 0.0590
Pedestrian -1 -1 -8.7997 1023.8871 173.2368 1056.8438 223.9875 1.7383 0.6807 0.7283 14.9740 1.7516 25.1908 -8.2691 0.0520
Car -1 -1 -7.6583 388.9652 170.3334 419.1629 196.3993 2.3299 1.8148 4.6817 -19.0657 2.1043 66.9023 -7.9352 0.0408
Car -1 -1 -7.5297 390.0237 169.4186 425.8160 195.9240 2.3717 1.7701 4.7697 -18.7253 2.0640 66.9904 -7.8015 0.0383
Car -1 -1 -7.7837 388.0018 168.6481 412.2527 195.4960 2.3943 1.8306 4.6806 -19.4176 2.0189 66.8271 -8.0657 0.0362
Cyclist -1 -1 -5.3617 907.3912 175.5768 935.4871 208.6206 1.6958 0.5051 1.5724 16.3445 1.8419 37.9885 -4.9587 0.0343
Cyclist -1 -1 -8.1865 1012.3608 168.9977 1044.8091 218.0432 1.7166 0.4769 1.6985 15.0941 1.5813 26.1322 -7.6680 0.0308
Pedestrian -1 -1 -6.4949 122.3332 187.7647 136.6053 221.9994 1.8143 0.5992 0.5287 -26.0016 2.6279 38.9846 -7.0802 0.0289
Car -1 -1 -7.4944 391.4627 171.8968 427.2260 197.1977 2.2614 1.7284 4.4622 -18.5425 2.1756 66.7911 -7.7645 0.0282
Car -1 -1 -4.3621 369.3575 181.9508 415.3600 205.6513 1.4669 1.6253 4.1513 -14.5686 2.1036 48.4047 -4.6533 0.0245
Car -1 -1 -8.1474 587.3702 177.8836 626.9665 199.6153 1.5192 1.7446 4.4226 -0.2917 1.9112 53.9091 -8.1532 0.0243
Cyclist -1 -1 -8.2963 907.3864 173.5007 930.9491 207.3264 1.7531 0.4855 1.6426 16.3407 1.7878 38.2576 -7.8959 0.0224
Car -1 -1 -4.7000 375.4430 182.8926 401.4290 207.4803 1.4805 1.5646 4.0514 -14.5502 2.1695 47.3781 -4.9968 0.0222
Pedestrian -1 -1 -6.4016 123.0015 189.2578 134.2209 222.7556 1.7725 0.5273 0.4445 -25.9663 2.6635 38.8617 -6.9877 0.0209
Car -1 -1 -6.5208 587.3340 177.4211 648.2944 197.4288 1.4768 1.7007 4.3839 0.5551 1.8342 55.1863 -6.5112 0.0206
Car -1 -1 -2.8211 370.8258 182.6604 430.7101 203.0502 1.3794 1.5865 3.7162 -14.6485 2.0773 50.5105 -3.1023 0.0168
Car -1 -1 -5.3375 610.4984 177.9697 654.5425 198.7289 1.5372 1.6104 3.6356 1.6989 1.9503 56.3494 -5.3080 0.0161
Car -1 -1 -4.2712 355.0886 182.4069 406.4753 207.5878 1.5201 1.5951 4.1412 -15.0077 2.1754 47.3549 -4.5769 0.0158
Car -1 -1 -4.6945 917.5956 171.6726 953.5892 206.6827 1.7860 1.6898 4.1703 17.6081 1.7255 39.0556 -4.2742 0.0150
Car -1 -1 -7.6048 613.1719 174.8084 646.2072 196.4858 1.6806 1.7147 4.1442 1.6121 1.8450 58.5685 -7.5778 0.0148
Car -1 -1 -7.8910 385.7339 168.8783 408.1271 195.4141 2.3617 1.8113 4.7237 -19.7613 2.0076 66.7445 -8.1780 0.0140
Car -1 -1 -4.3177 616.4959 175.6001 656.4613 197.5925 1.6865 1.7236 4.2468 2.1524 1.9164 58.1938 -4.2813 0.0127
Car -1 -1 -4.4137 136.3171 181.0694 173.0578 203.0020 1.8057 1.6582 3.8204 -39.7309 2.5463 63.0075 -4.9746 0.0122
Car -1 -1 -5.1684 613.2512 177.7402 655.6105 199.3652 1.5755 1.6396 4.0679 1.8150 1.9676 55.7502 -5.1365 0.0115
Car -1 -1 -4.4356 911.0004 171.0085 965.0071 205.6239 1.7775 1.6081 4.1486 17.8015 1.6825 39.1556 -4.0121 0.0097
Car -1 -1 -7.8355 388.8148 171.6076 409.2470 194.2767 2.0171 1.7286 4.0130 -19.3957 1.9059 66.3663 -8.1190 0.0089
Car -1 -1 -4.9580 608.3371 176.3077 641.9171 198.1539 1.6452 1.5661 4.7323 1.1311 1.9325 57.6043 -4.9389 0.0083
Car -1 -1 -4.7438 609.2668 176.7594 630.9719 197.5372 1.5619 1.5737 4.5920 0.7439 1.8848 57.4167 -4.7313 0.0082
Car -1 -1 -4.4597 890.8618 181.7993 935.0612 207.1322 1.4156 1.6005 3.7090 18.3295 1.9809 43.6656 -4.0652 0.0080
Car -1 -1 -4.7656 911.6803 172.4914 950.2144 206.2226 1.7258 1.6699 4.1028 17.3084 1.7070 39.1307 -4.3524 0.0079
Car -1 -1 -4.6601 632.8002 178.5833 655.1394 197.5878 1.3869 1.5386 3.6385 2.6201 1.8437 55.6802 -4.6138 0.0073
Car -1 -1 -4.5854 618.5633 178.0586 643.9298 197.6124 1.4703 1.5445 3.8457 1.6928 1.8982 57.3484 -4.5564 0.0073
Car -1 -1 -4.6697 615.1592 173.9707 639.0552 196.6144 1.7671 1.7688 4.2161 1.3988 1.8609 58.6819 -4.6464 0.0069
Car -1 -1 -4.6344 379.9467 181.7846 409.8250 206.7805 1.5230 1.5748 4.0962 -14.2033 2.1397 47.6805 -4.9228 0.0067
Car -1 -1 -4.4134 615.2792 175.1632 649.4581 196.2236 1.6214 1.6344 4.0669 1.8176 1.8145 58.2193 -4.3828 0.0067
Car -1 -1 -4.9675 628.6593 177.9863 659.6875 197.0474 1.4091 1.5665 3.5398 2.6027 1.8223 56.2523 -4.9219 0.0063
Car -1 -1 -5.2927 955.5974 175.9442 1019.9993 202.4270 1.4776 1.5801 3.7138 22.2097 1.6682 42.6367 -4.8157 0.0059
Car -1 -1 -5.1502 956.0684 178.7135 1006.9760 202.2709 1.3209 1.4460 3.2291 22.0007 1.6824 42.9098 -4.6796 0.0058
Car -1 -1 -4.5340 914.1802 169.2815 966.5059 207.4283 1.9508 1.7972 4.7400 18.0339 1.7678 39.3592 -4.1076 0.0055
Car -1 -1 -5.0326 957.7847 174.9139 1011.5126 200.9663 1.4443 1.6252 3.9393 21.9016 1.5709 42.3987 -4.5590 0.0050
Car -1 -1 -4.6229 137.5915 182.3588 164.9061 203.5024 1.7256 1.6534 4.0439 -40.0503 2.5841 63.0199 -5.1874 0.0048
Car -1 -1 -4.4701 368.2675 181.4337 408.7072 206.4010 1.5289 1.5953 4.2037 -14.6467 2.1224 47.7970 -4.7663 0.0048
Car -1 -1 -3.9888 351.7790 180.5716 414.7773 206.4807 1.5962 1.6596 4.1602 -15.0550 2.1336 48.0244 -4.2913 0.0046
Car -1 -1 -7.9341 380.4997 170.5250 403.8900 193.2005 2.0172 1.7173 4.4000 -20.1384 1.8097 66.5494 -8.2271 0.0046
Car -1 -1 -4.2031 128.5260 182.0011 173.7166 203.5378 1.7568 1.6057 3.8957 -39.7324 2.5745 62.5351 -4.7674 0.0046
Car -1 -1 -4.8967 572.2469 177.9435 596.8432 193.5897 1.4738 1.7574 3.8080 -2.5641 1.9913 71.3502 -4.9329 0.0045
Car -1 -1 -4.4500 580.4667 177.2630 607.1977 192.9823 1.4835 1.7328 3.7308 -1.5853 1.9309 71.2463 -4.4725 0.0044
Car -1 -1 -5.3979 866.5438 178.7922 929.5154 204.2460 1.4551 1.6877 3.5702 17.5134 1.8340 44.1183 -5.0227 0.0043
Car -1 -1 -4.5208 575.3546 177.7474 599.7708 193.2048 1.4580 1.6986 3.9497 -2.2101 1.9565 71.4623 -4.5520 0.0043
Car -1 -1 -4.8872 958.8633 173.9493 1003.8117 200.8048 1.4854 1.6322 4.1019 21.6580 1.5526 42.2870 -4.4170 0.0043
Car -1 -1 -4.8194 611.1254 174.5442 636.6146 194.7646 1.5681 1.6256 4.1098 1.0619 1.7097 58.4306 -4.8017 0.0043
Car -1 -1 -4.7432 898.2131 181.4628 926.0978 209.0648 1.5190 1.4013 3.3604 17.7946 2.0495 42.6632 -4.3510 0.0042
Car -1 -1 -5.0702 565.0015 178.1948 594.3683 193.5298 1.4393 1.6990 3.7092 -3.0373 1.9809 71.1793 -5.1130 0.0042
Car -1 -1 -4.9549 884.9719 176.6043 932.7409 207.0686 1.6967 1.6498 4.1717 17.6630 1.9307 42.9057 -4.5673 0.0041
Car -1 -1 -4.9583 1006.6597 183.6288 1070.8004 223.3650 1.7126 1.5754 4.5069 20.5152 2.2671 34.7735 -4.4296 0.0039
Car -1 -1 -2.1502 0.0000 213.1932 565.8167 374.0000 1.3915 1.5436 3.7663 -2.3028 1.6762 3.5820 -2.6899 0.0039
Car -1 -1 -5.1037 877.5444 178.3486 927.9688 202.4518 1.3959 1.7041 3.3460 17.8543 1.7452 44.2341 -4.7228 0.0039
Car -1 -1 -4.5837 614.1660 174.3230 641.0049 194.9673 1.5964 1.6559 4.1152 1.4289 1.7192 58.2643 -4.5597 0.0038
Car -1 -1 -4.7719 900.8969 178.9428 933.3799 209.1788 1.6618 1.5202 3.7622 18.0087 2.0372 42.4987 -4.3741 0.0037
Car -1 -1 -4.2138 634.0236 177.6617 670.9164 194.4141 1.4103 1.6038 3.8928 3.7760 1.8503 64.0096 -4.1555 0.0036
Car -1 -1 -4.9275 884.8385 179.8895 926.7352 208.9455 1.6105 1.5773 3.4570 17.4233 2.0447 42.7201 -4.5432 0.0036
Car -1 -1 -3.8217 342.5894 181.4473 410.8058 208.3841 1.6517 1.6803 4.1771 -15.4466 2.2476 47.8583 -4.1327 0.0033
Car -1 -1 -4.7301 900.6961 181.8955 926.4139 209.3126 1.5109 1.3279 2.9267 17.7838 2.0623 42.4256 -4.3362 0.0029
Car -1 -1 -4.7380 897.2720 182.3123 923.7858 209.6058 1.5145 1.3627 2.7143 17.6777 2.0924 42.5957 -4.3476 0.0023
Car -1 -1 -5.3765 951.6735 176.7216 1016.9786 203.3633 1.5029 1.6132 3.5452 22.2763 1.7440 43.1466 -4.9031 0.0022
Car -1 -1 -4.3767 889.7879 182.1053 934.0585 208.6803 1.4779 1.4505 3.2598 17.9829 2.0508 43.0077 -3.9836 0.0022
Car -1 -1 -5.2912 948.9097 177.9426 1008.0060 203.3089 1.4357 1.4912 3.4800 22.0483 1.7541 43.3783 -4.8241 0.0019
Car -1 -1 -5.3654 804.6796 174.1853 880.5172 202.5687 1.4781 1.6172 4.4737 12.8176 1.5563 40.1759 -5.0591 0.0015
Car -1 -1 -4.0236 894.5392 180.4911 954.8607 208.1560 1.5224 1.5740 3.1496 18.2432 1.9807 41.9096 -3.6161 0.0015
Car -1 -1 -5.3514 799.2515 173.1270 871.1195 202.2070 1.5229 1.6988 4.0729 12.3743 1.5386 40.0313 -5.0541 0.0014
Car -1 -1 -4.2320 133.6303 180.6178 177.7306 203.9441 1.9210 1.6743 3.7949 -39.4328 2.6163 62.6832 -4.7918 0.0012
Car -1 -1 -6.8960 1012.8241 183.5260 1114.9778 222.1689 1.7445 1.6476 3.8314 21.3100 2.2612 34.0211 -6.3410 0.0011
Car -1 -1 -7.0669 1019.6326 184.3505 1116.1276 222.2235 1.6688 1.5786 3.8137 21.3278 2.2246 33.7108 -6.5073 0.0009
Pedestrian -1 -1 -7.6412 387.5284 186.2208 402.7603 210.9637 1.6554 0.8944 0.5469 -14.5937 2.5669 48.9116 -7.9301 0.0001
