Car -1 -1 -4.5001 410.4418 180.1061 504.7851 248.8958 1.6340 1.6899 3.9348 -4.0470 1.8498 19.5309 -4.7025 0.9999
Car -1 -1 -4.4472 321.0806 198.0466 461.0233 289.1708 1.3113 1.5222 3.5937 -3.8819 1.8348 13.1926 -4.7288 0.9995
Car -1 -1 -4.1197 0.0000 206.5954 295.8485 374.0000 1.4984 1.5984 4.1148 -3.9661 1.8395 5.2174 -4.7459 0.9982
Car -1 -1 -7.8397 607.4600 175.3382 642.1924 208.5355 1.5318 1.6175 3.7821 0.7117 1.6603 35.4965 -7.8204 0.9651
Car -1 -1 -7.7112 530.0276 179.8073 562.7979 205.2383 1.4738 1.5504 3.3722 -3.9182 1.9189 44.4866 -7.7991 0.8865
Pedestrian -1 -1 -2.8502 589.5328 172.6065 611.4722 209.3080 1.7765 0.6890 0.9173 -0.5032 1.7642 35.3817 -2.8649 0.8440
Car -1 -1 -7.8339 606.9929 175.5701 640.8943 208.3753 1.5076 1.5735 3.5914 0.6739 1.6470 35.2853 -7.8155 0.7648
Car -1 -1 -5.5200 948.5464 0.0000 1241.0000 374.0000 1.9560 1.6873 4.1731 3.7290 1.4735 3.9038 -4.7950 0.7452
Car -1 -1 -7.8722 606.2866 175.4769 641.1768 208.5976 1.5298 1.6257 3.6610 0.5943 1.6650 35.4498 -7.8561 0.7275
Car -1 -1 -7.8979 606.2038 175.3759 642.2178 209.1613 1.5602 1.5852 4.2206 0.6121 1.6923 35.7693 -7.8814 0.7092
Pedestrian -1 -1 -2.8762 589.7976 171.9274 610.9490 208.8087 1.7827 0.7119 0.8807 -0.5085 1.7376 35.3299 -2.8911 0.6906
Car -1 -1 -5.5173 937.5325 38.8019 1241.0000 374.0000 1.8378 1.6171 3.9175 3.6265 1.4680 4.0230 -4.8200 0.6882
Car -1 -1 -7.6711 530.7596 178.0748 567.2032 204.5761 1.5409 1.5911 3.7666 -3.7676 1.8780 44.6746 -7.7552 0.6438
Car -1 -1 -3.3307 626.7340 167.9756 671.9603 184.4238 1.4924 1.5921 3.9328 3.5897 1.0495 66.5224 -3.2773 0.6338
Car -1 -1 -7.8296 607.8678 175.2940 641.8546 208.4038 1.5263 1.5816 3.7170 0.7313 1.6522 35.4321 -7.8097 0.6113
Car -1 -1 -5.4287 958.9645 0.0000 1241.0000 374.0000 1.9781 1.8446 4.4473 3.7219 1.4795 3.7734 -4.6889 0.5998
Car -1 -1 -7.6587 528.0255 175.4946 566.7190 204.9137 1.7323 1.6623 3.9701 -3.8834 1.9040 44.9219 -7.7449 0.5838
Car -1 -1 -7.7388 528.0460 178.2638 561.2103 205.2737 1.5737 1.6237 3.7889 -4.0434 1.9230 44.7193 -7.8289 0.5810
Pedestrian -1 -1 -2.9662 592.4115 171.7313 612.1589 208.7692 1.7942 0.7377 0.8541 -0.4149 1.7395 35.3866 -2.9784 0.5699
Car -1 -1 -5.6421 935.6160 0.0000 1241.0000 374.0000 2.0087 1.8709 4.3932 3.8914 1.4843 3.8556 -4.8901 0.5398
Car -1 -1 -7.7229 607.1937 175.2721 648.9507 208.7684 1.5390 1.5594 3.9162 0.9013 1.6646 35.5042 -7.6983 0.5360
Car -1 -1 -7.8191 608.8249 175.5033 644.2702 208.9679 1.5432 1.6131 4.4631 0.8369 1.6831 35.9083 -7.7965 0.5023
Pedestrian -1 -1 -3.0449 594.6265 172.0265 611.8249 208.3212 1.7559 0.6976 0.7787 -0.3682 1.7156 35.2879 -3.0559 0.4931
Car -1 -1 -7.7954 529.4155 179.5397 559.0139 204.9210 1.4707 1.6279 3.1527 -4.0371 1.8953 44.2536 -7.8863 0.4383
Car -1 -1 -7.7402 529.6459 179.4626 562.7335 205.0434 1.4705 1.6346 3.4686 -3.8993 1.8905 44.1379 -7.8283 0.3707
Car -1 -1 -7.9912 599.3173 175.1153 641.8904 208.8171 1.5418 1.6271 3.2007 0.4286 1.6563 34.9258 -7.9796 0.3578
Car -1 -1 -5.5252 939.6781 64.2767 1241.0000 374.0000 1.7887 1.6851 3.7958 3.7759 1.4445 4.2719 -4.8355 0.3533
Pedestrian -1 -1 -2.6997 585.8273 172.8644 607.0609 209.3100 1.7655 0.6452 0.8483 -0.7042 1.7658 35.4218 -2.7200 0.3532
Car -1 -1 -5.3711 978.5770 0.0000 1241.0000 374.0000 1.9113 1.8214 4.6107 3.5922 1.5316 3.4545 -4.6085 0.3506
Car -1 -1 -7.6163 531.4294 180.0262 569.1313 205.1289 1.4420 1.5473 3.4150 -3.6598 1.8999 44.2883 -7.6988 0.3354
Car -1 -1 -7.4268 0.0000 204.7593 324.7735 374.0000 1.4036 1.6270 4.0373 -3.9496 1.7742 6.2911 -7.9692 0.3232
Car -1 -1 -5.3584 1011.1926 0.0000 1241.0000 374.0000 1.9254 1.8835 4.5358 3.7905 1.5306 3.4519 -4.5684 0.3039
Car -1 -1 -3.2750 618.3933 168.2163 667.6955 185.2947 1.5497 1.6538 4.3552 3.0019 1.1286 66.4886 -3.2303 0.2546
Car -1 -1 -7.9297 525.6899 178.1866 557.3622 204.9587 1.5509 1.6775 3.4249 -4.2785 1.8919 44.3575 -8.0258 0.2503
Car -1 -1 -5.4699 1002.8839 0.0000 1241.0000 374.0000 1.9344 1.9701 4.6294 4.0645 1.4900 3.6072 -4.6651 0.2449
Car -1 -1 -7.9423 598.7949 175.6680 640.2460 209.4996 1.5595 1.6618 4.4170 0.3721 1.7080 35.9033 -7.9326 0.2188
Car -1 -1 -5.6958 943.1118 0.0000 1241.0000 374.0000 1.8971 1.6655 4.1233 3.9520 1.4517 4.0517 -4.9590 0.2046
Car -1 -1 -6.4919 629.9396 166.5945 676.1770 183.6875 1.5539 1.6675 4.0078 3.9432 0.9846 66.7184 -6.4333 0.1672
Car -1 -1 -4.5908 527.3951 178.4077 563.5491 206.2347 1.5592 1.6733 4.1604 -3.8635 1.9090 43.3761 -4.6796 0.1535
Car -1 -1 -8.5662 918.3271 81.1574 1241.0000 374.0000 1.8214 1.6258 3.2498 3.5308 1.4494 4.6170 -7.9443 0.1486
Car -1 -1 -3.2794 620.4351 167.0346 668.2512 184.6528 1.6019 1.6941 4.2166 3.1289 1.0725 66.6419 -3.2330 0.1405
Pedestrian -1 -1 -5.4683 812.3035 175.5880 853.8031 285.0549 1.4614 0.3452 0.4263 3.0056 1.4997 9.9144 -5.1832 0.0975
Car -1 -1 -4.6087 524.1411 179.0910 559.3835 206.9768 1.5570 1.6910 4.0777 -4.0764 1.9482 43.2495 -4.7026 0.0964
Pedestrian -1 -1 -2.4359 588.6644 173.5650 610.5024 210.1874 1.7834 0.6354 0.8770 -0.5560 1.8188 35.6819 -2.4520 0.0854
Pedestrian -1 -1 -5.1980 808.5701 174.0215 849.3178 283.7666 1.4866 0.3582 0.4766 2.9879 1.5030 10.0498 -4.9180 0.0608
Car -1 -1 -6.1501 514.9187 178.3051 567.6768 204.6259 1.5640 1.6044 3.0241 -4.2060 1.9033 44.0890 -6.2451 0.0603
Car -1 -1 -7.6408 451.7305 173.3035 499.6211 208.0657 1.7991 1.6582 4.5688 -7.3557 1.8250 39.7108 -7.8232 0.0523
Car -1 -1 -5.7713 505.9643 178.2139 565.7997 204.3037 1.5228 1.6104 3.2656 -4.5589 1.8602 44.0737 -5.8742 0.0520
Cyclist -1 -1 -2.9768 585.6412 171.5248 622.9213 208.4345 1.7809 0.6069 1.7460 -0.3158 1.7165 35.2497 -2.9863 0.0519
Car -1 -1 -6.6757 893.9451 57.5979 1241.0000 374.0000 1.9313 1.8950 3.8095 3.7621 1.4749 4.3097 -5.9919 0.0398
Car -1 -1 -7.5623 443.7519 174.2938 498.3620 208.4541 1.7629 1.7364 4.4742 -7.6107 1.8465 39.7456 -7.7507 0.0332
Car -1 -1 -2.8034 498.7700 178.3964 562.2256 204.5704 1.5330 1.6303 3.5001 -4.8608 1.8794 43.9536 -2.9133 0.0291
Cyclist -1 -1 -7.6673 246.8692 190.8386 293.1320 291.9711 1.5495 0.4067 1.6101 -5.7677 1.8734 12.1804 -8.1018 0.0260
Car -1 -1 -6.9020 978.1522 134.6505 1241.0000 374.0000 1.6451 1.7456 4.3201 5.3184 1.4187 5.4161 -6.1529 0.0250
Car -1 -1 -4.8770 459.0721 179.9006 499.9159 207.3695 1.4809 1.6722 4.2968 -7.7519 1.9170 42.3856 -5.0572 0.0192
Cyclist -1 -1 -8.1520 594.3062 172.0146 617.0927 210.3908 1.8087 0.6094 1.7599 -0.2609 1.7688 34.9375 -8.1600 0.0191
Car -1 -1 -6.7388 844.1467 22.3818 1241.0000 374.0000 1.9386 1.9853 4.2540 3.5261 1.4239 3.9334 -6.0449 0.0185
Car -1 -1 -7.1362 983.7158 133.3621 1241.0000 374.0000 1.6519 1.6999 4.3132 5.4297 1.4009 5.6752 -6.3989 0.0178
Car -1 -1 -8.2705 909.0396 104.0893 1241.0000 374.0000 1.7898 1.6667 3.8772 3.7533 1.4308 5.7963 -7.7195 0.0148
Cyclist -1 -1 -2.9587 582.8510 172.4410 617.2153 209.6458 1.8039 0.5293 1.6161 -0.5263 1.7836 35.3809 -2.9741 0.0127
Pedestrian -1 -1 -4.2936 671.3741 164.9156 692.3388 207.7577 1.7993 0.6306 0.7766 3.0263 1.4656 30.7970 -4.1971 0.0115
Car -1 -1 -4.1976 499.5182 179.0732 561.9557 208.2169 1.5859 1.7712 4.3072 -4.6438 1.9727 42.5849 -4.3061 0.0102
Car -1 -1 -7.8773 631.8893 168.9721 654.2239 190.7099 1.6535 1.6561 4.1686 2.5508 1.3579 56.9851 -7.8331 0.0088
Car -1 -1 -4.8377 464.2920 179.3154 502.6964 206.4043 1.4620 1.7283 3.8707 -7.4515 1.8571 42.0505 -5.0124 0.0086
Car -1 -1 -7.6358 456.0073 175.9867 499.7858 208.8761 1.6880 1.5064 4.0847 -7.2083 1.8682 39.4965 -7.8156 0.0085
Car -1 -1 -7.8132 625.6306 169.2425 649.4581 190.7360 1.6319 1.7085 4.4143 2.1858 1.3574 57.0514 -7.7755 0.0079
Cyclist -1 -1 -7.6520 260.3197 191.7423 311.1596 291.1821 1.5064 0.4374 1.7145 -5.4841 1.8473 12.1506 -8.0684 0.0075
Car -1 -1 -4.5646 460.8480 179.3013 500.4398 208.5461 1.5145 1.6081 3.9463 -7.1972 1.8916 40.2408 -4.7409 0.0070
Pedestrian -1 -1 -6.5429 812.4459 150.0104 832.1578 228.1079 2.1180 0.5910 0.3779 5.7914 1.4982 19.8668 -6.2639 0.0070
Car -1 -1 -5.2402 523.9432 177.6789 575.6533 202.3553 1.5932 1.6003 4.2853 -4.2220 1.9399 49.6650 -5.3250 0.0068
Car -1 -1 -4.7605 468.4275 179.3032 500.5010 206.2231 1.4564 1.6464 4.2221 -7.4461 1.8546 42.3488 -4.9339 0.0063
Car -1 -1 -7.2778 954.2329 106.5714 1241.0000 374.0000 1.7752 1.7046 3.9109 4.7700 1.4029 5.4447 -6.5852 0.0062
Pedestrian -1 -1 -4.4958 671.1307 166.2713 689.9413 208.5409 1.7861 0.6571 0.7597 2.9857 1.5076 30.9500 -4.4011 0.0062
Cyclist -1 -1 -7.6342 248.0451 198.0782 293.9466 293.0358 1.3864 0.3695 1.3870 -5.4976 1.8178 11.6325 -8.0675 0.0059
Cyclist -1 -1 -7.9895 593.0195 171.9664 609.0212 209.7960 1.7983 0.5560 1.6649 -0.4870 1.7558 35.1638 -8.0038 0.0052
Car -1 -1 -4.4411 529.3346 174.9668 570.4706 202.3320 1.8398 1.7952 4.4041 -4.2387 1.9963 51.2021 -4.5237 0.0045
Pedestrian -1 -1 -3.1038 805.4338 154.2864 822.9906 229.1561 2.0181 0.6217 0.4450 5.5602 1.5173 19.8128 -2.8347 0.0044
Pedestrian -1 -1 -7.3502 646.9218 172.6169 662.4502 201.4646 1.7392 0.7165 0.6576 2.6887 1.7246 43.9699 -7.2901 0.0034
Car -1 -1 -7.2943 990.4843 77.7360 1241.0000 374.0000 1.9051 1.9053 4.4286 4.9754 1.4835 4.6073 -6.5024 0.0032
Car -1 -1 -4.9275 469.0292 182.7480 514.2584 212.2464 1.3209 1.4384 3.7092 -5.9312 1.8365 35.6340 -5.0917 0.0031
Pedestrian -1 -1 -5.1673 664.6069 163.1127 687.3760 208.8835 1.9361 0.7164 0.7496 2.7885 1.5238 30.9998 -5.0790 0.0028
Cyclist -1 -1 -5.3286 683.4448 171.4122 726.4974 220.1287 1.6017 0.5782 1.6922 3.1732 1.5540 24.6046 -5.2025 0.0027
Pedestrian -1 -1 -3.5357 735.5293 167.1865 761.8792 228.0655 1.5096 0.5577 0.4729 3.4463 1.3688 18.2142 -3.3523 0.0023
Pedestrian -1 -1 -6.2783 378.0536 175.8605 403.0506 243.8991 1.7582 0.6360 0.6222 -5.8482 1.8390 19.0734 -6.5725 0.0023
Car -1 -1 -7.5264 971.2800 113.3965 1241.0000 374.0000 1.7362 1.7547 4.2400 5.0306 1.3909 6.0773 -6.8590 0.0021
Cyclist -1 -1 -5.2733 668.6026 176.3056 701.6692 219.3148 1.4731 0.5278 1.3413 2.6026 1.5984 25.5462 -5.1736 0.0018
Car -1 -1 -7.3503 958.7744 106.4693 1241.0000 374.0000 1.7676 1.6973 3.9922 4.9146 1.3781 5.7690 -6.6700 0.0017
Pedestrian -1 -1 -5.7190 405.3324 171.9087 436.6212 230.7960 1.7445 0.6666 0.6602 -5.7534 1.7162 21.7935 -5.9746 0.0017
Cyclist -1 -1 -5.4231 678.8682 170.0653 725.5545 218.1950 1.6049 0.5974 1.7534 3.1241 1.5116 24.9554 -5.3006 0.0017
Cyclist -1 -1 -5.1626 668.5304 177.0916 696.2055 219.4996 1.4714 0.4690 1.2871 2.5369 1.6270 25.8564 -5.0666 0.0016
Pedestrian -1 -1 -7.5857 673.4978 167.1795 694.3108 215.2218 1.6914 0.6191 0.5427 2.5949 1.4914 25.7677 -7.4871 0.0015
Car -1 -1 -4.5112 477.9418 185.2800 516.9932 212.8197 1.2304 1.2770 3.1910 -5.5077 1.8664 35.3255 -4.6652 0.0013
Cyclist -1 -1 -5.5119 665.8983 172.4601 712.6366 223.8048 1.7332 0.5767 1.6962 2.7058 1.7196 25.1929 -5.4069 0.0012
Pedestrian -1 -1 -4.4451 674.9565 168.6474 693.7988 216.7105 1.6771 0.5626 0.4571 2.5826 1.5300 25.4917 -4.3459 0.0011
Car -1 -1 -2.9546 484.3042 178.0283 559.3716 205.5143 1.6115 1.6590 4.2731 -5.3316 1.9311 43.6371 -3.0759 0.0009
Cyclist -1 -1 -7.9291 674.4831 173.7421 691.4392 219.0297 1.5835 0.4728 1.7593 2.5875 1.6165 26.1487 -7.8323 0.0008
Pedestrian -1 -1 -3.5021 737.1255 167.1084 764.9280 228.0376 1.4803 0.6192 0.4858 3.4379 1.3404 17.8776 -3.3158 0.0008
Pedestrian -1 -1 -6.5515 730.1445 170.0774 753.7919 235.4239 1.4876 0.5395 0.4072 3.0008 1.4241 16.7132 -6.3776 0.0004
Pedestrian -1 -1 -3.3816 730.7513 170.7007 751.0985 231.8449 1.4175 0.5165 0.3559 3.0289 1.3673 16.9973 -3.2090 0.0002
Cyclist -1 -1 -8.2825 661.4380 177.3513 689.3702 219.5670 1.4724 0.4049 1.5238 2.3088 1.6398 26.1192 -8.1960 0.0002
