Car -1 -1 -8.0968 467.8752 170.4570 512.8026 202.6397 1.7088 1.6378 3.6661 -6.7663 1.5812 40.3186 -8.2624 0.9996
Car -1 -1 -3.0528 202.6596 169.5555 337.5701 223.8125 1.5747 1.6431 3.6375 -10.4367 1.4787 22.3282 -3.4857 0.9427
Car -1 -1 -2.8573 153.4275 170.2149 328.9048 230.7256 1.5118 1.6103 3.8496 -9.7077 1.4455 19.1622 -3.3209 0.9411
Car -1 -1 -5.8051 0.0000 164.6152 230.3253 296.8193 1.6333 1.5610 3.9466 -7.7165 1.5312 10.0100 -6.4491 0.8732
Car -1 -1 -5.7292 0.0000 171.7299 233.2037 292.9189 1.5414 1.5490 3.9331 -7.7223 1.5268 10.1166 -6.3687 0.8588
Car -1 -1 -2.7972 154.1849 170.8165 328.7662 230.1928 1.4987 1.6408 3.8183 -9.7587 1.4470 19.2547 -3.2610 0.7633
Car -1 -1 -5.9387 0.0000 167.2327 225.3289 304.7809 1.6030 1.6189 4.1102 -7.7392 1.5372 9.8076 -6.5938 0.7018
Car -1 -1 -3.1298 228.1993 169.0119 356.0767 218.6782 1.6406 1.6644 3.9926 -11.1423 1.5134 25.3756 -3.5400 0.6738
Car -1 -1 -8.0654 468.8507 171.0484 513.0854 203.1401 1.7068 1.6505 3.9582 -6.7691 1.6105 40.5198 -8.2303 0.6733
Car -1 -1 -2.8623 85.8746 153.7942 300.5974 242.0857 1.8444 1.7711 3.8761 -9.3184 1.4459 16.3791 -3.3729 0.6498
Car -1 -1 -2.9548 207.9247 168.8851 341.8967 221.9454 1.5617 1.6292 3.5348 -10.3618 1.4446 22.4501 -3.3830 0.6013
Car -1 -1 -5.6355 0.0000 159.8615 227.7146 287.7882 1.6781 1.6085 3.7489 -7.8056 1.5074 10.2899 -6.2722 0.5943
Car -1 -1 -2.9160 148.0755 170.6185 327.7015 233.5441 1.5494 1.6217 3.9410 -9.7051 1.4941 19.0240 -3.3823 0.5790
Car -1 -1 -2.9805 226.8782 170.0606 357.4387 218.1412 1.6206 1.6906 4.0212 -11.2193 1.5262 25.6332 -3.3896 0.5527
Car -1 -1 -3.1233 200.2249 170.2428 339.0095 224.9332 1.5653 1.6043 3.7255 -10.3987 1.4902 22.1381 -3.5582 0.5498
Car -1 -1 -2.9475 194.7027 169.7701 340.6003 223.8497 1.5861 1.6590 3.8446 -10.5621 1.4954 22.4282 -3.3833 0.5468
Car -1 -1 -3.2649 227.1779 169.0774 358.1605 218.8426 1.6150 1.6332 4.0110 -11.0747 1.4922 25.1407 -3.6762 0.5360
Car -1 -1 -3.4599 217.5669 168.2731 361.2463 220.0676 1.6406 1.6942 4.2137 -11.0301 1.4952 24.8931 -3.8734 0.5086
Car -1 -1 -2.7875 89.2659 152.6370 309.7400 239.3505 1.8532 1.7467 4.0498 -9.3108 1.4208 16.5879 -3.2924 0.4812
Car -1 -1 -5.5460 1193.3257 182.8970 1241.0000 217.4670 1.4760 1.6838 3.8397 29.9489 1.9765 33.9762 -4.8283 0.4779
Car -1 -1 -2.8544 96.8044 153.2487 302.3827 242.4512 1.8754 1.6904 3.7296 -9.2042 1.4629 16.3979 -3.3592 0.4621
Car -1 -1 -5.6053 1203.5911 183.1087 1241.0000 217.4976 1.4315 1.6119 3.9698 30.0359 1.9352 33.3714 -4.8773 0.3788
Car -1 -1 -3.4913 189.2982 171.0449 346.7734 226.5056 1.5394 1.6959 4.0119 -10.4074 1.4888 22.0457 -3.9280 0.3756
Car -1 -1 -5.6229 1207.8846 182.1333 1241.0000 217.2308 1.4382 1.6746 4.2861 30.1426 1.8915 33.0156 -4.8878 0.3675
Car -1 -1 -2.8603 204.2993 170.2198 342.4875 222.7215 1.5643 1.6370 3.6030 -10.4767 1.4855 22.5748 -3.2906 0.3461
Car -1 -1 -5.5657 1202.0770 182.3905 1241.0000 217.1618 1.4651 1.5998 3.7718 29.9000 1.9331 33.4578 -4.8412 0.3455
Car -1 -1 -5.6476 1199.7504 182.6744 1241.0000 217.1360 1.4428 1.6801 4.0406 30.1240 1.9289 33.5850 -4.9213 0.3351
Car -1 -1 -5.5340 1208.4841 181.9172 1241.0000 217.5104 1.4567 1.6666 4.3370 29.9995 1.8978 32.9007 -4.7996 0.3053
Car -1 -1 -2.7590 215.5957 167.3685 363.4637 215.2746 1.6516 1.7043 4.5238 -11.4093 1.4622 25.7958 -3.1719 0.3022
Car -1 -1 -5.5180 1187.5459 182.9212 1241.0000 217.0760 1.4896 1.6151 3.5184 29.7868 1.9944 34.3744 -4.8087 0.2759
Car -1 -1 -3.0557 133.9295 168.3190 325.1121 235.8094 1.6067 1.6847 4.2346 -9.7435 1.4984 18.7576 -3.5293 0.2579
Car -1 -1 -2.7805 227.3288 170.8839 361.3855 216.8765 1.5954 1.6573 4.0969 -11.3137 1.5268 25.9525 -3.1882 0.2532
Car -1 -1 -8.6669 1170.8519 182.2247 1241.0000 215.8699 1.4881 1.6542 3.9590 29.7635 1.9707 35.1216 -7.9685 0.1547
Car -1 -1 -5.4950 1179.3234 182.6248 1241.0000 216.1333 1.4744 1.6861 3.8278 29.9204 1.9731 34.8735 -4.7905 0.1461
Car -1 -1 -3.7472 201.1897 170.1967 345.6848 224.6106 1.5391 1.9058 3.6355 -10.4161 1.4636 22.4579 -4.1772 0.1418
Car -1 -1 -2.5234 224.0089 168.8971 363.6333 216.6235 1.6478 1.7463 4.4676 -11.5015 1.5109 26.2282 -2.9332 0.1196
Pedestrian -1 -1 -5.6147 125.2029 167.1743 139.5304 210.6484 1.7200 0.4460 0.2545 -19.0940 1.4950 28.7802 -6.1964 0.1107
Car -1 -1 -5.3029 1182.0266 181.9306 1241.0000 215.2888 1.4778 1.6381 4.1005 30.1805 1.9478 35.2539 -4.5994 0.0902
Car -1 -1 -3.2627 0.0000 144.8931 132.6361 374.0000 1.7448 1.8024 4.4613 -7.6163 1.5606 7.0697 -4.0664 0.0860
Car -1 -1 -2.3810 0.0000 155.2967 123.5351 335.6119 1.7447 1.7360 4.0109 -7.9640 1.5745 7.8763 -3.1550 0.0847
Pedestrian -1 -1 -5.8215 128.2305 167.2549 142.0424 210.5395 1.7225 0.4489 0.2931 -19.0969 1.4994 28.9529 -6.4005 0.0834
Car -1 -1 -2.5002 234.1989 171.6798 367.2025 217.6918 1.5979 1.6777 4.3308 -11.3285 1.5568 26.3848 -2.9024 0.0795
Car -1 -1 -2.4857 0.0000 147.3064 116.5839 343.7570 1.7854 1.7117 3.9004 -7.8645 1.5529 7.6513 -3.2674 0.0778
Car -1 -1 -2.3017 0.0000 165.9558 111.2644 341.3852 1.6400 1.7621 4.3345 -8.1412 1.5752 7.7241 -3.0961 0.0757
Car -1 -1 -7.0343 0.0000 142.9537 145.4451 371.5007 1.7914 1.7098 3.7889 -7.1392 1.5567 7.6150 -7.7701 0.0574
Car -1 -1 -5.4585 1168.7148 181.8053 1241.0000 214.3207 1.4558 1.6357 4.0548 29.9127 1.9217 35.5100 -4.7630 0.0573
Car -1 -1 -2.6882 0.0000 145.9777 108.4555 366.0540 1.7679 1.7620 3.9598 -7.7333 1.5517 7.2919 -3.4846 0.0514
Car -1 -1 -7.4032 1195.0894 154.2493 1241.0000 183.2787 1.6511 1.7576 4.4709 36.9501 0.5926 42.7379 -6.6937 0.0508
Car -1 -1 -2.4361 0.0000 166.6824 103.7789 352.3727 1.6391 1.8073 4.3854 -8.1973 1.5843 7.5006 -3.2480 0.0501
Car -1 -1 -7.4146 1184.1063 170.8082 1241.0000 374.0000 1.4815 1.6330 3.9330 4.9573 1.4753 3.2401 -6.4638 0.0498
Car -1 -1 -3.7722 0.0000 140.6355 132.8837 374.0000 1.7550 1.7518 4.3054 -7.1303 1.5481 6.8906 -4.5554 0.0463
Car -1 -1 -3.4428 0.0000 139.7361 136.7480 374.0000 1.7789 1.7544 4.4749 -7.4019 1.5733 6.8660 -4.2463 0.0460
Car -1 -1 -7.4590 1197.9373 200.8756 1241.0000 374.0000 1.3639 1.5383 3.3138 4.6391 1.5345 3.2370 -6.5397 0.0444
Car -1 -1 -3.2394 0.0000 148.4290 110.6396 374.0000 1.7057 1.7219 4.4561 -7.6291 1.5547 6.7485 -4.0663 0.0360
Car -1 -1 -7.2546 1173.3248 165.9492 1241.0000 374.0000 1.5139 1.6914 4.1017 4.9313 1.4944 2.8980 -6.2590 0.0357
Car -1 -1 -3.9587 0.0000 138.1857 140.6477 374.0000 1.7568 1.7116 4.2579 -6.8145 1.5249 6.9508 -4.7151 0.0340
Car -1 -1 -7.5391 1151.7188 174.0548 1241.0000 374.0000 1.4521 1.6704 4.1024 4.8979 1.4603 3.5871 -6.6392 0.0336
Car -1 -1 -7.7168 1181.9817 176.9308 1241.0000 374.0000 1.4129 1.6352 4.1344 4.9312 1.4454 3.9985 -6.8631 0.0328
Car -1 -1 -2.5884 0.0000 147.4428 103.2692 359.2146 1.7780 1.7671 3.8595 -7.8290 1.5643 7.3806 -3.3852 0.0288
Car -1 -1 -7.1045 1190.3296 161.9962 1241.0000 374.0000 1.5641 1.7009 4.1697 4.8820 1.5446 2.5605 -6.0635 0.0278
Car -1 -1 -8.8562 0.0000 0.0000 1241.0000 374.0000 1.6650 1.6907 3.9858 3.4499 1.5627 1.3347 -7.7272 0.0259
Car -1 -1 -7.9483 1201.2582 152.9753 1241.0000 184.4533 1.7834 1.6729 4.2613 36.5881 0.6569 43.1065 -7.2480 0.0248
Car -1 -1 -5.5384 0.0000 0.0000 1241.0000 374.0000 1.4756 1.6316 3.9507 3.4306 1.5866 1.8979 -4.5374 0.0240
Car -1 -1 -7.2547 1192.1489 199.6872 1241.0000 374.0000 1.4684 1.6432 3.5488 4.6340 1.6031 2.7886 -6.2719 0.0230
Car -1 -1 -6.7999 1213.3502 179.3258 1241.0000 374.0000 1.5232 1.6560 4.2103 4.6643 1.5591 2.2215 -5.7244 0.0229
Pedestrian -1 -1 -6.8886 837.9167 167.2673 863.4553 221.5532 1.8216 0.6236 0.5709 8.1523 1.6338 24.5921 -6.5726 0.0214
Car -1 -1 -6.9395 1209.5842 184.0997 1241.0000 374.0000 1.5457 1.5988 3.7587 4.4293 1.6029 2.2245 -5.8867 0.0207
Car -1 -1 -5.5682 1143.7709 199.2388 1241.0000 374.0000 1.3875 1.5620 3.5125 3.7185 1.5425 2.4333 -4.6314 0.0200
Car -1 -1 -3.6900 0.0000 146.4326 131.4550 374.0000 1.6937 1.6754 4.1997 -7.0404 1.5293 6.7190 -4.4789 0.0194
Car -1 -1 -5.3764 0.0000 0.0000 1241.0000 374.0000 1.4746 1.6588 3.9766 3.1643 1.6017 1.8523 -4.4031 0.0168
Car -1 -1 -5.4578 1136.0266 203.8941 1241.0000 374.0000 1.4103 1.4970 3.5818 3.4442 1.5915 2.3259 -4.5388 0.0159
Car -1 -1 -5.8306 0.0000 0.0000 1241.0000 374.0000 1.4708 1.6552 3.9819 3.7447 1.5348 1.8201 -4.7746 0.0156
Car -1 -1 -5.1870 0.0000 0.0000 1241.0000 374.0000 1.5226 1.6930 4.2456 2.8843 1.6513 1.8123 -4.2489 0.0156
Pedestrian -1 -1 -6.5334 834.3824 167.8401 857.7895 221.6628 1.8077 0.6680 0.6081 7.9916 1.6390 24.5857 -6.2233 0.0122
Car -1 -1 -6.1397 0.0000 0.0000 1241.0000 374.0000 1.5475 1.7455 4.3400 4.1111 1.5624 1.7873 -5.0383 0.0117
Car -1 -1 -6.3683 0.0000 0.0000 1241.0000 374.0000 1.5920 1.8199 4.3477 4.4965 1.5145 2.0416 -5.2772 0.0112
Car -1 -1 -6.9167 1215.6008 184.5897 1241.0000 215.4275 1.3849 1.5440 3.4934 31.0019 1.9540 34.0640 -6.1831 0.0100
Car -1 -1 -6.1420 0.0000 0.0000 1241.0000 374.0000 1.4401 1.6021 3.8699 4.2156 1.5101 2.0209 -5.0740 0.0097
Cyclist -1 -1 -7.9833 342.2261 167.1759 356.2611 203.8021 1.8030 0.4563 1.6550 -13.1857 1.5231 36.3585 -8.3291 0.0091
Car -1 -1 -7.1642 1205.0963 182.0581 1241.0000 214.5251 1.4820 1.6049 3.9791 31.0353 1.9379 34.6601 -6.4386 0.0088
Car -1 -1 -7.1161 1208.8383 182.6650 1241.0000 214.2439 1.4376 1.5788 3.8156 31.0116 1.9190 34.4435 -6.3878 0.0082
Car -1 -1 -8.0507 1192.9772 151.8894 1241.0000 185.0922 1.8819 1.7038 4.1420 36.3592 0.6934 43.1224 -7.3536 0.0071
Car -1 -1 -7.6422 101.5622 152.7496 151.5103 187.8262 1.7667 1.5056 3.4059 -25.5709 0.7538 38.2010 -8.2289 0.0070
Car -1 -1 -4.4891 808.1985 173.7137 844.3863 198.3000 1.5604 1.5491 3.6033 14.3496 1.6195 47.8796 -4.2000 0.0063
Cyclist -1 -1 -8.2266 1180.8210 178.9235 1241.0000 374.0000 1.4875 0.4704 1.5016 3.1079 1.5212 3.2584 -7.5095 0.0057
Car -1 -1 -4.6097 805.5402 173.6708 834.6674 198.3443 1.5720 1.5127 3.5677 13.9822 1.6282 48.0354 -4.3284 0.0051
Car -1 -1 -8.2690 1181.3423 152.3596 1241.0000 184.5151 1.8318 1.7857 3.7784 36.1185 0.6640 43.1665 -7.5757 0.0044
Car -1 -1 -8.5287 1169.5847 152.8933 1241.0000 184.8225 1.8248 1.7801 3.7822 35.7627 0.6837 43.1411 -7.8399 0.0037
Pedestrian -1 -1 -4.8136 1164.5713 140.0210 1237.7760 294.6092 2.0262 0.6841 0.8773 8.1180 1.5955 10.0108 -4.1472 0.0035
Pedestrian -1 -1 -5.3521 58.4926 145.7081 101.4273 219.6711 1.6703 0.5720 0.5705 -12.2797 1.0570 16.6530 -5.9799 0.0030
Cyclist -1 -1 -8.4190 1000.4359 177.9220 1049.0653 230.4534 1.5937 0.4319 1.8037 13.1302 1.7612 22.9784 -7.9060 0.0025
Cyclist -1 -1 -8.0888 1147.7013 74.8142 1241.0000 374.0000 1.6870 0.4760 1.6548 2.5711 1.4119 2.8719 -7.4083 0.0023
Pedestrian -1 -1 -4.9214 1172.0859 143.7362 1241.0000 291.5354 1.9010 0.6312 0.9818 8.1395 1.5262 9.8610 -4.2465 0.0021
Cyclist -1 -1 -5.5166 37.7069 145.9722 126.5860 219.1038 1.6439 0.5782 1.7450 -12.2067 1.0394 16.6283 -6.1423 0.0016
Pedestrian -1 -1 -5.8471 337.0279 167.8953 346.4505 189.2586 1.6721 0.5762 0.4983 -21.1365 1.2837 56.7812 -6.2022 0.0015
Pedestrian -1 -1 -5.2327 65.3477 147.3578 107.3539 220.6156 1.6692 0.5976 0.5542 -12.2600 1.0880 16.8279 -5.8549 0.0013
Pedestrian -1 -1 -4.9185 70.1891 147.6819 111.0874 222.6607 1.6760 0.6521 0.6208 -11.9845 1.1130 16.5786 -5.5369 0.0011
Cyclist -1 -1 -4.0813 35.1443 142.8536 118.2860 224.3303 1.7741 0.5632 1.8273 -12.2874 1.1206 16.6257 -4.7102 0.0009
Cyclist -1 -1 -5.5136 49.4569 147.6347 133.5036 220.2084 1.6509 0.5763 1.6637 -12.1333 1.0769 16.8245 -6.1310 0.0006
Pedestrian -1 -1 -6.6633 1139.8138 145.4325 1241.0000 374.0000 1.6944 0.6332 0.6216 3.1270 1.5697 3.6643 -5.9966 0.0003
