Car -1 -1 -8.2529 682.4752 186.4665 884.8387 320.4024 1.6054 1.6697 3.4859 2.3505 1.8460 10.9000 -8.0476 0.9999
Car -1 -1 -8.0926 577.0687 190.1117 642.3953 236.8803 1.4492 1.5438 3.3535 -0.1213 2.1024 25.5095 -8.0982 0.9986
Car -1 -1 -7.0857 633.9379 185.3166 706.7524 218.0291 1.5422 1.6505 3.6876 3.1062 2.2170 37.2518 -7.0039 0.9982
Cyclist -1 -1 -4.4690 285.5648 187.8544 378.0974 347.2140 1.7079 0.5919 1.9933 -3.4414 1.9150 8.9497 -4.8273 0.9976
Car -1 -1 -7.2193 691.1976 185.0230 762.0042 214.3389 1.4874 1.7026 4.3108 6.5494 2.2056 40.4852 -7.0607 0.9951
Car -1 -1 -7.1993 750.0375 185.7151 803.6392 211.2136 1.4220 1.4651 3.2654 10.0317 2.2250 43.4623 -6.9745 0.9732
Car -1 -1 -3.8245 521.0483 188.1138 585.4761 216.1405 1.4375 1.6096 3.3560 -3.2077 2.3336 40.6446 -3.9034 0.9583
Car -1 -1 -7.1014 634.6666 186.0382 707.5150 218.1495 1.5056 1.6077 3.7657 3.1453 2.2193 37.2169 -7.0184 0.8889
Car -1 -1 -7.0655 636.2505 185.3653 707.9805 217.5980 1.5224 1.5874 3.6255 3.1933 2.1984 37.2296 -6.9813 0.8699
Car -1 -1 -7.2615 788.0425 180.3691 846.6729 207.9481 1.6592 1.6396 4.0652 13.3290 2.1623 46.4015 -6.9840 0.8505
Car -1 -1 -8.2761 679.6207 188.9887 886.5774 322.5559 1.5717 1.6482 3.5181 2.3251 1.8562 10.8438 -8.0719 0.8102
Car -1 -1 -7.1268 632.8845 185.4593 705.4539 217.8833 1.5243 1.6480 3.7775 3.0550 2.2088 37.2994 -7.0465 0.7662
Car -1 -1 -6.3169 882.6871 182.0190 968.6584 212.0768 1.5003 1.6890 4.1178 16.7178 2.0084 38.4872 -5.9104 0.7505
Car -1 -1 -4.0618 748.4525 184.1866 802.5918 210.0356 1.4468 1.5673 3.1932 9.9447 2.1542 43.4363 -3.8388 0.7416
Car -1 -1 -3.8536 519.1669 187.4761 583.9625 215.8819 1.4576 1.6354 3.3955 -3.3004 2.3171 40.6441 -3.9347 0.7122
Car -1 -1 -7.3178 788.3871 180.2792 844.9197 208.6018 1.7040 1.6498 4.0886 13.3058 2.2025 46.4652 -7.0412 0.7110
Car -1 -1 -7.2495 787.7878 180.0079 850.6134 208.2939 1.7010 1.7081 4.3776 13.4725 2.1818 46.4743 -6.9696 0.6852
Car -1 -1 -7.2341 747.6960 185.0312 803.6348 210.9554 1.4465 1.5606 3.4996 10.0084 2.2123 43.6473 -7.0107 0.6695
Car -1 -1 -3.0814 877.1005 182.8080 955.6185 212.8783 1.4974 1.5986 3.7735 16.3049 2.0497 38.5073 -2.6842 0.6316
Car -1 -1 -3.1219 871.3082 182.1853 952.4026 212.2732 1.5096 1.6489 3.9338 16.1206 2.0298 38.7008 -2.7305 0.6139
Car -1 -1 -6.3616 879.5537 183.0958 963.5211 213.6346 1.5316 1.7797 3.9924 16.5661 2.1010 38.6565 -5.9601 0.5444
Car -1 -1 -3.6709 575.5421 186.9064 644.7512 213.5284 1.4879 1.6295 3.9159 -0.0127 2.3737 43.8066 -3.6719 0.5150
Car -1 -1 -6.2447 881.1086 181.1254 971.4001 211.7898 1.5167 1.6541 4.3019 16.7060 1.9743 38.2679 -5.8365 0.4924
Car -1 -1 -7.1004 790.4123 180.2278 854.8741 208.0840 1.6788 1.6451 4.0324 13.5764 2.1676 46.1346 -6.8165 0.4565
Pedestrian -1 -1 -5.5128 447.5956 179.3763 461.1426 212.6923 1.8176 0.5874 0.4500 -8.6378 2.1811 39.8770 -5.7253 0.4552
Car -1 -1 -3.7631 572.0246 186.2971 644.7418 213.6511 1.5071 1.6305 4.2285 -0.1041 2.3529 43.5159 -3.7661 0.4353
Car -1 -1 -6.9521 789.5364 181.0128 850.0745 207.2248 1.5823 1.6022 3.4422 13.2851 2.1159 45.8189 -6.6722 0.4222
Car -1 -1 -3.1437 863.5913 183.5631 937.4848 212.8000 1.4787 1.6463 3.6289 15.6135 2.0780 38.9720 -2.7658 0.3641
Car -1 -1 -3.9114 747.5900 181.1342 817.8425 208.4898 1.5446 1.6605 4.1450 10.4151 2.0648 43.5878 -3.6790 0.3553
Car -1 -1 -7.4334 787.8819 180.9561 836.0294 207.7942 1.6119 1.5869 3.7867 13.0093 2.1556 46.4860 -7.1628 0.3505
Car -1 -1 -3.7119 580.8304 187.5408 648.7254 213.8313 1.4632 1.6452 3.8433 0.2704 2.3897 43.8066 -3.7065 0.3499
Car -1 -1 -3.6392 565.7382 185.5048 643.6060 212.6841 1.5122 1.7100 4.4345 -0.3403 2.3094 43.6628 -3.6476 0.3226
Car -1 -1 -3.8528 782.8013 180.6713 841.2877 207.6420 1.6333 1.6719 3.3025 12.8452 2.1472 46.0018 -3.5827 0.3022
Car -1 -1 -3.9553 574.3835 184.6544 643.1514 212.7880 1.5342 1.6409 4.2663 -0.0624 2.2756 43.2374 -3.9574 0.2812
Car -1 -1 -6.4158 885.4528 179.8853 983.7147 210.1576 1.5204 1.7238 4.5711 17.1296 1.9084 38.3867 -5.9995 0.2734
Car -1 -1 -6.0099 881.1340 180.8287 975.8947 212.2235 1.5252 1.6445 4.2893 16.7141 1.9676 38.0577 -5.5995 0.2683
Car -1 -1 -6.8247 791.0897 180.9783 860.4213 208.0138 1.6371 1.6813 3.9087 13.6396 2.1669 45.7801 -6.5374 0.2571
Car -1 -1 -6.2055 843.7734 183.6908 922.2407 213.3542 1.5055 1.6732 3.8900 14.8487 2.1200 39.3537 -5.8478 0.2347
Car -1 -1 -6.2491 842.4888 184.8940 921.2348 213.5756 1.4495 1.6229 3.9296 14.7234 2.1286 39.2189 -5.8930 0.2344
Car -1 -1 -6.3569 839.0411 185.7925 917.9315 214.7906 1.4742 1.6334 3.8958 14.4669 2.2000 39.1751 -6.0062 0.2341
Car -1 -1 -6.6993 580.7958 186.8430 647.5156 213.1819 1.4985 1.6605 3.7305 0.2185 2.3836 44.1599 -6.6950 0.2232
Car -1 -1 -4.0219 588.6494 186.7386 647.0119 213.6384 1.4916 1.6408 3.5888 0.4749 2.3722 43.8732 -4.0117 0.2201
Car -1 -1 -3.8588 579.7166 187.5903 646.5746 214.2358 1.4581 1.6194 3.9369 0.1853 2.3848 43.4880 -3.8552 0.2159
Car -1 -1 -4.6590 611.6625 185.6633 639.9383 211.3780 1.4832 1.5891 3.6912 0.9948 2.3227 45.4084 -4.6378 0.2147
Car -1 -1 -4.0519 578.9813 185.6936 643.8529 213.7690 1.5169 1.6245 4.2342 0.1015 2.3229 43.1381 -4.0502 0.1951
Car -1 -1 -4.5024 609.0914 185.9680 646.1205 211.8387 1.4791 1.6393 3.3937 1.0998 2.3294 44.9597 -4.4788 0.1750
Car -1 -1 -6.7523 591.1829 187.1183 653.7177 213.0533 1.4789 1.6120 3.4841 0.7304 2.3832 44.2697 -6.7366 0.1746
Car -1 -1 -6.3085 851.0033 184.9688 930.5613 213.7033 1.4492 1.5517 3.9281 15.0559 2.1262 38.9480 -5.9428 0.1583
Car -1 -1 -6.2348 833.9532 184.3396 916.5360 214.0123 1.5054 1.6830 4.1530 14.4413 2.1575 39.4058 -5.8865 0.1472
Car -1 -1 -4.9764 600.6038 185.9013 641.0616 211.9040 1.4886 1.6113 3.7430 0.6010 2.3446 45.3406 -4.9639 0.1441
Car -1 -1 -5.8678 886.8284 179.8279 986.8621 210.4554 1.4720 1.6472 4.5031 17.0573 1.8596 37.9123 -5.4484 0.1234
Car -1 -1 -5.2079 590.5516 185.4989 643.0449 211.9341 1.5075 1.6402 3.8710 0.3436 2.3368 45.2448 -5.2009 0.1223
Car -1 -1 -4.6140 847.4180 184.7180 871.9065 204.3719 1.5841 1.6381 4.0645 21.7958 2.6554 62.9856 -4.2828 0.1165
Car -1 -1 -4.5827 605.3942 185.8327 639.9755 211.7107 1.4733 1.7077 3.5584 0.7930 2.3137 44.8534 -4.5658 0.1139
Car -1 -1 -6.6027 793.2115 180.2789 870.0663 207.8866 1.6879 1.7518 4.3026 13.9120 2.1658 45.5441 -6.3086 0.1090
Car -1 -1 -6.2751 795.3674 181.4718 848.9389 206.9496 1.5242 1.5924 3.1652 13.2439 2.0784 45.2056 -5.9924 0.1060
Car -1 -1 -4.1238 608.3187 186.8650 660.9213 212.4614 1.4562 1.5972 3.5206 1.5367 2.3669 45.0202 -4.0905 0.1020
Car -1 -1 -4.7383 846.0765 184.2713 867.1944 204.2539 1.6173 1.6284 4.0533 21.5005 2.6493 63.0625 -4.4117 0.1003
Car -1 -1 -3.4601 597.0318 186.7203 660.5303 212.1620 1.4765 1.6838 3.5790 1.1145 2.3596 44.6435 -3.4360 0.0998
Car -1 -1 -4.3299 611.0817 185.5748 656.6842 211.6320 1.4950 1.6082 3.6918 1.5106 2.3302 45.3764 -4.2975 0.0925
Pedestrian -1 -1 -5.7571 445.4459 179.6119 459.9933 213.8974 1.8603 0.6478 0.5283 -8.6880 2.2354 39.6934 -5.9717 0.0910
Car -1 -1 -6.3562 797.4363 180.5764 866.7965 207.6575 1.6209 1.6981 4.0305 13.8134 2.1178 45.1829 -6.0619 0.0795
Car -1 -1 -4.5298 848.2558 184.7759 877.4650 204.5735 1.5913 1.6688 4.2653 22.0803 2.6692 62.9907 -4.1946 0.0757
Car -1 -1 -3.5410 774.5056 179.7123 841.6754 207.9916 1.7405 1.8239 3.7227 12.5981 2.1896 46.1227 -3.2766 0.0709
Car -1 -1 -3.8072 607.8517 185.8532 670.8364 211.5443 1.4757 1.5874 3.7397 1.8128 2.3164 44.9432 -3.7677 0.0678
Car -1 -1 -5.8710 580.6802 186.3846 646.3818 211.8322 1.4711 1.6308 3.7400 0.1841 2.3392 44.8078 -5.8675 0.0676
Car -1 -1 -4.4704 611.3371 184.4278 652.3891 210.4059 1.4934 1.6332 4.2620 1.4050 2.2638 45.7760 -4.4405 0.0619
Car -1 -1 -6.2325 797.1613 179.0943 870.0961 208.5697 1.7436 1.7726 4.2559 13.8874 2.1452 44.9023 -5.9350 0.0614
Car -1 -1 -3.9715 611.6401 186.3625 667.7863 211.6432 1.4486 1.5264 3.5240 1.8481 2.3251 45.0455 -3.9314 0.0600
Car -1 -1 -4.8397 840.8959 184.4788 866.5095 204.0068 1.5833 1.6276 3.8773 21.2233 2.6315 63.0148 -4.5168 0.0586
Car -1 -1 -7.6220 593.9281 186.7339 636.3708 214.3311 1.5289 1.7244 4.0596 0.3334 2.4235 44.3399 -7.6152 0.0548
Car -1 -1 -4.4680 273.0257 183.8946 317.2580 211.2134 1.6422 1.6652 4.3185 -20.6788 2.4029 47.4713 -4.8770 0.0547
Car -1 -1 -4.2598 611.5247 184.9129 664.2507 210.6104 1.4707 1.6338 4.2784 1.7869 2.2722 45.6994 -4.2216 0.0474
Car -1 -1 -4.3053 274.7693 184.2539 326.8441 210.6726 1.5962 1.6130 4.2075 -20.3214 2.3800 47.5219 -4.7077 0.0451
Car -1 -1 -5.6026 583.1495 185.5576 646.5826 211.7719 1.5099 1.5935 3.8131 0.2440 2.3367 45.1509 -5.5978 0.0436
Car -1 -1 -4.1310 612.3231 185.3764 666.7052 211.4011 1.4943 1.5748 3.8326 1.8635 2.3166 45.3855 -4.0908 0.0368
Car -1 -1 -6.6016 767.5475 180.9534 847.6588 208.8905 1.7451 1.7917 4.6716 12.7096 2.2803 46.6866 -6.3380 0.0366
Car -1 -1 -4.6529 780.2514 186.1900 841.3510 244.6078 1.4566 1.5027 3.8056 5.8518 1.8816 20.9672 -4.3852 0.0362
Car -1 -1 -4.5891 734.8671 185.2690 810.7135 244.5405 1.4492 1.6565 3.9706 4.7020 1.8418 20.6896 -4.3695 0.0334
Car -1 -1 -4.5993 274.0978 184.2406 310.0450 211.2643 1.6107 1.6961 4.0011 -20.6847 2.3861 46.9902 -5.0122 0.0290
Car -1 -1 -4.6114 270.9669 183.4971 305.5298 210.8015 1.6382 1.6512 4.1540 -21.0539 2.3679 47.2591 -5.0287 0.0288
Car -1 -1 -4.9489 834.3826 184.5710 865.6169 204.2831 1.5974 1.6678 4.0830 20.9101 2.6554 63.0723 -4.6307 0.0273
Car -1 -1 -6.1055 796.0220 179.8448 873.6878 208.9615 1.6956 1.6916 4.3567 13.8535 2.1445 44.6092 -5.8068 0.0268
Car -1 -1 -4.5659 274.1244 185.0405 311.7454 210.9132 1.5507 1.6539 4.3648 -20.9587 2.3963 47.7579 -4.9777 0.0245
Car -1 -1 -3.8315 613.6519 184.5028 678.4064 210.5381 1.5078 1.6125 3.9291 2.2481 2.2672 45.2371 -3.7828 0.0194
Car -1 -1 -2.3918 118.4637 179.8222 201.8108 207.9732 1.3719 1.5505 3.4913 -22.9631 1.7377 36.8061 -2.9465 0.0182
Cyclist -1 -1 -4.2090 442.1537 180.1772 463.9020 212.5181 1.7329 0.4784 1.5654 -8.6974 2.1454 39.8517 -4.4229 0.0181
Car -1 -1 -3.7575 840.5764 185.6455 891.1807 205.0059 1.5850 1.6502 3.8669 22.0047 2.7099 62.1442 -3.4192 0.0179
Car -1 -1 -4.8475 786.4020 187.1579 857.2196 244.6623 1.4634 1.4925 3.5145 6.0612 1.9184 21.1236 -4.5726 0.0174
Car -1 -1 -3.6982 615.2733 184.4305 679.6969 210.3702 1.5080 1.5360 3.7659 2.3110 2.2542 44.9448 -3.6478 0.0142
Car -1 -1 -4.6548 272.3822 185.9240 305.6597 211.2735 1.5055 1.7419 4.8866 -21.3792 2.4238 48.1196 -5.0712 0.0118
Car -1 -1 -2.6563 758.7515 181.1812 825.6033 208.0418 1.6104 1.5953 3.8591 11.6258 2.1663 46.3064 -2.4123 0.0085
Car -1 -1 -7.6068 0.0000 176.9577 50.6919 205.9600 1.3527 1.4711 3.2850 -29.2893 1.5672 35.9620 -8.2868 0.0069
Car -1 -1 -2.7452 750.5178 181.7396 822.8839 208.4985 1.5989 1.7042 4.1767 11.2803 2.1926 46.3125 -2.5083 0.0048
Car -1 -1 -7.7614 0.0000 176.8674 42.1980 206.5708 1.3880 1.5073 3.6113 -29.6227 1.5995 36.1558 -8.4443 0.0040
Car -1 -1 -7.0792 770.8890 177.1468 831.4823 198.3019 1.6379 1.7445 5.0405 15.5597 1.9992 58.7356 -6.8219 0.0033
Pedestrian -1 -1 -5.9959 467.7256 177.7249 475.7748 210.0848 1.8123 0.4268 0.3393 -7.8358 2.0883 40.7067 -6.1854 0.0025
Car -1 -1 -2.0919 0.0000 203.0672 175.1662 350.8248 1.4765 1.9642 4.7076 -8.4857 1.9508 9.6221 -2.8010 0.0024
Car -1 -1 -2.2149 0.0000 211.7379 170.3699 355.3809 1.4340 1.9468 4.8245 -8.6360 2.0176 9.4057 -2.9436 0.0020
Car -1 -1 -2.0556 0.0000 211.6862 172.3313 351.2617 1.3697 1.8508 4.7453 -8.5281 1.9906 9.7969 -2.7585 0.0010
