Car -1 -1 -4.3834 0.0000 179.7309 113.5558 248.1789 1.6546 1.6440 3.8117 -15.3588 1.8639 19.9253 -5.0338 0.9980
Car -1 -1 -4.6739 435.3279 181.2977 487.6293 227.1168 1.3791 1.5825 3.4724 -4.9695 1.6839 24.2367 -4.8746 0.9964
Car -1 -1 -5.3800 339.1429 181.4707 425.9239 214.4918 1.3851 1.5970 4.0914 -10.4819 1.8008 33.0224 -5.6855 0.9841
Car -1 -1 -3.7204 513.3290 176.1065 586.0618 201.4336 1.4882 1.6424 4.3128 -3.7513 1.6991 44.8768 -3.8037 0.9740
Car -1 -1 -3.5739 626.8462 173.7471 699.6870 197.2232 1.5186 1.6268 4.6132 3.5407 1.5801 48.3677 -3.5017 0.9662
Pedestrian -1 -1 -5.1873 694.9733 168.9395 722.1270 220.1418 1.7544 0.6313 0.8235 3.3921 1.6199 25.2164 -5.0558 0.9354
Car -1 -1 -4.3679 0.0000 179.3723 111.4710 246.9353 1.6305 1.6380 3.6088 -15.2951 1.8265 19.7602 -5.0202 0.8839
Car -1 -1 -3.5765 624.9135 173.7249 698.1616 197.2008 1.5161 1.6077 4.6462 3.4208 1.5760 48.2943 -3.5066 0.8787
Car -1 -1 -3.6804 511.5816 175.6307 586.4750 201.1626 1.5049 1.6702 4.4157 -3.7993 1.6851 44.9240 -3.7647 0.7965
Car -1 -1 -4.3793 0.0000 178.0022 110.0771 248.6792 1.7089 1.6748 3.9097 -15.4630 1.8655 19.8737 -5.0342 0.7738
Car -1 -1 -3.7196 514.1342 175.7647 584.1079 201.2244 1.4967 1.6364 4.0975 -3.7814 1.6847 44.7580 -3.8038 0.7607
Car -1 -1 -3.8601 517.7039 175.8699 586.2189 201.3302 1.4886 1.6762 4.1622 -3.5916 1.6840 44.7528 -3.9401 0.7541
Car -1 -1 -4.8185 197.1245 182.8652 260.5233 229.0637 1.4330 1.5756 3.7522 -13.4318 1.8107 25.2438 -5.3034 0.7202
Car -1 -1 -4.6813 437.1672 180.1751 489.6385 226.4007 1.3889 1.5975 3.5054 -4.8866 1.6523 24.1296 -4.8795 0.6940
Cyclist -1 -1 -3.3790 536.0067 171.2272 569.1851 208.3597 1.7615 0.6221 1.4882 -2.8075 1.6840 34.7556 -3.4595 0.6796
Car -1 -1 -4.9027 185.1235 182.0336 261.3642 229.1954 1.4593 1.6186 4.0175 -13.6107 1.8059 25.2015 -5.3938 0.6376
Car -1 -1 -4.9067 190.4912 182.7253 262.7410 228.8138 1.4291 1.5466 3.6483 -13.4261 1.7981 25.0926 -5.3938 0.5789
Car -1 -1 -4.7866 194.7105 180.1205 258.9089 228.7194 1.5149 1.6873 4.2810 -13.6113 1.7934 25.4278 -5.2740 0.5230
Car -1 -1 -3.9106 510.9016 176.3470 578.9025 201.8795 1.4924 1.7100 4.2129 -4.0383 1.7199 44.9165 -4.0002 0.3473
Cyclist -1 -1 -6.4321 531.8864 172.7192 563.3651 208.6124 1.7044 0.6149 1.4335 -3.0459 1.6977 34.7281 -6.5195 0.2884
Car -1 -1 -4.7270 210.5481 183.0519 262.5594 229.1547 1.4250 1.5038 3.4320 -12.9962 1.8043 24.9959 -5.2024 0.2845
Car -1 -1 -4.6468 205.1780 181.6422 264.1019 228.8502 1.4720 1.5682 3.9333 -13.1749 1.8068 25.4020 -5.1213 0.2804
Cyclist -1 -1 -5.9410 527.6866 172.8718 559.5668 208.1060 1.6745 0.5809 1.4162 -3.2349 1.6750 34.7467 -6.0337 0.2145
Car -1 -1 -4.9910 169.9790 181.6074 258.9767 228.8022 1.4660 1.6361 4.2254 -13.9521 1.7974 25.2627 -5.4914 0.1985
Car -1 -1 -4.8097 204.4129 181.1028 267.3199 229.6585 1.4707 1.5384 3.8410 -12.8415 1.7745 24.5742 -5.2871 0.1978
Car -1 -1 -1.9225 190.7791 182.2971 279.3955 228.5874 1.4527 1.5141 3.8763 -13.2241 1.8076 25.2718 -2.4006 0.1935
Car -1 -1 -4.5651 187.2484 181.4454 262.0617 229.6505 1.4459 1.6607 3.9678 -13.0492 1.7635 24.5539 -5.0494 0.1827
Car -1 -1 -4.6836 202.8138 179.7904 259.3674 228.4057 1.5266 1.6331 4.2186 -13.3785 1.7937 25.5557 -5.1619 0.1725
Cyclist -1 -1 -4.3754 536.8275 174.7145 557.6990 209.0625 1.6197 0.5474 1.4841 -3.0656 1.7114 34.8957 -4.4629 0.1443
Pedestrian -1 -1 -4.2214 152.1063 169.1192 190.5335 247.4252 1.8000 0.4939 0.7091 -10.3485 1.7138 16.9520 -4.7627 0.1403
Cyclist -1 -1 -6.6547 535.9540 171.5249 572.6285 207.8041 1.7230 0.6320 1.6526 -2.7344 1.6596 34.9118 -6.7328 0.1370
Cyclist -1 -1 -3.3005 533.7012 172.4305 564.7456 208.7489 1.7324 0.6278 1.4139 -2.9829 1.7119 34.8933 -3.3856 0.1330
Pedestrian -1 -1 -4.3694 145.8251 165.7740 183.1583 246.6685 1.8533 0.5289 0.7305 -10.5017 1.6908 16.9416 -4.9176 0.1101
Cyclist -1 -1 -5.8077 523.4851 170.7041 557.8633 207.7921 1.7545 0.6337 1.5251 -3.3755 1.6525 34.7089 -5.9044 0.1032
Car -1 -1 -4.0522 0.0000 181.7172 40.6509 246.0096 1.5206 1.6230 4.1227 -17.9729 1.7890 19.7615 -4.7836 0.1016
Car -1 -1 -6.1916 502.7690 175.4543 571.5332 200.4008 1.5096 1.7257 4.1010 -4.5086 1.6736 44.7258 -6.2919 0.0824
Car -1 -1 -3.8375 0.0000 181.3788 38.1989 246.3697 1.5262 1.6256 4.1173 -18.2368 1.7835 19.6561 -4.5788 0.0823
Cyclist -1 -1 -5.0599 532.5837 173.9462 553.0786 208.7627 1.6482 0.5320 1.4292 -3.3032 1.7020 34.9642 -5.1539 0.0794
Pedestrian -1 -1 -7.9909 1076.4095 149.0817 1125.4160 269.5807 1.7739 0.5585 0.3982 7.3651 1.4236 10.9216 -7.4106 0.0752
Pedestrian -1 -1 -7.2062 73.7986 174.5303 114.5159 244.0429 1.6550 0.6593 0.4554 -12.5056 1.6958 17.4288 -7.8215 0.0735
Car -1 -1 -4.5347 211.3895 182.3059 279.7188 228.4111 1.4503 1.5205 3.6146 -12.8059 1.8088 25.4438 -4.9971 0.0704
Car -1 -1 -4.0408 0.0000 183.0587 45.2321 243.8115 1.5070 1.5861 3.6371 -18.1524 1.8211 20.3770 -4.7621 0.0663
Cyclist -1 -1 -7.9514 228.1311 175.4117 255.2179 228.1539 1.7373 0.6647 1.7447 -12.7019 1.8280 24.7699 -8.4212 0.0655
Pedestrian -1 -1 -3.8865 98.7958 170.5011 137.2200 242.9942 1.7231 0.5938 0.4984 -11.9533 1.6669 17.4616 -4.4799 0.0644
Pedestrian -1 -1 -7.0563 88.9746 171.9962 128.4309 242.8795 1.6878 0.6181 0.4948 -12.1930 1.6670 17.4830 -7.6583 0.0628
Cyclist -1 -1 -4.9433 534.1463 174.9191 552.2460 208.8961 1.6017 0.5536 1.4426 -3.2777 1.7035 34.8799 -5.0368 0.0624
Car -1 -1 -4.1418 0.0000 183.4791 59.2224 243.2096 1.5010 1.5994 3.6567 -17.8869 1.8343 20.7339 -4.8473 0.0619
Car -1 -1 -4.0898 0.0000 181.9382 73.4720 242.8965 1.5372 1.6271 3.7554 -17.5528 1.8219 20.7041 -4.7868 0.0613
Car -1 -1 -4.0168 0.0000 179.1082 44.3033 240.9817 1.5969 1.7064 3.4318 -18.4566 1.7912 20.7108 -4.7384 0.0584
Pedestrian -1 -1 -7.9173 536.3709 176.4817 550.0525 209.9413 1.5909 0.6199 0.5655 -3.2556 1.7667 34.7056 -8.0106 0.0578
Car -1 -1 -4.1467 0.0000 181.4778 52.7414 245.2670 1.5266 1.5957 4.0549 -17.5946 1.7903 19.9656 -4.8625 0.0578
Car -1 -1 -3.9359 0.0000 180.9242 70.5415 245.1054 1.5559 1.7086 4.1160 -17.5798 1.8043 20.1309 -4.6473 0.0521
Pedestrian -1 -1 -4.6125 1066.9742 149.5439 1112.1763 270.2636 1.7713 0.5364 0.4217 7.2017 1.4290 10.9188 -4.0423 0.0505
Car -1 -1 -3.9552 0.0000 183.5179 53.8123 244.9856 1.4905 1.6312 3.9037 -17.9578 1.8175 20.1635 -4.6763 0.0486
Car -1 -1 -4.5003 0.0000 181.3946 61.1557 241.2602 1.5336 1.5579 3.7617 -17.4709 1.8070 21.0923 -5.1860 0.0456
Car -1 -1 -2.8235 0.0000 181.3862 38.7279 240.9209 1.5387 1.6654 3.8053 -18.9915 1.8004 20.6238 -3.5613 0.0391
Car -1 -1 -2.1004 0.0000 180.6423 39.4104 238.7359 1.5439 1.7317 4.0182 -19.0004 1.7859 21.0035 -2.8295 0.0389
Car -1 -1 -3.6199 0.0000 181.1837 35.1892 249.5512 1.6083 1.6926 4.1009 -18.5655 1.8614 19.7297 -4.3682 0.0377
Car -1 -1 -3.5378 0.0000 181.5760 40.3812 244.8166 1.5535 1.6476 3.5573 -18.5126 1.8214 20.2257 -4.2725 0.0375
Pedestrian -1 -1 -7.8586 539.8825 176.3159 552.7599 209.5544 1.5818 0.6120 0.4873 -3.1017 1.7492 34.6663 -7.9477 0.0371
Car -1 -1 -5.7445 0.0000 180.9395 95.4350 235.1454 1.4941 1.6024 3.9408 -17.8459 1.7447 21.3046 -6.4357 0.0371
Pedestrian -1 -1 -7.1209 92.3246 174.5058 133.5896 243.5383 1.6581 0.6380 0.5345 -12.2056 1.6989 17.6530 -7.7189 0.0365
Cyclist -1 -1 -6.9894 248.7065 178.7710 303.6495 229.0001 1.6416 0.6751 1.6656 -11.4469 1.8511 24.6906 -7.4198 0.0314
Car -1 -1 -3.7481 142.2040 181.9623 284.4439 226.7850 1.3275 1.6362 3.9867 -13.3172 1.6622 24.3900 -4.2435 0.0304
Car -1 -1 -2.7528 0.0000 182.7468 78.4979 244.5464 1.5681 1.8166 4.2185 -17.8666 1.8676 20.3347 -3.4672 0.0254
Car -1 -1 -3.3130 0.0000 178.7537 29.9619 246.5649 1.6603 1.7096 3.8348 -18.8300 1.8408 20.0646 -4.0601 0.0231
Pedestrian -1 -1 -7.9721 1088.8231 153.0664 1134.9896 267.0075 1.6507 0.5200 0.3563 7.3995 1.3638 10.7302 -7.3816 0.0208
Car -1 -1 -3.4004 0.0000 179.5526 28.1394 250.1464 1.6722 1.8013 4.1410 -18.8679 1.8759 19.7490 -4.1563 0.0201
Car -1 -1 -4.4212 165.5023 182.2034 253.0323 224.1047 1.2781 1.6000 3.8104 -13.7775 1.6273 24.9443 -4.9216 0.0199
Cyclist -1 -1 -7.0768 252.0169 178.2066 304.7328 227.2893 1.6166 0.6351 1.7070 -11.4542 1.8076 24.8746 -7.5046 0.0198
Car -1 -1 -2.9282 417.5244 174.2713 475.8142 196.2028 1.6618 1.6999 4.1188 -12.5909 1.7725 55.6523 -3.1500 0.0175
Car -1 -1 -4.0814 0.0000 179.0652 31.4427 251.3779 1.6660 1.8220 4.2933 -17.9356 1.8506 19.2428 -4.8248 0.0170
Pedestrian -1 -1 -7.8013 1108.3629 162.0090 1140.7576 228.2906 1.9188 0.7516 0.7084 15.2121 1.6045 21.3984 -7.1902 0.0161
Car -1 -1 -3.0172 428.7470 174.1250 482.4087 195.4065 1.6064 1.7799 3.8554 -11.8970 1.7059 55.6396 -3.2272 0.0151
Cyclist -1 -1 -7.1590 72.7954 176.2629 144.5180 246.4789 1.6116 0.4507 1.6816 -12.1718 1.6980 17.5021 -7.7597 0.0118
Car -1 -1 -2.9547 0.0000 182.2444 79.3681 244.7816 1.5586 1.7983 4.0660 -17.6206 1.8460 20.3132 -3.6628 0.0103
Cyclist -1 -1 -7.3471 245.5255 180.5037 291.0654 229.7574 1.6155 0.6766 1.6902 -11.7663 1.8873 24.8010 -7.7863 0.0102
Car -1 -1 -4.3224 629.9366 176.2780 666.9266 193.8532 1.3633 1.6308 3.9789 3.1510 1.6530 58.9538 -4.2696 0.0100
Cyclist -1 -1 -7.4385 246.8061 178.6352 286.8276 228.1794 1.6345 0.5918 1.7389 -11.8588 1.8406 24.8853 -7.8794 0.0100
Car -1 -1 -4.4353 628.7040 175.7562 661.4243 193.9995 1.4202 1.6462 3.9951 2.8786 1.6659 59.0125 -4.3871 0.0096
Pedestrian -1 -1 -3.1382 836.3436 161.1767 868.9471 233.2961 1.8988 0.6077 0.8190 6.4740 1.5910 19.4142 -2.8216 0.0085
Car -1 -1 -3.9350 0.0000 177.1564 30.4766 249.3763 1.6674 1.9184 4.4070 -18.1933 1.7945 19.1500 -4.6879 0.0082
Pedestrian -1 -1 -7.1933 257.4131 181.3304 292.3660 229.6385 1.6033 0.6855 0.8810 -11.4782 1.8983 24.6310 -7.6257 0.0081
Pedestrian -1 -1 -4.5112 1110.6536 160.1010 1149.1660 227.8391 1.9520 0.8030 0.7073 15.3173 1.5842 21.3276 -3.8954 0.0077
Pedestrian -1 -1 -3.4859 826.1040 160.0738 872.0228 234.0005 1.9560 0.6113 1.0244 6.3726 1.6176 19.4132 -3.1739 0.0048
Cyclist -1 -1 -5.7162 1101.2401 157.6435 1177.1638 227.8960 1.9724 0.6884 1.6866 15.4419 1.5450 21.1683 -5.0930 0.0048
Pedestrian -1 -1 -7.9893 1096.0800 164.3415 1119.3911 214.0429 1.6147 0.5728 0.4563 16.3467 1.3379 23.7737 -7.3930 0.0047
Car -1 -1 -3.9439 0.0000 182.7457 6.1356 252.8775 1.5524 1.8492 4.5383 -18.6726 1.8422 18.8861 -4.7166 0.0046
Car -1 -1 -8.0420 532.9856 173.0744 577.9125 204.7698 1.5158 1.6193 3.5519 -2.8432 1.5273 36.4607 -8.1197 0.0046
Pedestrian -1 -1 -7.9075 1102.1428 164.7437 1123.2843 214.1370 1.5930 0.5448 0.3693 16.3699 1.3312 23.5704 -7.3066 0.0043
Car -1 -1 -4.4395 0.0000 186.1784 0.0000 253.7634 1.4005 1.6133 4.2120 -17.9333 1.7750 18.0667 -5.2138 0.0043
Pedestrian -1 -1 -6.7574 906.0945 166.5135 932.7472 223.1786 1.6572 0.6604 0.4760 9.1431 1.4714 21.4486 -6.3599 0.0042
Car -1 -1 -2.1858 0.0000 180.1611 102.8680 239.3258 1.5857 1.7521 4.0548 -17.2573 1.8130 21.0777 -2.8658 0.0042
Car -1 -1 -3.7704 90.8312 180.1436 275.3441 232.0899 1.3939 1.7422 4.8858 -13.2233 1.6488 22.6732 -4.2935 0.0040
Car -1 -1 -4.4080 0.0000 187.3398 0.0000 253.6866 1.3891 1.5810 3.8917 -18.2913 1.7944 18.1109 -5.1910 0.0034
Car -1 -1 -4.6891 253.6194 182.2011 272.4503 199.8429 1.5339 1.4841 3.3740 -31.9901 2.4193 66.5309 -5.1360 0.0024
Car -1 -1 -4.6563 248.2790 181.7960 269.9918 199.4674 1.5284 1.5872 3.7997 -32.3512 2.3783 66.5484 -5.1074 0.0022
Car -1 -1 -8.0073 529.0879 174.1060 573.4106 204.6392 1.4515 1.6585 3.8476 -3.0661 1.5181 36.5341 -8.0908 0.0013
Car -1 -1 -7.6853 523.8965 175.3657 566.6961 206.3241 1.4655 1.5519 3.6853 -3.2481 1.5984 36.3624 -7.7742 0.0005
Cyclist -1 -1 -7.7653 414.3044 177.2234 422.5294 201.5871 1.6598 0.3830 1.9805 -13.4411 1.9716 50.5255 -8.0244 0.0002
