Car -1 -1 -4.0180 0.0000 200.7007 82.4972 286.7165 1.4494 1.6087 3.6001 -13.2250 2.1035 15.1434 -4.7272 0.9707
Car -1 -1 -4.3891 346.4929 187.5309 394.3493 212.3736 1.4670 1.6777 4.3651 -15.6920 2.4748 47.3770 -4.7077 0.9441
Car -1 -1 -4.0461 0.0000 201.2602 83.9285 286.8565 1.4557 1.5647 3.4966 -13.1645 2.1248 15.2270 -4.7504 0.8613
Car -1 -1 -3.9989 0.0000 200.2361 87.6562 288.4600 1.4798 1.6367 3.8283 -13.2735 2.1296 15.2110 -4.7079 0.7984
Car -1 -1 -4.3881 347.4711 187.7167 395.1610 212.5736 1.4630 1.6558 4.3707 -15.6011 2.4817 47.2791 -4.7056 0.7063
Car -1 -1 -3.9774 0.0000 199.5429 83.2253 295.4994 1.5284 1.6656 4.2843 -13.3049 2.1568 14.8431 -4.6993 0.6878
Car -1 -1 -4.4063 344.6755 187.5268 393.0462 212.5863 1.4789 1.7714 4.3696 -15.7848 2.4862 47.3524 -4.7268 0.6856
Car -1 -1 -3.9091 0.0000 199.4815 79.9730 292.6945 1.5334 1.6635 3.8254 -13.3866 2.1585 14.9722 -4.6299 0.6636
Car -1 -1 -4.0791 0.0000 199.3729 82.3467 295.9074 1.5040 1.6674 4.4101 -13.1434 2.1293 14.7555 -4.7979 0.5674
Car -1 -1 -4.4148 344.6157 187.1850 389.9917 212.0333 1.4652 1.6996 3.9725 -15.7349 2.4356 46.8680 -4.7374 0.5484
Car -1 -1 -4.4432 349.1400 186.4451 392.0231 211.7549 1.5167 1.6439 4.1197 -15.7613 2.4523 47.5882 -4.7617 0.4673
Pedestrian -1 -1 -5.0291 0.6401 191.0612 23.1731 229.6178 1.7476 0.6906 0.4836 -27.8266 2.6038 33.5227 -5.7181 0.3856
Pedestrian -1 -1 -7.8700 5.2536 190.4373 25.0124 229.1269 1.7537 0.7015 0.5453 -27.6896 2.5812 33.5356 -8.5565 0.3147
Car -1 -1 -8.1353 863.5563 171.2659 908.7475 197.1682 1.6052 1.6588 4.0593 17.8143 1.5065 46.8045 -7.7741 0.2698
Car -1 -1 -8.2329 856.8290 170.9475 907.3967 196.9014 1.6112 1.6742 4.0547 17.5601 1.4925 46.8380 -7.8767 0.2399
Car -1 -1 -4.4260 900.2607 173.7593 937.0967 193.1626 1.5355 1.6880 4.1752 25.4333 1.6124 59.4468 -4.0238 0.2164
Pedestrian -1 -1 -7.8071 6.2826 188.2236 25.1239 226.4144 1.7450 0.6527 0.5687 -27.8187 2.4722 33.7310 -8.4930 0.1322
Pedestrian -1 -1 -5.4351 0.0000 191.4570 19.6801 230.0094 1.7350 0.7364 0.5785 -27.8692 2.6032 33.2752 -6.1285 0.0809
Car -1 -1 -7.1753 893.7906 174.1453 944.9153 193.4507 1.5336 1.6545 4.1024 25.3810 1.6424 59.2400 -6.7727 0.0788
Car -1 -1 -2.9173 0.0000 185.9330 28.6230 221.8749 1.4986 1.6968 4.2375 -29.6050 2.1308 33.1292 -3.6427 0.0785
Cyclist -1 -1 -3.6790 0.0000 187.2790 42.3958 226.3796 1.7577 0.5643 1.4934 -27.6449 2.4495 33.8223 -4.3606 0.0740
Cyclist -1 -1 -4.1803 0.0000 189.6184 31.4199 227.1887 1.6839 0.5456 1.4425 -27.8826 2.4858 33.7682 -4.8668 0.0726
Car -1 -1 -2.3735 0.0000 184.9097 32.9926 219.9861 1.5479 1.6897 4.0309 -29.4289 2.1221 33.4360 -3.0914 0.0692
Car -1 -1 -2.5452 0.0000 195.5096 46.7713 228.7251 1.4196 1.5234 3.6906 -28.3777 2.4886 33.0995 -3.2501 0.0619
Car -1 -1 -4.6892 0.0000 184.8291 22.3995 220.0954 1.5285 1.5568 3.5445 -29.0880 2.1304 34.4125 -5.3873 0.0590
Pedestrian -1 -1 -7.6841 9.3814 187.3578 30.5034 226.2393 1.7806 0.6808 0.5498 -27.6374 2.4669 33.7522 -8.3665 0.0549
Cyclist -1 -1 -2.6037 0.0000 183.6420 23.3860 224.6445 1.8617 0.6928 1.8111 -28.5186 2.3697 33.5083 -3.3050 0.0510
Car -1 -1 -4.5250 0.0000 189.4793 29.8001 225.1191 1.5129 1.5463 3.3110 -28.8331 2.3414 34.1506 -5.2224 0.0490
Car -1 -1 -7.9761 0.0000 187.9339 23.3363 223.4929 1.5215 1.6344 3.3995 -29.1325 2.2708 34.1139 -8.6792 0.0481
Car -1 -1 -4.3223 348.5515 177.9557 386.6290 198.5015 1.7038 1.6780 4.2090 -21.1560 2.1646 63.0613 -4.6450 0.0467
Car -1 -1 -6.9277 892.9174 174.3935 945.2339 193.1637 1.5000 1.5798 3.7412 25.2689 1.6284 59.0782 -6.5257 0.0464
Car -1 -1 -4.2073 349.5177 178.3264 391.2761 198.2316 1.6434 1.6336 4.1925 -20.8887 2.1377 62.9991 -4.5265 0.0443
Car -1 -1 -2.1444 0.0000 194.7675 46.1856 227.8957 1.3943 1.6160 3.7322 -28.3636 2.4494 33.4330 -2.8441 0.0418
Car -1 -1 -4.5392 0.0000 187.4394 35.0894 222.5690 1.5111 1.5456 3.3897 -28.7828 2.2443 34.4323 -5.2317 0.0416
Car -1 -1 -4.4317 348.3962 178.6053 380.8545 198.2840 1.6292 1.6139 4.0844 -21.4104 2.1478 63.0263 -4.7582 0.0399
Car -1 -1 -1.7414 0.0000 186.0930 24.4847 221.0399 1.4976 1.6531 3.8416 -29.3138 2.1590 34.1981 -2.4463 0.0374
Cyclist -1 -1 -2.9356 0.0000 186.1371 20.8985 226.5533 1.7948 0.6741 1.7187 -28.3288 2.4189 33.2121 -3.6380 0.0338
Car -1 -1 -4.3899 350.2827 180.2963 383.2171 199.7444 1.5960 1.5584 3.8794 -21.0974 2.2619 62.6404 -4.7138 0.0319
Cyclist -1 -1 -5.1895 0.0000 185.4536 24.3646 223.7685 1.7440 0.6016 1.6190 -28.3272 2.3447 33.8251 -5.8829 0.0308
Car -1 -1 -2.6800 0.0000 189.3176 33.7647 225.7999 1.5716 1.6737 3.5939 -29.3164 2.3640 33.4813 -3.3954 0.0273
Car -1 -1 -3.3871 0.0000 192.3325 29.6542 228.3167 1.4491 1.6040 3.2913 -28.7571 2.3837 32.8228 -4.1027 0.0261
Car -1 -1 -4.4050 347.6609 181.7626 382.4073 201.2027 1.5607 1.5624 4.4454 -21.0920 2.3561 62.2130 -4.7309 0.0256
Car -1 -1 -3.6196 0.0000 194.0720 36.7072 229.8893 1.4345 1.5286 3.3542 -28.5424 2.4564 32.9202 -4.3300 0.0249
Car -1 -1 -3.7279 0.0000 194.2762 32.4110 230.7648 1.4461 1.5820 3.3317 -28.4169 2.4660 32.5451 -4.4417 0.0247
Car -1 -1 -4.5512 347.3238 179.3373 374.1805 199.0578 1.6234 1.5858 4.0252 -21.7155 2.2074 62.9086 -4.8826 0.0246
Cyclist -1 -1 -3.6563 0.0000 188.6226 32.8727 228.9306 1.7751 0.6698 1.7182 -27.9370 2.5253 33.4186 -4.3488 0.0239
Cyclist -1 -1 -2.7433 0.0000 186.3158 25.6904 226.8044 1.8144 0.6317 1.7134 -28.1488 2.4450 33.2581 -3.4418 0.0227
Cyclist -1 -1 -3.2690 0.0000 186.8567 22.8581 227.7909 1.8000 0.6061 1.8537 -28.3167 2.4617 33.2245 -3.9710 0.0223
Car -1 -1 -1.9080 0.0000 189.0588 27.1767 224.9569 1.5381 1.5834 3.4771 -29.1567 2.3337 33.8809 -2.6149 0.0203
Cyclist -1 -1 -2.6505 0.0000 185.6275 25.7944 226.1012 1.8322 0.6649 1.6846 -28.3059 2.4334 33.4765 -3.3486 0.0199
Car -1 -1 -3.0123 0.0000 190.5816 26.4401 228.4179 1.5546 1.6922 3.8156 -29.3252 2.4101 33.0683 -3.7339 0.0195
Car -1 -1 -3.5197 0.0000 191.6024 29.2379 230.3703 1.5372 1.6467 3.5779 -28.7126 2.4320 32.4802 -4.2397 0.0187
Cyclist -1 -1 -3.8794 0.0000 190.4989 35.3226 228.9633 1.7067 0.6393 1.6068 -27.8540 2.5494 33.6288 -4.5674 0.0179
Car -1 -1 -4.4116 344.5233 181.4236 379.3705 201.2043 1.5913 1.5872 4.4710 -21.3736 2.3573 62.2598 -4.7412 0.0164
Car -1 -1 -4.1409 0.0000 195.2312 35.6941 230.9433 1.4114 1.5085 3.5688 -28.0880 2.4841 32.7281 -4.8462 0.0164
Cyclist -1 -1 -2.6578 0.0000 188.0770 33.1581 226.8787 1.7551 0.6810 1.6852 -28.0163 2.4731 33.5417 -3.3499 0.0159
Pedestrian -1 -1 -7.7773 0.0000 189.5203 5.3440 228.3209 1.7345 0.7006 0.6473 -28.2865 2.5102 33.1248 -8.4803 0.0154
Car -1 -1 -3.2638 0.0000 191.4845 24.5002 230.3895 1.5469 1.6993 3.9416 -29.2478 2.4432 32.6840 -3.9898 0.0134
Cyclist -1 -1 -3.7523 0.0000 188.1256 26.3696 228.8216 1.7963 0.6704 1.7437 -28.2787 2.5242 33.4749 -4.4500 0.0132
Car -1 -1 -4.5008 344.9952 180.5165 373.7716 200.0307 1.5918 1.5639 3.9213 -21.6922 2.2769 62.5010 -4.8338 0.0128
Car -1 -1 -2.8029 0.0000 192.9101 26.5490 227.9060 1.4669 1.5660 3.1531 -29.0041 2.4217 33.0533 -3.5193 0.0109
Car -1 -1 -4.6941 346.1214 179.6779 366.8605 199.5806 1.6333 1.6293 3.9958 -22.0720 2.2477 62.8416 -5.0308 0.0109
Cyclist -1 -1 -7.7556 880.8333 169.3095 892.7625 197.1839 1.7297 0.5388 1.7835 17.5001 1.5095 45.6927 -7.3924 0.0095
Car -1 -1 -4.6345 349.9110 182.8135 372.4901 203.2900 1.6049 1.4766 4.2313 -21.0092 2.4768 60.9572 -4.9654 0.0094
Cyclist -1 -1 -3.7930 875.6332 167.8083 904.8328 197.0128 1.8088 0.6230 1.6722 17.5273 1.4960 45.2214 -3.4258 0.0087
Cyclist -1 -1 -5.1432 871.3582 171.1627 891.0394 197.3660 1.6241 0.5051 1.6749 17.0851 1.5190 45.5767 -4.7870 0.0084
Car -1 -1 -8.0961 900.4276 168.0370 931.3085 188.1057 1.8232 1.6646 4.3546 28.6840 1.3853 67.8291 -7.6978 0.0077
Cyclist -1 -1 -5.4957 862.4214 170.6056 889.3705 196.9507 1.6300 0.5439 1.7102 16.7329 1.4906 45.5332 -5.1460 0.0070
Pedestrian -1 -1 -7.9002 1024.4484 168.6654 1047.5878 221.1949 1.6484 0.6064 0.5570 13.5426 1.5166 23.0289 -7.3746 0.0063
Car -1 -1 -4.0896 320.8119 181.4615 368.1993 202.2557 1.6086 1.6048 4.0815 -21.9733 2.3477 59.8037 -4.4406 0.0061
Pedestrian -1 -1 -4.8196 0.0000 189.5726 13.6695 227.4460 1.7066 0.7431 0.6812 -28.2260 2.4933 33.4618 -5.5165 0.0059
Car -1 -1 -4.3954 338.5476 182.9692 372.2909 203.4801 1.6055 1.4737 4.0663 -21.3396 2.4827 60.5454 -4.7332 0.0048
Car -1 -1 -4.5987 135.2235 189.7622 164.2657 208.6876 1.5464 1.7588 4.0158 -41.4802 3.1221 65.0621 -5.1646 0.0045
Car -1 -1 -4.5705 130.5184 191.7061 160.3710 210.6148 1.5209 1.7009 3.9062 -41.4507 3.2592 64.4133 -5.1407 0.0041
Car -1 -1 -4.5991 123.1746 192.7145 153.0605 212.4651 1.5511 1.7394 4.0904 -41.4056 3.3555 63.3461 -5.1763 0.0040
Car -1 -1 -4.6159 127.9092 193.1617 156.2381 212.8204 1.5566 1.7165 4.0465 -41.3882 3.4150 63.8507 -5.1894 0.0036
Car -1 -1 -4.3783 150.9639 193.0117 191.5541 212.6688 1.5538 1.8083 4.1234 -38.7328 3.3965 63.7624 -4.9226 0.0035
Car -1 -1 -4.7208 348.5560 182.7538 367.4363 203.0352 1.5714 1.4396 4.0875 -21.0610 2.4266 60.1854 -5.0564 0.0034
Car -1 -1 -5.2429 149.7019 193.2121 199.4161 213.5834 1.6554 1.8090 4.4040 -38.7586 3.5178 64.1712 -5.7847 0.0032
Car -1 -1 -4.6057 116.8330 190.6083 147.6523 210.5163 1.5453 1.7747 4.2348 -41.2773 3.1361 62.3768 -5.1885 0.0031
Car -1 -1 -4.8074 698.9194 176.3205 742.1052 208.9986 1.4242 1.6191 3.9184 5.0862 1.5962 33.8695 -4.6602 0.0030
Car -1 -1 -4.5972 139.6744 187.3360 167.2643 205.1335 1.4847 1.6809 3.9344 -41.6180 2.8481 65.8063 -5.1595 0.0030
Cyclist -1 -1 -8.7324 854.9536 168.2976 883.5852 197.2445 1.7948 0.6134 1.7013 16.3485 1.5120 45.6245 -8.3907 0.0027
Car -1 -1 -4.4102 148.5784 192.6405 187.2946 212.0543 1.5172 1.7037 4.2465 -38.7305 3.3143 63.2769 -4.9579 0.0027
Car -1 -1 -5.2943 148.0037 189.2122 201.0113 208.3605 1.5442 1.8422 4.4183 -38.0669 3.0132 63.0236 -5.8360 0.0023
Car -1 -1 -5.1247 149.2779 193.1196 195.5930 215.0344 1.7604 1.8331 4.5613 -38.7565 3.6111 63.8407 -5.6687 0.0023
Car -1 -1 -4.4172 161.4257 193.7125 198.2485 214.6648 1.6738 1.7309 3.9321 -38.1064 3.5840 63.9699 -4.9529 0.0023
Car -1 -1 -5.1176 146.0935 191.8660 192.3934 212.1846 1.6198 1.8357 4.5427 -38.7997 3.3457 63.4487 -5.6648 0.0020
Car -1 -1 -4.1386 159.4041 194.2234 207.6961 215.2720 1.6821 1.7833 4.0133 -37.6958 3.6334 63.8520 -4.6703 0.0018
Car -1 -1 -5.3051 133.3848 191.1120 182.7917 208.6946 1.4254 1.7153 4.0499 -39.7604 3.0712 63.4430 -5.8632 0.0018
Car -1 -1 -5.0782 147.2644 190.4742 188.6912 208.8283 1.4582 1.7430 4.0778 -38.6190 3.0430 62.9753 -5.6267 0.0016
Car -1 -1 -5.2031 140.3063 192.0559 185.7605 210.3740 1.4843 1.6715 4.1434 -39.6330 3.2321 63.9259 -5.7564 0.0016
Car -1 -1 -4.4944 147.3342 187.8476 184.1787 210.3235 1.7644 1.7510 4.6122 -38.3784 3.1120 62.3971 -5.0441 0.0015
Car -1 -1 -4.3572 148.5888 187.2925 192.8946 209.5932 1.7593 1.8061 4.5284 -37.9481 3.0559 62.4158 -4.9018 0.0015
Car -1 -1 -4.0013 164.8212 194.8398 214.4462 213.8287 1.5059 1.7723 3.7574 -37.1854 3.5135 63.8865 -4.5269 0.0014
Car -1 -1 -4.5165 143.9222 188.6983 179.7122 210.2118 1.6767 1.7634 4.5652 -38.6511 3.0978 62.2840 -5.0702 0.0012
Car -1 -1 -2.0004 135.9563 188.0074 188.2623 210.2617 1.7665 1.9206 5.0542 -38.8231 3.1244 62.4691 -2.5548 0.0010
Car -1 -1 -5.2358 132.9465 185.2616 187.7633 207.4039 1.7760 1.8902 4.7309 -38.6764 2.8755 62.0072 -5.7918 0.0010
Cyclist -1 -1 -2.9803 857.5421 168.5479 887.5715 197.2737 1.7748 0.6611 1.6877 16.4394 1.5085 45.2793 -2.6345 0.0008
Pedestrian -1 -1 -7.9025 877.3754 171.7840 890.1936 198.7889 1.6775 0.7211 0.5860 17.1170 1.6108 45.2108 -7.5431 0.0000
