Car -1 -1 -8.1271 754.2899 182.2284 931.5751 297.5697 1.5191 1.6538 3.9365 3.5115 1.6978 11.7993 -7.8458 0.9999
Car -1 -1 -8.3218 827.5852 185.2973 1241.0000 374.0000 1.4702 1.6354 4.1729 3.4317 1.6214 6.6919 -7.8669 0.9999
Car -1 -1 -4.4865 458.8352 179.3626 519.3516 222.4743 1.5168 1.5698 3.3593 -4.6071 1.7813 27.6311 -4.6507 0.9998
Car -1 -1 -8.0349 722.5287 180.0616 822.6210 251.8596 1.4947 1.6381 3.7785 3.7172 1.6864 17.3145 -7.8279 0.9996
Car -1 -1 -4.0827 0.0000 195.9290 272.9960 374.0000 1.4860 1.6522 3.9130 -4.8303 1.7553 6.4695 -4.7049 0.9983
Car -1 -1 -8.0520 697.1125 180.0570 773.8815 230.7350 1.4217 1.6020 4.0084 3.8211 1.6698 22.8507 -7.8891 0.9981
Car -1 -1 -4.3610 188.7163 190.2633 403.4557 304.7360 1.4159 1.6981 4.5317 -4.8969 1.7583 11.9132 -4.7439 0.9979
Car -1 -1 -4.5144 485.6030 178.2234 538.1443 215.0125 1.5189 1.6012 3.8748 -4.3739 1.7741 32.3536 -4.6482 0.9972
Car -1 -1 -8.0304 691.7979 177.3603 749.0729 219.5972 1.5312 1.6042 3.5471 4.2231 1.7191 28.3387 -7.8847 0.9680
Car -1 -1 -4.3528 187.0347 191.4215 399.2105 306.1599 1.4175 1.6937 4.2498 -4.9026 1.7751 11.7573 -4.7405 0.8718
Car -1 -1 -4.5172 484.3727 178.1955 538.2199 214.9673 1.5171 1.6420 4.0445 -4.4063 1.7722 32.4377 -4.6516 0.8437
Car -1 -1 -8.0548 698.0164 180.4530 775.8951 231.4560 1.4262 1.6153 4.0532 3.8634 1.6882 22.8435 -7.8901 0.8299
Car -1 -1 -5.4798 47.3449 182.4431 175.7112 228.4913 1.4209 1.4870 3.4857 -16.4528 1.7512 23.7948 -6.0797 0.8065
Car -1 -1 -5.4731 50.4655 181.2642 179.9761 228.0937 1.4442 1.5363 3.5017 -16.3181 1.7341 23.7769 -6.0695 0.8036
Car -1 -1 -8.0199 691.2529 176.5928 745.9324 218.5693 1.5317 1.5477 3.5280 4.1673 1.6879 28.4265 -7.8764 0.7822
Car -1 -1 -4.1071 0.0000 196.2929 270.3029 374.0000 1.4740 1.6247 3.8491 -4.7629 1.7444 6.3962 -4.7278 0.6748
Car -1 -1 -2.4763 26.3638 180.7848 175.6420 226.9424 1.4359 1.5455 3.8745 -16.6485 1.7050 23.6297 -3.0849 0.6687
Car -1 -1 -7.9869 692.1215 176.0704 746.1198 219.1986 1.5533 1.5844 3.6697 4.1365 1.6865 28.1057 -7.8429 0.6590
Car -1 -1 -7.9996 693.8844 177.3431 750.6813 218.8554 1.5028 1.6527 3.8071 4.3056 1.6913 28.4378 -7.8515 0.6305
Car -1 -1 -5.5727 45.8438 181.3343 178.9987 227.5085 1.4275 1.5302 3.4230 -16.2754 1.7158 23.6078 -6.1712 0.5956
Car -1 -1 -5.4219 46.1377 179.8097 176.1980 226.3250 1.4400 1.5490 3.6527 -16.5599 1.6820 23.9205 -6.0224 0.5955
Car -1 -1 -2.3811 25.9000 181.0024 175.6824 228.3590 1.4655 1.6133 4.0514 -16.7999 1.7465 23.8100 -2.9905 0.5703
Car -1 -1 -4.4803 485.0693 178.2725 539.6614 214.9992 1.5019 1.5750 3.7695 -4.3096 1.7569 32.0364 -4.6135 0.5702
Pedestrian -1 -1 -6.7788 687.2590 172.4356 700.0893 196.5383 1.8494 0.4532 0.8742 6.4352 1.8170 55.7378 -6.6648 0.5448
Pedestrian -1 -1 -6.7126 684.9584 171.9268 696.6396 195.7198 1.8470 0.5757 0.7338 6.2866 1.7747 56.3988 -6.6026 0.5309
Car -1 -1 -4.8971 693.0720 176.3073 754.1229 219.5689 1.5268 1.5609 4.2011 4.2646 1.6703 27.9309 -4.7478 0.5234
Pedestrian -1 -1 -6.9294 688.4707 172.7104 700.7896 196.4226 1.8182 0.4484 0.8459 6.5092 1.8069 55.7344 -6.8141 0.5047
Car -1 -1 -5.7702 26.7420 181.0651 175.0258 228.2796 1.4543 1.4105 3.7224 -16.4748 1.7304 23.4088 -6.3783 0.4706
Pedestrian -1 -1 -2.5127 659.7651 172.1601 669.8061 195.2926 1.8208 0.4192 0.6759 4.3133 1.7658 57.1708 -2.4382 0.4689
Car -1 -1 -4.9196 692.6794 176.3633 758.5317 219.5796 1.5235 1.6721 4.1221 4.3304 1.6691 27.8825 -4.7678 0.4299
Car -1 -1 -6.3036 636.5258 174.2165 688.8120 190.3611 1.4578 1.7096 4.7303 4.7937 1.5845 66.2904 -6.2320 0.2829
Car -1 -1 -4.7134 794.9589 183.8630 820.1981 209.8563 1.3818 1.3509 3.3433 11.3597 2.0444 41.6615 -4.4495 0.2719
Car -1 -1 -4.7741 791.1983 183.0439 818.9200 208.9811 1.3852 1.3262 3.3918 11.2119 1.9996 41.7367 -4.5140 0.2663
Pedestrian -1 -1 -7.0036 687.8754 172.5389 700.6655 196.2282 1.8205 0.5130 0.8598 6.5016 1.7960 55.9050 -6.8888 0.2287
Pedestrian -1 -1 -6.8467 684.6759 171.4934 695.5986 195.5561 1.8752 0.6144 0.6193 6.2623 1.7689 56.6420 -6.7376 0.2266
Car -1 -1 -4.2410 455.2246 167.7436 498.9128 192.7017 1.6303 1.5556 3.3683 -9.0116 1.2962 48.9678 -4.4223 0.1947
Pedestrian -1 -1 -4.6483 780.2789 165.2976 793.0823 199.7020 1.8379 0.6228 0.8461 9.5243 1.4339 39.0410 -4.4112 0.1545
Car -1 -1 -4.5939 93.0451 180.6784 163.8013 229.9084 1.4591 1.5181 3.6153 -15.9453 1.7398 23.9630 -5.1761 0.1506
Pedestrian -1 -1 -4.5644 779.2047 165.7264 794.4846 199.9168 1.8183 0.6767 0.9086 9.5039 1.4389 38.9204 -4.3270 0.1475
Car -1 -1 -4.2713 452.5718 165.9575 496.8350 192.1387 1.7106 1.5474 3.6561 -9.1924 1.2597 49.1086 -4.4556 0.1414
Pedestrian -1 -1 -6.7892 686.3343 172.3397 699.3613 196.0761 1.8284 0.5612 0.8370 6.4009 1.7884 55.9980 -6.6764 0.1298
Pedestrian -1 -1 -4.5049 782.2866 164.8937 796.5522 199.0349 1.8272 0.6084 0.7613 9.6844 1.4009 39.0914 -4.2642 0.1281
Car -1 -1 -4.5758 77.6791 182.1754 157.6357 232.4090 1.4682 1.6860 3.5855 -16.1807 1.8010 23.8042 -5.1678 0.1171
Car -1 -1 -6.2976 633.9871 173.6602 683.1991 189.9301 1.4708 1.5340 4.4528 4.4198 1.5454 66.1935 -6.2316 0.1091
Car -1 -1 -4.3339 451.0341 166.5844 493.1747 192.6467 1.7041 1.5661 3.6871 -9.3744 1.2939 49.1373 -4.5217 0.1056
Car -1 -1 -4.5786 787.1362 185.7619 821.6831 211.4504 1.3281 1.4445 3.6277 11.1017 2.1000 41.2165 -4.3179 0.1044
Car -1 -1 -5.1337 920.7584 169.0737 965.1082 188.4531 1.5088 1.6129 4.3302 26.8298 1.2142 58.3481 -4.7048 0.0999
Car -1 -1 -4.5355 791.5885 184.8442 829.4540 210.5883 1.3349 1.5168 3.3312 11.3733 2.0454 40.9473 -4.2669 0.0929
Car -1 -1 -6.3301 637.0504 174.7959 689.8279 190.4639 1.4146 1.7525 4.7570 4.8555 1.5953 66.3142 -6.2577 0.0899
Car -1 -1 -5.0298 927.0989 168.7441 965.3342 188.0377 1.5080 1.5891 4.1281 27.1945 1.1865 58.5393 -4.5970 0.0845
Pedestrian -1 -1 -2.8725 784.0729 162.8211 798.7853 198.7909 1.9670 0.5298 0.6725 9.9836 1.4180 39.8522 -2.6292 0.0812
Car -1 -1 -5.0086 924.3170 167.5282 960.2901 187.2724 1.5615 1.5763 3.9646 27.1557 1.1400 59.1323 -4.5802 0.0660
Car -1 -1 -4.8227 932.9330 167.3442 960.8033 187.3479 1.5788 1.6207 4.0333 27.5325 1.1436 59.1175 -4.3890 0.0655
Car -1 -1 -4.6307 785.2810 184.0769 817.0480 210.4507 1.3717 1.4682 3.6758 10.9078 2.0428 41.1868 -4.3742 0.0643
Pedestrian -1 -1 -5.4236 0.0000 177.8546 29.3880 298.6748 1.6976 0.4962 0.3975 -8.8630 1.7715 10.4387 -6.1151 0.0623
Car -1 -1 -4.8454 935.7925 168.0774 965.1364 187.5400 1.5228 1.6286 3.9709 27.5773 1.1487 58.5919 -4.4077 0.0580
Car -1 -1 -4.5292 794.3724 182.4574 828.4860 209.4780 1.4474 1.3196 3.3582 11.6409 2.0264 41.7269 -4.2595 0.0531
Car -1 -1 -5.0735 684.0477 177.0069 730.4518 199.8032 1.4501 1.6714 4.3891 6.5193 1.7456 49.0723 -4.9427 0.0518
Car -1 -1 -4.9275 780.8246 181.2166 818.8339 208.2858 1.4647 1.3948 3.5596 10.9557 1.9716 41.9620 -4.6744 0.0505
Pedestrian -1 -1 -5.8413 0.0000 178.4397 34.0753 297.2774 1.6691 0.4943 0.3920 -8.7550 1.7519 10.4480 -6.5264 0.0480
Car -1 -1 -4.6911 938.1643 166.9804 961.2535 187.1904 1.5942 1.6351 4.0836 27.8260 1.1306 59.1076 -4.2532 0.0441
Car -1 -1 -5.1832 916.2723 167.6366 958.9424 187.3215 1.5599 1.5646 3.9257 26.7844 1.1461 59.1738 -4.7603 0.0439
Car -1 -1 -4.4533 450.2154 166.2761 487.3515 191.4563 1.6482 1.6049 3.6187 -9.5947 1.2174 49.0894 -4.6456 0.0401
Pedestrian -1 -1 -5.7386 0.0000 180.8180 29.2481 299.0389 1.6416 0.5003 0.3751 -8.7414 1.7584 10.3309 -6.4283 0.0398
Car -1 -1 -4.3893 793.9613 183.9637 836.0770 209.8346 1.3695 1.3761 3.2372 11.7548 2.0332 41.4015 -4.1151 0.0366
Car -1 -1 -4.6243 798.7579 184.2629 834.6724 211.3078 1.3866 1.6376 3.7543 11.6783 2.0633 40.7663 -4.3478 0.0353
Pedestrian -1 -1 -5.2692 0.0000 181.0917 23.4227 300.8870 1.6444 0.5327 0.4383 -8.8462 1.7650 10.2698 -5.9675 0.0343
Pedestrian -1 -1 -2.9006 786.9412 163.2262 801.3030 199.7262 1.9966 0.5445 0.6592 10.1357 1.4697 39.8648 -2.6538 0.0321
Car -1 -1 -4.8200 790.2065 180.6157 827.8732 207.6250 1.4031 1.6245 3.8491 11.1308 1.8622 40.6775 -4.5553 0.0282
Car -1 -1 -4.7600 787.5388 180.1227 817.4984 207.4206 1.4740 1.4848 4.0392 11.1855 1.9205 42.2242 -4.5033 0.0277
Pedestrian -1 -1 -4.4281 783.7669 163.1936 798.0863 197.9003 1.8773 0.5692 0.7703 9.8697 1.3545 39.5048 -4.1854 0.0221
Car -1 -1 -3.1444 458.7892 167.1687 518.9529 193.7282 1.7380 1.6554 3.9101 -8.1402 1.3657 48.3607 -3.3105 0.0204
Car -1 -1 -5.1044 684.5775 176.6904 733.6930 198.9539 1.3943 1.6581 4.4955 6.5498 1.6640 48.3947 -4.9711 0.0191
Car -1 -1 -5.0424 679.2303 175.4651 723.7361 199.1052 1.5192 1.6960 4.2885 6.1393 1.7050 49.1433 -4.9193 0.0177
Car -1 -1 -5.3088 909.8660 167.3592 957.6564 187.4339 1.5879 1.6020 3.9892 26.4671 1.1529 59.1773 -4.8903 0.0173
Car -1 -1 -5.2293 682.8292 177.3124 738.1959 199.6941 1.3847 1.6222 4.5001 6.5828 1.6957 47.9831 -5.0942 0.0172
Cyclist -1 -1 -8.2680 982.8882 163.6462 1018.4629 219.9812 1.6122 0.3066 1.5835 11.5454 1.3484 21.4502 -7.7803 0.0155
Car -1 -1 -5.1555 679.1614 175.8965 729.0891 199.1493 1.4700 1.6562 4.2416 6.2311 1.6837 48.4819 -5.0289 0.0150
Cyclist -1 -1 -7.3946 395.1639 175.5694 423.5015 216.0267 1.5944 0.3987 1.7044 -8.2125 1.7081 29.4272 -7.6649 0.0084
Cyclist -1 -1 -8.0864 994.6146 164.1855 1019.6818 219.5347 1.5936 0.3159 1.4566 11.7824 1.3437 21.5188 -7.5916 0.0075
Car -1 -1 -5.7297 0.0000 0.0000 1241.0000 374.0000 1.5503 1.6223 3.7585 5.0475 1.5097 1.9083 -4.5707 0.0048
Car -1 -1 -5.7097 0.0000 0.0000 1241.0000 374.0000 1.5596 1.6169 3.7215 4.6696 1.5090 1.8349 -4.5671 0.0047
Car -1 -1 -5.7002 0.0000 0.0000 1241.0000 374.0000 1.5532 1.6032 3.6635 4.2691 1.5176 1.7651 -4.5793 0.0045
Car -1 -1 -8.9472 1241.0000 0.0000 1241.0000 374.0000 1.5443 1.6140 3.6753 5.4401 1.5213 1.9904 -7.7743 0.0041
Car -1 -1 -7.4272 1147.0616 167.9402 1241.0000 230.4608 1.3751 1.5721 4.2329 15.0686 1.2668 17.4849 -6.7245 0.0039
Pedestrian -1 -1 -5.1071 55.1574 160.6475 99.6905 236.6419 1.7376 0.6481 0.6370 -12.5518 1.4582 16.9397 -5.7374 0.0038
Car -1 -1 -8.9720 0.0000 0.0000 1241.0000 374.0000 1.5478 1.5924 3.5186 3.8628 1.5512 1.2092 -7.7727 0.0030
Car -1 -1 -9.0499 0.0000 0.0000 1241.0000 374.0000 1.5269 1.5982 3.6035 5.3737 1.5460 1.3531 -7.7767 0.0030
Car -1 -1 -8.9435 0.0000 0.0000 1241.0000 374.0000 1.5563 1.5894 3.5097 3.4888 1.5638 1.1778 -7.7725 0.0030
Car -1 -1 -9.0297 0.0000 0.0000 1241.0000 374.0000 1.5407 1.5931 3.5866 4.9991 1.5438 1.3362 -7.7743 0.0030
Car -1 -1 -9.0152 0.0000 0.0000 1241.0000 374.0000 1.5329 1.5938 3.5480 4.6103 1.5511 1.2846 -7.7745 0.0030
Car -1 -1 -8.9078 0.0000 0.0000 1241.0000 374.0000 1.5626 1.5893 3.5308 3.0996 1.5483 1.1438 -7.7720 0.0030
Car -1 -1 -8.9929 0.0000 0.0000 1241.0000 374.0000 1.5483 1.5927 3.5332 4.2416 1.5635 1.2579 -7.7732 0.0030
Pedestrian -1 -1 -7.5934 992.6680 158.6921 1019.6082 215.2136 1.6183 0.5780 0.5167 11.5045 1.2125 21.0448 -7.0993 0.0024
Car -1 -1 -7.3464 1157.4838 168.3815 1241.0000 229.4810 1.3472 1.4849 3.8388 15.1353 1.2483 17.2685 -6.6354 0.0023
Car -1 -1 -6.6763 715.5292 178.2101 871.8969 228.8836 1.4414 1.6737 4.2898 5.4777 1.6123 21.9192 -6.4352 0.0013
Car -1 -1 -3.2455 620.5323 178.7585 671.0673 199.0895 1.7565 1.5833 4.3179 3.1176 2.2855 63.7762 -3.1973 0.0009
Car -1 -1 -7.9051 758.0990 168.6152 786.2835 195.0899 1.7037 1.6310 4.0577 10.8435 1.4307 48.5696 -7.6871 0.0009
Car -1 -1 -7.7822 759.9925 167.8379 788.4239 195.0207 1.7512 1.5765 4.3352 11.1067 1.4277 48.7857 -7.5600 0.0007
Pedestrian -1 -1 -3.4789 708.7928 169.8464 720.2192 192.6165 1.7941 0.8282 0.6602 8.2722 1.5568 57.3201 -3.3366 0.0006
