Car -1 -1 -1.8375 52.2873 195.5718 168.1337 263.1589 1.5064 1.6115 3.7044 -13.3339 2.1648 19.1098 -2.4404 0.9997
Car -1 -1 -1.7804 12.9853 193.3795 97.6332 251.0702 1.6358 1.5220 3.2967 -17.9771 2.3448 23.2843 -2.4325 0.9880
Car -1 -1 -1.7901 12.6960 193.6888 100.8005 251.4329 1.6366 1.5891 3.3037 -17.9640 2.3582 23.3293 -2.4409 0.9462
Car -1 -1 -1.8395 51.6379 195.7964 170.2162 263.7426 1.5083 1.6590 3.7272 -13.3020 2.1734 19.0913 -2.4417 0.9012
Car -1 -1 -8.0376 16.8405 194.3494 99.5855 250.0249 1.5683 1.5493 3.3507 -17.9269 2.3139 23.3378 -8.6873 0.8560
Car -1 -1 -1.7383 0.0000 195.7972 54.0475 244.4591 1.5337 1.5623 3.5316 -21.5905 2.4202 26.1405 -2.4238 0.7430
Car -1 -1 -1.8166 12.2646 194.2288 103.6316 249.8105 1.5654 1.5924 3.2956 -17.8571 2.3026 23.2429 -2.4664 0.7051
Car -1 -1 -7.9095 0.0000 195.9496 52.7600 243.6529 1.4971 1.5561 3.5218 -21.4670 2.3952 26.2405 -8.5903 0.6470
Car -1 -1 -1.8806 0.0000 197.5683 99.1043 252.9812 1.5460 1.5723 3.5289 -18.1587 2.3985 23.2493 -2.5383 0.6418
Car -1 -1 -1.8357 6.5490 194.0940 98.1334 251.3484 1.6152 1.5382 3.2369 -17.9482 2.3427 23.1301 -2.4902 0.5930
Car -1 -1 -1.8028 0.0000 196.3827 52.2798 244.3571 1.5111 1.5513 3.4166 -21.6493 2.4123 25.9960 -2.4924 0.5440
Car -1 -1 -7.8565 0.0000 196.1050 53.6820 244.2014 1.5043 1.6036 3.7086 -21.4641 2.4172 26.3937 -8.5345 0.4924
Car -1 -1 -7.8967 0.0000 196.0501 51.4040 244.3656 1.5070 1.6127 3.8681 -21.6570 2.4188 26.3904 -8.5791 0.4866
Car -1 -1 -7.8079 0.0000 196.2563 49.8091 244.0487 1.5059 1.5065 2.9415 -21.2055 2.4006 25.9639 -8.4879 0.4863
Car -1 -1 -4.9138 0.0000 197.0427 50.9005 243.8288 1.4714 1.5606 2.9067 -21.4084 2.3866 25.7865 -5.6017 0.3785
Car -1 -1 -1.8048 0.0000 196.4311 48.8681 244.5538 1.5066 1.5530 3.4875 -21.7121 2.4069 25.8920 -2.4976 0.3700
Car -1 -1 -7.6557 0.0000 196.5120 63.5698 244.1009 1.4628 1.5717 3.2574 -20.8892 2.3671 25.7831 -8.3317 0.3443
Car -1 -1 -7.7109 0.0000 195.3266 65.7477 242.8526 1.4929 1.5662 3.4195 -21.1132 2.3702 26.3060 -8.3824 0.3369
Car -1 -1 -5.5096 0.0000 195.5610 139.8895 248.0779 1.5484 1.6734 3.8123 -17.5969 2.3149 23.2872 -6.1513 0.3172
Car -1 -1 -1.8035 0.0000 197.1796 54.9279 246.8183 1.5369 1.6640 4.4887 -22.0670 2.4921 26.3287 -2.4962 0.2875
Car -1 -1 -7.9392 0.0000 195.8977 47.9624 245.2108 1.5278 1.6446 4.0279 -21.8178 2.4304 26.2537 -8.6277 0.2813
Car -1 -1 -7.9651 0.0000 195.8546 42.3970 244.7960 1.5096 1.6202 3.8858 -21.8626 2.3996 25.9999 -8.6593 0.2307
Cyclist -1 -1 -4.8903 184.7158 181.9267 208.6908 230.5282 1.7286 0.4848 1.6838 -15.3843 2.0749 26.7638 -5.4080 0.1985
Pedestrian -1 -1 -6.7018 1069.3723 157.7508 1086.4764 214.8054 1.8096 0.4773 0.2885 14.9573 1.3303 23.1429 -6.1341 0.1868
Pedestrian -1 -1 -5.1592 767.3591 171.6350 813.6228 264.4054 1.6183 0.5967 0.6107 3.1771 1.5967 12.9480 -4.9248 0.1831
Pedestrian -1 -1 -6.5849 1066.9421 158.0172 1083.6495 215.1646 1.8221 0.4915 0.3183 14.9643 1.3488 23.2847 -6.0198 0.1830
Pedestrian -1 -1 -6.5782 1066.2734 157.7178 1081.9321 215.0970 1.8184 0.4958 0.2874 14.8350 1.3384 23.1433 -6.0143 0.1381
Pedestrian -1 -1 -5.1616 775.0939 170.5960 819.9519 262.4993 1.6107 0.6004 0.5462 3.3112 1.5708 12.9740 -4.9181 0.1321
Car -1 -1 -1.9396 0.0000 198.6854 52.9889 247.0221 1.5084 1.6527 4.0451 -22.1182 2.5008 26.0298 -2.6390 0.1261
Pedestrian -1 -1 -3.2637 1063.7727 157.7152 1078.0840 214.9895 1.8255 0.5032 0.3267 14.8299 1.3427 23.2945 -2.7028 0.1095
Cyclist -1 -1 -5.1188 178.5033 181.9345 214.3934 230.3404 1.7274 0.5347 1.6843 -15.3787 2.0726 26.7391 -5.6367 0.1090
Cyclist -1 -1 -5.1466 180.1375 181.1548 216.3515 229.6532 1.7447 0.5345 1.6404 -15.3972 2.0618 26.8896 -5.6627 0.0899
Cyclist -1 -1 -5.1212 184.3381 181.2833 220.4009 229.5860 1.7358 0.5554 1.6714 -15.2554 2.0584 26.9097 -5.6329 0.0788
Pedestrian -1 -1 -4.0880 439.8584 176.9825 466.0809 235.6952 1.6164 0.5688 0.4393 -4.4496 1.7336 20.2237 -4.3025 0.0528
Cyclist -1 -1 -4.7795 769.9348 173.0477 808.1590 270.5088 1.6411 0.5465 1.5250 3.1381 1.6445 12.9498 -4.5480 0.0481
Pedestrian -1 -1 -6.2485 519.7032 168.4588 530.3191 216.2130 1.6874 0.4976 0.3602 -3.0785 1.5318 25.7583 -6.3668 0.0461
Pedestrian -1 -1 -8.0214 185.0211 180.5160 207.7221 228.9230 1.7614 0.6019 0.8630 -15.4947 2.0528 26.9454 -8.5393 0.0455
Pedestrian -1 -1 -5.9703 516.9795 170.5768 531.6188 218.6380 1.6785 0.5225 0.3715 -3.0721 1.5987 25.4916 -6.0896 0.0452
Cyclist -1 -1 -5.2167 174.3613 181.0798 212.8769 229.8882 1.7650 0.5415 1.6038 -15.6071 2.0794 26.9575 -5.7375 0.0440
Pedestrian -1 -1 -3.6887 446.4598 176.6421 468.6420 235.0744 1.6066 0.4968 0.4087 -4.3186 1.7140 20.2011 -3.8973 0.0421
Cyclist -1 -1 -2.9848 285.8184 179.3164 339.4513 231.8115 1.7008 0.5789 1.5749 -9.9024 1.9192 23.9539 -3.3734 0.0355
Pedestrian -1 -1 -3.6239 1231.1454 159.5619 1241.0000 208.0022 1.7466 0.5260 0.3758 22.9879 1.2670 26.3148 -2.9116 0.0351
Car -1 -1 -6.4681 26.7253 193.6973 173.0687 248.8889 1.5540 1.5988 3.6845 -16.6602 2.2898 23.6064 -7.0776 0.0342
Cyclist -1 -1 -4.8588 193.9784 181.2622 215.9520 229.8343 1.7399 0.4868 1.6189 -15.1594 2.0624 26.9104 -5.3679 0.0340
Cyclist -1 -1 -7.9466 177.1499 183.3450 196.8930 231.5066 1.6838 0.4743 1.6709 -15.5299 2.0793 26.4005 -8.4742 0.0336
Pedestrian -1 -1 -6.5911 306.4895 178.6490 337.7493 231.6193 1.7046 0.6995 0.7854 -9.5646 1.9000 23.8520 -6.9690 0.0314
Cyclist -1 -1 -4.9900 775.0102 171.9085 829.9022 268.5439 1.6348 0.5542 1.4684 3.3719 1.6185 12.9487 -4.7418 0.0272
Cyclist -1 -1 -8.1022 155.3638 186.8106 185.2964 234.8947 1.6413 0.5211 1.6882 -15.8120 2.1563 25.8589 -8.6467 0.0258
Pedestrian -1 -1 -6.5595 1229.0505 159.9347 1241.0000 208.6131 1.7521 0.5285 0.3755 22.8418 1.2868 26.2889 -5.8499 0.0222
Cyclist -1 -1 -4.9798 769.4896 168.7271 820.1091 265.8240 1.6777 0.5078 1.4844 3.3050 1.6061 13.2160 -4.7409 0.0209
Pedestrian -1 -1 -3.5152 1222.4908 161.1696 1241.0000 209.6417 1.7590 0.5432 0.4313 22.8517 1.3347 26.5112 -2.8095 0.0202
Pedestrian -1 -1 -6.5743 1227.6956 157.4598 1241.0000 207.1369 1.8045 0.5333 0.3565 22.9879 1.2450 26.5258 -5.8660 0.0191
Cyclist -1 -1 -4.6916 175.6122 179.0481 194.1272 230.0214 1.8154 0.5542 1.5601 -15.7740 2.0514 26.7118 -5.2209 0.0184
Pedestrian -1 -1 -4.9277 183.9045 181.2385 207.3204 227.9086 1.6871 0.6000 0.7883 -15.4129 2.0035 26.7548 -5.4464 0.0183
Cyclist -1 -1 -5.1129 172.8564 181.5900 207.7547 230.1623 1.7333 0.5546 1.5594 -15.5747 2.0644 26.6869 -5.6371 0.0171
Pedestrian -1 -1 -6.7931 1230.8202 162.0832 1241.0000 209.9111 1.7003 0.5802 0.4467 22.7513 1.3171 25.9806 -6.0797 0.0171
Pedestrian -1 -1 -6.8225 298.4709 180.9141 330.8274 229.0876 1.5562 0.5992 0.8015 -9.8588 1.8293 23.9765 -7.2091 0.0153
Cyclist -1 -1 -4.1485 292.3304 177.4340 335.6176 230.6405 1.7090 0.6324 1.5005 -9.9175 1.8668 24.1072 -4.5353 0.0134
Pedestrian -1 -1 -3.5285 292.4878 179.5791 323.7635 232.4267 1.7067 0.7096 0.7457 -10.0662 1.9344 23.9471 -3.9229 0.0132
Car -1 -1 -6.3835 0.0000 196.7915 118.2237 244.3634 1.4842 1.5900 3.7252 -20.3015 2.4158 26.2332 -7.0373 0.0113
Cyclist -1 -1 -7.2248 286.0526 182.8269 330.0500 232.5556 1.5759 0.5510 1.5344 -10.0704 1.9185 24.0004 -7.6185 0.0105
Pedestrian -1 -1 -7.0890 296.5683 182.8318 332.6491 229.6794 1.5136 0.6660 0.9162 -9.9039 1.8541 24.0944 -7.4755 0.0104
Cyclist -1 -1 -4.0878 289.9005 180.1825 332.3067 231.4555 1.6483 0.5406 1.4957 -10.0578 1.9020 24.2123 -4.4780 0.0092
Pedestrian -1 -1 -4.1492 293.6714 183.0293 325.7810 232.8679 1.6259 0.7115 0.7299 -10.0828 1.9718 24.1303 -4.5416 0.0077
Pedestrian -1 -1 -7.2188 483.0018 177.9215 514.4052 230.1511 1.7217 0.8775 0.5734 -3.7992 1.8955 24.3307 -7.3727 0.0070
Cyclist -1 -1 -7.5811 296.8586 181.2282 326.1171 232.8418 1.6217 0.5221 1.4138 -9.8138 1.9043 23.6416 -7.9710 0.0067
Car -1 -1 -2.3944 0.0000 199.0557 84.0958 254.4491 1.5995 1.5850 3.7510 -18.9206 2.4515 22.5762 -3.0863 0.0062
Pedestrian -1 -1 -2.5665 491.6736 174.4581 530.9142 248.4784 1.5360 0.5664 0.6208 -2.1530 1.5708 15.3777 -2.7041 0.0062
Pedestrian -1 -1 -6.2400 207.8421 180.0392 219.5972 211.3610 1.5829 0.6233 0.5016 -20.3753 1.9552 37.0326 -6.7402 0.0057
Pedestrian -1 -1 -6.2135 1072.2112 158.7433 1088.7108 216.8720 1.8054 0.6025 0.3998 14.8001 1.3668 22.7706 -5.6434 0.0055
Cyclist -1 -1 -7.3947 303.3797 177.4722 348.1292 231.0031 1.7103 0.7058 1.7029 -9.5096 1.8698 24.0834 -7.7674 0.0051
Pedestrian -1 -1 -3.8948 0.0000 198.4542 32.3761 250.3394 1.6378 0.6902 0.5780 -19.3814 2.4807 23.4348 -4.5804 0.0044
Car -1 -1 -9.0632 0.0000 0.0000 1241.0000 374.0000 1.5475 1.5948 3.6050 5.8321 1.5805 1.3815 -7.7724 0.0030
Car -1 -1 -9.0335 0.0000 0.0000 1241.0000 374.0000 1.5462 1.5880 3.5522 5.0415 1.5803 1.3162 -7.7721 0.0030
Car -1 -1 -1.8599 9.5217 169.0145 74.6775 201.3864 1.6473 1.7171 3.8417 -30.3814 1.4516 38.5280 -2.5243 0.0029
Car -1 -1 -1.8000 15.5652 169.4785 81.1003 205.9709 1.8185 1.8611 4.0247 -29.6023 1.6499 37.9462 -2.4592 0.0028
Pedestrian -1 -1 -3.6666 341.7416 176.8121 381.5606 239.1917 1.8028 0.5892 0.9540 -7.4364 1.9233 21.4760 -3.9967 0.0026
Cyclist -1 -1 -7.7441 311.1699 177.7803 333.1199 229.3447 1.6113 0.5088 1.4086 -9.3864 1.7762 23.4366 -8.1216 0.0024
Cyclist -1 -1 -7.6224 306.8481 180.6526 338.3018 230.7392 1.5780 0.6463 1.4371 -9.4823 1.8423 23.7258 -7.9992 0.0023
Cyclist -1 -1 -4.5479 199.8793 179.6774 226.4028 229.2706 1.7851 0.5825 1.8124 -14.9802 2.0509 27.1847 -5.0477 0.0020
Cyclist -1 -1 -3.5000 490.4698 165.9713 531.8326 217.0488 1.7030 0.7227 1.2250 -3.4271 1.4732 24.6667 -3.6371 0.0019
Pedestrian -1 -1 -6.1632 963.6383 158.2885 988.3586 241.5808 1.7879 0.5430 0.4271 7.9800 1.4749 15.8317 -5.7044 0.0017
Cyclist -1 -1 -6.0925 484.4474 169.7967 535.8219 224.8636 1.8225 0.7961 1.5939 -3.4006 1.7210 24.3191 -6.2306 0.0016
Cyclist -1 -1 -6.0440 474.1977 170.0646 529.4517 225.6082 1.8347 0.8032 1.6997 -3.6796 1.7423 24.3102 -6.1933 0.0016
Cyclist -1 -1 -4.4109 519.4323 175.5209 556.3871 241.4326 1.5890 0.5577 1.3306 -1.8502 1.6584 18.1596 -4.5119 0.0015
Car -1 -1 -7.7025 0.0000 158.7943 40.2448 188.7800 1.8946 1.6958 3.8947 -39.1014 1.0059 47.6969 -8.3866 0.0013
Pedestrian -1 -1 -4.4783 520.1685 164.9327 555.2274 245.2681 1.9468 0.7294 0.6701 -1.8346 1.7545 17.8653 -4.5800 0.0013
Pedestrian -1 -1 -7.8099 524.7780 158.9736 552.7584 239.4477 1.9863 0.6723 0.7294 -1.8396 1.6434 18.1922 -7.9100 0.0010
Cyclist -1 -1 -2.2733 453.7586 166.8661 502.6558 224.8882 1.9190 0.7687 1.6370 -4.5625 1.7206 24.6799 -2.4547 0.0009
Pedestrian -1 -1 -7.6507 312.9598 174.6321 341.5695 224.3145 1.5555 0.7082 0.7779 -9.0775 1.6132 23.0653 -8.0221 0.0007
Car -1 -1 -6.2877 912.4534 145.5865 1129.3844 235.8063 2.0499 1.8574 4.5670 10.1827 1.4301 18.2980 -5.7872 0.0007
Pedestrian -1 -1 -4.5443 357.7387 204.6323 374.5188 247.8682 0.9945 0.3298 0.2974 -5.8032 1.7515 17.0226 -4.8687 0.0006
Cyclist -1 -1 -2.2525 303.4901 174.5592 359.1839 245.9043 1.8894 0.5260 1.6127 -7.6916 1.9373 19.7687 -2.6196 0.0005
Cyclist -1 -1 -8.3675 303.4074 176.0882 346.8723 244.5229 1.8093 0.4311 1.4938 -7.8664 1.9005 19.7753 -8.7420 0.0002
Cyclist -1 -1 -5.4198 291.2839 177.4044 352.2397 247.6549 1.8567 0.5463 1.7541 -7.9688 1.9854 19.8051 -5.7983 0.0002
Car -1 -1 -5.4294 271.2880 189.4870 408.9685 252.7238 1.5177 1.4738 3.6505 -7.4143 2.0049 19.6325 -5.7866 0.0002
Car -1 -1 -7.8712 199.7030 171.3519 230.0127 197.6929 1.5937 1.6223 3.7404 -25.0766 1.5025 45.6809 -8.3710 0.0001
Car -1 -1 -2.0987 272.1454 190.6050 382.8329 251.9531 1.4819 1.5211 3.0232 -7.8496 2.0078 19.8530 -2.4712 0.0001
Cyclist -1 -1 -8.3059 289.2336 176.8248 334.1196 243.3997 1.7495 0.4670 1.6441 -8.2351 1.8620 19.7686 -8.6963 0.0001
Cyclist -1 -1 -7.8538 295.6198 176.3188 316.7276 239.6261 1.6175 0.5024 1.7309 -8.2282 1.7148 19.4290 -8.2500 0.0001
