Car -1 -1 -4.2471 0.0000 165.6176 379.6291 374.0000 1.8179 1.6740 4.1280 -3.7164 1.7696 6.8653 -4.7280 0.9998
Car -1 -1 -4.6197 472.2118 185.7600 540.1693 236.2745 1.3911 1.7564 4.4264 -3.2903 1.8474 23.2735 -4.7593 0.9992
Car -1 -1 -4.6376 476.5167 184.6078 541.3445 236.3906 1.4346 1.7391 4.1794 -3.1878 1.8455 23.1005 -4.7739 0.6693
Car -1 -1 -4.1720 767.7393 173.3481 810.4051 192.7843 1.5404 1.6269 3.9067 14.7015 1.5821 59.2450 -3.9303 0.3716
Car -1 -1 -4.3974 772.0728 173.2420 805.6835 192.5633 1.5298 1.5672 3.8592 14.6946 1.5624 59.2630 -4.1559 0.3178
Car -1 -1 -4.6005 771.5272 173.4260 796.1293 192.6953 1.5273 1.5666 3.7341 14.2929 1.5756 59.3303 -4.3656 0.2950
Car -1 -1 -5.1735 759.3626 173.3427 798.8333 192.8241 1.5460 1.5834 3.9079 13.8593 1.5874 59.4481 -4.9459 0.2845
Car -1 -1 -4.0791 769.2793 173.2085 814.9329 192.5388 1.5329 1.6066 3.9525 14.9268 1.5626 59.1652 -3.8335 0.2780
Car -1 -1 -4.8400 772.8919 173.3811 799.2648 192.9475 1.5403 1.6237 3.6723 14.2921 1.5844 58.8175 -4.6031 0.2616
Car -1 -1 -4.3689 774.4329 172.9574 810.1843 192.7077 1.5622 1.6100 3.9597 14.9584 1.5707 59.1875 -4.1229 0.2292
Car -1 -1 -4.4895 775.9363 173.5687 804.8259 192.8003 1.5160 1.5631 3.4874 14.7302 1.5760 58.9300 -4.2461 0.2064
Car -1 -1 -5.1623 761.3375 173.2632 799.7350 193.1358 1.5654 1.6273 3.6208 13.8432 1.5996 58.8601 -4.9327 0.1908
Car -1 -1 -5.4029 751.6420 173.4025 798.3389 193.0310 1.5544 1.5958 3.9391 13.5063 1.6009 59.3769 -5.1807 0.1555
Cyclist -1 -1 -4.4465 358.6847 190.8226 382.8081 232.9857 1.6889 0.4999 1.8623 -10.1905 2.4753 30.6490 -4.7655 0.1527
Car -1 -1 -5.4928 746.9263 173.1781 796.8935 192.9506 1.5673 1.6224 4.0588 13.2615 1.5946 59.4121 -5.2746 0.1271
Car -1 -1 -4.7577 269.3827 179.4371 306.8756 212.7274 1.4625 1.4712 3.6741 -15.4436 1.7946 34.4513 -5.1766 0.1160
Car -1 -1 -5.4449 753.4772 173.2847 799.2213 193.2535 1.5692 1.5941 3.6483 13.4843 1.6052 58.7675 -5.2208 0.1156
Car -1 -1 -6.4701 695.0856 185.0736 818.9248 224.4777 1.3825 1.6008 4.2499 5.3111 1.8472 26.6371 -6.2762 0.1094
Car -1 -1 -4.3902 777.0636 173.0720 810.9322 192.5201 1.5328 1.5929 3.7085 15.0214 1.5509 58.9044 -4.1420 0.1061
Car -1 -1 -6.4451 698.1735 183.2219 823.3075 224.7537 1.4607 1.6959 4.3188 5.4658 1.8584 26.7667 -6.2466 0.1038
Car -1 -1 -4.8708 270.8291 180.5482 318.5653 213.9682 1.4585 1.5059 3.8069 -15.1234 1.8467 34.4236 -5.2822 0.1012
Car -1 -1 -4.8011 346.3076 175.4203 385.9644 209.6483 1.5873 1.5304 3.8287 -12.1899 1.7218 35.8305 -5.1271 0.0842
Car -1 -1 -4.6891 262.3587 179.5718 299.0206 212.6883 1.4580 1.5036 3.5711 -15.7329 1.7968 34.4894 -5.1144 0.0752
Car -1 -1 -3.3675 687.8634 184.8794 807.9114 223.4424 1.3442 1.7437 4.0717 4.9934 1.8051 26.7101 -3.1854 0.0674
Car -1 -1 -5.5165 742.5524 172.4948 793.9894 192.4420 1.5815 1.6480 4.1463 12.9559 1.5527 59.3878 -5.3031 0.0670
Car -1 -1 -4.6356 264.1349 179.0654 304.6742 210.5807 1.4037 1.5036 3.6395 -15.7249 1.7206 34.8792 -5.0566 0.0597
Car -1 -1 -3.8893 253.5935 188.4860 380.8795 240.9294 1.4825 1.5306 3.8536 -9.5389 2.0404 23.6987 -4.2686 0.0507
Pedestrian -1 -1 -4.6252 794.7927 175.9371 822.4261 251.7498 1.5875 0.5361 0.4567 4.1995 1.6545 15.4396 -4.3654 0.0460
Car -1 -1 -3.8501 272.3098 173.5459 361.8452 204.8730 1.4791 1.5588 4.1668 -14.7136 1.5158 36.3720 -4.2322 0.0441
Car -1 -1 -4.7826 271.1470 178.6713 311.5197 210.7448 1.4218 1.5153 3.8500 -15.4428 1.7186 34.7881 -5.1978 0.0406
Car -1 -1 -2.1640 262.5468 186.1951 374.0156 236.9698 1.5702 1.6863 3.9190 -10.2062 2.0663 25.0522 -2.5476 0.0395
Car -1 -1 -5.8371 273.0201 179.5054 375.8246 212.7009 1.5508 1.7269 4.3352 -13.8955 1.8838 35.1326 -6.2114 0.0392
Car -1 -1 -6.2308 749.4371 172.9383 804.0408 194.0784 1.6900 1.7207 4.2770 13.6423 1.6968 59.1084 -6.0054 0.0376
Car -1 -1 -2.7001 256.4023 187.7321 378.2222 235.0127 1.5264 1.6128 3.5265 -10.0388 2.0558 24.7773 -3.0818 0.0346
Car -1 -1 -4.1875 284.4414 190.4294 387.4048 239.6477 1.4563 1.6065 3.8007 -9.3398 2.1088 24.7911 -4.5448 0.0341
Car -1 -1 -4.9662 267.8422 179.5447 325.3117 212.5808 1.4578 1.5866 3.9905 -15.1720 1.7987 34.7342 -5.3756 0.0319
Car -1 -1 -2.3845 240.4386 179.5346 323.8976 209.8756 1.4025 1.6474 3.5631 -16.0736 1.7418 35.3127 -2.8091 0.0317
Car -1 -1 -4.0237 283.2958 191.7518 396.7281 240.8531 1.4243 1.5516 3.7875 -9.1116 2.1204 24.5462 -4.3761 0.0316
Car -1 -1 -2.6575 259.8793 187.4543 386.5081 233.1721 1.4875 1.5970 3.7901 -9.9785 2.0157 25.1154 -3.0325 0.0293
Car -1 -1 -3.7644 265.1312 188.8137 395.6451 240.2469 1.4999 1.6313 3.8911 -9.3973 2.0852 24.4017 -4.1289 0.0284
Cyclist -1 -1 -4.3882 358.5706 185.1500 385.4629 230.0203 1.8276 0.4937 1.9618 -10.2199 2.3708 30.9095 -4.7054 0.0277
Car -1 -1 -6.4551 690.9061 182.4511 814.9150 222.9626 1.4157 1.8805 4.2244 5.1491 1.7829 26.6514 -6.2670 0.0266
Cyclist -1 -1 -3.9856 357.2971 185.7189 397.6149 231.2773 1.8469 0.5118 1.8857 -9.9363 2.4123 30.7616 -4.2961 0.0256
Car -1 -1 -6.2136 275.6076 193.2466 393.1299 237.8332 1.3869 1.4902 3.6770 -9.4272 2.1232 24.8194 -6.5735 0.0253
Car -1 -1 -4.8149 277.7151 180.8765 319.7160 210.6578 1.3234 1.5179 3.5410 -15.1792 1.7336 35.0106 -5.2215 0.0251
Car -1 -1 -5.8355 283.7721 192.1378 403.8860 236.3842 1.4466 1.5945 3.6374 -9.3675 2.1512 25.4062 -6.1859 0.0247
Car -1 -1 -4.6484 353.3343 193.6755 402.9276 237.1086 1.3438 1.4744 3.1369 -8.2320 2.1328 25.6537 -4.9565 0.0240
Car -1 -1 -5.9426 301.0067 194.0147 412.4376 234.6758 1.3356 1.4982 3.3726 -8.8530 2.0981 25.2498 -6.2771 0.0238
Car -1 -1 -6.0042 277.2913 193.3070 400.7775 235.9071 1.3839 1.4976 3.7677 -9.4282 2.1227 25.1841 -6.3595 0.0237
Car -1 -1 -2.4259 237.8395 179.0990 321.1393 210.0086 1.4270 1.5848 3.5042 -16.0932 1.7412 35.0772 -2.8534 0.0235
Car -1 -1 -4.9617 273.1673 180.0289 329.5701 215.3280 1.5392 1.5361 3.9684 -14.7709 1.9006 34.3346 -5.3655 0.0229
Car -1 -1 -7.8652 350.8649 190.7385 400.2109 237.1766 1.4660 1.5943 3.4978 -8.5598 2.1616 26.1625 -8.1789 0.0226
Cyclist -1 -1 -7.1859 359.0110 183.9910 399.5939 229.7124 1.8652 0.5046 2.0390 -9.9264 2.3593 30.9869 -7.4939 0.0208
Car -1 -1 -6.4404 711.2442 184.2279 833.4062 228.2679 1.5299 1.9784 4.1465 5.8762 1.9685 26.7390 -6.2271 0.0204
Car -1 -1 -4.8513 281.7057 178.7440 328.6049 212.3143 1.4877 1.5744 3.7451 -14.7377 1.7870 34.6931 -5.2505 0.0200
Car -1 -1 -5.5845 265.2020 180.7511 360.5910 214.9545 1.5320 1.6417 4.1123 -14.1859 1.9233 34.3764 -5.9735 0.0196
Car -1 -1 -2.7679 227.8901 176.7255 319.5617 207.6177 1.4503 1.5883 3.7076 -16.2967 1.6427 35.0031 -3.2010 0.0192
Car -1 -1 -6.4728 713.4267 181.9847 841.3282 222.4921 1.4286 1.5699 4.3843 6.0686 1.7768 26.6842 -6.2522 0.0178
Car -1 -1 -5.7088 268.9369 180.1903 370.3090 214.1255 1.5507 1.7043 4.2964 -14.0005 1.9165 34.7608 -6.0894 0.0173
Car -1 -1 -7.7647 267.9996 179.3905 308.3061 209.3857 1.3725 1.5226 3.2900 -15.8719 1.7111 35.6049 -8.1815 0.0149
Car -1 -1 -7.8849 354.6215 177.8179 390.6142 210.6272 1.5094 1.5811 3.7772 -11.8751 1.7699 35.8588 -8.2028 0.0148
Car -1 -1 -4.0130 499.9638 177.7913 541.5748 194.4989 1.5631 1.7102 4.2903 -8.7739 2.0649 71.1067 -4.1357 0.0139
Car -1 -1 -2.9579 228.6506 179.9592 315.6465 210.9250 1.4199 1.5675 3.5767 -16.2825 1.7746 34.8416 -3.3925 0.0136
Car -1 -1 -2.6399 471.7177 177.7468 515.5443 193.5935 1.4953 1.6414 3.9146 -11.3693 1.9821 70.3978 -2.7998 0.0122
Car -1 -1 -4.0405 497.1024 176.5287 536.6257 193.4895 1.5973 1.7165 4.0459 -9.1573 1.9701 71.0703 -4.1685 0.0122
Car -1 -1 -5.2625 477.1540 176.9154 513.9229 193.2525 1.5328 1.6396 4.1431 -11.2848 1.9431 70.8505 -5.4202 0.0121
Car -1 -1 -7.1027 262.6669 178.1046 345.2677 208.1883 1.3870 1.6569 3.7863 -15.2446 1.6640 36.0488 -7.5004 0.0120
Car -1 -1 -4.5157 281.3922 177.1031 332.7516 208.2943 1.4209 1.6378 3.6035 -14.8012 1.6399 35.3213 -4.9101 0.0113
Car -1 -1 -7.4254 270.3344 178.4529 335.5645 209.0222 1.4075 1.5852 3.6723 -15.1768 1.6991 35.7615 -7.8244 0.0103
Car -1 -1 -7.7885 268.2777 178.6046 308.8405 207.6088 1.3313 1.6012 3.6135 -15.9658 1.6326 35.8724 -8.2047 0.0103
Car -1 -1 -4.3502 495.5312 177.5515 525.3032 193.4751 1.4992 1.6232 3.9406 -9.8197 1.9766 71.2745 -4.4870 0.0102
Car -1 -1 -5.1397 482.7591 177.2562 514.2878 193.2127 1.4974 1.5836 3.9060 -11.0020 1.9424 70.9193 -5.2934 0.0101
Car -1 -1 -4.7996 496.3423 177.2675 516.4711 193.4170 1.5192 1.6176 4.0294 -10.2653 1.9675 71.1957 -4.9426 0.0096
Car -1 -1 -5.0792 487.4048 177.0306 517.2318 193.0061 1.5012 1.6033 3.9131 -10.6412 1.9240 70.9961 -5.2277 0.0090
Car -1 -1 -7.7644 356.8901 191.6756 410.1489 236.6433 1.4261 1.5425 3.3793 -8.2080 2.1570 26.2158 -8.0655 0.0088
Car -1 -1 -4.1909 496.4556 177.4379 531.5712 193.7648 1.5345 1.6648 3.9980 -9.4523 2.0002 71.1939 -4.3227 0.0083
Car -1 -1 -6.4369 718.2551 180.9983 851.0887 223.1111 1.4747 1.8451 4.5526 6.3370 1.7891 26.7812 -6.2077 0.0064
Cyclist -1 -1 -7.1456 392.5396 173.8405 433.3165 219.5128 1.9910 0.7042 1.9019 -8.9012 2.0366 32.5083 -7.4112 0.0060
Cyclist -1 -1 -7.0704 391.0413 173.5449 432.9871 220.5369 2.0414 0.6883 1.8795 -8.9034 2.0731 32.3614 -7.3373 0.0057
Car -1 -1 -7.6496 357.4218 190.4715 418.5881 235.5505 1.4455 1.4867 3.2180 -8.0095 2.1236 26.1125 -7.9450 0.0055
Cyclist -1 -1 -6.7812 395.3180 176.3621 439.7403 219.3606 1.8644 0.7364 1.7878 -8.6510 2.0255 32.3121 -7.0413 0.0053
Cyclist -1 -1 -2.5073 490.3031 174.3499 508.2247 194.3042 1.9086 0.6918 1.6183 -10.7322 2.0544 69.7966 -2.6596 0.0046
Car -1 -1 -7.2858 276.3864 177.2434 348.2214 207.2976 1.4003 1.5847 3.6898 -14.8707 1.6318 36.1474 -7.6738 0.0046
Car -1 -1 -4.4258 352.4096 191.2666 418.7982 236.7057 1.4304 1.4168 3.1073 -7.9181 2.1218 25.5416 -4.7240 0.0044
Car -1 -1 -4.6883 793.0048 167.4666 822.3401 192.3118 1.3724 1.5624 3.6056 11.4473 1.0745 41.8066 -4.4230 0.0041
Cyclist -1 -1 -6.7633 392.1429 172.6700 433.8032 217.0989 1.9398 0.7025 1.6645 -8.8606 1.9315 32.3256 -7.0292 0.0039
Pedestrian -1 -1 -6.9563 396.0466 173.1407 424.1562 221.3877 2.1192 0.8450 0.8776 -8.9898 2.1320 32.3032 -7.2261 0.0036
Car -1 -1 -3.4069 0.0000 193.0508 80.7720 359.3018 1.4270 1.4735 3.5980 -8.7646 1.7209 8.5868 -4.1870 0.0033
Car -1 -1 -7.4848 360.4867 188.5933 433.2496 231.4998 1.3822 1.4837 3.1334 -7.6685 1.9858 26.0602 -7.7688 0.0032
Car -1 -1 -2.0002 0.0000 183.8286 108.4167 313.3421 1.5366 1.5392 3.4373 -9.0291 1.7132 10.2171 -2.7111 0.0031
Car -1 -1 -2.2073 0.0000 188.0728 98.4116 312.0765 1.4703 1.5227 3.1611 -9.0672 1.7010 9.8851 -2.9362 0.0030
Car -1 -1 -7.6122 790.3101 165.2749 838.2756 192.6458 1.4923 1.7330 4.1081 11.7735 1.0788 41.5530 -7.3382 0.0027
Pedestrian -1 -1 -6.5704 393.8358 171.5603 413.8816 219.1787 2.0961 0.7304 0.6827 -9.2588 2.0389 32.2530 -6.8482 0.0026
Car -1 -1 -6.3968 350.2456 181.5255 432.9640 216.5989 1.6088 1.5077 3.7195 -10.7017 2.0490 35.2303 -6.6901 0.0026
Car -1 -1 -7.7643 792.0900 166.5739 829.4911 194.1064 1.5073 1.7437 3.9402 11.5942 1.1632 41.6524 -7.4949 0.0024
Car -1 -1 -7.2612 660.3959 171.0033 708.2315 193.3819 1.7811 1.7754 4.4159 6.1594 1.6335 59.6905 -7.1592 0.0015
Car -1 -1 -7.3864 661.7049 171.0919 702.6110 193.6500 1.8035 1.6974 4.1421 6.0004 1.6623 59.8898 -7.2875 0.0011
Pedestrian -1 -1 -6.2304 135.3545 188.9289 165.0830 272.5938 1.5496 0.5660 0.4494 -8.8770 1.8660 13.8579 -6.7918 0.0008
Car -1 -1 -7.5009 659.1042 169.9455 696.6839 193.0854 1.8512 1.7769 4.1859 5.6589 1.6182 59.9945 -7.4077 0.0006
Car -1 -1 -7.7214 659.2589 170.4107 686.4135 193.1381 1.8253 1.7315 4.1105 5.2464 1.6288 60.1426 -7.6352 0.0006
