Car -1 -1 -7.3683 0.0000 189.2821 391.2950 374.0000 1.5065 1.6119 3.8080 -2.9844 1.6677 5.1806 -7.8700 0.9995
Car -1 -1 -8.0224 695.4255 177.3095 806.7663 278.9593 1.5820 1.4434 2.7464 2.3283 1.6688 12.7287 -7.8467 0.9991
Car -1 -1 -2.7668 225.9294 170.1299 418.4626 229.9434 1.4733 1.5963 4.3212 -7.3543 1.4059 18.5754 -3.1392 0.9987
Car -1 -1 -4.5988 483.7438 168.8244 549.4239 221.1820 1.6586 1.7798 4.2205 -3.1843 1.5307 24.9784 -4.7248 0.9985
Car -1 -1 -7.7318 522.9433 174.6763 568.9202 209.7379 1.4889 1.6194 3.9020 -2.8955 1.5765 32.8242 -7.8196 0.9968
Car -1 -1 -7.9437 673.0040 181.5969 753.5129 248.4717 1.4209 1.5861 3.7084 2.3777 1.6580 17.7082 -7.8133 0.9953
Cyclist -1 -1 -4.4636 584.6152 166.1735 607.8471 208.1119 1.8199 0.6151 1.8088 -0.6450 1.5297 32.2606 -4.4839 0.9872
Car -1 -1 -2.7839 224.3631 169.0186 419.7065 230.2542 1.5043 1.5875 4.3880 -7.3429 1.4098 18.5514 -3.1563 0.9527
Car -1 -1 -4.7264 631.8466 172.2835 656.6145 196.0358 1.5771 1.6437 3.8299 2.3010 1.5389 49.8478 -4.6809 0.9425
Car -1 -1 -7.9570 671.3593 181.6140 753.2206 248.9442 1.4307 1.5813 3.4867 2.3371 1.6649 17.5542 -7.8278 0.9349
Car -1 -1 -4.5927 486.3692 169.3287 550.0051 221.1615 1.6419 1.6933 4.1218 -3.1270 1.5300 24.9211 -4.7168 0.8780
Car -1 -1 -7.7181 520.9861 174.3186 568.9852 209.6653 1.5002 1.6370 4.0996 -2.9382 1.5709 32.8827 -7.8070 0.8723
Car -1 -1 -7.7432 483.6503 168.9116 549.2855 220.5659 1.6388 1.7761 4.4498 -3.2025 1.5134 25.1295 -7.8692 0.8598
Car -1 -1 -7.7104 524.3245 175.6387 570.6305 209.9279 1.4516 1.5797 3.7074 -2.8221 1.5850 32.7495 -7.7962 0.8105
Car -1 -1 -4.6099 483.6592 169.3688 546.8468 220.6356 1.6195 1.7382 4.1493 -3.2234 1.5091 24.8887 -4.7379 0.8056
Car -1 -1 -7.7467 525.2739 174.4371 569.9360 209.0807 1.4750 1.6071 4.0458 -2.8291 1.5515 32.9468 -7.8321 0.7839
Car -1 -1 -4.7608 628.9608 172.4982 656.1986 195.7541 1.5454 1.6786 4.0952 2.1874 1.5214 49.9986 -4.7177 0.7294
Car -1 -1 -4.7619 568.4731 166.2836 590.1073 185.3027 1.7477 1.8314 4.4271 -2.9714 1.1436 68.5913 -4.8053 0.7145
Car -1 -1 -4.9472 561.4542 166.2217 590.6523 185.0939 1.7289 1.8053 4.3182 -3.2766 1.1210 68.4267 -4.9951 0.7081
Car -1 -1 -7.7504 521.5818 174.6833 566.1477 210.2970 1.5101 1.6262 3.8077 -2.9815 1.5976 32.7054 -7.8410 0.7002
Car -1 -1 -4.6954 631.6548 172.1980 657.6984 196.0601 1.5824 1.7273 4.2296 2.4042 1.5386 50.0147 -4.6481 0.6460
Cyclist -1 -1 -4.4635 582.9703 166.8665 606.8457 208.8051 1.8180 0.6470 1.7945 -0.7033 1.5581 32.2246 -4.4857 0.5656
Car -1 -1 -4.7236 570.2338 166.8661 588.3068 185.2939 1.6911 1.6582 4.0881 -2.9544 1.1413 68.3031 -4.7669 0.5519
Car -1 -1 -4.5615 569.9312 167.0896 593.5792 185.4468 1.6832 1.6423 4.0914 -2.6617 1.1544 68.2850 -4.6006 0.5476
Car -1 -1 -7.8020 632.9236 173.4210 657.9099 196.1719 1.5032 1.5403 3.4862 2.4302 1.5433 49.5759 -7.7537 0.5193
Car -1 -1 -7.9442 629.5320 172.5736 657.2404 196.0334 1.5463 1.5822 3.4051 2.2169 1.5275 49.2943 -7.8999 0.4804
Pedestrian -1 -1 -8.1814 428.5087 181.8345 443.7869 213.1850 1.7083 0.6829 0.5474 -9.6682 2.2106 39.9669 -8.4177 0.4286
Car -1 -1 -8.0204 625.5208 173.2167 657.0179 196.0248 1.5049 1.5939 3.4907 2.0774 1.5304 49.4958 -7.9791 0.4267
Car -1 -1 -4.4313 568.0808 166.3597 598.6166 185.2103 1.7277 1.7693 4.3116 -2.5084 1.1322 68.4358 -4.4680 0.4052
Car -1 -1 -4.6337 633.9901 172.3746 661.8353 195.8608 1.5545 1.6136 4.0459 2.6253 1.5225 49.8691 -4.5818 0.3844
Car -1 -1 -4.9201 562.7474 166.5233 588.6490 185.3426 1.7222 1.6556 3.9712 -3.2915 1.1425 68.1594 -4.9685 0.3815
Car -1 -1 -4.5888 566.4091 166.7299 589.0621 184.9191 1.6535 1.6697 3.7567 -3.0123 1.0965 67.5303 -4.6335 0.2775
Pedestrian -1 -1 -7.9059 431.4338 180.7503 444.7740 212.1034 1.7136 0.6903 0.5740 -9.5679 2.1551 39.9963 -8.1397 0.2682
Car -1 -1 -3.9414 564.0623 167.5703 610.7564 185.1902 1.6124 1.7547 4.5348 -2.1236 1.1286 68.2926 -3.9726 0.1782
Pedestrian -1 -1 -3.6647 740.9587 165.8534 763.7172 220.5608 1.7630 0.5929 0.4999 4.6075 1.5371 23.6142 -3.4750 0.1499
Car -1 -1 -4.3767 569.5465 167.0217 599.8536 185.3777 1.6792 1.6299 4.0205 -2.3755 1.1454 68.1680 -4.4117 0.1197
Pedestrian -1 -1 -3.6490 739.4688 165.1063 761.4376 221.6956 1.8356 0.6236 0.4641 4.5768 1.5840 23.7742 -3.4618 0.1088
Car -1 -1 -5.0354 557.1057 165.9699 587.6306 185.0177 1.7391 1.7034 3.9509 -3.6008 1.1102 68.0266 -5.0883 0.1074
Pedestrian -1 -1 -7.7158 459.8217 162.5904 478.9534 210.9815 1.8529 0.6556 0.5658 -5.4839 1.4596 27.9288 -7.9084 0.0871
Pedestrian -1 -1 -7.8116 462.2245 165.3414 479.3817 212.0861 1.7989 0.6321 0.5940 -5.4635 1.5095 28.1083 -8.0022 0.0804
Car -1 -1 -3.7431 563.1109 167.6571 611.0919 185.5222 1.6342 1.6952 4.3165 -2.1578 1.1585 67.9646 -3.7750 0.0739
Pedestrian -1 -1 -3.9938 864.9563 178.1053 904.4031 274.4116 1.5972 0.4644 0.4242 4.6269 1.6886 12.3050 -3.6430 0.0724
Cyclist -1 -1 -3.0522 409.5649 176.0128 443.2357 210.1151 1.8625 0.6682 1.7549 -10.1954 2.0392 39.9621 -3.3008 0.0701
Pedestrian -1 -1 -3.8274 858.9613 177.6634 898.4648 271.4932 1.5893 0.4678 0.4475 4.6142 1.6746 12.5470 -3.4835 0.0652
Car -1 -1 -3.8104 0.0000 198.2711 77.7557 374.0000 1.4435 1.6033 3.9906 -6.1715 1.6951 5.1161 -4.6632 0.0462
Car -1 -1 -7.3960 569.4752 167.8108 604.6253 185.3663 1.6032 1.7022 4.0485 -2.1499 1.1424 68.0884 -7.4277 0.0394
Car -1 -1 -5.9829 554.3491 167.9969 599.4661 185.8799 1.6454 1.7441 3.8888 -3.1156 1.1982 67.7208 -6.0290 0.0323
Car -1 -1 -6.8073 564.4670 168.0022 610.3798 185.1150 1.5664 1.6635 4.0206 -2.1313 1.1220 67.8108 -6.8389 0.0302
Pedestrian -1 -1 -7.7222 455.0754 164.9433 475.1451 211.6428 1.7862 0.6896 0.5950 -5.6469 1.4834 27.9183 -7.9204 0.0284
Car -1 -1 -5.5795 552.4651 167.0510 595.0540 185.1718 1.6558 1.6058 3.8732 -3.4393 1.1252 67.7452 -5.6303 0.0277
Car -1 -1 -3.7928 0.0000 210.6811 155.1167 374.0000 1.3927 1.5047 3.5778 -5.8511 1.8012 5.9106 -4.5507 0.0270
Car -1 -1 -6.8255 0.0000 0.0000 1241.0000 374.0000 1.5493 1.6384 3.4674 -2.6761 1.6248 1.0126 -7.9458 0.0254
Car -1 -1 -6.6104 563.0383 169.1073 605.1729 186.0594 1.5519 1.6767 3.5889 -2.4468 1.2086 67.4758 -6.6467 0.0228
Car -1 -1 -6.0336 554.5829 167.8635 599.4819 186.0539 1.6668 1.8369 3.8567 -3.0850 1.2092 67.4061 -6.0794 0.0228
Car -1 -1 -3.5549 0.0000 195.6715 75.9621 374.0000 1.4175 1.6406 3.8555 -6.5294 1.6513 5.3198 -4.4172 0.0216
Car -1 -1 -6.6018 0.0000 0.0000 1241.0000 374.0000 1.5581 1.5919 3.5343 -2.9866 1.6302 0.6790 -7.8606 0.0212
Car -1 -1 -6.2049 454.9820 166.5991 531.3010 204.6605 1.8403 1.6637 3.6253 -5.7970 1.5376 35.8634 -6.3644 0.0171
Car -1 -1 -6.4777 0.0000 0.0000 1241.0000 374.0000 1.4968 1.5862 3.5952 -2.6180 1.6205 0.4278 -7.7826 0.0148
Pedestrian -1 -1 -6.1208 691.6103 169.0077 706.3321 204.0992 1.8035 0.7991 0.6417 4.5947 1.6055 37.5562 -6.0005 0.0133
Car -1 -1 -6.6062 0.0000 0.0000 1241.0000 374.0000 1.5162 1.6127 3.5622 -3.7772 1.5438 0.9907 -7.8517 0.0115
Car -1 -1 -5.6356 551.3008 167.0229 595.2642 185.0790 1.6445 1.7146 3.8525 -3.4676 1.1131 67.5071 -5.6870 0.0107
Cyclist -1 -1 -8.3854 844.9620 182.5753 917.4861 276.2406 1.5058 0.4144 1.5972 4.6419 1.6863 12.5937 -8.0409 0.0101
Car -1 -1 -6.4111 0.0000 0.0000 1241.0000 374.0000 1.4829 1.5735 3.6695 -3.3886 1.5800 0.4600 -7.7654 0.0088
Car -1 -1 -6.5098 0.0000 0.0000 1241.0000 374.0000 1.4821 1.5811 3.5717 -2.2256 1.6064 0.3722 -7.7935 0.0087
Pedestrian -1 -1 -3.6136 1196.6508 159.5030 1241.0000 279.0135 1.6503 0.5259 0.4613 8.7121 1.4656 10.2699 -2.9247 0.0053
Pedestrian -1 -1 -5.4186 104.4655 162.8606 146.8379 235.9333 1.6007 0.6373 0.4682 -10.9043 1.3815 16.1769 -6.0042 0.0051
Car -1 -1 -6.5268 0.0000 0.0000 1241.0000 374.0000 1.4831 1.6062 3.5782 -1.8203 1.5604 0.3377 -7.7686 0.0051
Car -1 -1 -3.9058 0.0000 199.5234 247.4394 374.0000 1.3107 1.3743 3.7067 -5.3134 1.6334 6.7987 -4.5506 0.0046
Car -1 -1 -4.8231 661.4489 173.9061 704.8018 206.6993 1.4087 1.5446 3.8155 3.2492 1.4594 33.0370 -4.7265 0.0044
Cyclist -1 -1 -8.4548 835.1476 180.3130 912.9030 273.1331 1.5299 0.4024 1.6904 4.6252 1.6719 12.9006 -8.1188 0.0043
Car -1 -1 -6.5943 0.0000 0.0000 1241.0000 374.0000 1.5053 1.6031 3.6615 -1.4609 1.5879 0.3615 -7.7498 0.0040
Car -1 -1 -4.7876 667.9416 175.8198 710.1664 211.7530 1.5260 1.6055 3.9601 3.5122 1.6695 32.9752 -4.6830 0.0037
Pedestrian -1 -1 -5.8469 117.3954 164.4152 153.7728 238.8241 1.6307 0.6192 0.4602 -10.6637 1.4455 16.1519 -6.4231 0.0034
Cyclist -1 -1 -7.6159 458.1213 167.0402 480.3889 211.3435 1.6648 0.4889 1.5726 -5.4774 1.4460 27.9099 -7.8083 0.0033
Pedestrian -1 -1 -7.7542 477.1952 171.4301 493.5935 207.8071 1.5746 0.6560 0.5398 -5.4839 1.5127 31.5256 -7.9255 0.0033
Car -1 -1 -6.9041 242.9863 0.0000 1241.0000 374.0000 1.5139 1.5967 3.7331 -0.6369 1.5885 0.3060 -7.7347 0.0030
Car -1 -1 -6.2520 0.0000 0.0000 1241.0000 374.0000 1.4371 1.6218 3.8136 -3.3694 1.5374 -0.1643 -7.7862 0.0030
Car -1 -1 -1.4770 0.0000 0.0000 1172.7169 374.0000 1.5424 1.6835 3.9733 -2.4015 1.5168 0.4761 -2.7414 0.0030
Car -1 -1 -6.2491 0.0000 0.0000 1241.0000 374.0000 1.4484 1.6187 3.8113 -3.0241 1.5664 -0.1917 -7.7880 0.0030
Car -1 -1 -4.8994 0.0000 0.0000 1024.2981 374.0000 1.5949 1.6961 3.9631 -2.0769 1.5189 0.7635 -6.0041 0.0030
Car -1 -1 -6.2253 0.0000 0.0000 1241.0000 374.0000 1.4608 1.6083 3.7614 -1.0116 1.5899 -0.2808 -7.7878 0.0030
Car -1 -1 -1.4203 0.0000 0.0000 1241.0000 374.0000 1.5269 1.6850 3.9642 -3.1329 1.5022 0.5126 -2.7421 0.0030
Car -1 -1 -1.3781 0.0000 0.0000 1241.0000 374.0000 1.5181 1.6816 3.9896 -3.8660 1.4934 0.5217 -2.7433 0.0030
Car -1 -1 -6.2441 0.0000 0.0000 1241.0000 374.0000 1.4719 1.6174 3.8054 -1.4140 1.5862 -0.2516 -7.7886 0.0030
Car -1 -1 -6.2586 0.0000 0.0000 1241.0000 374.0000 1.4605 1.6179 3.8158 -2.2197 1.5669 -0.1965 -7.7881 0.0030
Car -1 -1 -4.7469 0.0000 0.0000 1241.0000 374.0000 1.5727 1.6868 3.9318 -3.5321 1.4842 0.8601 -6.0046 0.0030
Car -1 -1 -4.7759 0.0000 0.0000 1241.0000 374.0000 1.5780 1.6949 3.8803 -2.7924 1.5039 0.8126 -5.9730 0.0030
Cyclist -1 -1 -4.6876 782.4866 174.4978 805.5768 240.4886 1.5849 0.5365 1.6752 4.6159 1.6281 18.2513 -4.4445 0.0028
Car -1 -1 -4.0170 0.0000 186.6879 306.5561 312.7779 1.3408 1.6212 3.7647 -6.1299 1.5722 10.0970 -4.5513 0.0019
Cyclist -1 -1 -8.5468 807.3376 174.2728 891.1257 269.0387 1.5896 0.3768 1.7666 4.2189 1.6166 13.0187 -8.2409 0.0013
Pedestrian -1 -1 -7.5039 299.2446 166.4614 318.4143 212.9330 1.6881 0.5584 0.3578 -11.0632 1.4556 26.4006 -7.8975 0.0013
Pedestrian -1 -1 -2.5469 290.1785 166.3146 311.2405 213.7924 1.7099 0.5875 0.4548 -11.3236 1.4741 26.3174 -2.9498 0.0009
Car -1 -1 -4.4215 0.0000 185.1333 254.7275 371.6196 1.4169 1.6595 4.2128 -5.3347 1.5916 8.0326 -4.9930 0.0009
Pedestrian -1 -1 -5.1411 17.6291 160.1833 66.8855 269.5998 1.9227 0.5590 0.4628 -10.3052 1.6997 13.0340 -5.8003 0.0008
Cyclist -1 -1 -2.9802 418.1792 179.2915 449.9597 211.3045 1.7479 0.7197 1.6168 -9.7781 2.1081 39.9859 -3.2190 0.0007
Cyclist -1 -1 -7.3035 422.3539 180.8466 448.5530 213.0103 1.7263 0.6782 1.5957 -9.7070 2.1789 40.0199 -7.5404 0.0007
Car -1 -1 -4.2225 0.0000 179.7260 327.4978 374.0000 1.6018 1.7798 4.7171 -4.8900 1.7001 7.9601 -4.7591 0.0006
Cyclist -1 -1 -4.5596 0.0000 169.5691 66.6348 331.4423 1.6117 0.5776 1.7057 -6.6258 1.5787 8.0678 -5.2312 0.0005
Pedestrian -1 -1 -6.1514 439.3831 165.4942 445.2738 199.9797 1.6692 0.4607 0.2212 -8.2111 1.3126 35.1637 -6.3795 0.0004
Pedestrian -1 -1 -4.2092 302.2203 168.3177 320.6889 212.8993 1.6243 0.5114 0.3708 -11.0093 1.4587 26.5016 -4.5996 0.0003
