Car -1 -1 -8.0991 736.5150 171.1074 996.8861 348.4132 1.6130 1.7453 4.4674 2.6758 1.5968 8.8298 -7.8153 0.9999
Car -1 -1 -2.7575 234.9493 171.4846 433.6989 258.0976 1.8115 1.6914 3.7530 -6.0511 1.7825 15.9870 -3.1145 0.9989
Car -1 -1 -4.6924 547.0887 174.5954 571.5504 198.1692 1.6623 1.7225 4.0061 -3.7335 1.7954 53.2249 -4.7625 0.9415
Car -1 -1 -2.7949 231.3961 171.9208 437.8808 258.8712 1.8141 1.7429 3.9008 -6.0095 1.7944 15.9428 -3.1505 0.9188
Car -1 -1 -4.8294 659.3452 170.4628 707.5543 212.1967 1.7014 1.6204 3.9127 3.0874 1.6036 31.3877 -4.7328 0.9027
Car -1 -1 -7.7951 580.4051 174.3175 601.5996 192.5938 1.5556 1.6504 3.8231 -1.6718 1.6884 63.6619 -7.8216 0.8331
Car -1 -1 -4.7299 546.6420 175.1235 570.8090 198.2363 1.6234 1.6989 4.0114 -3.8397 1.7969 53.1618 -4.8021 0.8156
Car -1 -1 -7.7458 581.0143 174.4278 603.3236 192.0922 1.5017 1.5893 3.5766 -1.5666 1.6440 63.5186 -7.7707 0.8106
Pedestrian -1 -1 -4.1529 49.4803 184.3679 185.9971 374.0000 1.5938 0.7003 0.5365 -3.8708 1.6877 5.6259 -4.7343 0.7409
Car -1 -1 -7.9826 643.5345 172.1040 674.9067 197.7682 1.6096 1.5942 3.5113 3.1395 1.5623 47.0551 -7.9168 0.7154
Car -1 -1 -7.7234 580.0411 172.9917 605.6484 192.9241 1.7029 1.7339 4.2191 -1.5060 1.7152 63.8640 -7.7472 0.7114
Car -1 -1 -4.7182 547.7795 175.1154 571.5247 198.1763 1.6147 1.6739 3.9736 -3.7393 1.7868 52.9670 -4.7888 0.6680
Car -1 -1 -4.6348 547.6433 174.5104 575.0155 197.9541 1.6546 1.7007 4.1934 -3.5870 1.7815 53.3259 -4.7021 0.6590
Pedestrian -1 -1 -4.1587 41.1797 183.8043 178.5798 374.0000 1.5957 0.6396 0.6124 -3.8769 1.6845 5.5520 -4.7466 0.6576
Car -1 -1 -4.7257 580.0907 172.9457 600.7696 193.8053 1.7828 1.7655 4.4537 -1.7889 1.7909 63.9485 -4.7539 0.6381
Car -1 -1 -7.8942 647.6122 171.8849 674.8530 198.0021 1.6414 1.6151 3.9094 3.2897 1.5802 47.3247 -7.8256 0.6337
Car -1 -1 -4.7026 548.3040 175.3634 572.2550 198.3613 1.6111 1.6906 4.0347 -3.6673 1.8025 53.0616 -4.7717 0.6281
Car -1 -1 -7.6502 580.7941 173.5440 608.3287 192.2485 1.5927 1.6567 4.0075 -1.3519 1.6554 63.7173 -7.6717 0.5941
Car -1 -1 -4.8349 659.2310 168.4454 710.7259 211.5696 1.7617 1.7264 4.1282 3.1638 1.5813 31.5608 -4.7365 0.5800
Car -1 -1 -7.8680 650.0864 171.7375 676.2233 197.3172 1.6026 1.6350 3.6201 3.4021 1.5324 47.0602 -7.7967 0.5594
Car -1 -1 -7.8158 580.5756 174.4769 600.0569 192.2313 1.5063 1.5776 3.5523 -1.7272 1.6525 63.3282 -7.8433 0.5313
Car -1 -1 -7.8722 579.7421 173.8654 599.5940 192.5863 1.5954 1.6743 3.9595 -1.8456 1.6872 63.7240 -7.9014 0.5106
Car -1 -1 -7.9404 668.1332 156.8682 733.6097 228.0483 2.1155 1.7121 4.5421 2.8380 1.6401 23.7402 -7.8236 0.4928
Car -1 -1 -7.7902 648.8001 172.0459 678.1633 198.0518 1.6303 1.6717 4.0655 3.5158 1.5793 47.3599 -7.7170 0.4530
Pedestrian -1 -1 -4.2090 41.0378 184.6054 176.4820 374.0000 1.5997 0.7111 0.5222 -3.9803 1.6967 5.6845 -4.7986 0.4375
Car -1 -1 -7.9838 641.4698 171.8737 674.2209 198.3119 1.6623 1.6250 4.0628 3.0683 1.6004 47.4478 -7.9200 0.4275
Car -1 -1 -4.7834 658.1411 170.0562 701.3058 212.3194 1.7186 1.5751 3.8278 2.9209 1.6045 31.2706 -4.6917 0.4072
Car -1 -1 -7.6211 581.7205 174.4239 608.8223 192.0683 1.4952 1.5759 3.6942 -1.2882 1.6373 63.4677 -7.6417 0.3894
Car -1 -1 -4.7085 547.5218 176.2090 571.0857 198.6047 1.5508 1.6468 3.4316 -3.6965 1.8018 52.2608 -4.7791 0.3791
Car -1 -1 -4.8973 660.3672 171.8987 718.9431 212.3879 1.6181 1.7316 4.2234 3.2975 1.5796 31.0100 -4.7929 0.3778
Car -1 -1 -7.9011 578.1724 174.3415 598.6147 192.3111 1.5241 1.6176 3.7067 -1.9480 1.6585 63.4264 -7.9320 0.3775
Car -1 -1 -7.9533 669.3866 158.9851 738.4625 228.2610 2.0555 1.7662 4.5611 2.9283 1.6437 23.7074 -7.8326 0.3292
Car -1 -1 -4.7769 576.3194 173.7314 599.5941 193.8633 1.7144 1.7668 4.5332 -2.0130 1.7948 63.9904 -4.8086 0.3152
Car -1 -1 -7.7576 650.3962 171.8350 681.3189 197.6696 1.6152 1.6567 3.8555 3.6546 1.5512 47.1527 -7.6812 0.3118
Car -1 -1 -8.1148 636.5058 172.4109 673.1712 197.9399 1.5990 1.5646 3.3468 2.8488 1.5709 46.9882 -8.0551 0.3092
Car -1 -1 -7.6138 648.9436 171.6567 689.1196 197.4826 1.6094 1.6722 4.2084 3.8786 1.5345 47.2256 -7.5328 0.2810
Car -1 -1 -8.0643 636.9711 171.8506 673.2421 198.3140 1.6606 1.5999 3.8191 2.8783 1.5973 47.2853 -8.0043 0.2568
Car -1 -1 -7.9142 650.1592 172.1581 679.2803 197.4807 1.5717 1.6647 3.2853 3.4546 1.5282 46.4384 -7.8408 0.2430
Car -1 -1 -7.4817 648.7169 171.2293 696.4213 197.0059 1.5986 1.7641 3.9907 4.0822 1.4976 46.9281 -7.3959 0.2364
Car -1 -1 -7.5210 366.2138 182.1483 438.2040 224.1729 1.4998 1.5904 3.7374 -8.1630 1.8913 28.5055 -7.7979 0.2174
Car -1 -1 -4.7333 549.8837 176.5974 573.9800 199.0480 1.5368 1.6472 3.8496 -3.5283 1.8168 52.0433 -4.8010 0.2109
Car -1 -1 -7.6086 362.0798 178.9069 426.5745 221.4406 1.5619 1.6119 3.7272 -8.6074 1.8202 28.9306 -7.8957 0.2066
Car -1 -1 -7.8981 582.3302 173.6979 603.0723 191.8450 1.5218 1.6265 3.8475 -1.5531 1.5972 62.6688 -7.9232 0.1951
Car -1 -1 -6.9651 633.7864 172.4501 700.8038 198.1103 1.6182 1.7688 4.2230 3.7548 1.5924 47.4279 -6.8870 0.1851
Car -1 -1 -4.9398 657.2299 174.6294 718.5591 213.9531 1.5116 1.6133 4.2134 3.1239 1.5908 30.1248 -4.8381 0.1583
Car -1 -1 -7.7961 576.2693 173.4227 596.8932 191.8520 1.5474 1.5737 3.8259 -2.0298 1.5980 62.6343 -7.8288 0.1371
Car -1 -1 -6.9607 636.7720 171.3890 702.8271 198.1096 1.6765 1.7650 4.1039 3.8938 1.5842 47.1515 -6.8793 0.1343
Car -1 -1 -7.7611 653.1292 171.9709 686.2722 197.4820 1.5678 1.7916 3.6775 3.8357 1.5132 46.3083 -7.6794 0.1166
Car -1 -1 -6.2422 633.0085 171.8822 687.2834 197.4295 1.6092 1.6380 3.4237 3.2179 1.5477 46.4489 -6.1739 0.1041
Car -1 -1 -6.9230 639.3496 170.2959 711.5518 197.3100 1.6853 1.7486 4.5332 4.2470 1.5254 46.9452 -6.8337 0.0764
Car -1 -1 -6.7570 638.6705 172.1176 699.1534 197.6496 1.6067 1.6749 3.5409 3.7884 1.5601 46.8588 -6.6772 0.0505
Car -1 -1 -6.5312 641.7985 171.8554 700.4640 197.2400 1.5947 1.6535 3.4591 3.8782 1.5316 46.4280 -6.4488 0.0502
Car -1 -1 -6.2501 645.4921 171.6323 701.6827 196.9636 1.5797 1.5783 3.5085 4.0354 1.5032 45.9902 -6.1635 0.0382
Car -1 -1 -7.8335 661.4304 172.0632 690.6346 197.1965 1.5378 1.7837 4.0634 4.2369 1.4891 46.2667 -7.7432 0.0327
Car -1 -1 -6.3531 669.5362 176.4165 999.9112 316.7940 1.5451 1.6721 3.6762 2.6307 1.5960 9.1854 -6.0838 0.0291
Pedestrian -1 -1 -6.8434 647.1070 171.2712 661.5760 199.6815 1.7762 0.6768 0.6514 2.7643 1.6769 45.5628 -6.7837 0.0278
Car -1 -1 -6.6123 642.3750 170.2912 715.5487 197.0687 1.6786 1.7719 4.3653 4.4025 1.5176 46.6022 -6.5191 0.0269
Car -1 -1 -6.9443 645.6234 170.9241 717.1567 197.6274 1.6557 1.6943 4.5176 4.6075 1.5358 46.6623 -6.8469 0.0262
Pedestrian -1 -1 -3.7600 33.2749 224.7528 113.9321 374.0000 1.3259 0.3798 0.4049 -4.5990 1.7838 6.1176 -4.3843 0.0256
Car -1 -1 -6.4291 645.3312 170.5647 714.0489 197.0890 1.6677 1.7299 4.1821 4.4059 1.5235 46.3396 -6.3353 0.0253
Car -1 -1 -6.3151 647.0734 170.5723 715.0567 196.8452 1.6417 1.7194 4.2427 4.4678 1.4988 46.0799 -6.2195 0.0213
Car -1 -1 -5.2975 662.1827 175.5730 755.8878 214.5585 1.4149 1.5983 4.2516 3.8022 1.5315 28.7630 -5.1680 0.0195
Car -1 -1 -7.4547 639.2919 171.5526 677.5533 190.7134 1.5512 1.7127 4.2070 4.0865 1.4455 60.6765 -7.3881 0.0181
Car -1 -1 -4.3045 642.1389 172.0268 678.8911 190.9009 1.5239 1.6075 4.0274 4.2406 1.4568 60.4159 -4.2351 0.0180
Car -1 -1 -4.9180 663.5986 171.5320 703.1433 196.3978 1.5020 1.7009 3.9747 4.5562 1.4219 45.6516 -4.8196 0.0165
Car -1 -1 -4.1479 633.6712 175.9220 678.7658 196.3610 1.4634 1.5979 3.8094 3.4811 1.7024 54.2755 -4.0846 0.0139
Car -1 -1 -7.5191 644.8909 171.2018 679.3259 190.5375 1.5629 1.6514 4.0273 4.3802 1.4291 60.4984 -7.4475 0.0133
Car -1 -1 -7.2387 632.3359 171.7078 679.2548 190.8293 1.5529 1.7724 4.3374 3.8734 1.4595 60.8414 -7.1757 0.0133
Car -1 -1 -6.5540 645.0881 171.1227 721.8239 197.4118 1.6439 1.6877 4.6190 4.6611 1.5354 46.3460 -6.4548 0.0130
Car -1 -1 -4.2627 639.8116 172.4874 678.6169 190.8851 1.4882 1.5931 4.1844 4.1451 1.4583 60.5787 -4.1951 0.0123
Car -1 -1 -4.0713 636.1605 174.7035 684.1294 196.3289 1.5513 1.5682 3.9014 3.7622 1.6947 54.0904 -4.0026 0.0113
Car -1 -1 -5.0501 664.0219 176.1639 737.8495 215.3434 1.4150 1.5696 4.2402 3.4724 1.5565 28.6774 -4.9314 0.0103
Car -1 -1 -8.0155 632.9468 172.2870 659.9597 190.2336 1.4644 1.6339 4.1057 3.0208 1.4178 61.0075 -7.9666 0.0096
Car -1 -1 -4.3402 632.5966 174.9724 671.7043 196.4928 1.5464 1.6265 3.9367 3.1879 1.7120 54.3937 -4.2824 0.0093
Car -1 -1 -7.7994 630.7986 172.6198 653.0627 191.1114 1.5042 1.6496 4.3133 2.7029 1.4849 60.9216 -7.7556 0.0092
Car -1 -1 -4.7339 378.4044 181.4256 426.7548 228.8608 1.4796 1.5153 4.0868 -7.4096 1.8078 25.4695 -5.0147 0.0091
Car -1 -1 -5.9929 644.0079 170.6983 711.8886 197.5619 1.6445 1.6314 3.9779 4.2673 1.5123 45.6705 -5.9007 0.0085
Car -1 -1 -7.5073 367.0804 175.5573 435.1745 216.9702 1.6092 1.6418 3.4539 -8.6636 1.7281 30.0482 -7.7860 0.0075
Car -1 -1 -7.8230 640.8283 171.8802 662.3123 189.6259 1.4471 1.6909 4.0586 3.5148 1.3674 60.9362 -7.7660 0.0071
Car -1 -1 -4.7635 372.8401 181.6286 423.5022 229.5459 1.5157 1.5231 4.1345 -7.6900 1.8563 25.8328 -5.0506 0.0063
Car -1 -1 -7.8497 627.5134 173.2527 648.1765 191.6716 1.4951 1.6798 4.4022 2.3310 1.5297 60.8996 -7.8119 0.0060
Pedestrian -1 -1 -3.3785 1055.2949 144.0510 1102.7899 239.0488 1.8725 0.5556 0.6893 9.4228 1.3045 14.5962 -2.8148 0.0059
Car -1 -1 -6.1264 646.5139 169.9366 720.6971 197.2374 1.6780 1.7028 4.4689 4.6448 1.4984 45.7385 -6.0262 0.0055
Pedestrian -1 -1 -6.3102 916.9219 159.0477 929.5530 213.2466 1.7618 0.4672 0.3653 10.2556 1.3127 23.7391 -5.9073 0.0036
Car -1 -1 -7.2406 1241.0000 127.5523 1241.0000 374.0000 1.4898 1.6653 3.9787 6.6468 1.2592 4.5304 -6.2979 0.0028
Car -1 -1 -7.4800 1241.0000 114.2704 1241.0000 374.0000 1.4700 1.6308 4.0074 6.5955 1.2368 4.0888 -6.4958 0.0028
Cyclist -1 -1 -8.3136 903.1080 161.8928 970.4673 241.4909 1.5633 0.5472 1.7397 6.7245 1.3477 15.0527 -7.9013 0.0027
Car -1 -1 -7.2099 1233.2303 130.6054 1241.0000 374.0000 1.5023 1.6654 4.0522 6.9319 1.2630 4.9154 -6.2838 0.0027
Car -1 -1 -7.4529 360.4711 175.4781 431.4165 215.4000 1.5485 1.6337 3.3743 -8.8633 1.6637 29.9906 -7.7383 0.0026
Pedestrian -1 -1 -6.0061 913.4053 155.9208 939.9726 217.9034 1.9820 0.6283 0.6489 10.2766 1.4403 23.5213 -5.5993 0.0024
Car -1 -1 -7.2761 1226.3347 132.4973 1241.0000 374.0000 1.4859 1.6261 4.0496 7.1082 1.2438 5.3167 -6.3737 0.0023
Pedestrian -1 -1 -7.6140 976.4768 161.8287 1010.3002 227.7086 1.6283 0.6644 0.4712 9.6342 1.3555 18.2294 -7.1349 0.0021
Cyclist -1 -1 -5.1405 977.9274 168.1488 1034.8638 239.7091 1.7133 0.6359 1.5863 9.8530 1.6003 18.0862 -4.6491 0.0012
Pedestrian -1 -1 -4.4563 981.2726 157.6175 1018.2850 230.0938 1.7817 0.7172 0.5098 9.7622 1.4069 18.1683 -3.9704 0.0012
Cyclist -1 -1 -8.1170 854.7774 155.7978 895.3674 224.2121 1.6480 0.4899 1.8375 6.6514 1.2368 18.3158 -7.7742 0.0004
Pedestrian -1 -1 -3.6468 1060.5424 153.8285 1080.0343 208.4335 1.6254 0.5055 0.2831 13.8146 1.0588 21.7377 -3.0870 0.0003
Pedestrian -1 -1 -6.5936 994.9899 165.8771 1024.3665 236.3071 1.6723 0.4964 0.4886 9.5928 1.5064 17.4216 -6.0979 0.0002
Pedestrian -1 -1 -3.5106 1064.6456 140.2297 1083.8872 203.6517 1.8667 0.5717 0.2930 13.8107 0.9062 21.5463 -2.9469 0.0001
Pedestrian -1 -1 -6.7750 1000.5771 162.0593 1035.7858 237.1739 1.7855 0.5510 0.5417 9.8019 1.5286 17.4299 -6.2704 0.0001
Pedestrian -1 -1 -3.2351 823.9144 155.5926 844.5653 224.0689 2.1161 0.6097 0.5606 6.9863 1.5823 22.6517 -2.9403 0.0001
