Pedestrian -1 -1 -3.4537 562.9492 146.3159 715.3784 373.0000 1.9046 0.8385 1.1730 0.2648 1.6134 6.5264 -3.4212 0.9703
Pedestrian -1 -1 -7.2969 950.0416 165.4200 1111.9894 373.0000 1.6356 0.6809 0.9410 3.2137 1.5256 5.4769 -6.7927 0.8734
Pedestrian -1 -1 -7.3096 943.5471 169.0379 1105.5413 373.0000 1.6043 0.6934 0.9397 3.1641 1.5193 5.4754 -6.8119 0.8446
Pedestrian -1 -1 -3.2405 351.2797 181.4332 447.5495 373.0000 1.6688 0.6002 0.7129 -1.7453 1.6690 5.9813 -3.5196 0.7944
Pedestrian -1 -1 -7.2999 940.5583 172.8641 1102.5442 373.0000 1.5979 0.7042 0.9381 3.1747 1.5386 5.5342 -6.8051 0.7748
Car -1 -1 -7.2277 987.4620 153.1976 1237.0000 256.7019 1.7283 1.7293 4.3533 9.6200 1.2563 13.5375 -6.6242 0.7657
Pedestrian -1 -1 -3.4190 559.6539 146.7427 704.8560 373.0000 1.9051 0.7272 1.1558 0.2067 1.6140 6.5284 -3.3951 0.7616
Cyclist -1 -1 -2.9733 594.0018 158.1083 644.8370 209.7424 1.8465 0.7286 1.7602 0.6393 1.0104 26.2105 -2.9542 0.7513
Pedestrian -1 -1 -3.9625 1194.6013 161.1625 1237.0000 232.8542 1.7660 0.6608 0.4999 15.4076 1.2656 18.0546 -3.2683 0.7264
Pedestrian -1 -1 -3.1915 352.9484 182.8071 441.8554 373.0000 1.6462 0.5645 0.6773 -1.7515 1.6584 5.9448 -3.4731 0.7234
Pedestrian -1 -1 -3.4378 359.0491 168.5762 390.0443 220.1032 1.7625 0.6055 0.8928 -7.9448 1.3208 25.0733 -3.7468 0.6666
Pedestrian -1 -1 -3.4603 360.4467 168.6184 391.6101 219.3044 1.7335 0.5768 0.9015 -7.8900 1.2933 25.0652 -3.7674 0.6444
Pedestrian -1 -1 -3.9843 1191.6984 160.6094 1235.0945 232.3104 1.7639 0.6899 0.4703 15.3307 1.2505 18.0482 -3.2924 0.5842
Pedestrian -1 -1 -4.2559 1201.5326 144.2993 1228.5828 201.5432 1.8022 0.5392 0.3945 19.5657 0.6315 22.9416 -3.5604 0.5003
Pedestrian -1 -1 -4.4929 287.7015 158.2464 308.3940 217.1195 1.9336 0.5689 0.3577 -10.0844 1.1703 23.8201 -4.8946 0.4663
Car -1 -1 -7.2439 976.5406 155.4462 1216.2996 254.8973 1.6778 1.6909 4.2125 9.3779 1.2389 13.6749 -6.6569 0.4599
Cyclist -1 -1 -3.1254 595.3713 158.3119 645.5028 209.4078 1.8272 0.8044 1.7943 0.6694 0.9984 26.1219 -3.1051 0.4396
Car -1 -1 -7.2001 989.4139 150.9121 1235.4780 256.9134 1.7758 1.6420 4.0958 9.5022 1.2640 13.4515 -6.5994 0.4362
Pedestrian -1 -1 -4.1955 1197.7340 161.1633 1237.0000 232.5812 1.7468 0.6871 0.4709 15.4248 1.2499 17.9742 -3.4986 0.3756
Car -1 -1 -7.3353 997.0247 159.1844 1237.0000 256.2615 1.6075 1.7656 4.5720 9.8304 1.2386 13.6721 -6.7262 0.3552
Pedestrian -1 -1 -5.9371 1218.0514 150.0056 1234.5376 203.7976 1.7644 0.5037 0.2611 20.6762 0.7318 23.8005 -5.2322 0.3499
Pedestrian -1 -1 -3.3965 324.1001 183.7266 429.4592 373.0000 1.6502 0.5174 0.7153 -1.8955 1.6705 5.8834 -3.7023 0.3457
Car -1 -1 -7.3720 1005.1245 157.6748 1234.0800 257.9529 1.6235 1.7617 4.1884 9.6362 1.2384 13.3770 -6.7622 0.3260
Pedestrian -1 -1 -3.9025 296.0660 163.0549 315.1264 218.5524 1.8257 0.5260 0.3077 -9.8607 1.2193 23.8782 -4.2954 0.3039
Pedestrian -1 -1 -4.1587 1193.5879 160.0167 1237.0000 231.4876 1.7465 0.6916 0.4807 15.3130 1.2221 17.9578 -3.4649 0.3004
Pedestrian -1 -1 -3.4894 356.6839 168.5249 388.3516 219.8919 1.7449 0.6175 0.8886 -7.9659 1.3046 24.9182 -3.8009 0.2852
Pedestrian -1 -1 -3.5679 359.5670 169.1792 390.7164 218.9272 1.6904 0.5975 0.8601 -7.8741 1.2721 24.9182 -3.8761 0.2766
Car -1 -1 -7.3474 1019.3566 154.8474 1237.0000 260.2281 1.6911 1.6557 4.0638 9.7249 1.2640 13.1446 -6.7251 0.2603
Pedestrian -1 -1 -5.6194 1213.1216 150.7761 1234.5409 203.8806 1.7451 0.5026 0.2906 20.5915 0.7359 23.7986 -4.9165 0.2014
Car -1 -1 -7.8762 1034.0400 154.9231 1159.0511 258.7863 1.6683 1.7192 4.2741 9.3121 1.2421 13.8067 -7.2968 0.2005
Pedestrian -1 -1 -3.9191 358.1170 167.7558 390.1590 221.1458 1.8380 0.5957 0.9240 -8.0174 1.3653 25.2773 -4.2285 0.1984
Pedestrian -1 -1 -4.4435 282.9925 158.3809 306.3912 218.2718 1.9541 0.6273 0.3975 -10.1343 1.2002 23.6774 -4.8490 0.1889
Pedestrian -1 -1 -4.3635 1205.5320 144.2026 1234.4327 202.0639 1.8028 0.5440 0.5441 19.5618 0.6412 22.7534 -3.6641 0.1710
Pedestrian -1 -1 -4.1440 613.8160 159.5229 643.2991 209.1713 1.7738 0.7458 0.8344 0.9689 0.9890 26.2187 -4.1125 0.1105
Pedestrian -1 -1 -7.0370 1211.1000 151.3568 1233.3522 204.4396 1.7551 0.4693 0.3284 20.7043 0.7589 23.9929 -6.3354 0.0980
Pedestrian -1 -1 -4.4743 274.2627 157.0508 295.4676 214.8490 1.8906 0.5534 0.4473 -10.4971 1.0913 23.7662 -4.8912 0.0663
Cyclist -1 -1 -8.4529 966.7131 162.2007 1025.7717 230.8696 1.6102 0.4745 1.5298 9.6236 1.1582 17.6307 -7.9647 0.0646
Car -1 -1 -3.5940 687.1905 159.5896 834.5250 216.9668 1.6620 1.7590 4.0787 4.8501 1.0278 22.1539 -3.3860 0.0623
Pedestrian -1 -1 -6.2836 1193.4163 152.3951 1209.0063 201.7368 1.7950 0.5895 0.4343 22.0971 0.7366 26.4978 -5.5983 0.0622
Pedestrian -1 -1 -6.6261 977.7438 161.7995 1009.2476 229.3822 1.6374 0.5688 0.5155 9.6294 1.1606 17.7220 -6.1397 0.0591
Pedestrian -1 -1 -4.3418 1193.6313 145.3894 1223.0659 204.4325 1.8595 0.5998 0.4491 19.3966 0.7227 22.9949 -3.6516 0.0584
Pedestrian -1 -1 -6.4382 985.4577 161.7304 1013.2178 231.5008 1.6645 0.5185 0.5099 9.6321 1.1934 17.4662 -5.9457 0.0582
Pedestrian -1 -1 -6.8508 981.5094 161.3077 1018.0266 230.2194 1.6699 0.6013 0.5472 9.7867 1.1811 17.7268 -6.3578 0.0581
Pedestrian -1 -1 -8.8722 1222.4594 147.9844 1237.0000 202.7597 1.7702 0.5906 0.4310 20.7446 0.6875 23.5096 -8.1597 0.0553
Car -1 -1 -6.7066 688.5014 160.0645 829.9465 220.1499 1.7304 1.7585 3.8387 4.7502 1.1135 21.9606 -6.5011 0.0534
Car -1 -1 -8.5723 966.1297 161.1496 1225.5660 258.4710 1.6526 1.7615 4.4360 9.5817 1.3077 14.5220 -8.0025 0.0524
Cyclist -1 -1 -7.3882 346.1852 168.5202 386.7256 221.8313 1.7544 0.5265 1.9054 -8.0545 1.3277 24.6207 -7.7064 0.0498
Pedestrian -1 -1 -6.7514 1192.7253 151.5306 1220.0310 200.1735 1.7709 0.6546 0.5284 22.3112 0.6802 26.5295 -6.0619 0.0448
Pedestrian -1 -1 -6.8003 988.0413 160.7400 1022.3959 231.2409 1.6858 0.5646 0.5120 9.7730 1.1899 17.4631 -6.3016 0.0420
Pedestrian -1 -1 -5.1965 1205.0829 149.2377 1228.9827 203.7344 1.8062 0.5054 0.3406 20.5612 0.7374 24.0284 -4.4990 0.0401
Car -1 -1 -8.4778 720.1719 164.4580 830.5609 229.5172 1.5563 1.4740 2.7013 4.4230 1.1491 18.7140 -8.2540 0.0396
Cyclist -1 -1 -8.4165 1060.3199 170.3613 1237.0000 373.0000 1.7271 0.5966 1.7762 2.6180 1.6961 2.9621 -7.7417 0.0376
Pedestrian -1 -1 -4.5768 271.9727 156.2003 292.2041 215.4241 1.9224 0.5539 0.4454 -10.5188 1.1016 23.6080 -4.9969 0.0366
Car -1 -1 -8.3783 733.0446 166.4095 835.4219 230.2651 1.5246 1.4421 2.5896 4.6240 1.1649 18.5979 -8.1431 0.0331
Pedestrian -1 -1 -4.3852 1191.3793 145.8207 1217.9650 202.7186 1.8196 0.5533 0.4339 19.5550 0.6790 23.3221 -3.6979 0.0286
Car -1 -1 -8.2977 668.7180 163.8922 771.7725 224.0490 1.7151 1.7706 3.5957 3.5798 1.2136 22.4567 -8.1466 0.0266
Cyclist -1 -1 -8.2891 1151.8890 177.4632 1237.0000 373.0000 1.6350 0.4979 1.7428 2.6381 1.6261 2.6326 -7.5571 0.0230
Car -1 -1 -9.0951 0.0000 0.0000 1237.0000 373.0000 1.5697 1.5710 3.7175 3.4974 1.5425 1.4224 -7.9793 0.0222
Car -1 -1 -9.3278 0.0000 0.0000 1237.0000 373.0000 1.5771 1.5826 3.8345 3.8018 1.5397 1.4773 -8.1921 0.0185
Car -1 -1 -9.3270 0.0000 0.0000 1237.0000 373.0000 1.5973 1.6358 3.9218 4.0765 1.5397 1.6401 -8.1987 0.0178
Car -1 -1 -5.7920 1176.3865 193.3434 1237.0000 373.0000 1.4909 1.4669 3.3202 3.5275 1.5499 1.8361 -4.7640 0.0174
Car -1 -1 -6.9793 1120.9268 146.6096 1237.0000 373.0000 1.5659 1.6115 3.9684 4.6782 1.4900 2.8938 -6.0079 0.0167
Pedestrian -1 -1 -3.8830 259.2125 155.3617 284.1565 214.1999 1.9004 0.5223 0.5298 -10.8343 1.0566 23.5469 -4.3151 0.0163
Pedestrian -1 -1 -8.3692 1213.9379 148.2251 1237.0000 202.2899 1.7459 0.5948 0.4430 20.4689 0.6718 23.4708 -7.6625 0.0161
Car -1 -1 -8.8383 0.0000 0.0000 1237.0000 373.0000 1.4395 1.4998 3.5361 3.0996 1.4889 1.2331 -7.7233 0.0158
Pedestrian -1 -1 -6.9420 794.7068 161.9261 828.5931 228.2947 1.6095 0.4959 0.6330 5.1612 1.1353 17.7687 -6.6684 0.0132
Car -1 -1 -7.1042 1205.7936 95.2250 1237.0000 373.0000 1.6857 1.6146 3.8470 4.6538 1.5492 2.3671 -6.0536 0.0126
Pedestrian -1 -1 -6.5335 811.1940 162.6045 835.1752 226.5488 1.5608 0.4405 0.4680 5.4435 1.1001 17.7630 -6.2454 0.0121
Pedestrian -1 -1 -7.2553 812.9997 165.7268 840.6981 228.2025 1.4960 0.4582 0.4752 5.4634 1.1188 17.5282 -6.9626 0.0105
Pedestrian -1 -1 -4.7285 229.7234 163.5632 244.5150 215.1355 1.6372 0.4160 0.4649 -11.7482 1.0682 23.1064 -5.1993 0.0075
Pedestrian -1 -1 -7.6258 1176.4872 148.7249 1205.9456 201.7967 1.7106 0.6674 0.4384 19.3062 0.6546 23.5512 -6.9495 0.0072
Cyclist -1 -1 -3.1580 288.3239 183.8389 492.1518 373.0000 1.6236 0.4286 1.5601 -1.7683 1.6450 5.9324 -3.4427 0.0068
Pedestrian -1 -1 -3.9960 609.7867 159.0576 638.4642 209.6909 1.8125 0.7019 0.7901 0.8063 1.0095 26.2422 -3.9706 0.0065
Pedestrian -1 -1 -2.5557 215.9657 164.6106 236.3620 217.9786 1.6955 0.4417 0.4043 -12.0737 1.1594 23.0624 -3.0384 0.0048
Pedestrian -1 -1 -7.7454 1170.9626 147.7386 1196.2861 202.1190 1.7754 0.6180 0.3769 19.2628 0.6736 23.8029 -7.0754 0.0045
Pedestrian -1 -1 -7.3578 495.7597 162.7644 515.1965 211.2745 2.0257 0.5673 0.6695 -4.0770 1.2437 30.4099 -7.4950 0.0037
Pedestrian -1 -1 -3.8668 842.2912 158.4822 871.5222 222.3730 1.6547 0.5848 0.4504 6.7051 1.0591 18.9604 -3.5364 0.0036
Cyclist -1 -1 -8.8130 934.4581 136.6012 1237.0000 373.0000 1.7601 0.5102 1.7458 3.0646 1.5193 4.7653 -8.2720 0.0033
Car -1 -1 -7.5140 1237.0000 142.8891 1237.0000 373.0000 1.4897 1.6550 3.9406 6.2795 1.3409 4.1129 -6.5573 0.0033
Car -1 -1 -7.2739 1210.9401 158.3229 1237.0000 373.0000 1.3884 1.6196 3.8046 5.9238 1.2879 4.0513 -6.3381 0.0033
Car -1 -1 -6.7481 0.0000 0.0000 1237.0000 373.0000 1.5327 1.5823 3.5634 -2.5775 1.6653 1.3337 -7.7713 0.0030
Car -1 -1 -4.5087 454.2030 169.7419 527.8575 218.8354 1.3901 1.5504 3.6530 -3.3506 1.0576 22.2028 -4.6618 0.0030
Pedestrian -1 -1 -4.7009 1180.9441 143.8287 1203.7612 196.4264 1.7151 0.5787 0.3695 19.5065 0.4871 23.7496 -4.0236 0.0029
Cyclist -1 -1 -7.6335 606.1614 158.9500 637.0430 210.4742 1.7931 0.7358 1.8797 0.7235 1.0087 25.9995 -7.6110 0.0024
Pedestrian -1 -1 -7.7294 1164.9624 148.8459 1187.2231 201.6429 1.7440 0.5454 0.3516 19.2083 0.6658 24.0458 -7.0657 0.0024
Pedestrian -1 -1 -3.3323 212.9095 168.8547 228.0209 217.7766 1.5351 0.3697 0.3597 -12.1199 1.1388 22.7978 -3.8213 0.0023
Car -1 -1 -8.3383 681.7462 155.5791 743.3398 192.6726 1.8025 1.5877 3.6453 5.6353 0.5432 36.8902 -8.1927 0.0020
Pedestrian -1 -1 -7.7445 1160.5858 147.9470 1186.1132 200.8697 1.7275 0.6330 0.3154 18.9053 0.6327 23.7821 -7.0832 0.0017
Pedestrian -1 -1 -7.0462 1165.9470 142.7072 1189.9839 197.2347 1.9582 0.6005 0.3652 20.9301 0.5655 26.1137 -6.3804 0.0016
Cyclist -1 -1 -7.9617 611.3678 158.4338 636.0172 209.5798 1.7908 0.6865 1.8410 0.7694 0.9836 26.0975 -7.9376 0.0015
Pedestrian -1 -1 -5.2529 494.1747 162.3168 510.2469 205.7912 1.5709 0.5201 0.2636 -3.6452 0.8781 26.2220 -5.3947 0.0014
Pedestrian -1 -1 -5.5068 494.0986 163.6953 509.1847 206.9836 1.5491 0.5168 0.2520 -3.6332 0.9123 25.9888 -5.6494 0.0014
Pedestrian -1 -1 -4.8647 199.5815 170.0131 214.8891 216.9781 1.4711 0.3817 0.3114 -12.5084 1.1118 22.7408 -5.3678 0.0011
Pedestrian -1 -1 -5.8665 155.7914 167.0045 166.8480 218.6390 1.5864 0.3463 0.1668 -13.6619 1.1415 22.2524 -6.4169 0.0010
Pedestrian -1 -1 -5.5787 148.7182 172.4050 163.1144 222.2753 1.5166 0.3671 0.1813 -13.6980 1.2405 22.0407 -6.1345 0.0004
Car -1 -1 -3.1385 559.2789 162.2487 646.3572 206.7488 1.5919 1.4698 3.1152 0.0243 0.9036 26.4333 -3.1426 0.0002
Pedestrian -1 -1 -5.6351 161.2778 164.8665 173.7814 216.5553 1.5892 0.3599 0.1444 -13.4816 1.0783 22.2726 -6.1792 0.0002
Pedestrian -1 -1 -3.5997 894.9763 162.1402 914.9717 224.1879 1.4479 0.4031 0.2826 7.1326 0.9967 16.9739 -3.2125 0.0002
Car -1 -1 -3.0289 574.7091 162.4853 654.4598 206.3731 1.5543 1.4048 2.7875 0.4870 0.8813 26.3127 -3.0156 0.0001
Cyclist -1 -1 -5.1379 1202.2224 151.4744 1237.0000 203.1686 1.6635 0.4998 1.3618 20.5720 0.6977 23.8395 -4.4364 0.0000
