Car -1 -1 -4.3810 353.9765 190.8787 405.0579 218.9499 1.4756 1.6585 3.9796 -13.5485 2.5877 42.5192 -4.6881 0.9822
Cyclist -1 -1 -8.0819 710.1876 166.4982 732.1675 214.9342 1.8200 0.4596 1.7139 4.2540 1.5808 27.9838 -7.9332 0.8905
Car -1 -1 -4.4398 355.0891 190.9459 404.8503 219.1652 1.4773 1.7029 4.3268 -13.5966 2.6044 42.7726 -4.7462 0.8221
Cyclist -1 -1 -4.2752 199.3753 191.1789 227.3649 224.9651 1.6953 0.5954 1.7798 -20.9624 2.6855 38.0953 -4.7756 0.8178
Cyclist -1 -1 -4.3231 200.3145 191.3790 226.7251 225.1193 1.6929 0.5622 1.8522 -21.0119 2.6978 38.1998 -4.8234 0.6687
Cyclist -1 -1 -4.2145 197.0150 191.1336 226.2048 225.5326 1.7261 0.5833 1.7415 -21.0053 2.7107 38.0048 -4.7168 0.6602
Car -1 -1 -4.4923 354.2410 190.7381 399.3144 219.2578 1.4973 1.7044 3.9204 -13.6958 2.5996 42.4557 -4.8030 0.6558
Car -1 -1 -4.3945 355.3878 190.6426 405.7072 219.3557 1.5127 1.6758 3.9128 -13.4572 2.6066 42.4168 -4.7004 0.6315
Car -1 -1 -4.4650 354.4980 190.6282 401.8283 219.2215 1.4970 1.7399 3.8607 -13.5363 2.5854 42.2173 -4.7739 0.5167
Car -1 -1 -4.5884 354.8687 191.2042 395.2678 219.0938 1.4466 1.7454 4.3585 -13.8945 2.5924 42.7612 -4.9012 0.4591
Cyclist -1 -1 -4.1926 199.7445 189.9140 230.4627 224.6201 1.7462 0.6312 1.7549 -20.8491 2.6667 38.0573 -4.6912 0.4199
Car -1 -1 -4.6443 354.4460 190.5847 390.0085 219.2104 1.4859 1.7036 4.1026 -13.9456 2.5808 42.3730 -4.9608 0.3019
Car -1 -1 -4.0399 0.0000 202.5717 58.8868 245.9030 1.4115 1.7215 3.8398 -23.8068 2.6488 28.1082 -4.7381 0.2669
Car -1 -1 -4.5188 351.4673 191.4603 395.5690 220.0952 1.4527 1.6716 3.9234 -13.5155 2.5707 41.3160 -4.8335 0.2426
Car -1 -1 -4.1519 137.3129 195.8678 215.1813 225.2601 1.3885 1.6860 4.1671 -23.6612 2.7146 39.4818 -4.6891 0.2397
Car -1 -1 -4.0983 0.0000 201.7335 55.8248 246.4500 1.4315 1.6750 3.9901 -23.6548 2.6271 27.8185 -4.7984 0.2239
Car -1 -1 -4.0694 0.0000 202.7930 62.8733 247.0484 1.4422 1.8036 4.1022 -23.9944 2.7092 28.4462 -4.7657 0.2238
Car -1 -1 -4.0595 0.0000 202.8783 66.1216 244.6581 1.3750 1.6831 3.7908 -23.7023 2.6383 28.4398 -4.7498 0.2117
Car -1 -1 -4.2424 196.7787 192.2210 259.4937 217.2758 1.3845 1.7962 4.1042 -23.8274 2.6508 45.1264 -4.7260 0.2034
Car -1 -1 -4.0768 156.2698 198.7790 246.0086 231.1995 1.3529 1.6954 4.2159 -20.2144 2.7186 35.8203 -4.5877 0.2011
Car -1 -1 -4.1038 33.9307 196.0575 141.4438 233.5865 1.4810 1.8873 4.3025 -23.9942 2.6215 33.3110 -4.7244 0.1757
Car -1 -1 -4.0433 0.0000 203.5197 70.3163 244.5959 1.3445 1.7385 4.0018 -23.8091 2.6475 28.6474 -4.7323 0.1531
Car -1 -1 -4.0758 154.6644 199.9026 242.3724 232.0658 1.3306 1.6640 4.0419 -20.1716 2.7402 35.5031 -4.5896 0.1448
Car -1 -1 -4.1395 124.4643 195.0640 213.1317 225.4361 1.3996 1.8150 4.7352 -23.8282 2.6777 39.1410 -4.6836 0.1381
Car -1 -1 -4.1004 41.3033 196.5573 146.8410 231.9561 1.3983 1.8695 4.2495 -23.8249 2.5677 33.4790 -4.7153 0.1298
Car -1 -1 -4.0821 36.4171 195.4939 140.7688 232.2296 1.4438 1.7712 4.1100 -23.7159 2.5426 32.9652 -4.7021 0.1238
Car -1 -1 -4.0287 0.0000 201.6007 80.4172 241.8017 1.3419 1.7933 4.1411 -23.8361 2.5844 29.1209 -4.7103 0.1211
Car -1 -1 -4.1608 145.6281 194.7784 218.4778 224.3009 1.4339 1.6573 3.9125 -23.6323 2.7073 39.9464 -4.6924 0.1209
Pedestrian -1 -1 -4.3862 205.9266 190.0107 223.8326 223.2260 1.7166 0.6071 0.7980 -20.9492 2.6351 38.1949 -4.8852 0.1084
Car -1 -1 -4.1316 140.9172 194.5072 217.7390 224.1156 1.4336 1.6806 4.1030 -23.8526 2.6987 40.0782 -4.6658 0.1072
Car -1 -1 -4.0384 0.0000 202.1979 41.7641 250.2263 1.4888 1.7069 4.1816 -23.8154 2.6766 27.0888 -4.7548 0.1041
Pedestrian -1 -1 -4.3528 205.5735 190.3319 224.8694 224.1890 1.7374 0.6150 0.8966 -20.8319 2.6697 38.0152 -4.8515 0.0992
Car -1 -1 -4.1377 137.4952 196.7456 215.7154 225.5349 1.3656 1.7301 4.1156 -23.8240 2.7518 39.7829 -4.6746 0.0906
Pedestrian -1 -1 -4.3830 208.2288 190.1124 227.1561 223.5713 1.7275 0.6338 0.8675 -20.8178 2.6530 38.2286 -4.8791 0.0807
Car -1 -1 -4.1430 116.2780 194.7992 200.5335 225.2089 1.3921 1.7765 4.2254 -23.8404 2.6191 38.2249 -4.6978 0.0782
Pedestrian -1 -1 -4.3634 203.8049 190.7088 222.3204 223.9235 1.7066 0.5965 0.8607 -20.9651 2.6595 38.0498 -4.8644 0.0703
Car -1 -1 -4.1350 160.6412 200.0978 244.5448 231.5159 1.3083 1.6937 3.9987 -20.0606 2.7318 35.6562 -4.6446 0.0660
Car -1 -1 -6.0547 342.6424 191.5006 412.0509 219.1511 1.5262 1.6927 3.5682 -13.5800 2.6408 42.1509 -6.3650 0.0513
Car -1 -1 -5.5715 337.2112 189.7285 408.2204 219.4159 1.6115 1.7555 3.7251 -13.9843 2.6391 42.4276 -5.8885 0.0506
Car -1 -1 -5.9660 346.2917 190.9897 413.8568 218.0172 1.4929 1.5681 3.4043 -13.2988 2.5616 41.7308 -6.2731 0.0477
Car -1 -1 -3.9390 0.0000 211.3156 117.8225 255.7415 1.2665 1.7484 3.8519 -20.1654 2.7639 26.0789 -4.5925 0.0448
Car -1 -1 -4.1585 0.0000 0.0000 1241.0000 374.0000 1.6164 1.6606 3.9793 -1.4930 1.6077 1.0105 -5.0180 0.0386
Car -1 -1 -3.9731 0.0000 209.2761 113.7544 255.9954 1.2943 1.7636 4.3539 -20.2271 2.7052 25.7185 -4.6347 0.0253
Car -1 -1 -3.2630 0.0000 0.0000 1241.0000 374.0000 1.8246 1.7166 3.7362 -2.8357 1.6439 1.2981 -4.3258 0.0240
Car -1 -1 -2.9738 344.5945 191.8846 417.4094 219.3923 1.5172 1.7801 3.8467 -13.4757 2.6688 42.5278 -3.2793 0.0237
Car -1 -1 -3.9047 0.0000 0.0000 309.0930 374.0000 1.7362 1.6709 3.6199 -2.3965 1.6428 1.8902 -4.7407 0.0237
Car -1 -1 -4.7296 652.7650 180.3684 678.2515 204.6785 1.4802 1.5835 4.0596 3.5679 1.9940 47.2864 -4.6552 0.0214
Car -1 -1 -8.1030 733.7452 184.9194 849.3873 257.3827 1.3581 1.5276 3.9428 3.8601 1.6614 16.1705 -7.8737 0.0190
Car -1 -1 -4.1897 175.8181 198.6654 251.7109 229.5066 1.3394 1.6709 3.8251 -19.9856 2.7140 36.5019 -4.6879 0.0185
Car -1 -1 -3.9338 0.0000 0.0000 1241.0000 374.0000 1.7623 1.6825 4.0602 -1.8146 1.6424 0.9276 -4.9177 0.0182
Car -1 -1 -3.8988 0.0000 0.0000 1241.0000 374.0000 1.7473 1.6491 3.6570 -2.1606 1.6732 1.3825 -4.8144 0.0160
Car -1 -1 -4.1513 0.0000 0.0000 1241.0000 374.0000 1.6166 1.6621 3.9651 -1.7348 1.6765 1.5194 -4.9202 0.0160
Car -1 -1 -6.6343 0.0000 0.0000 1241.0000 374.0000 1.7841 1.6167 3.9488 -2.5409 1.7277 1.0832 -7.7121 0.0152
Car -1 -1 -4.2579 182.7272 192.4566 256.1462 226.2081 1.5613 1.6826 4.2963 -20.5441 2.6549 38.0865 -4.7500 0.0140
Car -1 -1 -4.6324 652.6613 181.5581 680.6232 204.3830 1.3778 1.5294 3.7181 3.6897 1.9681 47.0034 -4.5550 0.0139
Car -1 -1 -4.1947 176.1011 196.3884 253.6575 229.0044 1.4425 1.6502 4.1319 -20.1905 2.7169 36.9990 -4.6915 0.0127
Pedestrian -1 -1 -2.4994 0.0000 178.0160 41.4224 279.0078 1.6668 0.5097 0.7443 -10.2482 1.7557 12.2074 -3.1871 0.0117
Car -1 -1 -4.4237 652.1540 180.6185 691.2021 203.9956 1.4000 1.5765 3.4949 3.9685 1.9196 46.3968 -4.3394 0.0096
Car -1 -1 -4.8423 644.4077 181.6779 675.5201 204.7829 1.3974 1.5173 3.9756 3.1950 1.9995 47.2242 -4.7757 0.0085
Car -1 -1 -4.3641 611.7090 180.0688 652.2247 204.3488 1.5250 1.5289 3.7869 1.4878 2.0308 48.5730 -4.3342 0.0085
Car -1 -1 -4.5534 653.5904 181.2683 687.0782 204.5091 1.3940 1.5752 3.9006 3.9250 1.9645 46.8669 -4.4709 0.0082
Car -1 -1 -6.7328 0.0000 0.0000 1241.0000 374.0000 1.7097 1.5922 3.9939 -2.2227 1.7522 0.8178 -7.8439 0.0076
Car -1 -1 -4.5775 616.4975 180.6460 647.3465 204.3028 1.4590 1.5383 3.9236 1.4617 1.9984 47.9189 -4.5477 0.0070
Car -1 -1 -4.6351 637.0777 179.7591 664.6892 204.6056 1.5184 1.5072 4.0473 2.6872 1.9915 47.3690 -4.5793 0.0063
Car -1 -1 -3.9889 0.0000 209.2512 84.7291 257.8950 1.3236 1.7265 3.9594 -20.3499 2.6685 24.6556 -4.6737 0.0055
Car -1 -1 -5.0468 571.0571 181.1546 612.8579 203.3511 1.4074 1.6082 4.0979 -1.3194 2.0030 49.5984 -5.0737 0.0053
Car -1 -1 -8.1422 760.8409 184.4350 903.8289 269.5709 1.3256 1.4871 3.8336 3.9740 1.5759 13.6847 -7.8663 0.0053
Car -1 -1 -6.6303 0.0000 0.0000 1241.0000 374.0000 1.6483 1.6511 4.2268 -1.8517 1.7111 0.5193 -7.7920 0.0048
Car -1 -1 -4.4071 710.5856 173.5067 759.3443 198.7064 1.4407 1.7050 4.2827 7.5780 1.4820 43.6645 -4.2368 0.0048
Car -1 -1 -4.8103 631.1229 179.7069 661.1638 205.1838 1.5637 1.5792 3.9666 2.3003 2.0327 47.3920 -4.7626 0.0047
Car -1 -1 -7.6425 0.0000 89.7293 245.4731 374.0000 1.8720 1.9678 4.6656 -3.2773 1.6977 4.0407 -8.2927 0.0047
Car -1 -1 -7.6153 0.0000 118.0958 279.2296 374.0000 1.8224 1.8118 4.4458 -3.0020 1.7028 3.9718 -8.2316 0.0039
Car -1 -1 -4.8881 623.3046 180.1431 657.1193 204.5150 1.4878 1.5973 3.5459 1.8971 1.9815 47.0282 -4.8486 0.0039
Car -1 -1 -4.9220 616.4008 181.0148 651.5060 204.6433 1.4419 1.5593 3.6858 1.4973 1.9990 47.3324 -4.8911 0.0038
Car -1 -1 -4.8733 615.7175 181.3856 648.5347 204.5670 1.3960 1.5524 3.6455 1.3617 1.9712 46.7650 -4.8449 0.0035
Car -1 -1 -6.5269 0.0000 0.0000 1241.0000 374.0000 1.5466 1.5892 3.6999 -5.0017 1.6697 1.4089 -7.7713 0.0030
Car -1 -1 -6.5051 0.0000 0.0000 1241.0000 374.0000 1.5520 1.5919 3.7057 -5.4156 1.6730 1.4163 -7.7717 0.0030
Pedestrian -1 -1 -4.7853 748.5609 193.9528 771.0998 252.8152 1.1600 0.4140 0.4201 2.9791 1.5940 14.6204 -4.5892 0.0027
Car -1 -1 -4.7654 655.2598 181.0709 681.4600 203.9450 1.3603 1.4607 3.8265 3.6701 1.9085 46.2284 -4.6872 0.0027
Car -1 -1 -4.6000 597.3756 179.7029 629.8405 204.4783 1.4868 1.6552 4.0532 0.2423 1.9486 46.5751 -4.5954 0.0026
Car -1 -1 -4.5444 712.8434 173.4060 752.8828 199.9130 1.5265 1.6900 4.4881 7.5166 1.5617 44.0496 -4.3769 0.0025
Car -1 -1 -4.8562 715.5409 173.7925 754.9788 202.9537 1.6059 1.6458 4.3081 7.2037 1.6631 42.0483 -4.6882 0.0023
Car -1 -1 -4.9212 652.6916 181.2077 689.6638 205.0339 1.3470 1.4726 3.8846 3.6678 1.8821 44.2268 -4.8395 0.0018
Car -1 -1 -4.9286 650.9644 181.2784 688.0863 204.5428 1.3422 1.5002 3.9018 3.6421 1.8927 45.1379 -4.8491 0.0016
Car -1 -1 -4.7436 713.5833 173.8255 747.2372 203.0748 1.6774 1.8585 4.7104 7.2498 1.7396 43.9980 -4.5818 0.0014
Car -1 -1 -4.6449 393.1449 181.1012 415.7651 199.8254 1.7224 1.8347 4.5433 -20.1812 2.5602 70.9100 -4.9215 0.0013
Car -1 -1 -4.7471 715.5698 174.1161 746.8177 200.8895 1.5186 1.6859 4.3799 7.2084 1.5983 43.4217 -4.5841 0.0013
Car -1 -1 -4.9976 700.5784 174.1372 748.1613 199.6000 1.5499 1.7849 4.6346 7.2773 1.6367 46.5773 -4.8440 0.0012
Car -1 -1 -4.8636 711.0078 175.7749 747.0610 203.6102 1.5552 1.5359 3.7677 6.9447 1.7350 42.6014 -4.7036 0.0012
Pedestrian -1 -1 -4.7259 992.5405 212.1948 1058.3948 374.0000 1.1893 0.4039 0.4126 3.0113 1.4960 5.3538 -4.2377 0.0010
Car -1 -1 -4.8900 704.5904 174.1099 748.0139 201.2129 1.6220 1.8982 4.7155 7.2743 1.7055 45.7780 -4.7338 0.0009
Car -1 -1 -4.8598 708.5756 174.6171 744.6729 200.0392 1.4588 1.5683 4.0330 6.9788 1.5703 43.7098 -4.7029 0.0009
Car -1 -1 -4.7799 711.1193 174.0918 746.8563 200.6834 1.5510 1.8578 4.6280 7.2770 1.6315 44.6981 -4.6200 0.0007
Car -1 -1 -4.9535 700.7762 173.8328 743.5836 200.0668 1.5788 1.6538 4.4747 7.0377 1.6438 45.8967 -4.8027 0.0007
Car -1 -1 -7.9691 732.6486 176.1389 776.6721 208.1373 1.4873 1.6773 4.0988 7.1291 1.6609 36.0794 -7.7761 0.0006
Car -1 -1 -4.8504 705.9128 174.5738 743.4092 200.7762 1.5334 1.6967 4.3363 7.0108 1.6448 44.6935 -4.6963 0.0005
Car -1 -1 -4.3329 303.4710 188.3791 344.2631 209.0756 1.6004 1.8190 4.0697 -24.1135 2.9540 60.8884 -4.7088 0.0005
Car -1 -1 -4.9682 728.4295 177.0275 783.5235 209.0280 1.5073 1.6790 4.3791 7.3254 1.7329 36.8071 -4.7738 0.0004
Car -1 -1 -4.7959 709.0833 172.8434 743.7499 201.8750 1.6870 1.7100 4.5155 7.0475 1.6861 44.2423 -4.6394 0.0004
Car -1 -1 -4.9803 728.9020 173.3923 787.7623 206.5025 1.5505 1.7006 4.6512 7.3190 1.5790 36.2452 -4.7831 0.0003
