Car -1 -1 -5.0992 831.5609 192.5564 1146.9540 371.3843 1.5017 1.6537 4.3472 4.0584 1.8002 8.7440 -4.6787 0.9999
Car -1 -1 -8.0430 753.4083 185.8284 878.9471 271.6870 1.4183 1.6092 4.2913 3.9787 1.7232 14.7782 -7.7860 0.9997
Car -1 -1 -7.9900 688.1642 174.6476 738.0093 210.5809 1.4545 1.6166 3.8228 4.3641 1.5368 31.3093 -7.8534 0.9989
Car -1 -1 -8.0367 731.2880 180.3758 811.7847 239.9969 1.4700 1.5539 3.3244 4.3106 1.6947 19.8969 -7.8272 0.9986
Car -1 -1 -8.0029 708.7535 175.0185 764.7126 219.7457 1.5338 1.5256 3.3807 4.5623 1.6185 26.6127 -7.8356 0.9973
Car -1 -1 -4.5245 450.4555 173.1665 551.5266 249.7897 1.5415 1.5922 3.7025 -2.4050 1.5491 16.4152 -4.6684 0.9938
Car -1 -1 -4.6365 542.7969 167.2034 588.9203 204.7012 1.5931 1.7840 4.0424 -1.9779 1.3527 32.6892 -4.6969 0.9849
Car -1 -1 -7.9749 680.2308 173.7240 722.3354 204.2734 1.4732 1.6428 4.0593 4.5746 1.5199 36.9407 -7.8531 0.9699
Car -1 -1 -4.5169 447.6607 174.3239 551.1301 251.0305 1.5167 1.5788 3.8050 -2.4144 1.5535 16.2804 -4.6625 0.8737
Car -1 -1 -7.9960 688.0207 174.8034 738.9525 210.8841 1.4600 1.6270 3.9651 4.3903 1.5498 31.3971 -7.8589 0.8514
Car -1 -1 -7.9871 690.5718 174.4850 739.4496 210.6075 1.4604 1.5977 3.6650 4.4316 1.5347 31.1742 -7.8477 0.8035
Car -1 -1 -8.0206 706.5803 174.6228 766.1356 218.4337 1.5077 1.5847 3.5436 4.5648 1.5773 26.7454 -7.8540 0.7929
Car -1 -1 -8.7410 1124.2074 203.0294 1241.0000 374.0000 1.5184 1.5586 3.4791 3.5504 1.6892 2.3159 -7.8058 0.7668
Car -1 -1 -4.5969 545.3738 169.0344 591.8279 205.4898 1.5419 1.6547 3.8664 -1.8463 1.3801 32.4972 -4.6537 0.7064
Car -1 -1 -7.9893 678.4258 173.7714 720.8814 204.1174 1.4601 1.5836 4.2299 4.4925 1.5095 36.9720 -7.8698 0.7003
Car -1 -1 -8.7242 1133.1442 190.1572 1241.0000 374.0000 1.5430 1.6337 3.9188 3.5133 1.6410 2.0635 -7.7458 0.6819
Car -1 -1 -7.9649 682.8503 173.7905 725.0021 204.6282 1.4840 1.6785 4.0717 4.7033 1.5343 36.8949 -7.8396 0.6464
Car -1 -1 -8.8898 1130.1731 193.6695 1241.0000 374.0000 1.5580 1.6234 3.8669 3.7176 1.6751 2.1077 -7.8941 0.6412
Car -1 -1 -8.8828 1093.3721 203.8950 1241.0000 374.0000 1.5240 1.5847 3.5691 3.7980 1.7157 2.6017 -7.9651 0.6301
Car -1 -1 -7.6564 446.2002 170.7335 549.2626 247.2522 1.5565 1.6078 3.8237 -2.5055 1.5130 16.6263 -7.8044 0.6055
Car -1 -1 -8.0076 676.9470 172.1057 722.1307 204.5558 1.5628 1.6964 3.8381 4.4548 1.5264 36.6956 -7.8882 0.6001
Car -1 -1 -9.0834 0.0000 0.0000 1241.0000 374.0000 1.5896 1.6518 4.0401 3.9804 1.6752 2.1043 -8.0562 0.5730
Car -1 -1 -4.8592 679.5658 174.8749 722.4623 204.5717 1.4376 1.6007 4.0802 4.6018 1.5475 37.2704 -4.7378 0.5595
Car -1 -1 -9.0850 1109.6061 189.5382 1241.0000 374.0000 1.5580 1.6280 3.8125 4.0645 1.6625 2.4790 -8.1143 0.5102
Car -1 -1 -8.3123 0.0000 0.0000 1241.0000 374.0000 1.5583 1.5923 4.3131 2.9148 1.6475 1.8055 -7.3675 0.4693
Car -1 -1 -5.4115 0.0000 0.0000 1241.0000 374.0000 1.5227 1.6469 4.0172 3.2931 1.6660 1.9770 -4.4461 0.4619
Car -1 -1 -8.8077 0.0000 0.0000 1241.0000 374.0000 1.6318 1.6258 4.2009 3.4476 1.6278 1.6847 -7.7592 0.3870
Car -1 -1 -9.3628 0.0000 0.0000 1241.0000 374.0000 1.6068 1.7101 4.2754 4.3355 1.6771 2.2075 -8.3165 0.3542
Car -1 -1 -8.2211 575.8950 174.7192 618.3823 198.5040 1.5275 1.6320 3.7226 -0.9420 1.6583 48.6879 -8.2408 0.3418
Car -1 -1 -9.0388 0.0000 0.0000 1241.0000 374.0000 1.6414 1.6361 4.1723 3.7476 1.6399 1.6169 -7.9406 0.2928
Car -1 -1 -7.9140 673.8125 169.7664 701.0005 194.5612 1.6172 1.6017 3.7493 5.1852 1.4155 48.9688 -7.8095 0.2550
Car -1 -1 -8.2934 569.2490 174.7131 615.7344 198.7987 1.5445 1.6379 3.8710 -1.2578 1.6751 48.6913 -8.3195 0.2490
Car -1 -1 -8.1097 582.6154 174.4260 620.0003 197.9151 1.5097 1.6365 3.6708 -0.6585 1.6196 48.6270 -8.1236 0.1733
Pedestrian -1 -1 -4.9904 1209.3098 187.4989 1241.0000 273.4977 1.5897 0.5758 0.4480 11.8220 1.8754 13.7691 -4.2922 0.1708
Car -1 -1 -6.3093 590.4070 174.4893 653.6856 197.6355 1.4959 1.6668 4.1033 0.7391 1.6055 47.6099 -6.2943 0.1593
Car -1 -1 -7.9105 675.4422 168.9460 703.0366 194.5039 1.6694 1.6446 3.7359 5.3165 1.4138 49.0363 -7.8035 0.1393
Pedestrian -1 -1 -5.3539 1196.9380 188.0875 1241.0000 275.3837 1.6208 0.6393 0.5119 11.6698 1.9169 13.7635 -4.6619 0.1278
Car -1 -1 -7.9334 668.9296 169.9470 696.2594 194.6644 1.6124 1.5515 3.5981 4.8513 1.4225 48.8812 -7.8354 0.1273
Car -1 -1 -7.9470 590.8510 174.1576 620.0464 197.6570 1.5149 1.6242 3.6890 -0.3748 1.6059 48.6442 -7.9551 0.1210
Car -1 -1 -6.3146 488.8946 180.3625 544.1189 201.7231 1.5138 1.6700 3.9687 -6.9229 2.0778 53.0798 -6.4441 0.1149
Car -1 -1 -4.2780 542.0695 169.0978 598.0988 200.1577 1.5740 1.5824 3.6975 -2.1173 1.3833 38.5747 -4.3329 0.1132
Car -1 -1 -7.7537 594.8360 173.3488 624.5391 197.4329 1.5536 1.6293 3.8318 -0.0160 1.5880 48.6143 -7.7545 0.0992
Car -1 -1 -6.1504 589.5770 173.8219 654.5525 197.5965 1.5184 1.6563 4.0763 0.7808 1.5830 47.2935 -6.1344 0.0967
Car -1 -1 -6.5518 587.8954 174.3124 654.6965 197.4650 1.4917 1.6544 4.1499 0.7053 1.5910 47.9770 -6.5376 0.0815
Pedestrian -1 -1 -3.5946 812.8758 157.2837 823.7242 195.8846 1.8676 0.5134 0.3138 10.1167 1.1140 35.1905 -3.3172 0.0733
Pedestrian -1 -1 -3.4795 809.9293 158.8961 819.4691 197.1178 1.8601 0.4994 0.2997 9.9931 1.1805 35.3728 -3.2067 0.0729
Pedestrian -1 -1 -8.4710 968.1328 164.4263 993.9886 216.0615 1.6258 0.5705 0.4611 11.7712 1.3602 22.9894 -8.0034 0.0689
Car -1 -1 -4.9321 604.7238 174.7112 632.7690 194.4467 1.6162 1.5545 3.9911 0.6873 1.7799 61.5986 -4.9213 0.0636
Pedestrian -1 -1 -3.4342 811.0400 157.6240 820.5387 196.5046 1.8840 0.5125 0.3095 10.0034 1.1457 35.2221 -3.1600 0.0631
Car -1 -1 -4.7928 611.1428 174.7998 633.0804 194.1222 1.5847 1.5525 3.9599 0.9804 1.7561 61.6115 -4.7774 0.0591
Car -1 -1 -6.3343 581.0380 175.4706 641.5212 197.0157 1.3897 1.6552 3.9148 0.0211 1.5657 47.6913 -6.3343 0.0560
Car -1 -1 -4.2809 539.6720 169.6116 599.4432 199.7564 1.5082 1.6263 4.0371 -2.1188 1.3457 38.2760 -4.3362 0.0528
Car -1 -1 -5.1353 596.1659 174.5106 632.5917 194.1382 1.6034 1.5628 4.0763 0.3096 1.7493 61.4928 -5.1306 0.0421
Pedestrian -1 -1 -7.4558 1216.2439 186.5874 1241.0000 277.4684 1.6429 0.6324 0.5431 11.8678 1.9086 13.5704 -6.7487 0.0393
Car -1 -1 -6.7629 1158.1163 209.8353 1241.0000 374.0000 1.5915 1.5974 3.7322 4.1454 1.7933 2.3133 -5.7552 0.0389
Car -1 -1 -6.7640 1113.7535 200.9612 1241.0000 374.0000 1.6145 1.7145 4.2114 4.0533 1.7685 2.1296 -5.7337 0.0389
Car -1 -1 -5.1612 681.2576 179.4370 718.2576 197.6371 1.4418 1.5697 3.8451 7.4895 2.0145 60.7309 -5.0396 0.0380
Car -1 -1 -4.4419 695.9203 177.4398 727.8243 197.0714 1.5735 1.7266 3.7641 8.5994 1.9732 60.8683 -4.3026 0.0338
Car -1 -1 -5.0485 686.6585 179.8448 720.7366 198.2419 1.4523 1.6374 3.8939 7.8049 2.0594 60.6121 -4.9215 0.0323
Pedestrian -1 -1 -3.4949 813.3572 158.8795 823.2148 196.3742 1.8249 0.5017 0.3083 10.1711 1.1445 35.3805 -3.2175 0.0319
Car -1 -1 -4.4638 552.6004 169.9115 598.2493 199.9502 1.5112 1.5625 3.6763 -1.8200 1.3629 38.2576 -4.5115 0.0308
Car -1 -1 -4.5693 563.5801 169.5985 601.4303 200.4195 1.5558 1.5280 3.4591 -1.4523 1.3911 38.2212 -4.6074 0.0294
Car -1 -1 -6.9044 1136.7517 200.9654 1241.0000 374.0000 1.6531 1.5819 4.0381 4.4878 1.8110 2.5786 -5.9045 0.0239
Car -1 -1 -4.9101 680.5339 176.3187 708.2887 195.0002 1.5129 1.5747 4.0072 7.1045 1.8166 61.2578 -4.7955 0.0235
Car -1 -1 -4.4089 696.0614 177.9497 729.7405 197.5854 1.5593 1.6634 4.0815 8.6576 2.0028 60.6402 -4.2682 0.0213
Car -1 -1 -4.5847 695.3003 178.0532 722.1952 197.7529 1.5646 1.7416 4.0706 8.3084 2.0172 60.6551 -4.4497 0.0186
Car -1 -1 -7.0667 1137.5189 203.0856 1241.0000 374.0000 1.5594 1.6231 4.1499 4.7431 1.7276 2.7990 -6.0751 0.0181
Car -1 -1 -7.1374 1122.7347 207.6778 1241.0000 374.0000 1.6120 1.5650 4.0834 4.7102 1.8035 2.9766 -6.1751 0.0147
Car -1 -1 -4.9489 684.7977 177.5233 714.3417 195.8837 1.4747 1.5843 3.9775 7.5180 1.8830 61.0731 -4.8274 0.0145
Car -1 -1 -4.7390 663.9788 169.8302 682.4938 186.7990 1.6105 1.6890 4.0206 6.1365 1.3232 70.5378 -4.6529 0.0143
Car -1 -1 -4.6009 694.7106 177.0749 720.9214 196.7949 1.5860 1.7809 3.8930 8.2800 1.9551 61.0370 -4.4672 0.0136
Car -1 -1 -4.8779 658.4660 170.3367 681.4719 187.2740 1.6075 1.6102 3.9134 5.8101 1.3683 70.4971 -4.7963 0.0136
Car -1 -1 -4.6323 686.7439 176.8373 709.5484 195.5232 1.5048 1.6011 4.1290 7.4833 1.8545 61.2179 -4.5116 0.0134
Cyclist -1 -1 -8.1137 1199.8361 185.0652 1241.0000 281.3031 1.6599 0.4967 1.7454 11.6255 1.9043 13.5677 -7.4167 0.0122
Car -1 -1 -4.5424 663.7744 169.5401 688.4592 186.2550 1.5808 1.7230 4.1783 6.4697 1.2671 70.4780 -4.4515 0.0113
Car -1 -1 -7.2510 1133.9565 202.7037 1241.0000 374.0000 1.5873 1.6285 4.0988 4.9390 1.7580 3.2700 -6.3067 0.0109
Car -1 -1 -7.4508 1112.2286 200.8217 1241.0000 374.0000 1.6058 1.6106 4.1175 4.8042 1.7983 3.6263 -6.5661 0.0101
Car -1 -1 -4.8621 662.0629 169.8432 684.4807 186.9361 1.6198 1.6366 3.6880 6.1149 1.3342 70.2694 -4.7759 0.0098
Car -1 -1 -5.1987 646.5740 170.9617 680.6102 188.2328 1.6346 1.5832 4.0862 5.1790 1.4552 70.4776 -5.1260 0.0098
Car -1 -1 -5.0301 652.6553 170.5531 681.0502 187.7216 1.6252 1.5836 4.0094 5.4963 1.4071 70.4380 -4.9528 0.0097
Car -1 -1 -4.7551 693.2892 176.6625 715.6077 195.7330 1.5359 1.6898 4.0781 7.9346 1.8690 61.0551 -4.6269 0.0092
Cyclist -1 -1 -8.6141 1195.0304 184.8284 1241.0000 282.6664 1.6473 0.4769 1.9644 11.8681 1.8855 13.3832 -7.9003 0.0079
Car -1 -1 -1.9865 0.0000 201.9581 245.7257 374.0000 1.2966 1.5780 4.0104 -4.0232 1.4946 3.5067 -2.8029 0.0073
Pedestrian -1 -1 -5.7183 1203.0322 186.3691 1241.0000 280.6010 1.6911 0.6625 0.6150 11.5720 1.9502 13.4548 -5.0196 0.0065
Cyclist -1 -1 -8.2135 1203.9191 180.1457 1241.0000 284.0785 1.7319 0.4757 2.0053 11.5298 1.8753 13.1911 -7.5069 0.0058
Pedestrian -1 -1 -5.7040 525.7787 159.8733 536.5094 188.7853 1.7014 0.5682 0.3849 -4.7124 0.9372 42.8007 -5.8133 0.0054
Cyclist -1 -1 -6.2048 953.9853 156.2165 1006.7508 209.6900 1.6590 0.5952 1.4588 11.7625 1.1425 23.0178 -5.7378 0.0037
Car -1 -1 -4.2943 568.0908 172.2423 615.6672 200.3111 1.4238 1.3650 3.1537 -0.9617 1.3924 38.3176 -4.3197 0.0033
Cyclist -1 -1 -7.1982 1187.4708 190.2608 1241.0000 275.6890 1.5637 0.5678 1.3247 11.8055 1.9064 13.7994 -6.5018 0.0030
Pedestrian -1 -1 -4.1260 872.3113 169.0426 898.4153 219.7919 1.6269 0.5916 0.5482 8.9308 1.5044 23.5305 -3.7679 0.0029
Cyclist -1 -1 -3.4443 952.8415 156.9666 1011.4926 213.0328 1.7538 0.6783 1.5292 11.8125 1.2565 23.0310 -2.9759 0.0027
Cyclist -1 -1 -7.4248 573.6664 167.1723 596.4476 197.8269 1.6060 0.5504 1.7377 -1.3657 1.3081 38.7101 -7.4603 0.0023
Pedestrian -1 -1 -4.3902 872.0219 167.7402 895.0386 218.5775 1.6413 0.5670 0.5393 8.9311 1.4759 23.6836 -4.0342 0.0018
Cyclist -1 -1 -7.6904 520.2657 158.4529 535.0256 193.4702 1.8985 0.4714 2.1742 -4.6168 1.1174 40.2161 -7.8043 0.0012
Pedestrian -1 -1 -4.1408 864.3110 165.2282 891.1395 219.4492 1.7520 0.5941 0.6079 8.7583 1.5053 23.7353 -3.7919 0.0012
Cyclist -1 -1 -5.3682 959.4171 161.7661 1007.5375 213.0124 1.5721 0.5669 1.4768 11.7896 1.2317 22.9134 -4.8986 0.0011
Pedestrian -1 -1 -6.0077 382.3149 169.2579 413.0772 239.2197 1.5840 0.6027 0.5367 -4.9416 1.5023 16.6399 -6.2926 0.0003
Cyclist -1 -1 -4.9646 1194.7692 188.6074 1241.0000 280.0562 1.6139 0.5460 1.4618 11.6800 1.9314 13.7790 -4.2727 0.0001
Cyclist -1 -1 -5.1364 1194.2820 191.4143 1241.0000 278.3310 1.5485 0.5023 1.3379 11.8181 1.9232 13.8702 -4.4420 0.0000
Cyclist -1 -1 -5.3150 1191.5437 189.9092 1241.0000 278.0674 1.5666 0.5213 1.3747 11.8390 1.9094 13.8051 -4.6174 0.0000
