Car -1 -1 -7.6052 374.5617 167.9611 480.9816 243.0833 1.8128 1.7681 4.3091 -4.7744 1.3966 19.5116 -7.8423 0.9998
Car -1 -1 -7.4409 217.2295 185.1991 338.8123 246.9975 1.4688 1.5803 3.5662 -8.5545 1.4685 18.8742 -7.8614 0.9996
Car -1 -1 -7.7243 469.8701 180.9849 515.3052 215.5914 1.4474 1.5244 3.7063 -5.0959 1.2706 31.9391 -7.8816 0.9991
Car -1 -1 -7.8626 573.1066 175.8917 620.8689 219.3724 1.5813 1.7385 3.7005 -0.4821 1.2424 28.0159 -7.8800 0.9990
Car -1 -1 -7.4395 280.2109 180.0339 354.3538 215.8808 1.5318 1.6337 4.0428 -13.1748 1.3105 32.7662 -7.8193 0.9981
Car -1 -1 -7.6916 363.2142 181.6030 419.1583 219.7297 1.4791 1.5933 4.0378 -8.9930 1.3391 29.9904 -7.9808 0.8949
Car -1 -1 -7.7112 470.4912 180.2752 517.1713 216.0779 1.4991 1.5196 3.8452 -5.0516 1.2924 32.0307 -7.8667 0.7596
Car -1 -1 -7.8607 575.2977 176.4117 621.2897 219.6006 1.5697 1.6727 3.8792 -0.4295 1.2499 28.0846 -7.8763 0.7460
Car -1 -1 -7.7344 467.5069 179.9929 514.8724 215.8444 1.4977 1.6155 4.0033 -5.1702 1.2797 32.0629 -7.8933 0.7279
Car -1 -1 -7.5885 361.6372 181.0458 428.5296 219.4181 1.4933 1.6317 4.1891 -8.8418 1.3312 30.0841 -7.8723 0.7125
Car -1 -1 -7.7864 363.4216 181.5168 411.0278 220.0960 1.4959 1.6175 4.1701 -9.1966 1.3527 30.0876 -8.0809 0.7118
Car -1 -1 -7.5889 361.8324 181.7629 427.0438 219.8007 1.4751 1.6101 3.9479 -8.8126 1.3414 29.8675 -7.8737 0.6616
Car -1 -1 -7.6961 361.6331 181.6715 415.4505 219.9431 1.4801 1.5751 3.5768 -9.0202 1.3432 29.6792 -7.9890 0.5742
Car -1 -1 -7.4948 361.8853 180.4498 436.5017 219.2875 1.5032 1.6485 4.0654 -8.6172 1.3189 29.9149 -7.7732 0.4959
Car -1 -1 -7.9410 359.2209 182.4708 408.9258 220.6469 1.4776 1.6252 4.1335 -9.4435 1.3715 30.0435 -8.2434 0.4428
Car -1 -1 -7.6760 527.6772 177.7162 557.8316 198.4310 1.5302 1.6255 3.9869 -4.9673 0.9763 55.1575 -7.7657 0.3740
Car -1 -1 -7.6054 529.5243 177.6016 562.6573 198.0727 1.5126 1.6208 3.9209 -4.7120 0.9501 55.1819 -7.6906 0.3046
Car -1 -1 -7.7591 529.4375 178.0272 553.9798 198.9661 1.5456 1.5598 3.2580 -5.0176 1.0151 54.6930 -7.8505 0.2288
Car -1 -1 -7.7601 526.3099 177.7928 552.2425 198.5285 1.5318 1.6211 3.8911 -5.2290 0.9836 55.0487 -7.8547 0.2039
Car -1 -1 -4.0630 0.0000 186.1664 233.8133 302.3033 1.5688 1.6343 4.0354 -8.1454 1.5873 11.8043 -4.6566 0.1605
Car -1 -1 -4.1728 0.0000 179.5084 238.7366 293.1720 1.5848 1.5737 3.8409 -7.9159 1.5054 11.9695 -4.7470 0.1459
Car -1 -1 -7.8245 540.7775 177.6634 563.1480 197.9412 1.5011 1.6007 3.9059 -4.2734 0.9422 55.2021 -7.9018 0.1304
Car -1 -1 -7.7823 540.7147 177.8598 564.0151 198.6051 1.5313 1.5327 3.3997 -4.2125 0.9885 54.7651 -7.8591 0.1288
Car -1 -1 -4.6478 535.4639 176.1567 560.6161 198.0376 1.6210 1.6584 4.3413 -4.5869 0.9500 55.4398 -4.7303 0.1188
Car -1 -1 -3.9030 0.0000 191.4444 213.6383 307.1187 1.4175 1.5581 3.8227 -8.1775 1.5309 11.0479 -4.5288 0.1150
Car -1 -1 -3.8289 0.0000 178.8325 285.2703 299.8345 1.5860 1.7228 4.2120 -7.5535 1.5025 11.6923 -4.3922 0.1083
Car -1 -1 -3.6620 0.0000 185.4344 238.8228 302.5329 1.5948 1.6338 4.0754 -8.5805 1.5993 11.9901 -4.2728 0.1040
Car -1 -1 -3.4800 0.0000 192.9939 209.7112 314.3044 1.5505 1.5877 3.9876 -8.8934 1.6984 11.5566 -4.1249 0.0978
Car -1 -1 -3.6153 0.0000 190.8681 222.4238 309.9714 1.4804 1.5514 4.0133 -8.4674 1.5861 11.2799 -4.2480 0.0874
Car -1 -1 -3.9576 0.0000 179.9174 261.0605 303.8820 1.6187 1.7006 4.2858 -7.8232 1.5497 11.6441 -4.5387 0.0720
Car -1 -1 -4.2119 0.0000 185.4913 208.9234 306.0852 1.4636 1.6675 4.2602 -7.9365 1.4688 10.9464 -4.8277 0.0685
Car -1 -1 -3.5497 0.0000 187.5965 229.6880 308.3008 1.6240 1.6441 4.1774 -8.8478 1.6711 11.9744 -4.1756 0.0646
Car -1 -1 -3.6029 0.0000 190.3381 210.6435 309.1975 1.4227 1.5689 3.9114 -8.4156 1.5154 10.8857 -4.2492 0.0615
Car -1 -1 -7.6777 543.0946 178.1944 571.1039 199.4753 1.5681 1.5631 3.3663 -3.8458 1.0509 54.7271 -7.7479 0.0593
Car -1 -1 -4.0873 0.0000 184.1149 234.4491 298.0832 1.6026 1.6764 3.9388 -8.2555 1.5873 12.1071 -4.6756 0.0578
Car -1 -1 -4.4140 0.0000 186.5854 207.8401 308.1334 1.4693 1.7234 4.3628 -7.7016 1.4951 11.0809 -5.0102 0.0531
Car -1 -1 -4.6597 313.7302 180.0451 353.7856 213.1784 1.5352 1.6250 4.1717 -13.5200 1.2958 35.5415 -5.0211 0.0459
Car -1 -1 -3.0722 0.0000 181.8124 259.8470 293.8078 1.6230 1.6923 4.1895 -8.3416 1.5738 12.1931 -3.6622 0.0393
Car -1 -1 -2.8256 0.0000 184.5196 272.5669 291.1748 1.6019 1.6382 4.1473 -8.1171 1.5916 12.1285 -3.4054 0.0376
Car -1 -1 -3.4974 0.0000 179.7321 240.6690 300.7585 1.6944 1.7353 4.1714 -8.8437 1.6178 12.2751 -4.1116 0.0374
Car -1 -1 -4.3949 0.0000 188.0278 195.1490 312.7051 1.4349 1.6440 4.1844 -7.6144 1.4853 10.6145 -5.0053 0.0366
Car -1 -1 -3.5581 0.0000 181.0957 239.3338 298.6138 1.6730 1.7558 3.7739 -8.6812 1.6145 12.3014 -4.1626 0.0327
Car -1 -1 -7.7941 543.5469 178.1747 567.6539 198.8096 1.5254 1.6195 3.7913 -3.9818 1.0050 55.0450 -7.8664 0.0324
Car -1 -1 -4.6886 537.5600 177.4167 565.8508 204.7010 1.5967 1.6371 4.1849 -3.4331 1.1405 44.2024 -4.7660 0.0299
Car -1 -1 -4.7851 308.9144 180.5437 351.6731 213.4480 1.5157 1.6490 4.4275 -13.7740 1.3007 35.4674 -5.1533 0.0298
Car -1 -1 -3.5990 0.0000 185.8678 207.6547 312.3815 1.4677 1.6303 4.1234 -8.4072 1.4795 10.5728 -4.2586 0.0282
Car -1 -1 -3.5459 0.0000 182.2418 221.2565 311.4497 1.7314 1.7953 4.1569 -8.9853 1.6917 11.8798 -4.1829 0.0273
Car -1 -1 -7.5814 542.6658 177.3518 577.8671 198.4921 1.5549 1.6628 4.0448 -3.6108 0.9767 55.0241 -7.6470 0.0259
Car -1 -1 -4.1135 0.0000 176.3802 289.6321 303.2403 1.6371 1.7241 4.4231 -7.0993 1.5233 11.5342 -4.6551 0.0257
Car -1 -1 -4.7116 535.4509 178.1454 562.2334 205.3549 1.5972 1.5694 3.9516 -3.6532 1.1823 44.2300 -4.7939 0.0239
Car -1 -1 -3.9194 11.0101 176.9763 292.5102 293.6251 1.5878 1.5850 3.8926 -7.2525 1.4758 11.8683 -4.4581 0.0237
Car -1 -1 -2.5936 0.0000 189.8646 275.4776 287.3182 1.4895 1.5942 4.0990 -7.9898 1.5724 11.9315 -3.1734 0.0232
Car -1 -1 -3.0553 0.0000 181.0084 230.4803 299.1241 1.7215 1.7434 3.8940 -8.6944 1.6604 12.2044 -3.6642 0.0213
Car -1 -1 -7.2218 19.5709 185.7289 252.3231 285.7434 1.5436 1.6513 3.6266 -8.2907 1.5544 12.9825 -7.7810 0.0191
Car -1 -1 -7.3994 544.3303 177.1249 584.1321 198.0708 1.5366 1.6170 3.5795 -3.2950 0.9432 54.6982 -7.4596 0.0172
Car -1 -1 -3.8518 0.0000 187.7738 191.3422 325.9363 1.5234 1.6913 4.0878 -8.2371 1.5674 10.1743 -4.5197 0.0169
Car -1 -1 -3.9939 0.0000 184.2808 195.6514 323.1276 1.4829 1.6666 4.2627 -7.8521 1.4731 9.8543 -4.6535 0.0160
Car -1 -1 -6.7271 0.0000 184.3013 223.5198 299.1859 1.6350 1.7459 3.7712 -8.9618 1.6221 12.3027 -7.3466 0.0128
Cyclist -1 -1 -4.7163 536.2452 175.4449 544.8474 204.1315 1.7398 0.5198 1.9090 -4.2004 1.1473 44.5718 -4.8101 0.0118
Car -1 -1 -7.2778 554.9589 177.3455 604.3018 199.0812 1.5312 1.6168 4.1671 -2.0421 0.9769 52.8444 -7.3167 0.0108
Car -1 -1 -4.5562 0.0000 172.8798 200.3132 323.5140 1.6085 1.8868 4.8262 -7.1579 1.4770 10.2611 -5.1531 0.0108
Car -1 -1 -4.2957 555.6887 176.3670 597.6143 198.0303 1.5240 1.5868 4.0101 -2.2573 0.9017 52.7276 -4.3387 0.0096
Car -1 -1 -4.2748 0.0000 178.6602 190.6261 320.4954 1.4565 1.7653 4.4330 -7.4784 1.3894 9.7315 -4.9167 0.0092
Car -1 -1 -4.8198 654.6080 179.2957 680.5931 200.4998 1.4710 1.4863 3.4798 4.2444 1.0605 51.6295 -4.7387 0.0090
Car -1 -1 -4.2858 105.8698 183.6624 290.6086 290.6530 1.5958 1.4716 3.3792 -6.9284 1.5728 12.4604 -4.7844 0.0088
Car -1 -1 -2.0721 0.0000 177.1574 219.4289 293.5214 1.7832 1.9343 4.1570 -9.2353 1.6599 12.7971 -2.6875 0.0085
Car -1 -1 -6.8668 0.0000 184.9693 258.2169 285.8391 1.5313 1.7677 3.7738 -8.6050 1.5278 12.9962 -7.4424 0.0081
Car -1 -1 -4.4283 653.2823 177.9783 690.2161 200.1474 1.5246 1.5755 4.0423 4.6123 1.0270 51.6053 -4.3401 0.0064
Car -1 -1 -4.6010 558.2518 176.1691 586.6526 198.2859 1.5553 1.6210 4.2419 -2.5700 0.9193 52.7176 -4.6498 0.0057
Car -1 -1 -3.8588 135.0931 166.3974 249.9123 208.1261 1.5914 1.6003 4.0240 -16.9957 0.8739 29.5786 -4.3766 0.0045
Car -1 -1 -2.3916 571.2729 178.0945 634.8611 201.9595 1.4378 1.5991 3.9744 -0.3561 1.0090 45.2426 -2.3999 0.0036
Car -1 -1 -8.3474 580.3342 177.2443 634.3270 203.7769 1.5878 1.6077 4.1651 -0.1089 1.1109 45.2330 -8.3502 0.0035
Car -1 -1 -4.9522 549.9822 176.2132 587.6182 199.2778 1.6173 1.7267 4.5283 -2.9344 0.9862 52.8231 -5.0078 0.0028
Car -1 -1 -8.2898 587.8087 177.8333 635.3089 202.8670 1.5066 1.4884 3.8801 0.1643 1.0625 45.3358 -8.2866 0.0028
Car -1 -1 -4.7252 628.4660 176.0865 652.6421 203.3811 1.6693 1.4779 3.8444 2.0371 1.1111 45.9081 -4.6816 0.0028
Car -1 -1 -5.3948 530.5491 176.0542 583.0905 199.7049 1.6420 1.6713 3.9395 -3.7325 1.0061 51.9146 -5.4666 0.0026
Car -1 -1 -2.3430 0.0000 170.1432 237.1178 281.0294 1.8313 2.0360 4.3953 -9.5522 1.5825 13.2751 -2.9574 0.0026
Car -1 -1 -4.9376 597.0789 177.2940 634.3245 202.8100 1.5414 1.5780 3.5940 0.4326 1.0630 45.3503 -4.9286 0.0026
Car -1 -1 -4.8942 617.3359 175.0283 654.2457 202.8032 1.6951 1.6649 3.9158 1.7175 1.0735 45.9302 -4.8575 0.0022
Car -1 -1 -5.0260 609.1328 177.5640 648.2559 202.5289 1.5241 1.4692 3.5162 1.2660 1.0571 45.7810 -4.9989 0.0020
Cyclist -1 -1 -6.8732 636.2373 175.0873 664.1893 203.8795 1.7409 0.6463 1.6309 2.5821 1.1286 44.1569 -6.8156 0.0019
Car -1 -1 -4.9998 546.9113 176.8703 582.7632 199.9793 1.6042 1.5080 4.0137 -3.1703 1.0250 52.0455 -5.0608 0.0018
Car -1 -1 -4.8421 599.7010 175.2144 635.4395 201.9463 1.6191 1.7459 4.0821 0.5483 1.0135 45.6706 -4.8306 0.0017
Cyclist -1 -1 -7.4606 634.9216 176.0565 654.2919 204.7405 1.7493 0.5890 1.7289 2.2745 1.1908 44.7457 -7.4106 0.0014
Car -1 -1 -4.8590 612.7595 174.0708 648.7222 202.5640 1.7367 1.7102 4.0624 1.3935 1.0575 45.9314 -4.8292 0.0013
Car -1 -1 -5.0862 542.9042 175.8934 579.9009 199.0015 1.6089 1.5167 3.4231 -3.4020 0.9600 51.9218 -5.1517 0.0013
Car -1 -1 -4.8833 605.1100 177.4983 637.3046 202.5415 1.5292 1.4692 3.4746 0.7924 1.0581 45.7247 -4.8665 0.0013
Car -1 -1 -5.0424 546.4565 175.8963 586.9805 198.3917 1.5694 1.6077 4.3984 -3.0674 0.9194 52.4913 -5.1009 0.0010
Car -1 -1 -4.7435 609.2064 174.7449 638.2644 201.4148 1.6267 1.7186 3.9922 0.9518 0.9882 45.8502 -4.7233 0.0010
Cyclist -1 -1 -8.4694 611.3079 174.4959 636.0606 203.4535 1.7477 0.7347 1.5963 0.9442 1.1009 44.2518 -8.4486 0.0008
Cyclist -1 -1 -7.3911 636.0343 174.9866 657.3799 204.9102 1.8131 0.6442 1.6655 2.3880 1.1935 44.4397 -7.3382 0.0008
Cyclist -1 -1 -7.4214 635.2180 175.0793 656.3263 205.2520 1.8319 0.6549 1.7040 2.3367 1.2167 44.5517 -7.3698 0.0007
Cyclist -1 -1 -2.4999 607.5663 172.7502 640.6751 206.1904 2.0230 0.8208 1.9378 0.9763 1.2690 44.4076 -2.4785 0.0007
Cyclist -1 -1 -8.2793 613.7549 175.8067 635.4059 205.5320 1.8095 0.6658 1.7855 1.0080 1.2369 44.7117 -8.2574 0.0006
Cyclist -1 -1 -8.2776 617.3888 174.3799 640.6682 205.8369 1.9094 0.7446 1.8558 1.2811 1.2519 44.6341 -8.2495 0.0006
Cyclist -1 -1 -8.4387 611.8092 174.8961 637.1172 205.2306 1.8370 0.7311 1.7262 0.9955 1.2122 44.4576 -8.4169 0.0006
Car -1 -1 -4.6217 622.0868 177.5287 649.8950 204.4231 1.6247 1.4439 3.4854 1.7811 1.1605 45.2465 -4.5831 0.0004
Cyclist -1 -1 -7.6432 630.4662 176.4871 648.0046 206.4086 1.8183 0.7122 1.8933 1.9390 1.2880 44.6892 -7.6006 0.0004
Cyclist -1 -1 -6.8922 632.6597 173.4494 661.6486 203.3028 1.8140 0.6862 1.7031 2.4094 1.0992 44.4205 -6.8388 0.0004
Cyclist -1 -1 -8.1866 620.8165 175.9671 640.2794 205.7277 1.8126 0.6086 1.9393 1.3810 1.2495 44.7986 -8.1564 0.0003
