Car -1 -1 -4.5060 422.5229 173.3180 507.2349 244.0320 1.8062 1.5577 3.9741 -4.0473 1.8203 20.4528 -4.6996 0.9999
Car -1 -1 -4.4120 282.8765 192.1663 469.9387 304.8399 1.4416 1.7011 4.4154 -3.7216 1.8273 12.2071 -4.7028 0.9999
Car -1 -1 -4.6195 520.0952 175.9994 556.4957 206.3587 1.4860 1.5540 3.6328 -3.7214 1.6571 37.5145 -4.7182 0.9919
Car -1 -1 -4.4837 417.8558 173.7818 507.4339 244.0935 1.7899 1.6039 4.0120 -4.1037 1.8185 20.4523 -4.6799 0.9268
Car -1 -1 -4.4196 285.9147 192.1115 470.8192 304.8879 1.4471 1.7116 4.3556 -3.6877 1.8302 12.1847 -4.7084 0.8993
Car -1 -1 -4.6614 520.8834 176.0749 553.6094 206.2397 1.4749 1.5097 3.7107 -3.7850 1.6508 37.5737 -4.7616 0.7857
Pedestrian -1 -1 -7.7919 403.2484 169.6557 416.0745 203.1209 1.8324 0.6466 0.6081 -11.1051 1.6569 39.8714 -8.0622 0.7588
Car -1 -1 -4.6085 518.9230 177.8820 555.3818 207.3292 1.4275 1.5210 3.5283 -3.7656 1.6998 37.3485 -4.7088 0.6127
Car -1 -1 -4.6338 522.4289 177.6705 557.5638 206.5292 1.4013 1.5157 4.0804 -3.6539 1.6668 37.7740 -4.7300 0.5716
Car -1 -1 -4.2581 516.8676 178.1465 572.8460 207.2854 1.3991 1.5196 3.4402 -3.3466 1.6855 37.2044 -4.3476 0.4329
Pedestrian -1 -1 -7.6450 400.4656 168.9126 414.7835 202.3961 1.8344 0.6466 0.6225 -11.2144 1.6181 39.8600 -7.9178 0.3912
Car -1 -1 -4.3861 519.1674 176.1860 570.2869 205.9413 1.4454 1.5409 3.6948 -3.3717 1.6273 37.4699 -4.4757 0.3839
Car -1 -1 -7.5251 497.0569 166.3798 534.0361 188.0199 1.6586 1.6869 4.1002 -7.5043 1.1621 57.4796 -7.6545 0.3788
Pedestrian -1 -1 -7.7751 402.1693 169.8566 415.6455 202.8556 1.7996 0.6647 0.6655 -11.1094 1.6358 39.7385 -8.0463 0.3452
Car -1 -1 -7.6336 496.7799 167.1147 527.7780 188.1476 1.6140 1.6519 3.7929 -7.7525 1.1733 57.3297 -7.7677 0.2853
Car -1 -1 -4.7812 645.1658 168.3188 672.7716 190.9745 1.5019 1.6455 3.5324 3.3007 1.2010 49.6017 -4.7154 0.2727
Car -1 -1 -7.4162 497.2643 166.7902 537.9707 187.9559 1.6193 1.6549 4.0385 -7.3265 1.1551 57.3785 -7.5429 0.2720
Car -1 -1 -4.6712 648.0301 168.5539 673.5673 191.1579 1.4920 1.6020 3.7607 3.4904 1.2078 49.5824 -4.6017 0.2534
Car -1 -1 -4.4055 646.1807 167.0933 686.1988 190.5519 1.5444 1.6354 3.9369 3.8754 1.1648 49.6327 -4.3284 0.2047
Car -1 -1 -7.9639 628.3604 164.8869 653.0969 184.9640 1.7381 1.7429 4.3330 2.6961 1.0481 64.6859 -7.9226 0.1775
Car -1 -1 -4.2470 649.3306 166.1008 698.4421 189.8856 1.5697 1.7225 4.1032 4.4230 1.1237 49.8156 -4.1593 0.1772
Car -1 -1 -4.4382 648.8109 166.6850 688.2621 190.4964 1.5795 1.7089 4.0102 4.0712 1.1700 50.0386 -4.3578 0.1702
Car -1 -1 -4.1300 516.3696 176.8577 579.1001 206.4261 1.4248 1.4791 3.6192 -3.1991 1.6420 37.2388 -4.2155 0.1532
Car -1 -1 -7.4582 1128.8055 180.3148 1241.0000 374.0000 1.4367 1.6017 4.0126 5.3471 1.4965 4.4027 -6.6090 0.1394
Car -1 -1 -4.7717 546.2053 170.6645 576.3912 199.1971 1.6529 1.5859 4.0600 -3.0393 1.5257 43.9128 -4.8408 0.1353
Car -1 -1 -7.7492 496.4959 167.7154 522.5087 188.5109 1.5972 1.6576 3.8234 -7.9808 1.2022 57.3552 -7.8871 0.1301
Car -1 -1 -4.7558 633.8658 163.7781 654.7740 184.5276 1.7975 1.6775 4.3260 3.0221 1.0110 64.6728 -4.7096 0.1205
Car -1 -1 -4.6014 649.3293 167.2896 679.3652 190.6735 1.5535 1.6545 3.9445 3.7736 1.1835 50.0266 -4.5269 0.1191
Car -1 -1 -4.6628 636.5403 163.1647 657.8605 184.0597 1.8076 1.7008 4.2914 3.3401 0.9691 64.6380 -4.6117 0.1138
Car -1 -1 -4.6998 538.8910 171.3322 566.4811 200.0258 1.6605 1.5938 4.0762 -3.4927 1.5721 43.8423 -4.7792 0.1103
Car -1 -1 -5.7072 1097.1470 194.2221 1241.0000 374.0000 1.3925 1.5655 3.7078 4.3479 1.5474 3.3059 -4.8291 0.0964
Pedestrian -1 -1 -6.7334 654.8469 166.1152 675.1019 205.7081 1.8370 0.6330 0.7474 2.5399 1.5240 33.9089 -6.6598 0.0916
Car -1 -1 -4.7335 534.5607 171.9974 562.7144 199.9874 1.6170 1.6079 4.1590 -3.8021 1.5672 43.8371 -4.8199 0.0910
Car -1 -1 -7.3127 1136.9224 181.8764 1241.0000 374.0000 1.4202 1.6245 4.0368 5.4001 1.4842 4.0582 -6.4211 0.0800
Car -1 -1 -3.2841 508.1586 175.6020 576.8879 204.9495 1.4629 1.3579 3.3699 -3.5328 1.6084 37.2203 -3.3785 0.0753
Pedestrian -1 -1 -7.9977 652.9529 166.5104 668.5814 205.4570 1.8095 0.6258 0.7800 2.3424 1.5145 33.9365 -7.9299 0.0707
Car -1 -1 -4.7484 634.2787 164.8118 654.5176 185.9287 1.7960 1.6098 4.6326 2.9805 1.1117 63.6905 -4.7021 0.0647
Car -1 -1 -4.8334 525.1165 172.2409 561.4666 200.2459 1.6103 1.6836 4.2572 -4.1279 1.5747 43.7471 -4.9274 0.0630
Car -1 -1 -3.1304 505.0268 177.2645 566.7210 204.6673 1.3630 1.3501 3.0872 -3.8241 1.5936 36.9645 -3.2332 0.0510
Cyclist -1 -1 -3.5638 551.9022 169.9893 582.7217 200.3738 1.7558 0.6509 1.6886 -2.5411 1.5900 42.3756 -3.6237 0.0483
Car -1 -1 -2.7387 503.4826 176.4458 567.3436 203.7347 1.3568 1.4427 2.9547 -3.8834 1.5477 37.2949 -2.8421 0.0461
Car -1 -1 -3.4772 508.9236 177.1409 582.0900 205.5320 1.3799 1.4164 3.4459 -3.3286 1.6064 36.8337 -3.5671 0.0455
Car -1 -1 -4.7316 554.5192 171.8760 582.1536 199.8169 1.6195 1.5922 3.9695 -2.6048 1.5625 43.8620 -4.7910 0.0379
Car -1 -1 -4.7654 645.9728 167.3412 672.1686 191.1832 1.5913 1.6064 3.7523 3.3376 1.2231 50.0446 -4.6995 0.0361
Car -1 -1 -3.1662 494.3567 175.2054 561.6903 201.2314 1.4833 1.6281 3.8573 -4.8612 1.6247 42.3896 -3.2801 0.0349
Car -1 -1 -5.1431 509.3760 174.4057 560.6725 200.6330 1.4890 1.5739 3.8907 -4.5786 1.5862 43.2837 -5.2482 0.0332
Car -1 -1 -5.0977 510.3485 172.8745 563.6041 200.7385 1.5944 1.7024 4.2980 -4.5022 1.5954 43.5875 -5.2004 0.0316
Car -1 -1 -5.0655 518.3175 174.2286 564.4242 200.4459 1.4938 1.5637 3.7097 -4.1998 1.5799 43.3327 -5.1620 0.0311
Car -1 -1 -4.7559 648.6803 167.8502 673.8193 191.0673 1.5487 1.5644 3.8448 3.4910 1.2146 50.0705 -4.6870 0.0296
Car -1 -1 -4.8779 529.7344 173.8626 564.8899 199.9297 1.4868 1.5155 3.6269 -3.8315 1.5497 43.2501 -4.9661 0.0262
Car -1 -1 -3.1124 503.8499 178.8423 561.0131 205.6963 1.3188 1.3647 2.8291 -3.9484 1.6287 36.5790 -3.2196 0.0258
Car -1 -1 -7.0390 1132.4342 177.8791 1241.0000 374.0000 1.4435 1.6098 3.9805 5.2884 1.4770 3.7365 -6.1202 0.0220
Car -1 -1 -6.5300 1181.4108 161.1882 1241.0000 374.0000 1.4886 1.6488 4.2259 5.1711 1.4708 3.1167 -5.5429 0.0192
Car -1 -1 -3.5153 516.3566 176.9383 592.8904 205.5791 1.3882 1.3795 3.6387 -2.8542 1.6042 36.7905 -3.5927 0.0174
Car -1 -1 -5.9702 1141.6951 184.5539 1241.0000 374.0000 1.4115 1.5964 4.0941 4.5956 1.4915 2.7666 -4.9876 0.0162
Pedestrian -1 -1 -4.1873 0.0000 182.0736 56.1664 285.4203 1.6974 0.6375 0.4533 -9.8862 1.8561 12.1702 -4.8590 0.0158
Pedestrian -1 -1 -5.9426 219.7269 160.4356 230.4860 209.2533 1.9449 0.4575 0.2419 -15.5074 1.4499 28.9908 -6.4301 0.0156
Pedestrian -1 -1 -7.7125 62.6674 161.6543 101.0827 247.4661 1.8828 0.6187 0.5845 -11.9237 1.6367 16.2337 -8.3383 0.0154
Pedestrian -1 -1 -7.7457 96.4994 169.0970 136.7983 260.9619 1.7999 0.6130 0.5291 -9.9666 1.7260 14.5139 -8.3391 0.0149
Cyclist -1 -1 -4.5221 551.8218 173.5300 568.6298 201.4247 1.6117 0.7123 1.5378 -2.9619 1.6520 42.5338 -4.5917 0.0142
Car -1 -1 -5.7728 1138.6570 11.2573 1241.0000 374.0000 1.5403 1.6641 4.3956 4.2284 1.5047 2.3996 -4.7700 0.0139
Car -1 -1 -4.5802 521.8340 172.8206 562.4692 202.6093 1.5892 1.6972 4.5951 -3.8121 1.5871 40.8219 -4.6731 0.0138
Car -1 -1 -5.7542 1139.4030 193.1654 1241.0000 374.0000 1.3975 1.5645 3.9493 4.3104 1.5322 2.7586 -4.8005 0.0135
Car -1 -1 -6.2199 1159.9148 170.9509 1241.0000 374.0000 1.4528 1.6336 4.1838 4.9615 1.4508 2.8862 -5.2197 0.0122
Car -1 -1 -7.8181 510.2735 168.6028 529.6564 190.3379 2.0145 1.6837 4.5698 -8.6263 1.6202 69.2242 -7.9419 0.0115
Car -1 -1 -2.8937 484.5726 179.9596 554.6035 207.1411 1.3212 1.4044 3.2651 -4.5818 1.6886 36.4393 -3.0183 0.0108
Car -1 -1 -5.5663 1138.2043 208.0975 1241.0000 374.0000 1.3936 1.5453 3.8603 4.0736 1.6263 2.7919 -4.6452 0.0108
Pedestrian -1 -1 -5.6411 187.1665 170.9830 207.1901 225.0938 1.6181 0.4486 0.3203 -12.5293 1.5618 21.8185 -6.1573 0.0104
Car -1 -1 -6.8036 1157.8931 179.7128 1241.0000 374.0000 1.4838 1.6678 4.1462 5.3293 1.5318 3.4542 -5.8465 0.0093
Pedestrian -1 -1 -2.6012 211.8152 160.9153 224.9445 209.0626 1.9167 0.4602 0.2635 -15.7605 1.4411 28.9596 -3.0959 0.0087
Car -1 -1 -4.6526 512.8618 169.8083 532.6923 189.6954 1.8475 1.6363 4.2994 -8.3580 1.5643 69.2256 -4.7726 0.0086
Pedestrian -1 -1 -2.5846 214.2889 164.6291 225.2475 211.3094 1.8414 0.4194 0.1896 -15.5528 1.5166 28.6775 -3.0779 0.0070
Car -1 -1 -7.7686 561.6060 168.9287 583.2678 186.7175 1.5742 1.6189 4.3320 -3.4279 1.2265 66.0429 -7.8206 0.0066
Car -1 -1 -7.6235 562.7683 169.0123 590.0760 187.1761 1.6069 1.5871 4.1715 -3.0584 1.2667 66.0267 -7.6699 0.0058
Car -1 -1 -7.4302 563.1262 168.5267 598.3547 187.3907 1.6656 1.6229 4.2331 -2.6568 1.2832 65.9755 -7.4706 0.0053
Pedestrian -1 -1 -5.7675 201.4079 166.9718 224.9921 227.5432 1.8738 0.5945 0.4069 -12.4840 1.6915 22.6216 -6.2671 0.0049
Car -1 -1 -7.8962 559.9017 168.5183 579.7931 186.7855 1.6158 1.6301 4.3565 -3.7274 1.2320 66.0720 -7.9526 0.0048
Pedestrian -1 -1 -5.7246 210.2581 158.9636 222.5692 208.7361 1.9673 0.4845 0.2048 -15.7345 1.4179 28.7670 -6.2215 0.0042
Cyclist -1 -1 -7.8243 661.0728 166.9964 670.2800 200.1866 1.5862 0.4078 1.5197 2.6848 1.3059 35.2591 -7.7494 0.0040
Car -1 -1 -6.1988 648.8149 167.8136 712.8491 190.8671 1.5195 1.7078 4.1810 4.7764 1.1870 48.7755 -6.1021 0.0040
Car -1 -1 -7.7501 552.3169 166.4380 576.6360 186.5489 1.7749 1.7596 4.5451 -4.1474 1.2083 65.9850 -7.8129 0.0035
Pedestrian -1 -1 -5.8167 204.9245 170.3913 230.7091 232.1334 1.9063 0.6066 0.4878 -12.3202 1.8300 22.5879 -6.3114 0.0032
Pedestrian -1 -1 -6.5865 171.3378 169.7253 203.4190 239.4047 1.7726 0.6226 0.5616 -11.0465 1.6927 18.7728 -7.1125 0.0031
Car -1 -1 -7.7263 547.1832 166.6675 572.0133 186.3321 1.7365 1.7124 4.4650 -4.5944 1.1899 65.9959 -7.7958 0.0028
Cyclist -1 -1 -7.8805 323.4376 177.9784 343.2001 240.3121 1.7569 0.5027 1.7108 -8.2530 1.9147 21.3694 -8.2454 0.0022
Cyclist -1 -1 -7.6367 329.8390 180.0622 360.7170 242.2978 1.7414 0.5091 1.6399 -7.8207 1.9617 21.2317 -7.9861 0.0022
Cyclist -1 -1 -7.1570 149.2747 169.8427 218.5018 240.3029 1.7356 0.4986 1.8039 -11.0564 1.6612 18.7047 -7.6849 0.0018
Pedestrian -1 -1 -5.3502 156.1646 162.5972 201.4209 241.3701 1.9838 0.7391 0.6899 -11.1873 1.7252 18.6456 -5.8846 0.0018
Car -1 -1 -7.4519 6.4055 151.8918 170.2301 243.2852 1.9933 1.7419 4.2542 -12.8078 1.5358 17.9988 -8.0635 0.0016
Pedestrian -1 -1 -4.9547 172.4730 166.1970 204.5853 235.8724 1.7808 0.6223 0.5052 -11.0542 1.6103 18.8388 -5.4794 0.0015
Cyclist -1 -1 -3.8829 149.3030 166.8789 219.3618 237.9289 1.7679 0.5909 1.5870 -11.1087 1.6189 18.7992 -4.4106 0.0012
Cyclist -1 -1 -5.8902 154.5327 172.8418 229.3535 238.2458 1.6682 0.5587 1.5936 -10.9134 1.6676 18.7821 -6.4107 0.0011
Pedestrian -1 -1 -4.9975 680.6301 177.6329 700.0630 220.7720 1.6657 0.6311 0.5299 3.0977 1.8546 28.2467 -4.8901 0.0008
Pedestrian -1 -1 -7.5780 552.0346 174.0692 567.1247 202.9324 1.6670 0.7076 0.7305 -2.9780 1.7384 42.1382 -7.6486 0.0007
Cyclist -1 -1 -5.9260 159.7288 171.9954 231.8593 241.0276 1.7754 0.6000 1.5323 -10.9221 1.7530 18.9743 -6.4425 0.0006
Pedestrian -1 -1 -4.9637 754.1081 195.0665 780.5599 260.8377 1.4113 0.4664 0.4591 3.4071 1.9074 15.8841 -4.7574 0.0006
Pedestrian -1 -1 -5.7823 218.3878 170.8832 253.3801 251.9266 1.7558 0.4714 0.5206 -8.2780 1.7128 15.8748 -6.2564 0.0002
Pedestrian -1 -1 -4.6778 753.4350 193.7235 776.7955 254.1480 1.3151 0.5002 0.4540 3.4281 1.7908 16.1771 -4.4737 0.0002
Pedestrian -1 -1 -5.8547 213.1503 168.4746 245.4212 251.4261 1.7959 0.4766 0.4717 -8.4213 1.7008 15.8714 -6.3360 0.0001
Pedestrian -1 -1 -7.3521 646.9377 170.4644 663.9019 196.1511 1.7067 0.9819 0.5737 3.0168 1.5476 48.4455 -7.2907 0.0001
