Car -1 -1 -4.5230 423.4661 175.4767 517.2877 243.0139 1.5373 1.6285 4.0037 -3.5172 1.6118 18.5849 -4.7081 0.9999
Car -1 -1 -4.3504 198.2502 177.3413 438.1769 333.6086 1.5818 1.5804 3.6140 -3.4866 1.6501 9.2218 -4.7033 0.9999
Car -1 -1 -5.0134 715.4658 184.8338 940.1691 331.8705 1.5174 1.6587 4.0841 2.6115 1.7155 9.8670 -4.7633 0.9998
Car -1 -1 -8.0141 671.0740 185.3822 755.9722 247.4874 1.3858 1.5653 3.7591 2.5329 1.7444 18.7686 -7.8829 0.9996
Car -1 -1 -7.9428 639.2761 181.2487 679.2128 212.5573 1.4073 1.6176 3.5943 2.3141 1.8379 35.2223 -7.8784 0.9975
Car -1 -1 -4.7334 503.4806 178.0930 542.1782 216.6375 1.4650 1.4950 3.7683 -3.7026 1.6963 29.9317 -4.8560 0.9836
Car -1 -1 -4.8336 646.0181 181.0691 697.0124 220.5520 1.4381 1.5564 4.0236 2.3729 1.7932 29.1726 -4.7539 0.9607
Car -1 -1 -4.8289 645.2266 182.0290 698.1284 221.1624 1.4172 1.6373 4.1748 2.3797 1.8156 29.2390 -4.7492 0.9336
Car -1 -1 -4.6882 500.0575 177.7760 541.9156 217.2012 1.4972 1.6121 3.9390 -3.6880 1.7151 29.9493 -4.8102 0.8111
Car -1 -1 -7.9555 638.0204 180.9854 677.3073 212.5157 1.4207 1.5568 3.4305 2.2359 1.8363 35.1564 -7.8931 0.8042
Car -1 -1 -4.7725 633.4247 178.7843 667.8500 206.8894 1.4436 1.6467 4.0897 2.1652 1.7887 39.9777 -4.7194 0.7749
Car -1 -1 -4.8452 643.6254 181.2586 696.5480 220.8035 1.4372 1.5812 4.1109 2.3146 1.8016 29.2109 -4.7676 0.7729
Car -1 -1 -4.7553 502.4871 177.9113 542.4539 216.6886 1.4732 1.4760 3.5435 -3.7004 1.6947 29.7699 -4.8784 0.7718
Car -1 -1 -4.7607 502.6288 177.8413 545.2827 216.8850 1.4826 1.5615 3.8543 -3.6675 1.7033 29.9484 -4.8820 0.7566
Car -1 -1 -4.7488 501.3919 177.9050 542.4028 216.8391 1.4789 1.5397 3.7665 -3.7446 1.7018 29.9033 -4.8728 0.7456
Car -1 -1 -7.9662 638.3397 180.6854 679.3852 213.0811 1.4520 1.5881 3.5230 2.2810 1.8512 35.0074 -7.9023 0.6768
Car -1 -1 -4.7830 632.2720 178.4601 666.9841 207.1700 1.4740 1.6204 4.0312 2.1037 1.7993 39.8687 -4.7312 0.6736
Car -1 -1 -7.9414 641.4095 181.2180 681.2036 212.9268 1.4213 1.6087 3.5953 2.4069 1.8490 35.1119 -7.8742 0.6596
Car -1 -1 -4.8070 650.1903 181.9169 701.4897 221.2001 1.4232 1.6564 4.1592 2.5457 1.8158 29.1908 -4.7216 0.5686
Car -1 -1 -4.7973 634.4733 179.3959 671.9141 208.0839 1.4527 1.6802 4.3262 2.2844 1.8323 39.7201 -4.7408 0.5608
Car -1 -1 -7.9062 641.5528 180.8536 679.6608 213.1763 1.4574 1.6520 3.8288 2.3924 1.8711 35.4130 -7.8399 0.5430
Car -1 -1 -4.7540 504.6382 177.9362 545.5331 216.9193 1.4737 1.5114 3.5273 -3.5763 1.6952 29.6242 -4.8737 0.5207
Car -1 -1 -4.7811 651.9567 181.1513 700.5672 221.3580 1.4478 1.6458 3.7880 2.5246 1.7992 28.6770 -4.6949 0.4773
Car -1 -1 -7.8062 644.9168 180.7475 682.3281 212.9305 1.4407 1.6508 3.6629 2.6167 1.8460 35.1582 -7.7331 0.3855
Pedestrian -1 -1 -7.6589 830.4808 171.4895 846.8815 209.5282 1.6185 0.6040 0.4186 9.7915 1.5602 31.0291 -7.3564 0.2527
Pedestrian -1 -1 -7.6856 836.6726 166.1131 860.2566 218.1369 1.8025 0.6922 0.6604 8.3675 1.5687 25.4527 -7.3719 0.2399
Car -1 -1 -4.8352 632.2551 177.1626 674.9909 208.5448 1.5491 1.7054 4.6866 2.2317 1.7940 38.6686 -4.7786 0.1740
Pedestrian -1 -1 -8.4270 826.1164 171.6601 844.9099 210.8011 1.6658 0.5970 0.4964 9.6523 1.6147 31.0278 -8.1286 0.1621
Pedestrian -1 -1 -7.2986 830.8888 170.6360 850.7287 211.5480 1.7261 0.6489 0.4869 9.8228 1.6322 30.8464 -6.9936 0.1541
Pedestrian -1 -1 -7.4490 839.5458 161.3400 865.7299 215.3693 1.8654 0.6535 0.6977 8.4921 1.4676 25.3894 -7.1302 0.1489
Car -1 -1 -4.8090 635.7391 178.1318 674.8085 209.5181 1.4961 1.6083 4.0411 2.2366 1.7824 37.1328 -4.7499 0.1265
Cyclist -1 -1 -4.7817 830.5151 170.7007 846.0124 209.1614 1.6312 0.5379 1.4182 9.8681 1.5396 31.3543 -4.4800 0.0434
Car -1 -1 -8.1826 626.8324 175.2635 661.3741 195.4848 1.5691 1.6278 3.8829 2.7032 1.7714 58.5794 -8.1371 0.0401
Car -1 -1 -3.9304 630.7310 175.1261 681.5759 195.3114 1.5659 1.6699 4.1523 3.7373 1.7559 58.4261 -3.8672 0.0385
Cyclist -1 -1 -3.6646 821.1316 170.3680 857.4382 209.0346 1.6435 0.5675 1.3951 9.8356 1.5375 31.0975 -3.3614 0.0314
Car -1 -1 -8.3123 688.0571 170.4812 737.8893 196.3767 1.6155 1.6393 3.9380 6.6385 1.4672 47.1400 -8.1736 0.0312
Pedestrian -1 -1 -5.6486 143.6674 163.9212 179.3625 251.1373 1.8799 0.5634 0.4113 -9.8982 1.6871 15.8506 -6.1996 0.0300
Car -1 -1 -8.0989 699.3647 170.4553 738.9542 196.1087 1.6021 1.6490 3.8838 7.0375 1.4520 47.0745 -7.9517 0.0263
Car -1 -1 -5.0078 622.5054 174.2674 656.4834 195.1693 1.6266 1.6720 3.9421 2.3272 1.7451 58.5547 -4.9687 0.0262
Car -1 -1 -4.3812 638.6953 174.9437 672.9881 195.0990 1.5620 1.6131 3.8429 3.7207 1.7369 58.4327 -4.3183 0.0259
Car -1 -1 -4.6668 636.6860 175.8360 658.0962 195.4513 1.5219 1.5686 3.7739 3.0333 1.7715 58.5284 -4.6157 0.0255
Pedestrian -1 -1 -4.0419 834.4371 170.1606 851.1049 202.9118 1.8051 0.6401 0.6156 12.9316 1.6563 40.2049 -3.7333 0.0244
Car -1 -1 -7.9742 707.9473 170.3566 740.5269 194.5098 1.5092 1.6426 3.7741 7.3646 1.3529 46.9999 -7.8201 0.0241
Car -1 -1 -4.3937 635.1035 174.9639 668.3696 195.2480 1.5759 1.6037 3.7473 3.3918 1.7526 58.5169 -4.3365 0.0226
Pedestrian -1 -1 -4.0202 939.4963 166.9773 973.2731 241.8041 1.7703 0.5339 0.5084 8.3081 1.6309 17.4201 -3.5824 0.0221
Car -1 -1 -8.0455 682.8488 170.2030 720.9974 196.8873 1.6632 1.7147 4.0507 5.9089 1.4976 47.0505 -7.9218 0.0198
Pedestrian -1 -1 -3.0429 834.6422 170.7674 848.3586 203.3739 1.7906 0.6923 0.6627 12.8212 1.6757 40.0728 -2.7359 0.0189
Car -1 -1 -8.1478 685.0614 170.4722 729.1931 196.8763 1.6468 1.7298 4.1108 6.2584 1.4979 47.1691 -8.0171 0.0174
Car -1 -1 -4.6737 637.3111 180.3716 660.2474 200.1535 1.4679 1.6644 4.2212 3.0886 2.0880 57.3729 -4.6207 0.0163
Pedestrian -1 -1 -2.5500 830.8503 169.9643 848.0011 203.6500 1.8573 0.7030 0.6270 12.7594 1.6977 40.2472 -2.2456 0.0161
Car -1 -1 -4.9068 628.6354 177.0796 657.2031 196.0525 1.4549 1.5786 3.8697 2.5962 1.8077 58.2666 -4.8629 0.0154
Car -1 -1 -4.8023 642.6988 177.2718 665.8465 195.7442 1.4184 1.5220 3.7910 3.5167 1.7864 58.2366 -4.7427 0.0151
Car -1 -1 -4.4191 644.0757 175.6745 678.6058 194.6102 1.4534 1.6595 4.1404 4.1592 1.6896 58.2756 -4.3486 0.0147
Cyclist -1 -1 -4.9358 828.4409 172.0329 849.2759 209.9541 1.5954 0.5438 1.4381 9.8086 1.5605 31.0940 -4.6334 0.0140
Car -1 -1 -7.7712 714.1837 170.4201 744.6232 194.0525 1.4669 1.6457 3.8244 7.7529 1.3155 46.8416 -7.6085 0.0139
Car -1 -1 -4.9332 641.1375 180.2696 669.5908 199.4700 1.4255 1.4951 3.5220 3.5157 2.0288 56.8636 -4.8723 0.0132
Pedestrian -1 -1 -6.2029 709.3828 173.2232 723.5781 201.1074 1.7318 0.6053 0.8355 6.6394 1.7548 45.2108 -6.0585 0.0124
Car -1 -1 -4.9113 640.7120 179.8005 669.1784 198.7730 1.4157 1.5082 3.9065 3.5104 1.9873 57.3699 -4.8509 0.0123
Car -1 -1 -4.5740 645.3665 176.6291 670.7917 195.4014 1.4374 1.5232 3.9200 3.8798 1.7523 58.1579 -4.5081 0.0121
Car -1 -1 -4.7789 635.8516 176.2790 675.6487 209.4092 1.5796 1.7235 4.6483 2.2563 1.7670 37.2142 -4.7193 0.0107
Car -1 -1 -5.0085 517.8692 180.0185 559.3019 203.9155 1.3757 1.5047 3.8223 -4.5135 1.8409 44.8235 -5.1087 0.0107
Car -1 -1 -5.6206 712.0045 168.1668 804.4532 202.9144 1.6213 1.7613 4.3280 7.2625 1.4023 35.8802 -5.4229 0.0099
Car -1 -1 -4.8570 636.6291 181.4039 661.6927 200.7710 1.4359 1.4858 3.4239 3.0287 2.1300 56.8332 -4.8045 0.0093
Car -1 -1 -5.0529 516.8298 178.6786 558.9343 202.3352 1.3683 1.4725 3.5845 -4.5328 1.7438 44.6204 -5.1540 0.0090
Car -1 -1 -5.1157 509.2728 179.8957 556.0609 203.0357 1.3221 1.4872 3.8068 -4.8443 1.7756 44.4801 -5.2240 0.0089
Car -1 -1 -4.5702 628.3574 180.4390 654.9293 200.8755 1.5207 1.5496 4.1280 2.5281 2.1474 57.4726 -4.5269 0.0083
Car -1 -1 -5.1055 510.1130 179.1073 557.3881 202.3799 1.3414 1.5017 3.9870 -4.8179 1.7479 44.8310 -5.2124 0.0079
Car -1 -1 -1.9203 0.0000 188.8509 60.1469 374.0000 1.3171 1.6026 3.8121 -5.2837 1.4364 4.0120 -2.8094 0.0064
Pedestrian -1 -1 -5.6004 0.0000 142.5629 25.9916 242.5401 1.8962 0.5384 0.2846 -11.7077 1.3214 13.9548 -6.2892 0.0062
Cyclist -1 -1 -7.4673 203.8761 175.0400 258.3039 253.4826 1.5247 0.3983 1.6431 -7.8501 1.5721 14.9075 -7.9450 0.0057
Car -1 -1 -1.8504 0.0000 188.2173 82.2817 374.0000 1.3839 1.6726 4.0951 -5.4163 1.5118 4.4027 -2.7088 0.0056
Pedestrian -1 -1 -4.5856 0.3024 140.2442 43.1785 244.7804 1.9960 0.6105 0.3251 -11.5197 1.3730 14.0748 -5.2623 0.0053
Pedestrian -1 -1 -6.0150 0.0000 142.8042 29.5770 242.0591 1.8968 0.5564 0.3309 -11.7017 1.3222 14.1103 -6.6982 0.0052
Car -1 -1 -1.9229 0.0000 179.8212 31.5308 374.0000 1.3692 1.6229 4.0031 -5.8678 1.4251 4.4220 -2.8186 0.0048
Car -1 -1 -4.8864 524.3906 178.7086 558.7239 203.7376 1.4497 1.5068 3.6035 -4.3056 1.8273 44.6369 -4.9824 0.0047
Car -1 -1 -4.9548 707.6739 176.0641 759.1411 212.0674 1.6370 1.5715 3.8616 5.9043 1.8020 35.1480 -4.7903 0.0046
Car -1 -1 -1.9451 0.0000 161.4030 0.0000 374.0000 1.4339 1.6696 3.9447 -6.0774 1.3893 4.0866 -2.8932 0.0044
Pedestrian -1 -1 -7.1773 0.0000 141.2267 42.3316 246.8197 2.0151 0.6402 0.3533 -11.4858 1.4112 13.9473 -7.8569 0.0041
Cyclist -1 -1 -7.9682 387.7746 181.1708 412.4616 226.9847 1.4390 0.5825 1.8257 -7.0309 1.7260 23.9646 -8.2511 0.0038
Car -1 -1 -1.9903 0.0000 160.8226 5.4760 374.0000 1.4410 1.6515 3.9566 -5.6318 1.3987 3.7211 -2.9437 0.0035
Car -1 -1 -9.0702 0.0000 0.0000 1241.0000 374.0000 1.5506 1.5933 3.5894 5.8327 1.6030 1.3378 -7.7724 0.0030
Car -1 -1 -6.4839 0.0000 0.0000 1241.0000 374.0000 1.6195 1.6216 3.7677 -5.0084 1.7089 1.1024 -7.7844 0.0030
Car -1 -1 -8.9674 0.0000 0.0000 1241.0000 374.0000 1.5549 1.5896 3.5693 3.8960 1.6089 1.2328 -7.7707 0.0030
Car -1 -1 -9.0405 0.0000 0.0000 1241.0000 374.0000 1.5498 1.5869 3.5535 5.0441 1.5947 1.2789 -7.7722 0.0030
Car -1 -1 -9.0175 0.0000 0.0000 1241.0000 374.0000 1.5466 1.5907 3.5776 4.6737 1.6021 1.2767 -7.7713 0.0030
Car -1 -1 -9.0538 0.0000 0.0000 1241.0000 374.0000 1.5385 1.5939 3.5899 5.4530 1.6010 1.3261 -7.7720 0.0030
Car -1 -1 -6.5183 0.0000 0.0000 1241.0000 374.0000 1.5665 1.6201 3.6870 -4.2250 1.6460 1.0350 -7.7864 0.0030
Pedestrian -1 -1 -4.0408 917.6284 163.0222 951.0094 235.8248 1.9301 0.5485 0.6357 8.7213 1.6691 19.5197 -3.6268 0.0027
Car -1 -1 -4.4200 532.7100 176.7527 571.4372 202.3509 1.5070 1.4925 3.3672 -3.5939 1.7587 44.8298 -4.4999 0.0025
Car -1 -1 -4.6476 531.9792 177.3028 559.3547 203.9014 1.5628 1.4682 3.5364 -3.9932 1.8496 44.7757 -4.7365 0.0021
Cyclist -1 -1 -7.3147 188.4319 169.6889 257.3906 256.6164 1.6489 0.3837 1.7323 -7.8244 1.5885 14.5615 -7.8005 0.0021
Pedestrian -1 -1 -7.6587 800.4879 167.0806 814.6093 198.3748 1.8033 0.6881 0.6156 11.4654 1.4703 42.0059 -7.3944 0.0018
Cyclist -1 -1 -7.8503 464.4189 167.7350 476.4361 204.2598 1.6724 0.5411 1.7976 -6.6095 1.4377 33.9711 -8.0414 0.0016
Pedestrian -1 -1 -3.8637 913.2651 161.1038 945.3690 237.3360 2.0453 0.5772 0.5599 8.6726 1.7297 19.7197 -3.4555 0.0016
Cyclist -1 -1 -6.1041 825.8857 161.1240 876.6053 213.7550 1.8055 0.6870 1.6011 8.4548 1.4028 25.4352 -5.7872 0.0013
Cyclist -1 -1 -8.7472 1031.5831 171.3744 1144.8094 256.8006 1.5162 0.5086 1.8875 9.0163 1.4896 13.7818 -8.1781 0.0004
Pedestrian -1 -1 -5.4892 1071.5950 147.4283 1131.5081 252.9181 1.9051 0.7815 0.5161 9.0395 1.4456 13.3590 -4.9050 0.0003
Pedestrian -1 -1 -5.8448 487.9353 167.6750 497.0702 186.9902 1.8090 0.6703 0.6242 -11.0898 1.3236 67.9836 -6.0061 0.0003
Cyclist -1 -1 -8.3266 826.2208 179.1998 886.9618 250.3522 1.4690 0.4976 1.7877 5.3744 1.6174 15.9831 -8.0086 0.0002
Cyclist -1 -1 -8.1659 839.6125 185.7102 877.9673 249.4537 1.3342 0.3871 1.3896 5.4738 1.6329 16.0805 -7.8442 0.0001
