Car -1 -1 -4.4329 439.8045 184.9037 524.4957 234.1421 1.4044 1.6783 4.0455 -4.1362 1.8352 23.7104 -4.6043 0.9997
Car -1 -1 -7.8343 692.9613 176.6305 745.2032 225.2454 1.5645 1.6945 3.7464 3.8359 1.7081 25.5164 -7.6875 0.9965
Car -1 -1 -3.9869 0.0000 196.1514 220.2337 374.0000 1.5024 1.6351 4.0290 -4.9505 1.7447 5.4860 -4.6972 0.9654
Pedestrian -1 -1 -7.9597 830.3229 153.8846 869.1302 252.6344 1.8878 0.6083 1.1161 4.7151 1.5248 14.4014 -7.6501 0.9198
Car -1 -1 -4.4668 646.7509 170.9986 676.6589 193.4516 1.9243 1.6834 4.2003 4.6061 1.7650 64.0978 -4.3958 0.8889
Car -1 -1 -7.9222 705.3036 175.5517 744.6213 209.0510 1.5539 1.6624 3.5215 5.5803 1.6935 35.5893 -7.7684 0.6764
Car -1 -1 -7.7937 708.8863 175.7775 748.0527 208.7125 1.5145 1.6914 3.6878 5.8347 1.6661 35.5161 -7.6327 0.6762
Car -1 -1 -4.3520 647.5179 171.9564 680.7201 193.4416 1.8400 1.6270 4.0147 4.8080 1.7628 63.9565 -4.2776 0.6669
Car -1 -1 -4.0278 0.0000 185.6076 235.2767 374.0000 1.6073 1.7000 4.5090 -5.0415 1.7487 5.7503 -4.7250 0.6516
Car -1 -1 -4.4007 647.4706 173.4779 678.4410 193.5565 1.7129 1.6296 3.8562 4.6893 1.7695 63.7763 -4.3280 0.6296
Car -1 -1 -4.0578 0.0000 184.2551 234.7710 374.0000 1.6204 1.6579 4.0814 -4.9834 1.7460 5.9128 -4.7363 0.6209
Car -1 -1 -4.4973 645.5193 171.2067 675.2435 192.9692 1.8690 1.7865 4.2097 4.4989 1.7272 64.2367 -4.4281 0.6000
Car -1 -1 -4.4371 645.5385 172.1752 675.7847 193.2309 1.8034 1.6875 3.8695 4.4960 1.7449 63.9046 -4.3675 0.5776
Car -1 -1 -7.8801 708.3353 176.2511 745.5245 209.2013 1.5087 1.6862 3.6099 5.6356 1.6837 35.3279 -7.7237 0.5483
Car -1 -1 -3.9383 0.0000 192.3974 207.2775 374.0000 1.5117 1.6824 4.1969 -5.0747 1.7121 5.2858 -4.6783 0.5054
Car -1 -1 -4.0444 0.0000 184.6868 242.5251 374.0000 1.5671 1.6267 4.1887 -4.8817 1.6965 5.8100 -4.7210 0.4906
Car -1 -1 -3.9742 0.0000 197.6602 213.2727 374.0000 1.4578 1.5938 4.0551 -4.8398 1.7058 5.1844 -4.6999 0.4903
Car -1 -1 -3.9670 0.0000 193.7223 185.3638 374.0000 1.5066 1.6443 4.3510 -4.9218 1.7079 4.7728 -4.7400 0.4415
Car -1 -1 -8.0241 698.3710 175.7133 744.9744 208.9472 1.5455 1.6313 3.9155 5.4485 1.6952 35.8684 -7.8751 0.4183
Car -1 -1 -8.0031 693.6991 176.1516 738.2390 209.0233 1.5262 1.6256 3.7637 5.1547 1.6980 35.7665 -7.8617 0.3930
Car -1 -1 -7.7835 705.4858 175.9772 744.5945 208.9270 1.5187 1.6501 3.9074 5.7047 1.6821 35.7410 -7.6270 0.3798
Car -1 -1 -7.9398 698.5055 175.9055 739.0239 208.9813 1.5285 1.6507 3.6492 5.2674 1.6865 35.5602 -7.7945 0.3615
Car -1 -1 -7.6408 708.4803 175.2285 759.0839 208.6238 1.5281 1.6790 3.8481 6.0863 1.6512 35.4128 -7.4725 0.3382
Car -1 -1 -7.6861 707.5142 175.6471 753.9856 208.2574 1.5062 1.6476 3.9414 6.0061 1.6528 35.8235 -7.5218 0.3020
Car -1 -1 -4.4290 673.1200 174.3985 699.3672 190.0989 1.4905 1.5781 3.7734 7.5043 1.6465 70.9464 -4.3243 0.2860
Pedestrian -1 -1 -7.4531 692.6655 171.8876 706.7309 201.7379 1.8351 0.6118 0.7828 5.5424 1.7753 44.8485 -7.3314 0.2592
Pedestrian -1 -1 -7.6335 692.7651 170.9232 705.3913 201.3107 1.8778 0.6244 0.8003 5.5318 1.7582 45.0692 -7.5126 0.2471
Car -1 -1 -4.0281 0.0000 195.1175 167.8423 374.0000 1.4711 1.5895 4.3390 -4.7263 1.6771 4.4480 -4.8141 0.2377
Car -1 -1 -6.9074 691.3710 175.3531 778.3241 208.1870 1.5195 1.6938 3.9446 6.0682 1.6470 35.2678 -6.7389 0.2164
Car -1 -1 -4.6783 699.7439 176.2245 737.6663 210.5189 1.5234 1.6709 3.9216 5.2094 1.6942 34.5406 -4.5304 0.2155
Car -1 -1 -7.1161 692.1679 175.2452 769.5378 208.0915 1.5185 1.7013 3.7064 5.9211 1.6417 35.4387 -6.9525 0.2089
Car -1 -1 -4.7089 712.3132 176.0462 748.7791 209.7319 1.5114 1.6404 4.0400 5.7865 1.6749 34.9043 -4.5466 0.2082
Car -1 -1 -7.5591 709.8569 174.8484 765.0032 208.2751 1.5345 1.6680 3.6970 6.2584 1.6376 35.3906 -7.3860 0.1619
Car -1 -1 -4.6433 672.7474 174.0471 691.6751 189.7235 1.4932 1.6035 3.7397 7.1099 1.6136 71.0060 -4.5442 0.1502
Car -1 -1 -4.3309 674.6790 174.3212 704.3759 189.9125 1.4794 1.5783 3.8696 7.8270 1.6276 70.9346 -4.2218 0.1384
Car -1 -1 -4.7220 710.5439 176.6685 747.5666 210.6915 1.4800 1.6192 4.0550 5.5345 1.6706 33.9885 -4.5625 0.1378
Car -1 -1 -7.8434 691.3281 177.1795 727.1697 210.7219 1.5124 1.6321 3.7978 4.7912 1.7342 35.0459 -7.7092 0.1140
Car -1 -1 -6.6375 683.9659 176.2760 772.9777 208.3151 1.4950 1.7154 3.9263 5.7025 1.6672 35.1509 -6.4786 0.1057
Car -1 -1 -6.1108 674.8235 175.9781 756.7526 209.7176 1.5634 1.6721 3.7095 5.1116 1.7208 35.0571 -5.9677 0.0966
Car -1 -1 -4.7928 709.1378 176.1187 753.5904 211.2274 1.4810 1.6255 4.6538 5.4801 1.6421 33.2662 -4.6315 0.0909
Pedestrian -1 -1 -7.5710 695.8643 171.4386 710.1903 201.4586 1.8465 0.7040 0.7475 5.7516 1.7592 44.8648 -7.4448 0.0897
Pedestrian -1 -1 -7.6055 695.3792 170.5305 708.7827 200.8910 1.8759 0.6450 0.8434 5.7225 1.7320 45.0924 -7.4806 0.0832
Car -1 -1 -3.3312 688.5505 176.0286 774.9025 208.3102 1.5079 1.6584 3.8533 5.7761 1.6644 34.7566 -3.1684 0.0819
Cyclist -1 -1 -5.4198 800.2483 173.5794 849.6754 233.0618 1.5914 0.5014 1.4319 5.9130 1.6120 20.0780 -5.1381 0.0781
Car -1 -1 -4.5393 695.2908 176.8026 746.1518 211.7188 1.4917 1.6419 4.2517 5.1788 1.6878 33.6174 -4.3884 0.0751
Car -1 -1 -6.1744 673.8167 175.5947 754.2704 209.5874 1.6012 1.5658 3.7631 5.0816 1.7401 35.4085 -6.0336 0.0731
Car -1 -1 -4.8225 712.5402 175.8879 756.6539 208.7710 1.4615 1.6132 4.1753 5.8674 1.6156 34.5924 -4.6564 0.0682
Pedestrian -1 -1 -7.9671 704.3745 172.2794 716.2762 200.0507 1.8164 0.6904 0.7946 6.5817 1.7785 47.5974 -7.8310 0.0652
Pedestrian -1 -1 -5.2186 809.7004 172.5300 840.0931 230.7866 1.5934 0.5906 0.6038 5.9304 1.5843 20.0955 -4.9363 0.0642
Car -1 -1 -4.6369 691.8232 176.9848 732.4148 211.2310 1.4982 1.6169 3.9781 4.8476 1.7057 34.1909 -4.4978 0.0599
Car -1 -1 -4.7218 704.4940 176.5231 743.0124 212.3455 1.5006 1.6245 4.3628 5.1207 1.6795 32.9654 -4.5696 0.0523
Pedestrian -1 -1 -5.1530 814.3364 171.7936 843.1330 231.6724 1.6241 0.5799 0.5461 5.9734 1.5950 19.8842 -4.8659 0.0506
Car -1 -1 -4.9304 665.9534 173.9581 690.6776 189.8384 1.5092 1.6060 3.8982 6.6617 1.6205 70.8910 -4.8374 0.0490
Car -1 -1 -3.4782 697.2402 174.5543 795.1770 207.7178 1.5643 1.7513 4.3822 6.5985 1.6502 35.3594 -3.2957 0.0450
Car -1 -1 -4.9928 706.4398 176.4475 766.6918 210.6206 1.4585 1.5735 4.4216 5.7571 1.6367 33.5599 -4.8249 0.0439
Pedestrian -1 -1 -5.1269 819.9407 171.0749 848.3279 231.8230 1.6466 0.5814 0.5258 6.1129 1.5981 19.8540 -4.8331 0.0417
Car -1 -1 -4.7238 695.0490 176.2510 733.9250 211.6352 1.5035 1.6629 4.1809 4.7372 1.6700 33.2568 -4.5841 0.0416
Car -1 -1 -3.2003 672.8354 176.2139 752.7012 209.1111 1.5314 1.6039 3.7107 4.8529 1.6972 34.7267 -3.0631 0.0345
Car -1 -1 -4.3296 677.9452 174.0733 708.6999 189.9244 1.5018 1.6094 4.0455 8.1929 1.6248 70.8535 -4.2153 0.0322
Pedestrian -1 -1 -8.4789 699.0146 172.5082 714.8580 199.4773 1.7588 0.7054 0.7905 6.3560 1.7360 47.5715 -8.3473 0.0238
Cyclist -1 -1 -7.0239 687.8054 169.6618 714.7252 200.4196 1.8911 0.6696 1.6523 5.6755 1.6945 45.1137 -6.9000 0.0219
Cyclist -1 -1 -7.4553 692.0373 169.9069 712.1511 200.9098 1.9019 0.6496 1.6825 5.7366 1.7208 45.1541 -7.3303 0.0203
Cyclist -1 -1 -5.3102 808.6420 173.4434 854.1789 233.2050 1.6026 0.5314 1.3608 6.0976 1.6193 20.0919 -5.0203 0.0198
Cyclist -1 -1 -5.4307 801.6641 173.0714 853.1089 233.5732 1.6058 0.5300 1.4507 5.9336 1.6117 19.9252 -5.1460 0.0181
Car -1 -1 -3.5759 667.7875 174.9671 711.8220 190.6986 1.4934 1.6276 3.9439 7.7487 1.7030 70.2715 -3.4669 0.0179
Cyclist -1 -1 -4.5477 698.7621 172.3227 714.1627 199.6042 1.7663 0.7455 1.6829 6.3418 1.7316 47.6286 -4.4166 0.0176
Cyclist -1 -1 -5.4718 807.8882 172.6426 861.8016 233.6618 1.6176 0.5369 1.4884 6.1349 1.6117 19.9128 -5.1778 0.0159
Cyclist -1 -1 -7.4628 692.2763 170.1124 713.0241 201.3501 1.9109 0.7323 1.5992 5.7530 1.7429 45.0152 -7.3370 0.0153
Pedestrian -1 -1 -4.9364 137.7347 141.1595 228.9073 355.8753 2.1305 0.6854 0.7736 -4.5999 1.8158 7.6762 -5.4618 0.0141
Car -1 -1 -5.1855 657.9163 173.5187 691.6067 189.4496 1.5115 1.6200 4.0501 6.3008 1.5784 70.8194 -5.0974 0.0133
Car -1 -1 -2.2507 0.0000 206.7747 261.5917 374.0000 1.4593 1.6162 3.8505 -4.9578 1.7697 5.4720 -2.9629 0.0116
Pedestrian -1 -1 -7.9299 700.2189 172.4981 712.0921 199.4162 1.7485 0.7102 0.8077 6.2654 1.7251 47.2907 -7.7994 0.0112
Cyclist -1 -1 -3.6212 693.7703 170.5640 721.7006 198.9480 1.8485 0.7291 1.6798 6.4158 1.6990 47.6172 -3.4885 0.0104
Car -1 -1 -3.3387 698.6726 174.0173 796.2560 207.6028 1.5885 1.7672 4.3974 6.5891 1.6462 35.1025 -3.1552 0.0096
Pedestrian -1 -1 -3.1366 1048.4432 152.8748 1103.8237 288.3677 1.7463 0.6678 0.6099 6.2269 1.4885 9.7445 -2.5823 0.0096
Cyclist -1 -1 -7.5751 690.6642 170.5960 707.8855 201.0723 1.8696 0.6502 1.6254 5.5578 1.7308 45.1388 -7.4538 0.0094
Cyclist -1 -1 -8.4396 803.0148 169.8451 854.3233 233.0923 1.6534 0.5559 1.5705 5.8947 1.5744 19.6945 -8.1536 0.0092
Pedestrian -1 -1 -6.1773 632.2969 169.2498 641.9119 188.4644 1.7751 0.6425 0.8302 2.4987 1.4419 67.0363 -6.1406 0.0070
Cyclist -1 -1 -7.5260 701.3359 171.8561 719.3016 199.5723 1.7995 0.6858 1.6491 6.6116 1.7345 47.7387 -7.3897 0.0065
Cyclist -1 -1 -7.6251 120.7970 153.7879 225.1630 369.9652 2.0004 0.4846 1.9938 -4.6476 1.8237 7.7008 -8.1535 0.0063
Cyclist -1 -1 -7.5774 702.3587 172.1525 719.0540 198.7157 1.7295 0.6871 1.6067 6.6529 1.6836 47.8531 -7.4405 0.0057
Cyclist -1 -1 -2.9758 798.7873 171.1865 859.5694 232.9424 1.6512 0.5691 1.5320 5.9866 1.6063 19.8837 -2.6881 0.0055
Cyclist -1 -1 -7.6643 1037.4209 147.5095 1103.8228 292.1511 1.8066 0.4592 1.8049 6.2445 1.4897 9.8328 -7.1127 0.0055
Car -1 -1 -6.6297 687.4296 173.6328 747.4519 199.8361 1.6159 1.5115 3.4461 6.7461 1.6661 45.6459 -6.4844 0.0051
Cyclist -1 -1 -6.9804 687.8166 169.9371 717.2584 200.6334 1.8768 0.7747 1.7235 5.7275 1.6981 44.9073 -6.8549 0.0049
Pedestrian -1 -1 -6.0724 631.8992 170.4094 639.4229 188.1624 1.6380 0.6835 0.5682 2.3620 1.4121 66.9730 -6.0376 0.0039
Cyclist -1 -1 -7.1865 1021.2628 153.8855 1158.3354 289.3583 1.7307 0.5300 1.8586 6.4478 1.4880 9.7731 -6.6177 0.0037
Cyclist -1 -1 -7.4979 90.2159 145.0032 224.7001 372.9004 2.0319 0.4940 1.9553 -4.6298 1.7833 7.4395 -8.0392 0.0031
Cyclist -1 -1 -7.3419 34.5377 142.7835 220.7288 374.0000 2.0763 0.6002 2.1767 -4.9808 1.8062 7.5772 -7.9079 0.0030
Pedestrian -1 -1 -4.6644 121.4360 136.5311 206.4509 364.9601 2.1841 0.6974 0.7520 -4.6002 1.8365 7.3953 -5.2054 0.0024
Pedestrian -1 -1 -2.5562 631.1840 168.4604 643.3611 188.2544 1.8277 0.7081 0.8899 2.5181 1.4217 67.1720 -2.5192 0.0022
Pedestrian -1 -1 -2.9915 528.3421 165.8549 536.8266 194.2912 2.2583 0.6085 0.5898 -6.2072 1.7021 57.6176 -3.0987 0.0022
Car -1 -1 -7.6005 785.4557 172.6362 848.0718 208.5990 1.3525 1.6062 3.5064 8.3296 1.3440 29.0550 -7.3244 0.0021
Car -1 -1 -6.8820 684.7440 173.2681 742.4935 200.0171 1.6499 1.4710 3.4065 6.5703 1.6768 45.9631 -6.7414 0.0016
Car -1 -1 -6.9518 681.0109 172.9280 742.2437 200.4177 1.6973 1.6645 3.6349 6.4812 1.7019 46.1957 -6.8137 0.0013
Cyclist -1 -1 -8.0545 828.8280 154.7637 876.9982 256.9255 1.8939 0.5614 1.6619 4.7096 1.5582 14.2329 -7.7419 0.0010
Pedestrian -1 -1 -4.2679 1005.9658 101.5281 1140.3475 374.0000 1.6481 0.4984 0.6826 2.9198 1.2280 4.6434 -3.7350 0.0010
Car -1 -1 -4.5183 500.5320 179.2150 541.5410 204.0428 1.4215 1.7347 4.2111 -5.4739 1.8333 44.5820 -4.6402 0.0009
Pedestrian -1 -1 -2.4240 0.0000 146.9323 51.9976 312.9142 2.0013 0.6047 0.5163 -7.5208 1.6885 9.0114 -3.1051 0.0009
Cyclist -1 -1 -7.9588 830.3843 154.4084 868.8807 254.2488 1.8835 0.5513 1.5720 4.7195 1.5352 14.4375 -7.6497 0.0000
