Car -1 -1 -6.4655 672.5599 179.2777 792.4614 217.3290 1.4281 1.6414 4.3955 4.6849 1.6869 28.2367 -6.3034 0.9995
Car -1 -1 -6.3368 647.3043 178.7946 706.9195 200.4426 1.4685 1.5940 4.0539 4.6107 1.8895 50.2959 -6.2463 0.8729
Car -1 -1 -6.3316 645.4405 178.8279 702.4894 200.6216 1.4768 1.5640 3.8797 4.3865 1.8993 50.2167 -6.2454 0.8220
Car -1 -1 -6.3281 647.8920 178.5112 708.2592 200.5987 1.4966 1.6301 4.1134 4.6730 1.8976 50.2667 -6.2364 0.6772
Car -1 -1 -3.1668 644.3996 178.7201 704.3503 200.0656 1.4463 1.6884 4.1018 4.4353 1.8635 50.3892 -3.0800 0.6156
Pedestrian -1 -1 -7.8943 412.4676 173.6763 430.6574 225.0742 1.9476 0.6482 0.7591 -7.3122 1.9795 27.8130 -8.1496 0.5992
Car -1 -1 -3.1419 638.3998 178.5545 694.6351 200.5904 1.4925 1.6402 3.8472 3.9033 1.8975 50.3332 -3.0654 0.5923
Car -1 -1 -6.4410 646.3267 177.7787 712.1467 200.1531 1.5207 1.7218 4.3643 4.7798 1.8718 50.4800 -6.3476 0.4895
Pedestrian -1 -1 -7.9355 414.5391 173.3955 434.0370 224.5039 1.9365 0.6719 0.7052 -7.2013 1.9574 27.7917 -8.1873 0.3484
Car -1 -1 -3.1709 636.6025 178.8104 690.1811 200.5088 1.4693 1.5679 3.6606 3.6545 1.8904 50.1920 -3.0991 0.3250
Pedestrian -1 -1 -7.8018 410.9626 174.4750 429.8509 225.2467 1.9110 0.6601 0.7805 -7.3010 1.9738 27.6355 -8.0583 0.2375
Car -1 -1 -4.6601 502.4043 178.9684 528.1348 203.3629 1.6215 1.6163 3.3439 -6.6383 2.0643 50.5586 -4.7904 0.1426
Car -1 -1 -5.0324 747.4343 176.0424 783.9781 197.6223 1.5093 1.5410 3.6448 11.3470 1.7513 52.9224 -4.8228 0.1398
Car -1 -1 -4.6852 754.1014 173.4167 778.7623 196.4448 1.5942 1.6443 3.9321 11.3072 1.6362 52.1586 -4.4733 0.1155
Pedestrian -1 -1 -7.8482 414.6479 176.0849 433.3156 225.2863 1.8496 0.6831 0.7112 -7.1599 1.9748 27.6085 -8.1002 0.1104
Car -1 -1 -6.8513 733.9549 174.3143 797.1039 196.5820 1.5589 1.6544 4.2474 11.2267 1.6674 52.2299 -6.6411 0.0855
Car -1 -1 -5.1255 740.8524 174.3830 781.7967 196.2669 1.5378 1.5471 3.7758 11.0356 1.6540 52.9897 -4.9216 0.0841
Car -1 -1 -7.7401 743.5566 173.2026 772.4289 195.8171 1.5764 1.6459 3.7443 10.7466 1.6024 52.3933 -7.5392 0.0806
Car -1 -1 -7.6861 746.0183 173.2038 777.3787 195.7283 1.5700 1.6292 3.7676 11.0196 1.5961 52.4065 -7.4803 0.0696
Car -1 -1 -7.9682 741.8574 173.1128 770.8691 195.9788 1.6067 1.6476 3.7456 10.6166 1.6260 52.6770 -7.7708 0.0675
Car -1 -1 -5.0818 741.7126 173.4540 781.0281 195.6722 1.5583 1.5801 3.6671 10.9698 1.6034 52.6509 -4.8779 0.0633
Car -1 -1 -7.4777 742.1307 171.9832 785.3566 195.5800 1.6345 1.6944 4.0399 11.1140 1.5739 52.1309 -7.2692 0.0628
Car -1 -1 -8.1007 733.0922 172.2304 770.0573 195.5478 1.6407 1.7079 4.0448 10.2871 1.5966 52.8380 -7.9098 0.0580
Car -1 -1 -7.9155 741.5460 172.8448 768.5704 195.8129 1.6070 1.6836 3.8174 10.4844 1.6060 52.4870 -7.7198 0.0569
Car -1 -1 -6.9716 736.5640 172.6372 792.9064 195.2395 1.5719 1.6277 3.7830 11.0787 1.5566 51.7756 -6.7623 0.0543
Car -1 -1 -6.8485 733.7983 173.0094 794.4838 195.6426 1.5855 1.6316 4.0351 11.0831 1.5967 52.0342 -6.6401 0.0535
Car -1 -1 -4.3867 640.7934 174.3212 676.7590 196.6845 1.6581 1.5974 3.9742 3.7903 1.7759 55.9199 -4.3198 0.0511
Car -1 -1 -4.2048 646.3954 174.5768 690.2053 196.1258 1.5846 1.6060 4.0320 4.4952 1.7219 55.5203 -4.1248 0.0506
Car -1 -1 -4.2829 643.5347 174.3592 683.9240 196.2280 1.6153 1.5884 4.0115 4.1604 1.7358 55.7311 -4.2092 0.0498
Car -1 -1 -5.2013 734.0641 173.8541 779.6602 196.3357 1.5790 1.6141 3.9294 10.7012 1.6550 52.9778 -5.0035 0.0480
Car -1 -1 -4.7352 500.4717 178.4151 525.1320 202.6215 1.6117 1.6349 3.4394 -6.8889 2.0163 50.7081 -4.8699 0.0477
Pedestrian -1 -1 -6.2952 467.8092 178.1351 480.0718 211.0043 1.7084 0.6583 0.6265 -7.2087 1.9891 38.0101 -6.4818 0.0409
Pedestrian -1 -1 -7.2932 99.5573 181.9553 119.6726 211.6326 1.8057 0.7969 0.6458 -30.8559 2.3703 44.4494 -7.8974 0.0405
Car -1 -1 -4.5089 639.8485 174.5816 670.2992 196.6579 1.6367 1.5924 3.9648 3.5030 1.7754 55.9474 -4.4471 0.0393
Pedestrian -1 -1 -5.6790 464.0219 176.5939 481.0372 210.3491 1.7545 0.6786 0.6024 -7.2827 1.9536 38.0319 -5.8674 0.0365
Car -1 -1 -4.8628 658.9880 180.0235 691.4066 202.0119 1.4326 1.6805 3.8496 4.4689 1.9514 50.2698 -4.7752 0.0361
Car -1 -1 -6.6886 736.3469 172.7085 801.7913 195.3284 1.5835 1.6309 4.2850 11.3532 1.5730 51.7178 -6.4741 0.0357
Car -1 -1 -6.9662 729.8887 172.9582 788.0704 195.5858 1.5882 1.6341 3.9991 10.7782 1.5957 52.3079 -6.7645 0.0342
Pedestrian -1 -1 -5.6826 464.4471 175.0229 481.5586 209.3555 1.7935 0.7066 0.5949 -7.2878 1.9093 38.1915 -5.8704 0.0332
Car -1 -1 -8.1483 728.4149 172.5895 767.4643 195.9600 1.6419 1.7191 3.9542 10.0038 1.6230 52.7496 -7.9623 0.0307
Car -1 -1 -6.8939 729.9872 173.0674 788.4434 195.9099 1.6004 1.6214 3.9130 10.7458 1.6159 52.1021 -6.6920 0.0301
Car -1 -1 -6.6821 724.6472 172.8655 787.7731 196.4877 1.6679 1.7548 4.1188 10.5317 1.6685 52.2193 -6.4845 0.0288
Pedestrian -1 -1 -6.0114 467.5137 175.1300 482.0169 209.7801 1.8143 0.6892 0.5917 -7.1947 1.9356 38.1966 -6.1967 0.0271
Car -1 -1 -7.3591 97.8708 173.1565 175.8113 208.6896 1.7394 1.6096 4.1233 -24.5008 1.7557 37.4769 -7.9351 0.0269
Pedestrian -1 -1 -7.5636 98.4848 182.1685 117.1438 211.8555 1.8009 0.7965 0.6288 -30.9716 2.3799 44.4574 -8.1695 0.0263
Cyclist -1 -1 -2.5268 393.9536 174.8107 445.1755 224.8950 1.8841 0.7036 1.8432 -7.3944 1.9611 27.8465 -2.7845 0.0244
Car -1 -1 -4.2953 646.1601 175.3012 684.8156 195.6682 1.4931 1.5576 3.8019 4.2692 1.6877 55.4283 -4.2192 0.0236
Car -1 -1 -4.2288 649.1486 175.5255 691.3827 196.0766 1.5021 1.6112 3.8830 4.6298 1.7144 55.3474 -4.1462 0.0232
Car -1 -1 -4.7217 651.1584 177.5672 671.5408 198.0430 1.4745 1.4924 4.0945 3.8615 1.8471 55.0084 -4.6525 0.0226
Cyclist -1 -1 -2.5830 394.4011 172.7977 445.5304 224.5991 1.9446 0.6866 1.8081 -7.3342 1.9422 27.6831 -2.8402 0.0222
Car -1 -1 -4.7187 507.4384 179.6121 530.9921 203.1564 1.5594 1.5844 3.3760 -6.4072 2.0495 50.5867 -4.8444 0.0215
Car -1 -1 -6.3552 722.8976 172.7533 784.6844 196.1563 1.6520 1.6896 4.2537 10.2914 1.6446 52.0301 -6.1614 0.0212
Cyclist -1 -1 -7.7808 413.0331 174.3946 434.8044 224.5827 1.8603 0.6836 1.7519 -7.1811 1.9211 27.7237 -8.0325 0.0201
Car -1 -1 -4.4925 646.7957 176.8648 676.3753 196.2356 1.4175 1.5142 3.6661 3.9776 1.7371 55.5886 -4.4219 0.0191
Car -1 -1 -5.1972 519.1658 179.0687 562.5162 202.7200 1.5750 1.5469 3.5978 -4.9507 2.0304 50.9893 -5.2939 0.0188
Car -1 -1 -4.6072 637.7889 175.4428 663.4390 196.9705 1.5880 1.5689 4.0752 3.1506 1.7958 55.8756 -4.5516 0.0174
Car -1 -1 -7.4756 95.8298 173.1967 167.2940 208.4379 1.7214 1.6503 4.1969 -24.8010 1.7400 37.5093 -8.0567 0.0174
Car -1 -1 -7.5057 92.1604 170.4438 162.9937 205.0364 1.6869 1.6826 4.2864 -24.9772 1.5690 37.4659 -8.0906 0.0168
Car -1 -1 -4.7353 645.5839 177.5892 666.9184 197.2269 1.4356 1.5457 3.7012 3.5037 1.8121 55.5339 -4.6730 0.0162
Car -1 -1 -5.2253 520.9980 178.5088 568.9385 203.1330 1.6362 1.6280 3.9776 -4.6673 2.0521 51.0076 -5.3165 0.0142
Car -1 -1 -4.9005 642.4989 178.4653 672.6100 199.5136 1.5012 1.5261 4.1176 3.5383 1.9432 54.7390 -4.8368 0.0121
Cyclist -1 -1 -7.8969 411.4526 173.3683 430.9259 224.5293 1.9001 0.6465 1.8325 -7.3272 1.9203 27.7877 -8.1529 0.0105
Car -1 -1 -7.5283 498.1499 178.9760 533.9249 201.8116 1.5924 1.4624 3.8870 -6.9479 2.0631 53.4616 -7.6573 0.0084
Cyclist -1 -1 -2.1749 90.8895 176.8313 122.9034 207.2392 1.8529 0.7204 1.8307 -31.2714 2.1032 44.7991 -2.7817 0.0062
Car -1 -1 -4.1673 637.2545 177.6878 674.6465 193.7726 1.4129 1.6373 3.9614 4.2584 1.8737 66.7330 -4.1042 0.0058
Cyclist -1 -1 -4.3408 98.8696 180.3897 121.8219 208.3771 1.6867 0.6074 1.6649 -31.0705 2.1639 44.8381 -4.9442 0.0054
Car -1 -1 -4.3144 633.6642 176.7531 669.0920 193.9087 1.5179 1.7225 4.4206 3.8766 1.8939 67.2779 -4.2575 0.0054
Car -1 -1 -5.9465 644.4952 177.3837 706.0624 198.5621 1.5177 1.5790 4.3095 4.8493 1.8665 54.0033 -5.8579 0.0053
Car -1 -1 -4.4072 637.9712 177.5620 667.4712 194.5410 1.4943 1.6071 3.9905 3.9688 1.9443 66.8468 -4.3486 0.0052
Car -1 -1 -5.3017 651.1926 177.8947 696.8705 197.4643 1.3746 1.5045 3.8388 4.7014 1.7643 53.7786 -5.2154 0.0051
Car -1 -1 -4.1677 637.4865 176.7564 677.8050 193.5793 1.4774 1.7440 4.3019 4.4169 1.8500 66.6794 -4.1022 0.0045
Car -1 -1 -7.2740 83.2673 176.0215 154.8425 204.4520 1.7207 1.7007 4.3238 -31.4477 1.9333 46.3270 -7.8679 0.0042
Car -1 -1 -7.1127 96.6964 177.1682 170.5138 203.7609 1.6012 1.6614 4.0271 -30.4783 1.8901 46.2541 -7.6929 0.0041
Car -1 -1 -7.1673 87.3461 175.3694 161.5183 203.5327 1.7075 1.6903 4.1552 -31.0766 1.8760 46.2801 -7.7561 0.0040
Car -1 -1 -7.1738 93.4252 175.5104 164.8664 202.7847 1.6561 1.6576 4.0066 -30.7869 1.8338 46.2881 -7.7582 0.0035
Car -1 -1 -5.0868 621.4179 176.3037 657.5226 195.6183 1.7079 1.7487 4.7155 2.6756 2.0410 67.2139 -5.0476 0.0031
Car -1 -1 -4.9773 629.8446 177.1384 660.8058 195.8795 1.6529 1.7017 4.7012 3.2260 2.0666 67.2494 -4.9300 0.0031
Car -1 -1 -4.6662 660.8471 176.4181 680.6898 192.4137 1.3806 1.6160 3.8196 5.4905 1.7121 65.1655 -4.5829 0.0030
Car -1 -1 -4.6492 638.2836 176.7257 659.7849 195.1483 1.6241 1.7173 4.4586 3.6292 1.9952 66.8964 -4.5957 0.0027
Car -1 -1 -4.2252 495.9153 180.9523 543.8695 202.9368 1.4920 1.5156 4.6319 -6.6098 2.1161 53.1948 -4.3486 0.0026
Car -1 -1 -4.8258 632.7556 177.2881 654.7444 193.7359 1.4907 1.6570 3.7858 3.1505 1.9226 68.3867 -4.7804 0.0023
Pedestrian -1 -1 -7.5024 98.3290 178.6454 118.7391 209.3078 1.8684 0.8273 0.7524 -31.0322 2.2299 44.6102 -8.1076 0.0021
Car -1 -1 -5.3356 613.0474 176.1828 656.6546 196.2066 1.7638 1.7638 4.4356 2.2338 2.0818 66.6647 -5.3027 0.0020
Car -1 -1 -4.3972 493.5677 179.2419 531.6729 202.2342 1.5881 1.5833 4.1303 -7.1626 2.0783 53.2210 -4.5308 0.0019
Car -1 -1 -5.2395 620.9922 175.7816 659.8298 194.9236 1.6878 1.7515 4.0904 2.7443 1.9664 66.5161 -5.1989 0.0017
Car -1 -1 -4.8564 627.3980 177.7472 649.5432 193.4312 1.4266 1.5971 3.6237 2.6640 1.9050 68.6952 -4.8182 0.0016
Car -1 -1 -4.5474 630.9391 177.8498 653.9575 193.3450 1.4070 1.6201 3.6245 3.0954 1.8959 68.7106 -4.5030 0.0015
Car -1 -1 -5.0535 628.9087 175.7426 661.7459 195.7346 1.7641 1.7441 4.1054 3.1968 2.0390 66.5274 -5.0061 0.0015
Car -1 -1 -4.9137 632.5753 180.0311 656.9905 198.1815 1.5712 1.5304 3.5997 3.1247 2.2449 65.8578 -4.8670 0.0014
Car -1 -1 -4.8921 630.8594 178.7130 657.0562 198.9198 1.7413 1.7249 3.7073 3.0179 2.2868 65.2625 -4.8466 0.0014
Car -1 -1 -5.0936 619.6849 178.4153 649.1946 194.4190 1.4498 1.5849 3.5768 2.2770 1.9939 68.6733 -5.0610 0.0013
Car -1 -1 -4.7831 628.0599 178.0300 650.0828 197.5916 1.6400 1.6327 4.4028 2.5181 2.1140 63.8969 -4.7443 0.0011
Car -1 -1 -4.9287 624.0781 180.6746 649.5964 199.1396 1.5886 1.5901 3.5272 2.3877 2.3191 65.5456 -4.8930 0.0009
Car -1 -1 -5.0945 620.9333 178.9747 651.8229 198.6087 1.6827 1.5369 3.6205 2.3239 2.2506 65.0253 -5.0594 0.0008
Car -1 -1 -4.9363 629.8215 179.0527 657.5797 199.6886 1.7443 1.5817 4.1813 2.9533 2.3170 64.5077 -4.8912 0.0006
Car -1 -1 -4.6276 632.1773 178.5134 654.3893 199.3609 1.7503 1.6081 4.4176 2.9669 2.2710 64.1203 -4.5820 0.0006
Car -1 -1 -5.0248 617.6839 177.0030 648.6312 196.1530 1.6515 1.7292 3.7090 2.0346 2.0373 65.1224 -4.9942 0.0006
Pedestrian -1 -1 -3.9162 0.0000 225.0153 45.2291 362.1314 1.3367 0.4221 0.3703 -6.2061 1.8864 7.4006 -4.5966 0.0005
Pedestrian -1 -1 -4.3581 1199.6985 172.4168 1241.0000 330.2586 1.6380 0.3536 0.5164 6.6237 1.6332 7.7708 -3.6715 0.0002
Cyclist -1 -1 -7.6221 350.8153 179.6962 400.2682 291.1254 1.8374 0.4477 1.7409 -4.2130 1.9677 12.8918 -7.9328 0.0002
