Car -1 -1 -8.1629 727.5010 152.4600 910.3265 291.2508 1.8161 1.6008 3.6667 3.1385 1.4368 11.2701 -7.9029 0.9999
Car -1 -1 -7.7829 529.1215 175.7438 564.3878 206.1549 1.5088 1.6070 3.4123 -2.8088 1.2235 37.3525 -7.8624 0.9263
Pedestrian -1 -1 -7.2491 347.6876 163.1989 391.7314 257.2391 1.8325 0.6228 0.5744 -4.6684 1.4765 14.3623 -7.5635 0.8126
Car -1 -1 -7.7687 527.9618 175.0811 563.1177 205.5065 1.5087 1.5618 3.2584 -2.8666 1.1906 37.2524 -7.8500 0.7396
Pedestrian -1 -1 -7.3126 347.3360 164.1086 393.5329 256.6871 1.8071 0.6228 0.6804 -4.6709 1.4683 14.4238 -7.6260 0.7060
Pedestrian -1 -1 -8.0374 470.0015 178.9475 514.0907 256.6390 1.4909 0.7396 0.7315 -2.2184 1.4425 14.2528 -8.1946 0.7027
Pedestrian -1 -1 -7.2725 343.3976 162.4207 388.9769 256.9878 1.8395 0.6546 0.5797 -4.7305 1.4690 14.3381 -7.5912 0.6967
Pedestrian -1 -1 -7.6078 435.8304 181.5138 481.3586 256.7110 1.4510 0.7230 0.7752 -2.8660 1.4519 14.2651 -7.8081 0.6892
Pedestrian -1 -1 -3.6921 1102.5839 128.2786 1177.1311 240.8952 1.8009 0.5108 0.8330 8.7647 0.9505 11.7729 -3.0679 0.6875
Pedestrian -1 -1 -2.8698 336.6575 166.3153 373.3139 251.9488 1.7609 0.5865 0.5940 -5.2064 1.4492 15.0818 -3.2023 0.6679
Car -1 -1 -3.3931 541.2875 172.2913 606.1257 194.7878 1.5853 1.7929 4.3888 -2.0077 0.9363 52.1148 -3.4364 0.6619
Pedestrian -1 -1 -7.4191 1073.6862 134.4147 1132.3557 240.4367 1.7900 0.5793 0.7704 8.7349 0.9957 12.5749 -6.8269 0.6334
Cyclist -1 -1 -5.9492 429.4693 174.4294 518.4176 258.1618 1.6084 0.7158 1.5951 -2.5603 1.4731 14.2742 -6.1291 0.6273
Pedestrian -1 -1 -4.2032 340.9758 165.0485 380.8648 252.0875 1.7906 0.6032 0.5534 -5.0915 1.4528 15.1053 -4.5286 0.6161
Car -1 -1 -4.5818 527.4430 174.1135 568.1552 205.2980 1.5521 1.6376 4.0974 -2.7757 1.1847 37.8428 -4.6596 0.5847
Car -1 -1 -3.3856 540.6141 171.3293 611.3097 194.4287 1.6303 1.7908 4.8455 -1.8472 0.9124 52.2368 -3.4258 0.5546
Pedestrian -1 -1 -3.6770 1111.2551 126.4447 1182.6238 239.8928 1.8120 0.5123 0.7769 8.8753 0.9333 11.7654 -3.0465 0.5319
Car -1 -1 -7.7054 530.1619 175.0256 569.5132 205.3339 1.5042 1.5853 3.3030 -2.6474 1.1831 37.3569 -7.7807 0.5157
Pedestrian -1 -1 -4.2158 1081.1260 136.3185 1143.0813 241.3403 1.7720 0.5651 0.8271 8.8828 1.0103 12.5603 -3.6152 0.4521
Car -1 -1 -7.8873 527.1567 174.8800 561.4054 206.0417 1.5407 1.6335 3.5860 -3.0228 1.2136 37.3933 -7.9725 0.4072
Pedestrian -1 -1 -8.0584 479.2260 173.5468 507.5043 241.4927 1.6111 0.5875 0.4848 -2.6513 1.4230 17.3628 -8.2131 0.3644
Pedestrian -1 -1 -7.9638 475.3560 174.9379 501.8230 243.0676 1.6139 0.5746 0.5226 -2.7648 1.4590 17.3454 -8.1249 0.3552
Pedestrian -1 -1 -7.9178 657.9225 174.6294 673.8448 214.0026 1.5287 0.5708 0.7607 2.5118 1.2623 28.2751 -7.8352 0.3292
Pedestrian -1 -1 -4.3772 454.6340 182.8172 485.8916 252.7192 1.4340 0.4668 0.6332 -2.7907 1.4628 15.0966 -4.5624 0.3229
Pedestrian -1 -1 -7.8405 660.6167 175.2550 676.0722 214.8795 1.5344 0.5965 0.7797 2.6108 1.2929 28.2337 -7.7543 0.2961
Pedestrian -1 -1 -4.9089 468.2990 185.9288 492.4555 251.0957 1.3551 0.4051 0.5503 -2.6232 1.4521 15.3117 -5.0813 0.2927
Pedestrian -1 -1 -4.2355 378.4394 187.4674 402.9371 241.7553 1.3090 0.4486 0.3888 -5.1988 1.4577 17.6051 -4.5239 0.2455
Pedestrian -1 -1 -4.4495 459.7166 183.4404 485.8856 250.2950 1.3982 0.4125 0.5977 -2.7843 1.4411 15.3557 -4.6313 0.2286
Pedestrian -1 -1 -7.8208 449.9850 179.0913 491.6164 256.6859 1.4934 0.7922 0.7411 -2.6208 1.4476 14.2512 -8.0049 0.2115
Pedestrian -1 -1 -5.9170 688.1432 159.2030 706.8875 192.7479 1.8187 0.6125 0.8589 5.2688 0.6100 39.4192 -5.7899 0.2108
Pedestrian -1 -1 -4.6981 467.3241 183.8485 492.9536 253.5140 1.4296 0.5209 0.5812 -2.5851 1.4805 15.0906 -4.8704 0.1917
Pedestrian -1 -1 -4.2837 385.5070 185.8585 409.8631 240.4301 1.3143 0.4373 0.4257 -5.0204 1.4230 17.5822 -4.5632 0.1853
Pedestrian -1 -1 -7.6579 301.0275 173.5664 336.7422 262.6367 1.6306 0.5172 0.6094 -5.3426 1.4860 13.4969 -8.0338 0.1836
Pedestrian -1 -1 -7.6344 660.5492 168.7428 673.0490 199.0629 1.7695 0.6153 0.6243 3.8517 1.0251 42.3134 -7.5492 0.1633
Pedestrian -1 -1 -3.9693 377.6629 184.6311 403.4870 242.5962 1.4084 0.4256 0.4437 -5.2526 1.4877 17.7775 -4.2579 0.1579
Pedestrian -1 -1 -7.9407 658.5999 168.1630 669.9678 199.2590 1.8161 0.6044 0.6950 3.6979 1.0373 42.3010 -7.8591 0.1475
Cyclist -1 -1 -7.5309 299.8078 170.1996 349.0239 264.4211 1.7053 0.3776 1.6667 -5.3512 1.5014 13.8423 -7.8990 0.1369
Cyclist -1 -1 -7.7617 351.9512 166.1456 380.8593 258.0843 1.7596 0.4089 1.7066 -4.8082 1.4663 14.6253 -8.0795 0.1368
Pedestrian -1 -1 -8.0612 656.8721 169.0252 671.2538 199.9858 1.7963 0.6889 0.7834 3.6671 1.0726 42.1087 -7.9799 0.1308
Pedestrian -1 -1 -4.2707 1065.0481 135.8856 1119.9550 241.8602 1.7934 0.5317 0.7505 8.5539 1.0221 12.5784 -3.6882 0.1063
Pedestrian -1 -1 -7.3024 342.1264 164.3174 388.7158 255.8498 1.8061 0.6691 0.6259 -4.8156 1.4676 14.5552 -7.6221 0.1013
Cyclist -1 -1 -7.7284 346.5417 163.7119 380.7172 255.9439 1.8136 0.4751 1.6812 -4.9837 1.4644 14.9956 -8.0495 0.0976
Pedestrian -1 -1 -3.7843 1092.3141 128.4631 1156.7467 241.3925 1.8123 0.4802 0.7079 8.5225 0.9618 11.7790 -3.1736 0.0944
Car -1 -1 -8.1319 510.4789 174.2677 561.8981 206.0352 1.5562 1.6291 3.8925 -3.4496 1.2021 37.2979 -8.2286 0.0898
Car -1 -1 -7.4999 530.6228 174.8748 582.3001 205.7405 1.5254 1.5209 3.6894 -2.2984 1.1982 37.4857 -7.5658 0.0867
Pedestrian -1 -1 -3.9585 384.0975 184.6137 409.9557 241.5594 1.3821 0.4295 0.4415 -5.0884 1.4609 17.7610 -4.2390 0.0865
Pedestrian -1 -1 -5.9551 692.0740 158.4862 709.9758 192.3566 1.8353 0.6665 0.8032 5.4593 0.5884 39.4001 -5.8232 0.0834
Pedestrian -1 -1 -6.6779 692.1194 156.4646 712.6472 191.5244 1.8928 0.7003 0.9085 5.5061 0.5414 39.2376 -6.5443 0.0783
Pedestrian -1 -1 -7.7379 306.6671 170.3464 341.8603 263.5901 1.7382 0.5694 0.5479 -5.3304 1.5309 13.7273 -8.1075 0.0748
Pedestrian -1 -1 -4.1252 1082.3240 132.3155 1149.4933 241.4402 1.7991 0.5814 0.8207 8.7347 0.9888 12.2650 -3.5216 0.0671
Cyclist -1 -1 -7.3958 316.1708 165.3340 374.3976 258.9492 1.8052 0.4166 1.7023 -5.2566 1.4940 14.7211 -7.7386 0.0612
Pedestrian -1 -1 -6.8153 325.2492 166.8121 366.1656 256.0217 1.7822 0.5851 0.5740 -5.2934 1.4893 14.7582 -7.1596 0.0600
Pedestrian -1 -1 -3.5581 697.5219 157.6335 717.9924 193.9508 1.8482 0.5509 0.8937 5.4579 0.6338 36.9435 -3.4173 0.0589
Cyclist -1 -1 -7.2255 319.7485 166.9060 386.0665 255.7517 1.7556 0.4276 1.6488 -5.2118 1.4678 15.0452 -7.5591 0.0407
Car -1 -1 -7.4682 309.0899 165.4356 367.9572 196.8312 1.6813 1.6897 4.1619 -14.7696 0.8212 40.5757 -7.8201 0.0397
Car -1 -1 -7.3414 311.5195 164.8237 377.1462 196.6150 1.7001 1.6911 4.1306 -14.4444 0.8085 40.5911 -7.6861 0.0386
Pedestrian -1 -1 -7.2133 1080.5435 140.1653 1112.7493 217.1768 1.8687 0.5282 0.3865 12.1919 0.8662 17.7436 -6.6232 0.0381
Cyclist -1 -1 -7.5463 308.2985 166.6467 356.7354 263.1655 1.7899 0.3839 1.7642 -5.3317 1.5151 14.2121 -7.9047 0.0374
Pedestrian -1 -1 -3.3333 695.9622 158.2249 714.9996 194.8521 1.8697 0.5512 0.8776 5.3431 0.6818 36.9678 -3.1957 0.0335
Pedestrian -1 -1 -6.5335 525.7547 170.6650 549.0058 213.0703 1.6535 0.5120 0.8119 -2.5537 1.2314 28.3885 -6.6276 0.0325
Pedestrian -1 -1 -7.1054 524.9979 171.3026 551.4570 213.2930 1.6368 0.6196 0.8737 -2.5284 1.2396 28.5356 -7.1981 0.0325
Pedestrian -1 -1 -7.3787 1076.0344 139.0098 1107.4935 215.4499 1.8570 0.5461 0.3448 12.0926 0.8253 17.7735 -6.7931 0.0323
Car -1 -1 -7.3167 315.7748 165.4198 384.0842 197.1444 1.6939 1.7207 4.2485 -14.1298 0.8355 40.6081 -7.6545 0.0314
Cyclist -1 -1 -7.6505 432.8016 178.9666 482.3883 261.3268 1.5443 0.6455 1.7015 -2.8795 1.4974 14.3212 -7.8509 0.0302
Cyclist -1 -1 -7.7703 447.9521 176.6860 492.7137 260.3051 1.5691 0.7496 1.6850 -2.6337 1.4794 14.3551 -7.9541 0.0294
Car -1 -1 -7.2454 318.0148 165.5919 389.7235 197.4604 1.6950 1.7154 4.2329 -13.8624 0.8490 40.4754 -7.5783 0.0264
Pedestrian -1 -1 -3.6109 695.5687 158.1735 717.1137 194.9568 1.8640 0.5895 0.9255 5.3686 0.6821 36.8312 -3.4721 0.0249
Car -1 -1 -6.4318 482.7080 174.7178 541.8723 196.2485 1.4879 1.6119 3.9652 -6.3212 1.0192 50.9579 -6.5595 0.0249
Pedestrian -1 -1 -3.6342 697.1774 156.2318 719.4271 192.5403 1.8395 0.5994 0.9583 5.4704 0.5595 36.8390 -3.4927 0.0230
Pedestrian -1 -1 -7.1646 313.4799 165.9764 356.6326 262.1637 1.8554 0.5794 0.5567 -5.3071 1.5565 14.2138 -7.5215 0.0194
Cyclist -1 -1 -7.3760 374.0196 176.8335 419.3954 243.1342 1.5580 0.4268 1.5192 -5.0493 1.4489 17.6673 -7.6559 0.0192
Cyclist -1 -1 -2.9672 524.9764 170.2509 560.3857 206.7869 1.8064 0.6696 1.6766 -2.9414 1.2504 35.9228 -3.0534 0.0175
Pedestrian -1 -1 -4.3214 1080.6370 141.7898 1114.7466 215.4140 1.7558 0.5384 0.4957 12.0460 0.8093 17.4925 -3.7303 0.0169
Pedestrian -1 -1 -4.3591 1091.0021 139.4597 1122.3080 215.8915 1.8272 0.5218 0.3949 12.2695 0.8227 17.5000 -3.7596 0.0164
Cyclist -1 -1 -7.2475 377.3457 175.7964 428.0602 241.2216 1.5783 0.3873 1.6167 -5.0338 1.4412 18.1561 -7.5196 0.0146
Cyclist -1 -1 -7.7909 383.1521 177.2251 402.0315 242.7994 1.5870 0.3707 1.5007 -5.3043 1.4841 18.1575 -8.0767 0.0134
Cyclist -1 -1 -5.7534 363.9161 176.1889 437.4283 243.8106 1.6079 0.4938 1.7120 -4.9359 1.4822 17.5348 -6.0293 0.0133
Car -1 -1 -7.0474 994.9097 169.6130 1237.0000 373.0000 1.4699 1.5843 4.3684 4.6864 1.4234 3.8317 -6.2006 0.0113
Pedestrian -1 -1 -7.1050 1067.4216 133.0840 1096.3304 212.4901 1.9611 0.5220 0.3214 12.0208 0.7659 18.0329 -6.5287 0.0111
Cyclist -1 -1 -7.6693 382.2403 174.4643 408.8344 239.1951 1.5764 0.3997 1.4218 -5.2446 1.4056 18.2206 -7.9511 0.0095
Pedestrian -1 -1 -7.5302 304.2680 170.5686 341.7491 248.1948 1.6685 0.5679 0.7324 -6.1604 1.4341 15.8187 -7.9014 0.0092
Cyclist -1 -1 -7.9350 468.1337 173.2323 514.9303 259.0987 1.6142 0.7787 1.7211 -2.2733 1.4594 14.4326 -8.0940 0.0081
Cyclist -1 -1 -7.7934 377.7233 181.9681 400.0414 242.6017 1.4267 0.4431 1.5022 -5.2602 1.4393 17.6959 -8.0837 0.0062
Cyclist -1 -1 -7.5966 374.0500 171.9901 409.1200 248.7833 1.7143 0.3941 1.6278 -4.9414 1.5026 16.8552 -7.8831 0.0059
Pedestrian -1 -1 -3.7430 1107.1251 130.3106 1168.1416 238.9178 1.7962 0.5100 0.6507 9.0078 0.9502 12.1418 -3.1201 0.0055
Cyclist -1 -1 -4.4061 299.3406 173.2318 346.0951 252.1531 1.6527 0.5151 1.5690 -6.1597 1.4801 15.8421 -4.7768 0.0049
Pedestrian -1 -1 -5.9155 488.3754 169.6388 501.1221 201.6297 1.6385 0.5670 0.4821 -5.5190 1.0312 37.1206 -6.0671 0.0046
Cyclist -1 -1 -5.8028 356.7472 176.4434 421.6782 239.5033 1.5263 0.4969 1.4776 -5.2812 1.4044 17.7699 -6.0930 0.0045
Cyclist -1 -1 -4.3580 298.9414 173.7193 352.5065 254.1081 1.7003 0.5584 1.7201 -6.1693 1.5363 16.0569 -4.7248 0.0043
Car -1 -1 -5.0063 621.9838 167.3720 647.3842 184.2175 1.6235 1.5663 3.4311 3.3059 0.2615 71.0854 -4.9648 0.0042
Cyclist -1 -1 -8.1532 359.6194 174.0512 394.8296 241.9306 1.6434 0.3957 1.5763 -5.7143 1.4636 18.1520 -8.4594 0.0040
Pedestrian -1 -1 -3.7953 893.0647 160.2458 933.8577 237.9265 1.6271 0.6371 0.5197 6.6518 1.1825 15.4202 -3.3994 0.0039
Cyclist -1 -1 -7.8108 384.6422 179.5228 404.3000 244.2804 1.4906 0.3978 1.4713 -5.0098 1.4456 17.2966 -8.0940 0.0035
Cyclist -1 -1 -8.1151 354.0654 173.6860 392.6363 245.2187 1.7041 0.4727 1.7658 -5.7621 1.5185 17.9829 -8.4264 0.0034
Pedestrian -1 -1 -9.0034 1097.6823 155.3041 1126.5707 222.9674 1.8348 0.6134 0.4423 14.0617 1.1249 19.8265 -8.3978 0.0021
Pedestrian -1 -1 -7.7530 1106.3417 153.6240 1133.7072 220.6044 1.8184 0.5810 0.3834 14.2871 1.0621 19.8371 -7.1402 0.0020
Cyclist -1 -1 -7.1676 1046.8243 139.4525 1144.4575 241.2997 1.7199 0.5080 1.6345 8.6344 1.0104 12.6138 -6.5821 0.0006
Cyclist -1 -1 -7.4127 332.1618 164.1036 393.4669 259.9175 1.7868 0.4823 1.6904 -4.7449 1.4630 14.2639 -7.7339 0.0006
Pedestrian -1 -1 -5.2557 1144.9783 137.1672 1195.4066 231.8150 1.5691 0.4906 0.4773 9.5844 0.8348 12.1726 -4.6042 0.0004
Cyclist -1 -1 -5.0257 655.9174 168.6467 672.7701 199.6160 1.7958 0.5747 1.4143 3.7064 1.0506 42.4082 -4.9441 0.0001
