Car -1 -1 -8.0907 748.7711 183.5887 909.4494 298.5295 1.5302 1.6233 3.5840 3.3142 1.7319 11.7607 -7.8237 0.9999
Car -1 -1 -2.8403 322.7679 182.9342 470.0599 237.5784 1.4940 1.6215 3.7755 -6.1514 1.7972 20.8819 -3.1239 0.9998
Car -1 -1 -8.0406 715.2988 178.5902 820.1768 258.3383 1.6150 1.6447 3.8766 3.4882 1.7641 16.8414 -7.8408 0.9997
Car -1 -1 -2.7821 194.1589 184.7538 423.6923 257.4016 1.4263 1.5605 4.2053 -6.2933 1.6917 15.2736 -3.1674 0.9996
Car -1 -1 -7.9772 680.2934 182.5641 726.5417 220.2974 1.4501 1.5098 3.3008 3.8172 1.8788 30.2294 -7.8535 0.9994
Car -1 -1 -5.6621 0.0000 183.8846 339.4335 331.1431 1.5147 1.6252 4.0595 -5.5703 1.6581 8.4801 -6.2293 0.9976
Car -1 -1 -2.9423 392.3918 180.4572 505.5028 227.1409 1.5684 1.5906 3.6328 -5.6375 1.8438 25.3384 -3.1596 0.9932
Car -1 -1 -6.0446 431.6897 174.4065 537.4340 218.3656 1.7880 1.6410 4.1144 -5.2741 1.8551 30.3731 -6.2156 0.9568
Car -1 -1 -6.1346 412.2705 182.3871 527.9929 222.0938 1.4569 1.6109 4.1823 -5.3611 1.8355 27.7912 -6.3239 0.9191
Car -1 -1 -6.3111 716.9235 175.6053 792.4589 205.5848 1.6039 1.6971 4.0201 7.9354 1.7605 39.9865 -6.1171 0.8831
Car -1 -1 -7.9775 680.1504 182.9491 727.4747 220.9742 1.4591 1.5444 3.4021 3.8390 1.9064 30.2919 -7.8534 0.8389
Car -1 -1 -2.9278 447.7925 177.6555 539.3265 212.4762 1.6482 1.6979 4.1659 -5.7037 1.8898 35.3806 -3.0870 0.7680
Car -1 -1 -6.0945 483.1687 174.6630 554.7413 205.3359 1.8435 1.7133 4.1289 -5.6103 1.9572 44.4688 -6.2197 0.7426
Car -1 -1 -2.9426 386.2836 179.6540 505.9927 226.7334 1.5855 1.6865 3.8573 -5.7507 1.8333 25.4400 -3.1632 0.7359
Car -1 -1 -2.7930 450.3788 177.5740 542.1219 212.3389 1.6390 1.6963 4.1387 -5.6218 1.8795 35.5797 -2.9490 0.7110
Car -1 -1 -6.3173 714.5383 177.4883 785.5470 206.7148 1.5620 1.6613 3.7900 7.6840 1.8259 40.0261 -6.1295 0.7044
Car -1 -1 -6.0705 362.7253 181.7762 504.3490 231.3694 1.4988 1.5501 4.1361 -5.5744 1.7922 22.9269 -6.3069 0.6921
Car -1 -1 -7.8095 547.5521 178.6163 571.3689 200.6125 1.5898 1.6507 3.7057 -3.8504 2.0437 55.0051 -7.8795 0.6273
Car -1 -1 -6.2970 716.5714 176.8855 791.7657 206.1495 1.5554 1.6146 3.9882 7.8847 1.7840 39.8185 -6.1035 0.6267
Pedestrian -1 -1 -4.7158 845.1473 157.7764 861.1305 202.3411 1.9483 0.6643 0.8390 10.7515 1.2888 32.0471 -4.3952 0.6188
Car -1 -1 -2.8690 416.3576 183.4122 531.1000 222.6413 1.4382 1.6048 4.0876 -5.2756 1.8613 27.9565 -3.0544 0.6155
Car -1 -1 -5.9897 422.6447 174.1148 538.0784 217.8545 1.7728 1.7241 4.4842 -5.4625 1.8276 30.4255 -6.1664 0.6105
Car -1 -1 -3.0577 451.0072 178.2211 537.2856 213.1462 1.6396 1.6840 4.0244 -5.6279 1.9082 35.1651 -3.2158 0.5456
Car -1 -1 -6.2943 709.8223 178.8735 785.2457 207.3090 1.5095 1.6195 4.0186 7.5432 1.8519 39.9331 -6.1095 0.5410
Car -1 -1 -2.8845 425.9526 173.7012 530.3983 214.8828 1.6711 1.6401 4.0291 -5.5303 1.7075 30.2928 -3.0640 0.5091
Pedestrian -1 -1 -4.6766 843.6924 158.8009 860.3754 202.6310 1.9209 0.6779 0.8721 10.7448 1.3047 32.1486 -4.3572 0.4347
Car -1 -1 -6.3350 703.3486 177.5991 776.3972 206.4439 1.5510 1.6967 3.9190 7.1498 1.8224 40.2349 -6.1610 0.4203
Car -1 -1 -6.2257 713.3258 178.3234 787.3822 207.6617 1.5446 1.5964 3.9189 7.7011 1.8548 39.7072 -6.0361 0.3864
Car -1 -1 -6.1113 714.8508 176.5515 798.4350 206.7334 1.5730 1.6836 4.2662 7.9988 1.7832 39.5399 -5.9137 0.3756
Car -1 -1 -7.7853 546.6281 179.2464 571.0284 200.7637 1.5538 1.6227 3.3811 -3.8866 2.0540 54.8014 -7.8562 0.3750
Car -1 -1 -6.4817 713.4299 176.0522 793.2258 205.8417 1.6187 1.7530 4.1003 7.9176 1.8009 40.2879 -6.2896 0.3608
Car -1 -1 -7.8396 545.5814 178.4883 568.1092 200.8645 1.6173 1.6541 3.5399 -4.0468 2.0597 54.8816 -7.9133 0.3248
Car -1 -1 -3.0541 516.5055 178.4598 573.3469 200.5602 1.6167 1.6614 4.1116 -4.8702 2.0428 54.0424 -3.1439 0.2972
Car -1 -1 -7.8898 501.8938 177.4100 538.0595 212.7484 1.6540 1.6576 4.2275 -4.6506 1.8986 36.5635 -8.0159 0.2644
Car -1 -1 -7.9420 560.6391 177.4549 583.6871 197.7678 1.6116 1.5688 4.0340 -3.2180 2.0093 60.3089 -7.9955 0.2010
Car -1 -1 -3.1200 513.4637 178.8605 571.8754 200.4831 1.5670 1.6723 4.2726 -5.0284 2.0230 53.8267 -3.2132 0.1873
Car -1 -1 -7.7769 548.9401 178.6336 573.7314 200.4269 1.5751 1.6111 3.6253 -3.7027 2.0294 54.9344 -7.8443 0.1867
Car -1 -1 -7.8958 563.3459 177.4076 582.8358 196.9684 1.5614 1.4898 2.8869 -3.1032 1.9480 59.8027 -7.9478 0.1831
Car -1 -1 -3.1717 690.4235 179.0639 761.6221 207.0875 1.5039 1.6122 3.8429 6.3907 1.8588 40.2249 -3.0158 0.1819
Pedestrian -1 -1 -6.1052 866.6525 167.6974 873.0439 198.5079 1.8268 0.4762 0.2805 15.4713 1.5208 43.0580 -5.7628 0.1767
Car -1 -1 -7.8924 564.6839 177.0664 585.6215 197.8058 1.6517 1.5902 4.0217 -2.9693 2.0160 60.3779 -7.9417 0.1664
Car -1 -1 -6.1106 478.7542 172.1050 548.1073 201.1023 1.7517 1.6755 4.0122 -5.9549 1.7061 44.5036 -6.2432 0.1417
Car -1 -1 -3.3399 713.3453 181.3714 797.1029 210.7950 1.4807 1.6290 4.0337 7.4837 1.9341 37.6094 -3.1456 0.1370
Car -1 -1 -6.2334 713.0062 177.8324 791.1796 208.3132 1.5847 1.7851 4.0907 7.7194 1.8650 39.3115 -6.0415 0.1365
Car -1 -1 -3.1069 692.9001 179.2786 765.1664 207.3689 1.4920 1.5297 3.8768 6.5611 1.8575 39.9658 -2.9459 0.1325
Car -1 -1 -7.9351 499.3456 177.9072 536.8187 212.8545 1.6342 1.5793 3.4491 -4.6820 1.8999 36.1278 -8.0636 0.1271
Car -1 -1 -7.8175 567.0250 176.7929 588.2893 197.5953 1.6616 1.6362 4.0280 -2.7038 2.0022 60.4205 -7.8625 0.1251
Car -1 -1 -2.9940 519.1743 178.5277 574.0441 200.6456 1.6169 1.6675 3.9027 -4.7621 2.0501 54.1826 -3.0817 0.1192
Car -1 -1 -6.0655 705.9570 180.1601 782.6956 209.9235 1.5409 1.6142 3.8846 7.3318 1.9567 39.5900 -5.8842 0.1119
Car -1 -1 -5.1600 734.7007 174.4022 796.5655 204.8447 1.5393 1.5752 4.2211 8.2830 1.6274 38.9494 -4.9525 0.1110
Pedestrian -1 -1 -6.6098 866.9560 166.0843 875.3685 198.8690 1.9379 0.5308 0.3152 15.4968 1.5375 42.9183 -6.2659 0.0920
Car -1 -1 -3.3946 717.8971 180.3088 799.8656 210.1726 1.4958 1.5966 3.8925 7.6575 1.8922 37.4925 -3.1952 0.0761
Car -1 -1 -8.4146 782.4011 169.0794 820.3600 185.6480 1.4812 1.5631 3.8641 17.5968 1.1435 66.5836 -8.1576 0.0683
Pedestrian -1 -1 -7.0061 197.0801 170.4740 226.4937 215.1654 1.7841 0.6263 0.8424 -16.2126 1.6888 29.3067 -7.5078 0.0643
Pedestrian -1 -1 -6.8610 195.8872 170.2532 225.3414 214.5498 1.7593 0.5960 0.8557 -16.1884 1.6557 29.1749 -7.3640 0.0604
Car -1 -1 -3.3189 718.8651 179.3766 801.0508 209.8307 1.5199 1.6117 3.9238 7.6488 1.8638 37.2258 -3.1184 0.0579
Car -1 -1 -8.3714 787.8169 169.1540 821.2369 185.4149 1.4519 1.5356 3.2752 17.7945 1.1212 66.2033 -8.1102 0.0540
Cyclist -1 -1 -4.8883 900.9352 182.9394 940.8900 260.1295 1.5644 0.5252 1.4844 6.6517 1.7932 15.6090 -4.4931 0.0493
Car -1 -1 -8.3106 787.4070 169.5313 821.4603 185.7953 1.4554 1.5207 3.7657 17.8750 1.1578 66.5623 -8.0496 0.0492
Car -1 -1 -7.1027 0.0000 188.4081 251.8972 374.0000 1.4933 1.5252 3.2544 -3.2842 1.5996 3.3108 -7.8446 0.0484
Car -1 -1 -2.9929 528.9747 176.7526 584.8877 196.7959 1.6072 1.7293 4.3745 -4.3591 1.9327 59.2821 -3.0664 0.0477
Car -1 -1 -3.4253 800.7310 176.9010 856.3620 195.0951 1.4485 1.5264 4.0548 17.6832 1.7810 58.5678 -3.1338 0.0466
Car -1 -1 -8.1055 793.9499 169.4585 820.8100 185.7372 1.4594 1.5070 3.7001 18.1476 1.1547 66.5450 -7.8406 0.0464
Car -1 -1 -3.1896 526.9785 176.9632 584.3825 197.4663 1.6301 1.7566 4.5985 -4.4902 1.9723 58.9866 -3.2657 0.0412
Car -1 -1 -4.9658 730.0627 177.2365 784.9061 208.7217 1.5542 1.7799 4.4892 7.7573 1.8020 38.5473 -4.7692 0.0385
Cyclist -1 -1 -8.1532 1214.8790 160.4008 1241.0000 262.5706 1.7424 0.4312 1.6341 11.5350 1.5297 13.1405 -7.4444 0.0346
Car -1 -1 -6.8644 714.4958 179.2288 801.9729 210.3585 1.5327 1.6946 4.2542 7.7170 1.8799 37.7515 -6.6648 0.0344
Car -1 -1 -3.5946 710.3981 180.0448 796.4204 210.8506 1.5390 1.5645 4.1742 7.4891 1.9297 37.9422 -3.4018 0.0324
Car -1 -1 -3.4197 802.5367 177.1755 858.5226 195.4715 1.4593 1.6065 4.0751 17.9066 1.8160 58.7797 -3.1258 0.0312
Cyclist -1 -1 -8.1296 1209.7203 159.2834 1241.0000 258.2234 1.7462 0.3350 1.7415 11.7566 1.5064 13.5964 -7.4278 0.0277
Car -1 -1 -7.8390 504.1827 178.3422 537.3297 212.6753 1.6032 1.5688 3.7719 -4.4977 1.8937 36.2776 -7.9620 0.0263
Car -1 -1 -3.0483 717.2831 180.6626 799.1137 211.4618 1.4960 1.6281 3.9900 7.5901 1.9118 37.0905 -2.8486 0.0253
Cyclist -1 -1 -8.2274 1211.0538 157.6187 1241.0000 260.0325 1.7782 0.4099 1.7624 11.7845 1.5134 13.4274 -7.5184 0.0227
Pedestrian -1 -1 -5.0435 1050.2336 166.7257 1086.6979 242.6086 1.8308 0.6560 0.4051 11.1750 1.6827 17.6789 -4.4880 0.0207
Car -1 -1 -3.1324 722.5394 177.5728 808.5353 210.1608 1.5994 1.6749 4.2213 7.9249 1.8497 37.0540 -2.9238 0.0204
Car -1 -1 -8.4269 777.9756 168.5664 817.3214 185.2988 1.4928 1.6200 3.9494 17.2290 1.1100 66.5007 -8.1747 0.0203
Car -1 -1 -7.8639 502.7796 178.4739 536.2858 212.9617 1.6066 1.5840 3.8292 -4.6078 1.9044 36.2690 -7.9899 0.0190
Pedestrian -1 -1 -5.7612 0.0000 165.5896 85.1103 374.0000 1.6741 0.5717 0.4839 -3.8840 1.6300 4.6676 -6.4278 0.0177
Car -1 -1 -4.4005 727.5479 180.1056 781.2598 210.1245 1.4715 1.7134 3.8650 7.7121 1.8792 38.4916 -4.2048 0.0165
Car -1 -1 -2.7758 491.4482 178.5843 555.6902 203.1263 1.5392 1.6429 3.8305 -5.6614 1.9230 47.1063 -2.8952 0.0164
Pedestrian -1 -1 -5.0439 1052.2645 162.1091 1091.9424 246.3426 2.0173 0.7199 0.4011 11.1851 1.7597 17.5568 -4.4850 0.0164
Car -1 -1 -3.7873 97.8319 170.8896 237.2473 220.8542 1.6444 1.6596 4.0943 -15.8090 1.5794 25.9554 -4.3301 0.0156
Cyclist -1 -1 -8.2168 1201.2925 159.4305 1241.0000 261.2821 1.7758 0.3926 1.7187 11.5924 1.5414 13.4558 -7.5170 0.0152
Car -1 -1 -6.9153 721.8311 180.9269 804.1127 212.2306 1.5193 1.6066 3.9963 7.8910 1.9547 37.3804 -6.7094 0.0145
Cyclist -1 -1 -8.1455 1196.4030 159.3502 1241.0000 258.5757 1.7522 0.3706 1.7215 11.5425 1.5135 13.6066 -7.4531 0.0138
Car -1 -1 -4.5530 740.2078 177.2244 785.5092 210.0887 1.6099 1.7530 3.8644 8.0636 1.8527 38.0256 -4.3461 0.0130
Car -1 -1 -2.5785 776.6063 169.7465 819.1473 185.4388 1.4056 1.4859 3.5415 17.2518 1.1269 66.4266 -2.3257 0.0130
Car -1 -1 -7.9405 800.0255 170.0186 820.6117 185.9371 1.4256 1.5072 3.6908 18.4325 1.1714 66.5708 -7.6718 0.0111
Pedestrian -1 -1 -9.2100 1198.0547 158.3428 1241.0000 258.6854 1.8343 0.6676 0.6474 11.5742 1.5688 13.6508 -8.5179 0.0106
Pedestrian -1 -1 -6.1639 1211.3152 154.7613 1241.0000 260.6566 1.9021 0.7169 0.5852 11.5650 1.5768 13.4190 -5.4639 0.0101
Pedestrian -1 -1 -3.2195 905.7108 164.5164 920.1245 207.2077 1.6511 0.6618 0.4671 11.8291 1.3283 28.2926 -2.8276 0.0090
Pedestrian -1 -1 -6.3123 1220.2743 151.3223 1241.0000 260.0630 1.9551 0.7186 0.6137 11.7315 1.5676 13.4448 -5.6062 0.0088
Car -1 -1 -3.8707 116.7563 172.0211 239.0124 219.3449 1.5957 1.6468 3.6505 -15.6814 1.5673 26.3182 -4.4038 0.0080
Car -1 -1 -4.2346 719.0088 175.6561 792.1890 207.2717 1.5266 1.8470 4.5813 7.6143 1.6816 37.6238 -4.0370 0.0065
Car -1 -1 -7.0586 129.6558 171.3949 256.3288 218.7211 1.6297 1.7255 4.0488 -15.5172 1.5791 27.0297 -7.5757 0.0059
Car -1 -1 -6.9538 138.2355 171.2734 280.6900 220.5928 1.7190 1.8332 4.6238 -15.2112 1.6636 27.6352 -7.4532 0.0044
Car -1 -1 -4.3965 735.6547 178.2696 796.5284 210.3939 1.4957 1.7271 4.5023 7.9801 1.7893 36.7771 -4.1850 0.0034
Pedestrian -1 -1 -5.1926 299.8455 157.4705 320.2408 212.4737 2.2823 0.7073 0.3559 -12.6479 1.6437 30.3245 -5.5849 0.0027
Pedestrian -1 -1 -5.6847 334.4689 160.9224 347.0806 205.0895 2.2364 0.5735 0.3393 -13.7891 1.6320 36.8548 -6.0406 0.0022
Pedestrian -1 -1 -5.6868 334.9821 158.6815 348.8011 203.8821 2.2954 0.6224 0.3800 -13.7814 1.5754 36.9888 -6.0414 0.0012
