Car -1 -1 -7.7184 593.4498 175.3049 619.7083 196.2709 1.5805 1.5928 3.6230 -0.2657 1.7794 56.7360 -7.7235 0.9514
Car -1 -1 -4.4115 307.3422 184.5708 363.2929 216.5206 1.5188 1.6250 3.9915 -14.3644 2.1661 37.8377 -4.7724 0.8811
Car -1 -1 -7.7005 592.1439 175.0485 620.0920 196.1803 1.5935 1.6379 3.8346 -0.2989 1.7722 56.8439 -7.7061 0.8378
Car -1 -1 -4.5459 420.8746 181.1764 446.4664 199.4133 1.4707 1.5214 3.8204 -15.1260 2.2074 61.9382 -4.7848 0.7994
Car -1 -1 -4.3791 304.2787 184.8585 359.6619 215.5965 1.4440 1.5899 3.5049 -14.2524 2.0899 37.0619 -4.7442 0.7747
Car -1 -1 -7.6596 593.1575 175.0122 622.8323 196.1721 1.5945 1.6315 3.8263 -0.1499 1.7702 56.8192 -7.6627 0.7103
Car -1 -1 -7.6697 593.6901 175.3810 620.9512 195.8597 1.5397 1.5395 3.4087 -0.2084 1.7437 56.5116 -7.6738 0.7038
Car -1 -1 -4.6525 420.6774 180.9235 443.1239 199.2592 1.4725 1.6268 4.1944 -15.3181 2.1914 62.0995 -4.8937 0.6804
Car -1 -1 -4.3835 304.4822 184.2859 362.8403 215.9955 1.5025 1.6344 3.9979 -14.3861 2.1312 37.6746 -4.7462 0.6678
Car -1 -1 -4.4260 362.6341 174.8215 398.8250 199.6008 1.9648 1.7282 4.2219 -18.9356 2.1331 59.6791 -4.7323 0.6117
Car -1 -1 -4.4299 305.5578 185.5348 362.7782 216.9521 1.4846 1.6847 4.2839 -14.5077 2.1922 38.0767 -4.7920 0.6088
Car -1 -1 -7.6019 593.6999 175.4573 624.3387 196.1483 1.5552 1.5679 3.5668 -0.0720 1.7662 56.6387 -7.6036 0.6014
Car -1 -1 -7.7479 591.8980 175.0949 616.8336 195.8260 1.5591 1.6014 3.4045 -0.4404 1.7395 56.4200 -7.7561 0.5974
Car -1 -1 -4.4839 422.4487 181.2184 451.0376 199.2966 1.4585 1.5470 3.8843 -14.8639 2.1991 61.9610 -4.7187 0.5935
Car -1 -1 -4.5134 418.7871 181.2722 447.0404 199.4839 1.4553 1.6095 3.8279 -15.0568 2.1941 61.4037 -4.7532 0.5361
Car -1 -1 -4.2959 305.9991 184.8998 369.9989 216.3307 1.4826 1.6643 3.9332 -14.1250 2.1435 37.5906 -4.6533 0.5270
Car -1 -1 -4.4014 362.7820 175.3235 399.6165 199.9431 1.9437 1.6896 4.1954 -18.8365 2.1542 59.4891 -4.7070 0.5074
Car -1 -1 -4.5834 418.7018 181.5884 442.4883 199.5046 1.4386 1.5151 3.6625 -15.3345 2.2083 61.7008 -4.8263 0.3459
Car -1 -1 -4.3110 294.8748 184.3235 358.9944 217.0841 1.5091 1.6702 3.7734 -14.2711 2.1191 36.4863 -4.6817 0.3235
Car -1 -1 -7.6760 592.0151 174.9120 621.2744 195.9074 1.5570 1.6258 3.7830 -0.2531 1.7219 55.9046 -7.6809 0.2996
Car -1 -1 -4.4523 421.0508 181.0869 452.1360 199.2340 1.4459 1.6050 3.9491 -14.7128 2.1677 61.2916 -4.6872 0.2978
Car -1 -1 -4.5854 421.3093 180.6655 448.1807 199.5384 1.4837 1.6621 4.3598 -14.7631 2.1666 60.8510 -4.8227 0.2498
Car -1 -1 -4.5248 361.6060 177.0655 391.4575 201.0390 1.8672 1.6354 3.8034 -19.0387 2.2222 58.8856 -4.8365 0.2416
Car -1 -1 -4.7112 418.4617 181.2802 437.7779 199.4503 1.4583 1.5575 3.8108 -15.6078 2.2040 61.8386 -4.9578 0.1793
Car -1 -1 -4.6959 595.1394 174.9626 617.5375 196.8803 1.6107 1.6582 3.9396 -0.2790 1.7780 55.3839 -4.7013 0.1717
Car -1 -1 -4.6518 418.4060 181.0908 441.9745 200.2509 1.4947 1.6581 4.3426 -15.0741 2.2115 60.5377 -4.8952 0.1249
Pedestrian -1 -1 -6.2856 1062.1769 158.2030 1092.2255 218.3265 1.8508 0.5958 0.7836 14.6244 1.3995 22.6730 -5.7190 0.1170
Car -1 -1 -5.0644 546.0973 178.3567 581.8439 199.0393 1.4497 1.5471 3.4408 -3.4714 1.8715 53.4636 -5.1293 0.1163
Car -1 -1 -4.3304 423.4774 181.2361 458.1234 199.4952 1.4656 1.5657 3.8504 -14.4722 2.2066 61.7939 -4.5598 0.1151
Car -1 -1 -4.6564 417.5997 181.2004 440.6801 199.7324 1.4717 1.6871 3.7884 -15.3176 2.2020 61.1391 -4.9012 0.1119
Car -1 -1 -8.4936 890.2262 156.6394 958.5222 186.0101 1.8504 1.7811 4.5417 20.7307 0.8286 47.8734 -8.0874 0.1095
Car -1 -1 -8.7992 889.1578 157.9855 963.0983 187.0687 1.8490 1.7306 4.3198 21.0001 0.9034 48.1711 -8.3905 0.1015
Car -1 -1 -8.6078 887.6601 160.1880 947.7772 187.7733 1.7717 1.7287 3.5578 20.5133 0.9579 48.3098 -8.2086 0.0611
Car -1 -1 -4.8904 413.6577 180.5719 443.1236 199.1521 1.4640 1.7211 4.0342 -15.3756 2.1383 60.8679 -5.1371 0.0563
Car -1 -1 -5.8335 889.0455 160.9944 960.7304 188.1583 1.7457 1.7126 4.0720 21.0720 0.9833 48.4706 -5.4258 0.0470
Car -1 -1 -4.1393 277.1957 183.1397 355.2422 218.4084 1.5769 1.6952 3.9337 -14.4282 2.1135 35.5722 -4.5224 0.0458
Car -1 -1 -8.7699 888.2029 161.7251 949.5295 188.0006 1.7050 1.7337 3.4670 20.7922 0.9825 48.7554 -8.3692 0.0454
Car -1 -1 -8.6691 894.9407 157.2867 969.1635 186.8719 1.8775 1.9254 4.3928 21.3906 0.8893 48.1877 -8.2538 0.0394
Car -1 -1 -4.1655 553.8033 176.6322 599.2582 198.2363 1.5302 1.5947 3.9109 -2.4892 1.8233 53.9382 -4.2119 0.0389
Car -1 -1 -4.7166 416.3919 181.5383 436.0406 199.7117 1.4458 1.5711 3.7518 -15.6552 2.2081 61.3413 -4.9658 0.0370
Car -1 -1 -4.7118 422.1934 180.1065 442.9698 199.1230 1.4719 1.6146 4.1772 -14.7173 2.0947 59.7635 -4.9526 0.0345
Car -1 -1 -3.8545 555.9287 176.3339 607.0792 197.9391 1.5370 1.5948 3.6560 -2.1285 1.8047 53.7512 -3.8943 0.0314
Car -1 -1 -5.3428 536.9549 178.8377 581.9644 199.5386 1.4499 1.5539 3.5068 -3.7990 1.9081 53.4416 -5.4138 0.0302
Car -1 -1 -4.5487 555.8415 176.2043 584.4410 198.1728 1.5619 1.5348 3.8059 -2.9696 1.8209 53.8763 -4.6039 0.0287
Car -1 -1 -5.2947 535.1581 177.1031 585.7722 199.3554 1.5703 1.6338 4.3814 -3.7807 1.9012 54.0091 -5.3647 0.0260
Car -1 -1 -6.0720 889.7783 161.1054 965.9200 188.8983 1.7931 1.7020 4.4306 21.3154 1.0348 48.5331 -5.6606 0.0242
Car -1 -1 -4.4875 411.9721 180.1016 442.6526 199.8452 1.5236 1.5704 4.0812 -14.9835 2.1391 59.2486 -4.7344 0.0214
Car -1 -1 -5.9278 529.0311 178.2708 583.0977 198.7981 1.4554 1.5916 3.6416 -3.9889 1.8632 53.0949 -6.0028 0.0212
Car -1 -1 -6.1999 890.6354 161.4029 962.6411 189.8466 1.8561 1.7274 4.3415 21.4015 1.1085 48.8726 -5.7896 0.0210
Car -1 -1 -5.3076 537.0141 176.9724 582.9000 199.0359 1.5617 1.5679 3.7617 -3.7902 1.8795 53.7690 -5.3780 0.0199
Car -1 -1 -5.6901 530.5637 177.4959 582.9436 198.6812 1.4997 1.5730 3.5959 -3.9735 1.8527 53.3406 -5.7645 0.0197
Car -1 -1 -3.4232 543.9033 177.0567 596.1879 198.1906 1.5142 1.4788 3.6016 -2.9959 1.8330 53.5046 -3.4793 0.0197
Car -1 -1 -5.8076 888.9208 162.2052 956.2976 188.3559 1.6952 1.6968 3.8261 21.0615 1.0046 48.7878 -5.4024 0.0188
Pedestrian -1 -1 -7.2540 1050.8314 175.8288 1070.7592 216.5864 1.7539 0.5881 0.4455 19.6101 1.8847 31.4604 -6.7013 0.0186
Car -1 -1 -4.5172 409.4842 179.4021 441.1917 198.4388 1.4906 1.7946 4.0920 -15.3422 2.0540 60.0273 -4.7667 0.0164
Car -1 -1 -4.2578 400.5879 178.2772 442.3165 199.2569 1.6242 1.6561 4.1520 -15.4408 2.0854 59.1964 -4.5122 0.0158
Car -1 -1 -4.4005 286.0230 183.1376 347.4580 219.3685 1.5942 1.5913 4.0281 -14.1723 2.1219 34.9855 -4.7831 0.0157
Car -1 -1 -4.1264 267.8049 181.9997 347.2473 219.3108 1.6492 1.6556 3.9189 -14.6140 2.1189 34.9955 -4.5196 0.0156
Car -1 -1 -4.9688 548.6102 176.8505 582.2889 198.9725 1.5685 1.5666 3.9244 -3.4028 1.8791 54.0287 -5.0318 0.0155
Car -1 -1 -5.4969 532.0352 177.0940 582.3181 198.5866 1.5215 1.5672 3.6992 -3.9744 1.8467 53.5924 -5.5710 0.0147
Car -1 -1 -5.1284 544.6217 176.9671 583.3508 198.6392 1.5329 1.5440 3.6169 -3.4899 1.8501 53.7407 -5.1933 0.0144
Car -1 -1 -6.3994 890.2360 161.6878 958.2503 189.7480 1.8610 1.7388 4.0773 21.3595 1.1201 49.2708 -5.9927 0.0140
Car -1 -1 -3.7647 556.7413 176.7046 615.6718 198.8397 1.5694 1.6540 4.2185 -1.7769 1.8665 53.7766 -3.7980 0.0116
Car -1 -1 -3.8315 257.2003 183.4878 351.0533 220.0455 1.6122 1.7231 4.0540 -14.9106 2.1643 35.2914 -4.2289 0.0111
Car -1 -1 -5.1752 540.2654 176.5500 585.6299 199.5148 1.6230 1.6190 4.3290 -3.5966 1.9109 54.0023 -5.2418 0.0109
Car -1 -1 -4.3038 570.8592 176.0030 602.1898 192.7714 1.5549 1.6028 3.9306 -2.2581 1.8686 69.8267 -4.3364 0.0103
Car -1 -1 -4.7792 570.1529 176.5998 589.0901 193.2953 1.5488 1.5720 3.8555 -2.9839 1.9215 69.8375 -4.8221 0.0094
Car -1 -1 -4.0361 568.8293 175.9324 614.1441 193.4909 1.6202 1.7449 4.8390 -1.7690 1.9286 69.8952 -4.0616 0.0090
Car -1 -1 -4.9465 563.9617 176.8447 589.2397 193.1293 1.5041 1.5730 3.9073 -3.2779 1.9012 69.7644 -4.9936 0.0083
Car -1 -1 -4.9173 564.9848 176.7581 591.0475 193.3872 1.5327 1.6496 4.4387 -3.1559 1.9237 69.9643 -4.9626 0.0082
Car -1 -1 -4.4634 569.7560 176.2226 595.6937 192.7624 1.5346 1.6006 3.8982 -2.6293 1.8702 69.8653 -4.5012 0.0081
Car -1 -1 -5.7342 980.6998 179.3563 1066.0660 208.1672 1.3214 1.5888 3.3280 20.3862 1.6600 35.7637 -5.2200 0.0076
Car -1 -1 -4.4541 569.2306 175.8665 596.6696 193.1533 1.6022 1.6279 4.2487 -2.6043 1.9032 69.9105 -4.4916 0.0075
Car -1 -1 -4.7062 571.6433 176.2423 588.5695 193.1816 1.5704 1.5890 4.3081 -2.9056 1.9088 69.9444 -4.7479 0.0074
Car -1 -1 -6.1965 976.3862 177.8491 1053.9473 208.6910 1.4548 1.5659 3.2667 20.2188 1.7153 36.1032 -5.6899 0.0061
Car -1 -1 -4.3247 568.9856 175.9707 601.7728 193.1451 1.5888 1.6553 4.3512 -2.3655 1.9006 69.9217 -4.3588 0.0059
Car -1 -1 -5.7109 978.5923 176.6057 1060.6322 208.5572 1.5030 1.5869 3.2266 20.4278 1.7001 36.1600 -5.2006 0.0058
Car -1 -1 -5.5225 983.5469 177.1703 1074.9786 207.7993 1.3903 1.6886 3.7246 20.4015 1.6136 35.3484 -5.0030 0.0058
Car -1 -1 -5.9462 999.2333 177.2271 1099.1414 209.5726 1.4771 1.5191 3.9142 21.4847 1.7039 35.4795 -5.4058 0.0054
Car -1 -1 -5.9968 995.3260 179.4534 1074.4731 208.6864 1.3574 1.4658 3.1053 21.0493 1.7001 35.8711 -5.4701 0.0052
Car -1 -1 -6.1621 984.6163 178.5847 1060.8970 207.2008 1.3450 1.5356 3.1550 20.5884 1.6437 36.0900 -5.6476 0.0049
Car -1 -1 -5.8380 999.7786 178.5291 1089.4080 208.5678 1.3723 1.4788 3.4803 21.2909 1.6660 35.5224 -5.3021 0.0042
Car -1 -1 -5.7876 972.7843 178.1045 1057.6556 208.5877 1.4133 1.5851 3.3275 20.0704 1.6876 35.9111 -5.2818 0.0040
Car -1 -1 -3.8954 388.6259 178.5907 442.8393 200.0203 1.6492 1.7148 4.2611 -15.8610 2.1360 59.0027 -4.1572 0.0038
Car -1 -1 -5.0670 1108.6562 185.8097 1190.8818 226.9734 1.4392 1.4184 3.5310 21.0257 1.9812 28.3102 -4.4337 0.0037
Car -1 -1 -6.3764 997.6346 180.2870 1071.6217 208.3063 1.3280 1.4508 3.0682 21.1917 1.7140 36.1909 -5.8506 0.0036
Car -1 -1 -6.5417 970.6396 181.0315 1054.1273 209.4908 1.3465 1.5580 3.3419 19.9491 1.7669 35.9643 -6.0392 0.0034
Car -1 -1 -4.3426 314.7047 181.9866 353.7960 200.4426 1.3932 1.6111 4.0241 -22.3214 2.1586 58.4800 -4.7060 0.0030
Pedestrian -1 -1 -5.6592 988.9478 152.3687 1025.6492 212.1013 2.2233 0.8236 0.9147 15.0617 1.4605 27.4469 -5.1622 0.0029
Car -1 -1 -5.2970 886.8452 177.7055 964.6201 214.4402 1.5190 1.5004 3.4566 13.9430 1.7472 32.1539 -4.8917 0.0025
Car -1 -1 -6.3920 968.8832 180.6429 1049.3025 209.4307 1.3612 1.6585 3.3692 19.9515 1.7678 36.2854 -5.8931 0.0023
Car -1 -1 -6.3353 984.0345 179.5832 1057.9849 208.7419 1.3861 1.4794 3.1495 20.5619 1.7370 36.2896 -5.8237 0.0020
Car -1 -1 -4.9569 1122.0742 184.2202 1193.1212 227.5742 1.5273 1.4089 3.3811 21.2741 2.0002 28.2097 -4.3164 0.0017
Car -1 -1 -4.5655 62.9026 185.8583 96.5524 206.9231 1.4755 1.5503 3.5739 -40.3163 2.4993 54.8808 -5.1970 0.0009
Cyclist -1 -1 -5.3176 1120.7966 171.2226 1174.2166 232.6909 1.8022 0.5162 1.5250 16.2548 1.7541 21.9238 -4.6865 0.0009
Cyclist -1 -1 -5.1058 1114.6514 170.8682 1160.8121 231.0279 1.7866 0.5969 1.5278 16.1913 1.7273 22.2394 -4.4833 0.0008
Cyclist -1 -1 -5.0568 1112.1248 176.2232 1150.1207 229.8028 1.5882 0.5075 1.3616 15.9684 1.6950 22.2033 -4.4401 0.0007
Car -1 -1 -4.6333 61.9104 183.1737 91.6939 205.7674 1.5953 1.5299 3.5692 -40.3510 2.4036 54.6187 -5.2674 0.0004
Pedestrian -1 -1 -4.5927 954.8165 168.7022 972.1659 204.1743 1.7450 0.7222 0.5033 17.5490 1.5405 35.9022 -4.1416 0.0004
Pedestrian -1 -1 -3.5600 890.4370 163.5060 903.3099 188.9767 1.7288 0.6286 0.6136 19.5665 1.0940 49.3006 -3.1844 0.0002
