Car -1 -1 -4.0029 15.9093 200.7804 111.8400 235.1835 1.4860 1.5738 4.1273 -27.6883 2.9881 36.7054 -4.6459 0.9762
Car -1 -1 -7.7883 531.1428 174.1942 553.0555 192.6625 1.5441 1.6340 4.0556 -5.8908 1.6640 62.6741 -7.8819 0.8047
Car -1 -1 -4.0075 18.8697 198.9161 112.5598 234.0867 1.5357 1.5318 4.0486 -27.5507 2.9335 36.6398 -4.6489 0.6985
Car -1 -1 -3.9944 15.8354 197.1286 114.9879 233.2556 1.5939 1.7056 4.1831 -27.7327 2.9066 36.8751 -4.6359 0.6584
Car -1 -1 -7.7069 531.9290 174.3300 556.7557 192.7597 1.5376 1.6011 3.8069 -5.6755 1.6691 62.4569 -7.7974 0.5872
Car -1 -1 -7.8414 530.1674 174.2581 549.5098 192.6466 1.5325 1.6144 3.7856 -6.0664 1.6573 62.3836 -7.9383 0.5864
Car -1 -1 -4.0566 16.2892 198.4589 108.7973 235.0536 1.6097 1.6638 3.9349 -27.5945 2.9742 36.4819 -4.7009 0.5750
Car -1 -1 -7.6081 530.8322 173.6166 560.9572 192.5634 1.5847 1.6148 4.2970 -5.5598 1.6531 62.7787 -7.6964 0.5249
Car -1 -1 -7.8531 530.4910 173.4629 549.9897 192.4473 1.5897 1.6313 4.3238 -6.0938 1.6443 62.7942 -7.9497 0.5040
Car -1 -1 -7.7902 532.1270 174.7351 552.6443 192.9852 1.5211 1.5535 3.3151 -5.8255 1.6872 62.1628 -7.8835 0.4915
Car -1 -1 -7.6656 528.8927 174.1952 556.9355 192.8888 1.5645 1.6476 4.3756 -5.8373 1.6854 62.9668 -7.7580 0.4316
Car -1 -1 -7.8610 528.3600 173.9219 548.3590 192.8247 1.5784 1.6711 4.1318 -6.2587 1.6740 62.6360 -7.9605 0.2861
Car -1 -1 -7.9447 524.4738 174.1864 548.0045 193.0725 1.5691 1.6680 3.9305 -6.4247 1.6877 62.3289 -8.0473 0.1775
Car -1 -1 -7.9903 524.1331 173.0009 550.2326 192.5193 1.6362 1.6390 4.6852 -6.4185 1.6492 62.9925 -8.0918 0.0830
Car -1 -1 -5.4855 0.0000 204.1558 74.6006 235.5161 1.4176 1.6026 3.6887 -28.8580 3.0087 35.6662 -6.1623 0.0310
Car -1 -1 -4.2348 0.0000 194.7957 54.2625 225.0117 1.5773 1.4955 3.9439 -34.9156 2.9411 42.7729 -4.9165 0.0285
Car -1 -1 -4.2911 0.0000 194.9096 48.1252 225.1665 1.5770 1.5077 3.9259 -35.1674 2.9474 42.7482 -4.9767 0.0252
Car -1 -1 -5.5697 8.7398 201.2737 106.6305 234.7977 1.5780 1.6273 3.7957 -27.9158 3.0512 36.4780 -6.2195 0.0231
Cyclist -1 -1 -8.2462 1133.7023 156.7106 1209.6523 249.5822 1.6567 0.4940 1.7405 10.6223 1.3684 13.7758 -7.6000 0.0191
Pedestrian -1 -1 -7.7941 856.3941 171.5344 870.0307 207.5600 1.7300 0.5934 0.5815 12.2547 1.6664 35.0322 -7.4607 0.0174
Cyclist -1 -1 -8.1214 721.7476 173.2603 734.9201 199.8575 1.6886 0.3906 1.7425 7.6216 1.7152 46.7246 -7.9612 0.0164
Cyclist -1 -1 -8.2353 1120.9513 157.6457 1192.8536 246.2463 1.6205 0.4916 1.7229 10.5835 1.3421 14.0926 -7.6015 0.0160
Car -1 -1 -4.4140 0.0000 194.1498 41.6850 224.7792 1.5975 1.5915 4.0706 -35.4725 2.9266 42.8557 -5.1026 0.0150
Car -1 -1 -5.1697 719.9023 172.8754 769.8453 202.6292 1.8074 1.7075 3.5617 8.4718 1.8085 45.7790 -4.9883 0.0119
Cyclist -1 -1 -8.1252 722.1042 174.2831 734.4839 201.5940 1.7237 0.3345 1.7183 7.5829 1.8172 46.5018 -7.9651 0.0106
Car -1 -1 -5.1455 472.9747 177.2901 512.2355 194.8212 1.4988 1.7097 4.6507 -10.6875 1.9148 65.3091 -5.3074 0.0102
Car -1 -1 -4.6602 488.2079 176.5654 508.4768 194.5354 1.5557 1.6110 3.9707 -10.1093 1.9022 65.3700 -4.8134 0.0095
Car -1 -1 -4.6589 491.9846 176.5408 510.9242 194.3865 1.5484 1.5002 3.7146 -9.8232 1.8916 65.3173 -4.8079 0.0087
Car -1 -1 -5.1896 719.6150 171.0467 774.3588 202.0749 1.8811 1.8127 3.9147 8.6149 1.7712 45.8785 -5.0056 0.0087
Cyclist -1 -1 -8.6073 1100.6985 156.2915 1183.6354 245.6089 1.6511 0.4710 1.3832 10.2751 1.3447 14.0551 -7.9863 0.0072
Car -1 -1 -6.4408 1148.0693 178.2892 1241.0000 238.2599 1.5823 1.5867 4.3236 18.5169 1.7552 21.1772 -5.7297 0.0071
Car -1 -1 -4.9048 481.1275 177.3371 508.4721 195.1220 1.5256 1.6519 4.2892 -10.4891 1.9457 65.3521 -5.0636 0.0066
Car -1 -1 -3.1348 806.3511 175.6350 872.1432 207.0472 1.5045 1.5338 3.0617 11.3679 1.6475 35.9685 -2.8315 0.0063
Car -1 -1 -4.6659 153.6660 181.8487 178.5002 200.0123 1.5882 1.7878 4.0282 -41.4874 2.4562 67.4605 -5.2157 0.0061
Car -1 -1 -5.2082 719.3496 172.8148 771.0276 201.8314 1.7722 1.7035 3.6464 8.5444 1.7696 46.0665 -5.0264 0.0059
Car -1 -1 -4.9826 1118.3110 181.4003 1225.2094 239.0463 1.6036 1.6142 4.0242 17.6065 1.9000 22.8823 -4.3336 0.0042
Car -1 -1 -4.6604 147.3102 184.7586 171.1051 202.1491 1.4777 1.6468 3.9992 -41.4703 2.6083 66.3993 -5.2171 0.0041
Car -1 -1 -5.2357 718.4333 172.1442 768.9570 200.7328 1.7594 1.6495 3.5066 8.5031 1.7154 46.3328 -5.0558 0.0039
Pedestrian -1 -1 -7.6968 792.1400 169.9840 809.5319 207.6869 1.8560 0.7629 0.5441 9.4614 1.7144 35.9206 -7.4417 0.0038
Car -1 -1 -7.0940 1222.8301 151.4510 1241.0000 334.1905 1.5231 1.6608 4.1093 8.6749 1.3444 6.9708 -6.2208 0.0032
Car -1 -1 -3.6106 1133.1339 179.9357 1241.0000 236.6002 1.5922 1.6798 4.0804 18.5337 1.8191 21.8705 -2.9147 0.0032
Car -1 -1 -4.6350 143.0530 185.0619 168.4143 202.4974 1.4704 1.6547 4.0044 -41.5534 2.6237 66.0272 -5.1951 0.0031
Cyclist -1 -1 -8.1466 722.7067 175.0896 736.0815 202.9252 1.7402 0.3600 1.7128 7.5902 1.8855 46.1219 -7.9850 0.0031
Car -1 -1 -4.5271 58.6625 184.6800 96.3180 205.5694 1.4996 1.6588 3.9614 -41.5732 2.4583 56.3689 -5.1604 0.0030
Car -1 -1 -4.5476 82.2520 184.8222 116.7572 204.8510 1.5008 1.6610 3.9622 -41.5599 2.5110 58.7764 -5.1611 0.0030
Car -1 -1 -4.5343 66.7650 184.8374 103.3185 205.4501 1.5006 1.6601 3.9606 -41.5630 2.4853 57.1642 -5.1610 0.0030
Car -1 -1 -4.6030 138.4623 185.1167 165.7220 202.8310 1.4830 1.6596 3.9992 -41.5860 2.6336 65.5577 -5.1666 0.0030
Car -1 -1 -4.3769 0.0000 190.0703 0.0000 219.2637 1.4840 1.6591 3.9578 -41.6462 2.5213 41.3470 -5.1627 0.0030
Car -1 -1 -4.5644 100.3806 184.9171 132.5048 204.3153 1.5040 1.6604 3.9658 -41.5388 2.5554 60.7593 -5.1622 0.0030
Car -1 -1 -4.5923 132.1082 184.6415 160.3191 202.5713 1.4849 1.6587 3.9896 -41.5987 2.5776 64.7478 -5.1617 0.0030
Car -1 -1 -4.5245 54.5438 184.7357 92.7067 205.7658 1.4974 1.6575 3.9603 -41.5575 2.4536 55.9422 -5.1613 0.0030
Car -1 -1 -4.5661 103.7155 184.8340 135.4751 204.1062 1.5058 1.6620 3.9650 -41.5669 2.5571 61.1908 -5.1610 0.0030
Car -1 -1 -8.9946 0.0000 0.0000 1241.0000 374.0000 1.5495 1.5813 3.5370 4.2522 1.5657 1.2487 -7.7722 0.0030
Car -1 -1 -4.5391 70.9439 184.9689 106.8899 205.4354 1.4992 1.6592 3.9611 -41.5248 2.5009 57.5354 -5.1622 0.0030
Car -1 -1 -4.5722 110.5156 184.7389 141.4240 203.7452 1.5057 1.6622 3.9658 -41.5655 2.5619 61.9935 -5.1610 0.0030
Car -1 -1 -4.5949 135.2113 184.5379 163.1045 202.3489 1.4862 1.6627 3.9940 -41.6242 2.5767 65.2012 -5.1614 0.0030
Car -1 -1 -4.5456 78.6881 184.8951 113.6190 205.0690 1.4996 1.6595 3.9633 -41.5234 2.5088 58.3423 -5.1621 0.0030
Car -1 -1 -4.5518 86.1331 184.8537 120.0883 204.7566 1.5010 1.6595 3.9636 -41.5284 2.5201 59.1490 -5.1620 0.0030
Car -1 -1 -4.5411 74.6396 184.8905 110.1418 205.2063 1.5002 1.6608 3.9606 -41.5589 2.5027 57.9685 -5.1611 0.0030
Car -1 -1 -4.5780 117.1956 184.4309 147.2621 203.1068 1.5010 1.6606 3.9640 -41.5614 2.5427 62.7982 -5.1609 0.0030
Car -1 -1 -4.5321 62.8754 184.9082 99.8969 205.6700 1.4992 1.6586 3.9599 -41.5372 2.4825 56.7342 -5.1620 0.0030
Car -1 -1 -4.5763 114.1362 184.4899 144.5337 203.3039 1.5010 1.6590 3.9645 -41.5257 2.5411 62.3669 -5.1620 0.0030
Car -1 -1 -4.5705 107.3361 184.8212 138.5899 203.9552 1.5044 1.6606 3.9672 -41.5328 2.5607 61.5627 -5.1622 0.0030
Car -1 -1 -4.5816 120.5216 184.1582 150.1328 202.6333 1.4952 1.6576 3.9674 -41.5368 2.5183 63.1701 -5.1616 0.0030
Car -1 -1 -4.1951 214.6349 182.3163 274.0896 206.8891 1.4319 1.6168 3.9231 -23.0566 2.0557 45.5873 -4.6613 0.0030
Car -1 -1 -8.9657 0.0000 0.0000 1241.0000 374.0000 1.5530 1.5848 3.5588 3.8918 1.5576 1.2402 -7.7708 0.0030
Car -1 -1 -4.5600 96.7714 184.7960 129.4058 204.3075 1.5039 1.6613 3.9631 -41.5650 2.5386 60.3880 -5.1609 0.0030
Car -1 -1 -9.0487 0.0000 0.0000 1241.0000 374.0000 1.5397 1.5935 3.5947 5.4466 1.5886 1.3557 -7.7722 0.0030
Car -1 -1 -4.5538 89.6189 184.7826 123.1701 204.5460 1.5023 1.6611 3.9629 -41.5625 2.5225 59.5830 -5.1610 0.0030
Car -1 -1 -4.2014 221.5459 181.6297 278.9777 205.3921 1.4140 1.6025 3.8872 -23.0830 2.0019 46.3821 -4.6611 0.0030
Car -1 -1 -4.2027 221.0943 182.0086 279.8393 206.7463 1.4438 1.6114 3.9139 -22.6701 2.0472 45.5835 -4.6621 0.0030
Car -1 -1 -9.0142 0.0000 0.0000 1241.0000 374.0000 1.5394 1.5871 3.5705 4.6666 1.5643 1.2928 -7.7715 0.0030
Car -1 -1 -4.5166 45.9819 184.5774 85.3539 205.8782 1.4951 1.6562 3.9631 -41.5752 2.4257 55.1496 -5.1604 0.0030
Car -1 -1 -4.5194 50.2714 184.5257 89.0831 205.6906 1.4978 1.6568 3.9632 -41.5873 2.4312 55.5742 -5.1597 0.0030
Car -1 -1 -4.5834 123.5800 184.1189 152.8654 202.4556 1.4947 1.6592 3.9674 -41.5664 2.5210 63.6027 -5.1606 0.0030
Car -1 -1 -4.3863 0.0000 190.1097 0.0000 218.7223 1.4847 1.6601 3.9527 -41.6056 2.5439 42.1626 -5.1620 0.0030
Car -1 -1 -8.9381 0.0000 0.0000 1241.0000 374.0000 1.5592 1.5779 3.5244 3.4823 1.5621 1.1938 -7.7716 0.0030
Car -1 -1 -4.5105 41.3138 184.0601 81.4442 205.4516 1.4933 1.6544 3.9768 -41.6168 2.3771 54.7747 -5.1581 0.0030
Car -1 -1 -9.0334 0.0000 0.0000 1241.0000 374.0000 1.5494 1.5865 3.5607 5.0434 1.5850 1.3165 -7.7720 0.0030
Car -1 -1 -4.3670 0.0000 189.7758 0.0000 219.5905 1.4871 1.6591 3.9622 -41.6539 2.4885 40.5682 -5.1624 0.0030
Car -1 -1 -4.5581 93.3303 184.8714 126.3484 204.5152 1.5024 1.6597 3.9632 -41.5363 2.5364 59.9547 -5.1621 0.0030
Car -1 -1 -4.5868 126.4571 184.0871 155.3556 202.2613 1.4899 1.6573 3.9790 -41.5641 2.5189 63.9627 -5.1613 0.0030
Car -1 -1 -7.0123 1241.0000 146.2350 1241.0000 305.8491 1.4770 1.6578 3.9209 9.5696 1.2303 7.7728 -6.1422 0.0029
Car -1 -1 -1.7997 153.4507 180.1841 188.7885 201.1414 1.8634 1.8662 4.5484 -41.4218 2.5773 68.0261 -2.3451 0.0029
Car -1 -1 -5.1298 1101.6805 180.2126 1223.3409 238.3704 1.6367 1.5481 3.9894 17.3534 1.8921 22.9581 -4.4893 0.0029
Car -1 -1 -7.0703 1234.9587 146.9135 1241.0000 297.2955 1.4971 1.6633 4.0054 9.7873 1.2386 8.1552 -6.2120 0.0028
Car -1 -1 -1.9767 149.3904 177.8609 192.4358 199.1286 1.9227 1.8329 4.5556 -41.5856 2.4106 68.2744 -2.5223 0.0025
Cyclist -1 -1 -8.2086 1045.9430 174.2837 1082.5999 226.0251 1.5286 0.3660 1.7263 13.9359 1.5741 22.2476 -7.6554 0.0020
Car -1 -1 -4.7703 834.4348 175.2412 871.5564 206.2145 1.4746 1.5591 3.5776 12.2293 1.6017 36.5787 -4.4505 0.0016
Car -1 -1 -5.2364 154.4782 177.5801 195.2498 196.1413 1.7071 1.8016 3.5458 -41.5400 2.1685 68.8445 -5.7778 0.0015
Car -1 -1 -5.0812 162.5452 178.1971 197.1880 195.8017 1.6200 1.7098 3.5020 -41.2921 2.1453 69.2166 -5.6176 0.0015
Car -1 -1 -4.7805 879.4219 177.4330 919.9885 205.6981 1.4678 1.8114 4.0997 16.1283 1.7381 40.4184 -4.4037 0.0014
Car -1 -1 -4.6927 839.2859 174.1231 875.5305 205.4970 1.4940 1.6535 3.5665 12.4904 1.5613 36.4766 -4.3656 0.0013
Car -1 -1 -4.9096 874.5563 178.6678 920.0347 207.9292 1.5171 1.6511 3.6275 15.8710 1.8555 40.1070 -4.5358 0.0010
Car -1 -1 -4.5128 181.6884 178.7805 209.8694 196.5824 1.6474 1.6477 3.8372 -40.3002 2.2411 70.2367 -5.0323 0.0010
Car -1 -1 -7.8836 828.0919 170.2927 867.5042 204.9922 1.6615 1.7649 3.9114 11.9888 1.5386 36.6737 -7.5705 0.0010
Car -1 -1 -4.8722 167.5792 178.4214 195.3384 195.8896 1.6018 1.7416 3.6306 -41.2305 2.1517 69.3596 -5.4070 0.0009
Car -1 -1 -4.5764 179.4351 178.1647 204.5018 195.9021 1.6429 1.6534 3.3785 -40.4452 2.1704 69.8325 -5.0999 0.0008
Pedestrian -1 -1 -7.3932 64.8081 178.1125 85.1426 216.6120 2.1561 0.7581 0.5519 -30.3148 2.4559 40.8390 -8.0288 0.0007
Pedestrian -1 -1 -6.5175 186.0843 173.5068 198.8151 199.6118 2.4438 0.8840 0.8604 -39.4841 2.5058 68.1938 -7.0409 0.0005
