Car -1 -1 -8.0348 677.6880 173.4082 781.0687 256.6725 1.6351 1.6162 3.4243 2.4622 1.6484 15.9289 -7.8852 0.9999
Car -1 -1 -4.4631 366.0447 183.8294 463.4626 251.1593 1.5719 1.6329 3.7175 -5.1521 1.8938 19.3191 -4.7210 0.9999
Car -1 -1 -4.5530 473.1979 182.8207 521.0168 215.8555 1.4573 1.6428 4.3249 -5.4928 1.9746 35.3040 -4.7068 0.9815
Car -1 -1 -7.7426 629.5133 177.6226 656.8972 198.2066 1.5155 1.7025 3.9837 2.5931 1.9004 56.1955 -7.6971 0.9759
Car -1 -1 -7.2241 0.0000 180.8269 250.5896 374.0000 1.7810 1.6364 3.6994 -4.5488 1.8634 5.6092 -7.8828 0.9528
Cyclist -1 -1 -4.5758 542.5633 175.8210 560.1381 211.4208 1.7235 0.6265 1.8879 -2.9593 1.8754 36.0523 -4.6576 0.9511
Car -1 -1 -8.0330 677.4086 174.4472 782.2422 257.9948 1.6320 1.6292 3.5763 2.4724 1.6710 15.9748 -7.8832 0.9010
Car -1 -1 -7.2242 0.0000 177.0664 259.2863 374.0000 1.7558 1.5901 3.5707 -4.5105 1.7997 5.7739 -7.8656 0.8867
Car -1 -1 -4.4649 368.3954 183.4602 464.5289 250.4735 1.5697 1.6102 3.7243 -5.1190 1.8814 19.3610 -4.7207 0.8610
Car -1 -1 -4.0233 0.0000 182.7460 259.9455 374.0000 1.6839 1.7176 4.2862 -4.4982 1.7846 5.2278 -4.7091 0.7963
Car -1 -1 -4.5715 471.8001 181.8408 518.0278 215.6624 1.4968 1.6513 4.1715 -5.5795 1.9604 35.1470 -4.7282 0.7652
Car -1 -1 -4.5110 469.4339 180.4341 521.8783 215.0609 1.5415 1.6767 4.4638 -5.5682 1.9368 35.3832 -4.6664 0.7373
Car -1 -1 -4.5650 475.1815 183.5810 521.8091 215.6940 1.4105 1.6313 4.3558 -5.4301 1.9679 35.3315 -4.7169 0.6924
Car -1 -1 -7.8055 629.3937 177.6816 652.8147 197.9380 1.4947 1.6436 3.7773 2.4210 1.8830 56.1274 -7.7630 0.6915
Car -1 -1 -4.5541 522.3679 179.5826 551.7689 201.9232 1.5656 1.5560 4.1335 -5.4405 2.0880 53.9428 -4.6545 0.6648
Car -1 -1 -4.5623 472.9444 182.3457 518.5219 215.7064 1.4770 1.6450 3.6326 -5.4948 1.9584 34.8019 -4.7182 0.6612
Car -1 -1 -7.7802 630.5693 176.2745 655.9329 197.8015 1.5911 1.6690 4.2843 2.6007 1.8681 56.2642 -7.7347 0.6478
Car -1 -1 -4.6094 520.7148 180.3310 547.7715 202.7652 1.5736 1.6201 3.8691 -5.6454 2.1512 53.8352 -4.7138 0.6305
Car -1 -1 -3.9739 0.0000 182.2457 253.7203 374.0000 1.7190 1.7516 4.4183 -4.5882 1.8140 5.0858 -4.6823 0.6301
Car -1 -1 -7.2420 0.0000 181.2194 263.5424 374.0000 1.6915 1.6399 3.6905 -4.5798 1.7817 5.9385 -7.8778 0.5924
Car -1 -1 -7.7378 628.3290 176.4599 655.1806 197.2734 1.5412 1.6261 4.1896 2.4900 1.8337 56.3883 -7.6943 0.5673
Car -1 -1 -7.8897 628.5135 177.6009 651.8771 198.1218 1.5172 1.6732 3.7521 2.2893 1.8984 56.0974 -7.8496 0.5561
Car -1 -1 -4.0366 0.0000 179.9026 235.4749 374.0000 1.6479 1.6997 4.3636 -4.5345 1.7176 4.9429 -4.7525 0.5311
Pedestrian -1 -1 -5.2363 679.7606 167.2336 696.4409 202.2215 1.8695 0.4972 0.9315 4.1880 1.5689 39.0797 -5.1308 0.5182
Cyclist -1 -1 -4.7507 529.9421 177.4009 542.7052 212.9783 1.6952 0.5509 1.9056 -3.6850 1.9256 35.6138 -4.8536 0.4888
Car -1 -1 -4.6692 520.5367 181.0911 545.4698 202.5519 1.4954 1.6767 4.4401 -5.7829 2.1408 54.2874 -4.7752 0.4131
Car -1 -1 -4.5294 521.7239 180.5956 552.8084 202.5223 1.5252 1.6543 3.6483 -5.3754 2.1181 53.4061 -4.6296 0.4070
Car -1 -1 -4.5172 520.5846 179.9607 553.1833 201.3511 1.5017 1.6391 4.3139 -5.4906 2.0588 54.3594 -4.6179 0.3706
Car -1 -1 -4.5434 518.3643 180.8394 548.9514 203.0330 1.5407 1.6678 3.5809 -5.6275 2.1502 53.2545 -4.6486 0.3656
Pedestrian -1 -1 -7.7774 380.9284 185.4783 399.6588 229.0615 1.6762 0.6592 0.6041 -8.6661 2.1780 28.3287 -8.0722 0.3619
Car -1 -1 -4.0268 0.0000 185.0884 230.3844 374.0000 1.5944 1.6408 4.5304 -4.3866 1.7108 4.5801 -4.7619 0.3571
Pedestrian -1 -1 -5.2459 373.6075 185.4380 397.1015 230.3295 1.7166 0.6684 0.5982 -8.8524 2.2176 28.2912 -5.5470 0.2851
Car -1 -1 -4.4515 523.1558 179.2117 557.7478 201.8727 1.5864 1.5632 4.1176 -5.1774 2.0799 53.8832 -4.5472 0.2727
Car -1 -1 -4.5366 519.3426 178.4712 552.5535 202.1994 1.6345 1.7454 3.9854 -5.3969 2.0606 52.7252 -4.6386 0.1950
Pedestrian -1 -1 -7.6163 380.8516 184.4164 401.8798 227.4186 1.6642 0.6523 0.6806 -8.6676 2.1259 28.4743 -7.9097 0.1820
Car -1 -1 -4.6631 517.5174 180.8831 542.5920 202.7868 1.5299 1.6731 3.8392 -5.9567 2.1502 53.8053 -4.7733 0.1511
Car -1 -1 -4.3177 521.4859 180.4260 561.5278 202.6540 1.5368 1.6228 3.7673 -5.0474 2.1174 53.3156 -4.4121 0.1273
Cyclist -1 -1 -4.6513 532.3833 176.6482 546.2478 212.9405 1.7362 0.5687 1.9253 -3.5278 1.9287 35.6942 -4.7497 0.1163
Cyclist -1 -1 -6.9124 378.4253 179.9365 426.0536 227.1710 1.7983 0.7071 1.7325 -8.2763 2.0880 28.6412 -7.1917 0.0952
Car -1 -1 -4.3641 508.8135 176.9103 552.6789 202.8909 1.7597 1.7476 4.3836 -5.6767 2.0645 51.9359 -4.4729 0.0912
Cyclist -1 -1 -6.7252 376.2449 180.0655 425.4775 227.2352 1.7950 0.7271 1.7268 -8.3124 2.0885 28.5591 -7.0065 0.0887
Cyclist -1 -1 -4.4847 532.4465 176.1326 553.4340 212.1640 1.7308 0.6104 1.9773 -3.3600 1.8981 35.8661 -4.5779 0.0886
Cyclist -1 -1 -2.4168 352.6086 177.2576 399.5330 225.3281 1.8549 0.7174 1.7321 -9.3310 2.0335 28.6412 -2.7295 0.0883
Car -1 -1 -4.2450 522.2880 179.7232 568.4825 202.1920 1.5534 1.6096 4.4072 -4.7791 2.0864 53.6645 -4.3338 0.0786
Pedestrian -1 -1 -5.6489 548.4617 176.3095 564.4519 203.3054 1.8505 0.8155 0.7765 -3.7517 2.0931 50.1536 -5.7237 0.0763
Cyclist -1 -1 -6.2308 382.0073 176.9859 427.5894 224.3640 1.8205 0.7254 1.6875 -8.0931 1.9857 28.3595 -6.5068 0.0581
Car -1 -1 -4.6871 740.0075 178.2846 783.3404 221.7449 1.4275 1.4309 3.6309 5.4775 1.6382 26.1122 -4.4833 0.0556
Car -1 -1 -4.8338 521.0084 177.5327 552.9245 203.1143 1.7190 1.7429 4.4374 -5.3076 2.0693 51.7044 -4.9360 0.0547
Cyclist -1 -1 -2.9783 347.5702 175.8186 396.4965 225.1074 1.8963 0.7372 1.7265 -9.3670 2.0144 28.3165 -3.2954 0.0492
Car -1 -1 -4.5006 719.2570 179.2770 781.5270 223.1133 1.4198 1.4569 3.7268 5.0656 1.6683 25.9552 -4.3106 0.0486
Car -1 -1 -5.0721 726.8057 177.2641 803.8090 221.6462 1.4776 1.4779 3.8276 5.5471 1.6510 26.4250 -4.8680 0.0455
Car -1 -1 -4.6768 708.6266 178.6218 761.6476 226.5727 1.5049 1.6922 4.2697 4.4327 1.7261 25.4514 -4.5070 0.0451
Cyclist -1 -1 -6.6064 382.5743 178.2199 431.6685 224.6493 1.7800 0.7198 1.7369 -8.0881 1.9985 28.6294 -6.8798 0.0449
Car -1 -1 -4.5688 711.7438 179.5659 768.7318 224.0140 1.4410 1.5178 3.6745 4.7015 1.7008 25.9742 -4.3924 0.0386
Car -1 -1 -5.0202 521.5923 178.9747 562.0079 203.6459 1.6632 1.6244 4.4716 -5.0125 2.1258 52.1953 -5.1160 0.0385
Pedestrian -1 -1 -8.3455 549.1487 176.3538 563.4307 203.6696 1.8844 0.7363 0.7322 -3.7850 2.1310 50.4114 -8.4205 0.0350
Pedestrian -1 -1 -4.2125 777.0807 168.4448 804.6293 220.6452 1.6791 0.5968 0.7415 5.8901 1.5369 23.6837 -3.9723 0.0315
Cyclist -1 -1 -7.0738 373.2843 181.9875 413.6082 228.4815 1.7686 0.6924 1.4752 -8.6089 2.1404 28.5805 -7.3643 0.0245
Pedestrian -1 -1 -4.1053 776.7625 168.2451 807.2546 221.7690 1.7074 0.6092 0.8151 5.8847 1.5601 23.5148 -3.8636 0.0235
Car -1 -1 -5.1993 518.3240 177.4571 565.8571 203.4722 1.7622 1.5644 4.3062 -4.9596 2.1072 51.8933 -5.2946 0.0219
Car -1 -1 -2.9680 699.3260 169.6326 759.5381 198.1450 1.5549 1.5621 3.1222 6.6922 1.3789 40.5999 -2.8062 0.0176
Car -1 -1 -3.1713 703.7350 169.8944 763.4854 197.9562 1.5316 1.5568 3.2339 6.8433 1.3698 40.3734 -3.0050 0.0167
Car -1 -1 -6.3870 707.3967 169.8956 780.5694 199.2753 1.6052 1.8123 3.8619 7.4248 1.4433 40.4734 -6.2072 0.0155
Cyclist -1 -1 -4.0770 376.2129 180.5000 414.5606 227.0861 1.7820 0.6441 1.5930 -8.5763 2.0954 28.7411 -4.3649 0.0150
Cyclist -1 -1 -8.0104 363.0488 178.3333 386.9904 227.3356 1.8787 0.6657 1.5956 -9.4063 2.1030 28.7177 -8.3247 0.0134
Cyclist -1 -1 -6.6203 374.3542 178.7147 421.8534 226.9830 1.8363 0.7422 1.6423 -8.3849 2.0731 28.4191 -6.9052 0.0125
Cyclist -1 -1 -6.7428 371.8218 181.1927 414.8339 228.3958 1.7986 0.7020 1.4696 -8.6013 2.1366 28.5183 -7.0337 0.0122
Cyclist -1 -1 -3.2031 344.4689 176.1511 393.4515 226.1546 1.8834 0.7080 1.7581 -9.3721 2.0136 27.9198 -3.5246 0.0116
Car -1 -1 -4.6117 618.8814 173.8343 641.0977 193.3727 1.6469 1.5594 3.9108 1.7517 1.7350 63.0613 -4.5844 0.0115
Car -1 -1 -6.4463 706.5017 169.2217 775.3568 197.3721 1.5428 1.5759 3.5765 7.2468 1.3435 40.3564 -6.2702 0.0113
Cyclist -1 -1 -7.5493 614.4688 174.8788 628.3478 195.9629 1.7015 0.5476 2.0822 0.9237 1.8712 59.5084 -7.5343 0.0108
Car -1 -1 -7.9297 656.4389 176.8902 686.0847 201.7902 1.5361 1.6355 3.7153 3.9169 1.8090 46.9785 -7.8475 0.0098
Car -1 -1 -4.7126 657.6292 172.5043 685.1267 199.5233 1.7472 1.7745 4.6167 4.1314 1.7243 49.0329 -4.6295 0.0072
Car -1 -1 -3.1544 685.0350 169.3745 758.3762 200.0240 1.6673 1.7329 3.9702 6.1858 1.4777 40.3810 -3.0039 0.0070
Car -1 -1 -7.9154 660.7764 177.1484 687.3855 201.6822 1.5152 1.5046 3.4391 4.1003 1.8044 46.9073 -7.8292 0.0068
Car -1 -1 -4.7196 664.6837 177.2158 688.1168 201.6073 1.4681 1.4284 3.7037 4.1810 1.7575 46.0151 -4.6300 0.0065
Car -1 -1 -4.7831 612.9375 174.3280 643.0398 200.4386 1.4841 1.5208 3.8782 1.0018 1.5761 43.2073 -4.7605 0.0063
Car -1 -1 -5.2312 517.9288 178.0574 563.4332 202.9341 1.6733 1.4468 3.9666 -5.0089 2.0586 51.4234 -5.3283 0.0056
Car -1 -1 -4.9253 609.4162 175.0744 648.4048 201.7332 1.4858 1.5299 3.7439 1.0326 1.6225 42.5264 -4.9017 0.0053
Car -1 -1 -4.7721 654.2646 177.7556 685.6644 203.7733 1.5947 1.7744 4.4640 3.8507 1.9312 47.3232 -4.6919 0.0053
Car -1 -1 -6.3949 707.2878 169.4272 769.4601 196.2511 1.4663 1.4818 3.2676 7.0930 1.2787 40.2814 -6.2223 0.0049
Car -1 -1 -5.1183 612.5416 174.7060 664.5504 201.7454 1.4939 1.6014 3.9612 1.5807 1.6076 42.2925 -5.0817 0.0046
Car -1 -1 -8.3850 677.4393 167.4188 737.9114 198.7125 1.8223 1.8481 4.0906 5.8926 1.5055 44.2607 -8.2539 0.0046
Pedestrian -1 -1 -3.6756 1121.7206 100.9974 1241.0000 374.0000 2.0197 0.6285 0.5536 2.7679 1.7243 3.3074 -3.0229 0.0045
Car -1 -1 -4.5858 657.2375 177.8604 686.6493 200.0482 1.3195 1.4119 3.6563 3.9241 1.6499 45.7192 -4.5011 0.0044
Car -1 -1 -4.8675 658.4537 172.1189 693.8701 198.7428 1.7261 1.7075 4.5212 4.4152 1.6781 49.0902 -4.7788 0.0044
Pedestrian -1 -1 -6.8186 1156.2844 106.3509 1241.0000 374.0000 2.0294 0.5705 0.5026 2.9036 1.7523 3.3204 -6.1444 0.0043
Cyclist -1 -1 -6.8474 340.2813 174.4901 390.8434 227.8261 1.9944 0.6302 1.7949 -9.4901 2.0595 27.9316 -7.1725 0.0040
Car -1 -1 -8.2489 679.5018 168.0623 733.8184 199.9935 1.8582 1.8306 4.1516 5.8239 1.5790 44.2314 -8.1193 0.0033
Cyclist -1 -1 -7.5058 613.8503 175.0323 629.3002 196.2509 1.7061 0.6671 1.8844 0.9322 1.8876 59.2202 -7.4905 0.0030
Car -1 -1 -8.0048 653.5977 175.6361 688.3033 199.4045 1.4585 1.7026 3.5756 3.8568 1.6447 46.5482 -7.9231 0.0024
Pedestrian -1 -1 -3.5600 870.9471 175.8094 900.5554 248.8240 1.4102 0.4502 0.3919 5.3661 1.4690 14.1926 -3.2061 0.0023
Car -1 -1 -4.6968 667.1412 178.5616 691.3613 203.5987 1.5224 1.4981 3.7149 4.4709 1.9066 46.6810 -4.6024 0.0020
Cyclist -1 -1 -4.7945 674.1370 176.0487 686.3066 202.4693 1.6833 0.6407 1.7997 4.5423 1.8956 47.0941 -4.6994 0.0015
Car -1 -1 -8.4815 517.4482 177.7927 572.6764 202.8544 1.7001 1.4804 4.7137 -4.7686 2.0719 52.1002 -8.5727 0.0015
Car -1 -1 -4.1807 636.0728 174.8974 695.3358 201.0336 1.5404 1.6595 4.4859 3.5112 1.6746 45.2018 -4.1041 0.0013
Cyclist -1 -1 -3.2351 361.7846 180.1715 403.7515 227.6164 1.8061 0.7601 1.5063 -8.9611 2.0993 28.3066 -3.5395 0.0009
Car -1 -1 -4.6456 660.6177 179.2119 690.2258 205.8003 1.5222 1.5467 4.3038 4.0527 1.9349 44.6285 -4.5562 0.0007
Car -1 -1 -4.4783 649.0715 177.2326 692.3419 203.4210 1.5066 1.6559 4.6114 3.7904 1.7929 44.7769 -4.3949 0.0006
Cyclist -1 -1 -3.4341 369.3403 181.1009 412.9303 227.7493 1.7703 0.7082 1.4983 -8.6383 2.1020 28.3421 -3.7279 0.0004
