Car -1 -1 -7.8318 350.9855 183.0063 402.2578 231.2233 1.5228 1.6178 3.9735 -8.3387 1.9159 25.8217 -8.1416 0.9175
Car -1 -1 -7.7524 351.6108 183.4195 409.6466 231.6650 1.5272 1.5839 3.8272 -8.1552 1.9340 25.7653 -8.0565 0.6087
Car -1 -1 -7.8068 347.5851 183.7757 398.7546 231.6512 1.5141 1.5519 3.2968 -8.3310 1.9260 25.4333 -8.1208 0.5937
Car -1 -1 -7.8715 347.1522 182.9917 398.0858 232.3324 1.5617 1.6055 3.7361 -8.5276 1.9510 25.6995 -8.1893 0.5819
Car -1 -1 -3.3082 195.8517 188.6337 281.7105 217.6363 1.6122 1.7279 4.4702 -22.8108 2.6260 44.3433 -3.7812 0.3769
Pedestrian -1 -1 -4.8155 1164.7762 184.5001 1187.8844 238.7211 1.7229 0.5419 0.4583 18.3208 2.1059 23.4097 -4.1582 0.3629
Car -1 -1 -7.9364 341.5553 183.1463 400.5080 232.1503 1.5394 1.6522 4.3993 -8.7268 1.9435 26.0002 -8.2576 0.3439
Car -1 -1 -7.9759 344.5331 183.7482 399.8045 231.8946 1.5116 1.4976 2.6239 -8.2682 1.9091 24.8409 -8.2946 0.2779
Cyclist -1 -1 -3.2029 1133.2804 164.2154 1185.4349 209.0437 1.7861 0.7383 1.6501 22.3966 1.4416 29.5103 -2.5588 0.2240
Car -1 -1 -4.9699 1087.8450 179.0365 1149.3163 211.1567 1.5226 1.5850 4.0607 26.1030 1.8599 37.2207 -4.3624 0.1869
Pedestrian -1 -1 -4.1740 999.6715 174.5939 1022.4311 215.5249 1.7817 0.6458 0.6351 17.6779 1.8594 31.8848 -3.6722 0.1819
Pedestrian -1 -1 -3.9518 1001.9114 174.1163 1024.0204 215.4962 1.8060 0.6313 0.5742 17.7713 1.8622 31.9030 -3.4480 0.1728
Car -1 -1 -2.4062 289.9201 183.8763 411.7863 233.0076 1.5664 1.5792 3.9665 -9.0851 1.9732 25.1587 -2.7498 0.1649
Car -1 -1 -2.1325 300.3105 183.2699 408.6927 232.7585 1.5577 1.6246 4.1824 -9.1107 1.9528 25.4577 -2.4733 0.1255
Car -1 -1 -4.9694 1078.0353 178.8958 1137.0920 211.3046 1.5477 1.5502 3.9063 25.6247 1.8777 37.3412 -4.3721 0.1200
Car -1 -1 -4.8371 1099.8369 178.7049 1151.0646 211.0861 1.5311 1.6155 4.1398 26.4000 1.8497 37.1202 -4.2230 0.1151
Car -1 -1 -7.8938 1109.4504 178.6763 1154.3905 211.1656 1.5298 1.6726 4.2222 26.6518 1.8460 36.9956 -7.2737 0.1143
Car -1 -1 -2.4264 272.4031 183.2943 409.7416 233.6870 1.6084 1.7002 4.4975 -9.4669 1.9968 25.2755 -2.7818 0.1143
Car -1 -1 -2.7555 261.9029 185.3710 406.2712 232.2552 1.5158 1.6382 4.3117 -9.4030 1.9586 24.6667 -3.1166 0.0906
Car -1 -1 -2.6227 266.0071 184.1589 409.7353 232.9207 1.5695 1.6690 4.4047 -9.4093 1.9786 24.9481 -2.9803 0.0886
Car -1 -1 -6.4984 1078.1218 169.3849 1190.1780 206.7478 1.4986 1.5203 3.5627 21.8885 1.3592 30.3411 -5.8783 0.0817
Car -1 -1 -5.1768 196.0942 189.6510 263.8642 221.7231 1.6537 1.7642 4.1164 -21.7219 2.6555 41.1293 -5.6603 0.0795
Car -1 -1 -5.0152 208.8459 192.1725 262.7838 223.0289 1.5647 1.6761 3.7495 -21.2844 2.7114 40.9173 -5.4925 0.0723
Car -1 -1 -5.0182 1066.4283 178.6350 1131.1049 211.5050 1.5767 1.6489 3.9378 25.2526 1.8937 37.4772 -4.4293 0.0715
Car -1 -1 -6.3766 1072.3744 168.3104 1184.5375 207.0242 1.5568 1.5467 3.7250 21.8291 1.3738 30.6130 -5.7620 0.0714
Car -1 -1 -2.7784 273.0274 183.6187 406.4247 230.8094 1.5220 1.6123 3.9200 -9.1404 1.8991 24.4703 -3.1328 0.0595
Pedestrian -1 -1 -8.6551 1131.3210 174.3221 1163.0087 226.4360 1.8234 0.6951 0.5833 19.0149 1.8759 25.6107 -8.0225 0.0558
Pedestrian -1 -1 -6.9021 985.2819 170.7035 1009.1398 225.0511 1.8086 0.5617 0.4679 13.0007 1.7368 24.3217 -6.4168 0.0510
Car -1 -1 -6.1429 216.3169 188.6176 293.7664 216.4695 1.6191 1.7159 4.1380 -22.1176 2.6348 45.0477 -6.5973 0.0454
Car -1 -1 -4.8397 219.6983 192.9897 261.5637 222.8968 1.4956 1.6554 3.6470 -20.9088 2.6865 40.7122 -5.3118 0.0436
Pedestrian -1 -1 -6.1131 1128.8613 172.8261 1156.3782 227.5929 1.9004 0.7416 0.6722 18.8046 1.8992 25.5371 -5.4845 0.0436
Car -1 -1 -6.1847 206.0373 188.5052 286.6130 216.5188 1.6056 1.7229 4.3058 -22.4713 2.6088 44.6886 -6.6486 0.0431
Car -1 -1 -5.3191 185.2879 188.2499 262.5205 220.0295 1.6587 1.7407 4.3048 -22.0520 2.5734 41.1207 -5.8089 0.0426
Pedestrian -1 -1 -8.5013 1123.5641 174.9621 1155.7471 226.2589 1.8036 0.6795 0.6330 18.8268 1.8794 25.7200 -7.8755 0.0392
Car -1 -1 -5.2447 193.7551 191.3031 263.3439 222.8469 1.6166 1.7266 3.9314 -21.6282 2.7050 40.8134 -5.7297 0.0382
Pedestrian -1 -1 -8.2314 1130.0303 173.7057 1158.3828 224.0186 1.7676 0.6517 0.5529 18.9812 1.7980 25.7094 -7.6014 0.0373
Car -1 -1 -3.4475 1115.5304 168.8353 1240.5476 207.5269 1.5286 1.5952 3.7608 23.3771 1.3695 29.9038 -2.7891 0.0372
Car -1 -1 -2.8616 254.3292 186.3090 400.4993 234.8946 1.5434 1.6027 4.3389 -9.5256 2.0176 24.4574 -3.2298 0.0363
Pedestrian -1 -1 -2.8738 967.4161 177.8297 992.0837 228.5591 1.9164 0.6700 0.6974 14.2186 2.1114 27.8342 -2.4065 0.0362
Car -1 -1 -3.3492 1105.7622 170.1378 1224.2198 208.3550 1.5090 1.5962 3.6432 22.8983 1.4014 29.9867 -2.7020 0.0357
Car -1 -1 -4.7972 1203.9022 196.2069 1241.0000 249.7885 1.4059 1.5152 2.9691 19.1759 2.1715 22.0153 -4.0880 0.0355
Car -1 -1 -4.9154 1205.6971 194.1572 1241.0000 247.9373 1.4371 1.3473 3.0334 19.5267 2.1422 22.2420 -4.2022 0.0287
Car -1 -1 -4.7543 227.3568 192.7005 261.2932 222.8302 1.5232 1.5734 3.6779 -20.8879 2.7077 41.0854 -5.2223 0.0280
Cyclist -1 -1 -3.3364 1120.9382 164.9741 1178.6179 208.8051 1.7651 0.8019 1.7824 22.2191 1.4475 29.7994 -2.7007 0.0274
Car -1 -1 -2.6100 28.3576 198.5423 129.7833 234.7610 1.5092 1.4891 3.3645 -23.7161 2.6897 32.2593 -3.2402 0.0260
Car -1 -1 -5.0409 1206.6630 193.7580 1241.0000 251.8697 1.4631 1.5772 3.5853 19.4110 2.1434 21.5334 -4.3147 0.0256
Car -1 -1 -5.9656 8.8097 197.3565 124.9347 236.5004 1.5679 1.5636 3.8077 -23.9695 2.6976 31.9302 -6.6057 0.0241
Car -1 -1 -3.3779 1086.3612 171.1449 1199.8383 208.5761 1.4885 1.5468 3.5345 22.0735 1.4203 30.0831 -2.7499 0.0235
Car -1 -1 -5.2010 1208.1852 191.7917 1241.0000 252.7799 1.5243 1.6204 3.8092 19.6645 2.1380 21.3491 -4.4642 0.0214
Cyclist -1 -1 -7.8603 1219.0033 153.5522 1241.0000 226.3351 1.7269 0.5368 1.6462 15.4335 1.2686 17.9233 -7.1577 0.0178
Car -1 -1 -2.8533 96.9630 198.7280 191.4162 234.3601 1.4769 1.6116 3.2977 -21.2176 2.7014 32.9256 -3.4223 0.0171
Car -1 -1 -5.0367 1202.8302 194.7118 1241.0000 252.4750 1.4431 1.5319 3.5488 19.1584 2.1502 21.4210 -4.3145 0.0162
Car -1 -1 -2.9115 87.0658 197.6721 190.1585 235.4037 1.5415 1.6203 3.6309 -21.2823 2.7119 32.6618 -3.4855 0.0152
Pedestrian -1 -1 -6.8672 979.2890 174.6204 1001.9690 225.8351 1.7067 0.5762 0.4290 12.8070 1.7668 24.3751 -6.3890 0.0144
Pedestrian -1 -1 -4.5270 233.2003 141.0483 283.7275 255.7534 2.3559 0.8030 0.9561 -7.5288 1.7023 15.3855 -4.9757 0.0122
Pedestrian -1 -1 -6.1370 1041.3160 174.7841 1063.7377 218.9916 1.7653 0.8046 0.6726 17.9776 1.8450 29.3820 -5.5928 0.0102
Car -1 -1 -5.5306 1086.1934 166.8707 1191.0917 206.4932 1.5885 1.4617 3.5651 22.4183 1.3483 30.8172 -4.9065 0.0101
Car -1 -1 -4.5441 861.1042 185.1205 914.9426 225.6931 1.5723 1.6264 3.3774 11.9249 2.1301 30.9594 -4.1803 0.0096
Cyclist -1 -1 -6.1761 976.5015 168.1361 1048.6194 236.7909 1.9609 0.7008 1.8086 11.8856 1.8258 21.4119 -5.6758 0.0085
Car -1 -1 -4.8260 859.6151 187.2303 908.6548 226.4591 1.5101 1.6008 2.9257 11.5160 2.1510 30.5693 -4.4696 0.0082
Car -1 -1 -8.2687 1105.7301 170.3370 1189.4230 207.3711 1.4960 1.5198 3.6680 23.0155 1.3940 31.1016 -7.6364 0.0077
Car -1 -1 -4.7602 859.8349 186.6672 904.6818 226.0144 1.5276 1.6309 3.1817 11.6040 2.1547 31.0127 -4.4060 0.0076
Car -1 -1 -4.7934 857.1751 186.9385 903.3668 226.4126 1.5221 1.5764 3.0825 11.4126 2.1548 30.7287 -4.4417 0.0075
Cyclist -1 -1 -3.2769 1026.3549 173.1635 1081.5222 221.0696 1.9032 0.7997 1.8190 18.0187 1.9158 29.4031 -2.7321 0.0069
Car -1 -1 -2.8379 844.8824 186.4923 942.1277 226.0416 1.5028 1.7286 3.4551 11.8656 2.1099 30.3782 -2.4695 0.0062
Cyclist -1 -1 -3.7351 1121.9510 163.8081 1176.5148 218.0117 1.9153 0.6846 1.4300 19.2712 1.5954 25.8672 -3.1007 0.0055
Car -1 -1 -2.3645 27.4810 197.3874 128.6700 236.1616 1.6189 1.6379 3.5493 -23.9948 2.7614 32.5434 -2.9961 0.0055
Car -1 -1 -3.8044 850.9986 189.0799 933.2176 225.9895 1.4644 1.4750 2.9962 11.9732 2.1818 30.7736 -3.4373 0.0055
Car -1 -1 -7.1178 75.1606 197.4893 181.8047 236.7643 1.6337 1.8060 4.4539 -23.4362 2.9180 35.2860 -7.7009 0.0054
Car -1 -1 -6.8357 756.8065 187.8394 818.8232 210.4521 1.4676 1.6631 3.8842 12.2969 2.5358 50.0600 -6.5968 0.0054
Car -1 -1 -4.5025 858.1596 187.1394 913.6812 226.5102 1.5244 1.5447 3.6022 11.9582 2.1816 31.2732 -4.1411 0.0049
Car -1 -1 -4.6288 759.0084 184.2623 787.2145 210.5893 1.7051 1.6065 4.1910 11.5128 2.5452 50.9133 -4.4083 0.0049
Car -1 -1 -4.3045 0.0000 191.3053 40.6891 374.0000 1.5167 1.6615 3.8951 -7.8572 1.7671 7.6851 -5.0836 0.0047
Cyclist -1 -1 -5.3569 1121.4296 172.1617 1167.4384 224.9765 1.8379 0.5785 1.4214 19.0581 1.8135 25.8234 -4.7271 0.0047
Car -1 -1 -4.2601 0.0000 199.6028 45.5028 374.0000 1.4249 1.6195 3.8673 -7.6813 1.7792 7.4735 -5.0413 0.0045
Car -1 -1 -6.9838 759.4799 187.0094 818.0384 210.6789 1.5379 1.7359 3.7345 12.4597 2.5581 50.4100 -6.7435 0.0043
Car -1 -1 -4.8737 754.7133 183.5271 785.4258 209.5695 1.7033 1.4963 3.8541 11.1897 2.4831 50.7680 -4.6586 0.0043
Car -1 -1 -8.2898 1104.5311 169.4677 1188.0546 207.1330 1.5141 1.5142 3.4888 22.7893 1.3777 30.8641 -7.6587 0.0039
Car -1 -1 -4.9393 850.0154 187.0348 905.7056 226.2309 1.5023 1.4942 3.2780 11.2558 2.1375 30.6154 -4.5908 0.0037
Cyclist -1 -1 -3.5477 1093.0848 163.7462 1152.6873 221.3183 2.0241 0.6844 1.6009 18.3186 1.7036 25.8651 -2.9373 0.0034
Car -1 -1 -7.0722 59.2192 200.1123 165.2218 236.5178 1.4552 1.6208 4.2691 -23.6657 2.8413 34.4518 -7.6707 0.0034
Cyclist -1 -1 -6.9538 1111.7308 169.5513 1167.6472 224.2487 1.9283 0.6219 1.5668 18.8703 1.8116 25.7827 -6.3280 0.0032
Car -1 -1 -7.0974 62.9583 199.7381 170.6322 238.6184 1.5640 1.6715 4.4140 -23.4960 2.9367 34.5366 -7.6914 0.0031
Car -1 -1 -5.9591 862.0894 188.5060 958.1961 227.8964 1.4619 1.5256 3.3532 12.3097 2.1439 29.7810 -5.5713 0.0028
Cyclist -1 -1 -8.2378 762.3841 176.7342 780.0971 204.6456 1.5996 0.3992 1.7148 9.4453 1.8324 42.4737 -8.0209 0.0025
Cyclist -1 -1 -5.3359 1114.6053 171.0477 1161.7605 226.5263 1.9278 0.6046 1.4781 18.8245 1.8648 25.8121 -4.7118 0.0023
Cyclist -1 -1 -2.3873 59.9042 188.1674 112.0255 234.4629 1.9734 0.7497 1.8309 -22.9618 2.6535 31.5694 -3.0123 0.0022
Car -1 -1 -5.0981 839.4124 184.9880 909.8124 224.3713 1.5479 1.5904 3.6610 11.3731 2.1064 31.3680 -4.7540 0.0020
Car -1 -1 -4.1995 21.9949 195.4889 105.2890 229.4856 1.4748 1.6364 3.8190 -27.1571 2.6655 35.9638 -4.8429 0.0019
Cyclist -1 -1 -2.4922 53.3970 188.0445 108.1500 234.2220 1.9751 0.7685 1.8412 -23.1542 2.6470 31.5284 -3.1218 0.0019
Car -1 -1 -5.2464 831.9660 186.5768 911.4078 225.9967 1.5243 1.5547 3.6800 11.1872 2.1548 31.2161 -4.9060 0.0019
Cyclist -1 -1 -7.8732 670.4989 180.9851 679.8690 215.2103 1.5179 0.3944 1.5111 2.9463 1.8997 33.1329 -7.7859 0.0017
Car -1 -1 -7.4503 0.0000 190.5105 94.9704 374.0000 1.5217 1.8052 4.3658 -8.0025 1.7889 8.5759 -8.1857 0.0017
Car -1 -1 -4.8940 848.5883 183.6986 909.2032 226.1120 1.5990 1.6702 3.9775 11.1882 2.0868 30.3756 -4.5449 0.0013
Cyclist -1 -1 -7.7964 670.9675 180.8155 679.5220 214.7080 1.5211 0.3189 1.4028 2.9857 1.8976 33.4359 -7.7088 0.0009
Pedestrian -1 -1 -6.4043 663.6647 177.4147 679.2617 214.7604 1.6886 0.7590 0.6237 2.7747 1.9001 33.1123 -6.3221 0.0009
Cyclist -1 -1 -7.9542 666.8231 180.1125 677.6038 214.9891 1.5524 0.3364 1.5436 2.8161 1.8940 33.2126 -7.8710 0.0003
Pedestrian -1 -1 -3.0377 70.2443 184.0023 88.8169 256.8150 1.8078 0.4934 0.3281 -13.5015 2.0948 18.3003 -3.6666 0.0003
Pedestrian -1 -1 -2.8970 62.9092 178.0262 88.9304 251.0673 1.8290 0.6640 0.3845 -13.7389 1.9641 18.5017 -3.5290 0.0002
Cyclist -1 -1 -7.9492 666.9177 180.5658 675.9301 214.0755 1.5013 0.2741 1.4508 2.7959 1.8656 33.3874 -7.8670 0.0002
