Car -1 -1 -2.6429 0.0000 181.8179 302.6942 278.3465 1.5249 1.6707 4.2496 -7.8676 1.6919 12.5212 -3.1947 0.9999
Car -1 -1 -6.7276 763.5015 182.2457 1028.1689 288.9593 1.5215 1.5746 3.5581 4.3452 1.6818 11.3971 -6.3730 0.9998
Car -1 -1 -6.5789 726.9404 186.0789 936.3561 269.9099 1.4660 1.5505 3.4843 4.0379 1.7310 13.6733 -6.2987 0.9890
Car -1 -1 -8.1191 451.6215 177.9275 490.3286 203.6974 1.6858 1.6545 3.9822 -9.7423 2.0536 50.2008 -8.3102 0.9886
Car -1 -1 -2.7393 91.0586 175.4193 308.6808 260.7712 1.6454 1.5919 3.5814 -8.3998 1.7016 14.9430 -3.2441 0.9884
Car -1 -1 -7.7544 1081.2014 186.3073 1135.9974 224.2888 1.4428 1.5680 3.8589 21.2733 2.0536 30.7946 -7.1549 0.9788
Car -1 -1 -5.4109 998.1290 182.4476 1062.4778 206.8574 1.4702 1.6886 3.5918 27.2026 2.1187 46.8805 -4.8883 0.9477
Car -1 -1 -5.5119 0.0000 192.3703 126.1531 354.7703 1.4522 1.5783 3.8342 -7.4867 1.6743 7.4313 -6.2830 0.9320
Car -1 -1 -6.0385 214.3036 172.5784 367.5951 240.6696 1.7821 1.5814 3.5987 -8.7613 1.7746 19.9590 -6.4476 0.8973
Car -1 -1 -2.8924 151.6366 173.1699 339.0972 250.4059 1.7307 1.7212 3.7197 -8.6878 1.7386 17.4047 -3.3496 0.8957
Car -1 -1 -6.6332 725.6935 184.0335 931.4413 269.3705 1.4890 1.5541 3.4144 4.0106 1.7153 13.7239 -6.3556 0.8728
Car -1 -1 -6.7479 765.8511 182.4826 1031.7771 290.5070 1.5316 1.5115 3.5890 4.3800 1.6952 11.3392 -6.3891 0.8554
Car -1 -1 -2.9559 143.5535 173.5122 336.8974 251.9915 1.7268 1.6975 3.8549 -8.7076 1.7435 17.2411 -3.4178 0.8438
Car -1 -1 -2.7556 82.0480 174.3467 309.5335 258.4834 1.6249 1.6245 3.7695 -8.5048 1.6577 15.0073 -3.2639 0.8350
Car -1 -1 -5.4247 0.0000 196.3867 134.4984 357.3702 1.4094 1.5764 3.7084 -7.3683 1.6883 7.5810 -6.1783 0.8329
Car -1 -1 -6.1014 211.0072 171.5642 368.5894 240.9000 1.7886 1.6029 3.7213 -8.7120 1.7550 19.8143 -6.5111 0.8275
Car -1 -1 -8.5630 995.5583 183.5790 1062.1097 208.2236 1.4720 1.6334 3.8247 27.1092 2.1990 46.8967 -8.0421 0.8179
Car -1 -1 -5.6141 0.0000 187.1444 121.4785 364.4176 1.4846 1.6207 3.9906 -7.5565 1.6485 7.2510 -6.4017 0.8168
Car -1 -1 -7.7914 1081.8065 186.3918 1131.4784 224.1224 1.4369 1.5393 3.6277 21.1546 2.0492 30.7491 -7.1938 0.8161
Car -1 -1 -7.8207 1081.7828 186.6283 1130.4353 225.4751 1.4715 1.6061 3.9740 21.2295 2.1004 30.8836 -7.2235 0.8057
Car -1 -1 -5.4030 0.0000 189.5124 125.4277 357.0154 1.4753 1.6046 3.8712 -7.5461 1.6734 7.5753 -6.1689 0.8012
Car -1 -1 -8.1181 451.7508 178.4380 490.3210 203.5531 1.6380 1.6444 3.9901 -9.7319 2.0426 50.1682 -8.3091 0.7867
Car -1 -1 -7.7114 1078.8242 184.4153 1141.8451 224.6030 1.5363 1.6623 4.1642 21.4149 2.0645 30.8840 -7.1101 0.7484
Car -1 -1 -6.5310 729.8317 185.3862 955.2919 271.5148 1.4897 1.5874 3.7610 4.1963 1.7410 13.6108 -6.2390 0.7375
Car -1 -1 -6.5721 728.3739 185.5876 929.6277 269.9114 1.4661 1.5803 3.3059 3.9664 1.7201 13.5993 -6.2952 0.6903
Car -1 -1 -6.0123 198.0751 170.4993 368.0582 239.4356 1.8019 1.6593 3.9841 -8.9683 1.7400 19.9717 -6.4298 0.6853
Car -1 -1 -5.4317 995.9054 182.7367 1065.1010 207.1578 1.4608 1.7134 3.9310 27.2438 2.1322 46.9497 -4.9091 0.6343
Car -1 -1 -5.5065 0.0000 200.7589 137.0049 360.3739 1.3938 1.5957 3.4488 -7.1724 1.7139 7.4409 -6.2557 0.6142
Car -1 -1 -5.4200 1002.3432 182.2660 1065.3800 206.4435 1.4537 1.6945 3.4103 27.2974 2.0857 46.6389 -4.8937 0.5544
Car -1 -1 -7.7658 1084.8062 185.3992 1139.6292 224.3223 1.4811 1.6062 3.8020 21.3665 2.0491 30.7077 -7.1629 0.5463
Car -1 -1 -5.2113 0.0000 189.0648 125.8302 358.5120 1.4415 1.6503 4.1290 -7.6305 1.6494 7.8387 -5.9662 0.5297
Car -1 -1 -2.7681 207.9607 169.6002 373.0543 237.3606 1.8048 1.6533 3.8724 -8.8541 1.7178 20.1151 -3.1783 0.4767
Car -1 -1 -5.6579 0.0000 195.4857 122.6156 373.6358 1.4265 1.5606 3.8356 -7.3639 1.6833 7.1227 -6.4413 0.4556
Car -1 -1 -6.4489 735.3112 183.4577 972.5744 273.4247 1.5028 1.6006 3.9317 4.2898 1.7145 13.3647 -6.1457 0.4294
Car -1 -1 -7.6112 1081.6801 184.1941 1153.8461 223.5238 1.5058 1.6217 3.9557 21.5549 2.0171 30.6422 -7.0032 0.3208
Car -1 -1 -5.8354 0.0000 187.1888 105.7386 374.0000 1.4872 1.6498 4.3913 -7.6879 1.6544 6.8561 -6.6584 0.3204
Car -1 -1 -5.8552 0.0000 188.4288 117.4277 374.0000 1.4767 1.5955 4.1616 -7.4102 1.6570 6.8594 -6.6597 0.2775
Pedestrian -1 -1 -4.6253 1212.7626 169.9185 1240.5310 230.2704 1.8367 0.6273 0.3431 19.0091 1.7470 22.3015 -3.9264 0.2763
Car -1 -1 -8.3042 1146.2661 187.5509 1241.0000 228.9080 1.4687 1.6446 3.7393 23.4301 2.1011 29.0548 -7.6311 0.2175
Car -1 -1 -7.5047 1154.2622 186.6324 1241.0000 228.8556 1.5201 1.7272 4.4428 23.9433 2.1110 29.0832 -6.8215 0.2102
Car -1 -1 -6.3352 0.0000 184.6518 110.8283 374.0000 1.5150 1.6724 4.4678 -7.6607 1.6630 6.8139 -7.1595 0.1906
Car -1 -1 -8.1870 1126.1302 188.6541 1213.2858 229.8728 1.4656 1.6376 3.7099 22.5007 2.1494 29.2207 -7.5362 0.1787
Car -1 -1 -8.2869 718.6898 184.8712 776.6955 218.5379 1.4354 1.4323 3.2199 6.3414 2.0259 33.7397 -8.1034 0.1519
Car -1 -1 -7.4192 1159.5505 188.5999 1241.0000 229.1337 1.4570 1.6815 3.7909 23.8708 2.1185 28.7431 -6.7317 0.1472
Car -1 -1 -8.1475 725.8783 183.7999 781.4080 218.4500 1.4803 1.5701 3.5766 6.6339 2.0219 33.8596 -7.9564 0.1396
Car -1 -1 -6.2707 0.0000 187.3197 114.4672 374.0000 1.4765 1.6128 4.2415 -7.4359 1.6541 6.7913 -7.0818 0.1378
Car -1 -1 -8.4005 1134.1644 187.7647 1241.0000 228.7547 1.4608 1.6585 3.7758 23.1450 2.1031 29.1229 -7.7344 0.1373
Car -1 -1 -7.3090 1155.5139 186.2619 1241.0000 228.9467 1.5504 1.7486 4.3258 24.0771 2.1120 28.7052 -6.6167 0.1294
Car -1 -1 -7.7743 327.2719 171.0606 379.0731 223.2180 1.8382 1.5533 3.7280 -9.7371 1.7747 27.4299 -8.1128 0.1153
Pedestrian -1 -1 -4.6343 1208.6802 170.3180 1237.6757 230.8148 1.8383 0.6601 0.3385 18.8810 1.7610 22.2773 -3.9383 0.1141
Car -1 -1 -7.8043 319.0382 169.8335 374.0850 224.7586 1.9278 1.7594 4.0919 -10.0157 1.8215 27.5392 -8.1505 0.0931
Car -1 -1 -2.9306 255.0348 169.8832 376.2786 222.4919 1.8317 1.7171 3.8129 -10.6738 1.7280 26.2934 -3.3131 0.0838
Car -1 -1 -8.0123 1140.9341 187.2863 1213.1956 228.8877 1.4843 1.7037 3.7144 22.7995 2.1088 29.1966 -7.3548 0.0825
Car -1 -1 -6.4874 0.0000 190.8401 125.9520 374.0000 1.4454 1.6212 3.8584 -7.2106 1.6686 6.9070 -7.2750 0.0748
Car -1 -1 -7.7830 324.0349 168.9912 376.3942 223.5585 1.9213 1.5955 3.8563 -9.8628 1.7850 27.4759 -8.1250 0.0670
Car -1 -1 -5.0807 1153.6774 188.5935 1237.7223 230.2445 1.4666 1.5745 2.9746 22.8408 2.1200 28.3122 -4.4075 0.0627
Car -1 -1 -3.0500 250.9132 169.7804 373.0539 222.5275 1.7997 1.7004 3.9234 -10.6688 1.6946 26.0020 -3.4362 0.0568
Car -1 -1 -8.3990 1138.7878 189.1546 1235.6382 230.3736 1.4745 1.6024 3.1401 22.8646 2.1617 28.7762 -7.7332 0.0543
Car -1 -1 -6.6559 0.0000 186.7543 113.0068 374.0000 1.5442 1.6388 4.4030 -7.6890 1.7248 7.0424 -7.4662 0.0480
Cyclist -1 -1 -8.5221 722.7156 180.3087 751.7950 218.2269 1.6804 0.3385 1.6848 5.7861 2.0308 33.1202 -8.3514 0.0461
Pedestrian -1 -1 -7.8677 369.2277 181.7708 383.2355 216.6708 1.6718 0.6412 0.5691 -11.4226 2.1102 35.1259 -8.1803 0.0430
Car -1 -1 -2.7246 264.8286 178.3768 387.1271 219.0213 1.5562 1.6731 4.2305 -11.3231 1.7836 28.8115 -3.0963 0.0410
Cyclist -1 -1 -8.4831 723.2790 179.6232 752.5865 218.0851 1.7159 0.3757 1.7421 5.8588 2.0367 33.3590 -8.3114 0.0307
Car -1 -1 -3.1244 271.3529 180.2260 378.4246 221.4306 1.5291 1.5712 3.8592 -11.3138 1.8363 28.6881 -3.4973 0.0288
Car -1 -1 -7.0694 0.0000 189.1631 103.2387 374.0000 1.5107 1.6472 4.3020 -7.6338 1.7276 7.4538 -7.8488 0.0274
Car -1 -1 -6.4471 0.0000 189.0369 122.6881 374.0000 1.4547 1.5679 4.3037 -7.1673 1.6487 6.4384 -7.2653 0.0272
Car -1 -1 -7.0528 0.0000 192.3631 113.5211 374.0000 1.4874 1.6410 4.1052 -7.4300 1.7435 7.4035 -7.8220 0.0226
Car -1 -1 -5.1014 869.6359 174.6686 990.0892 231.5661 1.5914 1.7694 4.6640 9.8081 1.6541 22.6753 -4.6984 0.0212
Car -1 -1 -6.2318 0.0000 194.4933 75.0722 374.0000 1.4286 1.5953 4.2033 -7.4270 1.6774 6.2418 -7.0825 0.0207
Car -1 -1 -2.4834 277.8035 180.4528 383.8126 219.5595 1.4763 1.5809 3.8118 -11.2690 1.7956 29.0486 -2.8508 0.0154
Cyclist -1 -1 -8.3698 731.7248 179.9875 759.2144 217.6252 1.6808 0.4277 1.7747 6.2286 2.0205 33.4752 -8.1880 0.0125
Car -1 -1 -5.1452 863.6254 173.3106 985.9627 230.5619 1.6148 1.7203 4.5669 9.6651 1.6304 22.7014 -4.7480 0.0116
Car -1 -1 -7.8901 361.5037 176.4640 390.3552 204.1315 1.5530 1.5064 3.4125 -13.9623 1.7763 42.8459 -8.2036 0.0110
Car -1 -1 -4.8866 931.1652 188.8703 971.3226 215.2436 1.3955 1.5234 3.5496 19.9688 2.3790 42.4118 -4.4498 0.0100
Cyclist -1 -1 -4.2486 1196.7739 184.4191 1241.0000 232.1089 1.7513 0.7471 1.7069 23.2607 2.2029 27.5117 -3.5526 0.0077
Car -1 -1 -5.1061 905.9866 173.0807 1032.4974 235.5682 1.5166 1.5662 4.1210 9.5374 1.5232 19.6262 -4.6601 0.0074
Car -1 -1 -7.8286 364.2636 176.0822 391.9427 204.5647 1.6091 1.4852 2.9170 -13.7405 1.8073 42.7368 -8.1382 0.0065
Cyclist -1 -1 -7.8883 940.1584 182.1490 951.1783 219.1320 1.7727 0.4298 1.7019 16.6496 2.2459 35.8899 -7.4577 0.0064
Car -1 -1 -4.6136 724.0288 178.5095 785.4296 226.3260 1.4657 1.6800 4.2325 5.0279 1.6785 24.9228 -4.4175 0.0062
Car -1 -1 -7.9112 358.8263 176.5815 388.7316 203.6562 1.5229 1.5118 3.0360 -14.0517 1.7521 42.7387 -8.2273 0.0060
Car -1 -1 -4.0752 301.9535 179.9577 387.8513 216.0432 1.5307 1.5852 4.1786 -12.3222 1.8843 33.7130 -4.4235 0.0059
Cyclist -1 -1 -7.9074 937.4356 182.7192 948.8468 219.4051 1.7465 0.4137 1.6875 16.4243 2.2458 35.6749 -7.4797 0.0051
Car -1 -1 -7.8679 355.6667 176.2909 385.6021 204.0754 1.5511 1.6170 3.7720 -14.2686 1.7646 42.8342 -8.1879 0.0051
Car -1 -1 -7.8598 348.3516 175.6425 381.6620 204.0913 1.5851 1.7889 3.9205 -14.5624 1.7584 42.7674 -8.1864 0.0046
Cyclist -1 -1 -7.7954 936.4526 183.2601 947.1389 219.7202 1.7507 0.3981 1.6003 16.4748 2.2798 35.9044 -7.3690 0.0044
Cyclist -1 -1 -7.2445 929.2092 180.5412 962.1229 219.9311 1.9056 0.4883 1.9028 16.6523 2.2948 35.8686 -6.8136 0.0044
Car -1 -1 -4.7724 957.2112 178.3794 985.8321 201.6875 1.5966 1.6110 4.0096 26.2864 2.0157 52.6089 -4.3117 0.0034
Car -1 -1 -4.7277 953.8042 176.6460 980.8647 202.2234 1.7777 1.7017 4.3006 26.2441 2.0688 53.1401 -4.2716 0.0034
Cyclist -1 -1 -8.1770 484.7033 178.3506 497.2004 202.2847 1.6869 0.3973 1.6107 -8.6201 2.0891 52.0287 -8.3408 0.0033
Car -1 -1 -7.7400 1010.0933 166.9024 1036.0193 185.6031 1.7650 1.7463 4.0888 40.2251 1.2030 70.2644 -7.2221 0.0028
Pedestrian -1 -1 -3.0308 822.4251 166.3665 836.8154 220.2843 1.7339 0.5235 0.3963 7.1133 1.5250 23.5215 -2.7411 0.0022
Car -1 -1 -4.7019 951.0733 177.3180 976.6637 200.9431 1.6328 1.6258 4.1379 25.9331 1.9736 52.9186 -4.2489 0.0021
Car -1 -1 -4.5807 952.5452 179.3274 983.8519 201.4733 1.5136 1.5833 3.6391 26.0107 2.0010 52.4085 -4.1227 0.0018
Car -1 -1 -4.6622 945.7944 176.9116 973.3400 200.4569 1.6304 1.6316 3.9067 25.5723 1.9388 52.7930 -4.2138 0.0015
Cyclist -1 -1 -8.0732 1191.0320 188.1092 1229.2385 234.4346 1.6886 0.7450 1.8262 23.1604 2.2996 27.9310 -7.3867 0.0010
Cyclist -1 -1 -8.3978 1166.0997 188.5385 1212.8724 231.4303 1.5724 0.5989 1.7264 22.4131 2.2002 27.9995 -7.7285 0.0009
Pedestrian -1 -1 -6.8796 991.8519 172.1796 997.9607 195.0591 2.1269 0.5502 0.2333 35.9124 2.0639 67.3622 -6.3920 0.0005
Pedestrian -1 -1 -3.6681 990.3774 173.6896 996.2792 191.8272 1.6846 0.5816 0.2231 35.7522 1.7626 67.3382 -3.1822 0.0004
Cyclist -1 -1 -8.2861 1174.0364 189.6018 1217.2236 232.7016 1.5826 0.6062 1.7851 22.7857 2.2578 28.1636 -7.6116 0.0003
Cyclist -1 -1 -8.2132 1178.7850 190.4890 1220.2061 233.8062 1.5755 0.6367 1.8099 22.7899 2.2826 27.9835 -7.5356 0.0001
