Pedestrian -1 -1 -5.8853 221.7121 192.3619 269.3056 282.2397 1.5343 0.6439 0.5469 -6.3164 1.7318 12.6827 -6.3449 0.8922
Pedestrian -1 -1 -2.9846 350.6911 180.9407 390.6944 267.5811 1.6681 0.5704 0.6721 -4.5818 1.6579 14.1641 -3.2977 0.8144
Pedestrian -1 -1 -2.7720 784.1110 151.7763 829.3212 269.6958 1.8184 0.5760 0.5268 3.2336 1.3607 11.4652 -2.5085 0.7370
Pedestrian -1 -1 -3.8512 954.7684 157.4262 1011.5652 286.1698 1.6352 0.5157 0.4207 4.9521 1.3301 9.4243 -3.3842 0.6283
Pedestrian -1 -1 -2.8896 346.4366 182.4292 392.4312 267.9737 1.6393 0.5713 0.7405 -4.5791 1.6585 14.0802 -3.2043 0.6175
Pedestrian -1 -1 -2.9739 343.7182 180.4050 388.3646 268.5855 1.6978 0.5568 0.7560 -4.6720 1.6773 14.1625 -3.2927 0.5743
Pedestrian -1 -1 -8.7633 750.5334 143.8254 804.2070 270.4518 1.8490 0.6723 0.4827 2.6217 1.2995 10.8887 -8.5380 0.5232
Pedestrian -1 -1 -2.7349 789.1465 151.4707 831.8773 268.2611 1.8095 0.5199 0.4953 3.2996 1.3449 11.4870 -2.4667 0.4957
Pedestrian -1 -1 -3.8486 951.3928 160.2729 1004.3455 287.5213 1.6210 0.4520 0.4206 4.8827 1.3513 9.4214 -3.3872 0.4642
Pedestrian -1 -1 -6.2259 749.5201 146.8024 785.6945 272.0413 1.8300 0.6319 0.5072 2.4741 1.3237 10.8686 -6.0127 0.4341
Pedestrian -1 -1 -6.9886 743.1069 151.3787 793.1931 276.8944 1.8148 0.5239 0.5101 2.4418 1.3799 10.7374 -6.7757 0.3638
Pedestrian -1 -1 -8.4271 748.8451 146.0455 804.7673 272.2827 1.8355 0.6557 0.4863 2.5823 1.3206 10.7853 -8.2031 0.3291
Pedestrian -1 -1 -2.7164 781.6223 155.0924 825.5582 268.6898 1.7750 0.5099 0.5222 3.2167 1.3630 11.5869 -2.4569 0.2934
Pedestrian -1 -1 -3.8652 846.3245 159.3813 891.3401 249.2109 1.6648 0.4546 0.6697 5.0358 1.2555 13.6485 -3.5232 0.2543
Pedestrian -1 -1 -2.9690 794.4182 153.9913 826.8384 266.4890 1.7671 0.4613 0.4353 3.3313 1.3356 11.5851 -2.7004 0.2175
Pedestrian -1 -1 -3.7759 872.6950 152.0621 914.1234 253.2914 1.7376 0.4062 0.5361 5.0725 1.2329 12.5959 -3.4055 0.1985
Pedestrian -1 -1 -3.8139 847.6729 157.6411 896.2966 249.7095 1.6885 0.4479 0.7387 5.0407 1.2515 13.5042 -3.4683 0.1635
Pedestrian -1 -1 -3.6739 953.9938 158.2903 1009.6846 283.5080 1.6209 0.4945 0.4637 5.0060 1.3211 9.5607 -3.2082 0.1573
Car -1 -1 -8.8276 0.0000 0.0000 1237.0000 373.0000 1.5547 1.5522 3.7151 3.0663 1.6023 1.6502 -7.8210 0.1548
Car -1 -1 -8.7859 977.9854 214.3716 1237.0000 373.0000 1.4165 1.5466 3.6504 3.0299 1.6119 2.3719 -7.9375 0.1482
Car -1 -1 -8.5502 1002.5191 216.1621 1237.0000 373.0000 1.4344 1.5413 3.7357 2.8032 1.6382 2.2526 -7.7176 0.1228
Car -1 -1 -9.0163 1011.4786 200.5415 1237.0000 373.0000 1.4889 1.5088 3.8201 3.2779 1.5995 2.1126 -8.0790 0.1158
Car -1 -1 -9.1610 1014.1289 193.9653 1237.0000 373.0000 1.5058 1.5814 3.8667 3.6819 1.5858 2.4758 -8.2359 0.1132
Car -1 -1 -8.9445 982.3120 200.0164 1237.0000 373.0000 1.4561 1.5398 3.7845 3.3472 1.5742 2.5379 -8.0769 0.1078
Car -1 -1 -8.9844 0.0000 0.0000 1237.0000 373.0000 1.5663 1.6061 3.9743 3.2929 1.6440 1.6958 -7.9565 0.1037
Car -1 -1 -8.6878 0.0000 0.0000 1237.0000 373.0000 1.5762 1.5512 3.6949 2.7435 1.6106 1.6025 -7.7208 0.1037
Car -1 -1 -9.1792 0.0000 0.0000 1237.0000 373.0000 1.5890 1.5987 3.9701 3.6674 1.5949 2.0728 -8.1816 0.1010
Cyclist -1 -1 -7.0078 735.1204 148.4625 830.5146 276.5407 1.8550 0.3776 1.5618 2.7295 1.3772 10.9390 -6.7744 0.0993
Car -1 -1 -5.2557 986.5753 236.6220 1237.0000 373.0000 1.3562 1.5827 3.5647 2.7694 1.7048 2.6239 -4.4980 0.0971
Pedestrian -1 -1 -3.5827 855.0324 156.0993 901.2244 253.8474 1.6876 0.4050 0.6451 4.8166 1.2497 12.6321 -3.2306 0.0688
Car -1 -1 -8.3865 0.0000 0.0000 1237.0000 373.0000 1.4963 1.5314 3.8532 2.4538 1.6520 2.0578 -7.5803 0.0684
Pedestrian -1 -1 -6.3134 782.7648 146.1952 818.1293 270.5780 1.8725 0.5710 0.5022 3.0346 1.3416 11.1482 -6.0590 0.0638
Car -1 -1 -5.0763 989.9200 242.4567 1237.0000 373.0000 1.3416 1.5743 3.6323 2.5075 1.7276 2.5633 -4.3578 0.0606
Pedestrian -1 -1 -3.7738 887.5463 157.4993 927.8121 257.3443 1.6069 0.4291 0.4391 4.9910 1.2213 11.8222 -3.3875 0.0555
Pedestrian -1 -1 -3.7270 880.8849 154.3239 923.1198 256.6416 1.6883 0.4689 0.4756 5.0262 1.2405 12.1309 -3.3471 0.0499
Pedestrian -1 -1 -4.6855 392.1806 238.3945 425.5952 331.5220 0.9856 0.3565 0.4009 -2.2234 1.6488 8.1284 -4.9507 0.0487
Car -1 -1 -4.7296 370.4222 179.5678 414.4386 222.5369 1.5126 1.5020 3.7057 -7.9970 1.4449 27.2790 -5.0173 0.0434
Pedestrian -1 -1 -3.7609 837.0998 158.0377 886.2000 249.4699 1.6773 0.4415 0.7515 4.8428 1.2475 13.4955 -3.4278 0.0428
Car -1 -1 -3.4081 998.0958 191.1671 1237.0000 373.0000 1.5901 1.6082 4.1183 3.8292 1.6510 2.5714 -2.4807 0.0425
Pedestrian -1 -1 -8.0762 1109.8152 146.4371 1171.3248 256.3814 1.6324 0.6658 0.4426 8.1949 1.1124 10.9991 -7.4524 0.0422
Car -1 -1 -3.5687 964.4098 226.9911 1237.0000 373.0000 1.3887 1.5247 3.7498 3.4021 1.6496 2.6295 -2.7089 0.0418
Car -1 -1 -3.5378 997.2110 192.7895 1237.0000 373.0000 1.5206 1.5393 4.0271 3.8619 1.5923 2.9034 -2.6599 0.0410
Car -1 -1 -6.9463 895.2252 236.5852 1237.0000 373.0000 1.3643 1.6846 3.8302 3.4203 1.6818 3.0426 -6.1503 0.0397
Pedestrian -1 -1 -3.9456 331.7030 217.6162 403.8800 337.2498 1.2017 0.5331 0.5180 -2.5739 1.6109 7.7759 -4.2615 0.0391
Car -1 -1 -3.6809 966.9354 193.3695 1237.0000 373.0000 1.4925 1.5689 4.0329 3.9586 1.5688 3.2170 -2.8374 0.0366
Car -1 -1 -4.8282 372.2663 178.0902 425.8201 220.8924 1.5030 1.5148 3.6904 -7.7437 1.3836 27.2183 -5.1080 0.0358
Pedestrian -1 -1 -5.1215 959.2452 153.0593 1008.8976 261.7677 1.6807 0.4386 0.7240 6.0573 1.2416 11.4808 -4.6507 0.0354
Car -1 -1 -9.2382 1043.5109 192.7602 1237.0000 373.0000 1.4750 1.5779 3.8679 4.0636 1.5518 2.7673 -8.3142 0.0320
Pedestrian -1 -1 -5.1632 950.1277 151.2053 1003.3528 263.5654 1.7670 0.4793 0.7480 6.0403 1.2913 11.6739 -4.7001 0.0296
Pedestrian -1 -1 -3.7055 836.7292 161.0913 880.2473 249.0569 1.6384 0.4316 0.6486 4.8437 1.2589 13.6647 -3.3761 0.0284
Car -1 -1 -7.3057 754.5125 241.0152 1237.0000 373.0000 1.3442 1.6713 3.7649 2.6875 1.7217 3.1065 -6.6394 0.0273
Pedestrian -1 -1 -3.8678 862.4952 158.0980 911.8238 254.5143 1.6924 0.4018 0.7506 5.0982 1.2823 12.9303 -3.5045 0.0268
Pedestrian -1 -1 -3.4792 879.0436 163.4920 916.9877 255.8726 1.4952 0.3895 0.4712 4.8341 1.2044 11.8297 -3.1043 0.0263
Car -1 -1 -7.6681 365.3212 178.1980 425.1421 221.4356 1.5269 1.5415 3.6503 -7.7681 1.4107 27.2576 -7.9484 0.0259
Car -1 -1 -7.7677 366.9623 178.1750 419.5656 219.0484 1.4971 1.7021 3.3965 -8.1096 1.3757 28.1427 -8.0510 0.0252
Car -1 -1 -8.1369 353.4582 177.8260 424.6080 219.8860 1.5127 1.7066 3.5194 -8.2848 1.3810 27.7765 -8.4293 0.0241
Pedestrian -1 -1 -5.0863 957.1591 149.5358 1010.0491 261.2452 1.7545 0.5161 0.7345 6.1508 1.2531 11.6728 -4.6159 0.0230
Pedestrian -1 -1 -3.8475 937.4180 167.1005 985.5624 280.6190 1.4871 0.4065 0.4126 4.7892 1.2991 9.6598 -3.4034 0.0229
Pedestrian -1 -1 -5.0637 965.9221 151.4011 1016.1558 260.4645 1.6887 0.4778 0.7221 6.1846 1.2233 11.5112 -4.5854 0.0206
Cyclist -1 -1 -7.7378 756.6506 146.4693 795.3774 275.0269 1.7943 0.3996 1.7062 2.6221 1.3061 10.8969 -7.5125 0.0202
Cyclist -1 -1 -3.0505 249.0061 188.8663 429.3397 342.6571 1.5056 0.7536 1.7313 -2.7851 1.5908 7.6690 -3.3942 0.0201
Pedestrian -1 -1 -8.1274 1100.2986 150.0591 1160.2704 256.4817 1.5808 0.6442 0.4164 8.0205 1.1144 10.9739 -7.5127 0.0194
Car -1 -1 -3.0900 499.3615 173.8643 598.5322 212.5274 1.5628 1.6087 4.0095 -2.1615 1.2545 29.8898 -3.1666 0.0155
Car -1 -1 -8.0527 349.6395 176.5869 414.2424 220.6879 1.6243 1.7488 3.6207 -8.7707 1.4437 28.4646 -8.3542 0.0153
Car -1 -1 -6.1765 326.8379 175.7561 437.9171 219.9137 1.6223 1.5356 3.9323 -8.3260 1.4117 27.5161 -6.4729 0.0140
Car -1 -1 -7.8939 364.7648 176.9917 413.7954 219.0147 1.5510 1.7054 3.3700 -8.4483 1.3850 28.3832 -8.1859 0.0139
Car -1 -1 -6.0843 323.9828 175.6012 433.5025 218.8337 1.5781 1.4600 3.7406 -8.3659 1.3632 27.1389 -6.3858 0.0138
Car -1 -1 -6.2243 344.2765 178.8240 443.5457 220.9752 1.5690 1.5063 3.6101 -8.0017 1.4697 27.8724 -6.5065 0.0137
Car -1 -1 -6.2529 355.2128 180.2454 451.2997 218.4961 1.4053 1.4851 3.4588 -7.5672 1.3596 27.5250 -6.5239 0.0127
Pedestrian -1 -1 -3.2030 899.9933 165.1168 912.5759 209.7945 1.6912 0.5057 0.4079 11.6442 1.0714 27.4959 -2.8109 0.0107
Car -1 -1 -6.4913 346.8509 177.2687 452.1230 217.7957 1.4824 1.5607 3.6805 -7.8312 1.3280 27.8234 -6.7684 0.0096
Car -1 -1 -4.7485 516.9549 172.3196 557.3088 211.6945 1.4924 1.4773 3.2862 -2.6546 1.1448 28.9530 -4.8442 0.0095
Car -1 -1 -6.3701 339.3219 178.1337 445.8984 219.6122 1.5130 1.4473 3.8132 -8.0352 1.3906 27.5707 -6.6563 0.0093
Pedestrian -1 -1 -3.4827 869.4138 166.7796 908.4996 257.3549 1.5082 0.4472 0.4897 4.8289 1.2637 12.1904 -3.1183 0.0079
Cyclist -1 -1 -7.0603 261.1212 197.1536 428.3776 356.3436 1.4240 0.6313 1.6790 -2.6573 1.6074 7.4936 -7.3965 0.0071
Car -1 -1 -6.5000 359.2306 176.5710 461.6531 217.0146 1.4955 1.6296 3.6060 -7.4893 1.3136 28.1179 -6.7632 0.0069
Pedestrian -1 -1 -4.2394 352.6838 229.0611 408.3453 325.2180 1.0142 0.4466 0.4443 -2.5307 1.5675 8.0884 -4.5397 0.0062
Car -1 -1 -7.8037 377.1262 175.2726 427.9032 220.7342 1.5971 1.6802 3.7044 -7.4917 1.3788 27.2275 -8.0749 0.0061
Cyclist -1 -1 -5.1438 948.8581 153.3937 1044.7249 292.1858 1.6477 0.4372 1.5775 5.0311 1.3147 9.3258 -4.6661 0.0053
Car -1 -1 -4.8923 516.1640 170.2227 569.6476 211.7824 1.5743 1.5612 3.3151 -2.4357 1.1475 29.0163 -4.9803 0.0049
Cyclist -1 -1 -6.6007 720.8076 145.7051 836.2938 273.9257 1.8697 0.4472 1.6241 2.5978 1.3484 10.7718 -6.3751 0.0039
Cyclist -1 -1 -7.6231 342.4940 181.7569 388.3580 275.7350 1.6816 0.4757 1.6208 -4.5121 1.6873 13.6858 -7.9416 0.0036
Car -1 -1 -6.2295 478.3545 169.1700 568.6346 209.3597 1.6177 1.6979 3.6306 -3.2104 1.1217 29.8653 -6.3407 0.0031
Car -1 -1 -6.5635 0.0000 0.0000 1237.0000 373.0000 1.5294 1.5769 3.5623 -4.1904 1.6232 1.3588 -7.7708 0.0030
Car -1 -1 -6.5276 0.0000 0.0000 1237.0000 373.0000 1.5405 1.5871 3.6404 -4.9873 1.6534 1.4662 -7.7704 0.0030
Car -1 -1 -6.5320 0.0000 0.0000 1237.0000 373.0000 1.5374 1.5783 3.5676 -4.5954 1.6316 1.3497 -7.7710 0.0030
Car -1 -1 -6.9328 157.8698 212.0899 455.8089 373.0000 1.2456 1.3406 2.4919 -2.8964 1.6172 7.2977 -7.3048 0.0025
Cyclist -1 -1 -6.7677 917.9489 157.9211 1046.5033 284.2059 1.6226 0.4123 1.4795 4.9442 1.3203 9.4502 -6.3024 0.0020
Cyclist -1 -1 -5.1634 941.4211 153.9767 1024.4089 257.4555 1.5835 0.5308 1.6053 6.1750 1.1630 11.7997 -4.6956 0.0016
Cyclist -1 -1 -7.9096 759.3122 144.4767 796.6100 274.8175 1.8121 0.4233 1.6949 2.5994 1.2980 10.8576 -7.6855 0.0014
Cyclist -1 -1 -5.8921 324.5550 180.8801 414.4803 266.9854 1.6598 0.4933 1.6208 -4.5999 1.6485 14.1551 -6.2065 0.0012
Pedestrian -1 -1 -2.4913 10.6697 165.0033 62.5924 286.9405 1.6900 0.4769 0.3649 -8.0554 1.4620 10.1962 -3.1530 0.0007
Pedestrian -1 -1 -3.4572 871.7085 176.3214 899.7318 234.2419 1.2868 0.5200 0.4439 6.3791 1.1723 16.2289 -3.0934 0.0007
Cyclist -1 -1 -3.7713 758.0612 155.1376 852.3908 271.1543 1.7778 0.3671 1.5345 3.2113 1.3745 11.4549 -3.5094 0.0007
Pedestrian -1 -1 -3.4841 891.8176 158.7775 910.5254 209.6068 1.7446 0.5543 0.4341 10.3779 0.9651 24.9415 -3.0985 0.0006
Pedestrian -1 -1 -5.6056 25.3271 163.2954 76.1331 289.8962 1.7515 0.4982 0.3330 -7.8517 1.5003 10.1915 -6.2552 0.0006
Pedestrian -1 -1 -3.2033 896.1346 159.2540 910.0744 208.7538 1.6814 0.5717 0.4019 10.3588 0.9262 24.7358 -2.8155 0.0003
Pedestrian -1 -1 -3.3686 1034.1228 147.4990 1092.6405 245.7968 1.5578 0.6226 0.6754 7.5189 1.0196 11.7872 -2.8159 0.0003
Cyclist -1 -1 -7.4365 206.1515 191.5297 270.8110 286.8002 1.5462 0.4534 1.4649 -6.3550 1.7325 12.5571 -7.9023 0.0002
Pedestrian -1 -1 -3.4609 794.2395 150.2905 824.2186 261.0605 1.8448 0.3193 0.4037 3.4625 1.3257 12.1334 -3.1940 0.0000
