Car -1 -1 -7.7144 592.7233 174.8278 620.3935 196.4577 1.6404 1.6730 3.8579 -0.2652 1.8019 57.1141 -7.7195 0.9513
Car -1 -1 -4.3424 278.3099 184.0154 343.1892 218.0284 1.4796 1.5263 4.0195 -14.3586 2.0481 34.7414 -4.7320 0.9453
Car -1 -1 -7.7298 592.8920 174.7606 618.9047 195.6524 1.5827 1.6109 3.6945 -0.3197 1.7380 56.9428 -7.7358 0.8801
Car -1 -1 -7.6987 591.5847 174.4811 619.1728 195.5603 1.5989 1.6267 3.7191 -0.3595 1.7316 56.9931 -7.7054 0.8749
Car -1 -1 -4.6367 410.6329 180.7638 434.0034 200.2693 1.4778 1.5411 3.8530 -15.1706 2.1394 58.3475 -4.8903 0.8052
Car -1 -1 -4.7188 411.1115 180.5217 431.1512 200.0144 1.4823 1.5233 3.8465 -15.3609 2.1260 58.5416 -4.9746 0.7879
Car -1 -1 -4.5019 277.3713 184.1506 332.0206 217.9012 1.4539 1.5829 4.1322 -14.6485 2.0313 34.7175 -4.8988 0.7675
Car -1 -1 -4.3291 278.3302 183.8881 345.6045 218.2458 1.4956 1.5528 4.1464 -14.3262 2.0595 34.8192 -4.7171 0.7627
Car -1 -1 -4.5484 410.2953 180.6012 439.1321 200.0216 1.4797 1.6243 4.1165 -15.0808 2.1334 58.7901 -4.7988 0.7569
Car -1 -1 -4.4027 278.3794 184.5267 340.8732 219.2156 1.5122 1.6193 4.0824 -14.5067 2.1116 34.9675 -4.7937 0.7450
Car -1 -1 -7.6001 592.5502 175.0482 624.6677 196.4822 1.6188 1.6181 3.8766 -0.1000 1.7982 56.9987 -7.6022 0.6808
Car -1 -1 -4.4545 280.5678 183.6683 337.9247 217.8001 1.4835 1.6178 3.7892 -14.3861 2.0316 34.6045 -4.8461 0.6564
Car -1 -1 -4.4619 592.1330 172.6203 626.4692 196.5963 1.8262 1.7348 4.2147 -0.0391 1.8081 57.2146 -4.4630 0.6240
Car -1 -1 -4.5584 412.1305 180.4666 439.1747 199.6738 1.4630 1.5544 3.8336 -14.9383 2.1009 58.5107 -4.8077 0.5963
Cyclist -1 -1 -8.1282 1020.2122 177.3430 1044.4487 221.7016 1.6125 0.3646 1.5768 15.8628 1.7865 27.2021 -7.6055 0.5782
Car -1 -1 -4.4425 357.2003 173.5733 393.9571 202.2853 2.2189 1.7562 4.1792 -18.8141 2.2785 57.9931 -4.7552 0.5191
Car -1 -1 -4.6474 410.1466 180.0106 434.1820 199.6125 1.4971 1.6273 4.2552 -15.3451 2.1042 58.9887 -4.9011 0.5170
Car -1 -1 -4.6337 590.6367 174.3815 617.1352 196.1201 1.6512 1.7756 4.3069 -0.4746 1.7769 57.3251 -4.6424 0.4759
Car -1 -1 -4.7863 407.0150 180.5095 430.3999 200.1296 1.4910 1.5488 3.9047 -15.5793 2.1343 58.5668 -5.0455 0.4587
Car -1 -1 -4.4258 355.4039 175.2811 392.6369 201.6636 2.0320 1.7399 4.1606 -18.9623 2.2341 58.0640 -4.7404 0.4555
Cyclist -1 -1 -6.9369 1067.2030 164.6941 1132.5677 222.1137 1.8430 0.6704 1.7146 15.9282 1.5808 23.5492 -6.3484 0.4375
Car -1 -1 -4.7080 410.3768 181.0710 432.2608 200.9255 1.4824 1.6403 4.1104 -15.1507 2.1662 57.8822 -4.9633 0.4369
Car -1 -1 -4.5195 410.4542 180.4822 440.6613 200.0582 1.4752 1.6074 4.0457 -14.8220 2.1104 58.0483 -4.7687 0.3611
Pedestrian -1 -1 -7.9515 1079.2522 167.0426 1107.7297 224.0584 1.8193 0.7003 0.6983 15.6871 1.6336 23.4959 -7.3691 0.3440
Car -1 -1 -4.7604 407.6109 181.1051 431.0205 200.9111 1.4844 1.6300 3.8888 -15.3613 2.1705 57.9263 -5.0188 0.3085
Cyclist -1 -1 -7.2508 1070.2842 165.3864 1125.7848 222.6325 1.8300 0.6746 1.6955 15.9782 1.5910 23.6935 -6.6637 0.2635
Cyclist -1 -1 -6.8548 1064.1609 165.7222 1130.1849 223.0870 1.8520 0.6616 1.7090 15.8961 1.6214 23.6371 -6.2690 0.2531
Car -1 -1 -4.6749 411.9141 180.3902 435.8140 201.0077 1.5328 1.6862 4.2614 -14.8371 2.1572 57.5551 -4.9264 0.2508
Car -1 -1 -4.4321 353.9558 176.6027 389.2105 202.6014 1.9836 1.6781 3.8140 -18.9949 2.2924 57.5470 -4.7499 0.2048
Car -1 -1 -4.3805 356.1863 175.6926 394.5536 202.3745 2.0464 1.6823 4.0870 -18.7805 2.2818 57.8372 -4.6934 0.2033
Pedestrian -1 -1 -7.8931 1085.2178 165.4108 1112.1934 222.5502 1.8258 0.6965 0.6816 15.8791 1.5877 23.5279 -7.3057 0.2011
Pedestrian -1 -1 -8.1769 1079.5891 166.3819 1111.8132 222.3537 1.8016 0.6951 0.6711 15.8554 1.5930 23.6387 -7.5923 0.1989
Pedestrian -1 -1 -8.2531 1071.4515 167.8004 1104.5063 222.8997 1.7802 0.7069 0.6451 15.6385 1.6166 23.6923 -7.6758 0.1856
Car -1 -1 -4.8439 403.3182 180.8016 429.9879 200.5555 1.4874 1.5677 3.9728 -15.6461 2.1515 58.1833 -5.1058 0.1647
Cyclist -1 -1 -7.8546 943.8887 170.9044 952.0792 208.3458 1.6704 0.3291 1.6273 15.4104 1.5831 32.9981 -7.4216 0.1324
Car -1 -1 -6.7351 1011.6060 179.5292 1149.1426 220.4470 1.4725 1.6003 4.0775 17.6757 1.7346 27.3346 -6.1665 0.1316
Car -1 -1 -4.8075 1017.0369 179.9902 1072.0846 220.0534 1.4103 1.4760 3.4542 16.7135 1.7049 27.9447 -4.2736 0.1186
Car -1 -1 -6.6700 1019.0700 180.9319 1143.2325 221.8839 1.4516 1.5610 3.5783 17.5561 1.7670 27.0998 -6.1006 0.1166
Car -1 -1 -4.8491 403.0311 181.1847 431.9575 201.4397 1.5052 1.7013 3.9775 -15.4149 2.1945 57.5629 -5.1100 0.1125
Cyclist -1 -1 -8.2149 1011.5021 176.4674 1039.5061 221.5111 1.6397 0.3676 1.5887 15.6076 1.7798 27.2096 -7.6993 0.1120
Cyclist -1 -1 -8.1615 932.0082 170.3434 951.8584 207.9810 1.6815 0.3397 1.6330 15.1586 1.5691 33.0671 -7.7355 0.1064
Car -1 -1 -4.9194 399.1877 180.1205 430.5361 200.5475 1.5503 1.6470 4.0869 -15.8832 2.1614 58.5155 -5.1837 0.0937
Cyclist -1 -1 -7.8279 945.5891 171.6064 954.8705 209.2248 1.6660 0.3477 1.6118 15.4066 1.6105 32.7539 -7.3922 0.0929
Car -1 -1 -6.4875 1018.2120 179.6590 1144.1075 222.4423 1.4885 1.5878 3.6819 17.4279 1.7555 26.9460 -5.9189 0.0901
Cyclist -1 -1 -7.9845 931.1824 168.4006 944.8430 207.4126 1.7607 0.3482 1.7040 15.1477 1.5594 33.4305 -7.5628 0.0820
Pedestrian -1 -1 -7.8170 1091.8350 168.0077 1119.9790 223.7538 1.7752 0.7343 0.7153 16.0929 1.6206 23.4826 -7.2225 0.0749
Car -1 -1 -3.7942 1013.2139 180.0441 1127.3092 219.1851 1.4180 1.5287 3.4368 17.3842 1.6999 27.3985 -3.2342 0.0730
Cyclist -1 -1 -7.9095 940.6550 168.9419 951.1501 206.9978 1.7146 0.3422 1.6024 15.4623 1.5380 33.3164 -7.4788 0.0700
Car -1 -1 -3.9650 1012.7346 178.1882 1121.7750 219.1154 1.4821 1.5516 3.5353 17.4608 1.6953 27.6581 -3.4072 0.0647
Car -1 -1 -4.9522 1009.8367 180.6275 1079.4738 221.7758 1.4251 1.4872 3.3785 16.4400 1.7409 27.5129 -4.4188 0.0631
Cyclist -1 -1 -7.9933 939.5499 171.0600 953.6835 208.2130 1.6428 0.3572 1.5720 15.2097 1.5632 32.7093 -7.5619 0.0622
Car -1 -1 -4.7899 1022.4695 179.3276 1077.8011 221.4212 1.4820 1.5289 3.5266 16.9081 1.7494 27.9129 -4.2504 0.0529
Car -1 -1 -4.6952 408.1416 180.3985 430.2722 200.9960 1.5127 1.6107 3.8985 -14.9628 2.1260 56.6027 -4.9528 0.0516
Car -1 -1 -4.7358 411.5632 180.3555 434.1013 200.8180 1.4914 1.6070 4.1324 -14.6895 2.1006 56.4151 -4.9897 0.0440
Cyclist -1 -1 -6.5469 1077.9377 163.5712 1146.2449 220.9913 1.8213 0.6922 1.7016 16.2720 1.5266 23.4940 -5.9475 0.0439
Car -1 -1 -4.2614 1013.2213 179.6205 1096.4691 219.0282 1.4088 1.4605 3.2841 17.1195 1.6834 27.8151 -3.7149 0.0425
Car -1 -1 -6.3851 1014.8219 178.6765 1137.2557 222.0941 1.4986 1.5503 3.6712 17.1495 1.7269 26.8208 -5.8216 0.0414
Pedestrian -1 -1 -6.0931 938.4749 169.1703 954.9399 208.5570 1.7556 0.7208 0.5513 15.1789 1.5911 32.6144 -5.6614 0.0335
Cyclist -1 -1 -7.8502 944.0976 171.1203 956.9329 210.2465 1.6914 0.5034 1.5345 15.0532 1.6161 31.9927 -7.4144 0.0332
Cyclist -1 -1 -8.2962 919.5967 169.9203 944.9777 209.1598 1.7563 0.3587 1.7117 14.7522 1.6247 33.1546 -7.8813 0.0321
Pedestrian -1 -1 -8.3019 1020.9293 178.4900 1042.4235 214.1414 1.6991 0.7082 0.5898 20.2976 1.9732 34.8097 -7.7782 0.0300
Cyclist -1 -1 -7.7995 946.4095 169.1523 959.9907 208.4035 1.7217 0.4763 1.5395 15.3932 1.5590 32.4402 -7.3604 0.0265
Car -1 -1 -4.5020 401.7843 179.4283 433.3290 201.0872 1.5858 1.5754 3.9555 -14.9369 2.1146 56.0640 -4.7615 0.0234
Cyclist -1 -1 -8.5197 1068.4951 166.2296 1124.8915 222.6972 1.7852 0.6355 1.6597 15.8825 1.5754 23.6635 -7.9348 0.0220
Cyclist -1 -1 -7.1288 933.7608 169.0658 965.8123 208.1766 1.7450 0.3837 1.5539 15.3496 1.5757 32.6782 -6.6935 0.0209
Pedestrian -1 -1 -5.4509 0.0000 190.6204 10.3434 229.0637 1.6177 0.4648 0.2579 -26.0090 2.3828 30.8390 -6.1474 0.0200
Cyclist -1 -1 -7.8350 941.6179 171.8091 952.4116 209.1235 1.6348 0.4182 1.5143 15.0880 1.5887 32.3843 -7.4029 0.0185
Car -1 -1 -8.0164 935.0739 171.5857 984.9495 207.1150 1.6940 1.6859 3.5583 17.5236 1.6332 36.3452 -7.5707 0.0181
Pedestrian -1 -1 -6.5090 941.4609 168.0180 958.6364 208.0941 1.7899 0.7112 0.5541 15.3315 1.5736 32.6313 -6.0736 0.0167
Pedestrian -1 -1 -5.5915 0.0000 187.0888 12.5494 228.4700 1.7522 0.4813 0.3251 -26.0391 2.3674 30.9588 -6.2867 0.0153
Cyclist -1 -1 -7.8857 936.7569 170.7670 951.3802 209.5566 1.6676 0.5227 1.7190 14.7243 1.5776 31.9140 -7.4574 0.0145
Car -1 -1 -4.2591 389.6174 178.6615 433.4846 201.8569 1.6932 1.6670 4.0560 -15.3451 2.1601 55.8942 -4.5262 0.0143
Cyclist -1 -1 -6.9857 1072.3165 161.4725 1135.3075 219.8759 1.8900 0.7184 1.6432 16.2274 1.5214 23.7974 -6.3934 0.0142
Pedestrian -1 -1 -6.0317 938.9506 168.9448 957.2809 208.5276 1.7504 0.7285 0.5847 15.1292 1.5772 32.3735 -5.5984 0.0136
Cyclist -1 -1 -6.9204 928.9003 171.1482 965.2822 207.4163 1.6206 0.4023 1.5586 15.1855 1.5441 32.5968 -6.4883 0.0134
Pedestrian -1 -1 -6.5286 943.9711 169.1297 962.6163 208.1614 1.7290 0.7089 0.5977 15.3524 1.5637 32.3679 -6.0897 0.0131
Cyclist -1 -1 -7.1871 935.0383 169.5648 968.9593 208.5763 1.7202 0.5412 1.5454 15.3199 1.5749 32.4056 -6.7495 0.0125
Car -1 -1 -4.8266 409.0612 179.7859 436.2916 201.7262 1.5880 1.5880 3.9989 -14.5273 2.1438 55.7335 -5.0808 0.0119
Cyclist -1 -1 -7.0567 930.1252 170.9019 966.1686 209.3219 1.6983 0.4941 1.5705 15.1378 1.6117 32.3898 -6.6235 0.0114
Car -1 -1 -8.0730 939.0629 174.2987 991.2363 205.0565 1.4617 1.6473 3.3428 17.7495 1.5376 36.2753 -7.6215 0.0105
Car -1 -1 -6.3375 827.1910 166.5661 901.8521 195.3404 1.7115 1.8695 4.2281 15.5503 1.3372 44.4000 -6.0030 0.0055
Cyclist -1 -1 -6.9073 1011.8138 170.9884 1049.1259 211.3353 1.9358 0.7185 1.4135 20.3754 1.8460 35.0474 -6.3848 0.0043
Pedestrian -1 -1 -6.7924 1207.7445 171.0066 1235.5575 222.6378 1.5384 0.5206 0.4407 18.4211 1.4830 21.7950 -6.0977 0.0025
Car -1 -1 -3.8703 376.0175 179.5806 431.9430 202.8120 1.6845 1.6884 4.0612 -15.8951 2.2241 55.7418 -4.1472 0.0025
Pedestrian -1 -1 -4.7259 1081.0148 164.0044 1102.1055 208.6245 1.7421 0.6833 0.6025 19.0427 1.3963 28.6089 -4.1437 0.0024
Car -1 -1 -4.6826 0.0000 187.9193 15.0276 213.8635 1.5873 1.7127 3.8425 -41.2166 2.6431 48.5464 -5.3840 0.0024
Car -1 -1 -7.8525 38.3063 186.7755 67.1401 209.7342 1.5323 1.6196 4.0438 -40.7904 2.5912 52.7984 -8.5080 0.0019
Car -1 -1 -1.7407 30.1185 186.0543 68.9551 208.3304 1.4910 1.6048 3.8594 -40.7815 2.4848 52.4384 -2.3994 0.0018
Pedestrian -1 -1 -6.0440 897.9213 174.5640 903.9785 196.1120 1.6999 0.6424 0.3044 23.0891 1.8362 57.3251 -5.6633 0.0018
Car -1 -1 -4.3484 40.3614 187.8121 89.0047 209.6605 1.4621 1.5945 3.8300 -40.1438 2.6068 53.1690 -4.9929 0.0016
Cyclist -1 -1 -7.7966 314.8767 177.4049 326.0338 217.6332 1.6401 0.3504 1.4652 -12.2116 1.8359 30.3368 -8.1766 0.0016
Car -1 -1 -4.5340 41.1815 184.4332 79.4792 207.6026 1.5707 1.6157 3.5758 -40.2270 2.4497 52.8340 -5.1825 0.0013
Car -1 -1 -4.0390 132.1623 188.2032 179.6269 210.5930 1.6106 1.3370 3.3191 -35.2161 2.8381 55.9934 -4.5985 0.0009
Pedestrian -1 -1 -6.0458 730.1451 169.1038 741.9026 186.5157 1.6714 0.6119 1.0043 12.1624 1.3111 69.7430 -5.8741 0.0005
Pedestrian -1 -1 -8.9117 896.0678 173.9012 904.7476 195.8313 1.7372 0.7215 0.3321 23.1350 1.8209 57.5461 -8.5316 0.0005
Pedestrian -1 -1 -6.0830 729.1864 169.4141 740.1606 186.7111 1.6613 0.5662 0.9521 12.0308 1.3306 69.7368 -5.9131 0.0005
Car -1 -1 -4.7459 126.2725 188.0990 154.5033 212.3502 1.7103 1.6975 3.8718 -36.2153 2.9279 55.5666 -5.3215 0.0002
Car -1 -1 -4.2788 125.2390 189.0111 167.8171 212.2952 1.6566 1.4650 3.3959 -35.6828 2.9410 55.5892 -4.8475 0.0002
Car -1 -1 -4.6069 127.0435 188.8137 157.6415 212.7719 1.6884 1.5924 3.6672 -35.9591 2.9598 55.5020 -5.1798 0.0001
Car -1 -1 -4.5559 124.7521 188.2302 157.6264 210.9670 1.6086 1.6320 3.1680 -35.8736 2.8231 55.2310 -5.1300 0.0001
