Car -1 -1 -8.2419 777.6819 179.2592 1057.5507 351.1565 1.4979 1.5735 3.5185 3.1078 1.5864 8.2094 -7.8930 0.9997
Car -1 -1 -4.0939 0.0000 193.5243 211.0920 374.0000 1.4820 1.5419 3.4986 -5.5991 1.7325 6.9778 -4.7518 0.9997
Car -1 -1 -4.2946 129.3722 184.6091 349.2577 300.0911 1.4891 1.6593 3.8914 -5.7532 1.7111 11.6760 -4.7440 0.9997
Car -1 -1 -5.1870 467.4330 176.4105 526.1710 204.6505 1.4511 1.5923 3.8616 -6.2974 1.6561 39.6162 -5.3440 0.9891
Car -1 -1 -8.6931 944.1606 194.2450 1241.0000 374.0000 1.4293 1.6232 3.8078 3.0810 1.5729 2.8945 -7.9267 0.9536
Car -1 -1 -3.7057 558.1606 174.0862 617.7867 194.7034 1.4955 1.6652 4.2695 -1.6701 1.5914 54.4478 -3.7366 0.9301
Car -1 -1 -3.5062 669.7967 170.5582 730.9380 190.1536 1.5369 1.6570 4.5821 7.2193 1.3565 57.9429 -3.3832 0.9049
Car -1 -1 -4.4852 205.5558 176.4556 273.3986 218.9268 1.5598 1.5616 3.9284 -14.8115 1.7144 28.9482 -4.9546 0.8553
Car -1 -1 -6.8442 557.6744 174.0329 619.7242 195.7798 1.5760 1.7097 4.4548 -1.6136 1.6678 54.4516 -6.8741 0.8262
Car -1 -1 -3.6907 559.1409 173.2903 618.2897 194.2848 1.5273 1.6366 4.2261 -1.6146 1.5610 54.4066 -3.7206 0.8194
Pedestrian -1 -1 -5.1517 668.0065 165.7654 690.1926 204.8640 1.8577 0.7184 0.9759 3.2928 1.5206 34.8642 -5.0588 0.8167
Car -1 -1 -4.2151 558.5836 174.3100 604.4135 195.2552 1.5171 1.6231 4.3130 -2.1462 1.6322 54.8742 -4.2544 0.8106
Car -1 -1 -4.2708 558.7344 174.3737 602.1533 194.8117 1.4819 1.5984 4.3567 -2.2297 1.6023 54.9796 -4.3115 0.8046
Car -1 -1 -5.0907 364.9947 178.8746 415.1154 203.3377 1.4361 1.6366 4.0602 -13.9373 1.8328 45.4865 -5.3868 0.8012
Car -1 -1 -4.3940 201.2308 176.8105 275.4303 218.9451 1.5524 1.5759 3.6022 -14.8033 1.7207 28.8415 -4.8647 0.7556
Car -1 -1 -8.8319 937.6033 185.8383 1241.0000 374.0000 1.4813 1.6695 4.2076 3.2254 1.5699 2.7306 -8.0161 0.7412
Car -1 -1 -4.9997 370.9418 179.0950 416.0978 203.3753 1.4227 1.6626 3.9897 -13.7221 1.8343 45.4950 -5.2914 0.7093
Car -1 -1 -8.6125 928.7151 203.7597 1241.0000 374.0000 1.3888 1.5526 3.5626 2.9335 1.5986 3.0897 -7.9002 0.7022
Car -1 -1 -5.2913 356.8896 178.8866 416.1183 202.9169 1.4135 1.6432 3.9773 -14.0914 1.8078 45.2973 -5.5915 0.7014
Pedestrian -1 -1 -5.1699 667.1749 166.7689 688.7393 205.8207 1.8587 0.7010 0.9232 3.2414 1.5688 34.8984 -5.0786 0.6991
Car -1 -1 -6.6568 673.7922 170.5491 732.9694 189.7082 1.5021 1.6115 4.4258 7.4556 1.3211 57.8922 -6.5296 0.6866
Car -1 -1 -5.1995 468.4653 175.5273 525.4230 204.4133 1.4869 1.5046 3.7206 -6.2587 1.6399 39.4399 -5.3562 0.6768
Car -1 -1 -4.2975 197.5463 178.0273 280.4285 218.6981 1.4926 1.6227 3.5806 -14.7367 1.7117 28.7775 -4.7673 0.6506
Car -1 -1 -4.0693 0.0000 190.8407 214.1665 374.0000 1.5013 1.5826 3.7328 -5.5719 1.7177 6.8078 -4.7364 0.6362
Car -1 -1 -8.6216 949.1981 200.5386 1241.0000 374.0000 1.4054 1.5420 3.7418 2.9229 1.5845 2.7952 -7.8658 0.6069
Car -1 -1 -3.3448 663.7244 169.9787 725.6489 189.5615 1.5414 1.6805 4.6853 6.7346 1.3148 57.8384 -3.2297 0.6038
Car -1 -1 -4.3783 203.5106 176.9336 282.1719 218.2801 1.5254 1.6509 3.7963 -14.6937 1.7003 29.0018 -4.8439 0.5942
Car -1 -1 -5.1879 359.6472 178.1063 416.3778 202.7982 1.4577 1.6966 4.1834 -14.0907 1.8043 45.5730 -5.4864 0.5511
Car -1 -1 -3.7882 557.6393 174.1983 615.0360 194.5049 1.4750 1.6703 4.1828 -1.7940 1.5801 54.6332 -3.8213 0.5182
Car -1 -1 -3.4802 666.1373 170.6660 726.8647 190.1073 1.5218 1.5157 4.5798 6.8828 1.3502 57.7200 -3.3624 0.5133
Car -1 -1 -4.1303 557.0136 173.4254 606.9780 194.2019 1.5038 1.6764 4.3321 -2.1002 1.5486 54.6386 -4.1689 0.5084
Car -1 -1 -5.3741 357.5626 179.1384 416.1790 202.9823 1.4027 1.6065 3.6263 -13.9780 1.8095 45.0392 -5.6737 0.4992
Car -1 -1 -4.5258 208.1048 176.5494 269.4721 218.6450 1.5616 1.5090 3.8269 -14.9664 1.7212 29.1739 -4.9964 0.4833
Car -1 -1 -5.3241 363.9371 178.9934 419.6971 202.9733 1.4062 1.6266 3.4642 -13.6271 1.8024 44.8952 -5.6174 0.4726
Car -1 -1 -4.3162 557.3102 174.3855 599.3751 194.7150 1.4770 1.6778 4.3056 -2.3947 1.5985 55.0805 -4.3598 0.4549
Car -1 -1 -4.9982 371.8336 179.0142 415.8873 203.5838 1.4317 1.6403 3.7652 -13.5747 1.8336 45.0855 -5.2894 0.4522
Car -1 -1 -4.3472 557.2675 173.6027 596.1556 194.4009 1.5010 1.6402 3.9065 -2.4929 1.5593 54.3386 -4.3932 0.4377
Car -1 -1 -7.3113 556.1895 174.4962 603.7815 194.9728 1.4889 1.6525 4.2950 -2.2720 1.6192 55.1109 -7.3527 0.4372
Car -1 -1 -4.1647 196.2824 177.2452 292.5790 218.6887 1.5167 1.6445 3.8726 -14.5264 1.7040 28.8284 -4.6281 0.4257
Car -1 -1 -4.1609 558.9973 174.2074 607.3282 194.4591 1.4714 1.6912 4.2811 -2.0261 1.5786 55.0089 -4.1980 0.4125
Car -1 -1 -4.0476 558.8057 173.4818 610.1527 194.4310 1.5210 1.6633 4.1862 -1.9207 1.5702 54.6981 -4.0830 0.4027
Car -1 -1 -4.3186 192.7305 177.4164 274.6612 218.5670 1.5062 1.6479 3.5174 -14.8748 1.6985 28.6339 -4.7942 0.3912
Car -1 -1 -4.4629 197.7233 176.4661 269.0781 218.8275 1.5615 1.6552 3.7228 -15.0493 1.7161 28.9376 -4.9389 0.3668
Car -1 -1 -3.9790 190.3430 179.4707 294.3388 219.6258 1.4377 1.5849 3.6939 -14.4434 1.7168 28.4800 -4.4449 0.3634
Car -1 -1 -4.4244 557.3079 174.7419 593.8202 194.8405 1.4536 1.6260 4.2849 -2.6004 1.6029 54.8870 -4.4719 0.3541
Car -1 -1 -5.1764 363.5709 179.3770 416.4320 203.6185 1.4138 1.6517 3.7514 -13.7990 1.8382 45.0486 -5.4723 0.3379
Car -1 -1 -4.6874 383.4756 178.5468 412.3719 203.4763 1.4560 1.6362 3.5511 -13.2070 1.8255 44.9467 -4.9719 0.3349
Car -1 -1 -4.4196 554.6247 173.0297 589.4397 194.0447 1.5152 1.6339 3.6016 -2.8332 1.5286 54.0006 -4.4722 0.2179
Car -1 -1 -4.8987 375.5488 179.3354 413.5848 203.9121 1.4187 1.6175 3.5868 -13.3994 1.8372 44.6529 -5.1889 0.2047
Car -1 -1 -4.2481 183.5434 176.0992 272.1640 217.7309 1.5352 1.7326 3.4549 -15.0967 1.6715 28.6220 -4.7299 0.1720
Car -1 -1 -4.5003 379.1280 179.1278 418.7901 203.0469 1.4082 1.6466 3.7159 -13.2592 1.8192 45.3942 -4.7833 0.1603
Car -1 -1 -5.3970 183.8090 175.9412 287.8567 216.9241 1.5362 1.6858 3.7724 -14.9786 1.6657 28.8015 -5.8730 0.1417
Car -1 -1 -2.6020 358.5622 179.4301 425.5057 203.7386 1.4647 1.6299 3.7243 -13.7320 1.8895 45.3948 -2.8945 0.1248
Car -1 -1 -4.5036 556.9380 174.7281 590.1018 194.6762 1.4493 1.6639 4.3670 -2.7697 1.5981 55.1388 -4.5540 0.1192
Car -1 -1 -4.3101 377.4234 179.2892 427.4805 203.1411 1.4031 1.6168 3.9610 -13.0935 1.8281 45.6249 -4.5884 0.0749
Pedestrian -1 -1 -5.1004 878.3791 154.1745 911.3463 226.0378 1.8910 0.6262 0.6281 7.5649 1.3992 19.3069 -4.7327 0.0477
Pedestrian -1 -1 -5.2447 884.6268 153.6145 917.9614 225.0468 1.8821 0.6295 0.5604 7.7510 1.3749 19.3371 -4.8692 0.0429
Car -1 -1 -7.5744 143.1606 176.6576 214.1356 213.7106 1.3848 1.5721 3.4122 -17.4064 1.5481 29.1942 -8.1082 0.0421
Pedestrian -1 -1 -3.1597 729.4480 168.9284 740.9746 206.7669 1.7422 0.6474 0.5144 5.7829 1.5612 33.5811 -2.9912 0.0414
Car -1 -1 -6.5103 1161.6530 156.0986 1241.0000 262.3423 1.4010 1.5178 3.5778 10.7641 1.1798 11.0747 -5.7525 0.0363
Cyclist -1 -1 -8.0347 727.4274 173.0087 739.7284 206.4119 1.5502 0.3280 1.3728 5.8071 1.5574 34.1811 -7.8683 0.0339
Car -1 -1 -3.1360 83.2192 176.8174 207.2654 218.1909 1.5043 1.6100 3.9949 -18.1801 1.6691 28.3127 -3.7027 0.0291
Car -1 -1 -4.1712 376.8550 179.2332 432.2849 203.4106 1.4175 1.5831 3.8849 -12.9203 1.8378 45.4844 -4.4468 0.0281
Pedestrian -1 -1 -3.9188 726.7947 167.5923 742.9816 203.1214 1.8430 0.5907 0.5921 6.5097 1.5698 37.8401 -3.7502 0.0240
Car -1 -1 -6.6791 1134.7407 155.7678 1241.0000 251.5888 1.3612 1.5035 3.0852 10.3754 1.1182 11.4573 -5.9561 0.0237
Car -1 -1 -7.7273 149.5143 175.8846 208.0044 213.2230 1.4235 1.6108 3.6770 -17.7980 1.5570 29.8417 -8.2613 0.0225
Car -1 -1 -7.9016 151.0100 176.4102 201.3254 213.9480 1.4218 1.6102 3.4380 -17.8530 1.5765 29.5622 -8.4411 0.0190
Car -1 -1 -6.9839 1147.7496 160.8382 1241.0000 250.2542 1.3277 1.4830 3.4388 10.8266 1.1490 11.5247 -6.2426 0.0186
Car -1 -1 -7.5487 270.0094 172.6481 345.4036 215.0767 1.5447 1.6014 3.9493 -11.7974 1.5369 28.3057 -7.9406 0.0166
Car -1 -1 -7.4972 274.3153 171.7976 351.2801 213.9658 1.5369 1.5656 3.7244 -11.5527 1.4981 28.1821 -7.8832 0.0159
Car -1 -1 -7.0242 1135.1774 159.2445 1241.0000 248.7662 1.3630 1.5245 3.5038 10.8110 1.1555 11.7665 -6.2937 0.0122
Pedestrian -1 -1 -3.8038 727.2825 167.8688 744.3509 203.7233 1.8479 0.5953 0.6466 6.5165 1.5907 37.6030 -3.6340 0.0119
Pedestrian -1 -1 -6.4777 727.8598 169.9946 742.4752 206.7121 1.7048 0.6536 0.5573 5.8246 1.5717 33.8343 -6.3092 0.0115
Car -1 -1 -4.0509 378.2946 178.9529 443.3447 203.5361 1.4370 1.6209 4.3734 -12.5628 1.8424 45.6639 -4.3183 0.0097
Pedestrian -1 -1 -6.3205 422.7613 173.7715 429.2201 197.4839 1.9235 0.6393 0.4876 -15.0572 1.9987 58.9354 -6.5699 0.0095
Car -1 -1 -7.6324 153.6653 176.9264 218.9562 213.1863 1.3811 1.5607 3.6219 -17.5035 1.5605 29.8847 -8.1585 0.0094
Car -1 -1 -2.7977 78.6336 177.5845 208.0632 214.6382 1.3910 1.6348 3.9979 -18.4598 1.5867 28.6458 -3.3661 0.0094
Pedestrian -1 -1 -7.1242 191.8263 174.1134 235.5517 244.3027 1.6889 0.7135 0.6175 -9.7983 1.7203 17.7578 -7.6224 0.0078
Car -1 -1 -7.2370 1146.4181 156.0975 1241.0000 250.7206 1.4253 1.5714 3.5405 11.0647 1.1726 12.0249 -6.5055 0.0071
Car -1 -1 -1.9867 117.7129 177.5171 205.7355 213.6169 1.3508 1.6291 3.8153 -18.2114 1.5505 29.2014 -2.5404 0.0057
Car -1 -1 -2.5711 210.2920 175.2413 327.1678 216.4536 1.4854 1.5389 3.7365 -12.8362 1.5782 27.1313 -3.0095 0.0057
Car -1 -1 -4.7969 346.9460 176.2514 383.7439 206.7869 1.6498 1.6527 4.4149 -14.2740 1.8577 41.8617 -5.1239 0.0056
Cyclist -1 -1 -8.2237 717.8576 170.9547 737.3774 205.8738 1.6036 0.4136 1.4230 5.4717 1.5161 33.8751 -8.0654 0.0056
Car -1 -1 -4.0431 69.1700 174.3160 260.2974 252.1149 1.5856 1.7321 3.8774 -10.1905 1.6235 16.8174 -4.5812 0.0055
Car -1 -1 -2.3891 209.9753 174.3007 328.2651 216.8803 1.5339 1.4696 4.1998 -13.0004 1.5913 27.4307 -2.8282 0.0049
Car -1 -1 -2.5009 119.7745 175.2207 291.5736 240.5830 1.5513 1.6593 3.5016 -10.2148 1.6143 18.2617 -3.0050 0.0038
Pedestrian -1 -1 -7.1346 184.3062 169.2084 231.4972 247.0221 1.8441 0.7774 0.6296 -9.7910 1.7574 17.4901 -7.6388 0.0037
Cyclist -1 -1 -7.4376 175.2481 170.9415 239.6226 246.7887 1.7451 0.7060 1.7601 -9.7792 1.7008 17.5081 -7.9408 0.0033
Pedestrian -1 -1 -6.1369 422.1328 172.1441 429.5594 196.8675 2.0114 0.7497 0.4855 -15.1079 1.9534 59.1005 -6.3864 0.0026
Car -1 -1 -4.6604 615.0609 174.0978 633.8036 193.5455 1.8208 1.6188 3.8385 1.4002 1.9441 69.7771 -4.6408 0.0025
Car -1 -1 -5.6858 185.2959 177.8377 352.3253 245.1593 1.5795 1.5881 3.5196 -8.5770 1.7120 18.1531 -6.1220 0.0023
Pedestrian -1 -1 -3.5872 899.0672 165.0608 922.0096 220.9879 2.0979 0.6810 0.5639 11.3714 1.8053 27.4221 -3.1985 0.0021
Car -1 -1 -3.8390 104.1380 178.7604 269.4161 246.6019 1.4084 1.5034 3.1129 -9.8856 1.5614 16.9997 -4.3592 0.0018
Cyclist -1 -1 -2.4174 172.4374 166.7182 249.3750 240.3741 1.7318 0.7041 1.5580 -9.7114 1.5873 17.4810 -2.9183 0.0018
Pedestrian -1 -1 -7.4301 193.2778 167.2357 242.9272 244.2540 1.8302 0.8623 0.6609 -9.5473 1.6964 17.5059 -7.9233 0.0016
Car -1 -1 -6.1108 517.7009 181.8364 565.7128 198.7752 1.5446 1.5888 4.2812 -6.4144 2.3999 67.7705 -6.2052 0.0016
Cyclist -1 -1 -5.4332 172.3636 173.2168 239.7302 241.6564 1.6325 0.6961 1.4063 -10.0020 1.6414 17.7814 -5.9395 0.0016
Cyclist -1 -1 -7.6202 193.5812 167.8273 248.3655 244.8746 1.7762 0.7493 1.9119 -9.5309 1.6600 17.6537 -8.1093 0.0016
Pedestrian -1 -1 -2.8178 891.2755 146.1758 914.8297 226.8392 2.2102 0.6145 0.4402 8.1343 1.4789 20.1468 -2.4397 0.0010
Pedestrian -1 -1 -3.2371 1199.4216 154.1081 1233.1957 236.1920 1.6285 0.5414 0.4697 12.2658 1.2563 14.6701 -2.5508 0.0004
