Car -1 -1 -6.4252 22.4793 197.2135 116.0705 229.5271 1.4885 1.5018 3.7632 -28.3890 2.8305 37.8985 -7.0649 0.9723
Car -1 -1 -6.4184 19.1695 197.1631 116.7365 229.9603 1.5025 1.6539 3.9176 -28.4769 2.8460 37.9250 -7.0592 0.7744
Car -1 -1 -6.4161 19.4822 197.4170 112.5933 229.4172 1.4679 1.5822 3.7263 -28.5157 2.8192 37.8361 -7.0587 0.7233
Car -1 -1 -6.4252 18.7695 197.7987 109.4590 230.1374 1.4781 1.5028 3.5924 -28.4098 2.8386 37.5610 -7.0695 0.4566
Car -1 -1 -5.4398 874.3121 164.9418 917.7659 182.4069 1.6599 1.6194 4.1314 27.9959 0.9076 70.7939 -5.0648 0.1464
Car -1 -1 -4.8463 1147.4435 163.6902 1186.0773 186.4481 1.5884 1.6946 3.9669 40.4250 0.9485 52.5024 -4.1930 0.1374
Car -1 -1 -4.9409 1148.4110 163.9120 1193.4756 186.8460 1.5889 1.6849 4.0403 40.4642 0.9691 52.1757 -4.2841 0.0897
Car -1 -1 -4.7040 1157.3135 163.5386 1188.5073 185.9368 1.5686 1.7403 4.3166 41.1355 0.9159 52.7638 -4.0446 0.0672
Car -1 -1 -5.3346 882.3998 165.3887 919.6220 182.3724 1.6096 1.5719 3.5684 28.2957 0.9018 70.3034 -4.9536 0.0623
Car -1 -1 -4.6598 1165.4362 163.2037 1198.4626 186.4491 1.6120 1.6658 4.2078 41.3455 0.9425 52.1674 -3.9925 0.0570
Car -1 -1 -5.2205 881.4262 165.6053 917.6306 182.5652 1.6144 1.6048 3.8686 28.3061 0.9241 70.7027 -4.8413 0.0561
Car -1 -1 -4.8713 1140.9338 163.3756 1181.5612 185.7173 1.5701 1.7238 4.1013 40.3393 0.9037 52.9215 -4.2228 0.0510
Car -1 -1 -3.8924 137.1133 193.9476 216.8814 219.6078 1.4941 1.7526 4.6563 -29.0706 2.9863 48.5713 -4.4296 0.0462
Car -1 -1 -4.2549 977.9205 170.0558 1050.5332 201.3370 1.5278 1.6353 4.0756 20.7545 1.3908 37.0730 -3.7483 0.0417
Pedestrian -1 -1 -6.8322 442.9986 179.9686 466.0619 221.8959 1.9532 0.6475 0.8613 -7.4361 2.2966 34.3245 -7.0445 0.0393
Car -1 -1 -4.7006 1153.6816 164.5674 1184.0911 186.7407 1.5709 1.7205 3.9836 41.1981 0.9835 53.2136 -4.0447 0.0355
Pedestrian -1 -1 -5.9580 436.0208 181.3649 456.7710 221.3484 1.8740 0.6080 0.8107 -7.8165 2.2824 34.3078 -6.1809 0.0340
Car -1 -1 -4.5084 1167.1443 162.9992 1211.6492 186.2460 1.5942 1.6782 4.1641 41.3108 0.9181 51.4574 -3.8349 0.0303
Pedestrian -1 -1 -3.7015 438.1024 180.6573 458.0319 220.7670 1.8892 0.5758 0.7407 -7.8126 2.2685 34.6319 -3.9223 0.0295
Car -1 -1 -4.5056 311.9142 185.1192 363.6219 216.4863 1.4158 1.6110 4.1904 -13.7229 2.0728 36.4743 -4.8634 0.0283
Pedestrian -1 -1 -8.2473 429.0810 182.3477 448.0416 222.0949 1.8495 0.6320 0.7650 -8.1941 2.3071 34.3062 -8.4806 0.0239
Car -1 -1 -4.4216 1170.6046 162.2354 1220.9833 186.3368 1.6482 1.6832 4.0942 41.5478 0.9217 51.1936 -3.7428 0.0188
Car -1 -1 -4.1669 981.0842 170.3489 1054.2405 201.3878 1.5123 1.5599 3.7020 20.7340 1.3900 36.7473 -3.6569 0.0187
Car -1 -1 -4.9191 888.7469 165.9219 915.9459 182.9858 1.6291 1.7109 3.8676 28.6849 0.9670 70.9390 -4.5364 0.0170
Car -1 -1 -4.9931 890.7712 165.5357 918.0049 183.0085 1.6618 1.5375 3.5229 28.6922 0.9655 70.4556 -4.6080 0.0135
Car -1 -1 -5.1322 915.3942 172.2530 969.6594 198.0253 1.5152 1.5851 3.8407 20.3293 1.4795 44.3452 -4.7052 0.0130
Car -1 -1 -4.2938 310.3912 185.4842 376.3613 215.2998 1.3414 1.5961 4.0517 -13.3623 2.0128 36.2961 -4.6445 0.0122
Car -1 -1 -4.0006 982.8000 170.9546 1060.9091 201.3408 1.4779 1.5697 3.4328 20.7363 1.3852 36.4134 -3.4867 0.0115
Car -1 -1 -3.4494 1045.6840 169.1590 1126.3784 195.1422 1.3961 1.4959 3.4341 26.2515 1.1973 39.9475 -2.8716 0.0110
Car -1 -1 -3.7573 136.6610 195.0388 211.9999 220.4987 1.4854 1.5598 4.1710 -29.0483 3.0352 48.1923 -4.2975 0.0108
Pedestrian -1 -1 -6.1091 383.0457 174.7343 393.3545 196.7384 1.7898 0.8153 0.6778 -18.2249 1.9450 59.2131 -6.4067 0.0102
Car -1 -1 -4.7417 895.6743 165.1340 916.3533 182.8880 1.6923 1.7527 4.0543 29.0708 0.9561 70.9833 -4.3546 0.0098
Car -1 -1 -4.4882 1038.2717 168.4164 1069.4575 185.2283 1.5214 1.6417 3.9830 41.3954 1.1195 67.2958 -3.9389 0.0096
Car -1 -1 -4.1917 422.1815 182.0385 495.2193 217.8195 1.6036 1.7358 4.0700 -7.4364 2.0854 35.6727 -4.3963 0.0087
Car -1 -1 -8.1135 429.5020 166.6047 459.7638 186.1716 1.7941 1.7505 4.3073 -15.7442 1.2208 68.4701 -8.3388 0.0087
Car -1 -1 -4.6243 422.9881 184.4126 465.1748 220.7442 1.6337 1.6875 4.1715 -8.2579 2.2453 36.0140 -4.8486 0.0085
Car -1 -1 -5.0458 0.0000 199.3893 28.9354 224.4943 1.4149 1.5888 3.5189 -38.4964 3.1499 45.6001 -5.7442 0.0083
Car -1 -1 -6.5511 411.4301 168.8465 465.5958 187.9107 1.7226 1.7562 4.5982 -15.9488 1.3602 67.0687 -6.7839 0.0082
Pedestrian -1 -1 -2.6838 355.3820 180.5913 366.2824 208.2500 1.6052 0.4714 0.4409 -14.6362 2.0611 42.2827 -3.0155 0.0082
Car -1 -1 -6.9934 890.3398 165.7376 936.6974 183.3043 1.6681 1.7554 3.9580 29.4036 0.9920 69.9627 -6.5972 0.0081
Car -1 -1 -4.2168 138.1100 195.1602 195.8757 220.8014 1.5172 1.6167 3.9057 -29.5175 3.0671 48.1524 -4.7645 0.0080
Car -1 -1 -7.9136 438.9679 168.6307 459.3908 186.4766 1.6415 1.6559 3.9924 -15.3153 1.2527 68.5151 -8.1329 0.0066
Car -1 -1 -4.6601 429.7187 186.2944 469.2509 219.7869 1.3727 1.5740 3.9228 -7.3916 2.0310 33.2925 -4.8774 0.0065
Car -1 -1 -4.6405 1148.2671 162.9266 1182.6653 185.7630 1.6282 1.7442 4.1268 41.2307 0.9201 53.5661 -3.9873 0.0064
Car -1 -1 -7.7817 441.2396 168.3297 462.0110 186.5921 1.6864 1.6559 3.8596 -15.0609 1.2683 68.6567 -7.9971 0.0063
Car -1 -1 -4.4244 321.0267 184.4723 377.4209 212.7063 1.3023 1.6269 4.0754 -13.3571 1.9325 37.0730 -4.7683 0.0062
Car -1 -1 -8.0394 434.3418 168.2449 459.7949 186.1861 1.6467 1.6504 3.9520 -15.4846 1.2234 68.3665 -8.2615 0.0062
Car -1 -1 -4.7193 419.6240 184.3533 457.1263 220.4652 1.6135 1.7199 4.6366 -8.6777 2.2302 36.2586 -4.9531 0.0059
Car -1 -1 -7.8189 371.3343 171.4271 394.4828 190.4936 1.5479 1.7106 4.3158 -19.1501 1.4317 60.8837 -8.1227 0.0057
Car -1 -1 -4.7699 0.0000 200.2342 31.2533 225.5487 1.4084 1.5956 3.6656 -38.2086 3.2296 46.1136 -5.4592 0.0055
Car -1 -1 -4.6323 1144.7913 164.6355 1178.0979 186.0172 1.5412 1.6779 4.0349 41.3181 0.9485 54.0723 -3.9826 0.0053
Car -1 -1 -5.3225 1038.4373 172.8210 1107.1056 201.0581 1.4553 1.4869 3.2850 24.8097 1.4533 38.8616 -4.7580 0.0052
Car -1 -1 -2.5602 355.5297 187.9334 453.2578 222.6065 1.5174 1.7055 4.2238 -9.7979 2.2638 34.2821 -2.8370 0.0049
Car -1 -1 -7.7129 776.7322 172.4130 820.0578 202.8420 1.3091 1.4877 3.1326 8.5500 1.2898 32.7738 -7.4603 0.0045
Pedestrian -1 -1 -4.5114 536.8392 194.8644 571.5695 276.5644 1.2888 0.4811 0.4819 -0.9620 1.6565 11.7949 -4.5922 0.0038
Car -1 -1 -7.5666 1032.9131 166.4288 1068.6620 184.9255 1.6846 1.7096 4.3618 41.4266 1.0991 67.8127 -7.0203 0.0038
Car -1 -1 -4.3863 1027.4144 166.8919 1065.2290 186.2658 1.7737 1.7421 4.4151 41.2089 1.2275 68.1475 -3.8445 0.0038
Pedestrian -1 -1 -7.0783 372.8111 174.7867 385.0547 209.6998 2.0532 0.6654 0.3085 -13.7271 2.1682 42.7519 -7.3876 0.0038
Car -1 -1 -3.9627 985.4757 171.2037 1041.3522 188.0556 1.5390 1.7570 4.8139 37.6994 1.3880 67.4723 -3.4553 0.0037
Car -1 -1 -5.1663 1038.7736 171.7605 1102.6703 200.4422 1.4844 1.4832 3.5953 24.9161 1.4275 39.2105 -4.6040 0.0036
Pedestrian -1 -1 -4.5349 557.8584 200.0846 590.5695 270.6233 1.1129 0.4724 0.3977 -0.6356 1.5658 11.7846 -4.5888 0.0035
Car -1 -1 -4.5294 0.0000 199.9516 40.9008 226.6443 1.4927 1.5850 3.5581 -37.8692 3.3015 46.2315 -5.2131 0.0034
Car -1 -1 -5.2422 1041.1378 172.9801 1112.1687 202.4054 1.5090 1.5971 3.5955 24.9945 1.5158 38.8450 -4.6742 0.0033
Car -1 -1 -4.8916 1046.5522 168.6605 1101.8270 197.5683 1.4975 1.8083 4.2164 25.3958 1.2800 39.6708 -4.3258 0.0032
Car -1 -1 -9.0136 0.0000 0.0000 1241.0000 374.0000 1.5399 1.5880 3.5704 4.6641 1.5728 1.2956 -7.7716 0.0030
Car -1 -1 -6.5355 0.0000 0.0000 1241.0000 374.0000 1.5488 1.5825 3.6163 -4.6109 1.6493 1.3204 -7.7715 0.0030
Car -1 -1 -3.4547 0.0000 0.0000 1241.0000 374.0000 1.5656 1.5973 3.7849 -5.4561 1.6658 1.7970 -4.6613 0.0030
Car -1 -1 -3.4362 0.0000 0.0000 1241.0000 374.0000 1.5819 1.6081 3.8247 -5.8456 1.7073 1.8177 -4.6619 0.0030
Car -1 -1 -4.4222 0.0000 197.6189 0.0000 225.4572 1.4834 1.7058 3.9935 -41.4896 3.0840 44.4747 -5.1700 0.0030
Car -1 -1 -6.5308 0.0000 0.0000 1241.0000 374.0000 1.5477 1.5917 3.6933 -5.0028 1.6669 1.4331 -7.7711 0.0030
Car -1 -1 -8.9649 0.0000 0.0000 1241.0000 374.0000 1.5517 1.5855 3.5572 3.8921 1.5695 1.2431 -7.7707 0.0030
Car -1 -1 -4.4038 0.0000 195.5832 0.0000 223.9485 1.4945 1.7006 3.9883 -41.5681 2.9375 43.6517 -5.1618 0.0030
Car -1 -1 -8.9940 0.0000 0.0000 1241.0000 374.0000 1.5498 1.5824 3.5373 4.2524 1.5733 1.2514 -7.7722 0.0030
Car -1 -1 -5.1552 1043.1476 173.3368 1101.3816 200.9151 1.4250 1.4000 3.2014 24.8894 1.4519 39.0145 -4.5911 0.0028
Car -1 -1 -4.3999 1026.5000 166.5811 1063.1669 185.3623 1.7271 1.7613 4.2616 41.2290 1.1499 68.4157 -3.8597 0.0028
Car -1 -1 -2.9751 2.2827 199.0877 92.8413 226.0149 1.5308 1.6960 4.3562 -35.9792 3.2769 46.2563 -3.6335 0.0027
Car -1 -1 -5.1420 909.1365 165.8962 941.1271 181.5479 1.4989 1.5482 3.5152 30.8966 0.8323 70.8737 -4.7326 0.0027
Car -1 -1 -4.9890 902.0070 165.7198 931.5358 183.8269 1.7079 1.5850 4.0532 29.7694 1.0347 70.1657 -4.5895 0.0026
Car -1 -1 -5.0354 913.8823 166.6288 943.7661 181.6931 1.4383 1.5757 3.7144 31.2315 0.8437 70.8135 -4.6217 0.0024
Cyclist -1 -1 -6.0798 316.7091 176.3703 366.8258 225.9632 1.9077 0.8017 1.7195 -10.5679 2.0482 28.3558 -6.4340 0.0020
Car -1 -1 -7.0026 161.2320 181.2583 223.2611 204.7850 1.5534 1.5583 3.6832 -29.5303 2.1711 51.0615 -7.5249 0.0020
Car -1 -1 -6.7619 3.5145 198.5228 90.2397 226.4682 1.5620 1.5744 4.1599 -36.3272 3.2992 46.6234 -7.4212 0.0018
Car -1 -1 -4.4208 0.0000 201.7971 48.7473 227.2640 1.4250 1.5837 3.2587 -37.5629 3.3540 46.2893 -5.0999 0.0018
Cyclist -1 -1 -5.9848 310.6552 178.5343 357.5416 225.4299 1.8098 0.7368 1.5747 -10.8779 2.0361 28.3661 -6.3483 0.0017
Car -1 -1 -2.9173 1060.8000 168.2911 1202.9277 215.8160 1.6051 1.5919 3.9604 18.9381 1.4507 26.3767 -2.3003 0.0016
Car -1 -1 -3.3129 461.6770 178.0567 533.3450 202.5683 1.5056 1.7739 4.3242 -7.2910 1.8517 46.5035 -3.4680 0.0016
Car -1 -1 -5.2846 1031.1088 171.8618 1104.1959 201.8209 1.5463 1.5338 3.7710 24.6904 1.4948 39.1372 -4.7255 0.0016
Pedestrian -1 -1 -5.3902 1055.9222 181.7381 1118.6720 291.9759 1.3299 0.4921 0.4270 5.8780 1.4432 8.9836 -4.8264 0.0012
Car -1 -1 -3.6078 0.0000 197.2437 84.7666 227.7744 1.7073 1.6689 4.4362 -36.7737 3.3583 46.4874 -4.2744 0.0011
Car -1 -1 -3.6264 0.0000 200.3010 78.4312 227.6206 1.5261 1.6726 3.6833 -36.7122 3.3674 46.3912 -4.2933 0.0011
Car -1 -1 -4.0795 1.5149 202.3103 62.5321 226.1262 1.3509 1.5141 3.1112 -37.1596 3.3108 46.4310 -4.7518 0.0010
Pedestrian -1 -1 -4.3463 355.1404 213.8754 379.0817 268.1528 1.0608 0.3668 0.3186 -4.9389 1.8955 14.5208 -4.6693 0.0005
Pedestrian -1 -1 -3.3671 771.4981 165.6037 806.3522 237.6819 1.5647 0.4564 0.6570 3.8835 1.4070 15.8947 -3.1325 0.0005
Pedestrian -1 -1 -3.8015 850.8928 177.9621 928.7223 329.3368 1.8222 0.4637 0.7951 3.4476 1.8884 9.0504 -3.4498 0.0004
Pedestrian -1 -1 -4.5697 637.5707 195.3312 666.9852 286.4228 1.3825 0.4020 0.4747 0.6141 1.7444 11.3564 -4.5185 0.0004
Cyclist -1 -1 -7.9360 544.3315 177.6423 578.7796 278.9465 1.6012 0.4485 1.5776 -0.8979 1.6879 12.2952 -8.0086 0.0004
Pedestrian -1 -1 -3.9418 359.7121 193.3434 396.5231 270.3184 1.4685 0.4739 0.5073 -4.6379 1.8830 14.2747 -4.2513 0.0003
Pedestrian -1 -1 -4.0854 362.9036 195.6235 394.5298 265.7650 1.3694 0.4547 0.4056 -4.7055 1.8357 14.5219 -4.3942 0.0003
Pedestrian -1 -1 -4.5811 919.7621 161.5150 928.7931 183.5087 2.1071 0.6982 0.8310 30.3236 1.0204 69.6613 -4.1723 0.0002
Pedestrian -1 -1 -3.5016 543.1558 180.4759 598.8996 304.6250 1.6857 0.4751 0.6598 -0.6096 1.7968 10.1916 -3.5614 0.0002
