Car -1 -1 -7.9084 577.6650 178.8219 624.9022 220.3593 1.6764 1.8362 4.6004 -0.5040 1.9616 32.1576 -7.9247 0.9926
Car -1 -1 -4.4658 385.0656 189.6596 427.0625 214.4981 1.4800 1.6666 4.4409 -13.6106 2.6562 48.2704 -4.7397 0.9617
Cyclist -1 -1 -8.1566 951.0992 154.7623 1049.6720 301.1902 1.8842 0.6320 2.0083 5.4608 1.6511 10.3281 -7.6829 0.9474
Car -1 -1 -7.8898 582.3875 180.4009 626.6214 220.4491 1.6082 1.7892 4.3643 -0.3521 1.9662 32.0341 -7.9013 0.8461
Car -1 -1 -4.4421 384.8159 189.4690 426.8990 214.0791 1.4745 1.6776 4.0146 -13.5422 2.6248 47.9557 -4.7163 0.7809
Car -1 -1 -4.4911 383.5805 189.3253 423.4714 214.2188 1.4893 1.7038 4.0245 -13.6962 2.6305 47.9460 -4.7683 0.7241
Car -1 -1 -7.8763 653.7986 180.5632 675.5660 200.7244 1.5422 1.6700 3.8697 4.3909 2.1900 58.6791 -7.8024 0.7145
Car -1 -1 -7.9319 577.8015 181.2448 625.1080 220.5862 1.5709 1.7505 4.2355 -0.4873 1.9675 31.9365 -7.9478 0.6862
Car -1 -1 -4.4841 388.1570 189.4383 428.4203 214.1907 1.4793 1.6545 4.3236 -13.4623 2.6386 48.2580 -4.7551 0.6682
Car -1 -1 -7.8725 656.3098 180.9594 677.6503 200.6896 1.5092 1.6524 3.7381 4.5792 2.1896 58.6783 -7.7954 0.6403
Car -1 -1 -4.4763 383.2564 189.5421 420.6824 214.0261 1.4659 1.6090 3.3770 -13.6171 2.5987 47.2691 -4.7558 0.6167
Pedestrian -1 -1 -4.8649 1069.6582 153.2807 1116.8263 246.5817 1.8355 0.6468 0.9972 9.8281 1.4502 14.7825 -4.2878 0.5792
Car -1 -1 -4.4937 382.8991 189.8534 423.0450 214.7509 1.4847 1.7008 4.1881 -13.7716 2.6678 48.0904 -4.7716 0.5162
Pedestrian -1 -1 -4.9466 1062.7123 155.0702 1113.7803 246.1569 1.8186 0.6739 0.9339 9.8419 1.4632 14.9582 -4.3741 0.4483
Car -1 -1 -4.3811 386.8665 189.8698 431.3427 214.8108 1.4882 1.6272 4.0056 -13.3086 2.6657 47.8967 -4.6512 0.4354
Car -1 -1 -7.7716 656.9418 180.5383 680.8999 200.4152 1.5164 1.6261 4.0203 4.8060 2.1649 58.7982 -7.6910 0.3632
Car -1 -1 -7.7859 655.8175 180.8309 678.6694 200.3368 1.4847 1.6097 3.5284 4.6249 2.1496 58.3052 -7.7077 0.3226
Car -1 -1 -7.8304 655.5583 178.9792 677.6385 199.5890 1.5832 1.7043 4.5212 4.6468 2.1048 59.1490 -7.7528 0.3180
Car -1 -1 -4.4283 389.3349 187.4261 431.1350 212.9312 1.5634 1.5900 4.2707 -13.4901 2.5927 48.8304 -4.6969 0.3149
Car -1 -1 -7.8790 653.3433 180.2776 675.4631 200.4296 1.5364 1.6810 3.7178 4.3406 2.1555 58.3063 -7.8055 0.3089
Car -1 -1 -7.9058 649.6892 179.9267 672.2549 200.3951 1.5734 1.6302 3.7122 4.0859 2.1661 58.6258 -7.8370 0.2913
Car -1 -1 -4.5232 389.9577 187.8138 425.1009 212.6892 1.5291 1.5651 4.0050 -13.7019 2.5853 48.8928 -4.7954 0.2665
Car -1 -1 -7.5933 657.1303 180.2244 690.2205 200.1203 1.5164 1.6459 4.3058 5.2209 2.1423 59.0037 -7.5059 0.0931
Pedestrian -1 -1 -3.4854 1201.0886 154.9226 1234.5988 239.3052 1.7727 0.5376 0.3863 12.9773 1.3957 15.4760 -2.7973 0.0869
Pedestrian -1 -1 -4.9915 1056.6968 155.9228 1107.1943 244.4773 1.8012 0.6510 0.9286 9.8795 1.4566 15.2140 -4.4248 0.0824
Car -1 -1 -5.0965 540.3406 187.4357 582.7598 210.4985 1.5856 1.7194 4.3121 -3.7576 2.7405 54.8492 -5.1652 0.0740
Pedestrian -1 -1 -3.7103 949.6863 169.9051 983.1799 238.7913 1.6738 0.5418 0.5323 8.7523 1.6018 17.8325 -3.2612 0.0662
Car -1 -1 -4.9459 544.6332 187.3657 577.6071 210.1723 1.5595 1.5774 4.0245 -3.7419 2.6934 54.2385 -5.0150 0.0632
Car -1 -1 -4.8042 547.2616 188.3409 572.9147 210.1975 1.4803 1.5473 3.9678 -3.7905 2.6816 53.9025 -4.8746 0.0476
Pedestrian -1 -1 -6.5078 1204.1714 151.3703 1235.7064 230.0592 1.8636 0.5993 0.4553 14.6988 1.3545 17.4587 -5.8166 0.0466
Car -1 -1 -4.9397 540.0843 189.1745 572.5215 211.5549 1.5128 1.5643 3.9440 -4.0831 2.7812 53.9746 -5.0154 0.0364
Pedestrian -1 -1 -3.3063 1198.1082 156.4782 1224.8513 238.3275 1.7175 0.5126 0.3550 12.8216 1.3736 15.4510 -2.6233 0.0308
Car -1 -1 -5.0413 535.7747 187.6538 573.3690 210.6341 1.5530 1.5981 3.9182 -4.1856 2.6954 53.5998 -5.1194 0.0307
Car -1 -1 -6.5199 644.7615 181.8468 703.2134 201.0067 1.4750 1.7142 4.3846 5.0801 2.2100 57.8247 -6.4332 0.0268
Car -1 -1 -4.7732 550.4863 186.9479 576.1852 209.6824 1.5314 1.6430 4.1139 -3.5180 2.6162 53.4068 -4.8392 0.0226
Car -1 -1 -4.9835 534.3459 188.9883 569.7575 210.5705 1.5307 1.7026 4.2358 -4.6362 2.8531 56.8684 -5.0651 0.0163
Car -1 -1 -7.7990 498.9507 171.1962 535.1334 207.8085 2.1234 1.9519 4.4796 -5.6655 2.0269 44.1506 -7.9263 0.0151
Car -1 -1 -4.8597 538.1617 187.6762 567.0155 209.0911 1.5356 1.6457 4.4240 -4.6274 2.7609 57.3205 -4.9404 0.0145
Car -1 -1 -4.8369 549.2378 187.6590 577.2659 209.3318 1.4659 1.5856 4.0986 -3.5589 2.6164 53.9205 -4.9030 0.0145
Cyclist -1 -1 -4.8782 1064.7400 156.1017 1116.0811 248.4916 1.7896 0.5972 1.6294 9.7986 1.4648 14.8428 -4.3043 0.0144
Car -1 -1 -7.9274 1197.9661 159.9026 1241.0000 226.1060 1.5057 1.6334 3.7365 16.1055 1.2108 18.3972 -7.2164 0.0132
Car -1 -1 -7.7812 501.7927 172.5659 538.9031 207.6517 2.0385 1.9365 4.4545 -5.4681 2.0215 44.1953 -7.9041 0.0125
Car -1 -1 -8.6247 816.8043 159.4213 869.8646 186.9375 2.2407 1.9551 4.1077 19.6598 1.1465 61.0305 -8.3147 0.0110
Car -1 -1 -5.5644 814.1395 159.3304 867.3275 187.0784 2.2672 1.8045 4.1225 19.4934 1.1619 61.1856 -5.2576 0.0105
Car -1 -1 -4.8492 534.8498 186.8294 563.6244 209.1948 1.6165 1.6978 4.3100 -4.8908 2.7704 57.3008 -4.9345 0.0099
Car -1 -1 -7.8573 1201.5159 147.3589 1241.0000 225.2477 1.7445 1.8320 4.0261 16.1894 1.1732 18.2821 -7.1407 0.0092
Car -1 -1 -4.9877 529.6592 185.9566 568.3176 210.1824 1.7483 1.9018 4.4545 -4.9029 2.8289 57.1070 -5.0735 0.0091
Car -1 -1 -4.7317 545.8422 187.3610 568.5166 208.9784 1.5537 1.6993 4.4165 -4.2475 2.7491 57.1939 -4.8061 0.0090
Pedestrian -1 -1 -7.8296 1031.8512 179.0048 1046.8796 215.1800 1.9518 0.6943 0.7399 23.5259 2.2933 39.5963 -7.2973 0.0086
Car -1 -1 -4.5077 1135.3311 164.5299 1176.8374 186.7449 1.6247 1.7074 4.1983 41.4659 1.0156 54.7983 -3.8627 0.0084
Car -1 -1 -4.5262 1139.9280 165.9159 1179.8915 187.5271 1.5724 1.6728 4.1549 41.5376 1.0673 54.5113 -3.8779 0.0077
Car -1 -1 -4.6213 1133.8611 163.1612 1168.3682 186.3581 1.7027 1.7451 4.2085 41.3258 0.9909 55.1117 -3.9806 0.0073
Car -1 -1 -8.5643 812.8555 158.9399 859.2222 183.9101 2.0652 1.7646 3.7459 19.2750 0.9141 61.7459 -8.2633 0.0070
Cyclist -1 -1 -7.6888 920.5729 174.9456 930.8555 202.1973 1.5506 0.3549 1.2143 18.2361 1.6731 41.7540 -7.2800 0.0059
Pedestrian -1 -1 -8.0172 1028.5013 177.2404 1046.5690 214.8948 2.0452 0.7368 0.7807 23.5406 2.2899 39.8031 -7.4869 0.0057
Car -1 -1 -5.4180 958.0406 177.5247 1035.8265 204.0613 1.4264 1.6504 4.1608 22.2649 1.7108 41.7731 -4.9316 0.0057
Car -1 -1 -4.6805 1126.0631 166.2393 1153.8347 186.2478 1.5111 1.6415 3.9203 41.5224 1.0113 56.5441 -4.0498 0.0057
Car -1 -1 -7.7588 1130.6500 164.5647 1163.5490 184.4905 1.4792 1.6744 3.9803 41.3834 0.8635 55.6040 -7.1217 0.0053
Cyclist -1 -1 -7.6609 920.6648 174.1381 932.5307 203.4537 1.6635 0.3768 1.3705 18.2531 1.7386 41.6746 -7.2511 0.0052
Car -1 -1 -4.9567 294.1021 179.5201 323.2089 199.2978 1.6719 1.4916 3.9264 -26.9320 2.2850 64.3764 -5.3518 0.0050
Cyclist -1 -1 -7.8090 920.2368 172.0935 928.8651 199.4491 1.5656 0.4042 1.3798 18.2778 1.5218 42.0033 -7.4014 0.0050
Car -1 -1 -5.6023 935.3799 172.0063 1013.8318 201.6496 1.6737 1.6227 4.0337 21.5658 1.6255 42.9101 -5.1397 0.0049
Pedestrian -1 -1 -7.4115 1024.7321 178.8679 1043.7452 212.5968 1.8198 0.6830 0.6603 23.2230 2.1531 39.5641 -6.8845 0.0049
Car -1 -1 -4.5336 941.3499 173.8184 981.2062 199.1560 1.5062 1.6025 3.7772 21.9231 1.5687 45.0421 -4.0836 0.0043
Car -1 -1 -4.5820 938.8005 173.2813 976.9108 200.1646 1.5913 1.6702 3.7485 21.5933 1.6187 44.8008 -4.1358 0.0043
Pedestrian -1 -1 -6.4264 919.9191 169.4891 934.1575 203.0788 1.9159 0.8296 0.6370 18.2543 1.7237 41.6390 -6.0162 0.0043
Cyclist -1 -1 -7.4273 913.9938 173.0302 933.2816 204.1168 1.7639 0.3948 1.6108 18.0673 1.7739 41.6369 -7.0210 0.0041
Pedestrian -1 -1 -8.1530 1022.9063 178.7971 1041.6566 215.1692 1.9756 0.6856 0.7963 23.2544 2.3071 39.8090 -7.6281 0.0040
Car -1 -1 -5.5265 821.2401 175.3697 884.1011 202.0340 1.6231 1.6305 3.7116 15.4911 1.7913 46.3224 -5.2061 0.0039
Cyclist -1 -1 -5.0298 1022.1116 176.2861 1044.9292 214.6907 2.0868 0.6283 1.5774 23.5407 2.2816 40.1921 -4.5037 0.0036
Car -1 -1 -4.7352 931.2902 173.9466 960.0412 199.9044 1.5583 1.5493 2.9433 20.9194 1.6288 45.1132 -4.3039 0.0035
Car -1 -1 -5.5985 941.0207 175.4483 1020.4721 202.0931 1.4635 1.6079 4.0136 21.5712 1.6228 42.2139 -5.1293 0.0035
Car -1 -1 -4.6981 928.4521 172.8142 953.3957 199.6732 1.6286 1.3838 3.4753 20.9022 1.6258 45.6163 -4.2712 0.0032
Car -1 -1 -5.6468 943.7959 175.8417 1036.1193 204.9242 1.5701 1.7646 4.5828 21.9220 1.7534 41.9019 -5.1681 0.0030
Car -1 -1 -4.4474 422.8863 186.2090 457.7148 206.3115 1.4651 1.7053 3.9934 -13.4566 2.5629 57.3018 -4.6775 0.0028
Car -1 -1 -4.9850 403.8672 183.8249 440.9248 206.3292 1.6433 1.7413 4.3286 -14.9482 2.5485 57.2458 -5.2397 0.0028
Cyclist -1 -1 -4.1309 1022.2042 179.3584 1052.8282 216.2834 1.9812 0.6669 1.6268 23.4302 2.3439 39.6061 -3.6006 0.0027
Car -1 -1 -4.1809 158.6602 187.7055 219.5425 216.8118 1.7336 1.7287 3.7807 -27.2569 2.7357 46.8047 -4.7060 0.0027
Pedestrian -1 -1 -4.7177 1035.4841 176.3523 1050.2906 212.4746 1.9699 0.6952 0.5443 23.8594 2.1648 39.8391 -4.1819 0.0027
Car -1 -1 -4.1897 424.7170 187.1640 468.4811 207.7730 1.4976 1.6778 3.8971 -12.9931 2.6789 57.4705 -4.4115 0.0027
Car -1 -1 -4.8274 937.1022 172.6705 973.4598 199.7047 1.6033 1.6457 3.2882 21.2681 1.5921 44.6131 -4.3855 0.0027
Car -1 -1 -4.8168 931.6683 172.2732 967.0695 200.3369 1.6792 1.5786 4.0661 21.2432 1.6441 45.3524 -4.3816 0.0025
Car -1 -1 -4.6616 939.7746 172.7542 970.9475 199.8839 1.6224 1.5823 3.8272 21.6333 1.6162 45.2100 -4.2182 0.0024
Cyclist -1 -1 -3.8145 1028.1479 172.1361 1062.3552 209.7447 2.0583 0.6074 1.5897 24.0245 2.0187 39.8969 -3.2762 0.0022
Car -1 -1 -5.3722 827.6339 175.7948 888.3649 201.2840 1.5457 1.6510 3.8719 15.8271 1.7428 46.3375 -5.0455 0.0020
Cyclist -1 -1 -3.9835 1019.6627 178.5775 1051.9523 215.7988 2.0191 0.6495 1.5842 23.4852 2.3393 39.8626 -3.4549 0.0020
Cyclist -1 -1 -4.8878 1026.6985 178.5648 1045.9609 215.5351 1.9893 0.6527 1.5309 23.5339 2.3115 39.9124 -4.3589 0.0020
Pedestrian -1 -1 -3.2360 96.1959 193.1205 111.9951 220.9707 1.6670 0.6157 0.7416 -31.1340 2.9259 44.3543 -3.8455 0.0019
Cyclist -1 -1 -4.7152 1030.6470 179.9881 1044.4565 216.8867 1.9765 0.6429 1.5541 23.5410 2.3780 39.8052 -4.1849 0.0019
Cyclist -1 -1 -3.9311 1013.2791 177.8203 1048.3160 215.5132 2.0479 0.7017 1.6741 23.2335 2.3261 39.9080 -3.4077 0.0018
Cyclist -1 -1 -4.0802 1016.3060 177.1666 1050.1731 214.4977 2.0057 0.7015 1.7631 23.1898 2.2461 39.5974 -3.5542 0.0017
Car -1 -1 -4.0946 159.7271 187.9718 222.6671 215.3362 1.6137 1.6603 3.7282 -27.0161 2.6307 46.6204 -4.6176 0.0017
Cyclist -1 -1 -7.1034 1006.9219 174.6302 1039.3251 209.6826 1.9123 0.5810 1.6647 22.8321 2.0116 39.9444 -6.5878 0.0016
Cyclist -1 -1 -6.6917 1027.4994 175.0866 1068.7545 214.0308 2.1081 0.7392 1.7884 23.9920 2.2318 39.5970 -6.1508 0.0013
Car -1 -1 -4.8248 993.2420 179.2764 1034.4056 208.1979 1.5504 1.6657 3.4769 23.1122 1.9363 41.4600 -4.3197 0.0013
Car -1 -1 -4.5540 1003.1244 177.8527 1047.8743 207.4908 1.6030 1.7121 3.5326 23.9351 1.9040 41.5832 -4.0353 0.0012
Car -1 -1 -4.6291 1011.3586 175.7157 1052.4647 207.4363 1.7239 1.7509 3.8261 24.3514 1.8970 41.6557 -4.1036 0.0011
Pedestrian -1 -1 -4.1417 238.8873 203.0142 279.1066 293.8668 1.3425 0.3799 0.4332 -5.4296 1.8144 11.0584 -4.5892 0.0011
Pedestrian -1 -1 -2.8619 699.4376 174.6803 708.6785 193.2942 1.7850 0.7125 0.7179 9.0748 1.9625 69.7559 -2.7335 0.0010
Car -1 -1 -4.8186 997.8225 177.5800 1040.6345 207.2713 1.6087 1.7566 3.6701 23.5959 1.8954 41.7744 -4.3079 0.0007
