Car -1 -1 -4.5616 506.2565 179.6376 555.1560 213.8348 1.4473 1.6689 3.9636 -3.6410 1.7795 33.3511 -4.6700 0.9992
Car -1 -1 -4.5757 507.2829 179.3204 554.6516 214.3196 1.4819 1.6521 3.9091 -3.6215 1.7974 33.2593 -4.6839 0.8720
Pedestrian -1 -1 -4.9284 732.1007 167.2153 746.8235 200.0435 1.8632 0.6551 0.8834 7.3881 1.5429 41.4065 -4.7535 0.7765
Car -1 -1 -4.5480 505.0914 179.7416 555.1088 213.5396 1.4306 1.6658 4.0250 -3.6761 1.7691 33.4347 -4.6572 0.7669
Car -1 -1 -4.5762 505.1516 179.6066 553.1739 214.5864 1.4737 1.6814 3.8429 -3.6861 1.8013 33.0909 -4.6868 0.6706
Car -1 -1 -4.7457 547.1931 176.7345 572.2218 199.3423 1.4524 1.5612 3.9181 -3.4855 1.7269 49.0790 -4.8166 0.6399
Car -1 -1 -4.8053 542.6121 176.7301 571.2815 199.5598 1.4619 1.5681 4.0351 -3.6752 1.7365 49.0439 -4.8801 0.6182
Car -1 -1 -4.7499 548.3937 177.0504 573.9148 199.5491 1.4346 1.5730 3.6409 -3.3537 1.7280 48.6087 -4.8188 0.4897
Car -1 -1 -4.8691 537.0997 176.4098 570.3536 199.5128 1.4817 1.6231 4.1510 -3.9086 1.7346 49.1634 -4.9484 0.4473
Pedestrian -1 -1 -4.9885 729.5101 167.1016 745.5941 199.8749 1.8629 0.7176 0.7978 7.2862 1.5356 41.4478 -4.8161 0.4433
Car -1 -1 -4.8361 540.8497 176.8038 571.6285 199.6416 1.4524 1.6076 3.7629 -3.6883 1.7290 48.5827 -4.9119 0.4076
Car -1 -1 -4.6572 548.9597 176.3689 575.1085 198.9098 1.4533 1.5629 3.9546 -3.2620 1.7020 49.1270 -4.7235 0.3911
Car -1 -1 -4.7597 547.2885 177.9717 573.2505 200.4241 1.4183 1.5636 3.4161 -3.3825 1.7724 48.1821 -4.8298 0.3317
Pedestrian -1 -1 -4.9674 730.0959 167.0352 745.2042 200.7341 1.9102 0.6922 0.7123 7.2633 1.5801 41.2838 -4.7949 0.3046
Pedestrian -1 -1 -5.6831 588.3677 175.3313 603.3608 202.8768 1.7841 0.7378 0.6868 -0.9591 1.9480 47.3195 -5.7037 0.2486
Pedestrian -1 -1 -8.1331 837.2780 161.6890 857.3494 207.3779 1.8939 0.6737 0.5381 9.8818 1.4308 30.1898 -7.8200 0.1773
Car -1 -1 -4.5874 549.4950 176.2596 579.6927 199.0157 1.4608 1.5991 3.6162 -3.0621 1.6992 48.7273 -4.6502 0.1749
Car -1 -1 -4.6272 550.6042 177.4154 578.0815 199.8956 1.4167 1.5154 3.7938 -3.0445 1.7330 48.1612 -4.6904 0.1376
Pedestrian -1 -1 -8.3732 588.6994 175.3069 602.5373 202.6552 1.7804 0.7163 0.5810 -0.9802 1.9430 47.4839 -8.3942 0.1374
Car -1 -1 -4.5657 553.0045 175.1086 585.0002 198.4682 1.5126 1.6028 4.0752 -2.7858 1.6726 49.2273 -4.6223 0.1198
Pedestrian -1 -1 -2.1641 207.7931 177.3593 242.0563 248.1495 1.8147 0.6068 0.5198 -10.1530 1.9350 18.9359 -2.6508 0.1162
Car -1 -1 -3.2222 532.8847 178.0320 594.5494 200.0057 1.4077 1.5476 3.9606 -3.1178 1.7578 47.7725 -3.2875 0.1033
Pedestrian -1 -1 -2.1077 201.7232 176.6019 240.0242 245.9870 1.7585 0.6741 0.5838 -10.1718 1.8580 18.7739 -2.5987 0.0881
Car -1 -1 -7.3768 352.3156 175.1493 386.9229 192.3674 1.5980 1.5587 3.8728 -23.1452 1.8254 69.5433 -7.6972 0.0864
Pedestrian -1 -1 -8.2768 827.9980 163.5397 849.5385 209.0982 1.8881 0.7046 0.5263 9.5301 1.5018 30.2062 -7.9744 0.0801
Cyclist -1 -1 -3.0205 574.2258 170.8318 602.5972 200.0910 1.9089 0.7654 1.7898 -1.4495 1.7766 47.5345 -3.0513 0.0756
Pedestrian -1 -1 -8.0910 838.9500 162.6699 859.4462 207.8598 1.8577 0.6935 0.5614 9.8868 1.4388 29.9689 -7.7757 0.0753
Pedestrian -1 -1 -5.4891 212.7958 176.4519 247.3490 247.6559 1.8298 0.6157 0.5192 -10.0248 1.9258 18.9521 -5.9702 0.0683
Car -1 -1 -4.6890 550.0631 176.9895 574.6573 199.4144 1.3937 1.5293 3.8121 -3.1360 1.6767 47.4948 -4.7550 0.0669
Car -1 -1 -4.4168 552.1835 175.3413 590.7161 198.7989 1.5038 1.5928 3.6822 -2.5894 1.6781 48.6551 -4.4701 0.0667
Car -1 -1 -7.4506 350.7458 175.4513 383.1759 192.5880 1.5912 1.5838 3.8352 -23.4126 1.8485 69.5724 -7.7743 0.0642
Car -1 -1 -3.1090 540.9794 177.0210 599.7359 199.2657 1.4386 1.5796 3.8250 -2.6326 1.7191 47.8062 -3.1641 0.0627
Cyclist -1 -1 -2.9816 570.8909 172.0687 598.4978 199.3428 1.7785 0.7274 1.7238 -1.6949 1.7270 47.5190 -3.0175 0.0566
Car -1 -1 -4.5646 568.0334 173.6402 601.1819 198.6411 1.6174 1.6649 4.0924 -1.7100 1.6727 48.9388 -4.5998 0.0511
Car -1 -1 -7.2505 352.9658 174.6514 391.5827 191.9180 1.6035 1.5482 3.9846 -22.8997 1.7819 69.5822 -7.5675 0.0443
Car -1 -1 -3.1955 540.4147 176.9332 598.6182 199.0837 1.4338 1.5760 3.7890 -2.7526 1.7108 48.0631 -3.2529 0.0422
Car -1 -1 -7.4934 351.7638 176.1441 379.0813 191.9564 1.4665 1.4721 3.1230 -23.4351 1.7888 69.1638 -7.8192 0.0398
Pedestrian -1 -1 -4.6450 1203.1307 162.6590 1240.2278 241.3958 1.7186 0.6085 0.4358 13.6089 1.4957 16.1163 -3.9532 0.0299
Cyclist -1 -1 -7.0738 183.5838 178.8976 246.1603 247.2736 1.6749 0.4440 1.5615 -10.2227 1.8374 18.6293 -7.5700 0.0299
Car -1 -1 -7.5709 349.2398 175.6988 377.8560 192.8207 1.5892 1.5928 3.8704 -23.7518 1.8711 69.5950 -7.8989 0.0292
Cyclist -1 -1 -3.0630 580.6164 171.6180 606.2231 199.5076 1.8201 0.7647 1.6318 -1.1190 1.7391 47.5147 -3.0869 0.0287
Car -1 -1 -7.9464 571.6079 171.2666 602.6624 196.4398 1.6433 1.7191 4.3618 -1.6409 1.5394 49.3746 -7.9798 0.0278
Car -1 -1 -3.2190 545.5647 175.8933 603.9520 198.4380 1.4678 1.6439 3.7870 -2.4159 1.6755 48.3180 -3.2691 0.0256
Car -1 -1 -4.4930 691.2877 173.7671 716.4841 190.6216 1.5570 1.5830 3.8983 8.9833 1.6466 68.9833 -4.3644 0.0243
Car -1 -1 -3.2206 538.5887 176.5313 601.9865 199.3351 1.4837 1.6463 4.1263 -2.7197 1.7356 48.3936 -3.2769 0.0238
Car -1 -1 -4.6684 690.7547 173.8713 709.0463 190.5819 1.5467 1.5747 3.8509 8.6070 1.6466 69.0600 -4.5453 0.0220
Car -1 -1 -7.9599 573.3527 173.6659 603.0564 197.8444 1.5763 1.6139 3.8966 -1.5562 1.6336 49.2170 -7.9918 0.0211
Pedestrian -1 -1 -6.8554 803.9381 164.4198 819.4119 200.9209 1.7759 0.6159 0.4733 9.8713 1.3653 35.4703 -6.5865 0.0202
Cyclist -1 -1 -6.7052 157.9323 178.1790 235.4650 247.2003 1.6838 0.4652 1.6858 -10.6447 1.8264 18.5455 -7.2204 0.0201
Pedestrian -1 -1 -7.6597 805.0035 165.5795 819.3806 202.0779 1.7645 0.5977 0.4703 9.8312 1.4125 35.2258 -7.3901 0.0177
Car -1 -1 -4.9757 684.0856 173.8509 710.5592 190.7236 1.5623 1.5688 3.8147 8.3036 1.6602 69.0464 -4.8569 0.0176
Car -1 -1 -5.1434 677.8655 174.0059 709.0150 190.7936 1.5516 1.5475 3.6988 7.9222 1.6646 68.9621 -5.0299 0.0175
Car -1 -1 -3.1869 547.2672 175.5883 606.5714 198.1721 1.4643 1.6361 3.8696 -2.2605 1.6498 48.0180 -3.2341 0.0162
Cyclist -1 -1 -7.8050 806.7397 167.2235 816.1528 200.7225 1.6129 0.3756 1.5898 9.8907 1.3415 35.5549 -7.5362 0.0149
Car -1 -1 -3.2477 547.9467 174.5331 612.0338 198.6087 1.5657 1.6872 4.1217 -2.0619 1.6803 48.2233 -3.2906 0.0146
Pedestrian -1 -1 -7.1184 1210.0062 153.4588 1241.0000 239.8922 1.8888 0.5842 0.4552 13.8060 1.4647 16.0878 -6.4186 0.0122
Pedestrian -1 -1 -4.5760 1208.3008 152.2664 1241.0000 240.5188 1.8927 0.6766 0.4787 13.5991 1.4508 15.8856 -3.8776 0.0103
Pedestrian -1 -1 -3.4837 1210.3029 162.5663 1241.0000 230.4811 1.6828 0.6232 0.4566 15.5476 1.4276 18.2500 -2.7864 0.0098
Pedestrian -1 -1 -4.1132 1211.2566 152.8460 1241.0000 238.1064 1.8357 0.6221 0.5218 13.7272 1.4046 15.9046 -3.4107 0.0098
Pedestrian -1 -1 -6.5093 809.1175 164.0632 822.5626 200.5437 1.7791 0.6232 0.5073 10.0872 1.3501 35.5114 -6.2351 0.0075
Car -1 -1 -6.1728 503.0575 175.9522 571.4998 199.6454 1.5401 1.6515 4.3727 -4.8296 1.7494 47.9708 -6.2730 0.0066
Pedestrian -1 -1 -7.3893 799.1506 168.3445 813.5589 202.6700 1.6574 0.5766 0.3622 9.5289 1.4394 35.1672 -7.1273 0.0062
Cyclist -1 -1 -3.1024 860.6734 177.1243 1241.0000 374.0000 1.7515 0.6062 1.6686 2.1799 1.7776 3.7741 -2.6136 0.0056
Car -1 -1 -3.2504 931.2629 179.7359 1241.0000 374.0000 1.4583 1.6712 3.9527 3.6540 1.5058 3.0954 -2.4287 0.0055
Car -1 -1 -9.1075 944.1888 0.0000 1241.0000 374.0000 1.5752 1.7073 4.0048 3.3355 1.3923 2.4778 -8.2310 0.0051
Cyclist -1 -1 -8.8496 894.6789 173.3047 1241.0000 374.0000 1.7263 0.5408 1.5393 2.2456 1.7288 3.7654 -8.3472 0.0049
Car -1 -1 -6.2585 500.5042 176.9562 569.9870 200.4861 1.5125 1.6387 4.4943 -4.9488 1.7892 47.7211 -6.3617 0.0049
Cyclist -1 -1 -8.6586 826.6080 184.3422 1241.0000 374.0000 1.7108 0.5924 1.8665 1.8182 1.7813 3.4708 -8.2122 0.0037
Car -1 -1 -3.4767 0.0000 0.0000 1241.0000 374.0000 1.5714 1.6004 3.7610 -5.0437 1.6856 1.7649 -4.6618 0.0030
Car -1 -1 -3.4984 0.0000 0.0000 1241.0000 374.0000 1.5601 1.5897 3.7225 -4.6652 1.6540 1.7314 -4.6617 0.0030
Car -1 -1 -3.4560 0.0000 0.0000 1241.0000 374.0000 1.5689 1.6017 3.7708 -5.4496 1.6938 1.8028 -4.6612 0.0030
Car -1 -1 -6.5762 0.0000 0.0000 1241.0000 374.0000 1.5371 1.5855 3.6263 -4.2107 1.6569 1.3777 -7.7713 0.0030
Car -1 -1 -4.3082 770.5734 171.7030 801.7648 187.2990 1.4417 1.6246 3.5388 16.7496 1.3350 68.6021 -4.0700 0.0029
Car -1 -1 -4.4074 769.5740 171.4302 796.7777 186.8210 1.4234 1.5810 3.3659 16.4591 1.2914 68.5798 -4.1730 0.0028
Cyclist -1 -1 -8.7313 808.2588 171.8530 1234.9548 374.0000 1.7943 0.6076 1.9037 1.8503 1.7902 3.7246 -8.3032 0.0027
Car -1 -1 -5.1052 620.7520 173.4528 653.1086 189.9402 1.5734 1.7883 4.0053 2.6038 1.6340 71.2037 -5.0691 0.0026
Car -1 -1 -4.5322 423.6757 175.0767 447.5174 190.1765 1.4240 1.6216 3.7346 -17.0325 1.6468 70.5178 -4.7686 0.0025
Car -1 -1 -3.6533 744.8918 178.7728 804.1232 202.0657 1.3654 1.4667 3.2206 9.9982 1.7360 44.0506 -3.4320 0.0023
Pedestrian -1 -1 -6.5204 793.4412 166.7815 803.2914 202.0056 1.6976 0.5816 0.3338 9.1117 1.4046 35.0662 -6.2686 0.0021
Car -1 -1 -4.4418 445.4070 177.1373 471.0641 193.0629 1.4637 1.5053 3.5731 -14.5294 1.8846 69.1294 -4.6485 0.0018
Car -1 -1 -4.2031 445.3380 176.0872 477.8505 191.6705 1.4352 1.5624 3.4596 -14.2048 1.7531 69.1204 -4.4053 0.0018
Car -1 -1 -6.9893 746.3734 177.7610 811.0056 202.4780 1.4493 1.4587 3.8567 10.3686 1.7617 44.4532 -6.7621 0.0018
Car -1 -1 -6.5135 958.4911 127.6651 1241.0000 374.0000 1.5995 1.5554 4.5381 3.9058 1.5560 2.7226 -5.6016 0.0017
Car -1 -1 -3.4902 743.0609 178.5000 800.5967 202.1539 1.3941 1.4236 3.1128 9.7836 1.7442 43.8686 -3.2726 0.0016
Car -1 -1 -4.1571 631.7369 172.0657 668.3706 188.5592 1.5737 1.8194 3.8954 3.9477 1.4982 70.9616 -4.1021 0.0016
Car -1 -1 -6.5201 886.9434 181.9223 1241.0000 374.0000 1.5631 1.5437 4.1530 3.5864 1.6275 3.4349 -5.7559 0.0016
Car -1 -1 -5.2894 615.6113 173.0992 651.1201 188.7902 1.4974 1.7394 3.7194 2.2512 1.5219 70.9634 -5.2581 0.0014
Car -1 -1 -4.5279 629.0358 174.5614 653.0032 190.3339 1.5034 1.6692 3.9842 3.0785 1.6770 71.3644 -4.4853 0.0014
Cyclist -1 -1 -8.5513 769.9617 150.0696 1121.5375 374.0000 1.8213 0.5829 1.6847 1.4565 1.7347 3.6224 -8.1989 0.0014
Car -1 -1 -7.1301 915.7424 176.2638 1241.0000 374.0000 1.5047 1.6563 4.4365 4.0318 1.5258 3.6112 -6.3301 0.0013
Car -1 -1 -7.0186 967.9940 136.7602 1241.0000 374.0000 1.6299 1.6490 4.5484 4.1983 1.5301 3.1423 -6.1349 0.0013
Car -1 -1 -6.7405 891.1199 187.9162 1241.0000 374.0000 1.5333 1.5092 4.4106 3.7256 1.6358 3.5291 -5.9697 0.0013
Car -1 -1 -4.3343 630.0031 172.9941 660.6936 188.8530 1.5176 1.7296 3.8463 3.4986 1.5315 71.1915 -4.2857 0.0011
Pedestrian -1 -1 -3.4344 1115.9387 160.0042 1152.9811 237.5951 1.4970 0.4957 0.4628 10.2815 1.2488 14.2295 -2.8188 0.0008
Pedestrian -1 -1 -3.9903 1098.6729 158.0065 1142.1329 237.2152 1.5666 0.5606 0.4486 10.2658 1.2726 14.5969 -3.3871 0.0008
Cyclist -1 -1 -8.7834 824.4687 165.6573 1130.7802 374.0000 1.7637 0.4953 1.5254 1.9122 1.7304 4.0943 -8.3755 0.0006
Cyclist -1 -1 -8.6344 761.0537 174.9350 1037.3679 374.0000 1.7033 0.4786 1.5199 1.4686 1.7170 4.0872 -8.3143 0.0006
Pedestrian -1 -1 -4.8023 502.7162 177.3499 514.5461 204.5329 1.4429 0.5649 0.7554 -5.5025 1.6875 38.8754 -4.9424 0.0005
Pedestrian -1 -1 -8.1051 496.7173 175.5490 511.9740 203.7537 1.4946 0.6342 0.7938 -5.7249 1.6411 38.8165 -8.2509 0.0004
Pedestrian -1 -1 -3.4390 651.4655 167.1588 694.6002 261.5309 1.5696 0.4408 0.6279 1.0140 1.4746 12.2836 -3.3597 0.0001
