Car -1 -1 -4.0809 0.0000 188.3170 178.7950 271.3855 1.6616 1.5861 3.9682 -12.3165 2.0721 17.1728 -4.6960 0.9998
Car -1 -1 -4.4149 421.0096 182.3868 467.0860 206.3590 1.4361 1.8535 3.8894 -10.7438 2.0809 46.8267 -4.6396 0.9794
Pedestrian -1 -1 -7.9640 738.6323 169.1290 756.8735 214.2761 1.7553 0.6270 0.7264 5.3796 1.6101 28.4380 -7.7796 0.9490
Car -1 -1 -7.9648 594.3909 178.2536 627.9212 204.6639 1.5819 1.6952 4.0836 -0.0049 1.9433 46.2088 -7.9654 0.9440
Pedestrian -1 -1 -6.6015 259.7005 175.2026 285.8354 218.6496 1.8863 0.5543 0.9200 -14.9495 1.9915 31.8989 -7.0369 0.8113
Car -1 -1 -4.3905 420.6536 181.6932 467.7388 207.2024 1.5230 1.7495 4.1355 -10.7023 2.1212 46.7076 -4.6149 0.7725
Car -1 -1 -7.8993 599.0033 178.6867 628.2176 204.8400 1.5655 1.6767 4.0341 0.1569 1.9549 46.1570 -7.8965 0.7689
Car -1 -1 -4.4199 421.5114 181.1080 467.1061 205.9210 1.4964 1.7713 4.1644 -10.7798 2.0591 47.0747 -4.6442 0.7415
Pedestrian -1 -1 -8.0128 736.7078 168.7566 755.7814 213.8894 1.7540 0.6289 0.7211 5.3148 1.5945 28.4096 -7.8303 0.6333
Pedestrian -1 -1 -6.3614 261.8961 174.8280 285.9830 218.4084 1.8959 0.5828 0.9239 -14.9072 1.9843 31.9139 -6.7955 0.6135
Car -1 -1 -7.9744 592.5638 178.3298 626.1719 204.6691 1.5751 1.6688 3.9970 -0.1182 1.9404 46.1003 -7.9774 0.5298
Pedestrian -1 -1 -8.1204 735.2399 168.7650 755.1445 214.4325 1.7824 0.6199 0.6566 5.2939 1.6225 28.5152 -7.9392 0.5096
Car -1 -1 -7.7832 600.4863 178.4206 630.6005 204.7006 1.5743 1.6467 4.1210 0.3629 1.9471 46.2400 -7.7760 0.5058
Car -1 -1 -4.3676 415.8287 180.5788 466.3857 207.1585 1.5787 1.7618 4.4759 -10.8514 2.1014 46.5320 -4.5958 0.4798
Pedestrian -1 -1 -6.9471 258.9948 175.4109 287.4177 218.5019 1.8744 0.5846 0.9943 -14.9870 1.9896 32.0295 -7.3819 0.4070
Pedestrian -1 -1 -7.4175 318.2098 181.1496 335.4493 213.6120 1.6971 0.5598 0.8179 -15.0903 2.1427 38.3642 -7.7902 0.3840
Pedestrian -1 -1 -4.5456 1029.8450 156.0478 1055.9374 213.2842 1.8471 0.6415 0.6471 14.1956 1.3044 23.7393 -4.0125 0.3234
Pedestrian -1 -1 -4.6090 1022.9887 156.2018 1048.1143 213.0432 1.8394 0.6539 0.6593 13.9956 1.3003 23.8086 -4.0833 0.3188
Pedestrian -1 -1 -7.9298 1035.4836 154.3383 1061.8401 211.9126 1.8403 0.6783 0.6947 14.2463 1.2482 23.5258 -7.3911 0.1609
Pedestrian -1 -1 -4.1552 1185.2444 152.3386 1210.4125 217.8407 1.7846 0.4568 0.2854 16.1769 1.2254 19.9215 -3.4806 0.1210
Pedestrian -1 -1 -4.2218 1181.7549 153.0919 1207.8068 219.4142 1.8038 0.4813 0.2840 16.0767 1.2661 19.9017 -3.5498 0.0848
Car -1 -1 -6.4641 588.2083 178.4051 650.3849 204.1378 1.5549 1.7120 3.6478 0.5254 1.9116 45.2492 -6.4531 0.0847
Car -1 -1 -4.5462 428.7383 182.2301 481.5797 217.6511 1.4296 1.6322 4.2735 -6.9245 1.8791 32.4402 -4.7554 0.0785
Car -1 -1 -4.5163 431.4088 182.6904 485.3055 217.9288 1.4183 1.5922 4.0374 -6.7336 1.8845 32.1970 -4.7213 0.0454
Car -1 -1 -4.4934 480.9675 181.0612 520.0791 206.9347 1.4748 1.5554 3.9758 -6.7279 2.0033 44.4560 -4.6432 0.0447
Pedestrian -1 -1 -6.7390 1048.8264 170.1436 1093.5576 238.9171 1.6404 0.6095 0.7191 11.1557 1.5755 17.5501 -6.1809 0.0443
Pedestrian -1 -1 -4.0530 1180.7721 151.5864 1208.5812 218.7066 1.8401 0.4991 0.3358 16.2035 1.2567 20.0628 -3.3811 0.0405
Pedestrian -1 -1 -6.5692 1047.8616 170.2328 1087.9155 239.1655 1.6510 0.6373 0.6712 11.1558 1.5879 17.6775 -6.0143 0.0341
Pedestrian -1 -1 -4.0995 1173.0947 151.3159 1202.0997 219.9775 1.8833 0.5276 0.3452 16.0305 1.2922 20.0928 -3.4335 0.0324
Car -1 -1 -6.8733 0.0000 195.9905 43.8421 374.0000 1.3707 1.4980 3.6586 -7.1090 1.6247 6.0161 -7.7197 0.0275
Car -1 -1 -6.8816 904.7187 166.4623 981.7493 190.0543 1.4142 1.6158 4.1101 20.4445 1.0308 44.3956 -6.4528 0.0233
Pedestrian -1 -1 -7.9243 908.0206 162.8481 929.9750 217.4866 1.7394 0.6075 0.6111 9.9490 1.4206 23.3574 -7.5266 0.0225
Pedestrian -1 -1 -5.8319 765.5914 163.2564 781.0241 198.3931 1.9152 0.6728 0.5972 8.9660 1.3918 39.7780 -5.6121 0.0216
Car -1 -1 -6.5843 0.0000 188.1205 44.4308 374.0000 1.4400 1.5800 3.7515 -7.4311 1.6123 6.1234 -7.4443 0.0214
Pedestrian -1 -1 -6.6968 1053.5496 168.0659 1100.3093 238.4786 1.6747 0.6448 0.7552 11.2847 1.5605 17.5364 -6.1332 0.0206
Car -1 -1 -4.3713 387.7798 185.2832 424.1580 205.4072 1.4192 1.5431 3.6338 -15.5517 2.3994 55.0533 -4.6458 0.0179
Car -1 -1 -6.3900 594.9061 178.2336 661.9683 204.2948 1.5786 1.6107 4.0363 1.0877 1.9216 45.0761 -6.3665 0.0176
Cyclist -1 -1 -8.8545 1016.5042 155.8581 1076.6306 212.7527 1.7942 0.5700 1.6297 14.2129 1.2580 23.6108 -8.3185 0.0172
Car -1 -1 -8.4018 893.9049 167.6008 946.1290 191.7365 1.4418 1.4593 3.3143 19.1792 1.1277 44.8480 -8.0002 0.0156
Car -1 -1 -7.1081 904.5656 166.4710 976.3067 190.6898 1.4459 1.6374 4.1843 20.4128 1.0645 44.6432 -6.6819 0.0143
Car -1 -1 -3.9004 411.8405 179.2226 465.5969 199.4930 1.4966 1.6759 4.0851 -13.4652 2.0168 56.8037 -4.1324 0.0123
Car -1 -1 -8.1456 902.2006 167.5208 944.8329 191.3414 1.4254 1.4735 3.5241 19.4688 1.1060 45.0106 -7.7400 0.0122
Pedestrian -1 -1 -3.3289 1057.1494 168.0561 1092.4803 235.2164 1.6056 0.6562 0.6098 11.3195 1.4906 17.6670 -2.7671 0.0117
Car -1 -1 -4.3912 473.4135 180.4938 520.2004 206.3972 1.4751 1.6082 4.2128 -6.9692 1.9705 44.6035 -4.5457 0.0108
Car -1 -1 -4.6491 398.2034 179.7178 422.2807 200.3465 1.5321 1.5879 3.9454 -15.7934 2.0946 57.0743 -4.9182 0.0107
Car -1 -1 -6.2776 1138.2319 161.5510 1241.0000 199.3643 1.6537 1.6524 4.7912 27.6633 1.1591 33.7149 -5.5949 0.0107
Cyclist -1 -1 -7.1288 1036.2842 171.9866 1104.2689 239.3469 1.5926 0.5777 1.4604 11.1368 1.5718 17.5440 -6.5713 0.0106
Cyclist -1 -1 -3.7604 1036.2714 171.7583 1105.3250 237.2397 1.5794 0.5505 1.3669 11.2541 1.5527 17.7201 -3.2026 0.0104
Car -1 -1 -7.8770 1158.1935 162.4532 1202.5413 194.4270 1.4679 1.5871 3.3036 27.5111 0.9901 34.9242 -7.2141 0.0104
Car -1 -1 -8.0740 906.0709 167.5023 945.7744 191.4291 1.4289 1.4797 3.7138 19.6376 1.1090 45.0529 -7.6656 0.0085
Car -1 -1 -4.5625 480.2255 180.6202 518.4316 206.9696 1.4840 1.6735 4.3708 -6.7433 1.9820 44.1116 -4.7137 0.0083
Car -1 -1 -7.8485 1144.4795 163.5576 1183.2214 195.7027 1.5005 1.4530 3.1555 27.1012 1.0663 35.3749 -7.1990 0.0078
Cyclist -1 -1 -4.9277 1053.5681 172.2930 1095.8424 242.3657 1.6401 0.5619 1.4318 11.2977 1.6266 17.6565 -4.3666 0.0078
Car -1 -1 -4.5551 392.7101 184.2910 423.3223 204.7845 1.4427 1.6003 4.3996 -15.5480 2.3600 55.6130 -4.8268 0.0077
Car -1 -1 -4.5896 405.5647 184.6480 431.0341 204.9347 1.4387 1.4709 3.4033 -14.6178 2.3671 55.0309 -4.8484 0.0077
Car -1 -1 -4.5553 492.9896 180.1465 524.4770 203.0903 1.4082 1.5054 3.5393 -6.6194 1.9029 47.1998 -4.6943 0.0076
Car -1 -1 -4.5996 401.2869 179.4813 427.0341 199.6538 1.5009 1.5380 3.8651 -15.4737 2.0431 57.0426 -4.8637 0.0075
Car -1 -1 -4.2109 402.4115 178.9482 444.4708 198.9591 1.4909 1.5364 3.8988 -14.7418 1.9904 57.1016 -4.4628 0.0075
Car -1 -1 -7.7357 1144.3312 163.0054 1192.7168 195.6563 1.5188 1.5192 3.1647 27.2472 1.0604 35.2262 -7.0815 0.0074
Car -1 -1 -4.1603 411.1542 179.6805 455.1680 198.9473 1.4226 1.5824 3.8483 -13.9048 1.9795 56.8197 -4.3996 0.0074
Car -1 -1 -8.5609 887.5944 167.3219 944.4252 191.3425 1.4340 1.4056 3.3527 18.9476 1.1035 44.8866 -8.1640 0.0067
Car -1 -1 -3.2428 1138.8208 158.7395 1241.0000 195.6651 1.6394 1.8078 4.3314 27.6029 1.0125 33.9741 -2.5648 0.0067
Car -1 -1 -7.2100 933.6646 164.8930 984.9672 184.1172 1.5275 1.6448 4.1084 28.5483 0.8946 59.0068 -6.7615 0.0066
Car -1 -1 -4.5334 404.2924 180.5175 432.5927 199.4163 1.4029 1.5162 3.7657 -15.1403 2.0293 57.0689 -4.7919 0.0063
Car -1 -1 -7.6643 1142.7726 162.9115 1199.8855 195.5272 1.5143 1.5839 3.5119 27.4110 1.0524 35.2576 -7.0077 0.0061
Cyclist -1 -1 -7.4739 239.3674 177.8377 263.3002 220.7816 1.7422 0.3919 1.4288 -15.0278 1.9553 30.1680 -7.9328 0.0060
Car -1 -1 -4.6362 659.8874 177.5576 682.7442 198.5293 1.5312 1.4948 3.4173 4.6955 1.9031 55.2970 -4.5524 0.0057
Car -1 -1 -4.7423 656.8694 178.2148 677.8105 198.6702 1.4963 1.4901 3.7784 4.3713 1.9242 55.7112 -4.6649 0.0057
Car -1 -1 -4.3327 933.1118 163.6917 975.1205 185.7628 1.7485 1.7462 4.0346 28.2167 1.0224 59.1742 -3.8898 0.0056
Car -1 -1 -4.2354 408.2807 179.4324 450.1166 198.6815 1.4254 1.5452 3.9901 -14.2583 1.9640 56.9966 -4.4798 0.0056
Cyclist -1 -1 -4.9307 1047.3715 171.5886 1089.7428 240.6894 1.6198 0.5686 1.4137 11.1589 1.5898 17.6745 -4.3756 0.0053
Car -1 -1 -7.6556 933.1453 165.6945 965.4383 185.5516 1.5759 1.6532 4.0224 27.9188 1.0074 59.3735 -7.2181 0.0051
Car -1 -1 -4.7954 397.3477 180.2675 421.0894 199.7749 1.4417 1.4950 3.7624 -15.8818 2.0466 56.8859 -5.0667 0.0047
Car -1 -1 -4.2716 403.4977 182.7182 446.9582 202.4952 1.4042 1.4948 4.4715 -14.2807 2.2000 55.8984 -4.5210 0.0047
Car -1 -1 -4.4416 401.6976 183.8213 437.7275 204.0196 1.4201 1.5212 4.5240 -14.6007 2.2974 55.4691 -4.6982 0.0045
Car -1 -1 -6.3457 598.4627 178.2950 665.1467 204.0905 1.5669 1.5353 4.0670 1.2935 1.9123 45.0179 -6.3177 0.0045
Cyclist -1 -1 -4.2173 316.9856 179.7429 339.5130 214.3867 1.8084 0.5893 1.2703 -15.1004 2.1829 38.5956 -4.5883 0.0043
Car -1 -1 -7.8763 934.0657 165.8968 957.6813 185.6039 1.5658 1.6640 3.8797 27.6078 1.0127 59.4380 -7.4436 0.0043
Cyclist -1 -1 -7.5605 273.2814 184.0760 292.6651 217.6270 1.5240 0.4293 1.4518 -15.4516 2.0645 34.0226 -7.9841 0.0037
Pedestrian -1 -1 -4.6159 272.8166 187.2886 286.4899 218.1663 1.4117 0.5422 0.3893 -15.3832 2.0873 33.5143 -5.0435 0.0034
Car -1 -1 -4.1476 934.7446 164.3528 982.5409 185.8945 1.7049 1.7057 3.8782 28.4235 1.0318 58.8576 -3.6999 0.0033
Car -1 -1 -8.0929 924.9445 166.0545 958.7744 185.5817 1.5541 1.6642 3.8163 27.2712 1.0126 59.4535 -7.6649 0.0030
Car -1 -1 -4.0065 924.4681 166.6956 982.5275 188.1689 1.6946 1.7670 4.5070 27.9101 1.2083 58.6720 -3.5646 0.0030
Car -1 -1 -4.5212 396.7772 184.0783 430.0024 204.0713 1.4040 1.6430 4.4866 -15.1117 2.3036 55.5489 -4.7860 0.0029
Pedestrian -1 -1 -4.8869 837.9980 167.9388 855.8932 211.9495 1.6844 0.5966 0.3855 9.0968 1.4960 27.8474 -4.5748 0.0029
Car -1 -1 -4.2970 933.7464 163.8155 978.8660 185.5641 1.7182 1.8679 4.0282 28.3214 1.0038 59.0234 -3.8517 0.0026
Pedestrian -1 -1 -3.4279 268.1045 182.3440 284.5471 219.8370 1.6940 0.6220 0.5338 -15.4036 2.1359 33.2167 -3.8594 0.0026
Pedestrian -1 -1 -7.2185 1082.1378 146.2162 1125.6870 227.5020 1.5995 0.5980 0.4091 9.8992 1.0750 14.5486 -6.6306 0.0023
Pedestrian -1 -1 -4.3578 274.6447 183.4270 292.5501 216.5171 1.5167 0.6358 0.4632 -15.1867 2.0108 33.4860 -4.7809 0.0017
Car -1 -1 -4.2299 161.6979 188.2246 211.6086 214.2932 1.6674 1.5163 3.5351 -29.3499 2.7722 50.0752 -4.7580 0.0016
Car -1 -1 -4.4609 173.1230 185.3305 214.1946 209.8081 1.5665 1.6228 3.5907 -28.8895 2.4663 50.1081 -4.9819 0.0014
Pedestrian -1 -1 -8.2440 1108.6627 172.1316 1152.4983 240.3589 1.4741 0.6480 0.4766 11.4054 1.4582 15.8936 -7.6307 0.0012
Car -1 -1 -4.1670 149.6916 189.1954 208.0573 214.0027 1.5532 1.6303 3.9686 -29.7032 2.7257 49.7922 -4.7028 0.0012
Cyclist -1 -1 -7.1050 275.0334 182.2950 306.9517 217.5310 1.6023 0.4865 1.4970 -15.0684 2.0574 34.0197 -7.5194 0.0011
Pedestrian -1 -1 -3.8186 271.4690 179.1178 293.4093 218.4979 1.7811 0.6375 0.6680 -15.1188 2.0730 33.2160 -4.2430 0.0008
Pedestrian -1 -1 -5.9469 749.8088 167.4943 760.6149 194.5618 1.7498 0.7967 0.4558 9.4478 1.4030 47.1022 -5.7505 0.0001
Pedestrian -1 -1 -6.2301 752.6363 168.9742 760.3885 196.4670 1.7715 0.6932 0.4594 9.4880 1.5212 46.8840 -6.0320 0.0001
Cyclist -1 -1 -7.4861 953.5356 161.7160 973.8775 188.6163 2.1195 0.8521 1.8689 28.3122 1.2417 57.8004 -7.0328 0.0000
Cyclist -1 -1 -7.4400 950.6376 163.7488 971.2853 190.4446 2.1030 0.8073 1.8672 28.0696 1.3855 57.7544 -6.9899 0.0000
Cyclist -1 -1 -7.9889 737.8659 168.5001 757.1573 213.8654 1.7463 0.5501 1.4662 5.3809 1.5784 28.5215 -7.8049 0.0000
