Car -1 -1 -4.4830 374.6269 179.2157 476.6141 260.9909 1.7666 1.5988 3.7650 -4.4597 1.9397 17.7750 -4.7261 0.9999
Car -1 -1 -4.4029 249.1735 195.7792 426.7219 305.5690 1.4531 1.6769 3.8935 -4.4669 1.9077 12.3457 -4.7440 0.9999
Car -1 -1 -8.0788 730.1910 173.8586 887.7735 288.8044 1.5687 1.5981 3.6901 2.9791 1.5873 11.7377 -7.8373 0.9998
Car -1 -1 -8.2682 805.3093 175.7584 1241.0000 374.0000 1.5622 1.6544 4.2537 2.7919 1.5929 5.5523 -7.8246 0.9998
Car -1 -1 -7.9846 683.5336 176.5728 760.4716 235.4847 1.4790 1.6063 3.9112 3.0009 1.5936 20.3282 -7.8409 0.9994
Car -1 -1 -4.5104 438.4024 179.4452 514.6987 238.2339 1.6871 1.6159 4.0938 -4.2379 1.9179 23.2337 -4.6895 0.9974
Car -1 -1 -8.0191 668.0076 173.6982 734.0094 220.9566 1.5921 1.7013 4.2657 3.2080 1.6254 26.5563 -7.9009 0.9784
Car -1 -1 -7.9883 668.9678 173.9639 732.2410 220.8342 1.5781 1.7075 4.4185 3.2008 1.6222 26.6221 -7.8706 0.9312
Car -1 -1 -4.4560 373.2904 179.7427 478.7589 257.1170 1.6852 1.6464 3.6188 -4.4737 1.8728 17.8597 -4.6987 0.8184
Car -1 -1 -7.9867 625.6259 176.2517 651.6544 197.7155 1.5888 1.5504 3.5353 2.1573 1.8600 55.8223 -7.9487 0.7720
Car -1 -1 -8.0074 671.2816 174.3286 735.5734 221.0366 1.5622 1.6963 4.0590 3.2725 1.6199 26.3182 -7.8857 0.5752
Car -1 -1 -7.8619 631.4445 176.1612 652.0309 197.3588 1.5699 1.5402 3.5899 2.4091 1.8338 55.8266 -7.8194 0.5534
Car -1 -1 -4.8087 625.5605 175.5533 651.9735 197.6147 1.6374 1.6452 4.2670 2.1772 1.8557 56.2621 -4.7707 0.4241
Car -1 -1 -7.9201 628.1667 176.0971 651.6693 197.6756 1.5907 1.5755 3.3956 2.2425 1.8472 55.4240 -7.8803 0.2989
Car -1 -1 -8.0340 621.6118 176.7327 650.3159 198.0025 1.5691 1.5465 3.8905 1.9514 1.8808 56.0070 -7.9998 0.2952
Car -1 -1 -7.8392 632.4457 176.4434 652.9332 197.5388 1.5567 1.5283 3.3756 2.5109 1.8414 55.5620 -7.7948 0.2727
Car -1 -1 -8.0631 620.5765 176.4780 650.3745 197.8129 1.5711 1.5920 3.5260 1.9035 1.8597 55.6452 -8.0295 0.2357
Car -1 -1 -4.7796 645.9016 176.0112 680.1539 205.1338 1.5628 1.6594 4.2305 2.9478 1.7525 41.2964 -4.7094 0.1756
Pedestrian -1 -1 -3.7900 875.1987 145.5762 919.9327 249.5085 1.8983 0.5816 0.5348 5.3329 1.3998 13.5322 -3.4226 0.1246
Car -1 -1 -8.2537 599.7151 175.3276 634.7257 194.5343 1.5964 1.6234 3.9538 0.5663 1.8183 62.6613 -8.2451 0.1141
Car -1 -1 -4.8719 646.5403 175.8418 687.0917 204.4487 1.5364 1.6516 4.2357 3.1647 1.7165 41.3865 -4.7966 0.1141
Car -1 -1 -8.1465 606.0505 175.2671 636.6284 194.7846 1.6247 1.6143 3.8215 0.9262 1.8408 62.6329 -8.1321 0.1066
Car -1 -1 -8.1396 615.1132 176.6908 649.6792 198.0155 1.5707 1.6076 4.0253 1.6708 1.8801 56.0722 -8.1104 0.0902
Car -1 -1 -8.0444 608.6042 175.6724 636.5855 195.3390 1.6377 1.6624 4.2307 1.0375 1.8920 62.9507 -8.0284 0.0840
Car -1 -1 -4.6924 644.7728 177.3060 677.1215 207.6349 1.4893 1.6167 4.2513 2.7002 1.7386 38.2633 -4.6231 0.0820
Car -1 -1 -8.3344 595.0319 175.4159 633.0794 194.9798 1.6237 1.6278 4.0070 0.2908 1.8533 62.6002 -8.3302 0.0817
Car -1 -1 -8.0395 608.8403 175.7572 634.8314 195.0321 1.5985 1.6069 3.5689 0.9687 1.8566 62.3058 -8.0245 0.0785
Car -1 -1 -7.7389 632.3766 176.3065 657.7772 197.5970 1.5699 1.5401 3.8214 2.7188 1.8465 55.8656 -7.6909 0.0756
Car -1 -1 -4.4526 527.3992 178.2027 557.8629 197.9511 1.5102 1.5441 3.7214 -5.4251 1.9560 58.2051 -4.5455 0.0730
Car -1 -1 -4.8084 646.0801 176.7388 681.8868 204.8940 1.5167 1.6465 4.2093 3.0224 1.7517 41.5798 -4.7369 0.0711
Pedestrian -1 -1 -3.8038 871.5042 144.4854 915.3538 249.9589 1.9239 0.5564 0.5330 5.2455 1.4061 13.5055 -3.4413 0.0704
Car -1 -1 -4.7215 527.3391 178.5671 547.8278 198.3027 1.5054 1.5869 3.4160 -5.8501 1.9773 57.8556 -4.8222 0.0702
Car -1 -1 -8.0600 521.2369 178.4631 549.9660 198.3589 1.5196 1.5800 3.6910 -6.0615 1.9876 58.2353 -8.1637 0.0650
Car -1 -1 -4.7447 528.1512 178.1720 549.2741 198.3477 1.5448 1.5709 3.7710 -5.8082 1.9884 58.2574 -4.8440 0.0640
Car -1 -1 -4.9046 647.0750 176.9280 691.5584 207.0765 1.4973 1.6032 4.0674 3.0683 1.7264 38.5164 -4.8263 0.0622
Car -1 -1 -8.3637 590.2685 174.9662 631.5688 195.0062 1.6623 1.7066 4.2804 0.0143 1.8519 62.6155 -8.3638 0.0561
Car -1 -1 -4.7872 643.8862 174.7440 677.8817 204.7221 1.6198 1.6146 4.2880 2.8329 1.7336 41.4082 -4.7199 0.0473
Car -1 -1 -8.0083 613.4110 175.3478 638.2269 194.3847 1.5870 1.5920 3.7304 1.3189 1.8099 62.6177 -7.9877 0.0428
Car -1 -1 -5.0047 532.7780 180.3237 567.0285 202.1560 1.5534 1.5405 3.8632 -4.6322 2.1423 54.8398 -5.0890 0.0407
Car -1 -1 -5.1548 644.9827 175.9533 705.2840 206.7609 1.5418 1.5951 4.1386 3.3923 1.7176 38.7742 -5.0687 0.0349
Car -1 -1 -4.2074 526.6738 178.2108 567.2466 198.5175 1.5465 1.5411 3.9518 -5.0684 1.9939 58.1872 -4.2943 0.0333
Car -1 -1 -4.7910 628.5595 175.8155 654.0043 198.7757 1.6241 1.5554 4.2293 2.2635 1.8532 53.7344 -4.7496 0.0298
Car -1 -1 -4.9792 627.6204 175.8092 664.0969 198.5192 1.6009 1.6314 4.2796 2.5920 1.8299 53.7186 -4.9317 0.0250
Car -1 -1 -7.8893 616.8912 175.8442 636.3918 195.1267 1.6063 1.5617 3.2756 1.3900 1.8709 62.2656 -7.8675 0.0235
Car -1 -1 -8.9111 0.0000 0.0000 1241.0000 374.0000 1.5874 1.6498 3.5745 2.2507 1.6227 0.8072 -7.7968 0.0207
Car -1 -1 -8.8342 0.0000 0.0000 1241.0000 374.0000 1.5968 1.6478 3.6080 1.9006 1.6133 0.8355 -7.8017 0.0180
Car -1 -1 -9.0571 0.0000 0.0000 1241.0000 374.0000 1.5565 1.6373 3.6741 2.6143 1.5897 0.7048 -7.8519 0.0179
Car -1 -1 -3.1897 516.2311 178.6239 563.2239 198.3356 1.5253 1.6261 3.6536 -5.6477 1.9936 57.5308 -3.2875 0.0174
Car -1 -1 -3.8123 525.3112 177.9653 581.4468 198.8453 1.5922 1.7272 4.3920 -4.5593 2.0191 58.1888 -3.8905 0.0161
Car -1 -1 -9.0159 0.0000 0.0000 1241.0000 374.0000 1.5636 1.6630 3.5942 2.9549 1.5507 0.8503 -7.8150 0.0156
Car -1 -1 -4.3068 427.7725 184.4375 505.3505 220.3802 1.2744 1.5293 4.2371 -5.7571 1.7795 29.2536 -4.4999 0.0152
Car -1 -1 -5.3703 644.0256 174.9607 715.8948 206.5058 1.5921 1.5945 4.2299 3.6681 1.7119 38.9254 -5.2776 0.0150
Car -1 -1 -8.2995 511.9472 178.5974 550.6522 198.7519 1.5350 1.6106 3.8159 -6.4030 2.0140 58.1655 -8.4091 0.0140
Car -1 -1 -3.5407 524.6920 178.7166 575.4702 198.5213 1.5139 1.5591 3.7294 -4.8068 1.9945 57.6321 -3.6240 0.0139
Car -1 -1 -3.2012 510.2255 179.3479 560.9237 198.7898 1.4965 1.5113 3.9215 -5.9541 2.0217 57.3151 -3.3047 0.0135
Car -1 -1 -3.1466 494.0014 177.8490 549.3343 198.8039 1.6066 1.7365 4.2728 -6.9989 2.0086 56.9898 -3.2686 0.0133
Car -1 -1 -4.6405 619.3350 176.2999 653.0290 206.6208 1.6237 1.6342 4.2146 1.5092 1.8311 41.3166 -4.6048 0.0128
Car -1 -1 -8.9450 0.0000 0.0000 1241.0000 374.0000 1.5519 1.6736 3.5781 3.4398 1.4993 1.1012 -7.7598 0.0124
Car -1 -1 -4.9010 532.6401 179.5871 561.7985 202.1693 1.6125 1.5409 3.6306 -4.8144 2.1403 54.6443 -4.9889 0.0122
Car -1 -1 -2.8048 496.1739 178.1770 550.6440 198.1325 1.5379 1.7375 3.9634 -6.9190 1.9716 57.5610 -2.9242 0.0116
Car -1 -1 -3.0002 495.8812 177.9221 549.6910 198.0210 1.5568 1.7206 4.0370 -6.9164 1.9650 57.2475 -3.1202 0.0110
Car -1 -1 -5.1526 590.1617 174.8558 628.9387 194.7104 1.6372 1.7047 4.2134 -0.1043 1.8158 62.2240 -5.1547 0.0105
Car -1 -1 -3.7174 524.0319 178.2572 577.9113 198.4828 1.5414 1.6492 4.0677 -4.7414 1.9889 57.8981 -3.7991 0.0104
Car -1 -1 -3.4171 518.5828 179.2798 568.1978 199.0215 1.5077 1.5615 3.6418 -5.3276 2.0308 57.3897 -3.5096 0.0098
Car -1 -1 -8.7410 0.0000 0.0000 1241.0000 374.0000 1.5639 1.6042 3.5863 1.5182 1.5844 0.8114 -7.8025 0.0097
Car -1 -1 -6.6847 528.5372 178.9731 587.6813 198.6240 1.5020 1.6476 4.4514 -4.1854 2.0083 57.9868 -6.7568 0.0086
Car -1 -1 -9.0007 0.0000 0.0000 1241.0000 374.0000 1.5108 1.5997 3.5489 3.7748 1.4677 0.9113 -7.7388 0.0079
Car -1 -1 -4.3413 424.2002 184.9149 502.2718 222.6484 1.2949 1.5386 4.3503 -5.7314 1.8089 28.4917 -4.5385 0.0073
Car -1 -1 -2.7090 504.8906 178.4676 553.8363 197.1303 1.4369 1.6023 3.5424 -6.4646 1.8955 57.6652 -2.8205 0.0073
Car -1 -1 -4.7135 625.2590 174.9783 655.4559 204.8088 1.6142 1.6459 3.9775 1.6950 1.7415 41.3503 -4.6733 0.0071
Pedestrian -1 -1 -5.9142 256.3860 180.4313 291.7758 263.3318 1.7756 0.5631 0.5349 -7.4040 1.9444 15.8063 -6.3463 0.0069
Car -1 -1 -4.5187 477.9316 181.7259 527.3790 215.6735 1.5556 1.6164 4.6500 -5.4154 2.0351 36.6592 -4.6649 0.0067
Car -1 -1 -7.8596 620.5964 175.8646 639.3607 194.3003 1.5350 1.5782 3.7274 1.6947 1.8037 62.5720 -7.8330 0.0060
Car -1 -1 -3.5162 525.4355 179.1234 582.2972 199.2905 1.5351 1.6714 4.2086 -4.5040 2.0500 57.6324 -3.5943 0.0056
Car -1 -1 -9.0902 0.0000 0.0000 1241.0000 374.0000 1.4785 1.6200 3.7410 3.4133 1.4588 0.4199 -7.7250 0.0056
Car -1 -1 -5.0130 626.8012 176.3612 663.3474 199.4860 1.5906 1.5665 3.8557 2.4707 1.8546 52.3175 -4.9666 0.0054
Car -1 -1 -5.5154 0.0000 0.0000 1241.0000 374.0000 1.4708 1.6392 3.8701 4.6259 1.3859 1.6222 -4.3373 0.0047
Car -1 -1 -8.8431 0.0000 0.0000 1241.0000 374.0000 1.4692 1.5826 3.5018 4.2323 1.3702 1.2385 -7.6194 0.0047
Car -1 -1 -9.1054 0.0000 0.0000 1241.0000 374.0000 1.4854 1.6308 3.7474 3.8411 1.4397 0.4192 -7.7176 0.0043
Car -1 -1 -3.3239 526.7239 179.5263 581.8658 199.1873 1.5044 1.5994 4.1518 -4.4678 2.0469 57.4016 -3.4016 0.0037
Car -1 -1 -7.7399 1241.0000 0.0000 1241.0000 374.0000 1.5244 1.6730 3.8897 4.1600 1.4108 1.6067 -6.5978 0.0031
Car -1 -1 -8.7510 0.0000 0.0000 1241.0000 374.0000 1.5016 1.6031 3.7404 1.0144 1.5682 0.3289 -7.7342 0.0030
Car -1 -1 -7.1532 0.0000 0.0000 1241.0000 374.0000 1.5783 1.7042 3.9361 2.7753 1.4538 0.8515 -5.9739 0.0030
Car -1 -1 -4.0244 0.0000 0.0000 1241.0000 374.0000 1.5251 1.6973 4.0199 2.7707 1.4739 0.5289 -2.7420 0.0030
Car -1 -1 -9.3019 0.0000 0.0000 1241.0000 374.0000 1.4332 1.6172 3.8498 3.0169 1.4990 -0.1196 -7.7875 0.0030
Car -1 -1 -9.2808 0.0000 0.0000 1241.0000 374.0000 1.4449 1.6230 3.8755 2.2306 1.5358 -0.1182 -7.7871 0.0030
Car -1 -1 -9.3123 0.0000 0.0000 1241.0000 374.0000 1.4456 1.6230 3.8444 2.5846 1.5033 -0.1663 -7.7893 0.0030
Car -1 -1 -9.3179 0.0000 0.0000 1241.0000 374.0000 1.4537 1.6200 3.8298 1.4416 1.5696 -0.2325 -7.7871 0.0030
Car -1 -1 -9.3284 0.0000 0.0000 1241.0000 374.0000 1.4222 1.6096 3.7902 3.8214 1.4335 -0.1733 -7.7879 0.0030
Car -1 -1 -9.3120 0.0000 0.0000 1241.0000 374.0000 1.4523 1.6243 3.8314 1.7968 1.5398 -0.2041 -7.7890 0.0030
Car -1 -1 -7.2616 0.0000 0.0000 1241.0000 374.0000 1.5735 1.7026 4.0111 3.5068 1.4148 0.9016 -6.0191 0.0030
Car -1 -1 -7.0846 0.0000 0.0000 1241.0000 374.0000 1.5837 1.6992 3.8650 2.1205 1.4895 0.8038 -5.9924 0.0030
Car -1 -1 -3.9432 0.0000 0.0000 1241.0000 374.0000 1.5261 1.6952 3.9701 2.0722 1.4938 0.5060 -2.7410 0.0030
Pedestrian -1 -1 -7.2504 661.2872 174.3390 680.6458 209.7262 1.5162 0.5723 0.6492 2.6097 1.5814 31.3840 -7.1688 0.0019
Pedestrian -1 -1 -8.3700 616.6613 177.9815 628.8401 199.2174 1.7721 0.8384 0.6047 1.0507 2.2079 60.9015 -8.3534 0.0007
Car -1 -1 -6.9877 890.0020 171.7584 1241.0000 374.0000 1.4867 1.7226 4.3072 4.1228 1.4812 4.3674 -6.2647 0.0007
Cyclist -1 -1 -6.3628 529.0142 176.1375 551.2478 199.1198 1.7869 0.8651 1.6790 -5.5354 2.0478 56.8362 -6.4599 0.0000
Cyclist -1 -1 -6.5552 531.8062 176.2552 556.2208 200.7738 1.8948 0.7038 1.7831 -5.2027 2.1642 56.5850 -6.6469 0.0000
Cyclist -1 -1 -6.5862 531.9917 176.7712 555.5413 200.2299 1.8164 0.7235 1.7063 -5.2372 2.1278 56.7527 -6.6782 0.0000
Cyclist -1 -1 -6.4627 530.8076 175.4058 552.4962 198.5915 1.7982 0.6819 1.5981 -5.3932 2.0001 56.6257 -6.5577 0.0000
