Car -1 -1 -8.0129 703.8741 167.7203 793.1017 247.4577 1.8126 1.6209 3.5939 3.3327 1.6956 18.2132 -7.8356 0.9999
Car -1 -1 -2.7905 205.2983 177.6346 444.2647 252.7191 1.4316 1.6545 4.2238 -5.7314 1.5345 14.7239 -3.1561 0.9999
Car -1 -1 -4.5442 472.5670 164.0910 564.4784 243.0229 1.8346 1.7051 4.0967 -2.3135 1.6306 18.8563 -4.6654 0.9977
Car -1 -1 -4.6369 544.7316 175.6209 593.6124 218.8631 1.4978 1.5399 4.1656 -1.5235 1.6105 27.3587 -4.6926 0.9551
Car -1 -1 -4.6085 558.1160 167.6023 603.7542 209.7379 1.8325 1.6892 4.2563 -1.3280 1.6038 33.5578 -4.6483 0.9526
Car -1 -1 -4.5301 576.6465 170.9617 620.3154 202.0406 1.5734 1.6264 4.1000 -0.5990 1.4773 38.6855 -4.5459 0.9511
Car -1 -1 -4.6692 546.2305 175.7173 592.0375 218.2766 1.4791 1.5608 4.2033 -1.5343 1.5962 27.4714 -4.7251 0.8978
Car -1 -1 -4.5534 575.5541 170.9460 618.6573 202.4528 1.5932 1.6707 4.1827 -0.6713 1.4964 38.6736 -4.5711 0.8096
Car -1 -1 -4.5372 470.0101 164.2831 563.1183 243.1445 1.8259 1.7140 3.9888 -2.3520 1.6272 18.7419 -4.6611 0.8060
Car -1 -1 -6.5210 601.5192 170.1046 655.2590 193.6592 1.5767 1.5896 3.4003 1.2124 1.3923 49.4346 -6.4970 0.7264
Car -1 -1 -4.4392 576.0663 172.1080 625.1178 203.5371 1.5843 1.6144 3.9409 -0.4828 1.5464 38.4828 -4.4522 0.7117
Car -1 -1 -4.6545 543.7509 175.9219 591.2422 219.0113 1.4900 1.5620 3.9305 -1.5829 1.6137 27.1951 -4.7127 0.7029
Car -1 -1 -3.3818 595.8123 169.8491 653.4349 193.4974 1.5808 1.6841 3.6512 0.9536 1.3796 49.4550 -3.3630 0.6903
Car -1 -1 -4.6322 560.5743 166.4383 604.6309 209.3301 1.8685 1.7100 4.3604 -1.2538 1.5887 33.6463 -4.6697 0.6703
Car -1 -1 -4.5953 560.6427 170.3034 605.4609 209.8505 1.7130 1.6109 4.0182 -1.2261 1.6022 33.3201 -4.6323 0.6456
Car -1 -1 -4.5385 575.4459 172.0244 618.9437 202.2590 1.5400 1.6610 4.1109 -0.6717 1.4975 38.9120 -4.5561 0.6292
Car -1 -1 -4.6639 548.2041 175.9178 593.5842 219.8930 1.5106 1.5140 3.6116 -1.4440 1.6320 26.8480 -4.7177 0.6217
Car -1 -1 -4.5890 558.8931 171.4151 605.1821 209.8531 1.6607 1.6470 4.0529 -1.2684 1.5982 33.2631 -4.6274 0.6095
Car -1 -1 -6.5353 602.1956 169.8223 661.9421 193.6505 1.5956 1.6276 3.8125 1.4676 1.3923 49.5303 -6.5063 0.5920
Car -1 -1 -4.4676 578.2495 172.1340 624.3190 203.0571 1.5619 1.5530 3.9453 -0.4486 1.5252 38.5429 -4.4797 0.5874
Car -1 -1 -3.3863 591.9312 169.6072 650.1048 193.5278 1.5905 1.5792 3.6896 0.7047 1.3743 49.1665 -3.3724 0.4729
Car -1 -1 -3.3338 591.3058 168.1983 648.8203 192.3997 1.6162 1.6702 3.6789 0.6364 1.3050 49.3356 -3.3213 0.4058
Car -1 -1 -4.3893 567.5848 172.5140 621.7060 204.1927 1.5695 1.6733 3.9536 -0.7838 1.5523 37.8834 -4.4103 0.3635
Car -1 -1 -3.3062 586.9401 168.6809 649.1636 193.0099 1.6316 1.8280 4.0297 0.4961 1.3514 49.6028 -3.2966 0.3479
Car -1 -1 -7.8580 566.5433 170.2201 601.2826 205.9991 1.6923 1.6438 4.0660 -1.3607 1.5675 36.1944 -7.8958 0.3118
Car -1 -1 -7.9448 572.3552 173.0608 611.5171 203.3571 1.5331 1.7167 4.1636 -1.0610 1.5445 38.7096 -7.9725 0.3003
Car -1 -1 -4.5512 555.6122 173.4637 605.2390 211.0888 1.5793 1.6017 4.0527 -1.3071 1.6082 32.4624 -4.5917 0.2266
Cyclist -1 -1 -5.1702 778.8775 175.9834 812.6580 223.6302 1.6779 0.5241 1.6237 6.7256 1.7956 26.3691 -4.9238 0.2039
Car -1 -1 -4.6656 562.6817 168.2299 601.5680 206.6487 1.7538 1.7038 3.7516 -1.3358 1.5424 34.8207 -4.7042 0.1880
Pedestrian -1 -1 -4.5839 780.7339 173.2800 797.6006 221.1253 1.7511 0.5475 0.5171 6.5989 1.7667 26.7526 -4.3453 0.1760
Pedestrian -1 -1 -4.1612 46.3371 196.3876 100.7629 291.4487 1.2598 0.4369 0.4328 -7.4154 1.5903 9.9102 -4.7909 0.1601
Car -1 -1 -4.5206 610.5501 169.3327 643.4511 193.5858 1.6061 1.6700 3.2684 1.1681 1.3726 49.5568 -4.4976 0.1539
Pedestrian -1 -1 -4.9117 786.6302 174.7680 806.6786 223.0437 1.7347 0.5994 0.5865 6.7425 1.8049 26.2590 -4.6638 0.1427
Car -1 -1 -7.8048 567.8741 172.9662 604.9545 203.5418 1.5279 1.7654 3.9306 -1.2326 1.5339 38.0511 -7.8374 0.1326
Pedestrian -1 -1 -4.9264 792.6283 172.4380 812.3101 221.2836 1.7555 0.5948 0.5039 6.9382 1.7403 26.1967 -4.6709 0.1302
Car -1 -1 -4.2532 552.5397 173.2302 617.0143 204.4843 1.5193 1.6933 4.1008 -1.2769 1.5396 37.3446 -4.2877 0.1288
Car -1 -1 -3.6131 529.0357 172.3622 615.1500 204.8012 1.5789 1.6339 4.0979 -1.9567 1.5547 36.8525 -3.6662 0.1254
Car -1 -1 -3.4574 542.2092 174.0565 622.5751 201.1033 1.4424 1.5931 4.1726 -1.5726 1.5114 40.0836 -3.4968 0.1233
Pedestrian -1 -1 -7.7654 777.3243 173.8349 793.9363 220.3040 1.6988 0.5593 0.4807 6.4568 1.7353 26.7080 -7.5313 0.1209
Car -1 -1 -8.2211 551.8278 172.7166 607.0254 203.2838 1.5250 1.6849 3.6920 -1.7021 1.5179 38.0273 -8.2659 0.1197
Car -1 -1 -7.7449 560.2963 172.0939 600.3887 201.4946 1.4991 1.7230 4.1179 -1.5820 1.4601 38.9040 -7.7857 0.1191
Car -1 -1 -4.2754 550.6877 172.8036 615.5662 205.3632 1.5607 1.7223 4.1312 -1.3407 1.5580 36.8245 -4.3120 0.1133
Pedestrian -1 -1 -4.1513 55.8299 191.2514 111.7014 288.6071 1.3166 0.4603 0.4516 -7.4035 1.5796 10.0870 -4.7721 0.1046
Car -1 -1 -3.2349 553.4440 175.1126 621.5543 200.7266 1.3908 1.5580 3.6758 -1.3216 1.5199 40.3586 -3.2679 0.0999
Car -1 -1 -7.6069 561.2555 172.0149 612.9470 205.0517 1.5758 1.7184 3.8750 -1.1368 1.5355 36.4925 -7.6383 0.0933
Car -1 -1 -8.0687 558.2668 173.0674 605.0695 202.9073 1.5015 1.6846 3.9182 -1.6028 1.5131 38.4444 -8.1105 0.0898
Cyclist -1 -1 -5.1132 775.2447 174.6585 805.4877 221.9879 1.6955 0.5135 1.5535 6.6176 1.7640 26.7171 -4.8736 0.0850
Car -1 -1 -2.9950 553.2486 175.5031 621.7793 201.5454 1.4266 1.5803 3.6760 -1.2792 1.5795 40.7250 -3.0267 0.0820
Pedestrian -1 -1 -4.7063 780.7698 172.9178 795.4731 220.5771 1.7570 0.5274 0.4865 6.5945 1.7591 26.9004 -4.4690 0.0799
Car -1 -1 -2.7897 551.8616 175.2849 623.1801 201.4156 1.4274 1.5944 3.7309 -1.3063 1.5698 41.0082 -2.8218 0.0781
Car -1 -1 -7.6938 551.7509 171.9810 599.0767 205.5872 1.5941 1.7500 4.1089 -1.7194 1.5524 36.3657 -7.7412 0.0724
Car -1 -1 -7.7312 560.6589 171.5446 604.3792 205.4184 1.6083 1.7167 4.0758 -1.3656 1.5458 36.3619 -7.7690 0.0671
Cyclist -1 -1 -4.6875 430.0514 175.3609 450.4051 237.1246 1.5477 0.4820 1.5584 -4.5000 1.6161 18.9588 -4.9180 0.0658
Pedestrian -1 -1 -4.2798 428.6046 172.3875 459.2404 235.3587 1.5986 0.5395 0.6784 -4.3501 1.5865 18.7044 -4.5058 0.0620
Car -1 -1 -3.5794 531.8344 172.2332 616.1169 204.8831 1.5995 1.6921 3.9780 -1.8774 1.5688 37.0279 -3.6302 0.0605
Pedestrian -1 -1 -4.4525 424.6250 173.3186 452.7318 234.4642 1.5585 0.5636 0.6429 -4.4907 1.5705 18.7250 -4.6853 0.0598
Car -1 -1 -7.7816 558.5361 173.9684 596.3452 203.4221 1.4450 1.6920 3.8175 -1.6810 1.5055 37.4752 -7.8266 0.0593
Pedestrian -1 -1 -4.5751 774.9545 173.2736 792.7816 220.1460 1.7270 0.5837 0.5193 6.4475 1.7426 26.9392 -4.3433 0.0502
Car -1 -1 -7.3411 534.5446 171.7068 601.6577 205.0107 1.5930 1.7177 3.8828 -2.1036 1.5379 36.6349 -7.3985 0.0483
Cyclist -1 -1 -7.3302 442.9801 168.6384 493.2303 234.7431 1.6840 0.5414 1.6955 -3.8152 1.5763 19.2705 -7.5236 0.0424
Car -1 -1 -5.0834 729.3646 176.0447 809.3234 214.3536 1.4718 1.7676 4.4677 6.5684 1.6165 30.4579 -4.8735 0.0400
Pedestrian -1 -1 -4.5164 427.7864 174.4102 454.4302 234.1355 1.5383 0.5639 0.6581 -4.4776 1.5795 18.9396 -4.7460 0.0380
Car -1 -1 -5.0487 727.7943 176.2732 800.8260 213.3092 1.4674 1.7332 4.3398 6.5415 1.6260 31.2708 -4.8450 0.0379
Pedestrian -1 -1 -6.9670 451.6048 170.1255 484.9398 232.4875 1.6361 0.6158 0.6309 -3.8539 1.5642 19.3694 -7.1615 0.0366
Cyclist -1 -1 -4.4816 428.3473 172.5946 461.2242 235.6062 1.5902 0.4865 1.6223 -4.3876 1.5833 19.0216 -4.7059 0.0361
Cyclist -1 -1 -4.4043 429.2115 172.5910 467.6082 235.0055 1.5757 0.5003 1.6940 -4.3019 1.5687 19.0811 -4.6237 0.0359
Car -1 -1 -7.9697 614.6459 169.4422 644.7166 192.8992 1.5825 1.7139 3.3893 1.3110 1.3521 50.4438 -7.9443 0.0276
Car -1 -1 -8.0019 610.4395 169.5940 642.7696 192.9944 1.5774 1.7738 3.3700 1.0940 1.3573 50.4209 -7.9807 0.0275
Car -1 -1 -7.8113 552.7637 173.6247 588.1849 202.4622 1.4165 1.6771 3.7936 -2.0440 1.4582 37.4504 -7.8659 0.0271
Car -1 -1 -3.0735 537.0157 171.6843 612.2348 202.7466 1.5766 1.5801 3.8017 -1.8360 1.5170 37.4491 -3.1226 0.0184
Car -1 -1 -5.0846 725.9788 174.1339 807.4573 212.3582 1.4345 1.7500 4.4046 6.2595 1.4907 29.5494 -4.8783 0.0180
Car -1 -1 -5.0267 724.3375 173.6880 800.2174 210.8203 1.4300 1.7796 4.4880 6.2225 1.4673 30.2217 -4.8261 0.0160
Cyclist -1 -1 -4.5086 418.8877 175.0056 449.6996 236.4705 1.5173 0.4899 1.4392 -4.5624 1.5747 18.5907 -4.7466 0.0153
Car -1 -1 -5.1074 731.4879 176.3909 813.0892 213.0286 1.3768 1.7007 4.4172 6.5648 1.5345 29.8901 -4.8938 0.0151
Cyclist -1 -1 -4.7664 433.4391 173.9340 455.9049 236.7821 1.5412 0.4730 1.6632 -4.3214 1.5700 18.5880 -4.9923 0.0146
Car -1 -1 -5.0427 720.5206 173.7047 796.6156 210.7357 1.4651 1.7897 4.5766 6.2359 1.5043 31.0451 -4.8468 0.0138
Car -1 -1 -4.9892 742.1160 176.4069 811.0732 212.3247 1.3730 1.6853 4.2475 6.8251 1.5320 30.1786 -4.7694 0.0073
Car -1 -1 -1.8737 0.0000 192.0742 175.9980 374.0000 1.3571 1.6508 4.1001 -4.5592 1.5053 3.9489 -2.6973 0.0063
Car -1 -1 -4.9504 720.3988 173.9165 786.1064 210.6704 1.4277 1.7271 4.2508 5.8810 1.4753 30.3185 -4.7611 0.0061
Pedestrian -1 -1 -3.4237 777.8372 162.7284 797.9704 197.7077 1.7726 0.5058 0.8913 9.0393 1.2591 36.8356 -3.1852 0.0054
Car -1 -1 -1.9040 0.0000 196.6603 225.5526 374.0000 1.3516 1.6192 3.9117 -4.0526 1.5213 3.6026 -2.7116 0.0053
Car -1 -1 -4.9232 725.8811 175.7505 789.3226 211.9922 1.3602 1.6894 4.1105 5.8964 1.4865 29.4786 -4.7282 0.0053
Car -1 -1 -2.0140 0.0000 175.7139 203.3866 374.0000 1.3977 1.5910 3.9125 -4.1253 1.4153 3.2328 -2.8801 0.0047
Car -1 -1 -2.8238 524.8274 169.5285 610.9595 202.2672 1.6330 1.7668 4.1076 -2.2006 1.4668 37.3700 -2.8826 0.0043
Car -1 -1 -1.9096 0.0000 189.5610 264.1140 374.0000 1.4567 1.7045 4.1173 -4.1039 1.5868 3.9518 -2.6805 0.0037
Car -1 -1 -7.0261 1204.6078 169.0797 1241.0000 374.0000 1.5247 1.6585 4.0616 7.4158 1.5007 5.6592 -6.1324 0.0035
Car -1 -1 -6.5754 0.0000 0.0000 1241.0000 374.0000 1.5360 1.5824 3.5724 -4.1888 1.6403 1.3661 -7.7711 0.0030
Pedestrian -1 -1 -6.0285 506.3416 171.0493 521.5099 213.7087 1.6056 0.5130 0.4579 -3.6966 1.5373 27.4389 -6.1616 0.0027
Car -1 -1 -6.5736 718.9245 164.8667 794.9395 196.9949 1.8032 1.5985 3.9890 8.3772 1.3546 41.4767 -6.3761 0.0024
Car -1 -1 -2.6496 533.9794 171.6386 613.5677 203.5184 1.6007 1.6519 3.8379 -1.9406 1.5394 37.7943 -2.7010 0.0022
Car -1 -1 -2.6387 532.7656 171.1465 615.2826 202.6835 1.5956 1.6949 4.0401 -1.9479 1.5089 38.1499 -2.6898 0.0016
Pedestrian -1 -1 -5.9409 223.9563 161.8001 250.0624 234.0082 1.7187 0.5284 0.4064 -9.0731 1.4553 17.4621 -6.4142 0.0012
Pedestrian -1 -1 -6.3309 518.1055 171.0134 531.5526 211.2216 1.5997 0.4977 0.5128 -3.4690 1.5262 28.9951 -6.4494 0.0011
Car -1 -1 -6.4848 723.0369 163.6530 793.9785 195.8629 1.8037 1.5444 3.7285 8.4012 1.2882 41.1812 -6.2853 0.0010
Cyclist -1 -1 -4.6197 590.5579 169.2390 604.4109 205.6159 1.7299 0.5309 1.6081 -0.6426 1.5577 35.1349 -4.6384 0.0009
Car -1 -1 -6.2131 674.4057 169.3819 720.2376 187.6757 1.6842 1.5854 4.1635 8.1721 1.3642 67.5969 -6.0936 0.0005
Cyclist -1 -1 -7.4975 598.8735 173.9700 615.0463 203.7662 1.5099 0.3300 1.5227 -0.1895 1.5686 37.3932 -7.5030 0.0004
Pedestrian -1 -1 -4.6195 590.7448 167.7332 604.4100 205.5926 1.8213 0.5968 0.7796 -0.6419 1.5746 35.1215 -4.6381 0.0002
Pedestrian -1 -1 -4.3524 698.8105 182.5410 717.8965 236.9935 1.4343 0.3751 0.4512 2.5949 1.6982 19.3951 -4.2223 0.0001
Cyclist -1 -1 -7.4047 597.8995 174.8673 616.2912 204.4918 1.4943 0.3292 1.5088 -0.1816 1.6001 37.2505 -7.4101 0.0000
