Cyclist -1 -1 -4.3680 329.4396 154.8159 428.3658 330.0357 1.8884 0.5663 1.7817 -2.6672 1.6015 8.6451 -4.6650 0.9988
Car -1 -1 -4.5688 501.5050 170.2987 548.1278 208.3994 1.9539 1.9037 4.6320 -4.1104 1.3797 39.1856 -4.6777 0.9986
Pedestrian -1 -1 -7.6664 181.0755 160.4195 275.6644 348.5385 1.7939 0.6980 0.9391 -3.8575 1.5935 7.3985 -8.1389 0.9788
Pedestrian -1 -1 -4.6689 684.9310 171.7213 711.1808 237.6322 1.6741 0.6507 0.7915 2.4853 1.4262 18.6899 -4.5439 0.9475
Pedestrian -1 -1 -8.3760 750.2527 164.5882 789.1968 238.3945 1.8305 0.6173 0.8549 4.2472 1.4116 18.3161 -8.1566 0.9445
Pedestrian -1 -1 -7.5561 789.0894 166.5692 828.9609 253.2207 1.6660 0.5463 0.8518 4.1022 1.3795 14.3169 -7.2872 0.9229
Pedestrian -1 -1 -2.9003 407.0715 173.3206 442.8058 235.5630 1.7731 0.5476 0.8990 -5.1204 1.5406 20.7386 -3.1448 0.8969
Pedestrian -1 -1 -7.5977 789.3978 166.6528 829.8776 253.1142 1.6610 0.5718 0.9196 4.1227 1.3764 14.3410 -7.3280 0.8704
Pedestrian -1 -1 -8.0771 635.2568 155.2262 717.9499 339.4472 1.7911 0.6512 0.9346 0.7088 1.5364 7.4917 -7.9921 0.8338
Pedestrian -1 -1 -3.3318 800.4619 162.7013 849.0567 240.5689 1.7852 0.4655 1.0082 5.1603 1.3547 16.7498 -3.0427 0.7488
Pedestrian -1 -1 -8.0585 695.1146 156.8844 769.2223 336.2678 1.8092 0.6573 0.5535 1.3070 1.5616 7.5359 -7.8986 0.6752
Pedestrian -1 -1 -3.2325 799.7109 162.8250 847.0449 240.6365 1.7837 0.4743 1.0132 5.1416 1.3561 16.7979 -2.9451 0.6486
Pedestrian -1 -1 -4.7969 684.2246 171.4700 711.6845 238.8880 1.7171 0.6309 0.8585 2.4746 1.4622 18.7374 -4.6728 0.6466
Pedestrian -1 -1 -3.7269 776.7927 166.4069 799.4934 218.2949 1.7744 0.6360 0.4904 6.4550 1.2587 24.9467 -3.4814 0.6429
Pedestrian -1 -1 -8.3763 748.2029 164.3468 787.6823 238.0244 1.8240 0.6160 0.8817 4.1967 1.3999 18.2965 -8.1593 0.6206
Pedestrian -1 -1 -4.3054 0.0000 144.2238 220.8179 373.0000 1.7950 0.6837 0.9166 -2.2010 1.6637 3.0588 -4.8979 0.6024
Pedestrian -1 -1 -4.3602 0.0000 151.2788 225.5229 373.0000 1.7640 0.6587 0.9091 -2.1922 1.6541 3.1459 -4.9390 0.5919
Pedestrian -1 -1 -5.8540 593.9694 173.2960 607.3687 196.8392 1.8927 0.4908 0.9690 -0.0391 1.2330 58.1705 -5.8597 0.5850
Pedestrian -1 -1 -7.9561 698.9139 158.0842 768.5737 334.4282 1.7847 0.6540 0.6049 1.3317 1.5484 7.5912 -7.7943 0.5607
Pedestrian -1 -1 -6.0601 401.4961 178.5943 425.5938 220.3222 1.7804 0.5893 0.8989 -8.1096 1.6567 30.9597 -6.3194 0.5339
Pedestrian -1 -1 -6.2166 609.7120 174.9986 620.3431 199.9883 1.8242 0.6107 0.7454 1.0154 1.3495 52.7704 -6.2025 0.5248
Pedestrian -1 -1 -8.3371 673.0214 173.8765 692.2118 212.7840 1.8445 0.7187 0.5959 3.8811 1.4833 34.4636 -8.2310 0.4846
Pedestrian -1 -1 -3.9488 774.3589 166.8589 800.0943 217.9369 1.7371 0.6280 0.5900 6.4002 1.2396 24.8526 -3.7044 0.4840
Pedestrian -1 -1 -5.8827 542.9489 175.4351 559.8472 204.1237 1.7777 0.5000 0.9333 -3.1230 1.4020 44.8981 -5.9568 0.4725
Pedestrian -1 -1 -5.6332 846.7402 141.8722 919.6683 277.0768 1.9922 0.4947 0.9387 4.3000 1.4089 11.1132 -5.2774 0.4627
Pedestrian -1 -1 -2.8299 544.5008 175.2331 562.3314 204.1894 1.7922 0.5227 0.9995 -2.9920 1.4044 44.8338 -2.9012 0.4426
Pedestrian -1 -1 -5.9510 594.0386 174.0551 607.1647 197.2896 1.8727 0.5016 0.9547 -0.0439 1.2725 58.2887 -5.9567 0.4310
Pedestrian -1 -1 -5.6635 841.5584 139.3678 912.5646 274.9659 2.0253 0.5054 0.9114 4.2587 1.3967 11.2478 -5.3147 0.4303
Pedestrian -1 -1 -5.9363 542.9743 175.5950 559.6526 204.2359 1.7783 0.5547 0.9090 -3.1339 1.4117 44.9899 -6.0105 0.4289
Pedestrian -1 -1 -5.7582 593.1715 175.0475 606.2379 197.5072 1.8088 0.4605 0.9580 -0.1178 1.2890 58.2890 -5.7652 0.4282
Pedestrian -1 -1 -6.6402 970.5475 152.7360 1037.4027 300.7397 1.7240 0.5762 0.5282 4.8040 1.3896 8.6872 -6.1533 0.3868
Pedestrian -1 -1 -6.0998 401.2913 179.5639 425.7086 220.6072 1.7463 0.5652 0.9302 -8.0906 1.6642 30.8800 -6.3591 0.3841
Pedestrian -1 -1 -3.7283 779.2664 165.8836 801.7230 218.2759 1.7937 0.6111 0.4969 6.5414 1.2595 24.9635 -3.4797 0.3787
Pedestrian -1 -1 -4.9565 733.6829 179.0663 757.7093 243.7782 1.5028 0.4126 0.6251 3.3729 1.4468 17.0054 -4.7690 0.3046
Pedestrian -1 -1 -7.6793 652.8334 178.8714 667.0724 209.8653 1.6552 0.6489 0.7612 3.1591 1.5150 38.8110 -7.6037 0.2931
Pedestrian -1 -1 -6.4715 977.6884 155.6977 1039.0292 299.9108 1.6979 0.5806 0.5442 4.9296 1.3948 8.8158 -5.9797 0.2453
Pedestrian -1 -1 -6.4589 982.6913 152.4534 1042.5994 301.1852 1.7194 0.6203 0.5144 4.9036 1.3843 8.6795 -5.9629 0.2428
Car -1 -1 -4.6521 341.4207 191.0445 382.2993 225.3185 1.5091 1.6634 3.9683 -11.6061 2.0020 34.9480 -4.9758 0.2241
Car -1 -1 -4.4511 0.0000 206.6737 79.4533 373.0000 1.3782 1.6032 3.8847 -5.5431 1.6537 5.7505 -5.2018 0.2131
Pedestrian -1 -1 -5.0875 722.0895 177.8653 755.5466 245.8549 1.5744 0.5583 0.6934 3.2130 1.4908 17.0289 -4.9093 0.1868
Car -1 -1 -4.3721 0.0000 197.1369 74.2475 373.0000 1.4343 1.5900 4.2016 -5.4227 1.5994 5.3105 -5.1497 0.1842
Car -1 -1 -2.4222 320.3661 192.3676 399.1720 223.9919 1.4076 1.5122 3.4051 -11.5314 1.9464 34.2482 -2.7499 0.1841
Pedestrian -1 -1 -8.1508 663.2236 151.8776 755.9707 335.7845 1.8114 0.7633 0.7451 1.0596 1.5204 7.5063 -8.0214 0.1652
Car -1 -1 -4.4897 0.0000 200.1316 60.3983 373.0000 1.4216 1.6130 3.8953 -5.7454 1.6288 5.8737 -5.2480 0.1637
Pedestrian -1 -1 -7.5153 658.3363 176.8661 674.9112 211.8915 1.7044 0.6045 0.7448 3.2065 1.4792 35.4202 -7.4308 0.1503
Car -1 -1 -2.5976 328.8791 190.2416 411.9815 221.2821 1.3926 1.5142 3.4593 -10.9251 1.8203 33.9958 -2.9115 0.1500
Pedestrian -1 -1 -6.7321 429.3674 175.9293 451.8455 214.6813 1.8545 0.5615 0.9115 -7.8195 1.5882 34.8802 -6.9562 0.1476
Car -1 -1 -2.5304 322.2537 191.1817 400.4818 222.6152 1.4084 1.4951 3.2498 -11.3894 1.8839 34.0850 -2.8558 0.1372
Car -1 -1 -2.9083 199.3438 185.4881 376.1961 246.3833 1.4414 1.6128 3.8554 -7.8775 1.5496 18.2775 -3.3154 0.1333
Car -1 -1 -4.5460 0.0000 196.9092 20.2642 373.0000 1.4456 1.6129 4.0997 -5.7560 1.6116 5.5700 -5.3306 0.1328
Pedestrian -1 -1 -7.5621 432.7556 176.2541 450.4974 214.6549 1.8476 0.5977 0.9626 -7.8054 1.5954 35.0617 -7.7848 0.1309
Pedestrian -1 -1 -7.7804 0.0000 167.5508 20.5360 218.8517 1.7708 0.6316 0.6652 -20.8757 1.2897 25.2500 -8.4711 0.1307
Car -1 -1 -4.3856 338.1561 190.7949 399.2204 224.3055 1.4965 1.6761 3.9406 -11.3182 1.9772 35.1558 -4.7002 0.1246
Car -1 -1 -3.1843 216.9978 186.4709 381.1564 248.8953 1.4353 1.5373 3.7001 -7.6574 1.5723 18.2366 -3.5821 0.1245
Car -1 -1 -2.4989 228.5314 186.1057 380.8612 245.1295 1.4138 1.4833 3.4261 -7.6573 1.5404 18.5272 -2.8912 0.1242
Car -1 -1 -2.4225 207.1774 186.4740 373.6559 246.9486 1.4337 1.6343 3.8302 -8.0719 1.5725 18.6147 -2.8320 0.1090
Car -1 -1 -5.6412 328.8224 190.0826 413.5724 221.6082 1.3938 1.5359 3.5864 -10.8289 1.8131 33.7733 -5.9545 0.1081
Car -1 -1 -5.7698 330.8876 190.4666 424.5020 221.7446 1.3976 1.5660 3.9656 -10.5635 1.8363 33.9489 -6.0745 0.1026
Pedestrian -1 -1 -7.2889 427.6192 175.6085 448.0777 213.8172 1.8353 0.5782 0.9096 -7.9834 1.5526 35.0294 -7.5165 0.0999
Car -1 -1 -2.3979 308.3841 192.8712 394.7763 224.7661 1.4143 1.5798 3.8489 -11.9776 1.9825 34.3958 -2.7359 0.0967
Pedestrian -1 -1 -6.9744 426.3560 174.9827 448.9486 213.5559 1.8449 0.5454 0.9393 -7.9644 1.5335 34.8964 -7.2023 0.0936
Pedestrian -1 -1 -5.5817 0.0000 164.1271 28.3164 232.6895 1.8235 0.6376 0.5668 -16.0718 1.3620 19.4271 -6.2713 0.0871
Car -1 -1 -2.8165 227.3423 187.6574 382.4396 244.8421 1.3727 1.4605 3.3551 -7.4832 1.5369 18.2601 -3.2058 0.0863
Car -1 -1 -3.3438 204.7510 186.9514 381.6464 249.9097 1.3976 1.4981 3.8419 -7.6798 1.5473 17.9516 -3.7482 0.0839
Pedestrian -1 -1 -4.3915 751.0723 168.8786 772.1225 215.7712 1.7344 0.5878 0.6950 6.0035 1.2680 27.0174 -4.1801 0.0752
Pedestrian -1 -1 -3.5876 405.4657 180.0527 440.1008 239.1906 1.5987 0.4659 0.8070 -4.9693 1.5600 19.8558 -3.8351 0.0734
Cyclist -1 -1 -7.7051 430.1967 175.8950 445.4771 213.8911 1.8062 0.4752 1.7918 -7.9857 1.5400 35.0585 -7.9326 0.0713
Car -1 -1 -7.9760 275.1985 175.5495 305.7141 199.0732 1.6311 1.5732 3.6368 -22.4257 1.2185 51.7755 -8.3878 0.0609
Pedestrian -1 -1 -7.7076 562.6320 176.4367 572.7728 204.4566 1.7133 0.5010 0.9315 -2.0796 1.4038 44.4098 -7.7592 0.0593
Pedestrian -1 -1 -3.1049 31.5310 178.0035 85.4302 296.4707 1.6255 0.5344 0.5926 -7.7758 1.5782 10.2445 -3.7475 0.0560
Car -1 -1 -8.1937 266.1935 176.1428 307.0428 199.7738 1.6395 1.6044 3.5029 -22.6491 1.2678 51.6629 -8.6100 0.0504
Car -1 -1 -4.1270 603.6798 174.3190 641.4347 190.5364 1.4513 1.5733 3.9601 2.0166 0.8084 66.3574 -4.1016 0.0485
Car -1 -1 -4.2141 602.5115 174.8859 636.3507 191.0224 1.4477 1.5293 3.7677 1.7294 0.8540 66.4617 -4.1931 0.0485
Car -1 -1 -8.2363 261.5772 175.5658 304.7219 198.8596 1.6175 1.5532 3.7215 -22.9303 1.2054 51.7316 -8.6566 0.0480
Car -1 -1 -7.9250 277.3905 175.0061 306.2744 198.7551 1.6436 1.6522 3.4431 -22.2592 1.1942 51.6228 -8.3352 0.0460
Car -1 -1 -5.6611 332.5027 190.1042 427.4440 222.1255 1.4111 1.5284 4.1482 -10.4195 1.8323 33.7711 -5.9634 0.0420
Pedestrian -1 -1 -4.3088 821.9238 167.3783 844.4092 213.3321 1.6548 0.6474 0.4800 8.4474 1.1467 26.2606 -4.0056 0.0406
Pedestrian -1 -1 -3.0686 398.8394 179.0450 431.4496 239.1800 1.6353 0.4738 0.8420 -5.1723 1.5690 19.8440 -3.3257 0.0393
Cyclist -1 -1 -2.5894 383.3593 178.7542 447.8935 240.7432 1.6749 0.5128 1.7153 -5.1815 1.6012 19.9034 -2.8463 0.0340
Pedestrian -1 -1 -6.1480 0.0000 173.6392 26.8320 262.4283 1.6837 0.5404 0.5613 -11.6377 1.5353 13.9996 -6.8376 0.0331
Cyclist -1 -1 -7.8377 432.6901 175.2481 444.1225 213.2295 1.8168 0.5279 1.7789 -8.0115 1.5180 35.2862 -8.0645 0.0286
Car -1 -1 -5.1360 259.9966 174.6730 308.9401 198.8676 1.6615 1.7159 3.9443 -22.6389 1.1927 51.2830 -5.5548 0.0286
Car -1 -1 -4.9911 265.8205 174.3355 305.3830 198.5202 1.6687 1.6556 3.6047 -22.6436 1.1743 51.4771 -5.4085 0.0261
Car -1 -1 -2.3356 260.2271 175.0002 317.4903 199.8453 1.7309 1.7699 3.5925 -22.4124 1.2780 51.5482 -2.7489 0.0248
Car -1 -1 -5.0368 268.3320 175.1167 309.9872 199.1458 1.6542 1.6567 3.6033 -22.3293 1.2148 51.3424 -5.4502 0.0241
Car -1 -1 -3.3850 216.1849 186.2255 384.9915 248.9501 1.3957 1.4256 3.6438 -7.4687 1.5248 17.8917 -3.7806 0.0217
Car -1 -1 -7.4123 342.5632 189.3580 408.3896 222.7705 1.5000 1.6780 3.6416 -10.9641 1.9048 35.0672 -7.7184 0.0191
Pedestrian -1 -1 -4.2736 123.1285 217.0778 175.9496 314.5848 1.1826 0.4488 0.3737 -5.7527 1.6435 9.0794 -4.8313 0.0132
Pedestrian -1 -1 -4.7015 556.9349 176.3868 567.2311 204.7892 1.7464 0.6324 1.0405 -2.4432 1.4320 44.7029 -4.7609 0.0125
Pedestrian -1 -1 -5.6164 855.2516 142.5211 916.7305 261.8137 2.0878 0.5768 0.8696 5.1343 1.4063 13.0935 -5.2549 0.0113
Car -1 -1 -5.2114 518.7717 176.9133 559.8992 197.1301 1.5827 1.5465 4.0828 -5.0586 1.2235 58.3626 -5.3024 0.0075
Pedestrian -1 -1 -3.4838 0.0000 171.4048 37.7435 258.4336 1.6595 0.6066 0.5535 -11.5640 1.4676 14.0911 -4.1672 0.0070
Car -1 -1 -4.7598 531.8317 175.9501 554.5649 196.6223 1.6260 1.6327 4.0946 -4.7608 1.1893 58.6379 -4.8455 0.0067
Car -1 -1 -5.5822 264.5802 175.0433 321.0226 199.4879 1.7026 1.5790 3.5101 -22.0162 1.2528 51.2944 -5.9908 0.0066
Pedestrian -1 -1 -3.6659 0.0000 166.7572 34.4795 257.8228 1.7355 0.6776 0.5731 -11.6877 1.4552 14.0770 -4.3550 0.0045
Pedestrian -1 -1 -5.4814 848.2897 138.0809 904.6311 258.1472 2.1496 0.5345 0.8484 5.0604 1.3728 13.3567 -5.1311 0.0037
Cyclist -1 -1 -4.2168 0.0000 169.2339 42.9331 258.9452 1.6482 0.5610 1.4712 -11.6409 1.4235 13.9737 -4.9074 0.0031
Car -1 -1 -5.0487 515.6489 175.7347 553.5110 196.5477 1.6216 1.6923 4.3642 -5.4461 1.1723 58.3035 -5.1464 0.0029
Car -1 -1 -6.7691 272.8054 174.9669 328.5394 196.7930 1.5211 1.6002 3.3555 -21.6716 1.0657 51.8657 -7.1680 0.0020
Cyclist -1 -1 -7.9215 673.3641 151.2842 753.4139 350.6690 1.8131 0.6565 1.7739 1.0576 1.5391 7.4381 -7.7912 0.0002
