Car -1 -1 -4.3699 337.5709 192.2339 436.0703 253.2160 1.4596 1.5194 3.5493 -6.1887 2.0513 20.2301 -4.6638 0.9998
Car -1 -1 -8.0044 667.0329 174.1959 735.0656 228.1195 1.6266 1.6314 3.9164 2.8707 1.6744 23.8479 -7.8868 0.9997
Car -1 -1 -4.4456 398.3125 189.2570 474.1615 235.9304 1.4478 1.6321 4.0049 -6.1651 2.0811 25.8382 -4.6782 0.9990
Car -1 -1 -4.5330 453.0791 179.7043 503.8343 218.3601 1.6794 1.6590 4.0521 -6.1855 2.0220 34.0927 -4.7116 0.9899
Car -1 -1 -7.2705 0.0000 200.3283 115.0655 247.7891 1.4834 1.6353 4.2514 -20.8998 2.6033 27.2449 -7.9203 0.9596
Car -1 -1 -4.5312 478.1181 181.3634 519.1844 209.8747 1.4881 1.5972 4.0520 -6.2967 1.9947 40.9306 -4.6834 0.9499
Car -1 -1 -7.2612 0.0000 199.7525 113.0472 247.5976 1.5144 1.5843 4.0130 -20.8583 2.6041 27.1898 -7.9110 0.9286
Car -1 -1 -4.5426 450.9927 179.9876 502.3714 218.3142 1.6597 1.7052 4.1654 -6.2704 2.0174 34.1161 -4.7235 0.7746
Car -1 -1 -4.2344 63.0222 194.7738 164.8890 242.1696 1.5148 1.5638 3.7262 -18.3327 2.3876 26.7991 -4.8300 0.7528
Car -1 -1 -7.2299 0.0000 200.1364 117.6329 248.6522 1.5258 1.6022 4.2315 -20.8296 2.6357 27.2273 -7.8784 0.7237
Car -1 -1 -4.5554 476.8849 182.3236 516.2339 210.2350 1.4549 1.6119 3.8982 -6.4119 2.0167 40.8839 -4.7104 0.6772
Car -1 -1 -4.2558 66.1703 196.8590 170.0861 243.9619 1.4962 1.6343 3.9444 -18.3619 2.4657 27.0866 -4.8472 0.6671
Cyclist -1 -1 -4.8051 752.0735 169.1014 765.5151 201.4607 1.6905 0.5534 1.5762 7.8947 1.4941 38.5073 -4.6048 0.6547
Car -1 -1 -4.2635 62.9985 195.0101 162.2547 241.9268 1.5048 1.5806 3.7144 -18.4827 2.3918 26.9413 -4.8604 0.5712
Car -1 -1 -8.5354 1094.5699 141.6326 1202.9087 181.0099 1.6949 1.7495 4.1493 24.5736 0.3508 33.1719 -7.9020 0.5706
Car -1 -1 -4.1245 63.7670 194.7631 174.9747 242.4511 1.5342 1.5378 3.8511 -18.1961 2.4095 26.9110 -4.7147 0.5587
Car -1 -1 -4.3929 70.3561 195.6354 163.4018 242.2852 1.4824 1.6617 4.1817 -18.5937 2.4163 27.3510 -4.9857 0.5455
Car -1 -1 -7.8162 456.7132 183.2834 495.2021 218.6418 1.5046 1.6325 3.8260 -6.2856 2.0234 33.9004 -7.9987 0.5407
Car -1 -1 -4.5193 481.2762 181.0688 521.9506 209.5414 1.4901 1.5380 4.0390 -6.1397 1.9799 40.9974 -4.6675 0.5326
Car -1 -1 -7.5308 62.9776 196.8872 152.1705 243.2970 1.4722 1.6225 3.7211 -18.7107 2.4377 26.9835 -8.1327 0.4703
Car -1 -1 -8.4206 1102.2889 141.3497 1204.9966 181.0455 1.7049 1.7671 4.2005 24.7787 0.3515 33.1464 -7.7828 0.4600
Car -1 -1 -5.4019 1090.4255 141.0969 1200.6158 179.9598 1.6728 1.7209 4.2913 24.4764 0.3056 33.2500 -4.7715 0.4531
Car -1 -1 -4.3135 55.5194 194.7871 150.7318 242.7100 1.5255 1.6537 3.4026 -18.5290 2.3860 26.4830 -4.9195 0.4420
Car -1 -1 -4.5358 530.5106 181.3908 554.8281 198.9249 1.5199 1.5711 3.9145 -6.1973 2.3304 66.5217 -4.6288 0.3872
Car -1 -1 -4.1615 55.4448 195.0955 167.3547 242.9480 1.5010 1.6160 3.7593 -18.0912 2.3713 26.3284 -4.7591 0.3863
Car -1 -1 -4.2306 46.9912 195.6653 155.9794 244.5594 1.5112 1.6759 3.7030 -18.2620 2.3960 26.0546 -4.8373 0.3824
Car -1 -1 -8.6368 1098.1647 141.6929 1201.5891 181.7664 1.7137 1.6481 3.6617 24.3702 0.3808 32.7886 -8.0018 0.3797
Car -1 -1 -6.4147 766.6223 162.5163 826.0712 184.6393 1.5926 1.6876 4.0385 13.6184 0.8481 53.0177 -6.1648 0.3459
Cyclist -1 -1 -4.7588 753.1502 167.3843 764.9070 201.7959 1.7859 0.5288 1.6562 7.8658 1.5017 38.3049 -4.5583 0.3412
Car -1 -1 -4.4251 531.1537 181.2171 559.9320 198.7182 1.5132 1.5823 3.9747 -5.9267 2.3081 66.5029 -4.5141 0.3130
Car -1 -1 -4.5615 473.3854 181.6197 513.2097 210.7150 1.5116 1.6476 3.8737 -6.5505 2.0281 40.6002 -4.7209 0.2952
Car -1 -1 -4.4792 529.2186 181.1532 555.1472 198.4395 1.4919 1.5973 3.4804 -6.1840 2.2703 65.8687 -4.5728 0.2951
Car -1 -1 -4.3462 531.1458 181.4583 561.5432 198.5198 1.4705 1.5484 3.7270 -5.8299 2.2836 66.2127 -4.4341 0.2947
Car -1 -1 -8.5686 1158.5349 141.9572 1241.0000 176.9215 1.5719 1.5265 3.4283 28.0429 0.1826 34.1765 -7.8856 0.2911
Car -1 -1 -4.6448 529.7845 181.6660 549.2632 198.7150 1.4760 1.5349 3.7447 -6.4740 2.3088 66.3209 -4.7422 0.2888
Car -1 -1 -7.9059 509.8032 174.1677 534.7112 198.0034 1.6861 1.6166 4.0386 -6.5556 1.7869 53.4030 -8.0279 0.2705
Car -1 -1 -8.3820 1163.9708 143.0534 1241.0000 177.9053 1.5657 1.5910 3.6232 28.2877 0.2266 34.3284 -7.6969 0.2398
Car -1 -1 -8.6804 1094.3446 141.3782 1199.7238 180.9152 1.6930 1.6418 3.7091 24.3053 0.3449 32.8752 -8.0480 0.2144
Car -1 -1 -6.4615 759.2860 161.0969 823.4169 184.5228 1.6936 1.7895 4.3330 13.2951 0.8433 53.1977 -6.2180 0.2106
Car -1 -1 -8.1625 1178.1041 143.8046 1241.0000 177.6068 1.5142 1.5227 3.6098 28.5277 0.2126 34.2807 -7.4725 0.2068
Car -1 -1 -4.1940 38.7087 194.8399 160.4300 245.9259 1.5422 1.7216 4.0897 -18.0589 2.3898 25.7141 -4.8016 0.2032
Car -1 -1 -8.1668 1121.7384 140.7724 1205.4146 180.5938 1.7004 1.7719 4.3377 25.2555 0.3302 33.1498 -7.5199 0.1646
Car -1 -1 -8.7117 1142.2153 143.3020 1241.0000 178.4911 1.5788 1.5940 3.8610 27.7736 0.2526 34.4160 -8.0368 0.1613
Car -1 -1 -4.4636 481.6378 181.7354 525.4833 209.9041 1.4604 1.5801 3.6700 -5.9612 1.9822 40.5156 -4.6092 0.1552
Car -1 -1 -4.3714 38.0838 193.2701 143.8745 246.6752 1.5865 1.7478 3.9921 -18.0470 2.3616 25.2437 -4.9872 0.1460
Car -1 -1 -2.6004 433.5163 182.2947 515.7170 210.3747 1.4734 1.6472 4.2876 -7.6162 2.0215 40.3991 -2.7860 0.1315
Car -1 -1 -2.5298 439.2947 182.8257 519.8279 210.9039 1.4721 1.6659 4.2857 -7.3956 2.0566 40.6595 -2.7091 0.1064
Car -1 -1 -8.3618 1175.6051 141.2396 1241.0000 176.7368 1.5861 1.5796 3.2905 28.4691 0.1732 34.0028 -7.6688 0.0986
Car -1 -1 -4.2614 25.5722 194.6023 148.9205 246.7652 1.5592 1.8851 4.2049 -18.4448 2.3995 25.6576 -4.8800 0.0904
Car -1 -1 -5.0713 1179.7548 141.6998 1241.0000 176.8908 1.5717 1.5858 3.7902 28.7703 0.1800 34.2763 -4.3771 0.0877
Car -1 -1 -4.5803 510.8346 174.7835 539.3167 199.1201 1.7206 1.5697 4.0866 -6.2738 1.8686 53.3934 -4.6971 0.0838
Car -1 -1 -4.1923 20.9160 193.7874 145.5032 246.3618 1.5484 1.6773 4.0530 -18.1366 2.3352 25.0258 -4.8145 0.0639
Car -1 -1 -4.8839 501.6112 173.9649 533.2294 197.6295 1.6709 1.6257 4.1773 -6.9188 1.7563 53.3927 -5.0125 0.0557
Car -1 -1 -2.4042 439.6673 182.3314 520.0835 211.1590 1.5120 1.7241 4.5118 -7.4635 2.0760 41.0362 -2.5834 0.0536
Car -1 -1 -7.3267 1183.0575 141.8136 1241.0000 176.6661 1.5619 1.5995 3.4836 28.7465 0.1705 33.6723 -6.6242 0.0482
Car -1 -1 -4.4129 510.9537 174.7322 547.4960 199.3453 1.7342 1.5523 4.0700 -5.9508 1.8783 53.3115 -4.5240 0.0476
Pedestrian -1 -1 -8.1214 751.8870 167.4673 766.5928 200.7698 1.7562 0.5937 0.7282 7.9071 1.4718 38.4329 -7.9205 0.0460
Car -1 -1 -4.8530 504.7740 181.5451 535.8933 204.6530 1.4935 1.5905 4.1358 -6.3450 2.1280 50.4956 -4.9778 0.0330
Car -1 -1 -7.3168 1190.9233 144.2908 1241.0000 177.1622 1.4779 1.5563 3.9626 29.3911 0.1934 33.8056 -6.6053 0.0189
Car -1 -1 -7.2241 1188.5070 141.2198 1241.0000 175.6715 1.5479 1.5989 3.8365 29.2495 0.1263 33.6338 -6.5125 0.0183
Car -1 -1 -2.7597 437.4252 182.1651 517.9019 210.6019 1.5036 1.6066 4.0997 -7.3770 2.0366 40.1314 -2.9408 0.0177
Car -1 -1 -4.4927 462.5522 181.0983 506.6058 207.0647 1.4674 1.7325 4.5233 -7.7092 2.0023 44.5386 -4.6635 0.0157
Cyclist -1 -1 -7.5065 116.5566 190.1532 162.3947 270.2834 1.7599 0.4267 1.4487 -11.0657 2.1835 16.9262 -8.0786 0.0155
Car -1 -1 -4.4285 531.8040 175.3452 571.1998 200.3676 1.7159 1.6831 4.3887 -4.2133 1.9041 52.2614 -4.5090 0.0153
Car -1 -1 -2.6356 440.4985 182.1455 520.1519 210.6252 1.5026 1.6224 4.1238 -7.2986 2.0414 40.4344 -2.8135 0.0149
Car -1 -1 -7.0676 1193.3906 140.7169 1241.0000 175.3290 1.5515 1.5953 3.7508 29.3205 0.1106 33.2633 -6.3494 0.0130
Car -1 -1 -4.6483 511.8683 183.4890 537.6256 207.8401 1.4411 1.4199 3.2750 -5.4201 2.1411 45.8363 -4.7658 0.0130
Car -1 -1 -4.7877 477.7834 181.5875 509.5237 206.1646 1.4063 1.6363 4.3108 -7.3649 1.9808 45.2000 -4.9487 0.0127
Car -1 -1 -4.6378 537.2512 177.2071 565.4429 200.0863 1.5429 1.7018 4.1962 -4.1811 1.8664 51.5633 -4.7187 0.0120
Car -1 -1 -3.5066 528.0533 181.7271 574.4399 198.5750 1.4595 1.5674 3.9072 -5.3666 2.2861 65.6889 -3.5882 0.0114
Car -1 -1 -2.9655 671.2880 170.3724 744.0411 200.8202 1.7693 1.7977 4.0875 5.8514 1.6248 43.4052 -2.8328 0.0107
Car -1 -1 -4.0705 515.9484 178.2732 575.0842 205.0074 1.5964 1.4977 4.2972 -4.1049 1.9599 46.2093 -4.1590 0.0103
Car -1 -1 -2.9189 669.2349 168.0815 743.0984 200.6378 1.8953 1.8976 4.1093 5.7856 1.6172 43.6071 -2.7883 0.0096
Car -1 -1 -4.7456 542.7300 174.6781 569.8705 199.5835 1.6826 1.7738 4.3448 -3.8902 1.8178 51.3347 -4.8213 0.0092
Car -1 -1 -4.6817 478.4263 181.4955 507.1695 205.3453 1.3838 1.6667 4.2352 -7.4090 1.9569 45.6724 -4.8421 0.0089
Car -1 -1 -4.3785 515.4734 180.9459 557.7866 205.4839 1.4415 1.4415 4.0188 -4.6498 1.9798 45.9075 -4.4793 0.0077
Car -1 -1 -5.0602 493.6624 182.5069 536.1843 204.7760 1.4257 1.6383 4.0843 -6.6994 2.1274 50.2826 -5.1924 0.0076
Car -1 -1 -3.9577 518.0125 176.5171 582.2601 203.2882 1.5985 1.6215 4.2127 -3.7854 1.8418 45.8263 -4.0401 0.0072
Car -1 -1 -4.6259 456.7754 181.8863 489.7237 206.9864 1.4324 1.6418 4.5052 -8.5425 2.0266 45.1701 -4.8122 0.0071
Car -1 -1 -4.8129 471.7344 181.4304 505.2625 205.3660 1.3801 1.6581 4.2811 -7.7428 1.9480 45.5223 -4.9808 0.0065
Car -1 -1 -4.6934 462.1708 181.3552 490.3887 204.7442 1.3646 1.6864 4.2902 -8.5132 1.9327 45.9898 -4.8758 0.0064
Cyclist -1 -1 -5.3420 1075.8241 145.9159 1110.9594 181.2597 1.6852 0.5669 1.6326 23.5422 0.4005 35.2303 -4.7567 0.0062
Pedestrian -1 -1 -4.3087 800.2842 164.3298 823.3233 217.8579 1.9650 0.6060 0.6964 7.4928 1.6518 26.9488 -4.0409 0.0058
Car -1 -1 -6.1459 669.3121 168.3016 741.1790 200.1818 1.8600 1.8573 4.0854 5.7285 1.5941 43.5315 -6.0164 0.0050
Car -1 -1 -4.7698 467.7636 181.5033 498.7915 205.6910 1.3999 1.6827 4.3597 -8.1071 1.9755 45.7294 -4.9447 0.0048
Car -1 -1 -7.1407 1129.0543 141.2871 1241.0000 180.1697 1.6754 1.6443 4.4560 25.8279 0.3149 32.3138 -6.4707 0.0041
Car -1 -1 -6.9960 1133.2874 141.7803 1241.0000 180.5751 1.6699 1.6930 4.4129 25.9451 0.3321 31.9834 -6.3189 0.0038
Cyclist -1 -1 -8.1773 1076.9839 144.2163 1102.3702 179.9005 1.7085 0.4722 1.8369 23.5394 0.3371 35.4943 -7.5954 0.0035
Car -1 -1 -5.1337 681.7815 168.4802 743.0440 201.8178 1.8807 1.8233 4.7805 6.0172 1.6337 43.2553 -4.9968 0.0031
Car -1 -1 -6.7543 1137.6738 141.5219 1241.0000 180.8945 1.6541 1.6618 4.5042 26.0375 0.3375 31.6030 -6.0696 0.0031
Cyclist -1 -1 -5.4227 789.1541 160.7226 836.0095 217.9117 2.0595 0.6379 1.8324 7.4980 1.6223 26.9484 -5.1547 0.0029
Pedestrian -1 -1 -4.8399 775.1886 194.5982 795.9916 242.8752 1.0550 0.4060 0.3706 3.8767 1.5478 16.1574 -4.6093 0.0026
Car -1 -1 -4.9360 693.3186 167.7303 741.7136 200.8115 1.8639 1.8702 4.5575 6.2977 1.5749 42.9992 -4.7920 0.0024
Pedestrian -1 -1 -4.6200 789.1107 189.9088 808.7877 241.1071 1.1153 0.3929 0.4127 4.1792 1.5030 16.1520 -4.3720 0.0024
Pedestrian -1 -1 -5.0089 774.5623 192.6561 799.8845 246.8886 1.1683 0.4310 0.4402 3.8609 1.6120 15.9472 -4.7765 0.0022
Car -1 -1 -4.9244 689.6078 168.7769 736.8037 200.7572 1.8020 1.8220 4.6962 6.0497 1.5720 43.0655 -4.7862 0.0021
Car -1 -1 -8.0172 734.9310 171.1099 781.1823 202.2313 1.5109 1.7395 3.5714 7.4624 1.4259 36.8437 -7.8193 0.0019
Pedestrian -1 -1 -4.8547 791.0604 187.0121 815.4798 243.9463 1.2269 0.4548 0.4727 4.2122 1.5444 15.9375 -4.6017 0.0018
Car -1 -1 -4.7674 687.6481 168.3390 722.9319 199.4143 1.7687 1.8430 4.4387 5.6334 1.5114 43.3486 -4.6394 0.0012
Cyclist -1 -1 -8.5514 1192.5819 137.5224 1228.5476 174.0240 1.6427 0.4330 1.4560 27.5757 0.0524 33.2024 -7.8625 0.0006
