Car -1 -1 -8.0883 702.3030 176.4311 845.7880 280.8540 1.6626 1.6845 3.9911 2.8539 1.7400 13.6493 -7.8877 0.9999
Car -1 -1 -8.5123 690.9119 176.4074 750.2626 206.7804 1.5414 1.4273 3.3017 5.8673 1.7411 38.8257 -8.3640 0.9782
Car -1 -1 -8.0904 613.9860 177.5458 648.5338 201.3461 1.5985 1.6258 3.6785 1.4388 1.9440 51.2051 -8.0630 0.9708
Car -1 -1 -2.8646 377.8631 179.1686 479.5246 217.2176 1.5206 1.5299 3.8180 -7.5169 1.7895 29.9371 -3.1089 0.9614
Car -1 -1 -6.0715 300.6305 181.5427 470.3677 240.2343 1.5407 1.6266 4.2941 -6.2261 1.7959 20.2246 -6.3671 0.9524
Car -1 -1 -8.0560 614.6221 177.7367 647.7294 201.2101 1.5768 1.6157 3.7968 1.4355 1.9373 51.3145 -8.0287 0.8987
Car -1 -1 -2.9238 396.6180 181.5738 494.9335 215.9193 1.4607 1.6079 3.9862 -7.2504 1.8558 31.9111 -3.1459 0.8627
Car -1 -1 -2.8414 244.5517 178.3379 417.1601 251.8724 1.6835 1.6627 3.5927 -6.7476 1.8241 17.5991 -3.2030 0.8515
Car -1 -1 -2.8951 375.6380 178.4601 478.3446 216.4442 1.5197 1.5276 3.8636 -7.5627 1.7574 29.8581 -3.1415 0.7292
Car -1 -1 -8.5028 689.7043 176.9633 752.9285 206.6504 1.5003 1.5687 3.4924 5.9123 1.7324 38.9004 -8.3537 0.7212
Car -1 -1 -2.7550 167.3645 183.9304 381.8161 263.9059 1.5681 1.6024 3.7897 -7.0180 1.8155 15.2627 -3.1799 0.7202
Car -1 -1 -2.9786 395.0870 180.6222 493.8105 214.5959 1.4340 1.6105 4.0327 -7.2766 1.7861 31.8042 -3.2022 0.6955
Car -1 -1 -8.0580 616.0092 177.4489 648.6742 201.0210 1.5841 1.6039 3.6347 1.5162 1.9220 51.1710 -8.0290 0.6934
Car -1 -1 -2.8823 250.2391 176.4844 426.4177 248.8419 1.6473 1.6719 3.6969 -6.5297 1.7403 17.5310 -3.2344 0.6501
Car -1 -1 -2.8115 379.3100 178.6098 482.8771 216.3617 1.5066 1.6096 3.8765 -7.4533 1.7539 30.0651 -3.0529 0.6310
Car -1 -1 -2.9974 413.7852 167.5544 517.5032 212.1435 2.0649 1.8667 4.6368 -6.8609 1.8192 34.4651 -3.1929 0.6214
Car -1 -1 -2.7894 155.3897 182.5182 378.4711 262.1889 1.5498 1.6197 3.9363 -7.1474 1.7665 15.2349 -3.2219 0.5784
Car -1 -1 -2.9366 234.3278 179.4340 417.5218 255.0659 1.6843 1.6170 3.8487 -6.7489 1.8525 17.3678 -3.3026 0.4655
Car -1 -1 -2.7715 162.1964 181.6907 383.2285 260.8660 1.5529 1.6520 3.9118 -7.0595 1.7514 15.2952 -3.1978 0.4306
Car -1 -1 -5.8970 192.4124 181.8533 414.0759 260.4553 1.5512 1.5681 4.0088 -6.4005 1.7506 15.2184 -6.2894 0.3982
Car -1 -1 -2.7113 239.6886 176.1094 422.2332 248.5325 1.6786 1.7237 3.8320 -6.8433 1.7630 17.8016 -3.0739 0.3671
Car -1 -1 -2.8695 192.6355 182.8621 402.9397 263.1521 1.5678 1.6448 3.8146 -6.5655 1.7958 15.4061 -3.2667 0.2876
Car -1 -1 -2.8093 330.3350 184.2799 460.3855 234.1567 1.4873 1.5881 3.6176 -6.7651 1.8618 22.7946 -3.0952 0.2434
Car -1 -1 -7.5779 114.8188 185.0486 352.6432 356.6133 1.5297 1.5305 3.3329 -4.1754 1.7023 8.4576 -8.0249 0.2431
Car -1 -1 -4.4614 370.0844 183.9714 453.4883 238.0542 1.4790 1.5963 3.7752 -6.0947 1.8532 22.4087 -4.7245 0.2238
Car -1 -1 -7.5404 305.9070 174.8134 424.7613 251.5728 1.7169 1.7396 3.7059 -6.0325 1.7708 18.0904 -7.8585 0.2209
Car -1 -1 -5.8301 359.1689 183.7401 482.4908 234.7975 1.4973 1.5569 3.4222 -5.9709 1.8565 22.7291 -6.0847 0.1851
Car -1 -1 -4.5697 605.2781 175.4171 629.9102 193.8892 1.4795 1.5409 3.7792 0.6395 1.7006 60.3269 -4.5595 0.1847
Car -1 -1 -6.2854 416.3820 173.2731 504.7157 212.6329 1.8183 1.7667 4.0494 -7.1925 1.8389 34.6393 -6.4891 0.1831
Car -1 -1 -7.4915 116.2448 185.6383 372.7798 355.7754 1.5207 1.5038 3.3164 -4.0151 1.6997 8.4132 -7.9254 0.1797
Car -1 -1 -7.3428 127.0577 181.0483 354.7082 303.5609 1.5889 1.6020 3.6126 -5.6404 1.7398 11.4583 -7.7917 0.1729
Car -1 -1 -4.5365 379.8350 183.4606 457.4932 238.7747 1.4647 1.5791 4.1174 -5.7770 1.8193 22.0306 -4.7906 0.1707
Car -1 -1 -5.6141 357.7984 183.0688 485.8377 236.0318 1.5029 1.5617 3.6893 -5.9173 1.8416 22.4935 -5.8690 0.1673
Car -1 -1 -3.0182 314.8649 181.9662 454.0002 233.0402 1.4914 1.6690 3.9894 -7.0177 1.7919 22.6534 -3.3158 0.1604
Car -1 -1 -2.5101 325.1471 183.0711 459.7020 233.4938 1.4696 1.6610 3.8833 -6.9830 1.8158 23.0399 -2.8017 0.1512
Pedestrian -1 -1 -3.9067 107.2538 211.3511 153.0493 281.5967 1.1400 0.4036 0.5156 -8.2487 1.8134 12.3311 -4.4866 0.1506
Car -1 -1 -7.8165 496.3036 179.4147 522.7509 204.1942 1.5341 1.5923 3.6711 -6.6245 1.9838 47.5864 -7.9545 0.1418
Pedestrian -1 -1 -4.0992 114.6319 210.9018 153.9987 277.4568 1.1017 0.3760 0.4490 -8.2498 1.7696 12.4399 -4.6752 0.1376
Car -1 -1 -5.3426 118.5900 184.6554 369.3425 315.4495 1.5018 1.4351 3.2618 -5.1068 1.6864 9.9190 -5.8078 0.1318
Car -1 -1 -4.5578 604.0579 174.9438 629.8785 193.5378 1.4987 1.5794 4.0005 0.5944 1.6804 60.7306 -4.5484 0.1313
Car -1 -1 -7.6898 498.3096 179.7421 530.8762 204.4511 1.5324 1.5530 3.6742 -6.2928 2.0048 47.6494 -7.8208 0.1299
Car -1 -1 -3.3120 325.1237 183.7865 458.4577 236.7685 1.4859 1.5903 3.7524 -6.8185 1.8489 22.4247 -3.6045 0.1262
Car -1 -1 -2.2588 345.0144 184.7189 461.0433 235.9419 1.4685 1.5749 3.7236 -6.7295 1.8773 23.1787 -2.5388 0.1194
Car -1 -1 -7.1662 130.6670 182.5068 381.5113 302.5046 1.5152 1.5250 3.6835 -5.3722 1.6938 11.4031 -7.5981 0.1121
Car -1 -1 -3.7701 329.9500 183.7848 458.9525 238.9232 1.4867 1.5387 3.5539 -6.5598 1.8493 22.0763 -4.0562 0.1094
Car -1 -1 -4.4768 606.1115 174.8910 635.1268 193.8145 1.5227 1.5553 3.9801 0.9022 1.6996 60.6382 -4.4624 0.1036
Car -1 -1 -3.1005 342.2431 184.5389 472.6324 236.3127 1.4884 1.6160 3.7834 -6.2913 1.8723 22.5077 -3.3706 0.0994
Car -1 -1 -7.6017 296.5169 178.1595 413.3699 255.1247 1.6883 1.8631 3.6783 -6.2586 1.8344 17.9971 -7.9324 0.0978
Car -1 -1 -3.4487 320.3404 182.6801 456.2012 238.5639 1.5363 1.6391 3.6645 -6.8219 1.8610 22.1526 -3.7446 0.0961
Car -1 -1 -3.2632 317.1087 181.5977 455.9183 235.3378 1.5122 1.6936 3.9403 -6.9818 1.8024 22.3944 -3.5626 0.0924
Car -1 -1 -2.5701 351.5602 184.5400 477.4560 235.8274 1.4833 1.5500 3.5550 -6.1886 1.8718 22.7273 -2.8336 0.0919
Car -1 -1 -8.2622 362.8289 185.0331 453.9695 236.7046 1.4662 1.4962 3.6512 -6.6046 1.8903 23.2531 -8.5365 0.0917
Car -1 -1 -4.5133 607.9160 175.3260 635.1453 194.0697 1.4985 1.5488 3.8378 0.9699 1.7116 60.2610 -4.4977 0.0845
Car -1 -1 -4.6489 603.0757 175.1809 624.4670 193.7453 1.4959 1.5549 3.9519 0.3205 1.6978 60.6732 -4.6440 0.0838
Car -1 -1 -2.4026 339.0558 184.6018 463.6458 236.3275 1.4919 1.5610 3.7468 -6.7198 1.8915 23.0336 -2.6839 0.0835
Car -1 -1 -4.3820 606.7993 174.3172 641.2780 193.6412 1.5572 1.6412 4.1660 1.1964 1.6846 60.7227 -4.3628 0.0755
Car -1 -1 -2.5308 352.6446 184.0711 479.1609 235.3777 1.4899 1.5599 3.6423 -6.1988 1.8667 22.9005 -2.7928 0.0754
Car -1 -1 -4.1095 345.3710 183.8696 463.9827 239.5865 1.4748 1.5751 3.8197 -6.1750 1.8415 21.9763 -4.3808 0.0734
Car -1 -1 -7.9761 491.0424 179.3317 522.6130 204.2094 1.5332 1.6051 3.7883 -6.8703 1.9783 47.5686 -8.1192 0.0730
Car -1 -1 -4.6323 602.3090 175.5637 624.5208 194.1154 1.4806 1.5561 3.7877 0.2871 1.7134 60.1092 -4.6280 0.0727
Car -1 -1 -7.5293 134.7639 184.4474 310.6909 302.8984 1.5045 1.5024 2.7902 -5.7499 1.7041 10.9481 -8.0034 0.0683
Car -1 -1 -4.5143 363.6119 184.9444 438.8878 237.7519 1.4688 1.5923 3.6069 -6.5423 1.8814 22.7820 -4.7915 0.0606
Pedestrian -1 -1 -5.4211 0.0000 175.0817 23.8681 236.8026 1.6908 0.6446 0.4649 -16.9267 1.7538 20.1484 -6.1134 0.0555
Car -1 -1 -4.8070 505.7156 175.5061 532.0438 198.4231 1.6569 1.6060 4.0134 -6.9810 1.8658 54.7944 -4.9335 0.0516
Car -1 -1 -4.6070 509.2581 175.4666 536.0701 198.0255 1.6375 1.6131 3.9951 -6.6306 1.8431 54.8509 -4.7271 0.0498
Car -1 -1 -2.4270 46.5228 180.5800 325.8198 296.1042 1.4947 1.6083 3.3037 -6.1890 1.6197 10.5952 -2.9452 0.0420
Car -1 -1 -7.4735 122.1067 180.3998 329.2422 299.5161 1.5419 1.6165 3.5953 -5.8793 1.6806 11.4356 -7.9395 0.0400
Car -1 -1 -5.7677 483.2396 176.7207 540.8188 199.1949 1.6226 1.6511 3.9828 -7.3759 1.9203 54.1161 -5.9029 0.0397
Car -1 -1 -7.1858 123.5332 181.4679 380.7611 302.7193 1.5471 1.5826 3.8789 -5.4900 1.7097 11.5707 -7.6205 0.0389
Car -1 -1 -4.4751 510.6819 175.6342 543.6969 198.2118 1.6349 1.6008 3.9886 -6.2794 1.8539 54.8385 -4.5889 0.0326
Car -1 -1 -5.7920 479.3718 176.5762 535.2568 199.1898 1.6340 1.6757 3.8039 -7.7159 1.9199 54.0488 -5.9335 0.0317
Car -1 -1 -7.4685 144.3803 185.9984 336.7735 300.1525 1.4279 1.5065 3.1075 -5.4713 1.6570 10.9947 -7.9212 0.0314
Car -1 -1 -3.1101 461.2349 180.2386 526.7421 204.3731 1.4965 1.6667 4.0958 -7.4706 1.9832 46.4922 -3.2689 0.0302
Car -1 -1 -2.5959 471.0556 180.2146 533.7966 204.2155 1.4894 1.6010 3.7713 -7.0619 1.9851 47.1453 -2.7442 0.0267
Car -1 -1 -3.2465 454.2404 178.8733 526.9967 203.7859 1.5221 1.6916 4.4396 -7.6844 1.9187 46.1702 -3.4109 0.0240
Car -1 -1 -4.7777 600.0316 176.2348 621.8380 194.6931 1.4804 1.5683 3.9976 0.0241 1.7740 60.6653 -4.7777 0.0226
Car -1 -1 -4.2605 509.5133 175.6688 551.8295 198.4423 1.6433 1.5922 4.0332 -6.0024 1.8652 54.7691 -4.3696 0.0218
Car -1 -1 -2.9819 457.6533 180.2283 528.3861 203.9829 1.4930 1.6997 4.3067 -7.5679 1.9790 46.7286 -3.1420 0.0216
Car -1 -1 -2.7620 462.2192 179.9238 530.2993 203.9920 1.5019 1.6688 4.0540 -7.4299 1.9748 47.0298 -2.9182 0.0213
Car -1 -1 -5.1215 504.6668 179.2336 539.8074 198.3527 1.5001 1.5288 3.7516 -7.3479 2.0476 59.9540 -5.2433 0.0205
Car -1 -1 -5.9223 477.8371 177.3273 533.8340 199.4122 1.5946 1.6282 3.8022 -7.7799 1.9353 53.7911 -6.0656 0.0153
Car -1 -1 -4.7102 600.9160 176.8266 620.4542 195.8109 1.5077 1.5748 4.0594 0.0332 1.8500 60.1858 -4.7101 0.0129
Car -1 -1 -2.4818 0.7908 181.3913 299.1359 300.2122 1.5550 1.6065 3.4348 -6.6664 1.6913 10.5674 -3.0337 0.0126
Cyclist -1 -1 -6.8531 170.9579 167.1005 230.6722 217.8321 1.7947 0.7727 1.7692 -15.0428 1.5909 26.4884 -7.3655 0.0125
Car -1 -1 -4.9444 495.9046 176.7126 528.7918 198.8775 1.5839 1.5768 4.0019 -7.4356 1.8863 54.4607 -5.0798 0.0124
Car -1 -1 -4.6773 606.5540 177.1495 627.5324 197.9492 1.5921 1.5472 4.4945 0.5762 1.9533 58.4495 -4.6680 0.0122
Car -1 -1 -6.9848 130.7651 180.8875 414.8688 298.8475 1.5454 1.5784 4.2266 -5.3593 1.7037 12.0034 -7.3971 0.0112
Car -1 -1 -5.0265 491.4267 175.0142 529.5325 197.5941 1.6236 1.6283 4.2096 -7.5950 1.7934 54.5616 -5.1645 0.0108
Car -1 -1 -4.6851 603.0306 177.5308 623.1010 198.0842 1.5699 1.5078 4.4128 0.2518 1.9623 58.3551 -4.6813 0.0085
Car -1 -1 -4.6514 501.7104 178.4472 525.1838 199.4428 1.4804 1.5022 3.9952 -7.2236 1.9147 54.0122 -4.7841 0.0084
Cyclist -1 -1 -7.1535 169.5296 168.9359 221.2277 218.6810 1.7693 0.6858 1.7450 -15.2928 1.6296 26.5827 -7.6715 0.0083
Car -1 -1 -2.5465 0.0000 185.4693 296.2207 303.6460 1.5304 1.5085 3.6337 -6.6897 1.7248 10.3285 -3.1099 0.0061
Car -1 -1 -3.9582 472.9501 178.2793 531.7933 200.2481 1.4821 1.7537 4.2640 -7.7421 1.8900 52.0412 -4.1055 0.0055
Car -1 -1 -4.7330 500.4241 177.5018 523.1456 200.4015 1.6244 1.6020 3.7768 -7.4046 1.9847 53.9820 -4.8690 0.0054
Car -1 -1 -4.1750 481.2030 178.1261 530.7806 200.2381 1.4926 1.7160 4.0193 -7.4639 1.8877 51.9316 -4.3174 0.0051
Car -1 -1 -4.5619 477.9710 178.7454 509.5745 198.6421 1.3331 1.6450 4.0208 -8.2912 1.7702 51.5556 -4.7209 0.0046
Car -1 -1 -4.6057 510.8460 173.7460 534.1043 193.7113 1.8717 1.7632 4.6386 -8.4951 1.9611 70.1827 -4.7261 0.0044
Car -1 -1 -3.9546 471.2411 179.5121 530.5588 199.6868 1.3604 1.6878 4.4210 -7.9083 1.8654 52.4648 -4.1038 0.0044
Car -1 -1 -3.7482 468.5602 180.9378 534.5690 202.0269 1.4181 1.6708 4.6093 -7.8582 2.0292 52.3838 -3.8967 0.0027
Car -1 -1 -4.2587 580.2083 176.4364 625.0350 198.7984 1.6794 1.8012 4.4384 -0.5633 1.9757 57.3441 -4.2689 0.0026
