Car -1 -1 -6.8064 829.9171 189.3094 921.8032 221.9120 1.5463 1.7158 4.0662 13.4265 2.4088 36.6320 -6.4584 0.5900
Cyclist -1 -1 -4.6839 916.1973 154.0906 950.2483 258.5990 2.0340 0.6104 1.9429 6.7057 1.6685 15.0519 -4.2729 0.4642
Car -1 -1 -6.7997 830.4805 188.8894 920.7359 221.8166 1.5597 1.7001 3.9625 13.3604 2.3963 36.4884 -6.4520 0.4502
Car -1 -1 -4.6627 558.2058 202.9259 593.9667 237.6483 1.5517 1.6565 3.0153 -1.7120 3.1300 36.3681 -4.7103 0.3936
Car -1 -1 -4.5914 558.3275 204.7373 598.8841 241.0579 1.5914 1.6445 3.5875 -1.5888 3.2954 36.7170 -4.6353 0.3728
Pedestrian -1 -1 -5.7604 451.1421 182.6296 475.7249 234.8681 1.8238 0.6594 0.6128 -5.2742 2.1779 25.7538 -5.9611 0.3240
Car -1 -1 -4.6315 557.3492 203.4050 593.9490 240.0251 1.6195 1.5800 3.7097 -1.7512 3.2623 36.9264 -4.6795 0.3064
Pedestrian -1 -1 -5.7333 453.7586 182.6916 478.3206 234.5702 1.8100 0.6540 0.6074 -5.1791 2.1663 25.7425 -5.9305 0.2985
Pedestrian -1 -1 -4.7686 705.7348 186.5165 715.0883 218.7948 1.8983 0.5054 0.8575 5.9817 2.7257 43.2608 -4.6329 0.2784
Car -1 -1 -4.7454 557.2266 203.8017 591.6629 239.0972 1.5252 1.6156 4.1298 -1.9119 3.2045 37.0336 -4.7976 0.2736
Cyclist -1 -1 -4.7978 920.9072 157.4800 961.1371 255.2371 1.9312 0.5929 1.8483 6.9047 1.6272 15.2246 -4.3800 0.2083
Pedestrian -1 -1 -8.2840 523.1985 183.5237 540.3055 226.0740 1.9683 0.6680 0.4616 -3.7215 2.4752 33.9315 -8.3932 0.1816
Pedestrian -1 -1 -4.3096 705.6055 185.9715 719.5425 218.0217 1.8799 0.5448 0.8343 6.1114 2.6745 43.2265 -4.1708 0.1814
Pedestrian -1 -1 -4.8479 794.3107 210.1075 816.3055 266.5600 1.1937 0.4109 0.3965 4.2131 2.0192 15.7713 -4.5927 0.1732
Pedestrian -1 -1 -5.6902 449.3585 182.1471 476.4252 234.9827 1.8288 0.7029 0.6607 -5.2590 2.1639 25.5846 -5.8916 0.1511
Car -1 -1 -6.8057 826.2705 189.0328 924.0580 222.1165 1.5744 1.8198 4.3663 13.4727 2.4293 36.8632 -6.4586 0.1510
Cyclist -1 -1 -7.4466 446.4648 184.5617 476.4914 235.2140 1.7115 0.4435 1.6071 -5.2999 2.1400 25.5964 -7.6494 0.1461
Cyclist -1 -1 -7.9805 782.8211 195.1961 815.7182 278.8623 1.6360 0.4590 1.6378 3.9672 2.1385 15.3982 -7.7343 0.1382
Pedestrian -1 -1 -4.9393 703.6975 185.6703 715.6857 218.6627 1.9447 0.5141 0.9371 5.9572 2.7240 43.4010 -4.8045 0.1335
Cyclist -1 -1 -5.8673 1050.4137 181.0143 1130.1917 251.5451 1.6467 0.5726 1.5397 11.7924 1.8572 17.8327 -5.2913 0.1287
Pedestrian -1 -1 -5.5477 526.0180 183.4703 543.9817 226.2047 1.9706 0.7340 0.4693 -3.5655 2.4758 33.9222 -5.6523 0.1279
Pedestrian -1 -1 -5.8829 453.5488 182.6750 478.8646 234.6516 1.8033 0.7008 0.6604 -5.1430 2.1570 25.5977 -6.0799 0.1259
Cyclist -1 -1 -6.0413 1107.9432 175.3670 1197.9584 250.2622 1.6696 0.5050 1.6134 12.6502 1.7309 16.9178 -5.4082 0.1221
Pedestrian -1 -1 -6.3646 719.5440 189.4126 734.2701 232.0916 1.8051 0.6451 0.5738 4.9967 2.5270 31.1269 -6.2078 0.1069
Cyclist -1 -1 -4.5445 455.0413 184.9210 476.4599 235.5409 1.7113 0.4837 1.6091 -5.1506 2.1525 25.5908 -4.7418 0.1016
Cyclist -1 -1 -8.0450 789.9161 190.7865 828.6384 276.5456 1.6833 0.4625 1.7080 4.1753 2.0871 15.3931 -7.7862 0.0934
Pedestrian -1 -1 -5.4192 523.1288 184.6038 540.0461 226.4637 1.9430 0.6488 0.4649 -3.7473 2.5046 34.1098 -5.5285 0.0904
Pedestrian -1 -1 -6.8649 880.5566 168.1488 927.0844 255.1462 1.8550 0.4680 0.8148 6.3349 1.7544 15.6974 -6.4887 0.0727
Cyclist -1 -1 -5.7985 1031.9263 181.9908 1109.4922 254.1630 1.7155 0.5837 1.5506 11.5252 1.9557 18.1740 -5.2414 0.0668
Cyclist -1 -1 -5.8315 1040.1973 179.3872 1117.5297 250.5343 1.6769 0.5794 1.5094 11.5843 1.8463 17.9463 -5.2664 0.0640
Cyclist -1 -1 -5.7483 1044.3259 182.1298 1121.6619 254.2970 1.7071 0.6268 1.5102 11.7810 1.9499 18.0931 -5.1794 0.0605
Cyclist -1 -1 -7.5313 443.3392 182.8901 470.4827 234.9580 1.7394 0.4233 1.6698 -5.3965 2.1026 25.2859 -7.7400 0.0585
Pedestrian -1 -1 -7.4630 1023.2303 176.0586 1058.6281 246.0821 1.7676 0.6223 0.5606 11.0971 1.8520 18.6689 -6.9343 0.0571
Pedestrian -1 -1 -3.7888 891.8629 159.0642 944.0530 252.2919 1.9741 0.5242 0.9102 6.6206 1.6818 15.6470 -3.3961 0.0566
Pedestrian -1 -1 -3.0743 714.1911 189.4101 731.3783 233.0642 1.8362 0.7046 0.6885 4.8192 2.5588 31.0864 -2.9229 0.0552
Car -1 -1 -8.4790 1002.6433 49.0623 1241.0000 374.0000 1.8454 1.6209 3.5541 3.1855 1.6421 3.0527 -7.7203 0.0517
Pedestrian -1 -1 -8.4208 521.3276 184.5430 539.5434 227.4444 1.9617 0.6805 0.5022 -3.7492 2.5127 33.6245 -8.5317 0.0504
Pedestrian -1 -1 -4.5014 906.7956 153.5815 947.6553 253.6015 2.0402 0.5902 1.0875 6.6958 1.6468 15.3322 -4.0975 0.0499
Pedestrian -1 -1 -6.4268 1033.9391 176.5464 1057.1005 243.7160 1.8120 0.5192 0.4710 11.9145 1.9149 19.8309 -5.8931 0.0498
Pedestrian -1 -1 -4.7413 922.2751 156.1373 955.6183 252.7589 1.9688 0.6004 1.0655 6.9124 1.6279 15.3089 -4.3251 0.0392
Pedestrian -1 -1 -3.8127 883.9634 158.5591 935.0677 253.8526 1.9940 0.5721 0.8406 6.3726 1.6946 15.4918 -3.4299 0.0357
Pedestrian -1 -1 -4.9290 1169.4745 175.8535 1202.8799 252.7333 1.8235 0.5185 0.5676 13.9230 1.8975 17.5107 -4.2661 0.0355
Pedestrian -1 -1 -4.8893 1163.2246 174.8377 1196.3431 251.1254 1.8255 0.5328 0.6053 13.8990 1.8748 17.6772 -4.2318 0.0244
Cyclist -1 -1 -5.2864 1141.8098 174.4595 1205.4685 253.8411 1.8762 0.4900 1.5058 13.8624 1.9174 17.8549 -4.6349 0.0244
Pedestrian -1 -1 -3.6009 1108.1555 172.3894 1126.5280 217.4875 1.9741 0.5572 0.4633 22.3791 1.9535 31.8937 -2.9939 0.0224
Cyclist -1 -1 -6.2422 1093.1660 170.4420 1189.2947 251.6688 1.8241 0.5981 1.7981 12.4331 1.7696 16.9930 -5.6195 0.0220
Pedestrian -1 -1 -5.0215 985.5634 228.7966 1039.2466 358.7091 1.1767 0.3447 0.3804 3.8042 1.7313 6.9395 -4.5391 0.0217
Pedestrian -1 -1 -4.4353 909.6880 153.2465 955.8062 255.6720 2.0535 0.6316 1.0246 6.6908 1.6601 15.0625 -4.0253 0.0207
Pedestrian -1 -1 -7.7046 848.8282 191.6254 866.3547 226.1465 1.6571 0.7358 0.6161 12.1629 2.5934 35.5595 -7.3783 0.0173
Pedestrian -1 -1 -5.8806 844.5805 190.9999 862.9271 226.1719 1.6852 0.7559 0.6113 11.9728 2.5913 35.5574 -5.5591 0.0164
Cyclist -1 -1 -8.4202 970.6168 130.6972 1241.0000 374.0000 1.9333 0.5132 1.9296 2.7175 1.7524 4.0593 -7.8648 0.0164
Car -1 -1 -8.5316 1072.6461 58.5688 1241.0000 374.0000 1.8062 1.6343 2.8891 3.3694 1.5983 2.8553 -7.7142 0.0145
Cyclist -1 -1 -4.8147 797.8420 189.8394 829.1116 279.0530 1.7305 0.4473 1.6662 4.2097 2.1078 15.1811 -4.5505 0.0120
Pedestrian -1 -1 -6.5087 1042.9712 172.1715 1068.6472 242.4679 1.8985 0.5540 0.4842 12.1934 1.8798 19.8257 -5.9647 0.0111
Car -1 -1 -7.9571 1096.0388 188.2576 1188.5090 261.2610 1.6859 1.5981 3.5384 14.1455 2.1413 19.4113 -7.3354 0.0101
Cyclist -1 -1 -3.8989 1096.2593 172.9756 1186.6073 250.3882 1.8972 0.7132 1.8566 13.3108 1.9000 18.1613 -3.2748 0.0095
Cyclist -1 -1 -3.8142 1113.3647 170.4477 1202.1606 246.4727 1.8436 0.6013 1.7638 13.4666 1.7850 17.8283 -3.1759 0.0082
Pedestrian -1 -1 -4.8442 1149.6243 169.0600 1179.9415 250.8603 2.2977 0.6180 0.5380 15.8228 2.1909 20.6538 -4.1981 0.0075
Car -1 -1 -5.0136 663.5575 195.4718 700.9999 219.0635 1.6116 1.7216 4.1092 5.5007 3.4249 55.6694 -4.9164 0.0075
Cyclist -1 -1 -8.3498 980.1772 143.9026 1241.0000 374.0000 1.9402 0.4458 1.8020 2.7691 1.8058 4.2529 -7.8054 0.0074
Car -1 -1 -3.5920 849.1307 176.9439 1004.6747 232.7653 1.6870 1.8058 4.1601 9.9455 1.8224 22.9514 -3.1885 0.0067
Car -1 -1 -4.7875 872.8226 179.9004 933.9228 232.2128 1.5447 1.5719 3.4050 9.4961 1.7937 23.6661 -4.4109 0.0065
Pedestrian -1 -1 -3.5990 1145.2639 185.8334 1169.9021 245.6240 1.9383 0.6091 0.4204 18.0657 2.3735 23.8751 -2.9580 0.0064
Pedestrian -1 -1 -3.6572 1149.9545 183.4723 1175.1301 245.9850 2.0318 0.6047 0.4146 18.2411 2.3879 23.8897 -3.0118 0.0058
Cyclist -1 -1 -3.1834 819.3219 184.8120 863.0419 224.6637 1.9296 0.8266 2.0403 11.4740 2.5369 35.9995 -2.8780 0.0058
Car -1 -1 -8.3193 679.4034 182.4557 717.7162 205.5340 1.7664 1.6418 3.6277 7.1606 2.5759 58.8633 -8.1994 0.0057
Car -1 -1 -3.1930 777.6595 191.9518 869.3789 225.4239 1.5650 1.7473 4.3670 10.7132 2.5697 36.6228 -2.9114 0.0055
Car -1 -1 -7.8634 694.7863 180.3726 716.6288 206.7357 2.0240 1.7094 4.9586 7.8240 2.6696 59.4226 -7.7337 0.0053
Car -1 -1 -3.4105 778.4501 191.0058 869.7294 223.5198 1.5552 1.6671 4.1080 10.6872 2.4907 36.3371 -3.1274 0.0048
Cyclist -1 -1 -8.4924 1012.8096 132.0091 1241.0000 374.0000 2.0030 0.5531 1.8456 3.0289 1.8252 4.0673 -7.8880 0.0047
Car -1 -1 -8.1517 683.7982 180.5212 719.1523 207.1898 2.0538 1.6705 4.3176 7.4236 2.7061 59.1443 -8.0281 0.0046
Car -1 -1 -4.7997 673.8132 195.8577 702.0841 219.8271 1.6200 1.7670 4.2243 5.8689 3.4402 54.9761 -4.6947 0.0046
Car -1 -1 -4.9848 851.6353 178.5069 933.2804 231.1091 1.5769 1.6042 3.4659 9.1735 1.7773 23.8151 -4.6220 0.0044
Car -1 -1 -8.0917 688.2990 180.6125 721.0544 206.8554 2.0170 1.6500 4.4367 7.6818 2.6769 59.1083 -7.9637 0.0044
Car -1 -1 -3.4309 866.1210 181.1218 991.0552 235.2422 1.5984 1.6909 3.2313 9.8638 1.8694 22.6502 -3.0257 0.0044
Car -1 -1 -3.4811 855.7889 177.8307 1014.2577 234.9654 1.7075 1.7276 4.2186 10.0904 1.8712 22.7546 -3.0692 0.0041
Car -1 -1 -3.0870 634.9432 193.7581 701.1550 218.2652 1.7473 1.8917 4.9255 4.4135 3.3732 54.8676 -3.0079 0.0041
Car -1 -1 -4.8688 852.5591 173.0977 877.5373 190.8860 1.5902 1.5876 3.8109 23.4763 1.6131 66.5745 -4.5315 0.0041
Car -1 -1 -4.8733 670.0403 195.3228 702.1999 219.7519 1.6731 1.7837 4.3443 5.8031 3.4771 55.7207 -4.7708 0.0040
Car -1 -1 -7.7826 688.9028 179.4076 714.8050 207.3374 2.1663 1.8067 4.5395 7.5848 2.7282 59.4949 -7.6570 0.0037
Pedestrian -1 -1 -3.5166 888.2022 147.6306 953.7645 257.0224 2.2169 0.7240 1.0557 6.3930 1.7054 14.9952 -3.1215 0.0037
Car -1 -1 -4.5598 674.4337 195.3774 705.1258 219.5965 1.6195 1.7181 4.0071 6.0244 3.3852 54.4178 -4.4509 0.0037
Car -1 -1 -3.2686 632.7460 192.3817 704.9252 217.0301 1.7706 1.8380 5.2424 4.3779 3.2743 54.5287 -3.1897 0.0034
Car -1 -1 -5.2697 839.4438 173.1760 878.6113 190.6638 1.5600 1.6029 3.8643 22.8852 1.5903 66.5042 -4.9400 0.0032
Pedestrian -1 -1 -8.3050 1071.1744 174.6163 1109.3077 242.3700 1.7693 0.6492 0.5906 12.7156 1.8167 19.1936 -7.7276 0.0032
Car -1 -1 -8.2323 677.8426 178.8154 718.3632 205.6029 2.0704 1.7792 4.4275 7.1476 2.5787 59.1894 -8.1132 0.0031
Pedestrian -1 -1 -8.7279 1066.4272 172.2493 1108.2371 240.4134 1.7836 0.6542 0.6691 12.7081 1.7674 19.2956 -8.1532 0.0031
Pedestrian -1 -1 -3.6873 819.8052 188.5747 873.7038 315.4164 1.6670 0.3831 0.5808 3.1559 1.8858 9.8022 -3.3860 0.0029
Car -1 -1 -7.6976 680.7390 178.0194 710.7728 204.7192 2.0837 1.7799 4.5977 7.1123 2.5284 59.7126 -7.5802 0.0029
Car -1 -1 -5.0472 845.9741 173.0344 877.2197 190.5121 1.5658 1.5785 3.7140 23.1398 1.5826 66.5381 -4.7142 0.0028
Car -1 -1 -3.3091 881.6390 181.7293 1004.0280 236.2230 1.5689 1.6721 3.1991 10.1715 1.8588 22.3782 -2.8881 0.0027
Pedestrian -1 -1 -6.8905 1007.8186 118.9773 1239.5898 374.0000 1.9453 0.6548 0.7672 2.6328 1.6831 3.8520 -6.3272 0.0026
Car -1 -1 -4.6493 676.1455 196.0742 702.5078 220.2501 1.6424 1.7629 4.0835 6.0890 3.4924 55.3331 -4.5411 0.0025
Car -1 -1 -4.5343 889.9903 174.9153 920.7568 196.0096 1.6471 1.6944 3.7254 24.0528 1.8204 58.7619 -4.1480 0.0022
Pedestrian -1 -1 -3.4659 842.2907 182.6886 914.6623 332.2614 1.7091 0.5035 0.6715 3.1057 1.8286 8.5342 -3.1294 0.0020
Car -1 -1 -8.2280 673.2372 177.2205 714.8955 204.9866 2.1635 1.8947 4.4629 6.8367 2.5370 59.3755 -8.1145 0.0020
Car -1 -1 -4.3525 888.3599 174.3264 927.7988 195.5999 1.6664 1.6896 3.9705 24.3017 1.7903 58.8307 -3.9629 0.0015
Car -1 -1 -4.7217 892.2645 174.8705 914.6385 195.0122 1.5803 1.6450 3.2633 23.8586 1.7494 58.7946 -4.3383 0.0013
Pedestrian -1 -1 -7.5561 435.4851 207.7376 465.8348 267.0726 1.4889 0.6713 0.4200 -4.1587 2.4001 18.6190 -7.7738 0.0010
Pedestrian -1 -1 -5.1629 1077.7534 159.7419 1124.5903 247.6064 2.2802 0.8103 0.6736 12.9485 1.9397 19.1142 -4.5753 0.0008
