Car -1 -1 -4.2816 194.2222 182.9551 331.1164 259.9034 1.6207 1.6238 3.5463 -8.2796 1.8895 17.4434 -4.7193 0.9998
Car -1 -1 -7.8192 576.9038 180.7886 614.1797 217.5020 1.6210 1.6603 4.4732 -0.6862 2.0311 35.0775 -7.8393 0.9982
Car -1 -1 -4.4319 380.2123 184.5544 443.9749 222.5494 1.4627 1.6051 3.9381 -8.4538 1.9969 30.9786 -4.6966 0.9898
Car -1 -1 -7.8230 575.7533 181.3934 612.2770 217.5249 1.5963 1.6438 4.1555 -0.7627 2.0343 34.9480 -7.8453 0.8756
Car -1 -1 -4.4473 379.3651 183.2504 442.9598 222.6814 1.5298 1.6219 4.0839 -8.5269 2.0072 31.1124 -4.7131 0.8088
Car -1 -1 -7.8226 578.1306 181.6488 615.2540 217.9803 1.5983 1.6684 4.5951 -0.6305 2.0548 35.1682 -7.8410 0.7700
Car -1 -1 -4.4599 382.5864 183.4859 444.0516 222.3738 1.5036 1.6426 3.7408 -8.3603 1.9849 30.8051 -4.7232 0.5969
Car -1 -1 -4.5558 379.5982 183.2437 433.7470 222.5997 1.5054 1.6426 3.7042 -8.5814 1.9730 30.5556 -4.8278 0.5670
Car -1 -1 -4.3442 432.5451 183.4501 492.8320 215.5878 1.5152 1.6744 4.2245 -7.6565 2.1013 37.7073 -4.5436 0.1936
Car -1 -1 -4.4382 442.2970 182.3548 493.2069 214.0596 1.5219 1.6092 3.9564 -7.4421 2.0474 37.8926 -4.6313 0.1448
Car -1 -1 -4.5336 445.2699 182.5145 492.1865 214.6048 1.5189 1.6579 4.3015 -7.3336 2.0512 37.6147 -4.7253 0.1309
Pedestrian -1 -1 -7.1997 15.1012 182.4860 53.0187 227.9876 1.6835 0.7001 0.9329 -21.8786 2.0549 27.3681 -7.8694 0.0841
Pedestrian -1 -1 -7.1594 10.1843 181.4830 50.5579 227.6994 1.6969 0.7162 0.9919 -21.8697 2.0277 27.1843 -7.8322 0.0786
Pedestrian -1 -1 -7.7052 769.5674 177.8781 787.3814 219.5187 1.7655 0.6695 0.5890 7.2167 1.9844 31.0844 -7.4798 0.0780
Car -1 -1 -4.6492 732.4244 179.6039 773.3378 214.6982 1.5337 1.6762 4.1471 6.8624 1.8779 34.6049 -4.4556 0.0779
Car -1 -1 -7.4860 330.2232 182.0710 434.8662 239.0211 1.5336 1.6300 4.3049 -6.9418 1.8469 22.3477 -7.7843 0.0731
Car -1 -1 -4.6422 746.2256 181.8291 781.1235 213.8049 1.4218 1.4257 3.4622 7.4462 1.8798 34.9865 -4.4348 0.0621
Pedestrian -1 -1 -6.6373 703.4649 174.7123 719.1585 210.6395 1.8118 0.6503 0.6033 5.1260 1.9073 36.8097 -6.5006 0.0590
Pedestrian -1 -1 -7.6594 772.4066 177.8633 791.1178 219.1299 1.7457 0.6863 0.5753 7.3437 1.9636 31.0243 -7.4297 0.0578
Car -1 -1 -4.5528 442.9831 182.5156 490.1170 215.8219 1.5573 1.6917 4.5192 -7.3906 2.0878 37.3515 -4.7473 0.0564
Car -1 -1 -4.5874 736.2113 179.6977 780.9872 214.6041 1.5082 1.5888 4.1317 7.0660 1.8537 34.2532 -4.3862 0.0524
Car -1 -1 -4.5543 449.5006 182.9224 493.6559 214.7756 1.5015 1.5987 4.2830 -7.1758 2.0554 37.5455 -4.7423 0.0518
Car -1 -1 -4.7633 739.0065 178.2572 779.3740 212.9684 1.5710 1.7177 3.9859 7.2216 1.8515 35.4062 -4.5643 0.0492
Car -1 -1 -5.6034 501.3319 180.9582 567.2211 205.8406 1.5667 1.6836 4.3038 -5.1467 2.1326 48.5297 -5.7090 0.0431
Car -1 -1 -4.5418 601.2225 177.3762 637.0628 207.3427 1.8655 1.6579 4.4253 0.6249 2.1803 47.9459 -4.5294 0.0428
Cyclist -1 -1 -8.4760 683.2808 172.1906 709.1407 204.3456 1.8602 0.5642 1.8131 5.0506 1.8215 42.6717 -8.3595 0.0411
Car -1 -1 -4.6056 737.2400 179.4062 777.5156 212.5692 1.4819 1.5444 3.6291 7.1462 1.8171 34.9817 -4.4063 0.0358
Pedestrian -1 -1 -5.0972 903.8658 179.4226 926.8602 226.2812 1.6298 0.5934 0.5180 10.7119 1.8634 25.4311 -4.7033 0.0338
Pedestrian -1 -1 -8.0616 702.9900 173.8910 718.2069 210.3826 1.8557 0.6662 0.5821 5.1198 1.9091 37.0251 -7.9258 0.0300
Pedestrian -1 -1 -4.4784 862.8866 162.4118 880.2545 202.6108 1.8588 0.6608 0.5300 12.2001 1.3757 33.7669 -4.1348 0.0296
Pedestrian -1 -1 -7.9250 775.4289 179.0318 792.8449 219.6132 1.7122 0.6812 0.6029 7.4106 1.9795 30.9027 -7.6925 0.0290
Car -1 -1 -5.2067 674.1371 176.0283 729.7336 202.5137 1.5631 1.6629 4.2010 5.6842 1.7723 45.3827 -5.0834 0.0276
Car -1 -1 -5.9961 767.6379 177.6996 885.4921 216.9070 1.5374 1.6428 4.5209 9.1216 1.7560 30.6811 -5.7104 0.0273
Cyclist -1 -1 -2.8904 0.0000 180.2912 52.1569 230.1348 1.8130 0.7068 1.7263 -22.1832 2.0993 27.1288 -3.5712 0.0271
Car -1 -1 -4.7424 612.7798 179.4143 638.9156 206.7778 1.7121 1.6112 4.1653 0.9892 2.1694 48.2386 -4.7226 0.0243
Car -1 -1 -2.8764 768.6262 177.4850 862.4269 215.2701 1.5179 1.5643 3.5897 8.7614 1.7266 30.9671 -2.6037 0.0240
Car -1 -1 -4.7283 736.3057 178.5623 773.5661 212.7577 1.5288 1.6762 3.9414 6.9523 1.8223 35.0435 -4.5346 0.0234
Cyclist -1 -1 -6.9975 6.1460 183.6631 66.0749 230.9353 1.6894 0.6968 1.7264 -21.5813 2.1090 27.1172 -7.6651 0.0222
Car -1 -1 -5.8033 500.5530 181.6514 572.4579 206.8001 1.6034 1.7021 4.5655 -5.0035 2.2178 48.7792 -5.9054 0.0220
Car -1 -1 -5.7012 501.7792 181.2138 570.4026 206.3090 1.5931 1.7025 4.3999 -5.0385 2.1781 48.7519 -5.8042 0.0210
Car -1 -1 -4.5719 461.4973 179.5933 500.3472 207.8060 1.5458 1.6765 4.3174 -7.6276 1.9654 42.7652 -4.7477 0.0200
Car -1 -1 -3.0750 772.6201 175.4855 874.9024 212.8177 1.5198 1.6505 4.1242 9.1634 1.6382 31.0662 -2.7913 0.0185
Cyclist -1 -1 -7.0403 0.0000 181.2161 58.6048 229.5677 1.7400 0.7099 1.7006 -21.8809 2.0649 27.1658 -7.7137 0.0185
Car -1 -1 -5.6963 767.0583 180.6239 859.8939 218.9642 1.4845 1.4465 3.5665 8.5004 1.8322 30.4961 -5.4276 0.0180
Cyclist -1 -1 -6.5929 0.0000 180.8189 51.2451 230.0468 1.7714 0.7260 1.6628 -22.2116 2.0806 27.1471 -7.2740 0.0179
Car -1 -1 -4.5861 465.6141 180.5437 502.5125 208.4040 1.5199 1.6337 4.1858 -7.4285 1.9970 42.6655 -4.7579 0.0178
Car -1 -1 -5.8594 769.6926 180.8528 867.8245 219.1655 1.4976 1.4594 3.7400 8.7957 1.8572 30.7026 -5.5836 0.0171
Car -1 -1 -4.5376 459.5675 181.9759 500.5140 210.9859 1.4914 1.5843 3.9731 -7.2459 2.0262 40.3341 -4.7147 0.0170
Car -1 -1 -6.0351 500.9338 181.7253 572.5177 206.4018 1.6110 1.7500 4.5636 -4.9988 2.2300 49.1673 -6.1363 0.0165
Car -1 -1 -3.1651 777.0590 175.2615 869.0918 211.1671 1.4847 1.6226 3.7296 9.1338 1.5929 31.2646 -2.8839 0.0150
Car -1 -1 -5.1398 674.9575 176.8734 721.1325 201.8178 1.4867 1.5546 3.5446 5.4774 1.7509 45.5503 -5.0214 0.0148
Car -1 -1 -4.3804 578.1667 179.9720 624.6191 207.8334 1.7326 1.7390 4.5511 -0.5509 2.2352 48.5464 -4.3923 0.0141
Car -1 -1 -4.5281 456.7451 181.4634 499.4186 210.9241 1.5145 1.6270 4.0586 -7.3484 2.0195 40.3149 -4.7077 0.0136
Car -1 -1 -5.8728 502.2030 181.0147 563.4380 202.3261 1.3798 1.6453 3.8035 -5.2756 1.9502 49.1059 -5.9797 0.0133
Car -1 -1 -7.7903 797.7379 169.8717 833.1689 199.6082 1.5761 1.6587 4.2268 11.5403 1.4177 40.5120 -7.5151 0.0128
Car -1 -1 -5.5198 765.0176 182.4688 846.5603 220.7765 1.4872 1.4597 3.2181 8.2161 1.9186 30.6454 -5.2609 0.0127
Car -1 -1 -4.9564 804.9305 171.8260 847.9451 198.0871 1.4016 1.5003 3.4262 11.9849 1.3464 40.2526 -4.6693 0.0122
Car -1 -1 -8.2289 675.4293 175.3400 729.7007 204.7972 1.7228 1.8260 4.4870 5.6656 1.8858 45.0035 -8.1050 0.0107
Car -1 -1 -5.0692 675.0576 176.0749 722.6783 203.0277 1.5888 1.6002 4.1591 5.4806 1.8004 45.2695 -4.9500 0.0105
Car -1 -1 -7.7874 818.2725 172.6427 853.0317 200.0973 1.4465 1.5964 3.9826 12.5604 1.4351 40.1619 -7.4868 0.0103
Car -1 -1 -6.2657 504.7499 181.5595 566.1134 203.4776 1.4490 1.6500 4.1181 -5.1255 2.0579 49.4927 -6.3688 0.0101
Car -1 -1 -4.6718 747.5452 181.0294 783.0953 214.0536 1.4382 1.5174 3.8167 7.4196 1.8515 34.4685 -4.4621 0.0094
Car -1 -1 -3.1559 744.7951 175.4101 833.5527 206.5808 1.6413 1.8163 4.6250 9.7518 1.7864 39.6237 -2.9169 0.0086
Car -1 -1 -4.7785 806.8342 167.6213 842.2659 197.6519 1.5936 1.6274 3.9009 11.9155 1.3156 40.3702 -4.4938 0.0083
Car -1 -1 -7.9102 814.4739 171.5484 849.1984 199.5917 1.4845 1.6147 3.9580 12.3041 1.4150 40.3075 -7.6164 0.0082
Car -1 -1 -7.5597 813.4370 172.8941 867.2911 200.8393 1.4630 1.6779 4.3103 12.7918 1.4650 40.0318 -7.2529 0.0081
Car -1 -1 -3.6228 764.6041 174.2369 869.9782 211.3534 1.5647 1.6084 4.1860 9.0450 1.6275 31.7237 -3.3480 0.0079
Pedestrian -1 -1 -7.7411 865.3769 166.0754 882.0514 203.8757 1.7385 0.6749 0.5338 12.2304 1.4265 33.5741 -7.3949 0.0078
Cyclist -1 -1 -8.6276 753.1945 177.2074 792.5836 219.2679 1.7736 0.5691 1.8140 7.0598 1.9692 31.5371 -8.4100 0.0078
Car -1 -1 -6.2466 755.0768 177.1843 839.1721 214.4284 1.5483 1.7550 3.4756 8.1626 1.7459 31.6383 -5.9970 0.0075
Car -1 -1 -4.7106 677.0506 179.4447 705.8008 202.3083 1.4011 1.8101 4.6862 5.3858 1.8619 48.0482 -4.6001 0.0072
Car -1 -1 -5.5480 757.0729 180.8206 836.9295 219.1955 1.5258 1.4479 3.1774 7.9734 1.8883 31.1282 -5.3002 0.0072
Cyclist -1 -1 -5.4827 758.8728 177.0420 796.1110 218.3625 1.7321 0.6304 1.6021 7.2013 1.9182 31.2657 -5.2591 0.0060
Car -1 -1 -4.5017 461.9699 182.5673 505.4937 209.5043 1.4511 1.6841 4.2009 -7.4177 2.0521 42.5368 -4.6737 0.0058
Pedestrian -1 -1 -6.6134 732.0474 175.6122 751.8195 213.5875 1.6990 0.7345 0.6795 5.9431 1.8255 32.7564 -6.4361 0.0057
Car -1 -1 -4.6048 461.4299 182.7993 502.6210 210.5137 1.4350 1.8206 4.9358 -7.3597 2.0442 41.6940 -4.7789 0.0056
Car -1 -1 -6.7116 769.4005 174.6347 857.5204 212.4485 1.6107 1.6233 3.3804 8.9211 1.6918 31.9043 -6.4418 0.0056
Car -1 -1 -8.6856 726.0229 181.0276 806.4066 216.6930 1.4778 1.5451 3.3786 6.9548 1.8670 32.5554 -8.4776 0.0054
Car -1 -1 -4.4074 314.1708 186.6458 364.6948 214.4538 1.4087 1.5488 3.9083 -15.1615 2.2209 40.5183 -4.7637 0.0052
Car -1 -1 -4.5483 475.9580 183.2575 514.1840 212.7804 1.4301 1.4392 3.4428 -6.0295 2.0011 37.8946 -4.7055 0.0048
Car -1 -1 -4.4382 322.7680 185.1142 372.0451 212.3703 1.3850 1.5944 3.9030 -14.6984 2.1065 40.4724 -4.7848 0.0047
Car -1 -1 -4.4457 470.4730 179.5630 511.8168 204.8673 1.5639 1.7018 4.0199 -7.8502 2.0274 47.7887 -4.6080 0.0047
Car -1 -1 -5.0245 674.7362 177.1274 716.9290 202.9591 1.5218 1.4575 4.0096 5.3026 1.8024 45.3136 -4.9093 0.0042
Car -1 -1 -4.0884 503.9772 181.4423 556.3819 203.1567 1.3959 1.5127 4.1086 -5.5395 2.0195 50.2546 -4.1980 0.0041
Car -1 -1 -8.7209 726.5602 180.4835 818.4017 219.5268 1.6021 1.6249 3.8944 7.1969 1.9665 32.4464 -8.5052 0.0041
Car -1 -1 -4.7871 673.8580 179.8060 702.8237 202.8880 1.4223 1.5881 4.1878 5.1204 1.9035 47.8546 -4.6817 0.0037
Cyclist -1 -1 -8.8492 771.3658 172.6865 816.0984 216.9614 1.8493 0.7000 1.7649 7.8436 1.8420 31.0221 -8.6044 0.0035
Cyclist -1 -1 -5.8822 760.6768 176.5356 801.8258 217.4667 1.7075 0.6330 1.5969 7.2978 1.8688 30.9560 -5.6534 0.0032
Pedestrian -1 -1 -3.5758 687.9455 183.0391 701.8946 222.2353 1.6433 0.4901 0.4214 3.5687 2.0806 30.7048 -3.4619 0.0031
Pedestrian -1 -1 -6.8785 735.7640 177.3795 756.9044 215.0412 1.6770 0.7241 0.6453 6.1335 1.8847 32.7001 -6.6953 0.0026
Car -1 -1 -4.4160 318.7682 187.3183 361.6918 213.3434 1.3562 1.3872 3.2987 -15.3772 2.2149 41.1636 -4.7718 0.0022
Car -1 -1 -4.1943 321.3744 186.0543 379.6149 212.6845 1.3866 1.4769 3.7694 -14.9004 2.1822 41.5209 -4.5372 0.0020
Cyclist -1 -1 -8.0291 490.8798 180.2349 502.4135 206.0565 1.5544 0.4061 1.7599 -7.0861 2.0220 44.8455 -8.1854 0.0019
Car -1 -1 -7.7098 772.6500 176.8313 820.5021 213.8648 1.5365 1.5639 3.7953 8.3915 1.7263 32.4298 -7.4593 0.0018
Cyclist -1 -1 -5.8760 762.3356 172.5371 804.8001 216.3439 1.8440 0.7107 1.6341 7.4430 1.8304 31.1454 -5.6441 0.0017
Cyclist -1 -1 -5.6177 761.6902 176.9981 799.3845 216.7265 1.6636 0.5845 1.5522 7.3120 1.8468 31.1657 -5.3900 0.0014
Car -1 -1 -4.3605 503.3086 179.9808 544.0272 201.9118 1.4266 1.5625 3.9384 -6.0120 1.9447 50.3930 -4.4791 0.0010
Car -1 -1 -4.3390 320.1262 187.3778 369.5616 215.0804 1.4404 1.4167 3.6513 -15.1484 2.3083 41.2896 -4.6890 0.0007
Cyclist -1 -1 -5.9497 759.5750 175.1967 799.5834 216.8062 1.7501 0.6186 1.5625 7.2621 1.8530 31.1010 -5.7230 0.0007
Car -1 -1 -5.9384 865.2009 189.7888 1020.7219 250.3938 1.4703 1.4441 3.7073 9.2442 1.9893 20.3187 -5.5178 0.0006
