Car -1 -1 -7.3285 39.4561 188.4758 244.1855 282.6148 1.5012 1.6146 3.5003 -8.4592 1.5699 13.3596 -7.8842 0.9999
Car -1 -1 -7.6712 443.7517 180.1335 505.5445 221.9046 1.4797 1.6492 3.7590 -5.0245 1.2998 27.3459 -7.8516 0.9998
Car -1 -1 -7.5365 290.7991 163.5098 448.7494 271.3716 1.8725 1.7254 4.3793 -4.6727 1.4958 14.6809 -7.8397 0.9998
Car -1 -1 -7.8308 574.1395 174.0421 623.1912 219.7299 1.5950 1.7133 3.5041 -0.3436 1.2051 26.8566 -7.8439 0.9987
Car -1 -1 -7.4073 227.0711 180.0272 315.2556 223.8928 1.5929 1.6793 3.6540 -13.0132 1.4046 27.9419 -7.8398 0.9862
Car -1 -1 -7.5071 422.2835 177.3704 475.1764 205.1308 1.4630 1.6262 3.9320 -8.7993 1.0497 39.9388 -7.7229 0.9306
Car -1 -1 -7.3837 228.0572 180.6029 310.4499 223.8318 1.5694 1.5885 3.2018 -13.0070 1.4021 27.7256 -7.8189 0.8899
Car -1 -1 -7.4719 423.8819 176.8620 480.0202 204.9536 1.4792 1.6156 4.1656 -8.6356 1.0395 40.0416 -7.6833 0.8258
Car -1 -1 -7.4110 226.7330 180.1468 316.4385 223.6347 1.5799 1.6856 3.8100 -13.0313 1.3959 28.0307 -7.8428 0.8055
Car -1 -1 -7.5748 420.4798 176.7329 469.6393 204.9540 1.4883 1.6361 3.9447 -9.0026 1.0411 39.9266 -7.7955 0.6478
Car -1 -1 -7.5660 421.8240 176.8190 468.5390 205.2480 1.4922 1.5754 3.4945 -8.9166 1.0516 39.5271 -7.7867 0.5268
Car -1 -1 -4.7992 525.0646 173.5194 554.3166 196.2920 1.5311 1.6719 4.3538 -4.8574 0.7449 50.6247 -4.8947 0.4628
Car -1 -1 -8.0632 526.9497 172.9575 563.4335 196.5606 1.5832 1.6673 4.4219 -4.4729 0.7612 50.5775 -8.1513 0.4231
Car -1 -1 -7.6429 528.7683 173.1471 564.1053 196.2539 1.5498 1.6585 4.0271 -4.2693 0.7405 50.3168 -7.7275 0.4082
Car -1 -1 -7.6802 525.0222 173.6556 558.7692 196.6478 1.5424 1.6620 4.1547 -4.5910 0.7671 50.3640 -7.7710 0.4016
Car -1 -1 -7.7762 537.3939 173.8179 565.9036 197.3157 1.5787 1.6789 4.0974 -3.9126 0.8131 50.3460 -7.8537 0.3471
Car -1 -1 -4.5861 525.7941 174.6358 556.7631 197.6922 1.5423 1.6954 3.6697 -4.6042 0.8347 49.9488 -4.6779 0.3130
Car -1 -1 -7.7987 522.1014 175.0414 549.3470 197.9227 1.5275 1.6851 3.5707 -4.9807 0.8484 49.8092 -7.8982 0.2759
Car -1 -1 -7.7624 523.5937 174.0311 552.4053 196.7009 1.5229 1.6445 4.0596 -4.8663 0.7717 50.3243 -7.8586 0.2718
Car -1 -1 -4.4397 528.8713 174.4195 566.2404 197.6020 1.5473 1.6526 3.7028 -4.1641 0.8269 49.9539 -4.5227 0.2350
Car -1 -1 -7.6733 537.9105 173.9052 572.3937 197.3951 1.5731 1.6846 4.1778 -3.6575 0.8158 50.3081 -7.7458 0.2036
Car -1 -1 -4.3822 0.0000 199.6967 16.7214 375.0000 1.4557 1.5729 3.8089 -7.7770 1.6483 7.4960 -5.1683 0.1924
Car -1 -1 -7.8892 521.4674 174.6771 547.4749 197.3795 1.5193 1.6611 3.9665 -5.1736 0.8142 50.1861 -7.9917 0.1795
Car -1 -1 -4.4856 0.0000 203.7318 27.3922 375.0000 1.4082 1.5281 3.6832 -7.8298 1.6652 7.9952 -5.2439 0.1712
Car -1 -1 -3.6245 0.0000 193.0438 23.6985 375.0000 1.5421 1.6266 4.0265 -8.5940 1.6440 7.1919 -4.4802 0.1657
Car -1 -1 -2.3477 0.0000 194.5694 38.3289 348.7178 1.5105 1.6386 3.9427 -9.0697 1.6269 8.0401 -3.1767 0.1435
Car -1 -1 -2.7002 0.0000 191.4214 24.5798 375.0000 1.5539 1.6636 4.0664 -9.0163 1.6332 7.5830 -3.5544 0.1432
Car -1 -1 -3.8702 0.0000 196.5858 29.5943 375.0000 1.5226 1.6260 4.1754 -8.2423 1.6678 7.0804 -4.7126 0.1416
Car -1 -1 -4.1105 0.0000 196.2176 25.2289 375.0000 1.4945 1.6092 4.2917 -7.8905 1.6368 7.0155 -4.9356 0.1376
Car -1 -1 -1.9654 0.0000 194.6770 41.1898 354.3416 1.5194 1.6593 3.9145 -8.9265 1.6514 8.5195 -2.7586 0.1350
Car -1 -1 -4.3841 532.3528 174.8237 572.5428 197.9179 1.5326 1.6082 3.8904 -3.8079 0.8431 49.7902 -4.4604 0.1311
Car -1 -1 -2.4954 0.0000 194.2088 21.6415 366.6290 1.5646 1.6576 4.0945 -9.3194 1.6788 7.8814 -3.3475 0.1156
Car -1 -1 -7.6288 0.0000 198.1900 11.6957 375.0000 1.5042 1.6189 3.8521 -8.1728 1.6879 8.1016 -8.4021 0.1146
Car -1 -1 -7.8231 543.3400 173.6279 570.5686 196.9408 1.5702 1.7810 4.3573 -3.5595 0.7899 50.6280 -7.8933 0.1045
Car -1 -1 -2.1263 0.0000 197.7358 24.1742 349.9507 1.5093 1.6516 4.0339 -9.4565 1.6788 8.5232 -2.9481 0.1028
Car -1 -1 -7.4127 0.0000 197.3431 25.3266 375.0000 1.5148 1.6221 3.8699 -8.1585 1.6816 7.7851 -8.2045 0.0961
Car -1 -1 -8.2772 525.0751 172.1156 575.5810 196.3023 1.6255 1.8167 4.6057 -4.1344 0.7452 50.7667 -8.3584 0.0948
Pedestrian -1 -1 -5.5989 1005.5112 156.5772 1061.5206 279.4052 1.7774 0.5322 0.4960 6.2948 1.3632 10.7296 -5.0800 0.0910
Car -1 -1 -4.7685 517.5948 174.5622 545.3761 197.9531 1.5572 1.7035 3.7081 -5.3431 0.8481 49.8239 -4.8751 0.0908
Car -1 -1 -4.2770 238.9487 182.0923 315.2641 214.6235 1.4201 1.5855 4.2253 -15.3344 1.2839 33.5008 -4.7035 0.0908
Car -1 -1 -7.6212 541.9957 174.1060 580.3811 197.9926 1.6015 1.7021 4.5023 -3.2432 0.8568 50.5573 -7.6853 0.0906
Car -1 -1 -8.0028 513.0047 174.5973 545.7723 197.3860 1.5175 1.6800 4.0420 -5.5185 0.8106 50.0377 -8.1125 0.0905
Pedestrian -1 -1 -2.6357 213.6725 181.9893 235.9554 222.0909 1.6257 0.6707 0.5502 -15.7406 1.4951 29.4825 -3.1227 0.0892
Car -1 -1 -2.3187 0.0000 196.7440 23.7802 349.7201 1.5310 1.6663 3.9889 -9.3889 1.6762 8.1864 -3.1562 0.0876
Pedestrian -1 -1 -5.6025 1001.2824 156.9116 1061.1957 280.0823 1.7923 0.5542 0.5524 6.3120 1.3806 10.8184 -5.0859 0.0782
Car -1 -1 -7.8253 56.4622 187.1712 139.0508 250.3009 1.5104 1.6684 3.9502 -13.7237 1.5692 19.4386 -8.4338 0.0781
Car -1 -1 -7.6233 55.1765 187.4058 166.8508 248.9115 1.4812 1.6659 3.6592 -13.3395 1.5467 19.4604 -8.2181 0.0732
Car -1 -1 -2.7651 0.0000 190.8475 5.6790 375.0000 1.5834 1.7386 4.1266 -9.2074 1.6560 7.5053 -3.6345 0.0722
Car -1 -1 -1.8255 0.0000 196.1006 35.5516 351.3623 1.4967 1.6269 3.8896 -8.9584 1.6568 8.8658 -2.6012 0.0696
Car -1 -1 -8.3974 529.5269 173.3482 582.8430 196.6466 1.5820 1.7448 4.4135 -3.7382 0.7763 51.1156 -8.4704 0.0620
Car -1 -1 -1.6828 0.0000 197.5054 24.0201 348.7749 1.4797 1.6231 3.8962 -9.0387 1.6693 9.2091 -2.4444 0.0601
Car -1 -1 -1.9258 0.0000 197.5508 26.5397 353.0165 1.5060 1.6710 4.1189 -9.3488 1.6848 8.8135 -2.7256 0.0577
Car -1 -1 -7.0318 48.9182 188.0641 223.6955 249.3151 1.4790 1.6741 3.8756 -12.7245 1.5653 19.6381 -7.6008 0.0541
Car -1 -1 -4.3161 534.3922 173.9094 579.5403 197.3539 1.5612 1.6216 4.2662 -3.5119 0.8085 50.1508 -4.3860 0.0531
Car -1 -1 -6.1678 732.3379 175.7441 838.1676 214.1077 1.4553 1.6009 3.9491 7.0518 1.0962 28.7042 -5.9296 0.0461
Car -1 -1 -7.1275 39.9961 188.2766 203.4790 249.7816 1.4927 1.6294 3.6967 -13.0949 1.5845 19.5857 -7.7108 0.0439
Car -1 -1 -7.6873 727.0267 178.1970 780.7042 213.2864 1.3763 1.6452 3.5713 6.1413 1.1012 30.1569 -7.4887 0.0422
Cyclist -1 -1 -7.4441 206.2550 182.6026 231.6499 222.4134 1.5750 0.3623 1.4351 -15.8043 1.4718 29.1698 -7.9371 0.0398
Car -1 -1 -6.0156 725.0248 177.5864 832.8581 215.4325 1.4246 1.5808 3.9090 6.7725 1.1376 28.6851 -5.7864 0.0356
Car -1 -1 -5.7730 715.7739 179.2683 828.0609 216.4915 1.3815 1.6527 4.0701 6.4445 1.1609 28.6510 -5.5542 0.0355
Car -1 -1 -5.8875 730.1165 175.3086 843.2462 215.5471 1.4858 1.6178 4.0211 6.9821 1.1201 28.3865 -5.6490 0.0336
Car -1 -1 -6.3068 726.8642 177.9999 828.7722 213.9974 1.3942 1.5467 3.8961 6.7666 1.1149 28.9915 -6.0800 0.0331
Car -1 -1 -4.1253 224.9102 181.8742 315.0612 215.0783 1.4119 1.5916 4.3133 -15.3327 1.2700 32.8203 -4.5595 0.0329
Car -1 -1 -7.8060 736.8110 178.7077 779.6008 214.1205 1.3845 1.5862 3.7683 6.3143 1.1302 30.1275 -7.6017 0.0325
Car -1 -1 -8.0869 542.8011 174.3395 579.3736 196.4569 1.5089 1.6712 4.2060 -3.3982 0.7671 51.2994 -8.1530 0.0310
Car -1 -1 -6.8293 716.3948 177.9740 814.7859 213.9720 1.4163 1.6208 3.6551 6.4580 1.1315 29.6467 -6.6172 0.0297
Car -1 -1 -2.9046 710.6520 176.8873 810.6214 216.0487 1.5034 1.5795 3.6935 6.1435 1.1839 29.1023 -2.6989 0.0277
Car -1 -1 -3.1865 712.8292 178.0159 799.8621 215.6405 1.4807 1.6278 3.3888 5.9691 1.1975 29.3532 -2.9882 0.0269
Car -1 -1 -6.5252 722.1858 178.5605 823.0987 213.8625 1.4012 1.5436 3.7503 6.6397 1.1372 29.3457 -6.3052 0.0250
Car -1 -1 -7.8678 553.8639 174.8234 577.6953 197.1472 1.5333 1.6363 4.0440 -3.0581 0.8197 51.4512 -7.9273 0.0243
Car -1 -1 -2.7116 716.4279 176.1668 818.7719 214.8540 1.4591 1.5803 3.6850 6.3409 1.1180 28.8504 -2.4977 0.0234
Car -1 -1 -6.7682 721.6763 177.5969 819.1843 213.2283 1.4117 1.5868 3.6093 6.6663 1.1100 29.7211 -6.5499 0.0228
Car -1 -1 -4.1499 235.7299 181.9490 320.9515 212.8522 1.3245 1.5749 4.1469 -15.0312 1.1847 32.9718 -4.5749 0.0211
Car -1 -1 -7.8158 728.3780 179.1803 770.3671 214.5728 1.3924 1.6065 3.4216 5.9393 1.1551 30.1293 -7.6234 0.0202
Car -1 -1 -4.5275 662.3290 173.3211 696.5066 201.0024 1.6975 1.5309 3.6986 4.6030 0.9683 46.0723 -4.4289 0.0177
Car -1 -1 -8.7824 717.7003 177.0932 815.1060 216.0170 1.4597 1.5848 3.5699 6.2648 1.1552 28.8238 -8.5708 0.0172
Car -1 -1 -4.2659 0.0000 200.9147 126.0310 266.8418 1.2868 1.5414 3.5769 -13.0088 1.6965 16.8464 -4.9161 0.0166
Car -1 -1 -7.7183 555.1039 175.0903 586.0779 197.3804 1.5324 1.6684 4.2034 -2.6461 0.8365 51.5852 -7.7696 0.0160
Car -1 -1 -5.7395 720.1052 177.9803 826.8848 216.0242 1.4031 1.5263 3.8755 6.4494 1.1364 28.4048 -5.5188 0.0159
Car -1 -1 -7.4981 732.7026 177.2799 802.4653 213.3577 1.4027 1.6498 3.7296 6.6768 1.0943 29.9640 -7.2812 0.0155
Car -1 -1 -8.3808 721.3975 178.8525 797.0070 215.4695 1.4097 1.4972 3.4434 6.1114 1.1649 29.5456 -8.1792 0.0147
Car -1 -1 -3.9544 212.9593 182.3100 313.4497 214.8473 1.3541 1.5624 4.2379 -15.3346 1.2333 32.1726 -4.3963 0.0143
Car -1 -1 -7.0447 730.4847 176.4941 823.8338 214.2120 1.4573 1.6223 3.5915 6.8988 1.1205 29.3860 -6.8166 0.0135
Cyclist -1 -1 -7.5185 211.1253 184.2350 234.3615 223.7528 1.5552 0.3801 1.4142 -15.5705 1.5168 29.0182 -8.0075 0.0124
Car -1 -1 -5.3736 726.5187 177.2685 815.2633 213.1194 1.3523 1.5827 3.6485 6.4835 1.0527 29.1028 -5.1569 0.0113
Car -1 -1 -7.6512 559.5180 175.2245 593.6456 197.4278 1.5264 1.6341 4.2212 -2.2154 0.8397 51.6329 -7.6942 0.0105
Car -1 -1 -7.6218 732.3828 176.5139 795.7556 214.1749 1.4576 1.7510 3.8336 6.5282 1.1210 29.9298 -7.4094 0.0090
Car -1 -1 -7.8890 570.3177 174.9618 595.0938 196.0055 1.4521 1.6320 4.0079 -1.8564 0.7447 51.6609 -7.9251 0.0089
Car -1 -1 -4.6946 474.7440 179.0612 497.8477 198.5699 1.4007 1.6317 4.0387 -9.0658 0.9590 53.7323 -4.8613 0.0087
Car -1 -1 -6.8119 730.4361 174.3312 832.5180 212.5354 1.4792 1.6647 3.6920 6.9902 1.0579 29.1678 -6.5792 0.0076
Car -1 -1 -7.7513 573.2366 175.1620 601.5208 196.5145 1.4695 1.6152 4.1504 -1.4459 0.7778 51.6019 -7.7795 0.0053
Car -1 -1 -4.4929 476.7367 173.6923 506.0235 194.3449 1.5392 1.4167 3.9149 -8.9770 0.6805 55.5704 -4.6526 0.0039
Cyclist -1 -1 -7.2494 180.6281 179.8793 225.2591 221.6940 1.6650 0.6427 1.8813 -16.6753 1.4527 29.5905 -7.7590 0.0037
Car -1 -1 -4.6715 476.2504 173.8848 503.9365 199.4656 1.8342 1.8588 4.8095 -8.8183 1.0219 54.0421 -4.8329 0.0036
Car -1 -1 -4.4865 468.9522 175.9569 505.7015 200.0228 1.7412 1.8016 4.3690 -9.0541 1.0715 54.2464 -4.6515 0.0035
Car -1 -1 -4.5188 475.0144 174.3297 508.3241 197.2424 1.6655 1.6929 4.3046 -8.7614 0.8743 54.4318 -4.6779 0.0034
Car -1 -1 -4.2845 460.9133 176.6361 506.1096 200.6248 1.7318 1.7395 4.2740 -9.3277 1.1126 54.1841 -4.4545 0.0031
Car -1 -1 -4.5027 468.7375 176.3832 500.0981 198.4798 1.6124 1.5755 3.8359 -9.3138 0.9681 54.4040 -4.6718 0.0025
Cyclist -1 -1 -8.0575 816.5267 172.4284 850.8373 257.5714 1.6900 0.3864 1.4373 4.6461 1.4364 15.0022 -7.7628 0.0002
Pedestrian -1 -1 -4.5420 456.7768 190.2489 481.7206 270.1624 1.4615 0.3766 0.5145 -2.6377 1.5576 13.4404 -4.7325 0.0000
