Car -1 -1 -4.3000 178.0527 186.1768 357.8040 286.1284 1.6145 1.6601 4.0763 -6.5537 1.9151 14.2492 -4.7246 0.9997
Car -1 -1 -4.1123 0.0000 186.1757 213.3966 374.0000 1.7219 1.6239 4.0161 -6.2623 1.9063 7.9548 -4.7633 0.9992
Car -1 -1 -4.5983 484.5360 180.9125 539.6822 221.0317 1.4940 1.7804 4.3287 -4.0206 1.8523 29.9262 -4.7313 0.9980
Car -1 -1 -4.4463 376.1974 186.9271 448.8109 232.9657 1.4153 1.5268 3.6295 -6.8282 1.9401 25.1084 -4.7097 0.9960
Car -1 -1 -7.8900 629.3135 175.1609 656.6246 199.1098 1.4757 1.6140 4.1861 2.0726 1.6322 46.9624 -7.8466 0.9777
Car -1 -1 -3.3400 706.1092 163.2912 791.1633 196.2863 1.7825 1.7161 4.3579 7.5728 1.2656 39.8646 -3.1540 0.9647
Car -1 -1 -3.2835 698.5085 163.9827 777.8753 194.3420 1.7667 1.6882 4.4475 7.5360 1.2502 42.9013 -3.1111 0.9178
Car -1 -1 -4.7857 519.9241 180.5737 551.5490 207.8155 1.4503 1.5372 3.6203 -4.3358 1.9136 41.4173 -4.8898 0.9041
Car -1 -1 -4.5618 463.0058 183.0657 503.2133 211.4575 1.4351 1.5984 4.0963 -7.0185 2.0304 40.0223 -4.7348 0.8652
Car -1 -1 -4.6075 483.4520 181.7346 538.4258 221.9744 1.4852 1.8002 4.3227 -4.0496 1.8784 29.7830 -4.7420 0.8503
Car -1 -1 -4.4407 374.6285 186.5260 450.7673 232.6130 1.4185 1.6081 3.7490 -6.8408 1.9315 25.2064 -4.7036 0.8482
Car -1 -1 -7.8981 627.8455 174.3690 655.9752 199.5608 1.5564 1.6318 4.2130 2.0015 1.6591 46.9415 -7.8562 0.7883
Car -1 -1 -6.9644 1159.6890 151.3862 1241.0000 203.4080 1.5015 1.5420 3.3307 18.6996 0.8816 21.6370 -6.2585 0.7755
Car -1 -1 -4.7878 517.7822 179.7503 550.8690 208.1722 1.5152 1.6002 3.8126 -4.4254 1.9305 41.4655 -4.8940 0.7721
Car -1 -1 -4.6008 486.3726 181.4140 539.3790 221.2252 1.4737 1.7044 4.1909 -3.9683 1.8512 29.7300 -4.7329 0.7638
Car -1 -1 -4.4573 462.1371 183.1294 510.5276 211.3546 1.4203 1.6547 4.1174 -6.8230 2.0195 39.9754 -4.6257 0.7581
Car -1 -1 -7.8851 630.6369 174.9708 657.5923 198.7549 1.4663 1.6112 4.1741 2.1474 1.6099 46.9557 -7.8401 0.7504
Car -1 -1 -3.3127 696.9423 165.7244 767.9801 194.1674 1.6612 1.6380 3.9459 7.2178 1.2445 42.9725 -3.1478 0.7381
Car -1 -1 -7.9024 629.8710 174.7908 657.7239 198.8121 1.4802 1.6067 3.8160 2.1162 1.6104 46.6821 -7.8578 0.7158
Car -1 -1 -6.8865 1154.8361 150.1349 1241.0000 205.9908 1.5929 1.6467 3.9757 18.9390 0.9447 21.6120 -6.1737 0.7077
Car -1 -1 -4.7755 520.8857 180.3166 552.3052 207.8512 1.4663 1.5703 3.3026 -4.2545 1.9096 41.1347 -4.8784 0.6765
Car -1 -1 -3.1160 697.5025 164.8931 775.4410 194.7734 1.7173 1.6873 4.4590 7.4497 1.2594 42.7310 -2.9449 0.6696
Car -1 -1 -4.5673 462.1427 183.2184 501.4479 211.9650 1.4444 1.5894 3.7853 -7.0135 2.0398 39.5520 -4.7421 0.6632
Car -1 -1 -4.5085 463.9600 182.8502 508.2913 211.4118 1.4390 1.6252 4.0432 -6.8158 2.0190 39.8367 -4.6773 0.6139
Car -1 -1 -4.6559 519.8667 180.1171 551.8660 207.9544 1.4847 1.6101 4.0778 -4.2687 1.9244 41.6373 -4.7579 0.5888
Car -1 -1 -4.6767 523.3936 180.5505 551.8609 207.6568 1.4471 1.5009 3.4618 -4.1449 1.9064 41.3047 -4.7766 0.5724
Car -1 -1 -6.9483 1154.2911 151.9291 1241.0000 205.8383 1.5582 1.6220 3.7017 18.8392 0.9531 21.7439 -6.2411 0.5259
Car -1 -1 -4.6596 464.7521 183.1551 499.1883 211.4429 1.4216 1.6592 4.3189 -7.1066 2.0264 40.1404 -4.8342 0.4856
Car -1 -1 -4.5606 521.6330 179.5519 558.9169 207.5212 1.4977 1.5691 3.8877 -4.0050 1.9017 41.5713 -4.6565 0.4655
Car -1 -1 -7.6869 463.0504 182.5913 504.5832 211.3675 1.4673 1.5880 4.3650 -7.0498 2.0425 40.4579 -7.8588 0.4343
Car -1 -1 -4.8715 509.7217 179.8585 551.4266 208.2108 1.5010 1.7239 4.2911 -4.6727 1.9272 41.6330 -4.9831 0.4224
Car -1 -1 -4.7905 515.6178 179.7543 550.5040 208.3221 1.5039 1.6733 3.7409 -4.4434 1.9142 40.9406 -4.8985 0.4123
Car -1 -1 -4.6890 525.3760 180.2392 554.2709 207.5191 1.4413 1.5506 3.5104 -3.9796 1.8782 40.9072 -4.7858 0.4115
Car -1 -1 -4.6549 462.9449 183.1063 496.3958 211.6823 1.4327 1.5855 3.9756 -7.1661 2.0263 39.7290 -4.8326 0.4081
Car -1 -1 -5.2248 860.6392 165.2875 920.2819 191.8104 1.6322 1.7573 4.1676 17.9966 1.1662 46.5919 -4.8586 0.3958
Car -1 -1 -5.2310 865.2723 166.2197 925.6708 192.7982 1.6093 1.7341 4.1332 18.0292 1.2073 45.8585 -4.8589 0.3770
Car -1 -1 -4.8356 523.0194 180.3844 559.2194 208.3274 1.4556 1.5927 3.5426 -3.9441 1.8980 40.5151 -4.9325 0.3125
Car -1 -1 -4.8295 517.2596 179.4294 555.0964 209.5295 1.5610 1.6640 3.7945 -4.2088 1.9469 40.3420 -4.9333 0.3068
Car -1 -1 -8.3486 853.2905 163.7722 911.9216 189.3287 1.5917 1.6792 4.4173 17.7310 1.0258 47.2418 -7.9918 0.2833
Car -1 -1 -6.8850 1163.6416 151.2015 1241.0000 205.4730 1.5411 1.4856 3.5458 18.7873 0.9260 21.4241 -6.1720 0.2778
Car -1 -1 -5.1858 864.1655 166.0187 920.5118 193.3767 1.6658 1.6843 4.0204 17.8993 1.2493 46.0208 -4.8173 0.2655
Car -1 -1 -8.3334 857.3380 165.5681 915.3845 193.0389 1.7064 1.8044 4.1494 17.8844 1.2535 46.9861 -7.9721 0.2545
Car -1 -1 -4.4488 619.6773 176.4281 660.1655 199.1256 1.4926 1.6970 4.6322 2.1256 1.7555 50.6875 -4.4076 0.2348
Car -1 -1 -7.1074 1151.0886 150.3819 1241.0000 204.4800 1.5420 1.5195 3.2003 18.1894 0.9012 21.5268 -6.4126 0.2298
Car -1 -1 -5.1265 866.0162 165.4998 916.0607 193.4653 1.7049 1.6307 3.6183 17.7561 1.2562 45.8323 -4.7593 0.2282
Pedestrian -1 -1 -2.4798 210.2801 184.2867 224.6311 223.7165 1.9096 0.5342 0.3679 -19.3019 2.4750 35.4086 -2.9760 0.2278
Car -1 -1 -4.9216 506.2112 179.9601 551.2607 208.8105 1.5214 1.7585 4.0171 -4.7402 1.9494 41.3090 -5.0356 0.2261
Car -1 -1 -4.5803 460.0508 182.5992 498.0982 212.6005 1.4773 1.5440 3.5401 -6.9779 2.0214 38.5048 -4.7588 0.2131
Car -1 -1 -4.6206 459.9275 183.4456 495.8576 212.3468 1.4440 1.6014 3.5723 -7.1796 2.0471 39.2560 -4.8008 0.1964
Car -1 -1 -4.8383 616.5478 177.8868 647.7176 200.0061 1.4508 1.6180 4.5712 1.4781 1.8209 50.7509 -4.8098 0.1610
Car -1 -1 -4.6990 623.3415 177.8333 648.4551 199.7071 1.4334 1.6848 4.7931 1.8215 1.8007 50.8271 -4.6638 0.1537
Car -1 -1 -8.3002 861.6489 165.3559 915.4245 193.1318 1.7083 1.7535 3.7672 17.7825 1.2469 46.3267 -7.9361 0.1352
Pedestrian -1 -1 -5.3492 208.8118 184.1828 223.3983 222.8825 1.8673 0.5235 0.3460 -19.3130 2.4262 35.3063 -5.8469 0.1308
Car -1 -1 -6.7720 887.6707 155.7063 954.2230 180.5791 1.6617 1.6362 3.8491 21.1339 0.5158 49.1845 -6.3684 0.1251
Car -1 -1 -6.8553 887.8115 155.5296 956.7957 180.5744 1.6731 1.7119 4.0534 21.3184 0.5155 49.3835 -6.4500 0.1237
Pedestrian -1 -1 -5.7284 209.4501 175.6151 238.4209 237.2940 1.8375 0.5466 0.5694 -11.7149 1.9217 21.8129 -6.2165 0.1158
Car -1 -1 -5.1915 867.7065 164.4806 926.7397 193.3237 1.7264 1.7096 4.1516 17.9341 1.2249 45.3421 -4.8173 0.0929
Pedestrian -1 -1 -2.7005 213.6138 184.1296 225.9674 224.4197 1.9528 0.5261 0.3407 -19.1805 2.5099 35.3961 -3.1943 0.0905
Pedestrian -1 -1 -5.7385 213.0543 174.6381 240.6119 237.0595 1.8590 0.5440 0.5295 -11.6166 1.9133 21.7923 -6.2235 0.0699
Car -1 -1 -7.7943 696.8448 169.0088 723.2114 192.3296 1.5494 1.5960 3.6741 6.9155 1.2936 49.8955 -7.6578 0.0638
Car -1 -1 -8.4365 1116.9446 153.0903 1241.0000 206.3601 1.5374 1.5952 3.7413 17.9401 0.9667 22.7516 -7.7752 0.0591
Car -1 -1 -4.7220 122.7760 192.8962 207.7995 267.7256 1.4713 1.5709 3.6537 -10.6430 2.0036 17.2065 -5.2693 0.0574
Car -1 -1 -7.9294 692.9703 169.5713 720.7056 192.6219 1.5361 1.6057 3.9155 6.6518 1.3171 50.0839 -7.7985 0.0564
Pedestrian -1 -1 -5.6667 212.9304 184.8575 225.7060 224.0481 1.8948 0.4904 0.3261 -19.1571 2.4863 35.3094 -6.1610 0.0535
Car -1 -1 -4.7105 121.5050 197.3589 208.8144 273.6346 1.4325 1.5734 3.8231 -10.4326 2.0757 16.9060 -5.2567 0.0345
Car -1 -1 -6.4916 686.8993 168.8655 748.5947 191.7357 1.5304 1.5851 3.9145 7.2856 1.2632 49.1950 -6.3458 0.0249
Pedestrian -1 -1 -5.4915 201.5212 175.8494 237.7309 239.1251 1.8523 0.6214 0.7260 -11.7110 1.9432 21.5639 -5.9841 0.0248
Pedestrian -1 -1 -2.7936 210.3286 176.3632 240.0362 236.9281 1.7804 0.5287 0.6405 -11.5372 1.8864 21.5523 -3.2803 0.0240
Car -1 -1 -4.8026 114.7849 190.7981 209.9778 264.0985 1.4663 1.6192 3.9061 -10.9689 1.9517 17.4839 -5.3564 0.0230
Car -1 -1 -4.5370 98.2022 196.2440 215.5792 277.6040 1.5021 1.5888 3.9759 -10.3607 2.1123 16.6930 -5.0857 0.0222
Car -1 -1 -6.7731 681.8099 169.9068 743.0612 192.4499 1.5037 1.6178 3.8578 6.9987 1.3068 49.5515 -6.6339 0.0196
Car -1 -1 -6.3307 869.2773 166.4760 936.6354 193.7515 1.6859 1.7787 3.8967 18.6051 1.2914 46.0772 -5.9494 0.0182
Car -1 -1 -4.4441 56.9123 196.4999 208.0088 286.1502 1.4876 1.6263 3.9062 -9.8857 2.0541 15.1901 -5.0133 0.0148
Car -1 -1 -7.7524 679.4422 170.4175 709.0140 193.5259 1.5407 1.6519 4.0219 5.8710 1.3780 50.2499 -7.6371 0.0138
Car -1 -1 -4.1554 4.2993 193.5905 211.9279 283.5049 1.5014 1.6158 4.0374 -10.2167 1.9919 15.0346 -4.7443 0.0131
Pedestrian -1 -1 -5.7360 170.4920 181.3397 188.0616 227.5423 1.6399 0.5103 0.3241 -15.5410 1.9479 25.9615 -6.2712 0.0128
Car -1 -1 -6.3870 675.3110 168.5713 741.1304 193.1903 1.6478 1.7087 4.2895 6.6248 1.3608 49.2090 -6.2544 0.0121
Car -1 -1 -3.8134 0.0000 193.5550 222.8643 284.0619 1.4957 1.6897 4.2061 -10.5874 1.9967 15.2158 -4.4133 0.0112
Car -1 -1 -6.4517 677.4562 168.6250 739.4283 191.9750 1.5752 1.6902 3.9898 6.7005 1.2896 49.5893 -6.3185 0.0111
Car -1 -1 -7.8860 677.7908 171.1584 704.6212 193.8689 1.5172 1.7226 3.7437 5.5753 1.4037 50.1373 -7.7763 0.0108
Car -1 -1 -6.3232 673.3334 169.9061 735.1711 192.7097 1.5180 1.5892 4.0990 6.3270 1.3214 49.0011 -6.1959 0.0099
Car -1 -1 -8.2405 878.2250 153.5572 924.5644 180.8978 1.8282 1.6531 3.8291 20.1672 0.5376 50.1669 -7.8603 0.0081
Pedestrian -1 -1 -5.6840 172.9239 182.0585 190.5571 227.4858 1.6205 0.4862 0.3316 -15.5316 1.9563 26.0947 -6.2166 0.0074
Car -1 -1 -8.3379 875.7577 155.2287 923.1950 182.1973 1.7994 1.6223 3.4411 19.9499 0.6231 49.9384 -7.9600 0.0071
Car -1 -1 -4.2398 39.9665 196.2750 218.4767 282.1737 1.4871 1.5534 3.9394 -10.2211 2.0605 15.6387 -4.8112 0.0067
Car -1 -1 -4.1514 25.6319 192.0518 228.0994 276.4336 1.5152 1.6668 4.3189 -10.5361 2.0013 16.1113 -4.7233 0.0066
Car -1 -1 -6.4304 684.3056 169.9227 744.3141 192.0504 1.4813 1.4900 3.8582 7.0295 1.2848 49.0583 -6.2892 0.0064
Pedestrian -1 -1 -5.4503 202.3109 177.8693 220.9745 221.6941 1.5931 0.5305 0.3118 -14.7286 1.7798 26.5992 -5.9520 0.0062
Car -1 -1 -7.8449 689.2075 170.6592 712.8399 193.3116 1.5105 1.5668 4.0492 6.3171 1.3639 50.2243 -7.7208 0.0050
Cyclist -1 -1 -7.4245 202.4586 176.2692 244.5100 238.4038 1.8032 0.4706 1.6614 -11.7428 1.9105 21.8760 -7.9124 0.0046
Car -1 -1 -4.3992 458.1201 181.4506 504.3350 206.3954 1.4495 1.6631 4.1977 -8.1151 2.0189 45.6309 -4.5746 0.0041
Cyclist -1 -1 -5.7133 191.1279 178.7756 258.2305 238.8338 1.7834 0.5372 1.7855 -11.7002 1.9651 21.8348 -6.2005 0.0032
Pedestrian -1 -1 -5.2122 162.6825 173.1538 186.7060 221.5907 1.7169 0.6142 0.4197 -15.7004 1.7276 25.9516 -5.7519 0.0029
Cyclist -1 -1 -7.9556 359.1208 181.7316 383.6390 253.2999 1.7403 0.4241 1.7788 -6.2365 1.9808 18.6671 -8.2744 0.0029
Pedestrian -1 -1 -3.7414 1044.2551 141.4918 1094.1937 256.4907 1.8988 0.5858 0.4592 7.7113 1.3807 12.2173 -3.1897 0.0017
Pedestrian -1 -1 -2.0588 166.1258 176.8877 188.9473 228.7059 1.8500 0.5568 0.4667 -15.7326 1.9980 26.1749 -2.5958 0.0015
Cyclist -1 -1 -6.8062 697.7958 165.1031 725.6390 192.7745 1.8316 0.6975 1.7336 6.7917 1.3183 48.4083 -6.6680 0.0011
Pedestrian -1 -1 -6.4323 1105.8915 134.0001 1156.8221 268.2873 1.7531 0.5836 0.4684 7.0010 1.2456 9.7847 -5.8257 0.0010
Car -1 -1 -7.3997 252.5175 154.2760 317.7508 194.1552 2.1157 1.6118 4.2784 -18.1524 1.1298 40.4458 -7.8193 0.0005
Pedestrian -1 -1 -4.4834 365.4193 198.8539 387.1918 253.2563 1.3154 0.4408 0.3643 -5.8255 1.9651 17.8374 -4.7953 0.0000
