Car -1 -1 -8.0190 674.8231 185.4937 763.4116 252.5915 1.4920 1.5887 4.1480 2.6859 1.8599 18.9279 -7.8812 0.9999
Car -1 -1 -4.5255 385.6936 193.7607 513.7954 291.1649 1.4432 1.6156 3.7721 -2.8634 1.8866 13.4096 -4.7329 0.9998
Car -1 -1 -7.6725 437.9131 189.6288 532.3297 256.7843 1.4628 1.6754 4.3007 -3.1925 1.9536 18.9613 -7.8379 0.9975
Car -1 -1 -8.0237 647.6079 187.2802 702.3815 227.0333 1.4373 1.5895 3.7878 2.5405 2.0651 29.4604 -7.9393 0.9973
Car -1 -1 -7.8137 522.3218 188.3711 562.2853 225.6437 1.4483 1.5921 3.8876 -2.9595 2.1718 31.6720 -7.9068 0.9964
Car -1 -1 -8.0143 662.5503 188.5519 730.7474 237.3230 1.4183 1.6265 4.0809 2.7881 1.9939 24.3973 -7.9028 0.9556
Car -1 -1 -7.9988 662.6044 188.4335 728.9279 237.8948 1.4381 1.6159 4.1052 2.7563 2.0089 24.3684 -7.8884 0.9422
Car -1 -1 -7.9923 644.8652 178.6152 692.7389 220.2425 1.8143 1.7071 3.9142 2.6671 2.1016 34.0089 -7.9154 0.9278
Car -1 -1 -7.7972 631.6306 184.1562 656.7090 206.7841 1.5169 1.6051 3.9426 2.4866 2.3702 52.4542 -7.7506 0.8862
Car -1 -1 -7.9998 662.6603 189.2383 728.8096 238.2007 1.4146 1.6054 4.0578 2.7458 2.0123 24.2781 -7.8894 0.8600
Car -1 -1 -7.8340 521.6064 188.3970 560.1616 226.0004 1.4603 1.5816 3.8777 -3.0362 2.1849 31.6606 -7.9295 0.8480
Car -1 -1 -7.7757 630.4033 183.9684 655.9416 206.5440 1.5151 1.5601 3.8869 2.4133 2.3538 52.4425 -7.7305 0.8381
Car -1 -1 -7.6848 440.3291 189.4404 529.2479 255.6394 1.4657 1.6294 4.0995 -3.2311 1.9506 19.0550 -7.8514 0.8250
Car -1 -1 -8.0174 647.9827 187.3164 704.6268 227.7394 1.4559 1.6581 3.9791 2.5914 2.0880 29.5005 -7.9314 0.7389
Car -1 -1 -8.0132 643.2358 181.3222 690.8318 220.1842 1.6733 1.6144 3.9232 2.5817 2.0955 33.9727 -7.9387 0.7382
Car -1 -1 -4.7856 544.9292 184.7602 577.6240 213.1020 1.5185 1.6248 3.9699 -2.9471 2.2536 42.4868 -4.8550 0.7329
Car -1 -1 -8.0164 662.4354 188.2683 729.4726 237.6873 1.4235 1.5616 4.0324 2.7340 1.9823 24.1183 -7.9058 0.6595
Car -1 -1 -4.6821 570.3590 183.1053 588.4926 200.4774 1.5643 1.6244 4.0754 -2.9363 2.5796 69.4371 -4.7247 0.6514
Car -1 -1 -4.7874 542.5669 184.8412 575.3632 213.0350 1.5039 1.6241 3.7838 -3.0591 2.2374 42.1726 -4.8599 0.5933
Car -1 -1 -4.6352 571.6392 183.4064 591.1180 200.6542 1.5523 1.5760 3.9295 -2.7453 2.5956 69.3680 -4.6751 0.5908
Car -1 -1 -7.7576 632.8022 183.7412 659.4243 206.4168 1.5244 1.5786 3.7904 2.6253 2.3449 52.4068 -7.7083 0.5725
Car -1 -1 -7.9899 647.5695 179.0154 694.9614 219.7551 1.7672 1.6954 3.8158 2.7709 2.0725 33.8412 -7.9096 0.5648
Car -1 -1 -4.7072 551.6925 184.6599 579.9965 212.6807 1.5090 1.5905 3.9938 -2.6357 2.2393 42.6138 -4.7692 0.5638
Car -1 -1 -7.8948 628.8762 184.0075 653.3033 206.4977 1.5153 1.6084 3.8444 2.1970 2.3554 52.4435 -7.8537 0.5398
Car -1 -1 -7.7699 633.1182 183.5040 658.7712 205.7616 1.4963 1.5611 3.6154 2.6010 2.2947 52.2164 -7.7210 0.5301
Car -1 -1 -4.8711 537.9158 184.5390 576.7518 212.8504 1.5154 1.6650 3.9708 -3.1851 2.2378 42.4993 -4.9460 0.5178
Car -1 -1 -4.7815 567.3032 183.3747 587.9020 200.8206 1.5643 1.6916 4.1598 -3.1671 2.6085 69.4701 -4.8274 0.5061
Car -1 -1 -4.5004 433.3012 189.3903 535.0736 259.5309 1.4605 1.6098 4.5700 -3.1076 1.9359 18.4381 -4.6659 0.4959
Car -1 -1 -4.6054 571.7862 182.7778 592.3526 199.9880 1.5495 1.5892 3.6261 -2.6650 2.5234 68.9731 -4.6443 0.4916
Car -1 -1 -4.6837 570.4771 182.9159 588.1953 199.8250 1.5281 1.5981 3.3419 -2.9272 2.5120 68.8911 -4.7265 0.4765
Car -1 -1 -4.6534 547.7207 184.4418 579.4163 212.4797 1.5053 1.6324 3.7682 -2.7097 2.2128 42.1865 -4.7177 0.4624
Car -1 -1 -4.9347 662.8137 188.1600 743.5803 239.4614 1.4286 1.6752 4.3378 2.8944 1.9782 23.6756 -4.8154 0.4166
Car -1 -1 -4.6652 550.9678 182.9355 581.7646 211.2925 1.5480 1.6378 4.2384 -2.5928 2.1787 43.0325 -4.7256 0.3914
Car -1 -1 -4.6381 553.9412 184.9802 585.7414 212.8036 1.4954 1.5815 4.0337 -2.3620 2.2449 42.5814 -4.6938 0.3622
Car -1 -1 -4.9524 532.5048 185.0963 575.4151 213.1830 1.4912 1.6302 3.8242 -3.3592 2.2418 42.1856 -5.0320 0.3384
Car -1 -1 -4.7738 630.5792 183.0850 655.4169 205.5026 1.4905 1.5360 3.7801 2.2975 2.2490 51.6136 -4.7301 0.3383
Car -1 -1 -4.8362 539.9515 184.3976 576.0240 212.4887 1.4851 1.6303 3.6771 -3.0853 2.1837 41.7226 -4.9101 0.3184
Cyclist -1 -1 -4.7999 214.8152 164.9550 240.1018 220.7234 1.7786 0.5942 1.7360 -12.7300 1.5264 23.9025 -5.2849 0.3148
Car -1 -1 -4.5176 550.5581 184.7722 590.4517 213.0341 1.5088 1.6394 3.7143 -2.2943 2.2365 42.1203 -4.5723 0.2717
Car -1 -1 -4.6003 542.7391 183.1700 578.5473 211.4558 1.5441 1.6650 4.3493 -2.9384 2.1931 43.2081 -4.6684 0.2596
Car -1 -1 -4.5841 557.9105 185.3094 593.5704 212.9465 1.4777 1.5971 4.0563 -2.0079 2.2478 42.5445 -4.6316 0.2522
Car -1 -1 -4.7857 534.2465 184.2411 569.3141 212.3602 1.5074 1.7433 4.5284 -3.5545 2.2228 42.9745 -4.8683 0.2394
Car -1 -1 -4.5562 535.5313 183.9082 574.8492 211.6778 1.5203 1.7162 4.2925 -3.2812 2.2198 43.4680 -4.6317 0.2375
Car -1 -1 -4.7567 569.1714 182.6563 588.9661 200.1155 1.5509 1.6975 3.8777 -2.9761 2.5065 68.3542 -4.8005 0.2330
Car -1 -1 -4.9679 528.7473 185.0567 575.5110 213.3873 1.5010 1.7166 4.2480 -3.4996 2.2579 42.4874 -5.0502 0.2305
Car -1 -1 -4.7904 566.7211 183.6944 586.7749 200.7828 1.5319 1.6396 3.4812 -3.2148 2.5931 68.8306 -4.8374 0.2184
Car -1 -1 -4.4697 571.9735 182.9411 597.7819 200.1091 1.5389 1.5664 3.9885 -2.3998 2.5366 69.2738 -4.5047 0.2182
Car -1 -1 -5.0533 526.1969 184.9418 574.7587 213.4383 1.4987 1.6337 3.7411 -3.5242 2.2315 41.7187 -5.1377 0.2139
Car -1 -1 -4.4271 570.7972 182.6234 599.3568 200.1245 1.5711 1.6052 4.3222 -2.3871 2.5445 69.6255 -4.4617 0.2100
Car -1 -1 -4.8865 561.5867 183.6759 586.4278 201.1557 1.5607 1.6671 4.2833 -3.5199 2.6370 69.5102 -4.9373 0.2033
Car -1 -1 -5.1047 522.6544 185.2101 575.6346 213.5679 1.4977 1.6482 4.0705 -3.6478 2.2574 42.1979 -5.1909 0.1914
Car -1 -1 -4.7449 549.5919 184.2565 582.0377 212.6850 1.4991 1.7341 3.5841 -2.6112 2.1828 41.4135 -4.8080 0.1859
Car -1 -1 -4.7265 571.9491 181.9025 590.5397 199.9704 1.6070 1.6939 3.9079 -2.7620 2.4867 68.1733 -4.7673 0.1591
Car -1 -1 -4.4112 556.3324 184.9967 602.3534 213.4983 1.5143 1.6370 3.7822 -1.7740 2.2570 42.1096 -4.4536 0.1545
Cyclist -1 -1 -4.7661 209.0570 163.5877 233.5408 220.2832 1.8050 0.6258 1.7104 -12.9138 1.5097 23.8654 -5.2576 0.1444
Car -1 -1 -5.1279 517.2795 184.6961 573.4905 213.6713 1.5308 1.6991 4.2472 -3.8756 2.2610 42.2432 -5.2194 0.1409
Car -1 -1 -7.4019 139.5775 162.2785 248.6366 221.9145 1.7833 1.6522 3.5779 -13.4047 1.4668 23.4139 -7.9172 0.1388
Car -1 -1 -4.9071 522.3545 184.2641 567.2115 213.1231 1.5305 1.7705 4.6197 -3.9551 2.2442 42.6828 -4.9995 0.1363
Car -1 -1 -2.5021 522.0568 185.0795 594.8036 213.3806 1.5292 1.7319 4.0186 -3.0814 2.2773 42.3596 -2.5748 0.1277
Car -1 -1 -5.0178 560.6171 182.4332 591.5031 200.2349 1.5707 1.7609 4.1082 -3.2678 2.5068 68.2987 -5.0659 0.1252
Car -1 -1 -2.1712 516.5480 184.5599 578.4280 213.7017 1.5526 1.6491 3.9546 -3.7304 2.2693 42.1409 -2.2595 0.1167
Car -1 -1 -5.2244 516.4562 184.6070 575.5947 213.6897 1.5316 1.6913 3.9432 -3.7900 2.2465 41.8033 -5.3148 0.1149
Car -1 -1 -4.3495 557.2022 184.8139 607.4424 212.9462 1.4972 1.6072 4.0956 -1.6065 2.2372 42.4654 -4.3877 0.1143
Cyclist -1 -1 -7.9858 209.4469 165.6612 237.8599 219.9201 1.7389 0.6087 1.7830 -12.9230 1.5081 24.0261 -8.4749 0.1073
Cyclist -1 -1 -5.0652 208.0537 163.5404 249.0485 219.9895 1.8062 0.6115 1.8269 -12.7074 1.5079 23.9262 -5.5490 0.0986
Pedestrian -1 -1 -3.3383 215.5964 163.9332 246.5802 220.7041 1.8460 0.6511 0.8006 -12.6333 1.5556 23.9662 -3.8191 0.0946
Car -1 -1 -5.1901 513.2018 184.5473 571.3281 213.8653 1.5468 1.7045 4.0064 -4.0214 2.2607 41.9245 -5.2857 0.0940
Cyclist -1 -1 -5.1718 200.5037 161.5107 246.7036 218.5448 1.8295 0.6482 1.7412 -12.8629 1.4654 23.9162 -5.6608 0.0877
Car -1 -1 -4.4330 527.7505 184.8635 572.7731 209.8797 1.3679 1.6593 4.0683 -3.5948 2.1305 43.6814 -4.5151 0.0818
Car -1 -1 -2.6126 521.4681 185.3942 591.5141 213.2162 1.5080 1.6345 3.7621 -3.1611 2.2661 42.0743 -2.6877 0.0754
Car -1 -1 -5.4246 519.2559 184.6315 585.2222 212.7584 1.5086 1.6356 4.0046 -3.4641 2.2320 42.3503 -5.5062 0.0728
Car -1 -1 -4.7608 556.6048 184.2148 589.2791 214.1974 1.5505 1.6499 3.9728 -2.1823 2.2271 40.9334 -4.8143 0.0692
Pedestrian -1 -1 -1.9940 204.8020 161.7581 240.2273 219.3957 1.8614 0.7223 0.9138 -12.8648 1.5028 23.8673 -2.4840 0.0634
Car -1 -1 -4.8968 535.8168 184.3719 580.1380 214.9094 1.5543 1.7627 4.0401 -3.0138 2.2360 40.5462 -4.9711 0.0620
Car -1 -1 -4.8688 561.1818 183.9180 584.9938 201.3469 1.5576 1.6868 3.9140 -3.5900 2.6509 69.2258 -4.9209 0.0603
Car -1 -1 -5.4948 518.4470 185.0606 583.8548 212.8721 1.4887 1.5958 3.7809 -3.4952 2.2310 42.0635 -5.5778 0.0582
Car -1 -1 -3.1293 523.0665 186.0460 589.2581 213.2444 1.4955 1.7605 3.7288 -3.1282 2.2746 41.6342 -3.2044 0.0545
Car -1 -1 -4.9096 543.3958 184.1770 586.1893 214.3447 1.5393 1.6524 3.9130 -2.6245 2.2075 40.4985 -4.9745 0.0515
Car -1 -1 -2.1409 515.4315 184.9045 574.6738 213.7094 1.5268 1.6559 3.7559 -3.8481 2.2595 41.9009 -2.2325 0.0495
Car -1 -1 -3.4729 536.5864 185.4376 613.4395 213.9309 1.5581 1.6076 4.2097 -2.0872 2.3228 42.3343 -3.5225 0.0431
Car -1 -1 -3.0528 514.0371 185.6081 580.1549 213.0607 1.5123 1.6091 3.6434 -3.6013 2.2564 41.3061 -3.1398 0.0418
Car -1 -1 -2.8383 516.2751 185.8981 583.9135 213.0461 1.4818 1.6169 3.5761 -3.4797 2.2565 41.6941 -2.9217 0.0385
Car -1 -1 -3.1688 529.7549 185.0182 601.1481 213.4076 1.5802 1.7286 4.0748 -2.6521 2.3073 42.1022 -3.2319 0.0365
Car -1 -1 -3.6257 539.7181 185.8212 613.6389 214.3429 1.5323 1.5545 4.0393 -1.9579 2.3171 41.9956 -3.6726 0.0351
Car -1 -1 -2.9651 525.8173 185.0716 604.4714 213.2803 1.5799 1.7045 4.3894 -2.6432 2.3171 42.4582 -3.0275 0.0271
Car -1 -1 -3.3211 538.9312 185.4246 611.9659 213.1088 1.5083 1.5279 3.9953 -2.0433 2.2535 41.5951 -3.3705 0.0270
Car -1 -1 -2.6323 511.2131 185.4150 580.4818 213.2284 1.4943 1.6039 3.6577 -3.7341 2.2436 41.5779 -2.7219 0.0260
Car -1 -1 -7.7665 463.6504 182.9146 497.6361 212.1621 1.5548 1.6066 3.7767 -7.4583 2.1625 41.6530 -7.9431 0.0215
Car -1 -1 -4.7002 547.4033 183.6342 577.9669 214.3132 1.5276 1.5809 3.9839 -2.5980 2.1461 39.3874 -4.7662 0.0148
Car -1 -1 -4.8382 546.1860 183.9568 582.8776 214.2217 1.5194 1.5320 3.9016 -2.5907 2.1632 39.7962 -4.9033 0.0109
Car -1 -1 -7.5928 452.3488 181.7069 498.3534 210.3227 1.5181 1.6634 3.8387 -7.7186 2.0510 41.4796 -7.7761 0.0102
Cyclist -1 -1 -7.1158 451.3329 180.4901 492.5367 223.7851 1.7331 0.7871 1.6451 -5.7910 2.0610 30.1094 -7.3048 0.0069
Car -1 -1 -4.1958 509.8961 183.3239 574.0607 214.2432 1.5440 1.6341 4.2664 -3.7237 2.1551 39.8563 -4.2889 0.0068
Car -1 -1 -4.4837 529.0018 182.0830 573.3924 209.2530 1.5353 1.7425 4.6425 -3.6228 2.1396 44.8443 -4.5643 0.0062
Pedestrian -1 -1 -7.5888 508.7868 181.3738 523.0200 215.9475 1.9250 0.6370 0.6988 -5.3491 2.4105 40.7542 -7.7191 0.0061
Car -1 -1 -7.7824 467.8566 185.3360 498.6194 212.4308 1.4271 1.4983 3.4270 -7.2765 2.1742 41.4246 -7.9557 0.0047
Cyclist -1 -1 -7.9681 432.9639 180.2466 454.1967 221.2370 1.6405 0.6849 1.5806 -6.9831 1.9568 30.0462 -8.1951 0.0021
Car -1 -1 -4.3824 487.0677 179.9813 535.6266 206.3453 1.5555 1.6939 4.5737 -6.2916 2.0361 46.2798 -4.5173 0.0016
Car -1 -1 -7.2162 213.2703 152.7589 285.1595 185.4978 1.7917 1.6439 3.9983 -20.7469 0.6916 41.6001 -7.6764 0.0004
Car -1 -1 -7.2489 219.9584 151.8102 290.8271 186.2614 1.8879 1.6545 4.0539 -20.4229 0.7344 41.6685 -7.7022 0.0003
