Car -1 -1 -7.9106 585.7344 178.4137 618.9337 208.5479 1.5887 1.6479 3.8536 -0.5131 1.9177 40.7506 -7.9237 0.9796
Car -1 -1 -7.8697 588.8387 178.5516 619.0389 208.1705 1.5636 1.6257 3.7273 -0.4134 1.8995 40.6994 -7.8804 0.8943
Car -1 -1 -7.9706 581.5305 178.3941 619.7470 208.2013 1.5678 1.6924 4.0420 -0.6173 1.8974 40.8520 -7.9862 0.7185
Car -1 -1 -7.8426 588.1236 178.5329 618.8629 208.0663 1.5563 1.6542 4.1916 -0.3856 1.8946 40.9246 -7.8525 0.6975
Car -1 -1 -7.7146 367.6077 181.8242 431.5882 232.4142 1.5362 1.6085 3.3739 -7.0615 1.8604 24.3249 -7.9948 0.4793
Pedestrian -1 -1 -7.9385 795.7509 170.6448 808.6367 202.5014 1.8146 0.6594 0.6701 11.0104 1.6885 41.4866 -7.6813 0.4078
Car -1 -1 -7.6484 357.5356 181.7827 430.8190 233.3577 1.5270 1.6193 3.5364 -7.0809 1.8442 23.8240 -7.9348 0.3349
Pedestrian -1 -1 -7.8843 792.9321 170.0863 805.7526 202.1893 1.8286 0.6895 0.7216 10.8567 1.6706 41.5270 -7.6307 0.2740
Pedestrian -1 -1 -5.7402 151.6643 182.1441 166.6823 208.1976 1.7392 0.7428 0.5578 -30.5258 2.3722 48.8103 -6.2968 0.2530
Car -1 -1 -4.4916 443.0868 182.0695 493.1284 214.9099 1.4880 1.5812 4.1016 -7.0355 1.9731 35.9293 -4.6840 0.2077
Car -1 -1 -4.7685 589.2123 177.0971 624.5135 209.3454 1.6458 1.7007 3.7656 -0.2536 1.8877 39.2644 -4.7755 0.1791
Car -1 -1 -4.4754 436.3542 183.0040 487.7232 215.1297 1.4515 1.6106 3.9774 -7.3308 1.9845 35.8926 -4.6759 0.1404
Pedestrian -1 -1 -2.4608 149.9564 182.2072 165.8252 207.9229 1.7146 0.7524 0.5611 -30.6137 2.3523 48.8119 -3.0187 0.1373
Pedestrian -1 -1 -5.5954 147.3564 181.8324 162.7502 207.9947 1.7383 0.6757 0.5792 -30.6522 2.3469 48.5673 -6.1561 0.1319
Car -1 -1 -2.4181 409.8059 181.4187 493.0652 212.5539 1.5342 1.6499 4.2988 -8.4717 2.0093 38.2890 -2.6348 0.1149
Car -1 -1 -7.5150 367.9279 180.5147 455.3183 227.5400 1.5469 1.7126 4.5077 -7.2819 1.8557 26.8000 -7.7783 0.0862
Car -1 -1 -7.9045 452.3379 182.2896 486.7322 212.5853 1.4696 1.5994 3.6195 -7.5057 1.9939 38.1642 -8.0978 0.0711
Car -1 -1 -2.2266 423.3476 181.6514 495.8753 212.2568 1.4955 1.6426 4.0425 -8.0583 1.9859 38.3097 -2.4330 0.0680
Car -1 -1 -3.1217 402.8020 182.3867 490.2308 212.8060 1.4976 1.6400 4.3426 -8.5009 2.0096 37.5381 -3.3434 0.0581
Car -1 -1 -2.6201 403.7966 181.9287 493.7634 212.7766 1.5220 1.6609 4.3635 -8.4958 2.0163 37.8886 -2.8397 0.0576
Car -1 -1 -2.8859 393.9793 183.6245 487.0582 215.1395 1.4866 1.6587 4.1776 -8.3347 2.0297 35.5238 -3.1152 0.0539
Car -1 -1 -6.6858 785.7592 167.8611 865.2097 194.5146 1.5249 1.6321 4.1592 12.5745 1.2389 42.3317 -6.3992 0.0531
Car -1 -1 -4.9068 446.7884 179.9714 491.9398 211.5783 1.5627 1.5961 4.2432 -7.6842 1.9691 38.9604 -5.1007 0.0466
Car -1 -1 -5.0137 441.2925 181.0267 492.2882 211.7485 1.5100 1.5660 3.9848 -7.7720 1.9723 38.7188 -5.2110 0.0458
Car -1 -1 -4.5370 440.2579 181.2879 488.0832 214.0404 1.5099 1.6681 4.1224 -7.3303 1.9595 36.4124 -4.7347 0.0430
Car -1 -1 -7.3949 416.3547 183.0247 485.0336 214.8854 1.4540 1.6663 4.3122 -8.0495 2.0031 36.6858 -7.6098 0.0392
Cyclist -1 -1 -7.2250 151.6721 182.0264 172.6705 207.6983 1.6974 0.3688 1.5529 -30.4693 2.3307 49.0579 -7.7785 0.0388
Car -1 -1 -7.5331 372.5123 180.7955 456.6041 227.2553 1.5265 1.6909 4.3965 -7.1588 1.8450 26.7206 -7.7929 0.0376
Car -1 -1 -2.4023 417.3240 181.8638 495.8741 212.7252 1.5074 1.6280 3.9827 -8.1235 2.0023 37.9488 -2.6123 0.0319
Car -1 -1 -3.3639 402.2953 182.9634 492.6956 214.5181 1.5073 1.6553 4.2883 -8.4076 2.0517 37.2033 -3.5851 0.0314
Cyclist -1 -1 -7.4937 152.1373 181.6515 167.8863 207.1008 1.6815 0.3786 1.5661 -30.6038 2.2888 49.0344 -8.0494 0.0297
Cyclist -1 -1 -7.0598 141.5928 183.6417 165.2566 209.1686 1.6635 0.4065 1.4813 -30.6703 2.3988 48.4351 -7.6220 0.0286
Car -1 -1 -2.7675 394.5906 183.6466 484.4449 214.8939 1.4473 1.6365 3.9496 -8.3401 1.9908 35.2652 -2.9985 0.0262
Car -1 -1 -4.4199 429.2718 180.7397 488.5908 214.8753 1.5794 1.7460 4.4297 -7.6408 2.0054 36.7224 -4.6240 0.0260
Car -1 -1 -4.4121 424.0175 181.5707 482.4332 217.2396 1.5288 1.5483 4.0926 -7.3625 1.9654 34.0618 -4.6239 0.0195
Car -1 -1 -4.0395 404.5076 180.8004 493.2281 216.5284 1.6441 1.7578 4.8977 -8.1774 2.0791 36.9391 -4.2563 0.0192
Car -1 -1 -4.5525 446.0232 180.0413 491.9614 212.9599 1.5252 1.6359 4.1331 -7.0936 1.9086 36.4346 -4.7439 0.0162
Pedestrian -1 -1 -2.4210 151.4958 180.9096 168.5941 207.4337 1.7776 0.8176 0.5955 -30.6373 2.3304 49.0843 -2.9768 0.0154
Car -1 -1 -4.4315 334.0652 183.7699 429.4079 241.6461 1.5453 1.7172 3.9965 -6.8879 1.9089 22.0394 -4.7316 0.0150
Car -1 -1 -7.5697 330.7583 180.2761 426.3332 239.2236 1.5994 1.7079 4.0352 -7.0108 1.8476 22.1237 -7.8737 0.0130
Car -1 -1 -4.7153 458.0713 179.4727 490.8402 211.6466 1.6058 1.6533 3.9843 -7.3674 1.9825 38.9926 -4.9012 0.0120
Pedestrian -1 -1 -7.9821 818.1547 168.8139 835.2103 211.0921 1.7505 0.6227 0.4945 9.0124 1.5829 30.1678 -7.6950 0.0117
Pedestrian -1 -1 -5.0083 997.7075 188.4591 1022.6280 245.6177 1.2291 0.3886 0.3572 8.7319 1.5761 15.8457 -4.5131 0.0117
Car -1 -1 -7.6169 343.1642 181.5410 425.7036 237.1919 1.5330 1.6053 3.6862 -6.9289 1.8246 22.3544 -7.9147 0.0109
Car -1 -1 -2.9130 445.5442 182.4246 506.6833 206.7047 1.4305 1.5769 3.4021 -8.1802 2.0260 44.0565 -3.0959 0.0107
Pedestrian -1 -1 -7.8994 819.0723 169.2357 836.2101 210.0962 1.6821 0.6584 0.4966 9.0088 1.5329 30.0244 -7.6111 0.0102
Car -1 -1 -2.7455 446.1440 181.2564 508.2209 207.6669 1.5511 1.6615 3.3678 -8.1685 2.0802 44.2911 -2.9273 0.0100
Pedestrian -1 -1 -4.9229 814.5224 175.4861 834.0328 216.8499 1.6952 0.6883 0.4751 8.8221 1.8048 29.8666 -4.6390 0.0064
Car -1 -1 -4.5016 489.3215 179.4857 518.1787 196.7418 1.3848 1.6267 4.0418 -9.0508 1.9694 61.5633 -4.6473 0.0063
Car -1 -1 -4.6228 465.0501 179.4660 493.0322 199.3050 1.3185 1.6112 3.9662 -9.3137 1.8076 51.3640 -4.8016 0.0062
Car -1 -1 -4.7819 467.2847 179.1694 494.3068 199.4354 1.3546 1.6236 4.0855 -9.3333 1.8264 51.7648 -4.9598 0.0060
Cyclist -1 -1 -7.1995 149.5556 182.7094 171.1784 208.2725 1.6824 0.4272 1.4818 -30.4505 2.3594 48.8299 -7.7549 0.0060
Car -1 -1 -4.9703 574.8105 176.2506 612.0842 198.3727 1.4764 1.5908 4.2884 -1.2515 1.7275 51.1348 -4.9950 0.0059
Car -1 -1 -8.0539 401.3951 178.4250 430.6383 196.4661 1.5168 1.7061 4.2538 -17.3556 2.0310 64.3559 -8.3166 0.0057
Car -1 -1 -4.6340 469.0300 178.3199 497.5184 199.6658 1.4208 1.6744 4.1298 -8.9906 1.8249 51.2539 -4.8071 0.0056
Car -1 -1 -2.7380 442.5050 179.9248 509.4218 206.9810 1.6025 1.7722 3.6720 -8.3103 2.0523 44.6632 -2.9213 0.0054
Car -1 -1 -4.7458 472.4774 178.4110 498.5689 199.8954 1.4381 1.6969 4.1942 -8.9793 1.8529 51.6744 -4.9174 0.0053
Car -1 -1 -4.5998 471.5144 179.0609 501.1655 200.0082 1.4216 1.6575 4.2297 -8.9669 1.8906 52.4035 -4.7688 0.0047
Car -1 -1 -4.4788 432.8886 179.7871 484.9246 216.0079 1.5727 1.5624 3.7762 -7.0878 1.9172 33.9704 -4.6834 0.0046
Car -1 -1 -4.6264 488.8162 179.2259 512.3412 196.8805 1.4287 1.6526 4.1176 -9.3952 1.9947 62.0195 -4.7765 0.0046
Car -1 -1 -4.3047 457.8661 179.3352 503.4674 200.5975 1.3830 1.6514 4.0873 -9.0155 1.8553 50.4389 -4.4810 0.0045
Car -1 -1 -7.6869 408.2151 179.3538 466.6146 221.6275 1.6957 1.8054 4.3137 -7.5673 2.0020 31.8326 -7.9189 0.0044
Car -1 -1 -4.7919 467.8970 179.6343 495.6246 200.3173 1.3930 1.6426 4.2596 -9.3700 1.9059 52.3503 -4.9685 0.0043
Car -1 -1 -4.6686 460.9769 178.8898 492.7706 209.9595 1.5543 1.5164 3.8969 -7.1747 1.8966 38.9211 -4.8501 0.0040
Cyclist -1 -1 -7.9489 995.1617 171.8448 1027.4231 241.3300 1.5062 0.4740 1.6180 9.0936 1.4840 16.4779 -7.4527 0.0040
Car -1 -1 -4.1954 452.8291 179.6292 504.0840 201.4941 1.3993 1.6479 4.1383 -9.0477 1.8873 49.7809 -4.3747 0.0039
Pedestrian -1 -1 -2.9092 422.7173 179.8756 435.0621 200.1456 1.7551 0.5528 0.9429 -15.8227 2.3701 62.9524 -3.1548 0.0038
Car -1 -1 -4.3581 456.8593 179.3003 500.4362 201.3357 1.4058 1.6411 4.0210 -8.9691 1.8658 49.3975 -4.5372 0.0036
Car -1 -1 -2.3380 459.2327 178.2551 519.0005 199.4951 1.4300 1.7461 4.2532 -8.6895 1.8302 51.5443 -2.5046 0.0033
Car -1 -1 -4.2251 337.4132 179.5232 384.5871 200.3466 1.4025 1.5839 3.8595 -17.8922 1.9009 51.9276 -4.5556 0.0033
Car -1 -1 -4.6255 825.2060 167.4924 876.0756 207.0875 1.6126 1.8015 3.6878 10.4883 1.3939 31.4354 -4.3066 0.0033
Car -1 -1 -5.1736 843.9191 175.4522 925.5410 209.3805 1.3347 1.6183 3.9992 11.5669 1.4527 30.7754 -4.8176 0.0032
Car -1 -1 -4.3090 334.7039 180.9663 380.0941 202.4362 1.4189 1.6209 3.9439 -17.9083 2.0174 51.2374 -4.6439 0.0032
Car -1 -1 -4.4806 826.7548 176.0057 881.2341 209.7079 1.3652 1.5076 3.4513 10.6293 1.5104 31.4404 -4.1579 0.0031
Car -1 -1 -9.0660 0.0000 0.0000 1241.0000 374.0000 1.5468 1.5927 3.6080 5.8288 1.5735 1.3646 -7.7726 0.0030
Car -1 -1 -4.6829 492.0310 178.2083 511.9922 195.6663 1.4422 1.6064 4.0162 -9.4201 1.9247 62.9759 -4.8311 0.0030
Car -1 -1 -3.2365 465.7334 178.2202 523.4559 198.4132 1.4852 1.7798 4.2099 -8.8705 1.9058 55.1989 -3.3954 0.0030
Car -1 -1 -4.5778 823.7027 168.3011 877.4611 205.2958 1.4808 1.7063 3.8010 10.3305 1.2983 30.9633 -4.2590 0.0028
Car -1 -1 -4.5305 442.7955 181.8103 482.3886 206.1628 1.4214 1.6973 4.4226 -9.3661 2.0194 45.9775 -4.7307 0.0028
Car -1 -1 -4.8579 148.6890 186.6741 177.4898 204.7666 1.5257 1.6880 3.9592 -40.9504 2.8299 66.0480 -5.4114 0.0025
Cyclist -1 -1 -7.8758 795.5402 170.1552 808.8408 202.0200 1.7977 0.6999 1.5827 11.0251 1.6452 41.5587 -7.6187 0.0022
Car -1 -1 -8.0304 404.2963 178.2757 432.5113 197.2800 1.6020 1.7090 4.2778 -17.1634 2.1031 64.4342 -8.2900 0.0021
Car -1 -1 -4.6320 833.9090 176.1428 880.4824 210.5618 1.3585 1.5952 3.9688 10.6345 1.5094 31.0253 -4.3052 0.0021
Car -1 -1 -4.8620 845.6308 175.7045 897.9587 208.6352 1.3051 1.5415 3.7457 11.1054 1.4348 30.9254 -4.5207 0.0020
Car -1 -1 -7.8306 225.9409 183.0396 247.2105 203.4702 1.6993 1.5868 3.8756 -33.2119 2.6346 64.1878 -8.3067 0.0017
Car -1 -1 -7.6535 226.4963 182.8462 255.5335 202.6404 1.6512 1.5813 3.7618 -32.8414 2.5687 64.2550 -8.1245 0.0016
Car -1 -1 -5.1611 485.6224 176.7537 528.1633 197.0023 1.5079 1.6980 4.0987 -8.1723 1.8260 56.7438 -5.3039 0.0016
Pedestrian -1 -1 -6.5182 425.5534 179.8396 439.0476 201.1953 1.8371 0.6270 1.0248 -15.5202 2.4510 62.9206 -6.7594 0.0015
Cyclist -1 -1 -7.3584 149.0469 181.8986 168.0219 207.4112 1.6822 0.4210 1.5100 -30.6094 2.3043 48.8848 -7.9156 0.0014
Car -1 -1 -5.1178 836.5389 175.7564 915.4149 209.2800 1.3162 1.6044 4.2151 11.2177 1.4487 30.8534 -4.7725 0.0013
Car -1 -1 -4.4983 836.3210 176.0514 889.7015 208.7894 1.3207 1.4625 3.6584 11.0218 1.4683 31.4299 -4.1643 0.0013
Cyclist -1 -1 -2.7304 281.8045 184.2500 304.8085 207.0949 1.9439 0.6794 1.6813 -27.2661 2.9295 62.0788 -3.1429 0.0012
Cyclist -1 -1 -6.8445 785.6991 168.2066 818.0862 199.9134 1.8003 0.8308 1.6099 11.0247 1.5361 41.6053 -6.5876 0.0010
Cyclist -1 -1 -3.2241 280.1545 183.6091 303.8356 207.8697 2.0279 0.7259 1.8007 -27.2267 2.9588 61.7247 -3.6383 0.0009
Cyclist -1 -1 -6.6718 784.9786 169.5011 817.4968 201.6028 1.8238 0.7923 1.6281 10.9539 1.6330 41.4922 -6.4159 0.0008
Car -1 -1 -4.6421 500.4627 176.9637 525.1295 197.6859 1.5437 1.6430 3.9831 -7.6174 1.8773 56.5976 -4.7757 0.0007
Car -1 -1 -4.8644 494.9279 176.8882 524.2906 196.7352 1.4724 1.7018 3.8987 -7.9216 1.7998 56.4990 -5.0034 0.0007
Pedestrian -1 -1 -6.3258 228.5454 182.4404 237.8633 202.5001 1.7081 0.7963 0.6822 -32.6351 2.5443 62.4459 -6.8059 0.0007
Pedestrian -1 -1 -3.2352 311.2733 177.0726 322.1046 199.4457 1.9635 0.6478 0.8333 -26.0341 2.3401 63.9847 -3.6205 0.0007
Pedestrian -1 -1 -5.7416 165.0395 178.3780 177.4864 203.3603 1.7156 0.5567 0.5243 -30.4026 2.0998 49.9514 -6.2862 0.0002
