Car -1 -1 -4.6206 589.5706 170.9080 640.7005 212.5628 1.4535 1.5999 3.8303 0.5582 1.0843 27.0553 -4.6052 0.9488
Car -1 -1 -4.6139 589.2405 170.3911 641.6500 213.3703 1.5030 1.6230 3.9173 0.5749 1.1149 27.1595 -4.5981 0.9095
Pedestrian -1 -1 -5.6622 977.8151 144.1919 1107.2229 330.6934 1.7670 0.6938 0.8935 4.4420 1.4142 7.3561 -5.1401 0.9047
Pedestrian -1 -1 -4.7923 578.7318 163.5921 591.8571 201.2336 1.8214 0.5714 0.8561 -0.8056 0.9551 35.2157 -4.8200 0.8750
Pedestrian -1 -1 -3.6362 632.2264 165.6944 646.2924 189.0817 1.8207 0.5127 0.9758 2.9878 0.5901 56.3650 -3.5884 0.7650
Pedestrian -1 -1 -2.8337 653.6371 164.7416 668.3392 190.6835 1.8848 0.4573 0.9809 4.3745 0.6672 52.5862 -2.7561 0.7384
Pedestrian -1 -1 -5.9573 653.2585 164.9798 668.5845 190.9392 1.8878 0.4402 1.0332 4.3741 0.6864 52.6425 -5.8797 0.6939
Pedestrian -1 -1 -4.8249 577.9390 163.4718 592.7514 201.7875 1.8549 0.6267 0.8790 -0.8043 0.9824 35.2550 -4.8526 0.6859
Pedestrian -1 -1 -7.8242 491.7688 169.3603 508.1159 211.6582 1.6688 0.6297 0.7781 -4.0791 1.1902 28.7630 -7.9689 0.6843
Pedestrian -1 -1 -7.9832 792.8594 160.7729 826.7104 246.3124 1.7876 0.6078 0.6604 4.4130 1.3550 15.3814 -7.7136 0.6722
Pedestrian -1 -1 -4.6879 660.4359 160.2618 671.3068 189.8748 1.8855 0.6835 0.6300 4.1414 0.5333 46.0875 -4.6037 0.6667
Pedestrian -1 -1 -8.1256 645.3228 160.9011 659.3107 189.3679 1.7905 0.6811 0.8443 3.2358 0.4949 45.6653 -8.0602 0.6613
Pedestrian -1 -1 -3.7362 328.3744 151.2919 386.4375 243.8058 2.0001 0.5763 1.1030 -5.5119 1.3476 16.1435 -4.0656 0.6234
Pedestrian -1 -1 -7.1481 567.7158 162.7098 587.0411 199.8368 1.8910 0.6763 0.7452 -1.2489 0.9341 37.0883 -7.1865 0.6196
Pedestrian -1 -1 -7.7110 661.0482 161.0378 673.7350 190.3241 1.8617 0.7286 0.6490 4.2365 0.5610 46.0618 -7.6247 0.6146
Pedestrian -1 -1 -7.5269 509.7747 169.8500 531.9030 215.3231 1.6913 0.6643 0.6315 -3.0589 1.2584 27.0953 -7.6434 0.5887
Pedestrian -1 -1 -7.9071 796.0942 161.6315 828.0675 246.3309 1.7689 0.6143 0.6560 4.4645 1.3545 15.3890 -7.6347 0.5763
Pedestrian -1 -1 -2.6117 652.2815 165.3257 667.3698 191.0641 1.8703 0.4507 1.0129 4.2952 0.6949 52.6722 -2.5356 0.5754
Pedestrian -1 -1 -3.8773 633.8282 165.3436 647.5696 188.7243 1.8183 0.5206 0.9835 3.1028 0.5617 56.3775 -3.8275 0.5627
Pedestrian -1 -1 -7.7692 525.2452 170.5299 539.6359 204.6827 1.7084 0.6746 0.6436 -3.4885 1.1599 36.2593 -7.8695 0.5357
Pedestrian -1 -1 -2.5990 652.6109 165.6763 667.2630 191.0573 1.8418 0.4665 0.9665 4.2973 0.6935 52.5980 -2.5228 0.5202
Pedestrian -1 -1 -7.6135 610.1973 163.7895 621.8152 191.4437 1.7690 0.6247 0.6091 0.9469 0.6361 46.3235 -7.5980 0.5162
Car -1 -1 -4.2082 204.1638 177.7536 346.9002 242.5976 1.4614 1.5543 3.9856 -8.1205 1.3775 18.2410 -4.6270 0.5127
Pedestrian -1 -1 -7.7087 659.6141 160.7148 672.0631 190.3559 1.8888 0.7120 0.6649 4.1477 0.5644 46.1793 -7.6245 0.5094
Pedestrian -1 -1 -7.9554 526.6154 170.5160 541.2496 204.6928 1.7071 0.6702 0.6461 -3.4193 1.1587 36.2627 -8.0537 0.5048
Pedestrian -1 -1 -5.5614 980.1489 140.3736 1118.0238 334.9644 1.8112 0.6805 0.9695 4.4350 1.4291 7.2535 -5.0342 0.4995
Pedestrian -1 -1 -7.4880 507.4258 169.2037 530.1154 215.0992 1.7067 0.6787 0.6106 -3.1368 1.2498 27.0915 -7.6073 0.4777
Pedestrian -1 -1 -3.7242 323.1797 150.5839 381.9455 244.6963 2.0320 0.6011 1.0980 -5.6158 1.3650 16.1281 -4.0596 0.4731
Pedestrian -1 -1 -3.9215 650.0479 162.5234 662.8508 190.0204 1.8089 0.4804 0.7178 3.6589 0.5605 47.6717 -3.8502 0.4387
Pedestrian -1 -1 -7.7781 612.2423 163.6112 622.9296 191.1518 1.7637 0.6481 0.6132 1.0494 0.6181 46.3373 -7.7604 0.4135
Pedestrian -1 -1 -7.7059 524.1397 169.7978 540.2618 204.7901 1.7448 0.7159 0.7047 -3.4932 1.1615 36.1866 -7.8065 0.4134
Car -1 -1 -4.3721 225.3886 177.2472 344.4528 242.7516 1.4734 1.5303 3.8854 -7.8672 1.3783 18.1485 -4.7812 0.3890
Pedestrian -1 -1 -7.2072 567.7816 163.7823 586.8278 199.6597 1.8215 0.6392 0.7820 -1.2483 0.9222 36.9742 -7.2457 0.3809
Pedestrian -1 -1 -7.5869 660.7532 160.9008 674.2739 190.2867 1.8742 0.7316 0.6193 4.2596 0.5604 46.2312 -7.5004 0.3641
Pedestrian -1 -1 -7.8731 527.0211 170.7044 541.1273 204.7473 1.6963 0.6901 0.6914 -3.4047 1.1586 36.1770 -7.9713 0.3314
Pedestrian -1 -1 -3.8600 321.7496 147.3349 377.5541 245.1822 2.1009 0.5727 1.0618 -5.6437 1.3679 16.0268 -4.1988 0.3249
Pedestrian -1 -1 -3.7965 328.5120 150.6309 385.0596 243.9425 2.0043 0.5467 1.0883 -5.4875 1.3418 16.0338 -4.1266 0.3198
Pedestrian -1 -1 -8.0207 792.0670 160.5560 829.0994 246.2818 1.7721 0.6123 0.8622 4.4061 1.3398 15.3100 -7.7503 0.3057
Pedestrian -1 -1 -8.1336 642.5652 161.2021 656.2220 189.6132 1.7866 0.6511 0.8550 3.0496 0.5102 45.6588 -8.0722 0.3049
Pedestrian -1 -1 -4.0398 650.7748 162.6584 662.0246 190.5765 1.8435 0.4899 0.5848 3.6667 0.5994 47.8153 -3.9686 0.2978
Pedestrian -1 -1 -3.2939 975.1949 146.8745 991.6577 182.9092 1.7628 0.6508 0.6223 18.8892 0.0692 35.5490 -2.8134 0.2638
Pedestrian -1 -1 -4.5752 370.6483 185.0054 390.2513 237.4656 1.2503 0.3964 0.4636 -5.3907 1.3371 17.4157 -4.8764 0.2388
Pedestrian -1 -1 -7.7323 490.6222 167.8232 509.1159 211.2520 1.7014 0.6310 0.8837 -4.0571 1.1659 28.5914 -7.8771 0.2371
Car -1 -1 -4.0000 185.5285 176.5565 349.4046 243.5341 1.5066 1.5656 3.9570 -8.3410 1.3959 18.2767 -4.4280 0.2108
Pedestrian -1 -1 -7.5603 608.8745 163.7563 621.3804 191.1056 1.7410 0.6303 0.7022 0.8872 0.6115 46.1586 -7.5461 0.1549
Car -1 -1 -7.7599 711.8340 168.3102 759.8826 206.4264 1.4484 1.5959 3.9406 5.5406 0.9476 29.4096 -7.5804 0.1522
Pedestrian -1 -1 -7.4717 505.1136 168.2406 529.3491 215.1694 1.7306 0.6734 0.7527 -3.1760 1.2420 26.9399 -7.5931 0.1248
Pedestrian -1 -1 -8.1309 648.6437 160.1639 662.9372 189.4187 1.8393 0.6886 0.8747 3.4562 0.4979 45.6621 -8.0606 0.1167
Car -1 -1 -4.5209 252.5935 176.2737 345.8870 241.1636 1.4661 1.4934 3.6926 -7.5602 1.3486 18.1890 -4.9150 0.1081
Car -1 -1 -4.8632 737.9464 171.5328 814.7659 223.4580 1.4314 1.6234 4.0669 5.1885 1.1571 21.8894 -4.6383 0.1005
Pedestrian -1 -1 -4.2756 312.7642 151.1796 357.5578 246.2400 2.0756 0.5930 0.9731 -6.0267 1.4142 16.1936 -4.6320 0.0931
Pedestrian -1 -1 -5.1316 641.2971 160.0932 656.0724 189.6985 1.8670 0.6504 0.8419 3.0151 0.5171 45.8093 -5.0711 0.0891
Pedestrian -1 -1 -6.7155 978.2203 146.7547 997.8005 182.9463 1.7718 0.6690 0.6261 19.0990 0.0710 35.5177 -6.2301 0.0891
Car -1 -1 -7.9213 706.3893 168.8611 752.8970 206.5076 1.4382 1.5849 3.7596 5.1635 0.9557 29.3917 -7.7539 0.0889
Car -1 -1 -3.2744 666.3381 169.4754 770.7655 206.9607 1.4343 1.5393 3.8784 4.5335 0.9746 28.2933 -3.1220 0.0699
Car -1 -1 -2.8750 660.2465 168.7696 761.7251 207.4111 1.4665 1.5749 3.7331 4.3597 0.9837 28.7297 -2.7308 0.0648
Car -1 -1 -7.9469 674.5693 154.2193 733.1977 214.7272 2.0138 1.7109 3.6301 3.5732 1.1063 25.7537 -7.8155 0.0638
Pedestrian -1 -1 -6.1994 732.4293 165.7946 740.9826 203.0186 1.7453 0.4922 0.3612 6.3847 1.0092 33.9655 -6.0201 0.0600
Pedestrian -1 -1 -4.6430 942.8759 170.0668 969.3879 241.3226 1.4715 0.4796 0.3931 7.4288 1.2360 15.1238 -4.1984 0.0527
Car -1 -1 -5.0097 702.1559 168.4850 767.4395 208.0029 1.4434 1.5081 3.5278 5.1171 0.9684 28.0813 -4.8361 0.0516
Pedestrian -1 -1 -4.2711 725.3650 171.0610 744.8707 213.4005 1.4812 0.5312 0.4718 4.7167 1.1164 25.4757 -4.0950 0.0485
Car -1 -1 -4.8581 705.4413 167.8996 765.1884 210.8154 1.4985 1.6013 4.0518 4.9488 1.0240 27.1304 -4.6844 0.0366
Pedestrian -1 -1 -4.5550 936.9729 173.7607 963.2294 242.1812 1.4077 0.4456 0.3811 7.2713 1.2491 15.0619 -4.1173 0.0343
Car -1 -1 -4.9339 707.4359 168.2753 774.3489 210.5533 1.4774 1.5798 4.0896 5.1601 1.0157 27.1770 -4.7531 0.0330
Pedestrian -1 -1 -6.1650 731.4152 166.2479 741.0267 203.0530 1.7348 0.4697 0.3997 6.3951 1.0162 34.1417 -5.9862 0.0306
Car -1 -1 -3.5421 858.8586 169.1576 1008.7582 215.7859 1.5162 1.5911 4.3035 11.0811 1.1153 24.1955 -3.1218 0.0303
Pedestrian -1 -1 -6.6961 591.7769 165.4715 608.4144 193.4092 1.7387 0.7172 0.8266 -0.0823 0.7412 45.2008 -6.7028 0.0287
Pedestrian -1 -1 -5.9887 588.0458 165.7668 604.1407 193.4874 1.7266 0.7001 0.8486 -0.3298 0.7467 45.1965 -6.0008 0.0276
Pedestrian -1 -1 -4.6425 940.2772 165.8028 967.4669 239.6229 1.5340 0.4945 0.4347 7.4379 1.2084 15.2382 -4.2004 0.0273
Cyclist -1 -1 -4.3089 719.2283 167.2208 749.2917 212.2643 1.5650 0.4902 1.5788 4.7485 1.0693 25.7533 -4.1335 0.0249
Car -1 -1 -5.7701 721.2967 169.7513 854.1631 217.3642 1.5028 1.6049 4.1569 6.2972 1.1324 24.6812 -5.5280 0.0196
Car -1 -1 -3.3793 860.3488 173.5004 1008.6531 222.1107 1.5428 1.6475 4.2123 10.9731 1.2893 23.9896 -2.9596 0.0129
Car -1 -1 -3.6948 860.0734 166.8139 1013.8702 214.3828 1.5381 1.6604 4.5365 11.2860 1.0637 24.3407 -3.2698 0.0125
Cyclist -1 -1 -4.9789 931.8151 163.8253 972.4905 235.1028 1.4827 0.4783 1.1933 7.5457 1.1156 15.5719 -4.5394 0.0116
Car -1 -1 -3.3414 849.7188 172.6823 978.1472 217.7430 1.4442 1.5647 3.7095 10.3792 1.1620 24.1525 -2.9445 0.0111
Cyclist -1 -1 -5.0798 928.4745 167.2371 977.3855 239.0726 1.4749 0.5242 1.2116 7.4611 1.1827 15.3722 -4.6398 0.0087
Pedestrian -1 -1 -8.1797 650.5425 158.9333 666.3189 190.4644 1.9950 0.8004 0.7618 3.6454 0.5672 45.9191 -8.1058 0.0086
Cyclist -1 -1 -5.3378 925.0459 166.9711 993.5842 242.0101 1.5041 0.5373 1.4410 7.4789 1.2134 15.1549 -4.8914 0.0086
Car -1 -1 -6.0816 678.7936 164.5615 809.3969 214.0134 1.5856 1.6055 4.1488 4.8477 1.0429 24.5619 -5.8938 0.0085
Car -1 -1 -7.7521 340.2503 180.6103 406.9768 231.7468 1.3523 1.5195 3.2088 -6.5235 1.3293 20.7215 -8.0587 0.0073
Car -1 -1 -8.1081 847.9117 170.7710 926.0760 214.5671 1.4266 1.5516 4.0774 10.0015 1.0775 25.5107 -7.7430 0.0068
Cyclist -1 -1 -5.2909 915.0356 167.9634 972.7155 242.0214 1.5167 0.5129 1.2271 7.2581 1.2401 15.3562 -4.8612 0.0064
Car -1 -1 -5.8665 720.5991 172.7475 831.7498 215.2882 1.3807 1.4781 3.4450 6.0070 1.0971 24.9414 -5.6377 0.0060
Pedestrian -1 -1 -4.7193 931.4772 166.4793 958.6398 236.4842 1.4585 0.5109 0.4530 7.2628 1.1462 15.2780 -4.2874 0.0056
Cyclist -1 -1 -3.6834 918.2433 166.1311 991.5304 237.9892 1.4996 0.5839 1.2904 7.4994 1.1795 15.3454 -3.2407 0.0043
Cyclist -1 -1 -4.9311 1109.0283 166.6155 1199.3025 322.5419 1.6763 0.5027 1.4633 6.4376 1.5170 8.4939 -4.3028 0.0037
Car -1 -1 -5.7182 718.6924 170.7313 836.0701 216.8934 1.4658 1.4557 3.6946 5.9424 1.1243 24.6368 -5.4891 0.0036
Pedestrian -1 -1 -8.5351 650.8904 159.0889 667.0471 191.8989 2.0929 0.7156 0.7655 3.7158 0.6634 46.3402 -8.4604 0.0035
Pedestrian -1 -1 -4.5329 1105.6152 169.9422 1174.4329 311.6918 1.6115 0.5855 0.4955 6.3584 1.4808 8.5488 -3.9135 0.0035
Cyclist -1 -1 -5.9426 514.3323 169.1903 549.7046 203.7545 1.7215 0.6972 1.6421 -3.5145 1.1086 36.3112 -6.0435 0.0009
Pedestrian -1 -1 -3.5356 1173.3605 167.2227 1237.0000 350.3482 1.4832 0.4731 0.3543 5.1245 1.3683 6.0942 -2.8628 0.0009
Cyclist -1 -1 -6.1262 496.2723 168.6552 536.6371 213.8726 1.6844 0.6395 1.4328 -3.2206 1.2063 27.1037 -6.2485 0.0006
Cyclist -1 -1 -2.8416 513.7053 168.0808 550.8614 202.8055 1.7239 0.7399 1.7233 -3.4886 1.0579 36.1941 -2.9420 0.0003
Cyclist -1 -1 -6.8540 603.0845 162.7523 628.6724 190.6539 1.7696 0.6672 1.5308 0.9374 0.5806 46.2452 -6.8387 0.0001
Cyclist -1 -1 -7.9114 524.2947 170.1501 539.8773 203.9159 1.6660 0.6851 1.5652 -3.5185 1.1063 36.2704 -8.0124 0.0001
Cyclist -1 -1 -7.5375 608.0081 162.8455 624.5500 190.7315 1.7676 0.6502 1.4657 0.9697 0.5852 46.3318 -7.5216 0.0000
Cyclist -1 -1 -7.8173 525.2144 169.5928 540.6461 203.3725 1.6697 0.7288 1.5559 -3.4629 1.0814 36.3063 -7.9167 0.0000
Cyclist -1 -1 -7.4336 607.8815 162.4681 628.1529 190.1470 1.7531 0.7272 1.5966 1.0841 0.5477 46.3742 -7.4152 0.0000
Cyclist -1 -1 -7.7577 508.3675 168.4339 527.9761 213.9045 1.6659 0.6054 1.4469 -3.1477 1.1876 27.0478 -7.8776 0.0000
Cyclist -1 -1 -7.7683 510.3159 169.0391 530.0109 214.0102 1.6459 0.6211 1.4762 -3.0714 1.1902 27.0384 -7.8855 0.0000
