Car -1 -1 -7.9549 845.3981 175.3841 918.9406 229.9098 1.4512 1.5924 4.3165 8.0214 1.5350 21.7039 -7.6059 0.9999
Car -1 -1 -2.5988 337.8164 179.0655 533.7753 270.1605 1.6447 1.7113 3.4548 -3.5265 1.7812 14.5494 -2.8333 0.9867
Car -1 -1 -2.4919 340.3423 179.3346 534.5256 268.9802 1.6191 1.6457 3.5891 -3.5702 1.7643 14.7218 -2.7265 0.7067
Car -1 -1 -5.3318 928.5148 191.8065 1241.0000 374.0000 1.4515 1.5455 3.6237 2.9519 1.5897 3.4265 -4.6632 0.6678
Car -1 -1 -5.2880 941.2324 190.2335 1241.0000 374.0000 1.4626 1.5818 3.6578 3.0462 1.5930 3.5310 -4.6174 0.5759
Car -1 -1 -5.3286 900.3702 191.3393 1241.0000 374.0000 1.4522 1.4875 3.5655 2.8954 1.5933 3.7301 -4.7070 0.4644
Car -1 -1 -8.2999 383.8721 178.8759 536.0016 270.6840 1.6322 1.6609 3.6850 -3.2834 1.7739 15.0511 -8.5119 0.4642
Car -1 -1 -2.6287 308.4385 181.3158 526.2123 266.9114 1.5680 1.5990 4.0393 -3.9529 1.7557 14.7536 -2.8868 0.4426
Car -1 -1 -8.2304 948.6635 187.9294 1241.0000 374.0000 1.4585 1.6011 3.9404 3.2406 1.5912 4.2641 -7.6143 0.4339
Car -1 -1 -8.2853 928.1866 189.4894 1241.0000 374.0000 1.4656 1.5706 3.9153 3.0734 1.6069 4.0761 -7.6744 0.4273
Car -1 -1 -8.2155 367.3052 179.5475 513.8212 272.1884 1.6020 1.6976 3.7112 -3.6307 1.7575 14.7791 -8.4531 0.4176
Car -1 -1 -2.5290 340.4466 179.9679 534.4632 266.8001 1.5954 1.6233 3.6272 -3.6084 1.7562 14.9148 -2.7632 0.4175
Car -1 -1 -4.2739 405.5497 180.0095 543.6597 270.9938 1.5843 1.5706 3.0461 -2.6528 1.7444 14.5009 -4.4525 0.3898
Car -1 -1 -2.7318 321.8250 180.4871 526.1793 270.0865 1.5991 1.6862 3.5085 -3.6322 1.7606 14.1836 -2.9788 0.3833
Car -1 -1 -7.8518 828.8873 165.7007 866.4426 205.7232 1.9663 1.7657 4.2481 12.3803 1.6146 37.7424 -7.5376 0.3571
Pedestrian -1 -1 -7.6420 932.8413 169.9982 1071.2544 374.0000 1.5838 0.6670 0.5883 2.3889 1.5674 4.5019 -7.1820 0.3567
Pedestrian -1 -1 -7.8328 953.7022 151.6065 1100.1566 374.0000 1.6459 0.7391 0.6371 2.5057 1.5270 4.4847 -7.3519 0.3372
Car -1 -1 -5.4835 968.6236 195.5952 1241.0000 374.0000 1.4544 1.6213 3.6388 3.0046 1.5979 2.7371 -4.7044 0.2933
Car -1 -1 -6.1270 629.9449 174.2197 709.8408 207.5908 1.7674 1.7606 4.1564 3.2752 1.8448 39.6693 -6.0457 0.2846
Car -1 -1 -5.1298 1015.8779 192.3370 1241.0000 374.0000 1.4476 1.6300 3.6444 3.3098 1.5966 3.5517 -4.4210 0.2794
Car -1 -1 -5.3701 982.9503 205.6106 1241.0000 374.0000 1.4338 1.5475 3.6391 2.8740 1.6410 2.6769 -4.6034 0.2759
Car -1 -1 -8.2247 910.2532 187.2964 1241.0000 374.0000 1.4592 1.5508 3.6041 3.0856 1.5896 4.6189 -7.6658 0.2612
Car -1 -1 -4.2172 395.0787 180.0249 539.6652 274.4810 1.5934 1.5208 2.9808 -2.7161 1.7494 14.0730 -4.4053 0.2359
Car -1 -1 -5.4849 973.6833 188.7822 1241.0000 374.0000 1.4924 1.7532 3.9781 3.3316 1.6032 3.0347 -4.7008 0.2257
Car -1 -1 -7.8192 377.3581 181.3814 478.0922 271.5336 1.5607 1.7706 3.8980 -3.7429 1.7621 14.9757 -8.0608 0.2204
Car -1 -1 -7.7004 398.1393 178.7915 515.6075 273.4952 1.6422 1.7618 3.6380 -3.0010 1.7774 14.6026 -7.9004 0.1928
Car -1 -1 -6.0822 637.3246 174.8233 713.0745 207.0238 1.6926 1.6690 3.8708 3.5391 1.8036 39.4437 -5.9939 0.1889
Car -1 -1 -7.8420 393.4930 180.1494 495.2922 274.3990 1.5962 1.7493 3.7838 -3.3576 1.7637 14.5679 -8.0654 0.1858
Car -1 -1 -7.8803 366.5493 181.4267 472.6284 272.4421 1.5437 1.8356 3.9793 -4.0034 1.7452 14.8141 -8.1406 0.1734
Car -1 -1 -6.4195 630.0530 174.8775 708.8484 207.2444 1.7151 1.7248 4.0799 3.1621 1.8279 39.3342 -6.3405 0.1685
Pedestrian -1 -1 -8.2272 899.3684 167.1334 920.4584 206.9753 1.7920 0.6530 0.7557 13.6005 1.5344 32.8353 -7.8381 0.1522
Car -1 -1 -3.8761 275.2090 180.5231 511.2579 282.9870 1.5803 1.7354 4.1874 -3.9541 1.7494 13.6979 -4.1528 0.1486
Car -1 -1 -7.8919 825.1671 166.7966 865.5912 206.1358 1.9322 1.8244 4.2979 12.2124 1.6344 37.7549 -7.5818 0.1326
Car -1 -1 -6.1032 627.3873 175.3047 708.5365 207.5634 1.7061 1.7677 4.2115 3.1742 1.8456 39.7647 -6.0247 0.1207
Car -1 -1 -7.7159 670.5430 175.0807 710.0737 208.1613 1.7451 1.6753 4.0119 4.5182 1.8764 40.5028 -7.6061 0.1171
Car -1 -1 -6.1478 634.7689 175.8871 710.8420 207.9710 1.7014 1.7424 3.9833 3.4477 1.8738 39.7925 -6.0626 0.1111
Pedestrian -1 -1 -8.3312 898.2307 167.2294 919.4633 206.9200 1.7903 0.6452 0.6968 13.5892 1.5363 32.9227 -7.9433 0.1103
Car -1 -1 -4.1504 332.4984 178.7261 533.7115 280.9233 1.6126 1.8742 3.9926 -3.2250 1.7427 13.8313 -4.3761 0.1064
Car -1 -1 -7.7999 364.8692 181.6432 470.5768 276.9615 1.5516 1.7463 3.9982 -3.7131 1.7511 14.2696 -8.0507 0.1044
Car -1 -1 -8.0939 1036.1705 189.4632 1241.0000 374.0000 1.4871 1.7239 4.1778 3.6143 1.6343 4.1508 -7.4130 0.0996
Car -1 -1 -5.9490 972.5756 184.3479 1241.0000 374.0000 1.5129 1.7575 4.1545 3.7484 1.5938 2.8435 -5.0765 0.0791
Car -1 -1 -3.5670 1065.6764 183.8225 1241.0000 245.0211 1.4139 1.4999 3.3433 13.5657 1.7057 18.1369 -2.9332 0.0789
Car -1 -1 -6.1126 990.7384 192.5089 1241.0000 374.0000 1.4860 1.6177 3.8075 3.4347 1.6041 2.2864 -5.1876 0.0717
Car -1 -1 -4.2968 387.3570 179.3297 533.3212 278.1400 1.6154 1.5446 3.2018 -2.7656 1.7541 13.7540 -4.4925 0.0676
Car -1 -1 -6.5346 1023.1706 192.4787 1241.0000 374.0000 1.4975 1.5769 3.7656 3.6831 1.6153 2.5666 -5.6256 0.0652
Pedestrian -1 -1 -7.7179 950.2067 153.1889 1076.3740 374.0000 1.6448 0.5966 0.6215 2.3427 1.5393 4.2847 -7.2471 0.0572
Car -1 -1 -2.8852 650.6317 173.2678 704.7764 192.2289 1.5051 1.6203 4.1178 5.4936 1.5394 58.8034 -2.7929 0.0517
Car -1 -1 -7.4040 900.6786 189.6411 1241.0000 374.0000 1.5191 1.6513 4.1861 3.8289 1.6525 4.1517 -6.6947 0.0514
Car -1 -1 -5.7472 972.4044 193.5542 1241.0000 374.0000 1.4722 1.5825 3.8615 3.0485 1.5945 2.2418 -4.8720 0.0508
Car -1 -1 -6.8552 952.3373 193.5866 1241.0000 374.0000 1.4923 1.6532 3.6951 3.6594 1.6198 3.2199 -6.0511 0.0481
Car -1 -1 -8.1711 1078.1082 189.3555 1241.0000 374.0000 1.5165 1.9071 3.9478 3.7456 1.6497 3.6433 -7.4124 0.0464
Car -1 -1 -6.3340 1008.8506 185.4745 1241.0000 374.0000 1.5195 1.6717 3.9808 3.6957 1.5964 2.3321 -5.3823 0.0437
Car -1 -1 -3.6018 297.0410 178.6882 534.9920 279.3679 1.6040 1.5754 4.0671 -3.6010 1.7296 13.6462 -3.8559 0.0432
Cyclist -1 -1 -8.5962 953.6797 183.0853 1241.0000 374.0000 1.6052 0.5297 1.7334 2.3422 1.6654 3.3693 -8.0301 0.0430
Cyclist -1 -1 -7.5766 447.1429 175.1846 504.5134 275.5985 1.7163 0.5817 1.7426 -2.4881 1.7617 13.2689 -7.7594 0.0426
Car -1 -1 -6.2239 984.8999 186.0886 1241.0000 374.0000 1.5266 1.7090 4.3707 4.0123 1.6193 2.7856 -5.3091 0.0423
Car -1 -1 -7.6011 963.1465 190.1632 1241.0000 374.0000 1.4648 1.6479 4.3427 3.8841 1.6030 3.9017 -6.8558 0.0416
Pedestrian -1 -1 -8.0401 986.5839 144.3087 1147.0819 374.0000 1.6572 0.6701 0.6344 2.5898 1.5047 4.2562 -7.5246 0.0408
Car -1 -1 -7.8118 669.6522 175.9506 702.5745 208.2137 1.7022 1.6820 3.9132 4.2784 1.8846 40.5208 -7.7079 0.0378
Car -1 -1 -6.9658 825.0493 183.8526 1241.0000 374.0000 1.4895 1.7323 3.8199 3.3351 1.5656 4.0849 -6.3167 0.0374
Car -1 -1 -5.8794 0.0000 0.0000 1241.0000 374.0000 1.5012 1.5584 3.6866 3.1151 1.5807 1.8390 -4.9104 0.0368
Car -1 -1 -6.6349 1020.4420 196.1226 1241.0000 374.0000 1.4797 1.5638 3.6516 3.6645 1.6218 2.8421 -5.7735 0.0355
Car -1 -1 -4.1456 368.0734 178.3900 538.5302 278.4079 1.6145 1.5955 3.3516 -2.8777 1.7335 13.7014 -4.3497 0.0338
Car -1 -1 -7.2328 954.5626 189.9610 1241.0000 374.0000 1.5104 1.6549 4.2211 4.1127 1.6216 3.5912 -6.4204 0.0330
Car -1 -1 -7.9243 664.7872 176.4394 700.0170 208.8420 1.7088 1.6706 4.1192 3.9851 1.9205 40.5927 -7.8277 0.0329
Car -1 -1 -6.1269 0.0000 0.0000 1241.0000 374.0000 1.5116 1.5852 3.8112 3.4414 1.5726 1.9057 -5.1261 0.0321
Car -1 -1 -6.9739 987.8959 194.5661 1241.0000 374.0000 1.5055 1.6501 3.9736 4.0319 1.6355 3.1891 -6.1171 0.0314
Cyclist -1 -1 -6.6316 863.0504 162.9285 1185.2965 374.0000 1.5919 0.5476 1.6552 2.4335 1.5350 4.4873 -6.1629 0.0303
Car -1 -1 -2.8797 643.8939 173.1367 701.0085 191.7845 1.4844 1.6631 4.3725 5.0826 1.5078 59.0070 -2.7945 0.0298
Car -1 -1 -2.8902 654.9367 173.1393 705.1167 191.8170 1.4807 1.5256 3.7973 5.6639 1.5041 58.6054 -2.7946 0.0283
Car -1 -1 -6.7738 1027.1107 188.1745 1241.0000 374.0000 1.5165 1.6626 4.0442 4.0364 1.6108 2.8842 -5.8714 0.0283
Car -1 -1 -6.6241 1054.7391 186.3463 1241.0000 374.0000 1.5165 1.6642 3.9815 3.9494 1.5995 2.6594 -5.6967 0.0272
Car -1 -1 -3.9155 330.0328 177.2945 540.1582 281.0093 1.6311 1.4912 3.8825 -3.1613 1.7267 13.5578 -4.1412 0.0253
Car -1 -1 -4.6408 727.7880 177.0562 755.6385 200.6781 1.5568 1.6252 4.3633 9.2593 1.8652 50.6924 -4.4617 0.0247
Car -1 -1 -4.6537 730.1308 176.0627 758.6102 200.2464 1.5980 1.7186 4.3820 9.4351 1.8332 50.6284 -4.4709 0.0223
Car -1 -1 -4.6998 358.4653 182.6080 459.7997 276.7565 1.5600 1.7042 3.7604 -4.0202 1.7820 14.4114 -4.9679 0.0209
Car -1 -1 -6.0206 657.8560 172.6253 710.3297 191.7774 1.5176 1.5417 3.9763 5.9918 1.4992 58.6022 -5.9196 0.0191
Car -1 -1 -7.6161 667.1744 173.1055 696.7889 192.5734 1.5567 1.6466 3.5745 5.9596 1.5779 59.7052 -7.5174 0.0179
Car -1 -1 -6.1137 664.9747 172.9498 720.1512 193.0551 1.5904 1.7159 4.2170 6.6765 1.5980 58.4995 -6.0010 0.0166
Car -1 -1 -8.7742 1042.9238 191.0668 1241.0000 374.0000 1.4393 1.6996 4.0237 4.0341 1.5727 3.2298 -7.9227 0.0164
Car -1 -1 -7.5417 668.1764 172.9444 701.4737 192.4780 1.5580 1.6810 3.7121 6.1869 1.5654 59.6064 -7.4392 0.0147
Car -1 -1 -6.4554 1015.5498 178.9760 1241.0000 374.0000 1.5422 1.7021 4.2979 3.9810 1.5811 2.4976 -5.4973 0.0140
Car -1 -1 -6.5829 1064.6211 182.8544 1241.0000 374.0000 1.5993 1.7454 4.0972 3.9766 1.6595 2.4066 -5.6100 0.0135
Car -1 -1 -2.9475 291.7334 179.7181 514.4335 270.5876 1.6209 1.6647 3.8958 -3.9160 1.7630 13.9935 -3.2162 0.0125
Car -1 -1 -6.7599 1063.1226 178.8515 1241.0000 244.7989 1.5566 1.5895 3.5473 13.7301 1.7171 18.2897 -6.1243 0.0119
Car -1 -1 -7.4619 305.6919 180.9160 460.6614 275.5603 1.6214 1.6394 3.8123 -4.4722 1.8072 14.6767 -7.7534 0.0103
Car -1 -1 -4.4929 643.9535 171.8385 692.7310 208.4791 1.8644 1.7583 4.2033 3.1727 1.8124 38.9816 -4.4129 0.0102
Car -1 -1 -4.1493 348.2542 178.1747 534.4141 283.4431 1.6225 1.4523 3.9629 -2.9883 1.7369 13.4443 -4.3648 0.0093
Car -1 -1 -6.3472 1058.4503 176.7366 1241.0000 374.0000 1.5644 1.6734 4.1321 3.9220 1.5875 2.1844 -5.3411 0.0075
Car -1 -1 -4.7025 731.3856 176.2166 756.6616 199.9494 1.5774 1.6783 4.1103 9.4086 1.8238 50.7515 -4.5206 0.0068
Car -1 -1 -5.0767 909.6067 176.4460 1011.3373 221.1035 1.4332 1.7450 4.4983 12.3407 1.5730 25.8371 -4.6360 0.0057
Car -1 -1 -7.3368 916.7802 169.6589 1241.0000 374.0000 1.6448 1.7701 4.1747 4.1247 1.6319 4.3614 -6.6134 0.0053
Pedestrian -1 -1 -4.8835 1048.2485 161.5681 1237.2839 374.0000 1.6683 0.6500 0.6594 2.6280 1.6166 3.7168 -4.3058 0.0052
Car -1 -1 -3.4008 297.8112 178.1617 523.5714 284.1436 1.6779 1.6780 3.6884 -3.6801 1.7872 13.2404 -3.6676 0.0047
Car -1 -1 -3.2301 306.3907 178.7835 524.6312 275.1767 1.6181 1.6406 3.7928 -3.7240 1.7421 13.7069 -3.4913 0.0045
Pedestrian -1 -1 -6.9385 514.6922 182.2633 547.7585 239.3726 1.4296 0.6558 0.5663 -2.0864 1.6779 18.6368 -7.0492 0.0034
Car -1 -1 -7.7331 646.9507 168.4516 678.0241 195.7363 1.7401 1.6033 3.9841 3.5069 1.4591 48.1259 -7.6612 0.0015
Cyclist -1 -1 -7.8607 521.1487 185.2307 538.0239 243.4211 1.4317 0.4221 1.7482 -2.1791 1.7731 19.0256 -7.9740 0.0009
Cyclist -1 -1 -7.9674 519.8608 184.4683 542.1729 240.1449 1.3571 0.4059 1.4684 -2.1043 1.6695 18.6654 -8.0789 0.0008
Pedestrian -1 -1 -4.8646 915.8982 189.2149 990.3529 374.0000 1.4135 0.4141 0.6621 2.6207 1.5504 5.6749 -4.4528 0.0005
