Car -1 -1 -3.5287 842.8533 170.5163 969.2809 213.8631 1.4311 1.5939 3.6601 9.9902 1.3536 24.6295 -3.1479 0.9881
Car -1 -1 -2.4014 0.0000 206.9307 62.0577 253.5018 1.3966 1.6434 3.8120 -20.6372 2.5624 23.8093 -3.1101 0.9402
Car -1 -1 -3.7776 979.0598 165.9763 1124.9546 208.7838 1.4040 1.5302 4.1603 14.9798 1.1781 24.6233 -3.2366 0.9051
Car -1 -1 -4.9632 278.9771 184.3213 339.0926 218.8586 1.4350 1.6586 3.8687 -14.0092 1.9977 33.3812 -5.3580 0.8970
Car -1 -1 -5.0225 273.3581 185.5321 338.6253 219.6658 1.4110 1.6481 3.9790 -14.1562 2.0335 33.3948 -5.4209 0.8858
Car -1 -1 -3.8223 981.2264 164.8551 1122.7780 209.0144 1.4369 1.5329 4.0508 14.9258 1.1763 24.5188 -3.2811 0.8665
Pedestrian -1 -1 -8.2370 1117.5608 101.3190 1241.0000 350.1009 1.9281 0.6829 0.9623 4.8589 1.3734 6.1454 -7.5915 0.8524
Pedestrian -1 -1 -8.2698 1112.2662 106.2776 1241.0000 351.4710 1.9265 0.6561 0.8853 4.8122 1.4031 6.1733 -7.6311 0.8480
Car -1 -1 -2.4564 0.0000 206.1416 62.2299 252.8848 1.4001 1.6475 4.0880 -20.7627 2.5359 23.7456 -3.1694 0.7044
Car -1 -1 -2.3834 0.0000 208.2052 64.6317 254.2815 1.3813 1.6142 3.7486 -20.5796 2.5976 23.9258 -3.0884 0.6880
Pedestrian -1 -1 -7.6107 505.2457 168.2750 521.6529 206.9171 1.8392 0.6500 0.6294 -4.6800 1.6210 34.6912 -7.7443 0.6293
Car -1 -1 -2.3779 0.0000 205.8317 61.0496 252.0828 1.3860 1.6337 3.2340 -20.3949 2.5172 23.8416 -3.0801 0.6142
Car -1 -1 -2.3336 0.0000 206.0130 65.8201 253.1996 1.4135 1.6207 3.5287 -20.4589 2.5621 24.0069 -3.0340 0.6067
Car -1 -1 -5.0181 134.0971 190.6393 202.4021 224.4897 1.3584 1.5230 3.9966 -20.1748 2.2138 32.8266 -5.5658 0.5986
Car -1 -1 -5.0891 271.8300 185.2056 340.3716 219.1343 1.4014 1.6563 3.6885 -14.0105 1.9999 33.0817 -5.4871 0.5952
Car -1 -1 -4.9373 282.2783 185.5104 340.0009 219.3601 1.3981 1.6116 4.0581 -13.9686 2.0228 33.5090 -5.3298 0.5886
Car -1 -1 -7.1885 1118.5898 157.5173 1241.0000 228.7360 1.4848 1.6138 3.8096 13.6954 1.1647 16.2353 -6.4969 0.5616
Car -1 -1 -6.8749 981.0554 166.0491 1144.3295 209.2500 1.4214 1.6576 4.5944 15.3424 1.1972 24.6615 -6.3240 0.5084
Car -1 -1 -2.4821 0.0000 205.9669 62.9915 255.1087 1.4658 1.6860 4.4730 -21.0134 2.6025 23.8038 -3.1999 0.5040
Car -1 -1 -5.1164 263.1046 185.0135 335.8679 219.4878 1.4276 1.6493 3.9752 -14.3834 2.0205 33.2347 -5.5223 0.4859
Pedestrian -1 -1 -6.0020 514.7565 172.7265 528.5189 204.7430 1.7968 0.7108 0.6012 -5.0422 1.7894 40.8926 -6.1244 0.4858
Car -1 -1 -7.3218 1117.7391 158.1654 1241.0000 230.3906 1.5008 1.6143 3.7319 13.5935 1.1953 16.3991 -6.6387 0.4847
Car -1 -1 -5.7007 315.4436 180.6767 398.2007 209.9507 1.4868 1.6442 3.9216 -13.5659 1.9189 38.6040 -6.0368 0.4773
Car -1 -1 -4.9371 286.1873 185.6343 339.9076 220.5495 1.4457 1.6064 3.1417 -13.6134 2.0591 32.9015 -5.3269 0.4690
Car -1 -1 -4.9429 132.7363 191.7180 190.2281 225.2159 1.3676 1.4998 3.4595 -20.6988 2.2808 33.1866 -5.4973 0.4603
Car -1 -1 -2.6472 134.5551 179.6666 308.0566 245.4028 2.0729 1.9095 4.7297 -12.8228 2.3077 23.9244 -3.1350 0.4595
Car -1 -1 -7.0546 1122.6709 157.5674 1241.0000 228.6526 1.4874 1.5887 3.8319 13.7686 1.1672 16.0256 -6.3541 0.4411
Car -1 -1 -5.0040 135.9003 190.9950 197.7305 224.1154 1.3558 1.4555 3.5959 -20.4535 2.2337 33.1858 -5.5530 0.4165
Car -1 -1 -5.0631 262.3973 183.9910 337.0343 219.1149 1.4547 1.7473 4.4972 -14.5167 2.0065 33.5357 -5.4691 0.3957
Car -1 -1 -5.7416 314.7948 180.8106 397.5863 209.9344 1.4769 1.6195 3.8814 -13.5330 1.9135 38.4269 -6.0784 0.3861
Pedestrian -1 -1 -5.8482 514.0958 172.3021 528.5851 204.6513 1.8190 0.7321 0.5616 -5.0732 1.7877 41.0067 -5.9710 0.3766
Pedestrian -1 -1 -7.5673 501.9762 169.9484 519.9418 208.0954 1.8139 0.6920 0.6817 -4.8001 1.6754 34.6975 -7.7042 0.3661
Car -1 -1 -4.0118 1109.9265 154.5768 1241.0000 229.2946 1.5485 1.5386 3.3916 13.1668 1.1694 16.0325 -3.3335 0.3397
Car -1 -1 -7.4550 1119.9778 157.0474 1241.0000 228.6648 1.4847 1.6430 3.9141 13.6560 1.1567 16.6070 -6.7757 0.3333
Car -1 -1 -5.9360 298.4864 164.0023 371.2083 190.5856 1.5382 1.5742 3.6937 -16.2271 1.0257 42.5654 -6.2983 0.3301
Car -1 -1 -4.0843 1091.3226 155.3154 1241.0000 230.3943 1.5338 1.5479 3.6295 12.7310 1.1752 15.9845 -3.4209 0.3107
Car -1 -1 -4.9236 271.4743 184.2941 333.1053 220.3478 1.4693 1.7746 4.0735 -14.1480 2.0261 32.9611 -5.3265 0.2767
Pedestrian -1 -1 -6.2413 658.3634 168.0879 668.7488 198.2173 1.7030 0.7284 0.5627 3.0218 1.4333 41.1778 -6.1690 0.2669
Car -1 -1 -7.1716 1110.3005 157.5155 1241.0000 229.4959 1.5036 1.5416 3.4703 13.3018 1.1829 16.1873 -6.4929 0.2443
Car -1 -1 -4.9851 133.1738 191.1836 194.1887 225.2108 1.3788 1.4527 3.6050 -20.4134 2.2585 32.8860 -5.5372 0.2136
Car -1 -1 -7.3556 1111.2952 157.8324 1241.0000 230.6735 1.5168 1.5973 3.5170 13.3395 1.2037 16.4452 -6.6831 0.2119
Car -1 -1 -7.2639 1120.8292 156.8216 1241.0000 227.7379 1.4879 1.6298 3.9627 13.9032 1.1512 16.4843 -6.5722 0.2005
Car -1 -1 -5.0933 135.1261 190.0924 212.6384 225.1872 1.4242 1.6427 4.0763 -20.0301 2.2578 33.0182 -5.6353 0.1872
Car -1 -1 -4.7313 330.8615 180.9749 365.6771 212.6121 1.5129 1.6310 4.1601 -13.8170 1.9641 37.8848 -5.0791 0.1852
Pedestrian -1 -1 -2.7586 601.3882 164.8891 617.2057 195.7102 1.8627 0.5786 0.8079 -0.0769 1.3810 44.0254 -2.7608 0.1849
Car -1 -1 -4.9240 677.1499 168.9715 717.0464 195.6773 1.5439 1.6329 3.7504 5.1850 1.3192 43.6578 -4.8070 0.1844
Car -1 -1 -4.8969 133.8217 190.5115 189.6292 225.0956 1.3827 1.4995 3.6713 -20.3359 2.2261 32.6114 -5.4510 0.1720
Car -1 -1 -4.6915 146.3907 190.7499 187.1202 224.3311 1.3607 1.5136 3.6410 -20.4271 2.2342 33.2740 -5.2387 0.1586
Car -1 -1 -6.8613 1132.4003 156.0577 1241.0000 232.2415 1.5468 1.6004 3.8516 13.8807 1.2055 15.7042 -6.1469 0.1538
Pedestrian -1 -1 -2.8632 603.9628 165.1911 619.4841 195.4435 1.8282 0.5998 0.8137 0.0717 1.3648 44.0049 -2.8619 0.1494
Car -1 -1 -4.9097 133.4650 191.3228 190.6767 224.9268 1.3708 1.5226 3.9344 -20.9009 2.2792 33.5421 -5.4637 0.1450
Car -1 -1 -4.6917 333.4363 182.1409 368.0944 213.8548 1.5153 1.6227 3.8516 -13.5621 2.0280 37.7785 -5.0345 0.1388
Cyclist -1 -1 -7.8813 659.6898 169.9362 667.1718 197.8838 1.5672 0.3790 1.6072 3.0151 1.4033 41.2721 -7.8093 0.1150
Car -1 -1 -8.0687 675.4762 169.7234 713.9943 195.6072 1.4965 1.5304 3.7936 5.0460 1.3152 43.6812 -7.9548 0.1037
Car -1 -1 -8.1513 1122.9130 157.3480 1241.0000 231.1687 1.5031 1.5742 3.7261 13.3325 1.1871 16.7131 -7.4867 0.0996
Car -1 -1 -5.1813 130.4015 188.0737 218.6940 223.6331 1.4442 1.6456 4.3546 -19.8332 2.1738 32.7467 -5.7225 0.0928
Car -1 -1 -6.1548 0.0000 195.6239 98.9316 241.1000 1.4733 1.6150 3.5912 -21.1611 2.3636 26.6068 -6.8219 0.0910
Car -1 -1 -8.1666 1119.0552 157.8874 1241.0000 230.7750 1.4871 1.5604 3.5198 13.1776 1.1814 16.6416 -7.5057 0.0905
Car -1 -1 -4.7187 137.2170 190.3429 180.0243 225.2238 1.3872 1.5617 3.5662 -20.4008 2.2225 32.5493 -5.2751 0.0829
Car -1 -1 -4.1411 0.0000 196.0227 98.7268 244.1873 1.4895 1.5772 3.6198 -20.4114 2.3838 25.9890 -4.8020 0.0825
Car -1 -1 -5.4266 308.7050 162.7313 374.4104 191.3265 1.6462 1.5901 3.7895 -16.0976 1.0631 43.1458 -5.7819 0.0684
Car -1 -1 -8.0207 642.1469 171.4808 677.7437 198.5585 1.5849 1.6083 3.4377 2.9718 1.5042 44.0225 -7.9542 0.0636
Car -1 -1 -2.4639 0.0000 195.7368 94.3212 236.6980 1.4362 1.5949 3.8323 -21.8247 2.3175 26.9973 -3.1391 0.0614
Car -1 -1 -2.9418 0.0000 194.2949 96.8958 239.4652 1.4891 1.6327 3.5279 -21.3648 2.3294 26.7615 -3.6109 0.0593
Car -1 -1 -2.2147 0.0000 195.0012 94.4062 236.3781 1.4205 1.5839 3.6991 -21.7783 2.2973 27.3358 -2.8828 0.0570
Car -1 -1 -4.5674 480.4090 174.9386 517.5590 206.0211 1.6345 1.5310 3.5951 -6.1436 1.7549 39.9861 -4.7193 0.0549
Car -1 -1 -5.7764 303.5695 163.7692 375.0328 190.9934 1.5776 1.5468 3.6876 -16.0878 1.0508 42.8503 -6.1337 0.0544
Car -1 -1 -2.9416 0.0000 195.6924 89.5654 241.5070 1.4614 1.6135 4.1615 -21.7498 2.3493 26.3772 -3.6263 0.0524
Car -1 -1 -5.5617 298.7394 162.8225 373.0244 191.4478 1.6469 1.6369 4.0734 -16.3671 1.0694 42.9938 -5.9236 0.0468
Cyclist -1 -1 -7.5991 662.3010 168.6241 674.4866 197.5234 1.6318 0.3393 1.4805 3.3269 1.3927 41.4968 -7.5200 0.0456
Car -1 -1 -2.8072 0.0000 196.2826 91.2297 239.8334 1.4326 1.5913 3.8347 -21.7356 2.3425 26.6362 -3.4869 0.0452
Car -1 -1 -5.7467 295.4661 163.4461 371.5846 191.2376 1.6044 1.6176 3.9441 -16.4077 1.0610 42.7895 -6.1109 0.0428
Car -1 -1 -4.9894 318.1177 161.3720 366.0106 191.5757 1.7263 1.6347 4.1196 -16.1848 1.0697 43.3835 -5.3447 0.0409
Car -1 -1 -5.1180 316.8853 161.4688 370.3602 190.2997 1.6521 1.6115 3.8793 -16.0562 0.9994 43.3091 -5.4712 0.0403
Car -1 -1 -7.7310 7.2415 195.8809 75.9278 239.5787 1.4120 1.5988 3.5695 -21.4620 2.3450 27.3031 -8.3926 0.0357
Car -1 -1 -4.8904 327.7096 161.1024 366.8854 190.9459 1.7110 1.5767 3.7352 -15.8625 1.0370 43.3790 -5.2392 0.0356
Car -1 -1 -5.5842 128.0685 188.3260 232.9156 221.8643 1.4423 1.5706 4.0961 -19.7532 2.1771 33.1667 -6.1181 0.0352
Car -1 -1 -3.3451 0.0000 194.8559 87.3851 243.2424 1.4878 1.6588 4.0794 -21.7281 2.3510 26.2100 -4.0324 0.0342
Car -1 -1 -1.9932 0.0000 194.8727 94.1092 236.3753 1.4062 1.5865 3.7552 -21.7558 2.2995 27.7029 -2.6544 0.0319
Car -1 -1 -6.9060 0.0000 193.5993 102.1610 241.4075 1.5160 1.5059 3.5145 -20.8975 2.3300 26.4250 -7.5704 0.0318
Car -1 -1 -4.5889 476.2464 175.2282 515.1855 207.0280 1.6681 1.6581 4.0205 -6.3481 1.8067 40.1885 -4.7449 0.0300
Cyclist -1 -1 -7.9059 663.9847 168.2575 672.7914 197.9692 1.6704 0.4218 1.4932 3.3019 1.4117 41.3163 -7.8272 0.0273
Car -1 -1 -3.4909 0.0000 195.4163 92.8718 242.7254 1.4580 1.6238 3.8327 -21.4283 2.3433 26.2625 -4.1705 0.0254
Car -1 -1 -4.7926 335.2676 161.3639 367.1835 189.6827 1.6291 1.5314 3.5147 -15.6379 0.9678 43.4242 -5.1365 0.0253
Cyclist -1 -1 -6.3365 649.8812 168.6900 678.7089 197.9352 1.6596 0.4035 1.6199 3.0562 1.4230 41.1641 -6.2633 0.0237
Car -1 -1 -3.9454 0.0000 197.1879 95.0053 245.7928 1.5050 1.5456 3.6041 -20.8328 2.4474 26.0825 -4.6145 0.0173
Pedestrian -1 -1 -4.8530 921.8676 192.2108 953.4942 269.7871 1.1737 0.3863 0.4507 5.0795 1.4843 11.3195 -4.4416 0.0173
Pedestrian -1 -1 -4.5812 927.6346 189.8367 958.0973 269.9257 1.1809 0.3711 0.4809 5.0532 1.4482 11.0687 -4.1636 0.0120
Car -1 -1 -3.7065 0.0000 196.8322 95.5299 244.5536 1.4541 1.6165 3.8039 -21.1450 2.3902 26.1178 -4.3822 0.0113
Car -1 -1 -4.4484 472.1047 175.3606 519.2585 206.1360 1.5883 1.6197 3.7792 -6.2418 1.7322 39.5252 -4.6044 0.0102
Car -1 -1 -8.4100 967.0723 156.4854 1033.8356 188.8438 1.9543 1.6823 4.3217 24.6470 0.9654 45.7892 -7.9191 0.0091
Car -1 -1 -4.4280 468.5617 173.1660 520.2594 203.3764 1.5891 1.7343 4.1910 -6.4051 1.6071 40.1873 -4.5854 0.0053
Pedestrian -1 -1 -4.3756 933.5931 186.5184 973.5272 264.2810 1.1760 0.4315 0.4997 5.3533 1.3970 11.3571 -3.9458 0.0041
Car -1 -1 -4.4585 468.5378 171.8865 519.1961 204.6613 1.7179 1.7844 4.1420 -6.4009 1.6668 39.9653 -4.6166 0.0032
Cyclist -1 -1 -7.8490 926.5463 175.2222 959.3677 270.3459 1.3363 0.4237 1.5022 4.9845 1.3745 10.9466 -7.4325 0.0028
Pedestrian -1 -1 -6.7145 1139.4170 97.0514 1241.0000 374.0000 1.8800 0.5473 0.3907 2.5432 1.5909 3.0585 -6.0679 0.0011
Cyclist -1 -1 -7.9050 516.6541 173.8598 526.2316 204.5707 1.7032 0.4556 1.6063 -5.0622 1.7611 40.9019 -8.0278 0.0010
Pedestrian -1 -1 -3.1064 362.5277 160.3127 377.4047 189.3320 1.6509 0.6912 0.7877 -13.8347 0.9371 41.4899 -3.4265 0.0006
Pedestrian -1 -1 -7.1737 1082.7278 130.5308 1241.0000 374.0000 1.6622 0.5859 0.4951 2.5717 1.4878 3.3170 -6.5568 0.0004
Cyclist -1 -1 -7.0935 1139.6724 149.6928 1241.0000 227.9248 1.6585 0.7731 1.9071 12.7369 1.1672 15.8136 -6.4247 0.0001
