Car -1 -1 -8.0756 469.0625 175.7945 517.0539 210.0137 1.6709 1.6464 3.9278 -6.2039 1.8330 37.7266 -8.2379 0.9990
Car -1 -1 -2.7601 0.0000 154.3926 260.9606 260.6167 1.8442 1.6965 3.9477 -9.0589 1.5234 13.7374 -3.3344 0.9986
Car -1 -1 -2.8719 145.1167 173.4030 317.8827 232.0990 1.5069 1.6278 3.8888 -10.2616 1.5225 19.7382 -3.3461 0.9674
Car -1 -1 -2.7682 99.6654 174.1268 299.8268 243.4048 1.4954 1.6444 3.6729 -9.3844 1.5264 16.6716 -3.2744 0.9661
Car -1 -1 -5.4496 0.0000 182.8872 141.3599 339.5861 1.4449 1.5929 3.9604 -7.5252 1.5652 7.7239 -6.2048 0.9622
Car -1 -1 -5.5429 0.0000 180.7435 136.5316 338.2131 1.4595 1.5867 3.9886 -7.5815 1.5517 7.6157 -6.3085 0.9451
Car -1 -1 -2.9155 146.2327 172.9304 317.6995 232.2573 1.5141 1.6222 3.8720 -10.2100 1.5160 19.6776 -3.3889 0.9172
Car -1 -1 -6.3120 207.9918 171.0371 339.2823 228.8295 1.6985 1.5697 3.6324 -10.5863 1.6448 22.7164 -6.7440 0.9017
Car -1 -1 -2.7548 0.0000 152.6049 267.7039 257.9520 1.8288 1.6964 4.0691 -8.9846 1.4770 13.7317 -3.3255 0.8005
Car -1 -1 -2.7227 0.0000 156.6799 267.2574 258.1544 1.7806 1.7030 4.1336 -9.0795 1.4965 13.8194 -3.2954 0.7438
Car -1 -1 -2.8097 96.8114 174.2317 300.0472 245.1146 1.5138 1.6344 3.7256 -9.3518 1.5473 16.5825 -3.3167 0.7388
Car -1 -1 -2.7165 93.8058 175.4924 300.0945 244.0486 1.4895 1.6440 3.8151 -9.4901 1.5540 16.7318 -3.2260 0.7248
Car -1 -1 -7.9740 326.0373 172.7588 372.8104 208.8952 1.6664 1.6985 3.9333 -12.8736 1.6617 35.4116 -8.3206 0.6879
Car -1 -1 -5.6039 0.0000 179.5587 131.9547 349.3926 1.4931 1.6109 4.0406 -7.5676 1.5710 7.4212 -6.3811 0.6858
Car -1 -1 -2.9966 135.7565 173.3750 315.3929 234.7758 1.5338 1.6386 4.0798 -10.2555 1.5486 19.4916 -3.4757 0.6794
Car -1 -1 -6.3474 201.8125 170.6321 339.6249 229.2029 1.7057 1.5364 3.7973 -10.6390 1.6407 22.5975 -6.7832 0.6717
Car -1 -1 -7.5083 320.6148 173.2635 382.3766 209.6930 1.6953 1.6719 3.7829 -12.6838 1.7162 35.5155 -7.8492 0.6657
Car -1 -1 -2.7836 138.3365 173.5300 320.4760 232.1283 1.5292 1.6374 4.1350 -10.4198 1.5486 19.9124 -3.2605 0.6458
Car -1 -1 -5.5315 0.0000 185.3416 129.1501 343.6705 1.4301 1.6073 3.7864 -7.4790 1.5737 7.4821 -6.2989 0.6103
Car -1 -1 -3.1511 186.5891 169.4424 334.4523 227.8026 1.6934 1.6731 4.0255 -10.8948 1.5941 22.5725 -3.5964 0.5278
Car -1 -1 -2.2327 0.0000 192.8304 154.4620 350.0842 1.4007 1.6274 3.3874 -7.1189 1.6480 7.8258 -2.9539 0.5230
Car -1 -1 -5.9589 206.6974 174.0432 340.9665 226.2973 1.5967 1.6201 3.5626 -10.7118 1.6361 23.0868 -6.3893 0.4922
Pedestrian -1 -1 -6.3153 339.1082 173.0987 360.7990 214.8529 1.6692 0.4136 0.8131 -10.5653 1.6789 29.1902 -6.6601 0.4455
Car -1 -1 -7.8725 282.3186 169.6569 323.5840 208.7595 1.6587 1.6287 3.5583 -13.9249 1.5228 32.5632 -8.2739 0.4408
Car -1 -1 -6.9875 312.2354 172.9482 397.4400 209.5897 1.6774 1.6745 3.6970 -12.3700 1.6819 35.0599 -7.3247 0.4030
Car -1 -1 -2.9417 177.3371 167.7363 331.6034 225.9981 1.7277 1.7084 4.0969 -11.1063 1.5756 22.7315 -3.3919 0.3852
Car -1 -1 -7.8057 280.6198 167.5062 326.4618 210.0750 1.8101 1.7203 3.9700 -13.9218 1.5824 32.8403 -8.2040 0.3585
Car -1 -1 -2.9581 201.0982 170.7038 338.0655 227.1789 1.6924 1.6622 3.6824 -10.7254 1.6277 22.8848 -3.3923 0.3583
Car -1 -1 -2.9476 74.8232 174.3076 293.3878 247.6008 1.5071 1.6467 4.0028 -9.4657 1.5425 16.3123 -3.4666 0.3552
Car -1 -1 -7.8885 332.0811 173.2493 369.9038 208.3322 1.6452 1.6416 3.8596 -12.9950 1.6658 35.9804 -8.2330 0.3395
Car -1 -1 -8.0432 318.2968 171.8344 371.4967 208.6445 1.7042 1.7392 3.9962 -13.1545 1.6567 35.5661 -8.3953 0.3395
Pedestrian -1 -1 -6.2700 332.2570 169.3684 344.9511 207.7607 1.7652 0.7284 0.5435 -12.6798 1.6047 33.6102 -6.6285 0.3209
Car -1 -1 -7.9458 275.0228 169.2678 322.2577 208.8886 1.6783 1.6227 3.7571 -14.1520 1.5261 32.6020 -8.3526 0.3097
Car -1 -1 -3.0742 165.4450 168.2701 321.4672 226.9832 1.6998 1.6930 4.1955 -11.3084 1.5668 22.4771 -3.5359 0.2907
Car -1 -1 -7.7322 282.2549 170.3348 330.1671 208.9117 1.6371 1.5955 3.2204 -13.6192 1.5299 32.3859 -8.1277 0.2823
Car -1 -1 -7.9490 324.9346 172.9725 367.8983 208.5548 1.6719 1.6482 3.9416 -13.2518 1.6778 36.0497 -8.2992 0.2568
Car -1 -1 -7.8537 339.4989 176.4704 377.5968 215.5318 1.5533 1.4583 3.0690 -10.7317 1.7152 30.6929 -8.1877 0.2373
Car -1 -1 -2.6989 177.1281 168.3175 334.6012 223.8351 1.6946 1.7301 4.1486 -11.1938 1.5558 22.9046 -3.1492 0.2177
Car -1 -1 -6.2777 0.0000 178.3615 109.6652 374.0000 1.4518 1.6261 4.4018 -7.6689 1.5206 6.9037 -7.0962 0.1994
Car -1 -1 -2.6485 199.7055 173.2837 346.3659 225.6116 1.6132 1.6926 3.9495 -10.8211 1.6274 23.2260 -3.0804 0.1787
Pedestrian -1 -1 -6.2672 332.8040 169.9231 346.1721 207.9442 1.7545 0.7945 0.5726 -12.6965 1.6190 33.7661 -6.6245 0.1555
Car -1 -1 -3.0332 243.1105 171.2164 330.4521 209.3491 1.6004 1.5170 3.3338 -14.0846 1.5314 31.5122 -3.4506 0.1510
Car -1 -1 -7.7214 283.9384 169.0595 333.1573 210.2577 1.7545 1.6085 3.3890 -13.5876 1.5926 32.5717 -8.1140 0.1501
Car -1 -1 -2.7121 153.0263 167.0749 307.3228 223.2867 1.6891 1.6790 3.9400 -11.8536 1.5151 22.6156 -3.1903 0.1445
Car -1 -1 -3.1300 212.1537 169.2857 325.7566 207.9926 1.5832 1.6872 4.3298 -14.6937 1.4369 31.1747 -3.5674 0.1376
Car -1 -1 -7.5790 306.6865 172.3861 368.0168 209.1368 1.6889 1.7461 4.1076 -13.2814 1.6671 35.2787 -7.9369 0.1317
Car -1 -1 -3.0693 230.8655 169.9151 325.5570 208.7576 1.6175 1.5986 3.6371 -14.4037 1.4948 31.4272 -3.4961 0.1289
Car -1 -1 -2.7929 217.4437 168.0547 332.3478 205.6055 1.5975 1.6598 4.2688 -14.6846 1.3930 31.6981 -3.2238 0.1249
Car -1 -1 -6.2457 288.1555 163.0538 353.1153 187.7149 1.8076 1.7864 4.4866 -21.8066 1.0890 54.4816 -6.6249 0.1196
Car -1 -1 -2.9898 287.7725 162.0586 355.6236 187.0998 1.8486 1.8188 4.5499 -21.8043 1.0514 54.6621 -3.3678 0.1184
Car -1 -1 -3.2050 256.1299 170.2493 345.4949 209.3395 1.6400 1.6540 3.5254 -13.6674 1.5304 31.8032 -3.6081 0.1179
Car -1 -1 -7.5190 279.8533 168.8302 344.5800 210.6737 1.7975 1.6607 3.4727 -13.4882 1.6243 32.7733 -7.9069 0.1005
Car -1 -1 -7.0407 190.2039 171.1565 331.2607 229.0127 1.6187 1.5346 3.9339 -10.6904 1.5709 22.2986 -7.4834 0.0850
Car -1 -1 -3.0623 238.4745 169.5282 329.0053 208.7068 1.6417 1.6614 3.4880 -14.2461 1.5020 31.6006 -3.4829 0.0729
Car -1 -1 -3.1070 229.8850 170.0649 327.9137 208.7261 1.5985 1.5272 3.7764 -14.3067 1.4829 31.2598 -3.5332 0.0724
Car -1 -1 -6.2890 299.6987 165.3420 358.8417 188.9576 1.7395 1.7357 4.1186 -21.2888 1.1859 54.7108 -6.6586 0.0709
Car -1 -1 -7.2467 295.9045 170.4825 379.3642 209.9730 1.7969 1.8215 4.0049 -13.1525 1.6887 34.9978 -7.6040 0.0374
Car -1 -1 -7.5096 323.8660 176.0158 378.6659 205.5760 1.5721 1.5816 4.2422 -14.6411 1.7605 40.9509 -7.8513 0.0236
Car -1 -1 -3.2117 221.6080 171.1929 325.9865 210.3503 1.5947 1.5781 3.9721 -14.4846 1.5268 31.0347 -3.6453 0.0214
Car -1 -1 -4.0533 0.0000 183.2783 109.9297 374.0000 1.4610 1.7879 4.2055 -7.6349 1.6045 7.7736 -4.8125 0.0210
Car -1 -1 -4.8895 452.8772 174.5185 490.8797 199.7238 1.5389 1.6975 4.1683 -8.9976 1.6513 46.6009 -5.0795 0.0149
Car -1 -1 -7.5771 207.7704 169.2998 316.1562 231.5041 1.6558 1.7230 4.4872 -10.2720 1.5609 21.5605 -8.0172 0.0106
Car -1 -1 -4.4273 8.4880 178.7881 53.2343 200.9352 1.4640 1.5444 3.4042 -40.5597 1.8950 50.5658 -5.1009 0.0091
Cyclist -1 -1 -7.8775 522.1189 178.3262 533.1600 209.0504 1.6070 0.5512 1.6012 -4.4807 1.9078 38.8672 -7.9920 0.0086
Car -1 -1 -4.5831 0.0000 177.5102 40.7143 200.6012 1.5111 1.7294 4.0895 -41.1068 1.8496 50.2983 -5.2659 0.0056
Car -1 -1 -4.4186 12.8686 176.7393 61.1289 199.8569 1.5429 1.6088 3.8743 -40.4293 1.8283 50.9588 -5.0869 0.0056
Car -1 -1 -4.6480 0.0000 177.4922 33.5914 200.8380 1.5242 1.6555 3.9869 -41.2016 1.8592 50.0467 -5.3343 0.0052
Car -1 -1 -1.8512 0.0000 151.8200 0.0000 374.0000 1.5042 1.6930 3.8865 -7.0373 1.4125 4.5520 -2.8206 0.0040
Car -1 -1 -1.8169 0.0000 161.5855 0.0000 374.0000 1.4918 1.6764 3.8813 -7.3302 1.4380 4.9079 -2.7721 0.0040
Cyclist -1 -1 -7.8781 522.0703 180.7883 530.7148 209.5289 1.4937 0.4224 1.5005 -4.5271 1.9275 38.6997 -7.9943 0.0039
Car -1 -1 -4.6066 4.8356 177.7890 43.9257 200.9037 1.5224 1.6853 4.2506 -41.1387 1.8844 50.7231 -5.2857 0.0038
Cyclist -1 -1 -7.7488 329.8105 173.2616 341.3657 208.4172 1.6139 0.3561 1.4479 -12.9231 1.6332 33.8867 -8.1108 0.0036
Car -1 -1 -5.5573 1207.6621 184.8434 1241.0000 369.2776 1.5343 1.5221 3.9095 9.1731 1.7035 8.2312 -4.7362 0.0035
Pedestrian -1 -1 -5.9186 0.0000 143.9339 17.5830 251.6670 2.0239 0.5626 0.4308 -11.8465 1.4803 13.8909 -6.6153 0.0034
Car -1 -1 -8.2805 1241.0000 186.1765 1241.0000 374.0000 1.5032 1.6005 3.8087 8.4402 1.6813 7.5946 -7.4622 0.0032
Car -1 -1 -4.5645 0.0000 179.0277 29.4377 201.8385 1.4680 1.6194 3.8296 -41.3021 1.9098 49.6062 -5.2563 0.0032
Car -1 -1 -4.5514 7.8693 177.9190 50.5119 200.5716 1.5186 1.7270 4.1270 -41.4885 1.8960 51.5845 -5.2263 0.0031
Car -1 -1 -1.7869 0.0000 154.7293 0.0000 374.0000 1.4666 1.6619 3.9068 -6.5757 1.3997 4.1388 -2.7663 0.0031
Car -1 -1 -3.0959 238.7561 169.8872 344.3482 207.6187 1.6652 1.6977 4.3743 -14.6876 1.5339 33.4180 -3.5073 0.0031
Car -1 -1 -1.8168 0.0000 143.3416 0.0000 374.0000 1.4966 1.6783 3.9532 -7.0162 1.3859 4.1053 -2.8292 0.0030
Car -1 -1 -8.4530 1241.0000 184.2836 1241.0000 374.0000 1.5188 1.6060 3.8267 8.7966 1.6719 7.6365 -7.6167 0.0029
Car -1 -1 -8.5475 1241.0000 182.5427 1241.0000 374.0000 1.5511 1.6766 3.8709 9.0901 1.6827 7.7863 -7.7042 0.0029
Car -1 -1 -4.4625 0.0000 178.1354 23.8803 201.4542 1.4878 1.6090 3.7980 -41.4313 1.8614 49.0284 -5.1615 0.0029
Car -1 -1 -8.2999 1224.4658 189.8750 1241.0000 374.0000 1.3802 1.5265 3.5373 8.0299 1.6011 7.4563 -7.4976 0.0027
Car -1 -1 -8.8166 1232.3507 178.9168 1241.0000 374.0000 1.6106 1.7472 3.9480 9.4086 1.6935 7.8532 -7.9603 0.0027
Cyclist -1 -1 -8.0246 334.8127 169.9401 352.6008 208.5743 1.7302 0.4884 1.6882 -12.2901 1.5994 33.1669 -8.3772 0.0026
Pedestrian -1 -1 -4.5730 25.3365 162.4063 41.9830 202.0316 1.7615 0.5356 0.3780 -25.8980 1.2968 32.3737 -5.2438 0.0025
Cyclist -1 -1 -8.1366 510.3056 176.8086 527.9268 212.1700 1.8454 0.4955 1.6489 -4.9213 2.0619 38.7008 -8.2627 0.0023
Car -1 -1 -2.9228 241.7016 169.7755 347.3519 207.0439 1.6816 1.7160 4.2624 -14.7288 1.5424 33.8004 -3.3312 0.0023
Cyclist -1 -1 -7.6278 329.1199 172.4362 346.4362 209.1666 1.6666 0.3982 1.6252 -12.6972 1.6473 33.5706 -7.9871 0.0021
Cyclist -1 -1 -7.9522 519.6133 178.5886 530.6140 211.3849 1.6957 0.4215 1.6353 -4.5673 2.0076 38.4443 -8.0702 0.0019
Pedestrian -1 -1 -5.8596 0.0000 137.3662 27.1822 244.9909 2.0807 0.5134 0.2744 -11.8450 1.3943 14.2329 -6.5446 0.0019
Pedestrian -1 -1 -2.3273 0.0000 146.4705 14.1695 249.6615 1.9951 0.4639 0.2713 -12.1155 1.4847 14.1965 -3.0246 0.0015
Pedestrian -1 -1 -1.8012 29.4468 163.7087 45.9110 200.8102 1.6615 0.4985 0.4346 -25.9332 1.2516 32.6421 -2.4687 0.0014
Pedestrian -1 -1 -5.7416 1.8172 146.8771 36.8855 243.3285 1.8936 0.5250 0.3163 -11.8732 1.3833 14.4475 -6.4206 0.0013
Car -1 -1 -2.6785 254.1948 170.7451 356.8283 206.2104 1.6275 1.8312 4.0913 -14.4023 1.5305 34.1618 -3.0750 0.0011
Cyclist -1 -1 -7.6215 331.0108 172.4819 346.9309 208.4045 1.6452 0.3604 1.5044 -12.7349 1.6279 33.8150 -7.9794 0.0010
Pedestrian -1 -1 -7.5505 38.8690 166.3848 54.7480 198.8055 1.4590 0.5006 0.2988 -25.5624 1.1676 32.6987 -8.2102 0.0004
Car -1 -1 -7.8764 240.4227 172.0959 315.4789 230.0425 1.5308 1.8401 4.4125 -9.9508 1.5105 21.4477 -8.3064 0.0004
Pedestrian -1 -1 -3.8873 1088.2104 164.4510 1118.4343 232.3151 1.7309 0.4017 0.5069 12.6911 1.5163 18.6413 -3.2974 0.0002
