Car -1 -1 -8.1329 669.4559 178.4613 827.5279 290.8832 1.5087 1.5785 3.2940 1.9983 1.6118 11.5808 -7.9674 0.9999
Car -1 -1 -7.3247 841.2563 163.9264 946.0563 209.2101 1.4973 1.5888 4.2126 10.1420 1.2018 25.7893 -6.9542 0.9995
Car -1 -1 -7.3346 922.7038 164.0588 1003.6295 204.0792 1.4946 1.4797 3.2108 13.9041 1.1658 28.4641 -6.8845 0.9993
Car -1 -1 -7.1853 754.5641 167.9893 871.7015 217.8124 1.4609 1.5435 3.8367 6.4438 1.3180 22.9127 -6.9150 0.9991
Car -1 -1 -3.7948 571.4393 172.6153 679.6778 215.3646 1.4976 1.6190 3.8769 0.5753 1.4890 27.0769 -3.7744 0.9986
Car -1 -1 -7.4378 971.8757 153.6169 1062.3447 199.3797 1.8471 1.7972 4.3883 17.5763 1.0703 31.1608 -6.9285 0.9926
Car -1 -1 -3.9647 705.9337 170.5266 791.9949 206.6603 1.4593 1.4882 3.7153 5.9266 1.3650 30.8412 -3.7771 0.9583
Car -1 -1 -7.5417 1077.0305 162.7138 1140.6776 191.9274 1.4362 1.6008 3.8949 25.7712 0.9374 37.2966 -6.9409 0.8871
Car -1 -1 -7.3514 921.1425 164.3788 1002.4119 205.0411 1.5189 1.5342 3.2249 13.8745 1.2021 28.5141 -6.9029 0.8573
Car -1 -1 -7.3391 923.9491 163.9870 1003.5662 204.7792 1.5179 1.4342 3.1908 13.8704 1.1877 28.3463 -6.8884 0.8437
Car -1 -1 -7.5391 1073.9359 162.3235 1140.2802 192.1964 1.4724 1.6454 4.1595 25.8139 0.9530 37.4839 -6.9399 0.7682
Car -1 -1 -3.9854 704.5868 170.4234 792.6786 207.7772 1.5095 1.5428 3.8561 5.9370 1.4110 30.9455 -3.7981 0.7292
Car -1 -1 -3.9657 704.1942 169.9410 798.0731 207.1687 1.5019 1.5983 4.1027 6.0511 1.3841 30.9675 -3.7750 0.6886
Car -1 -1 -4.9697 1124.3008 155.3307 1179.7965 184.9333 1.5608 1.5793 3.5927 29.9392 0.6366 40.0036 -4.3308 0.6659
Car -1 -1 -7.6942 1079.2106 162.6341 1131.8832 192.3906 1.4598 1.6490 4.0207 25.6961 0.9581 37.4244 -7.0964 0.6515
Car -1 -1 -3.9912 706.4003 170.3246 789.7290 206.9839 1.4761 1.4312 3.6617 5.8720 1.3740 30.7443 -3.8047 0.6437
Car -1 -1 -4.8013 1131.2089 155.1964 1175.5352 185.1730 1.5791 1.6082 3.8689 30.0804 0.6486 40.0778 -4.1611 0.6423
Car -1 -1 -6.5398 1158.8492 153.2169 1241.0000 207.0732 1.5584 1.6896 4.6036 20.2321 0.9899 22.6664 -5.8176 0.6354
Car -1 -1 -7.1455 756.7329 165.8917 879.6807 217.8073 1.5205 1.5660 3.9417 6.5896 1.3163 22.8742 -6.8689 0.5999
Car -1 -1 -3.9204 706.9011 169.1826 796.7910 205.6508 1.4711 1.4426 3.8696 6.0366 1.3227 30.7781 -3.7290 0.5785
Car -1 -1 -4.9936 1119.8556 155.7913 1176.9869 185.4055 1.5642 1.5413 3.7749 29.8405 0.6626 40.1478 -4.3580 0.5717
Car -1 -1 -7.5554 1080.6656 162.6674 1142.6514 192.0188 1.4362 1.5762 3.8234 25.7865 0.9375 37.1107 -6.9519 0.5341
Car -1 -1 -7.8362 1081.2369 162.7364 1119.9763 192.0131 1.4363 1.5916 3.7780 25.4103 0.9396 37.4027 -7.2433 0.4919
Car -1 -1 -4.7218 1080.9192 161.1221 1121.3793 191.9229 1.5156 1.6668 4.1128 25.5585 0.9380 37.6794 -4.1295 0.4217
Car -1 -1 -6.6988 1149.4731 144.2741 1241.0000 204.2764 1.7838 1.7596 4.5911 20.1938 0.9338 22.9677 -5.9840 0.4213
Car -1 -1 -4.4084 1131.6583 154.9352 1192.0338 184.4779 1.5585 1.5757 3.8634 30.4412 0.6129 39.8252 -3.7593 0.3978
Car -1 -1 -6.6866 1150.8112 151.6639 1241.0000 206.4029 1.6328 1.6939 4.1563 19.9601 1.0004 22.9563 -5.9774 0.3875
Car -1 -1 -6.5463 1155.8459 152.1460 1241.0000 209.8600 1.6830 1.6699 4.2828 19.9827 1.0788 22.7260 -5.8316 0.3814
Car -1 -1 -7.6210 1069.6382 161.0765 1130.2787 192.1471 1.5365 1.6775 4.3768 25.6527 0.9538 37.7814 -7.0283 0.3622
Car -1 -1 -5.1831 1114.1521 156.3738 1180.7930 185.4512 1.5366 1.5354 3.4775 29.6517 0.6654 39.9711 -4.5484 0.3386
Cyclist -1 -1 -8.3098 444.7393 174.9467 466.7868 210.5308 1.5592 0.3258 1.5330 -6.9763 1.6549 32.4017 -8.5206 0.3156
Car -1 -1 -8.0519 1066.8029 161.5121 1124.0446 192.2942 1.5168 1.6696 4.2038 25.3120 0.9576 37.8154 -7.4658 0.3007
Car -1 -1 -4.8484 1062.3204 158.6407 1114.5480 190.1321 1.5760 1.7219 4.3262 25.3604 0.8644 38.4317 -4.2687 0.2797
Car -1 -1 -7.5933 1127.7343 154.7603 1189.5111 184.2209 1.5556 1.6946 4.3060 30.4748 0.5999 40.0923 -6.9470 0.2659
Car -1 -1 -4.3287 1129.1913 155.6138 1194.3976 184.9323 1.5453 1.5640 3.7645 30.3108 0.6363 39.6672 -3.6798 0.2574
Car -1 -1 -6.8429 1145.2467 147.8989 1241.0000 203.9889 1.7092 1.7636 4.5284 20.1647 0.9485 23.1964 -6.1337 0.2552
Car -1 -1 -6.7922 1144.3245 150.5226 1241.0000 205.1569 1.6650 1.7291 4.0526 19.8911 0.9841 23.2255 -6.0904 0.2354
Car -1 -1 -7.8533 1061.1581 160.0952 1100.6749 191.6812 1.5727 1.6680 4.2856 24.8540 0.9371 38.1777 -7.2799 0.2308
Car -1 -1 -4.8429 1044.7354 167.5774 1080.0967 190.5954 1.5809 1.6146 4.0733 32.3600 1.2182 51.7437 -4.2868 0.2191
Car -1 -1 -8.0117 1067.2518 162.7993 1117.9900 192.1124 1.4437 1.5656 4.0295 25.0982 0.9482 37.6949 -7.4281 0.2152
Car -1 -1 -3.3925 1055.5430 156.6835 1218.4354 207.4027 1.5778 1.6533 4.0753 17.2754 1.0745 23.9505 -2.7736 0.2036
Car -1 -1 -7.3590 1127.8643 154.0488 1207.4653 184.4342 1.6091 1.6763 4.2420 30.7617 0.6129 39.8427 -6.7052 0.1812
Car -1 -1 -4.7264 1077.8339 161.1108 1117.9579 191.3925 1.4726 1.6340 3.9641 25.0536 0.9012 37.1961 -4.1374 0.1732
Pedestrian -1 -1 -5.3107 80.4126 171.8876 109.4573 221.4032 1.6906 0.5290 0.6802 -17.8915 1.6573 25.0016 -5.9270 0.1685
Pedestrian -1 -1 -7.8913 407.0090 169.7253 425.7801 218.7951 1.8071 0.6538 0.6610 -7.2890 1.6916 26.9840 -8.1531 0.1445
Car -1 -1 -5.3365 1106.1130 157.9991 1178.1270 185.5704 1.4639 1.4675 3.4440 29.4022 0.6749 40.0364 -4.7067 0.1346
Car -1 -1 -4.7666 1051.5911 167.8328 1080.6477 190.7241 1.5699 1.5235 4.0293 32.5539 1.2252 51.6136 -4.2067 0.1222
Car -1 -1 -7.2671 1129.2100 155.6832 1208.1321 184.3982 1.5186 1.6138 3.7647 30.5618 0.6102 39.5313 -6.6126 0.1197
Car -1 -1 -3.4342 1066.7975 157.7109 1218.3173 207.1820 1.5364 1.5929 3.7074 17.3513 1.0658 23.7661 -2.8096 0.1144
Car -1 -1 -4.8559 1062.2871 158.9158 1115.8707 191.0833 1.5928 1.7075 4.4789 25.1808 0.9023 38.1168 -4.2758 0.1126
Car -1 -1 -5.4578 1103.3999 157.0472 1184.3643 185.7999 1.5090 1.5801 3.5556 29.2607 0.6791 39.7240 -4.8266 0.1057
Cyclist -1 -1 -8.2466 461.6345 175.1452 483.5169 212.6278 1.5594 0.3428 1.5717 -5.9297 1.6595 30.8611 -8.4353 0.0948
Car -1 -1 -7.0006 1142.1205 148.7711 1241.0000 203.7723 1.7202 1.7694 4.4410 20.1337 0.9667 23.4848 -6.2982 0.0907
Car -1 -1 -3.2848 1055.3022 151.2722 1217.7686 205.7557 1.6976 1.7191 4.1846 17.4205 1.0249 24.2027 -2.6668 0.0898
Pedestrian -1 -1 -8.0021 311.1560 173.2651 328.8975 211.6691 1.7144 0.6524 0.6837 -13.1769 1.7329 32.6790 -8.3829 0.0867
Cyclist -1 -1 -8.1841 462.7776 174.5570 483.3681 212.8028 1.5961 0.3671 1.6027 -5.9289 1.6708 30.9691 -8.3722 0.0818
Car -1 -1 -4.8854 1040.5581 166.7790 1078.2019 189.9768 1.5919 1.6054 4.0079 32.0954 1.1747 51.6728 -4.3324 0.0789
Car -1 -1 -5.6667 1121.4681 156.2805 1205.5739 185.4144 1.4928 1.5874 3.2638 29.6243 0.6433 38.7667 -5.0179 0.0640
Car -1 -1 -3.3801 1067.8943 153.1679 1219.5319 206.1669 1.6525 1.6744 3.7527 17.5349 1.0384 23.9807 -2.7548 0.0630
Car -1 -1 -2.5437 165.6949 175.3431 253.8344 204.6736 1.4964 1.7062 3.7540 -21.0832 1.6308 38.0123 -3.0474 0.0591
Car -1 -1 -2.4406 167.0697 174.7655 257.8025 204.7599 1.5345 1.7336 4.0655 -21.1286 1.6391 38.3268 -2.9417 0.0570
Pedestrian -1 -1 -7.9311 405.4395 170.0700 424.9170 216.7997 1.7111 0.6488 0.6875 -7.2993 1.6089 26.8532 -8.1944 0.0491
Car -1 -1 -2.3925 111.9291 181.6280 254.7097 230.1237 1.4293 1.5390 3.8968 -13.5373 1.7213 22.8654 -2.9222 0.0455
Car -1 -1 -7.2260 806.0992 166.1984 874.3794 198.9016 1.5014 1.4451 3.3458 11.0516 1.1955 34.7010 -6.9204 0.0445
Car -1 -1 -7.3720 805.0813 167.1135 871.8051 199.4592 1.4836 1.5605 3.6814 11.0583 1.2200 34.9471 -7.0683 0.0439
Pedestrian -1 -1 -7.8179 308.4177 172.4861 324.7758 211.0820 1.7233 0.6608 0.6887 -13.3153 1.7066 32.6533 -8.2026 0.0438
Car -1 -1 -5.7132 102.2663 180.6408 255.2157 229.7263 1.4682 1.5098 3.9388 -13.5266 1.7215 22.6713 -6.2462 0.0436
Pedestrian -1 -1 -7.8989 410.5681 170.2631 429.3660 215.3723 1.6536 0.6475 0.6661 -7.1241 1.5584 26.8648 -8.1561 0.0408
Car -1 -1 -4.3114 808.1033 165.3546 868.9483 197.5067 1.4536 1.4814 3.6303 10.9185 1.1143 34.4834 -4.0075 0.0338
Car -1 -1 -6.8084 1133.0005 155.3904 1241.0000 185.7597 1.5864 1.6984 4.3967 31.0132 0.6739 38.8486 -6.1384 0.0332
Car -1 -1 -6.5028 1132.4214 154.9633 1239.9407 184.9427 1.5382 1.6764 4.2361 30.7358 0.6200 38.6940 -5.8353 0.0320
Car -1 -1 -8.0140 1051.4250 161.8363 1102.8625 192.5085 1.5215 1.6121 4.1311 24.4891 0.9747 38.0074 -7.4453 0.0315
Car -1 -1 -5.0639 1031.9459 161.1866 1099.0713 192.1167 1.5501 1.6575 4.1805 24.0848 0.9651 38.3755 -4.5071 0.0298
Car -1 -1 -7.1359 804.0188 165.7465 884.1849 197.8309 1.4781 1.5587 3.8314 11.2991 1.1504 34.8966 -6.8255 0.0223
Car -1 -1 -6.9555 1129.5591 155.6802 1224.8043 184.3329 1.5224 1.6208 3.9122 30.6997 0.6096 39.1693 -6.2945 0.0216
Car -1 -1 -4.3499 804.9022 164.9767 863.9651 198.2355 1.4956 1.5210 3.5809 10.6745 1.1410 34.3256 -4.0511 0.0200
Car -1 -1 -6.3600 1135.7036 154.2129 1241.0000 185.4741 1.5766 1.6800 4.5589 30.7680 0.6362 38.3636 -5.6879 0.0197
Car -1 -1 -7.5037 804.3327 168.0536 862.9244 198.5407 1.3995 1.5472 3.7192 10.8703 1.1788 35.0716 -7.2059 0.0193
Car -1 -1 -9.3219 1136.6655 153.1719 1240.4434 184.6036 1.5725 1.6373 4.1380 30.4728 0.5875 38.1294 -8.6514 0.0190
Cyclist -1 -1 -7.2836 301.9087 171.3655 336.7426 210.8074 1.7379 0.6880 1.6342 -13.1819 1.6721 32.6608 -7.6647 0.0182
Car -1 -1 -4.3470 799.6544 164.8304 860.7051 200.7009 1.6197 1.6162 3.6153 10.5276 1.2571 34.5044 -4.0536 0.0164
Pedestrian -1 -1 -7.6421 310.2025 176.3781 327.9366 215.2224 1.6083 0.5829 0.5693 -12.2426 1.7575 30.2647 -8.0238 0.0145
Cyclist -1 -1 -2.8732 296.9788 170.4996 336.8334 208.8044 1.7136 0.6686 1.5518 -13.3136 1.6080 32.7003 -3.2573 0.0145
Car -1 -1 -7.1250 796.1780 166.1400 867.1389 198.9267 1.4937 1.5692 3.0978 10.5172 1.1875 34.3477 -6.8306 0.0121
Pedestrian -1 -1 -8.0029 310.7739 172.7491 328.1845 212.2747 1.7546 0.6293 0.7122 -13.1283 1.7496 32.4960 -8.3844 0.0112
Car -1 -1 -3.1658 784.7446 167.1911 858.8578 199.4476 1.4898 1.5468 3.3269 10.0390 1.2279 34.4948 -2.8852 0.0103
Car -1 -1 -5.1694 285.6598 172.2377 353.2457 205.0674 1.4839 1.5566 3.6098 -13.9217 1.4557 34.3976 -5.5516 0.0101
Car -1 -1 -6.8969 790.4886 164.3922 881.9895 199.4280 1.6173 1.7244 3.9306 10.8368 1.2264 34.7352 -6.5972 0.0084
Cyclist -1 -1 -7.5464 303.7260 172.8358 327.9239 210.2000 1.6583 0.6215 1.3984 -13.3800 1.6572 32.7439 -7.9318 0.0074
Cyclist -1 -1 -7.2375 296.6638 170.2104 330.9814 209.6938 1.7382 0.7027 1.4855 -13.3957 1.6216 32.5684 -7.6252 0.0059
Car -1 -1 -5.9462 166.6955 177.7577 272.8708 208.5517 1.4512 1.6620 4.2903 -19.1667 1.7002 35.5225 -6.4381 0.0050
Cyclist -1 -1 -2.9267 291.2262 170.3496 332.4738 207.3098 1.6529 0.6743 1.6233 -13.5575 1.5406 32.7405 -3.3167 0.0049
Cyclist -1 -1 -8.9181 1123.7351 156.1316 1162.0375 185.4592 1.5522 0.5409 1.6036 28.7706 0.6668 39.0299 -8.2865 0.0045
Cyclist -1 -1 -4.2409 306.8943 178.3963 336.4418 214.1662 1.4683 0.5697 1.4416 -12.2546 1.7087 30.5933 -4.6193 0.0039
Car -1 -1 -5.7711 167.2896 178.5405 275.6399 207.1727 1.3573 1.6724 4.4387 -19.0642 1.6432 35.4382 -6.2617 0.0029
Car -1 -1 -5.7573 170.7199 176.9160 269.9108 206.5368 1.4026 1.6738 3.9708 -19.0615 1.6062 35.3168 -6.2492 0.0028
Car -1 -1 -4.4751 1044.2450 158.3548 1083.8433 182.6270 1.8281 1.7399 3.9822 35.4576 0.7358 56.3575 -3.9159 0.0020
Cyclist -1 -1 -8.8222 1123.3978 156.0200 1160.4094 185.1342 1.5458 0.4615 1.6412 28.8128 0.6517 39.1613 -8.1915 0.0014
Cyclist -1 -1 -3.1607 1152.9955 155.6345 1217.2593 209.6624 1.6692 0.6786 1.5858 18.2833 1.1369 23.0398 -2.4963 0.0010
Car -1 -1 -7.6815 1044.9303 162.7052 1077.1290 183.9309 1.6120 1.5627 3.5748 35.4041 0.8410 56.6531 -7.1254 0.0006
