Car -1 -1 -8.2045 805.3934 184.9152 1055.3123 335.8140 1.5089 1.6381 3.8201 3.8053 1.6987 9.4492 -7.8336 0.9999
Car -1 -1 -4.3899 294.3588 188.2730 444.7193 279.5132 1.4815 1.6592 3.8198 -4.6170 1.8275 14.2869 -4.6978 0.9999
Car -1 -1 -8.0839 743.9846 180.6813 866.5583 266.0419 1.5101 1.5899 3.7002 3.8397 1.6924 14.9682 -7.8385 0.9998
Car -1 -1 -8.0473 707.7429 181.3128 797.6490 240.8393 1.4411 1.6374 4.2308 3.8128 1.7025 20.1953 -7.8642 0.9997
Car -1 -1 -4.5160 449.2325 185.0677 518.5386 230.1869 1.3779 1.6051 4.1281 -4.3616 1.8402 25.2478 -4.6859 0.9997
Car -1 -1 -4.4482 398.1211 184.8352 492.8956 246.5509 1.4781 1.5957 3.8470 -4.4855 1.8424 19.9996 -4.6667 0.9992
Car -1 -1 -4.5806 527.2559 178.9661 562.1896 207.7286 1.5443 1.5604 3.3470 -3.7219 1.9072 41.1692 -4.6707 0.9992
Car -1 -1 -7.9932 696.3072 179.2867 757.8554 225.8767 1.4797 1.6051 3.6888 3.9768 1.7213 25.2834 -7.8397 0.9867
Car -1 -1 -7.9439 692.0951 177.9962 736.0258 217.3215 1.5458 1.5068 3.6788 4.3309 1.7778 30.7261 -7.8059 0.9803
Car -1 -1 -8.6216 971.4984 195.6014 1241.0000 374.0000 1.4797 1.6027 3.6187 3.8336 1.6700 4.1916 -7.9162 0.9668
Car -1 -1 -4.4370 397.1519 185.2165 493.5570 246.6723 1.4697 1.6010 3.8667 -4.4937 1.8464 20.0262 -4.6556 0.9220
Car -1 -1 -7.9738 695.6217 179.5125 753.6705 225.5974 1.4628 1.5561 3.6626 3.8975 1.7130 25.2927 -7.8234 0.8001
Car -1 -1 -4.5668 525.7179 179.1654 561.7001 207.8939 1.5404 1.5734 3.3735 -3.7790 1.9154 41.1747 -4.6582 0.7972
Car -1 -1 -7.9512 698.8245 178.9899 759.5436 226.3467 1.4859 1.6740 4.1344 4.0434 1.7187 25.2999 -7.7953 0.7912
Car -1 -1 -5.5456 969.9977 191.8942 1241.0000 374.0000 1.5167 1.6460 4.1120 3.9152 1.6772 3.9708 -4.8047 0.7845
Car -1 -1 -4.8172 682.6772 177.6186 725.2787 210.6250 1.5401 1.6786 4.2286 4.6399 1.7943 36.4136 -4.6921 0.7735
Car -1 -1 -7.9721 699.6730 178.9144 761.2928 226.4534 1.4904 1.6377 3.8825 4.0595 1.7174 25.0960 -7.8142 0.7161
Car -1 -1 -7.9496 692.9037 178.9260 738.2573 217.5624 1.5120 1.5453 3.6633 4.3884 1.7857 30.6874 -7.8095 0.7041
Car -1 -1 -4.4633 401.6669 184.3341 493.9378 246.4224 1.4895 1.5921 3.7602 -4.4095 1.8365 19.9200 -4.6790 0.6635
Car -1 -1 -4.8202 682.4140 178.2884 724.3820 210.4738 1.4982 1.6455 4.1032 4.6052 1.7873 36.3497 -4.6958 0.4618
Car -1 -1 -4.8552 683.6902 178.8388 730.5605 211.1704 1.4892 1.7106 4.3399 4.7658 1.8074 36.2231 -4.7260 0.4580
Car -1 -1 -4.9587 968.2537 169.8498 1023.2494 201.4330 1.4877 1.5347 3.7228 19.1180 1.3459 35.9767 -4.4739 0.4430
Car -1 -1 -4.8363 683.5860 178.5684 726.9343 211.1084 1.4976 1.6179 4.2261 4.6580 1.7997 36.0668 -4.7095 0.4266
Car -1 -1 -8.5676 1108.5061 178.7474 1236.0673 225.6456 1.4704 1.5806 3.4354 19.1547 1.6873 24.8288 -7.9167 0.4135
Car -1 -1 -8.4804 1118.5358 177.4097 1241.0000 226.1015 1.5156 1.5380 3.4621 19.2015 1.6813 24.5414 -7.8228 0.4043
Pedestrian -1 -1 -3.1825 668.3907 174.9278 676.7410 193.8032 1.7956 0.4499 0.7763 5.9560 1.9941 68.9352 -3.0971 0.3664
Car -1 -1 -7.9549 1164.0796 176.0818 1241.0000 225.3418 1.5087 1.5988 3.8535 19.9008 1.6269 24.4193 -7.2774 0.3172
Car -1 -1 -5.0496 959.2529 169.8589 1019.3442 201.4802 1.4949 1.5261 3.6083 18.8074 1.3530 36.0036 -4.5719 0.2854
Car -1 -1 -4.8065 980.5748 169.8095 1024.5186 201.5235 1.4870 1.5456 3.7980 19.4182 1.3439 35.8813 -4.3142 0.2808
Car -1 -1 -7.9374 687.3762 173.5974 721.3061 203.7167 1.6681 1.6245 3.9266 5.4154 1.7132 42.0562 -7.8107 0.2551
Car -1 -1 -8.1333 1145.5332 176.6159 1239.8734 225.3480 1.5001 1.5561 3.4597 19.5338 1.6369 24.3999 -7.4646 0.2394
Pedestrian -1 -1 -3.5139 667.7276 174.8891 675.9466 193.6955 1.7963 0.5485 0.6302 5.9222 1.9926 69.3454 -3.4294 0.2265
Car -1 -1 -4.2568 540.3828 177.4019 591.4879 203.1096 1.5324 1.5947 4.1404 -2.7872 1.8361 46.0115 -4.3174 0.1998
Car -1 -1 -4.7657 690.8061 175.5905 721.4733 204.0175 1.5594 1.5514 3.7882 5.5053 1.7254 41.9033 -4.6365 0.1893
Car -1 -1 -8.6625 1001.6741 169.1798 1118.6251 217.9699 1.5553 1.5400 3.2189 15.2865 1.4379 24.7540 -8.1149 0.1882
Car -1 -1 -7.9907 681.4694 174.1193 719.2815 204.1776 1.6628 1.6332 4.0939 5.1894 1.7400 42.1471 -7.8695 0.1849
Car -1 -1 -4.7069 988.5452 168.9601 1026.5696 201.4122 1.5170 1.5739 3.9736 19.7022 1.3347 35.8484 -4.2081 0.1811
Pedestrian -1 -1 -3.7434 666.6418 174.2977 675.9758 193.4302 1.8337 0.5583 0.7052 5.8967 1.9736 69.6337 -3.6597 0.1351
Car -1 -1 -5.0756 894.8431 169.9886 948.5909 197.4830 1.5184 1.5789 3.8418 17.9482 1.3599 41.7980 -4.6729 0.1318
Car -1 -1 -5.5051 1006.9762 169.5604 1134.9976 219.0164 1.5541 1.5900 3.5727 15.5290 1.4503 24.5953 -4.9477 0.1305
Car -1 -1 -7.8392 510.7305 171.3696 529.4821 189.4858 1.5313 1.5693 3.8195 -7.8437 1.4056 62.9749 -7.9629 0.1128
Car -1 -1 -5.0286 902.1052 170.4075 952.6154 197.7112 1.5057 1.5545 3.7951 18.2584 1.3705 41.7510 -4.6192 0.1069
Car -1 -1 -7.8629 692.9859 174.3624 722.4954 204.2334 1.6438 1.6217 3.9628 5.6234 1.7356 41.9804 -7.7311 0.0983
Car -1 -1 -4.4332 540.6869 177.4635 582.5033 203.0478 1.5293 1.6127 4.0409 -3.0710 1.8369 46.0490 -4.4998 0.0937
Car -1 -1 -4.5891 540.6033 177.4197 573.8151 202.9162 1.5264 1.6298 4.0252 -3.3531 1.8301 45.9835 -4.6619 0.0897
Car -1 -1 -7.7012 511.7361 170.5461 536.1594 189.0741 1.5648 1.5825 3.5908 -7.4790 1.3696 62.7617 -7.8196 0.0890
Pedestrian -1 -1 -7.9536 992.3538 176.2059 1012.6461 212.7652 1.7155 0.7952 0.5439 18.6302 1.8765 34.3343 -7.4606 0.0852
Car -1 -1 -7.8994 506.6162 171.8416 527.4186 190.1468 1.5451 1.6184 3.9783 -8.1690 1.4594 63.0036 -8.0281 0.0756
Car -1 -1 -7.2083 1153.5564 177.4826 1241.0000 225.0790 1.4782 1.5565 3.4912 20.0227 1.6380 23.7933 -6.5153 0.0642
Car -1 -1 -4.5511 693.0479 175.3785 730.0910 203.4881 1.5324 1.5484 3.7257 5.8737 1.6851 41.7042 -4.4126 0.0580
Car -1 -1 -4.8518 913.5903 170.6278 952.8235 198.0632 1.5063 1.5289 3.8455 18.5748 1.3838 41.6739 -4.4355 0.0532
Car -1 -1 -7.9939 500.4862 171.8300 526.0755 190.3300 1.5580 1.6516 4.1107 -8.4952 1.4714 62.9659 -8.1278 0.0522
Car -1 -1 -4.8855 532.0638 177.5802 568.7515 203.5922 1.5464 1.6695 3.8602 -3.8530 1.8592 45.7285 -4.9696 0.0378
Car -1 -1 -2.6229 258.9244 183.4030 372.5938 227.9780 1.4074 1.4823 3.2175 -9.8680 1.7746 24.1821 -3.0069 0.0332
Car -1 -1 -5.5394 1147.3733 176.5392 1241.0000 231.3811 1.5277 1.6120 4.2702 19.3669 1.6542 22.6170 -4.8381 0.0295
Car -1 -1 -4.7669 539.0342 177.3836 568.7264 203.1809 1.5410 1.6580 4.0827 -3.6499 1.8427 45.9830 -4.8461 0.0292
Car -1 -1 -6.9092 1158.3485 177.3817 1241.0000 226.9924 1.5307 1.5081 3.5932 20.0832 1.6823 23.3171 -6.2049 0.0217
Car -1 -1 -2.6807 256.0650 181.4705 369.2527 224.8742 1.3857 1.5843 3.1494 -10.0091 1.6865 24.3018 -3.0679 0.0208
Car -1 -1 -5.2486 988.9519 171.6404 1091.1145 212.3559 1.5239 1.7038 3.9874 17.1027 1.4782 29.0067 -4.7206 0.0166
Car -1 -1 -3.4960 686.4312 176.5971 764.5991 205.2818 1.5718 1.5982 4.0881 6.5115 1.7905 41.0326 -3.3403 0.0148
Car -1 -1 -6.9297 1156.9218 175.1576 1241.0000 224.6819 1.5452 1.5519 3.8628 20.3112 1.6227 23.4859 -6.2233 0.0147
Car -1 -1 -4.8405 536.6129 164.4365 560.0808 184.9190 1.7378 1.5784 3.7486 -5.4524 1.0233 63.2178 -4.9264 0.0147
Cyclist -1 -1 -8.5581 1145.5571 172.7082 1200.5773 226.2021 1.7275 0.4432 1.7078 18.7776 1.7225 24.1643 -7.9039 0.0130
Car -1 -1 -5.0272 524.9486 177.6584 570.4838 203.7193 1.5430 1.6513 4.2046 -4.0394 1.8628 45.8105 -5.1151 0.0127
Car -1 -1 -4.4080 511.8887 167.1294 545.2912 188.1685 1.7726 1.7830 3.9830 -7.0811 1.2900 62.9150 -4.5199 0.0105
Cyclist -1 -1 -8.2868 1162.9083 174.7861 1201.1892 229.4488 1.7227 0.3385 1.5793 18.6447 1.7878 23.6042 -7.6249 0.0103
Pedestrian -1 -1 -4.0829 78.1452 210.1433 109.3437 263.1563 1.0657 0.4065 0.3326 -10.7186 1.8447 14.9115 -4.6979 0.0095
Car -1 -1 -5.6473 1163.6521 176.6485 1241.0000 232.9316 1.5023 1.6133 4.3035 19.4388 1.6288 21.8402 -4.9272 0.0093
Car -1 -1 -3.3576 688.5800 177.3463 764.2361 205.6649 1.5509 1.5960 3.9619 6.4966 1.8098 40.7199 -3.2011 0.0092
Cyclist -1 -1 -8.3812 1162.5376 172.2574 1212.2877 227.3855 1.7608 0.4595 1.7497 19.0832 1.7415 23.9446 -7.7147 0.0085
Car -1 -1 -5.2732 973.3545 169.2914 1072.5778 211.2960 1.6457 1.7490 3.9687 17.1620 1.5058 30.2947 -4.7623 0.0078
Car -1 -1 -4.8792 977.3283 175.9185 1037.3386 211.5842 1.3630 1.5475 3.7796 16.3715 1.4986 29.9634 -4.3837 0.0077
Car -1 -1 -5.2230 977.8448 169.1956 1079.1603 212.5901 1.6907 1.8774 4.0908 17.3072 1.5479 30.1628 -4.7067 0.0077
Car -1 -1 -4.9834 988.2824 176.2107 1062.6207 212.0684 1.3457 1.6289 3.8781 16.8603 1.4925 29.5448 -4.4695 0.0076
Car -1 -1 -5.1888 979.5254 176.7025 1063.2924 211.7681 1.3460 1.5253 3.5717 16.9021 1.5149 29.9046 -4.6790 0.0074
Car -1 -1 -6.3219 511.5633 165.5102 560.1330 185.1195 1.6531 1.4968 4.0860 -6.3966 1.0337 61.8569 -6.4247 0.0073
Car -1 -1 -5.1750 983.7090 174.1082 1072.4078 211.3085 1.4362 1.6450 3.7756 17.1709 1.4913 29.9162 -4.6586 0.0068
Cyclist -1 -1 -7.3936 60.0678 179.7695 129.0273 264.0153 1.6823 0.4605 1.7563 -11.0535 1.8388 15.4594 -8.0064 0.0067
Car -1 -1 -5.3480 693.9255 178.7327 761.5370 206.8897 1.4384 1.6208 4.0009 6.4080 1.7808 39.9073 -5.1905 0.0066
Car -1 -1 -7.1595 949.0671 170.5743 1061.0730 212.5990 1.6226 1.6760 4.2692 16.0719 1.5343 29.4313 -6.6643 0.0064
Car -1 -1 -2.7910 500.8829 178.8922 573.0087 204.5913 1.5332 1.5752 4.1817 -4.5710 1.9195 44.9260 -2.8923 0.0061
Pedestrian -1 -1 -3.0892 1131.6675 163.6797 1157.7791 225.9290 1.7808 0.5941 0.5868 15.5569 1.5181 21.0574 -2.4600 0.0048
Car -1 -1 -5.4364 681.0578 179.1860 749.0455 206.7540 1.4053 1.4407 3.9543 5.6930 1.7719 39.7676 -5.2958 0.0043
Car -1 -1 -5.4748 1156.2632 177.4190 1241.0000 233.3516 1.5215 1.5664 4.2509 19.1928 1.6750 22.1465 -4.7678 0.0042
Car -1 -1 -5.3467 1158.2452 176.9171 1241.0000 233.2760 1.5385 1.5244 4.0489 18.9174 1.6741 22.0667 -4.6450 0.0041
Car -1 -1 -6.3025 516.3638 165.4346 563.9617 185.6254 1.7077 1.5885 4.0233 -6.0383 1.0799 62.0476 -6.3993 0.0038
Car -1 -1 -5.5047 508.3066 178.0849 573.1465 203.3248 1.4955 1.5951 4.1353 -4.4306 1.8388 45.4705 -5.6017 0.0036
Car -1 -1 -5.6220 506.9212 178.0429 573.0986 203.8271 1.5274 1.6132 3.9692 -4.4351 1.8646 45.1867 -5.7197 0.0033
Car -1 -1 -3.2225 508.8852 166.4375 560.4232 186.3150 1.6760 1.8145 4.2795 -6.5292 1.1347 62.1242 -3.3270 0.0032
Car -1 -1 -3.2183 509.0070 166.7296 561.8280 187.0792 1.7237 1.7565 4.4193 -6.4889 1.2046 62.3776 -3.3218 0.0031
Car -1 -1 -5.5115 686.3909 177.2713 759.8351 206.2814 1.4766 1.5003 4.0604 6.0837 1.7304 39.4291 -5.3601 0.0029
Car -1 -1 -3.3083 498.7900 168.2970 557.5081 188.4368 1.6925 1.6950 4.8078 -7.0769 1.3093 62.1168 -3.4215 0.0026
Cyclist -1 -1 -7.4181 68.7940 175.1570 136.4250 258.9218 1.7017 0.5057 1.7260 -10.9813 1.7541 15.6007 -8.0236 0.0023
Cyclist -1 -1 -8.3311 1158.5742 174.4251 1200.6570 228.7643 1.7217 0.3446 1.6766 18.6898 1.7750 23.7665 -7.6712 0.0022
Cyclist -1 -1 -8.3528 1157.9091 174.7045 1197.1638 230.7576 1.7710 0.3069 1.5261 18.5141 1.8332 23.6255 -7.6946 0.0021
Pedestrian -1 -1 -6.0664 502.0383 171.8900 512.6519 199.0887 1.8034 0.7759 0.5492 -6.8943 1.7391 48.2476 -6.2079 0.0016
Car -1 -1 -5.5602 685.4296 177.4032 760.5128 206.6040 1.4977 1.5627 4.0555 6.1240 1.7607 39.7057 -5.4088 0.0013
Pedestrian -1 -1 -6.2474 502.2541 174.1756 511.4977 202.5322 1.8714 0.7556 0.5835 -6.8996 1.9599 48.0633 -6.3896 0.0011
Pedestrian -1 -1 -8.2779 1092.7461 164.1375 1127.5314 220.8368 1.7748 0.7194 0.6105 15.8501 1.5017 22.9487 -7.6799 0.0009
Pedestrian -1 -1 -8.1757 1096.2671 163.2126 1128.4242 215.1786 1.6205 0.7219 0.4680 15.8354 1.3195 22.8246 -7.5755 0.0008
