Car -1 -1 -8.0494 634.4911 174.8120 699.9420 222.2615 1.5762 1.5933 4.0382 1.9485 1.6529 26.2438 -7.9768 0.9998
Car -1 -1 -8.0605 672.2364 177.9796 804.3884 271.0468 1.4678 1.5952 4.0106 2.1937 1.5790 13.6486 -7.9055 0.9998
Car -1 -1 -7.7867 492.6825 176.5362 543.7058 222.9450 1.5987 1.6369 4.1257 -3.4440 1.7484 27.2958 -7.9116 0.9995
Car -1 -1 -2.6427 131.5165 188.1189 311.5404 252.7035 1.4260 1.6372 3.4063 -9.1964 1.8067 17.1696 -3.1284 0.9995
Car -1 -1 -7.2972 0.0000 190.5358 316.5858 374.0000 1.4863 1.6469 4.2925 -3.5420 1.6547 4.6887 -7.9177 0.9915
Car -1 -1 -7.9215 620.4040 171.2379 652.8825 205.4226 1.9384 1.6571 3.9140 1.5046 1.8465 42.8974 -7.8872 0.9837
Car -1 -1 -7.7415 525.2241 179.3433 559.0420 207.4966 1.5017 1.5422 3.4042 -3.8535 1.8856 40.9950 -7.8351 0.8904
Car -1 -1 -7.9913 492.3430 175.1809 540.9096 215.1250 1.6823 1.6845 3.6329 -4.3115 1.7934 32.5926 -8.1223 0.8376
Car -1 -1 -2.6117 128.0295 187.0067 313.0262 252.4081 1.4448 1.6726 3.5341 -9.2634 1.8007 17.2462 -3.0985 0.7893
Car -1 -1 -7.9445 618.4769 171.6596 652.3138 205.1248 1.8953 1.6481 3.9356 1.4281 1.8273 42.8754 -7.9120 0.7844
Car -1 -1 -7.5431 524.4493 179.4533 569.3171 207.6492 1.4968 1.5553 3.4738 -3.5800 1.8889 41.0423 -7.6300 0.7503
Car -1 -1 -4.1355 0.0000 190.8232 314.0514 374.0000 1.4806 1.6373 4.4330 -3.4920 1.6474 4.4458 -4.7731 0.7098
Car -1 -1 -2.6098 138.0850 186.7963 314.3037 252.3286 1.4474 1.6715 3.3347 -9.1343 1.7982 17.2472 -3.0908 0.6888
Car -1 -1 -7.8802 623.3828 171.1387 653.1493 204.9068 1.9142 1.6529 3.8845 1.6025 1.8166 42.8516 -7.8436 0.6505
Car -1 -1 -8.0975 484.2685 175.3582 540.0884 216.0861 1.7023 1.6363 3.6836 -4.4919 1.8215 32.4190 -8.2346 0.6204
Car -1 -1 -7.9351 628.6095 176.9331 670.4692 212.9556 1.4891 1.5512 3.6714 1.6643 1.6808 32.1063 -7.8843 0.6182
Pedestrian -1 -1 -7.2707 78.5574 161.9404 182.0705 351.1630 1.7343 0.6166 0.5589 -4.6224 1.6339 6.8956 -7.8439 0.6083
Car -1 -1 -7.9432 519.8742 179.1222 554.3928 207.9983 1.5333 1.6428 3.4314 -4.2094 1.9047 40.9523 -8.0455 0.5593
Car -1 -1 -7.6931 524.3835 179.6221 559.1909 207.4484 1.4882 1.5225 2.8554 -3.8595 1.8843 40.7814 -7.7874 0.5559
Car -1 -1 -7.8689 633.2989 176.7517 671.8130 212.7618 1.4908 1.6154 3.6909 1.8177 1.6744 32.1547 -7.8136 0.5404
Car -1 -1 -2.5478 0.0000 191.1266 140.3749 257.7671 1.4601 1.6325 4.0583 -13.9067 1.9226 17.3068 -3.2173 0.5361
Car -1 -1 -4.9507 488.7726 175.6369 543.3531 215.7418 1.6543 1.5815 3.6232 -4.2634 1.7851 32.0125 -5.0826 0.4683
Car -1 -1 -7.9244 498.5368 175.8578 541.9392 216.1313 1.6778 1.6593 3.7949 -4.1221 1.8207 32.3833 -8.0506 0.4553
Car -1 -1 -8.0720 485.9645 176.4559 542.6584 215.6645 1.6379 1.7161 3.9804 -4.4409 1.8116 32.7025 -8.2064 0.4543
Car -1 -1 -7.8355 500.0337 175.7921 540.1425 215.7910 1.6848 1.6982 3.9029 -4.0811 1.8260 32.7197 -7.9591 0.4437
Car -1 -1 -2.4783 0.0000 190.1616 144.8840 255.0157 1.4617 1.6252 3.9518 -13.8400 1.9011 17.5145 -3.1398 0.4195
Car -1 -1 -7.8707 525.7795 179.8312 555.0361 207.9904 1.4942 1.5856 3.4727 -4.0227 1.9079 41.0008 -7.9684 0.3727
Car -1 -1 -8.1131 479.3919 176.3113 540.9866 216.3994 1.6668 1.7514 4.1143 -4.6212 1.8335 32.6216 -8.2532 0.3595
Car -1 -1 -7.9403 631.1433 176.3981 675.0352 213.4550 1.5136 1.5915 3.7595 1.7962 1.6785 31.7385 -7.8849 0.3229
Car -1 -1 -7.7420 632.2769 176.1648 677.9349 212.5227 1.4981 1.6220 3.7504 2.0169 1.6541 32.0800 -7.6804 0.3064
Car -1 -1 -8.0090 517.4807 179.6586 555.4396 208.5153 1.5245 1.6054 3.5618 -4.2512 1.9286 40.9546 -8.1123 0.2960
Car -1 -1 -8.0393 513.3796 179.0074 554.5115 208.5010 1.5584 1.6639 3.6869 -4.3986 1.9245 40.9655 -8.1461 0.2805
Car -1 -1 -8.0853 506.6265 179.8360 551.8574 209.2449 1.5454 1.6915 3.9427 -4.6834 1.9632 41.0732 -8.1986 0.2785
Car -1 -1 -2.3245 0.0000 192.7781 150.5720 256.9373 1.4154 1.5700 3.5947 -13.5035 1.9328 17.6689 -2.9699 0.2619
Car -1 -1 -6.0485 505.6867 180.1481 563.4956 207.4397 1.4696 1.6632 2.9140 -4.2353 1.8880 40.4094 -6.1527 0.2373
Car -1 -1 -2.5822 0.0000 191.1967 138.3615 259.4169 1.4736 1.6216 4.0166 -13.8528 1.9360 17.1699 -3.2536 0.1959
Car -1 -1 -4.9087 495.4398 176.0297 550.3085 217.3806 1.6591 1.5861 4.1551 -3.9137 1.8073 31.5133 -5.0318 0.1789
Car -1 -1 -4.2529 8.7296 191.8759 156.4096 259.9517 1.3941 1.5089 3.4552 -12.7459 1.9065 17.6219 -4.8721 0.1494
Car -1 -1 -8.1588 504.4503 178.6476 554.0876 208.3254 1.5620 1.6922 3.9237 -4.6684 1.9076 40.9464 -8.2720 0.1444
Car -1 -1 -4.4024 2.3853 189.4237 143.5187 261.8647 1.4806 1.6954 3.6916 -13.0198 1.9328 17.6885 -5.0299 0.1275
Pedestrian -1 -1 -2.7932 288.4973 182.3948 311.7182 240.6828 1.5807 0.4591 0.4585 -8.5879 1.8466 19.8881 -3.1964 0.0998
Car -1 -1 -2.4010 492.7450 179.0568 564.9370 209.3391 1.6156 1.6524 4.0230 -4.6859 1.9845 41.1021 -2.5143 0.0879
Car -1 -1 -3.3523 0.0000 189.3231 135.5502 272.7919 1.5290 1.6688 4.5917 -13.7899 1.9571 16.4493 -4.0422 0.0724
Car -1 -1 -2.7426 0.0000 188.9902 134.4498 262.1846 1.5072 1.6323 4.1903 -13.8266 1.9137 16.8254 -3.4229 0.0636
Pedestrian -1 -1 -7.8156 477.0743 172.3819 491.3228 206.8731 1.7947 0.7169 0.5385 -6.6368 1.7698 37.8592 -7.9884 0.0597
Car -1 -1 -2.3920 494.3669 178.9799 565.2941 208.7090 1.5783 1.6155 3.9496 -4.6056 1.9406 40.8836 -2.5039 0.0506
Car -1 -1 -7.5096 15.6014 192.2764 148.5863 261.5447 1.4253 1.5083 3.5661 -12.9301 1.9570 17.8447 -8.1298 0.0385
Cyclist -1 -1 -7.1826 236.1917 181.3841 293.9036 242.2317 1.5650 0.4308 1.7377 -9.4382 1.8082 19.7038 -7.6245 0.0323
Car -1 -1 -4.1448 0.0000 192.1319 142.7135 269.6057 1.4375 1.5569 4.0234 -12.6799 1.9328 16.4843 -4.7928 0.0289
Pedestrian -1 -1 -5.6219 408.7910 175.5126 435.5221 230.9917 1.7352 0.6065 0.5729 -6.0319 1.8211 22.9963 -5.8762 0.0246
Cyclist -1 -1 -6.9959 216.2758 177.4551 283.5775 239.2669 1.6006 0.4177 1.8120 -9.8638 1.7319 19.7357 -7.4543 0.0241
Car -1 -1 -7.4521 36.8695 194.3294 159.6587 258.5905 1.3481 1.3092 3.2522 -12.6809 1.9353 18.0146 -8.0588 0.0233
Car -1 -1 -3.7476 0.0000 194.5453 189.6006 341.8642 1.4974 1.6040 3.8766 -8.1773 1.8616 10.0364 -4.4185 0.0215
Car -1 -1 -3.5058 0.0000 190.1112 143.7594 274.5285 1.4878 1.6622 4.7166 -13.4564 1.9334 16.1815 -4.1915 0.0213
Car -1 -1 -3.9342 0.0000 191.7895 146.8072 275.7773 1.4811 1.6461 4.6063 -12.9221 1.9678 16.1780 -4.6003 0.0204
Car -1 -1 -4.2521 0.0000 192.5571 143.1188 268.7505 1.4308 1.5389 3.8333 -12.5301 1.9395 16.6183 -4.8907 0.0200
Car -1 -1 -6.6842 0.0000 186.5915 179.7870 325.2305 1.5161 1.5578 3.6662 -8.4734 1.7491 10.2672 -7.3616 0.0177
Pedestrian -1 -1 -3.6983 96.6780 159.3886 114.4673 211.0522 1.9249 0.5427 0.3092 -19.0140 1.4229 27.1332 -4.3050 0.0167
Car -1 -1 -2.9384 475.2474 178.6697 558.2575 208.3674 1.6034 1.7051 4.3516 -5.2147 1.9366 40.3662 -3.0665 0.0148
Car -1 -1 -6.7853 0.0000 196.6089 183.1517 322.2130 1.3836 1.4332 3.3079 -8.2718 1.7861 10.4325 -7.4435 0.0141
Car -1 -1 -7.0646 0.0000 197.2731 179.9131 325.5878 1.3804 1.3903 3.3907 -8.0064 1.7857 10.2118 -7.7171 0.0140
Car -1 -1 -4.0141 0.0000 191.6122 176.9093 336.9526 1.4906 1.5277 3.7583 -7.8742 1.7944 9.7956 -4.6781 0.0138
Car -1 -1 -6.9355 0.0000 189.8201 214.4809 323.1929 1.5031 1.5438 3.8075 -8.0746 1.8023 10.6953 -7.5705 0.0131
Car -1 -1 -7.5587 324.8229 174.8767 356.4646 192.2303 1.4998 1.5662 4.0022 -24.1980 1.6871 64.8802 -7.9146 0.0124
Car -1 -1 -2.6808 484.7149 178.6539 562.6748 208.4438 1.5968 1.6321 4.0631 -4.8993 1.9352 40.6882 -2.8003 0.0122
Car -1 -1 -5.0159 515.0049 176.3877 564.5175 203.3698 1.6660 1.8363 5.0558 -4.7671 1.9136 47.9401 -5.1149 0.0118
Car -1 -1 -6.8733 0.0000 188.8303 235.0129 327.4888 1.5885 1.6696 4.0268 -8.0583 1.8789 10.9465 -7.4966 0.0117
Pedestrian -1 -1 -6.8276 192.3720 172.7375 208.1117 214.3407 1.7500 0.5004 0.3772 -17.4423 1.7448 30.6382 -7.3416 0.0100
Car -1 -1 -5.0385 513.9039 177.0721 563.7886 204.0258 1.6524 1.7791 4.9464 -4.7995 1.9462 47.6745 -5.1387 0.0087
Car -1 -1 -7.4464 326.7382 175.5004 361.7168 192.3557 1.4591 1.5413 3.8930 -23.9448 1.7048 65.0713 -7.7979 0.0084
Car -1 -1 -6.6289 0.0000 190.3150 196.2083 319.3590 1.4504 1.5339 3.7324 -8.4688 1.7555 10.6342 -7.2894 0.0082
Pedestrian -1 -1 -3.9914 1137.1842 154.5043 1241.0000 361.5406 1.6582 0.5413 0.8073 4.9998 1.5109 6.1206 -3.3305 0.0069
Car -1 -1 -7.8689 495.2811 153.9356 516.4417 182.5914 2.3905 1.7443 4.4201 -9.0761 0.8120 62.5113 -8.0127 0.0058
Cyclist -1 -1 -5.3648 1136.2173 150.3374 1241.0000 374.0000 1.6078 0.5302 1.8398 5.0344 1.4573 5.7421 -4.6707 0.0057
Car -1 -1 -2.3925 0.0000 186.2111 168.4261 298.1906 1.5222 1.6460 3.7217 -9.1136 1.7428 10.9823 -3.0734 0.0055
Car -1 -1 -5.0000 525.1017 177.2640 569.3646 203.4388 1.6237 1.6867 4.6155 -4.2683 1.9320 48.0420 -5.0886 0.0052
Car -1 -1 -3.1149 478.6685 178.9003 556.4008 208.3356 1.5696 1.6721 4.1813 -5.1232 1.9128 39.9446 -3.2421 0.0050
Car -1 -1 -4.9460 521.0875 177.1923 562.9589 204.0463 1.6566 1.7060 4.7258 -4.5965 1.9591 47.8356 -5.0418 0.0049
Cyclist -1 -1 -7.7516 468.5475 178.0923 481.0667 210.0024 1.5091 0.4495 1.4978 -6.6181 1.7695 35.1396 -7.9369 0.0041
Car -1 -1 -2.1110 0.0000 185.7320 163.0209 298.3627 1.4910 1.6759 3.8440 -9.2448 1.7192 11.3435 -2.7835 0.0041
Car -1 -1 -7.7746 488.1991 156.2683 511.9766 183.5867 2.2830 1.7013 4.2955 -9.5088 0.8966 62.5028 -7.9252 0.0038
Car -1 -1 -7.9539 496.5547 153.3820 523.1450 182.9128 2.4531 1.8211 4.6161 -8.7219 0.8353 62.3947 -8.0924 0.0033
Car -1 -1 -4.5893 550.8803 174.1178 572.9575 195.2355 1.9281 1.6302 3.7577 -4.5260 2.0503 68.0308 -4.6558 0.0032
Car -1 -1 -4.2549 0.0000 190.8444 137.1104 273.7587 1.4606 1.6070 4.3915 -12.4299 1.9174 16.0225 -4.9068 0.0031
Car -1 -1 -7.6405 476.1788 157.3565 506.4140 184.4786 2.2651 1.7198 4.2473 -10.2500 0.9705 62.4231 -7.8028 0.0030
Pedestrian -1 -1 -5.8190 242.7849 162.4617 252.1722 200.1443 1.8054 0.4621 0.2207 -17.5241 1.3072 34.8004 -6.2827 0.0029
Car -1 -1 -6.9469 551.4952 177.2439 596.2896 195.0450 1.6094 1.5144 4.1799 -3.4053 2.0354 68.1305 -6.9970 0.0028
Car -1 -1 -3.8041 0.0000 189.0801 136.5432 272.2715 1.4576 1.6496 4.3721 -13.0327 1.8661 15.8619 -4.4838 0.0028
Pedestrian -1 -1 -7.2669 36.2568 158.9616 153.3037 353.5550 1.7867 0.7104 0.5802 -4.9762 1.6588 6.9215 -7.8725 0.0026
Cyclist -1 -1 -5.4699 1170.0811 169.2976 1241.0000 374.0000 1.5028 0.5356 1.8111 5.0743 1.4806 5.3393 -4.7377 0.0023
Car -1 -1 -6.7808 552.7145 176.9108 597.9520 194.3922 1.5832 1.4897 4.0241 -3.2659 1.9736 67.8089 -6.8291 0.0022
Pedestrian -1 -1 -4.7694 1190.5812 163.5251 1241.0000 366.8542 1.5309 0.5113 0.7742 5.0397 1.4604 5.8962 -4.0871 0.0021
Car -1 -1 -4.3095 550.2383 173.4139 585.0975 194.9237 1.9568 1.7877 4.1779 -3.9715 2.0111 68.0264 -4.3680 0.0020
Car -1 -1 -4.0856 0.0000 188.5243 136.4557 269.7555 1.4313 1.6392 4.4576 -12.6636 1.8241 15.8443 -4.7518 0.0019
Pedestrian -1 -1 -7.6393 246.6899 172.1923 271.6054 219.8932 1.7489 0.7618 0.4030 -13.0430 1.7243 26.7392 -8.0895 0.0018
Cyclist -1 -1 -7.7808 477.6850 180.5223 486.6933 211.7659 1.4779 0.3347 1.3624 -6.2658 1.8588 35.1674 -7.9563 0.0016
Pedestrian -1 -1 -2.9872 553.8639 175.5253 565.6179 196.0850 1.8846 0.6518 0.9945 -4.6584 2.1323 66.6028 -3.0571 0.0016
Car -1 -1 -4.4601 550.7373 173.7765 578.4785 195.0559 1.9369 1.6242 4.1705 -4.2663 2.0264 68.0670 -4.5228 0.0014
Car -1 -1 -4.5847 547.0632 174.9862 569.6732 195.4819 1.8609 1.6237 4.0642 -4.8567 2.0677 68.0164 -4.6561 0.0014
Pedestrian -1 -1 -4.6698 1232.2668 169.5060 1241.0000 374.0000 1.4698 0.5738 0.7265 5.0395 1.4464 5.4449 -3.9501 0.0007
