Car -1 -1 -7.6350 419.8291 185.7400 497.8217 237.3533 1.4552 1.6108 3.5122 -4.5249 1.4728 22.0750 -7.8352 0.9999
Car -1 -1 -7.5118 211.8756 194.0091 421.2027 311.9283 1.4032 1.6054 3.9788 -4.1604 1.5606 10.8544 -7.8699 0.9998
Car -1 -1 -7.7070 470.7939 183.6137 519.8679 218.2767 1.4520 1.5824 4.1002 -4.9985 1.3850 32.1667 -7.8603 0.9996
Car -1 -1 -7.6086 371.0388 180.8858 433.2137 221.2136 1.6063 1.6584 3.8071 -8.6976 1.4340 30.5602 -7.8840 0.9950
Car -1 -1 -7.8658 577.8165 178.9221 610.6074 208.7426 1.5509 1.7065 3.8392 -0.8003 1.2237 39.3315 -7.8864 0.9903
Car -1 -1 -7.7434 505.4006 182.8026 538.2098 207.7467 1.3752 1.5085 3.3944 -4.9340 1.2423 41.3342 -7.8618 0.9881
Car -1 -1 -7.2433 0.0000 183.3493 208.0579 303.8653 1.5902 1.6188 3.9596 -8.3306 1.5658 11.4705 -7.8605 0.9877
Car -1 -1 -7.5632 354.9579 180.3282 404.3167 208.4910 1.4989 1.6187 3.7392 -12.7054 1.2390 40.1412 -7.8682 0.9802
Car -1 -1 -7.4280 228.4112 168.8412 329.8592 221.3018 1.8461 1.7885 4.5783 -12.4928 1.2700 27.5898 -7.8498 0.9745
Car -1 -1 -4.1974 240.3415 188.8829 350.0261 244.8390 1.3705 1.3877 3.0343 -8.3740 1.4777 19.3992 -4.6002 0.9506
Car -1 -1 -7.5910 354.6083 180.1943 401.9771 208.4560 1.5030 1.6181 3.6538 -12.7674 1.2361 40.0901 -7.8977 0.9233
Car -1 -1 -7.7227 472.6834 183.1588 519.0989 218.1868 1.4664 1.5366 3.9874 -4.9691 1.3805 32.1046 -7.8755 0.8895
Car -1 -1 -7.2415 0.0000 182.1874 206.7963 305.6416 1.6157 1.6501 4.0449 -8.3719 1.5762 11.4371 -7.8624 0.8629
Car -1 -1 -2.5305 0.0000 211.5439 302.0222 365.9571 1.3430 1.5988 3.9105 -5.4806 1.6427 7.3557 -3.1537 0.8568
Car -1 -1 -7.4116 229.7651 168.4483 332.0043 221.6928 1.8711 1.6964 4.7288 -12.4454 1.2820 27.6454 -7.8313 0.8458
Car -1 -1 -7.2545 0.0000 183.9456 213.4458 305.6279 1.5895 1.5867 4.1695 -8.2670 1.5731 11.4855 -7.8675 0.8185
Car -1 -1 -4.2330 237.9655 187.6035 353.0453 244.4564 1.3974 1.4761 3.3455 -8.4061 1.4682 19.5391 -4.6346 0.8160
Car -1 -1 -7.8824 576.5498 178.9299 609.8033 208.5900 1.5427 1.7012 3.7172 -0.8711 1.2159 39.2879 -7.9049 0.7611
Car -1 -1 -7.5088 214.2869 194.3177 425.4011 313.9588 1.4173 1.5944 4.0673 -4.1072 1.5809 10.8665 -7.8624 0.7553
Car -1 -1 -4.9032 644.9764 182.4974 691.1424 212.6884 1.4202 1.5890 3.7670 2.9088 1.2925 35.7763 -4.8231 0.7116
Car -1 -1 -7.7447 504.1301 182.4682 537.9634 207.6243 1.3877 1.5701 3.4248 -4.9810 1.2363 41.3755 -7.8642 0.6700
Car -1 -1 -2.4333 0.0000 208.1687 309.2430 360.8955 1.3438 1.5449 3.9034 -5.4612 1.6167 7.5788 -3.0412 0.6573
Car -1 -1 -7.5149 356.1802 179.9397 410.1582 208.4646 1.5179 1.6465 3.9967 -12.5425 1.2373 40.2811 -7.8153 0.6037
Car -1 -1 -7.7032 506.9125 182.9316 542.9240 208.1067 1.3797 1.5412 3.5023 -4.7326 1.2547 41.1753 -7.8173 0.5515
Car -1 -1 -4.6662 419.8395 177.9821 451.1652 207.7527 1.5432 1.4968 3.4695 -9.3630 1.1684 39.1063 -4.9000 0.5453
Car -1 -1 -4.5672 420.2266 177.6845 457.9547 207.2815 1.5368 1.5024 3.5354 -9.1704 1.1459 39.1503 -4.7961 0.4702
Car -1 -1 -4.8648 643.7933 182.4747 685.7692 211.9693 1.3974 1.5509 3.5760 2.7625 1.2677 35.8996 -4.7890 0.4295
Car -1 -1 -7.7024 483.1411 170.6924 509.1039 189.5894 1.5555 1.6199 3.8391 -9.4682 0.3602 61.0952 -7.8558 0.3543
Car -1 -1 -4.5582 419.8387 181.5815 459.0322 210.0995 1.4658 1.5465 3.4165 -9.0485 1.2791 38.7089 -4.7867 0.3222
Car -1 -1 -7.7849 482.5035 170.6816 504.4984 189.3533 1.5358 1.5961 3.6544 -9.6843 0.3405 61.0163 -7.9419 0.2996
Car -1 -1 -7.6433 483.9841 170.5354 512.3102 189.6623 1.5745 1.5981 3.9252 -9.3063 0.3662 61.1814 -7.7939 0.2930
Car -1 -1 -2.2879 0.0000 216.4865 313.2132 369.7557 1.2715 1.5321 3.7558 -5.3249 1.6600 7.6959 -2.8772 0.2729
Car -1 -1 -4.6855 416.5393 177.8612 447.8335 207.5627 1.5367 1.5548 3.6955 -9.5543 1.1563 39.1618 -4.9235 0.2676
Pedestrian -1 -1 -3.3405 863.5038 194.0451 921.8641 367.0985 1.5899 0.4283 0.4351 2.6572 1.6775 6.8747 -2.9856 0.2527
Car -1 -1 -4.5288 412.1464 181.2849 453.7877 210.3582 1.4901 1.5687 3.4398 -9.3683 1.2888 38.6034 -4.7656 0.2468
Car -1 -1 -5.4274 0.0000 204.4378 324.8803 360.3430 1.3568 1.5797 3.8724 -5.3198 1.6016 7.8619 -6.0067 0.2431
Car -1 -1 -5.6761 0.0000 208.4423 307.6140 360.8054 1.3555 1.5804 3.7564 -5.3673 1.6214 7.4306 -6.2848 0.2238
Car -1 -1 -4.8866 645.3885 182.1107 690.8872 212.0812 1.4290 1.6055 4.0070 2.9574 1.2811 36.3445 -4.8065 0.1882
Car -1 -1 -4.4235 421.5426 178.5732 467.8605 208.3073 1.5423 1.5137 3.5218 -8.8455 1.1980 39.0961 -4.6448 0.1827
Car -1 -1 -2.7898 0.0000 188.5429 156.1312 248.4350 1.4516 1.6368 3.8473 -14.3735 1.5455 18.9082 -3.4332 0.1399
Car -1 -1 -3.0292 0.0000 188.2763 138.9547 253.2431 1.4800 1.6369 4.1158 -14.4759 1.5657 18.3161 -3.6911 0.1332
Car -1 -1 -3.9184 0.0000 188.5572 157.5936 251.8828 1.4535 1.6552 3.8842 -14.0403 1.5504 18.7645 -4.5542 0.1267
Car -1 -1 -5.5615 0.0000 188.1576 164.5508 248.2727 1.4734 1.5964 3.9214 -13.9717 1.5540 18.6771 -6.1972 0.1179
Car -1 -1 -5.1956 0.0000 188.1999 143.0425 252.3434 1.4841 1.6656 4.1307 -14.0959 1.5675 18.4189 -5.8421 0.1099
Car -1 -1 -5.9118 0.0000 188.7678 160.8637 250.3031 1.4724 1.6728 3.9387 -14.1667 1.5714 18.6865 -6.5538 0.1075
Pedestrian -1 -1 -3.2542 868.6926 189.2909 928.6301 368.0900 1.5999 0.4583 0.4615 2.6516 1.6398 6.7240 -2.8929 0.1010
Car -1 -1 -4.5975 431.6553 170.7470 458.5908 190.9337 1.5619 1.6519 4.0856 -13.0407 0.4426 57.7375 -4.8190 0.0910
Car -1 -1 -2.2001 0.0000 188.3801 147.0477 248.0516 1.4663 1.5957 4.0856 -14.6263 1.5568 19.1681 -2.8454 0.0783
Car -1 -1 -4.4736 432.3888 171.2618 465.4653 191.2416 1.5496 1.6618 4.1570 -12.7524 0.4675 57.8508 -4.6898 0.0766
Car -1 -1 -3.4166 0.0000 188.7523 137.5337 254.7593 1.4542 1.6159 4.1254 -14.6072 1.5545 18.2109 -4.0857 0.0765
Car -1 -1 -2.9958 0.0000 188.6375 143.7787 251.7853 1.4599 1.6231 4.1639 -14.5419 1.5565 18.5345 -3.6543 0.0730
Car -1 -1 -6.9685 8.2450 189.2952 186.7638 248.9378 1.4448 1.6295 3.8220 -13.8717 1.5688 19.7576 -7.5745 0.0715
Car -1 -1 -6.0069 5.3946 188.8168 196.1272 247.9056 1.4686 1.5469 3.9303 -13.5471 1.5728 19.3968 -6.6104 0.0706
Car -1 -1 -3.7644 0.0000 187.9587 144.6454 254.8941 1.4699 1.6598 4.2431 -14.3567 1.5484 18.2423 -4.4243 0.0692
Car -1 -1 -4.0581 0.0000 188.4846 149.6411 252.5257 1.4872 1.7022 3.9438 -14.2096 1.5823 18.8815 -4.6967 0.0684
Car -1 -1 -2.5542 0.0000 188.3134 153.3296 246.8380 1.4552 1.5932 4.0328 -14.5343 1.5407 18.8911 -3.2034 0.0678
Car -1 -1 -3.0173 0.0000 189.7702 134.3577 254.5759 1.4815 1.6194 4.3398 -14.8669 1.6104 18.5070 -3.6872 0.0648
Car -1 -1 -4.1571 0.0000 187.9440 144.6097 252.6007 1.4778 1.6767 4.0170 -14.0816 1.5567 18.6770 -4.7965 0.0631
Car -1 -1 -3.1341 0.0000 188.9087 132.6802 254.6748 1.4773 1.6028 4.2257 -14.7415 1.5813 18.2972 -3.8054 0.0586
Car -1 -1 -3.6451 0.0000 188.8551 150.6839 253.9105 1.4447 1.6561 4.3129 -14.4961 1.5504 18.5301 -4.3022 0.0584
Car -1 -1 -7.8466 430.2375 169.0270 452.7223 190.3079 1.6419 1.6961 4.3609 -13.3622 0.3930 57.7754 -8.0731 0.0559
Car -1 -1 -6.1464 0.0000 189.0359 177.7745 251.1756 1.4891 1.5819 3.9612 -13.7950 1.5991 19.0466 -6.7669 0.0503
Car -1 -1 -7.0762 22.8067 188.0028 189.5671 248.3903 1.5083 1.6659 3.7465 -13.8967 1.5942 20.1307 -7.6745 0.0475
Car -1 -1 -3.5006 0.0000 189.1081 137.0704 253.9869 1.4523 1.6031 4.1594 -14.8488 1.5648 18.5495 -4.1688 0.0457
Car -1 -1 -4.7781 617.9988 176.7990 640.7819 198.1708 1.7183 1.6213 4.1233 1.7539 1.0418 59.8871 -4.7494 0.0456
Car -1 -1 -4.2941 432.2678 170.7125 472.5507 190.8029 1.5510 1.6384 4.0881 -12.4284 0.4315 57.6660 -4.5057 0.0374
Car -1 -1 -3.7094 0.0000 179.6595 127.0292 239.7668 1.6088 1.6380 4.0925 -16.9464 1.4602 21.4424 -4.3723 0.0362
Car -1 -1 -6.9549 27.8329 187.8598 203.3822 249.6551 1.5377 1.6722 3.8465 -13.6521 1.6197 20.1531 -7.5444 0.0358
Car -1 -1 -3.3731 0.0000 188.0373 124.9770 255.9552 1.4880 1.6077 4.1773 -14.8781 1.5675 18.0719 -4.0549 0.0357
Car -1 -1 -6.7687 414.9331 180.0925 495.8136 209.6666 1.5253 1.6373 3.9876 -8.2591 1.2612 38.9792 -6.9765 0.0293
Car -1 -1 -4.0670 0.0000 178.8591 132.3432 239.1898 1.6226 1.6607 4.2888 -16.4941 1.4518 21.4815 -4.7160 0.0170
Car -1 -1 -3.9721 0.0000 182.9127 116.2910 242.7195 1.5779 1.6505 4.4961 -17.0580 1.5173 21.2656 -4.6422 0.0129
Car -1 -1 -7.0001 682.2145 174.3532 744.8055 201.0477 1.5283 1.6056 3.4916 6.2751 0.9065 42.7756 -6.8558 0.0117
Car -1 -1 -2.9965 462.6392 178.7319 529.9310 203.5399 1.6617 1.7870 4.3259 -7.5897 1.2275 49.0602 -3.1496 0.0110
Car -1 -1 -4.9997 587.8795 176.7295 615.5666 193.9362 1.5351 1.5421 3.7521 -0.5967 0.7782 66.1535 -5.0091 0.0109
Car -1 -1 -4.7987 594.6553 176.6551 615.0662 193.7645 1.5294 1.5540 3.7741 -0.3036 0.7644 66.2105 -4.8037 0.0104
Car -1 -1 -4.7243 616.6863 177.2696 635.7459 197.7178 1.6400 1.5255 4.0711 1.4896 1.0029 59.6990 -4.6999 0.0101
Car -1 -1 -4.6214 617.4675 178.4901 640.5833 198.1022 1.5663 1.5615 3.9717 1.7734 1.0293 59.4754 -4.5922 0.0075
Car -1 -1 -6.6081 416.3423 182.4166 495.8507 211.4137 1.4948 1.5568 3.8976 -8.1834 1.3507 38.7167 -6.8154 0.0070
Car -1 -1 -2.8812 464.4482 178.7524 531.0342 202.3590 1.5681 1.7013 4.1736 -7.4681 1.1389 48.8225 -3.0326 0.0064
Car -1 -1 -4.6716 510.5457 177.6689 539.7122 200.9098 1.4509 1.7281 4.1337 -5.3858 0.9799 47.0027 -4.7854 0.0063
Car -1 -1 -7.8231 652.4934 182.7097 695.5026 218.1796 1.5275 1.8507 4.8004 3.1136 1.4197 33.4528 -7.7315 0.0061
Car -1 -1 -4.6166 499.8549 179.2979 529.9819 201.0168 1.3918 1.6545 3.6046 -6.1728 1.0128 47.8955 -4.7445 0.0056
Car -1 -1 -5.1939 581.5959 177.0173 615.3394 193.7903 1.4927 1.5136 3.7821 -0.8948 0.7632 65.9959 -5.2078 0.0055
Car -1 -1 -4.4500 490.8531 176.8946 531.5801 202.9918 1.6801 1.7711 3.8629 -6.4618 1.1445 48.3077 -4.5826 0.0055
Car -1 -1 -4.5312 499.6166 178.5639 532.6826 203.4697 1.6122 1.5645 3.7294 -6.1559 1.1818 48.4371 -4.6573 0.0050
Car -1 -1 -5.0235 506.2993 182.7878 548.7535 203.9703 1.3527 1.7047 3.8881 -5.4279 1.1978 48.0287 -5.1358 0.0049
Car -1 -1 -4.4398 485.5884 176.3147 531.2724 201.3353 1.5621 1.8534 4.3971 -6.4803 1.0065 47.1828 -4.5759 0.0045
Car -1 -1 -4.5228 409.5533 183.9574 454.9108 213.7085 1.4442 1.5403 3.9564 -8.9828 1.3833 36.9088 -4.7603 0.0043
Car -1 -1 -7.7797 653.3367 185.8919 695.8259 219.6782 1.4589 1.6656 4.0906 3.1123 1.4924 33.2809 -7.6878 0.0041
Car -1 -1 -6.3427 426.5593 182.7726 506.5760 211.2756 1.4721 1.6239 4.1072 -7.5957 1.3461 38.4283 -6.5369 0.0038
Car -1 -1 -4.8319 505.0622 182.8701 537.8210 204.9597 1.4135 1.7097 3.9690 -5.8437 1.2635 48.1292 -4.9525 0.0035
Car -1 -1 -6.4429 423.4955 182.2851 505.6641 210.2257 1.4452 1.5832 4.1329 -7.7308 1.2937 38.6436 -6.6394 0.0032
Car -1 -1 -4.7309 509.9263 178.4013 536.4970 204.1269 1.6619 1.7012 4.0218 -5.7695 1.2219 48.5482 -4.8490 0.0031
Car -1 -1 -4.6954 500.8041 177.6182 527.9739 200.3745 1.4276 1.6943 4.0384 -6.1205 0.9511 47.1986 -4.8240 0.0030
Car -1 -1 -4.4560 496.6472 175.8348 537.2792 202.0878 1.7043 1.7367 4.1775 -6.1395 1.0955 48.8511 -4.5808 0.0027
Car -1 -1 -4.8846 510.3827 176.7218 547.6348 203.7294 1.7419 1.8123 4.1512 -5.3952 1.1943 48.6106 -4.9949 0.0025
Car -1 -1 -4.7676 505.3274 177.9084 535.1581 200.2407 1.3999 1.7118 4.1862 -5.8206 0.9420 47.2723 -4.8897 0.0024
Car -1 -1 -4.7148 511.5836 176.8919 538.6219 202.2977 1.6459 1.7442 4.1441 -5.6333 1.1068 48.7299 -4.8296 0.0020
Car -1 -1 -6.3668 420.7628 183.3370 495.5478 211.9922 1.4820 1.4826 3.8034 -8.0397 1.3850 38.4312 -6.5720 0.0019
