Car -1 -1 -8.1082 740.2934 185.7613 929.5689 315.0347 1.4981 1.6456 3.8348 3.0192 1.7233 10.6746 -7.8410 0.9999
Car -1 -1 -8.0539 695.5380 182.0191 808.9647 264.3685 1.5345 1.6444 3.8832 2.9194 1.7603 15.8409 -7.8760 0.9997
Car -1 -1 -7.9263 651.3906 179.6019 690.7737 212.7125 1.4516 1.5834 3.6939 2.8070 1.7889 34.2425 -7.8458 0.9967
Car -1 -1 -4.6822 499.9191 178.4730 544.2688 221.6328 1.5313 1.5978 3.8891 -3.4105 1.7657 28.1311 -4.8023 0.9902
Car -1 -1 -4.7579 543.0963 175.8365 568.8987 201.0484 1.6236 1.5770 3.3767 -3.7023 1.8318 48.6567 -4.8339 0.9393
Car -1 -1 -4.7133 638.6366 177.8615 663.4539 201.7122 1.5338 1.6250 4.0965 2.7691 1.8906 49.3671 -4.6581 0.9261
Car -1 -1 -4.7126 499.6743 178.1017 545.3968 221.7168 1.5463 1.6489 4.2197 -3.4767 1.7678 28.3036 -4.8343 0.8440
Car -1 -1 -7.9528 649.9720 180.3379 691.4233 213.0415 1.4223 1.5733 3.7783 2.7781 1.7960 34.1551 -7.8729 0.8338
Car -1 -1 -4.6707 500.4391 177.9960 546.1732 221.5079 1.5410 1.6018 3.7716 -3.3424 1.7538 27.9548 -4.7892 0.8017
Car -1 -1 -4.6440 544.7490 176.4596 570.7343 201.0545 1.5829 1.5223 3.3662 -3.5234 1.8340 48.6192 -4.7164 0.7719
Car -1 -1 -7.9334 652.7214 179.6071 693.7524 213.1368 1.4607 1.6171 3.8189 2.8942 1.7976 34.1154 -7.8501 0.7256
Car -1 -1 -4.6856 639.0875 176.7733 665.3895 202.0961 1.6378 1.6949 4.2491 2.9049 1.9184 49.5314 -4.6279 0.6985
Car -1 -1 -4.6395 638.7507 177.4440 666.8130 201.6307 1.5530 1.6305 3.9601 2.9203 1.8788 49.1859 -4.5810 0.6640
Car -1 -1 -7.8425 529.5994 179.3860 558.1226 207.2437 1.4573 1.5225 3.5790 -3.7256 1.8399 40.4553 -7.9342 0.6608
Car -1 -1 -4.8661 537.2739 175.3219 569.2603 200.6484 1.6264 1.6223 3.5199 -3.8881 1.7989 48.6060 -4.9459 0.6072
Car -1 -1 -4.5662 541.9641 176.3896 574.2119 201.3926 1.6056 1.6345 3.8735 -3.5080 1.8547 48.8911 -4.6379 0.6064
Car -1 -1 -4.8018 634.1804 176.0641 664.6281 201.8531 1.6767 1.7016 4.3064 2.6343 1.9070 49.6392 -4.7496 0.5722
Car -1 -1 -4.8146 633.3393 177.4277 663.5164 201.8326 1.5751 1.6380 4.1757 2.5612 1.9020 49.4923 -4.7636 0.5716
Car -1 -1 -4.5818 528.8968 178.9177 565.4595 206.7638 1.4575 1.5601 3.8642 -3.5231 1.8148 40.5873 -4.6683 0.5688
Car -1 -1 -4.6399 530.6292 178.3014 563.8778 206.8826 1.4971 1.6005 3.4616 -3.4933 1.8134 40.1992 -4.7265 0.5541
Car -1 -1 -7.8958 527.8234 179.7851 558.2977 207.7423 1.4537 1.5408 3.5044 -3.8082 1.8580 40.2721 -7.9900 0.5530
Car -1 -1 -4.4988 541.8382 176.7981 576.0345 201.7340 1.5910 1.6184 3.3331 -3.4187 1.8647 48.3590 -4.5695 0.5436
Car -1 -1 -4.7676 635.5473 177.7566 662.4819 201.8483 1.5484 1.6062 3.9455 2.5889 1.8955 49.1538 -4.7157 0.5267
Car -1 -1 -4.6517 636.0915 177.1397 664.3001 201.4727 1.5545 1.6849 3.7122 2.7159 1.8552 48.7207 -4.5969 0.5261
Car -1 -1 -4.5769 639.1823 177.7497 671.1548 201.7090 1.5357 1.6421 4.1426 3.0978 1.8850 49.3345 -4.5150 0.4929
Car -1 -1 -4.6339 540.3553 176.4180 569.2754 201.5455 1.5977 1.6497 3.6230 -3.6833 1.8445 48.2054 -4.7102 0.4617
Car -1 -1 -4.5120 544.6168 177.0766 576.5229 201.3383 1.5533 1.4915 3.4449 -3.3284 1.8482 48.6300 -4.5804 0.4480
Car -1 -1 -4.5191 530.0414 178.4135 570.6581 207.1106 1.5010 1.5700 3.8087 -3.3337 1.8279 40.4868 -4.6012 0.3817
Car -1 -1 -4.4314 543.5032 177.0982 580.8229 201.8444 1.5825 1.5368 3.7706 -3.2267 1.8812 48.8353 -4.4975 0.3351
Car -1 -1 -4.4356 530.2805 178.9470 576.8157 206.8257 1.4544 1.5682 4.0640 -3.1645 1.8161 40.7268 -4.5132 0.2930
Car -1 -1 -7.8917 526.6513 179.9376 556.9111 207.5561 1.4375 1.5444 3.6330 -3.8960 1.8528 40.4341 -7.9876 0.2906
Car -1 -1 -4.5087 634.8806 177.2088 672.5005 202.1369 1.5627 1.7083 4.1638 2.9352 1.8670 48.2444 -4.4488 0.2702
Car -1 -1 -4.8793 522.5905 178.1967 565.1037 209.0369 1.5663 1.7015 3.7566 -3.6961 1.8727 39.3848 -4.9728 0.2616
Car -1 -1 -7.9874 520.5089 180.0526 556.5289 207.7635 1.4332 1.5350 3.5152 -4.0570 1.8526 40.1859 -8.0878 0.2438
Car -1 -1 -4.6589 633.0439 178.1814 660.3209 201.7907 1.4969 1.6443 3.6121 2.4643 1.8684 48.4766 -4.6089 0.2182
Car -1 -1 -4.7560 531.6563 178.4810 565.1533 209.0956 1.5536 1.6452 3.8520 -3.4411 1.8760 39.3731 -4.8431 0.2090
Car -1 -1 -4.9451 515.0003 178.7666 559.9990 208.4564 1.5182 1.6774 3.5533 -4.0635 1.8586 39.6275 -5.0471 0.1867
Car -1 -1 -4.4686 639.1990 177.8629 676.1137 201.5210 1.5085 1.6097 3.9113 3.2461 1.8631 49.0086 -4.4033 0.1816
Car -1 -1 -4.5817 633.2610 176.6787 666.6138 202.9536 1.6287 1.6740 4.1407 2.6424 1.8921 47.5535 -4.5270 0.1554
Car -1 -1 -4.6338 632.4841 176.8058 662.1017 202.1168 1.5922 1.6799 3.7918 2.4844 1.8657 47.9990 -4.5829 0.1500
Car -1 -1 -4.7159 641.7454 177.1898 668.2975 202.6712 1.5786 1.6702 4.1883 2.9214 1.8770 47.5654 -4.6554 0.0930
Car -1 -1 -4.3638 638.0138 177.7075 681.5647 201.5307 1.5033 1.6704 3.9766 3.3634 1.8442 48.5657 -4.2955 0.0858
Car -1 -1 -8.0873 512.5603 179.9613 556.0119 207.9417 1.4422 1.5757 3.7658 -4.3081 1.8586 40.2632 -8.1937 0.0808
Car -1 -1 -4.8249 522.7789 177.8234 563.5706 209.5985 1.5810 1.7216 4.1097 -3.6813 1.8628 38.7726 -4.9194 0.0741
Pedestrian -1 -1 -7.9382 298.4919 173.0180 326.0334 250.3257 1.6010 0.4991 0.5120 -6.3626 1.6043 15.2858 -8.3270 0.0590
Car -1 -1 -5.0189 551.0153 176.3310 584.9277 196.7207 1.5653 1.6060 3.9663 -3.4571 1.8561 58.2625 -5.0783 0.0487
Pedestrian -1 -1 -5.4983 436.7941 175.6162 452.1615 206.3470 1.8196 0.6872 0.5827 -9.9556 1.9866 43.2486 -5.7236 0.0464
Pedestrian -1 -1 -5.5466 434.9402 176.2287 449.3629 206.3120 1.7802 0.6556 0.5414 -10.0860 1.9840 43.2100 -5.7750 0.0449
Pedestrian -1 -1 -4.3750 288.8532 170.5009 326.2556 247.9944 1.6147 0.5632 0.6094 -6.4806 1.5654 15.3545 -4.7686 0.0442
Pedestrian -1 -1 -7.8709 300.7517 172.8297 326.7751 249.8749 1.5816 0.4976 0.5185 -6.2745 1.5808 15.1479 -8.2579 0.0373
Car -1 -1 -5.1509 544.4070 176.6131 583.9591 196.6291 1.5312 1.6091 4.0516 -3.7584 1.8452 58.1705 -5.2155 0.0371
Pedestrian -1 -1 -5.3685 438.4023 175.5135 452.3263 205.5488 1.7878 0.6637 0.4774 -9.9437 1.9490 43.4277 -5.5927 0.0360
Car -1 -1 -5.2071 539.0078 176.7397 581.9307 196.8004 1.5287 1.6376 4.2110 -4.0520 1.8530 58.0580 -5.2768 0.0352
Car -1 -1 -4.3166 557.9315 176.4347 596.0193 196.9627 1.5717 1.6276 4.0697 -2.6473 1.8711 58.1997 -4.3623 0.0350
Car -1 -1 -5.0815 550.2962 178.4337 584.1739 197.4938 1.4441 1.5103 3.5846 -3.4805 1.9054 57.7484 -5.1418 0.0304
Car -1 -1 -4.8713 550.5959 179.3281 581.1764 199.0474 1.4454 1.6370 5.0297 -3.5755 1.9823 57.2482 -4.9338 0.0272
Cyclist -1 -1 -4.8680 300.1975 175.8396 334.5806 249.2101 1.4720 0.4550 1.4681 -6.2630 1.5380 15.2832 -5.2513 0.0271
Cyclist -1 -1 -4.7733 303.3733 174.1568 331.2625 248.2243 1.5017 0.4702 1.3745 -6.3001 1.5305 15.3764 -5.1566 0.0265
Car -1 -1 -4.7493 561.6562 176.1282 583.4308 196.6907 1.5839 1.6041 3.9758 -3.0811 1.8574 58.2854 -4.8023 0.0244
Cyclist -1 -1 -8.0464 290.6984 173.2260 328.5791 249.7445 1.5632 0.4329 1.7430 -6.5602 1.5714 15.5945 -8.4390 0.0218
Car -1 -1 -4.9941 543.8765 178.2839 580.5830 199.0260 1.5349 1.6005 4.9056 -3.8739 1.9854 57.3225 -5.0616 0.0191
Car -1 -1 -4.5526 627.1827 176.1306 662.5516 203.1996 1.6521 1.6566 4.1377 2.2716 1.8741 46.7640 -4.5048 0.0189
Car -1 -1 -5.0591 634.2266 178.1023 679.9207 202.7982 1.4967 1.6456 4.1304 2.9696 1.8535 46.8818 -4.9968 0.0179
Cyclist -1 -1 -5.4077 282.5317 173.3952 350.2344 248.9800 1.5329 0.4987 1.4681 -6.2474 1.5445 15.2079 -5.7919 0.0176
Car -1 -1 -4.2360 498.7775 177.4129 562.4191 209.9980 1.5929 1.6081 4.1707 -4.1620 1.8476 38.1313 -4.3444 0.0173
Pedestrian -1 -1 -7.6676 286.0818 170.0280 319.3183 245.6904 1.5484 0.5279 0.6558 -6.4933 1.4903 15.1422 -8.0668 0.0151
Cyclist -1 -1 -4.6272 305.8380 171.9888 334.0657 246.6929 1.5318 0.4325 1.5395 -6.3058 1.5138 15.5946 -5.0060 0.0145
Car -1 -1 -5.1971 538.4523 177.2307 579.2148 197.0782 1.5052 1.5785 3.9774 -4.1585 1.8681 57.7562 -5.2691 0.0131
Cyclist -1 -1 -5.5364 278.7644 171.9598 350.2796 249.7144 1.5990 0.5425 1.4174 -6.3355 1.5803 15.3423 -5.9224 0.0129
Car -1 -1 -4.5065 653.6522 174.5718 677.2438 190.0524 1.4654 1.5313 3.9945 5.4581 1.6390 70.9075 -4.4303 0.0122
Car -1 -1 -4.4487 656.0104 173.9437 682.1995 189.5075 1.4754 1.5530 4.1025 5.8190 1.5855 70.8981 -4.3675 0.0120
Car -1 -1 -4.3949 569.0932 174.9381 595.8508 190.6400 1.4614 1.4709 3.8069 -2.6496 1.6684 69.7261 -4.4330 0.0118
Cyclist -1 -1 -4.7145 290.4183 169.2197 317.0237 248.5030 1.5882 0.4940 1.5570 -6.5312 1.5151 15.2667 -5.1129 0.0114
Car -1 -1 -4.5393 567.6931 174.7087 589.6749 190.7229 1.4916 1.4732 3.9087 -3.0171 1.6757 69.7103 -4.5828 0.0109
Cyclist -1 -1 -4.9976 284.5252 170.2763 332.1697 246.1120 1.5359 0.5097 1.6035 -6.5052 1.4834 15.3973 -5.3916 0.0107
Car -1 -1 -4.3218 620.5311 174.9304 653.0245 192.6912 1.6251 1.6335 4.1696 2.5675 1.8292 68.7790 -4.2850 0.0106
Car -1 -1 -4.8166 651.8787 174.6876 671.5478 190.1373 1.4644 1.5071 4.0613 5.0378 1.6496 70.9341 -4.7463 0.0106
Car -1 -1 -4.8524 636.6350 177.1162 670.4830 202.6370 1.5365 1.5803 4.2458 2.7162 1.8229 46.3509 -4.7947 0.0089
Cyclist -1 -1 -5.2645 276.7840 167.4785 341.4045 245.3821 1.5860 0.5271 1.5693 -6.4706 1.4763 15.3628 -5.6575 0.0084
Car -1 -1 -4.8707 545.1307 179.0159 577.3058 199.8599 1.5001 1.6680 5.4043 -3.8965 2.0057 56.4174 -4.9398 0.0082
Car -1 -1 -4.3515 572.7286 174.3850 601.3214 190.7358 1.5248 1.5238 3.7880 -2.2086 1.6768 69.7093 -4.3834 0.0078
Car -1 -1 -4.4828 620.4553 175.0790 646.4180 192.8109 1.6247 1.5982 4.0511 2.2466 1.8433 68.8169 -4.4507 0.0077
Car -1 -1 -4.6889 621.6525 175.4480 639.0547 192.9251 1.6035 1.5704 3.9928 1.9452 1.8580 68.8371 -4.6612 0.0073
Car -1 -1 -4.3734 570.6343 174.3704 600.0635 190.4827 1.5028 1.5996 4.0345 -2.3722 1.6539 69.8690 -4.4076 0.0072
Car -1 -1 -4.4897 569.6306 174.0752 595.1848 190.3434 1.5194 1.6126 4.0860 -2.6585 1.6410 69.8705 -4.5280 0.0067
Car -1 -1 -4.2880 611.8973 175.6744 663.1843 203.2356 1.6644 1.6994 4.2346 1.7877 1.8540 46.3114 -4.2502 0.0066
Car -1 -1 -4.1437 622.2390 174.9556 659.2463 192.4583 1.6009 1.5919 4.0428 2.9340 1.8066 68.6144 -4.1015 0.0066
Car -1 -1 -4.6997 566.6608 174.2349 583.5331 190.8220 1.5477 1.5801 4.0570 -3.3683 1.6848 69.7234 -4.7481 0.0060
Cyclist -1 -1 -7.8393 302.9250 170.4793 323.1477 243.5530 1.5334 0.3847 1.8072 -6.6464 1.4833 16.0528 -8.2265 0.0052
Car -1 -1 -4.6512 632.1658 176.2629 660.4794 203.3257 1.6311 1.5686 4.0316 2.3245 1.8585 46.1040 -4.6017 0.0050
Car -1 -1 -4.8893 563.7740 175.5819 585.1863 191.0882 1.4355 1.4620 3.4699 -3.4541 1.7042 69.3033 -4.9393 0.0050
Car -1 -1 -4.8877 559.6937 174.2658 583.3446 190.7920 1.5337 1.5575 4.2323 -3.7615 1.6739 69.5817 -4.9419 0.0044
Cyclist -1 -1 -5.4499 264.3239 164.5420 345.5957 244.6482 1.6191 0.5924 1.6978 -6.4883 1.4508 15.2103 -5.8472 0.0041
Car -1 -1 -4.7348 556.4368 178.7661 577.5756 199.2285 1.4888 1.5341 3.9374 -3.3745 1.9614 55.6928 -4.7955 0.0039
Car -1 -1 -4.2046 567.0137 175.4861 599.1207 191.6973 1.5019 1.4504 3.7530 -2.5839 1.7624 69.4977 -4.2420 0.0032
Cyclist -1 -1 -8.0230 276.4490 169.1780 314.1358 242.9153 1.5351 0.4772 1.7408 -6.9945 1.4582 15.8803 -8.4321 0.0032
Car -1 -1 -4.1819 571.3065 175.3489 603.9719 191.3965 1.4857 1.5084 3.6355 -2.1415 1.7320 69.3645 -4.2130 0.0030
Car -1 -1 -5.1377 636.5202 177.6099 686.0278 202.7993 1.5124 1.5474 4.2595 3.2075 1.8332 46.4442 -5.0697 0.0019
Car -1 -1 -4.1968 496.4109 176.7673 564.4846 210.1082 1.6113 1.6545 4.2443 -4.1171 1.8277 37.6806 -4.3054 0.0013
Pedestrian -1 -1 -3.0203 652.9551 162.4668 675.8725 231.5953 2.3597 0.6969 0.7164 1.8458 2.0048 25.0403 -2.9484 0.0011
