Car -1 -1 -4.4728 421.7126 170.0803 476.8063 208.4808 2.0665 1.9720 4.8656 -9.1418 1.9169 41.2830 -4.6898 0.9725
Car -1 -1 -3.9265 0.0000 189.6918 59.5184 374.0000 1.6105 1.6174 4.1375 -8.4998 1.8447 7.9678 -4.7274 0.9177
Car -1 -1 -7.9758 582.7492 174.4925 614.5935 199.8109 1.6189 1.6277 4.2909 -0.8409 1.7341 48.6627 -7.9935 0.8414
Car -1 -1 -7.9991 580.9163 174.7121 614.0203 199.5439 1.5864 1.6411 4.1156 -0.9198 1.7168 48.5845 -8.0184 0.8026
Car -1 -1 -3.7676 0.0000 190.2535 59.0085 374.0000 1.6309 1.6324 4.0267 -8.7056 1.8749 8.0269 -4.5769 0.7981
Car -1 -1 -4.0385 0.0000 184.3681 52.5540 374.0000 1.6344 1.6414 4.3472 -8.3570 1.7945 7.7926 -4.8417 0.7404
Car -1 -1 -3.9945 0.0000 195.0927 64.5847 374.0000 1.5161 1.6077 4.0562 -8.3740 1.8281 8.0526 -4.7829 0.7216
Car -1 -1 -8.0742 576.0651 174.9060 613.9877 199.7946 1.5848 1.6407 4.3192 -1.0913 1.7293 48.6169 -8.0970 0.6376
Car -1 -1 -4.4425 423.6407 171.5597 478.9644 207.9348 1.9548 1.9111 4.6244 -8.9986 1.8850 41.1380 -4.6569 0.6087
Car -1 -1 -3.8397 0.0000 196.9971 64.1624 373.3005 1.5034 1.6211 3.4405 -8.6363 1.8450 8.4291 -4.6214 0.5778
Car -1 -1 -8.0241 580.1169 174.6811 614.0602 199.6464 1.5898 1.6452 3.7797 -0.9362 1.7168 48.2533 -8.0438 0.5767
Car -1 -1 -4.1286 0.0000 188.3636 49.1475 374.0000 1.5865 1.5655 4.0772 -8.1891 1.8014 7.8567 -4.9177 0.5348
Car -1 -1 -7.8390 588.7241 175.0014 614.3585 199.9695 1.5932 1.6467 3.5506 -0.5724 1.7414 48.1233 -7.8512 0.4891
Car -1 -1 -4.2628 0.0000 182.7993 38.1164 374.0000 1.5981 1.6736 4.3029 -8.0452 1.7355 7.6858 -5.0536 0.4571
Car -1 -1 -7.8994 589.7332 174.8972 615.5699 199.4454 1.5721 1.5538 3.8754 -0.5605 1.7148 48.5180 -7.9114 0.4520
Car -1 -1 -8.0828 575.8854 174.9340 612.6127 199.7756 1.5805 1.6225 3.8353 -1.1294 1.7254 48.3101 -8.1065 0.3899
Car -1 -1 -7.7935 432.0016 180.9033 475.3817 215.7523 1.4787 1.7330 4.2026 -7.3068 1.8806 33.8439 -8.0050 0.3102
Car -1 -1 -2.3855 563.1998 175.0872 621.3918 199.5910 1.5633 1.6026 3.8315 -1.2440 1.7181 48.2481 -2.4116 0.2960
Car -1 -1 -3.5162 0.0000 191.9121 58.0578 374.0000 1.6108 1.6911 4.0063 -8.9706 1.8821 8.1106 -4.3354 0.2761
Car -1 -1 -4.5714 491.1949 176.9202 512.6715 192.4746 1.4684 1.5822 3.7247 -10.6189 1.8785 70.9601 -4.7197 0.2724
Car -1 -1 -4.7643 488.9396 176.8947 507.1425 192.5761 1.4741 1.5689 3.7980 -11.0399 1.8821 70.8886 -4.9186 0.2204
Car -1 -1 -7.3131 0.0000 184.1814 0.0000 374.0000 1.5483 1.6830 4.2769 -8.1921 1.6936 6.9857 -8.1588 0.1775
Car -1 -1 -7.6851 427.6359 181.4672 475.5759 215.2666 1.4398 1.5939 3.5547 -7.3292 1.8607 33.4711 -7.8995 0.1364
Car -1 -1 -4.3666 491.8990 176.8138 520.0912 192.3816 1.4656 1.5730 3.7285 -10.2090 1.8654 70.9208 -4.5094 0.1226
Car -1 -1 -7.7843 428.0176 180.9852 470.0958 215.7935 1.4792 1.6499 3.7315 -7.4673 1.8791 33.5476 -8.0021 0.1167
Car -1 -1 -7.7127 432.0724 180.4072 479.1500 214.9402 1.4780 1.6369 3.6958 -7.1717 1.8495 33.6119 -7.9218 0.1166
Car -1 -1 -4.7607 492.0049 178.5954 510.4186 193.7044 1.3953 1.5837 3.8878 -10.6350 1.9705 70.2606 -4.9107 0.1165
Car -1 -1 -7.6387 308.0738 179.8318 402.9630 242.0960 1.5667 1.6893 4.2688 -7.2643 1.7896 20.8701 -7.9702 0.0945
Car -1 -1 -4.5080 423.2149 181.5812 475.6712 216.8070 1.4673 1.6002 3.7537 -7.2893 1.8875 32.8769 -4.7250 0.0921
Car -1 -1 -7.1461 0.0000 187.5122 0.0000 374.0000 1.5429 1.7450 4.1435 -8.5248 1.7281 6.9501 -8.0138 0.0887
Car -1 -1 -4.4402 445.4057 180.4704 494.4583 210.9506 1.4811 1.5387 3.9343 -7.3696 1.9043 38.0952 -4.6305 0.0823
Car -1 -1 -4.4794 491.7827 177.6226 517.4135 193.1393 1.4399 1.6152 3.8838 -10.2403 1.9168 70.1950 -4.6241 0.0815
Pedestrian -1 -1 -3.2396 1186.4753 145.6369 1241.0000 287.3004 1.5952 0.5227 0.4634 7.0378 1.2884 8.4702 -2.5636 0.0756
Car -1 -1 -7.5908 308.6324 180.3993 413.1915 241.5452 1.5247 1.7467 4.3397 -7.0549 1.7647 20.7585 -7.9150 0.0745
Car -1 -1 -8.1363 677.6352 167.9211 710.3967 190.2739 1.9268 1.7795 4.2668 7.4372 1.5013 64.4483 -8.0222 0.0700
Car -1 -1 -6.4891 575.9556 173.6665 641.2399 199.2020 1.6435 1.8679 4.0310 -0.1483 1.6986 47.8558 -6.4926 0.0538
Car -1 -1 -2.8199 568.6177 174.2969 628.6262 198.9331 1.5864 1.7235 3.6329 -0.7781 1.6848 47.9899 -2.8365 0.0528
Pedestrian -1 -1 -3.0878 1194.2152 145.3878 1241.0000 288.5637 1.5783 0.5465 0.4916 7.0160 1.2752 8.3214 -2.4049 0.0528
Car -1 -1 -7.7003 431.2732 181.0128 477.4017 215.2498 1.4606 1.5618 3.5630 -7.2052 1.8595 33.4746 -7.9112 0.0517
Car -1 -1 -4.5148 449.4478 178.8500 491.5719 209.9503 1.5484 1.5009 3.7417 -7.4319 1.8839 38.5243 -4.7045 0.0371
Car -1 -1 -4.9409 481.4998 177.0960 506.9332 193.1016 1.4983 1.6073 3.9551 -11.4087 1.9269 70.8108 -5.1004 0.0350
Car -1 -1 -4.9508 463.8996 180.7984 505.7604 209.8674 1.4216 1.3950 3.4793 -6.7011 1.8624 38.1841 -5.1238 0.0318
Car -1 -1 -4.4864 442.5964 178.8751 490.5310 210.3876 1.5539 1.6613 3.9031 -7.5909 1.8898 38.3115 -4.6812 0.0297
Car -1 -1 -6.3910 582.1232 174.9368 639.3416 199.3255 1.5642 1.5207 3.6130 -0.0073 1.7035 47.3908 -6.3916 0.0273
Car -1 -1 -6.4931 580.8422 174.7728 642.5912 200.0455 1.6185 1.6451 3.8120 0.0626 1.7480 47.5919 -6.4923 0.0245
Car -1 -1 -7.7678 432.6842 181.2254 478.2950 215.0692 1.4651 1.7700 4.2769 -7.3734 1.8918 34.5699 -7.9768 0.0237
Car -1 -1 -5.0874 471.2671 177.5778 503.9240 193.8329 1.5135 1.6964 4.3060 -12.0596 1.9916 70.7889 -5.2558 0.0237
Pedestrian -1 -1 -3.4053 1154.8956 149.7797 1224.9858 285.3206 1.5392 0.5072 0.5236 6.7813 1.2769 8.5280 -2.7505 0.0234
Car -1 -1 -4.5435 455.9649 179.9400 493.4155 209.4016 1.4675 1.4057 3.4352 -7.2139 1.8623 38.5008 -4.7279 0.0188
Car -1 -1 -4.1995 492.5303 176.5323 525.9067 192.4590 1.4983 1.6088 3.7612 -9.8839 1.8697 70.8691 -4.3379 0.0177
Car -1 -1 -4.3187 423.1649 179.1048 461.5575 196.8420 1.3598 1.6151 4.0764 -13.6771 1.8889 58.9700 -4.5459 0.0147
Car -1 -1 -4.5881 417.7129 178.0939 446.9171 197.6149 1.4145 1.6728 4.2479 -13.6935 1.8345 55.6731 -4.8285 0.0140
Car -1 -1 -5.0760 474.8510 177.0746 505.7889 193.2573 1.5134 1.6190 4.1620 -11.7978 1.9403 70.8341 -5.2407 0.0138
Car -1 -1 -2.8170 473.8652 178.2845 514.2928 192.4926 1.3506 1.4276 3.6267 -11.3113 1.8874 70.3573 -2.9761 0.0136
Car -1 -1 -5.3826 670.0064 168.6633 714.6118 190.1637 1.8691 1.9424 3.9611 7.3470 1.5044 64.9183 -5.2707 0.0110
Car -1 -1 -4.6979 421.0538 178.2701 445.4810 198.5618 1.4300 1.7193 4.3469 -13.3154 1.8554 54.3932 -4.9371 0.0104
Car -1 -1 -4.6837 418.3530 178.5411 443.6339 198.5650 1.3904 1.7007 4.3676 -13.3184 1.8318 53.7289 -4.9258 0.0099
Car -1 -1 -4.5927 420.1419 177.7644 450.0241 198.2341 1.4726 1.7278 4.2080 -13.3528 1.8626 55.1502 -4.8294 0.0097
Car -1 -1 -7.6956 480.5101 178.3858 518.8988 208.2134 1.4879 1.4847 3.5088 -5.8628 1.7955 38.4050 -7.8465 0.0087
Car -1 -1 -6.4873 585.5363 174.3822 649.0249 199.2432 1.5950 1.5519 3.9520 0.4304 1.6979 47.5766 -6.4787 0.0073
Car -1 -1 -4.6587 425.2441 177.6615 449.6888 197.1161 1.4596 1.6695 4.1751 -13.7216 1.8566 57.4266 -4.8925 0.0070
Car -1 -1 -4.5710 404.4691 177.1572 437.9761 199.8634 1.5059 1.6921 4.3369 -13.3104 1.8229 50.9555 -4.8255 0.0070
Car -1 -1 -4.6479 421.9790 177.7132 447.3279 197.1467 1.4337 1.6632 4.1663 -13.7253 1.8288 56.5234 -4.8853 0.0064
Car -1 -1 -4.5887 324.2899 178.9080 353.0334 198.6882 1.5162 1.6841 4.2436 -22.1499 2.0295 58.9507 -4.9469 0.0062
Car -1 -1 -4.5418 326.8135 179.8679 357.5040 199.3512 1.5087 1.6763 4.2871 -22.1618 2.1113 59.7619 -4.8958 0.0059
Car -1 -1 -4.4598 438.3841 180.6773 482.7238 205.8126 1.4605 1.7147 4.2962 -9.3890 1.9771 45.4769 -4.6627 0.0056
Car -1 -1 -6.4507 586.2753 174.3564 646.3835 199.7941 1.6295 1.5034 3.7472 0.3640 1.7301 47.3859 -6.4435 0.0055
Car -1 -1 -4.6522 478.6390 180.2964 509.1586 208.7579 1.4146 1.4176 3.0707 -6.1670 1.8258 38.2954 -4.8113 0.0053
Pedestrian -1 -1 -3.5635 980.5435 142.3314 1001.4750 203.5662 2.0229 0.5526 0.4274 12.6870 1.0143 24.1237 -3.0846 0.0051
Car -1 -1 -4.1604 88.6783 179.9081 251.2911 255.9168 1.7999 1.7497 4.3103 -11.7974 2.0130 19.6586 -4.6953 0.0050
Car -1 -1 -4.6576 67.5048 186.9552 101.0088 211.7335 1.5560 1.6388 4.3097 -36.5076 2.5795 50.1321 -5.2846 0.0048
Car -1 -1 -5.2079 671.3201 168.1943 709.4982 189.6507 1.8699 1.8617 3.7275 7.1803 1.4635 64.9592 -5.0987 0.0047
Car -1 -1 -4.9253 457.0806 178.1278 496.5952 201.1530 1.3712 1.6216 4.2707 -8.6234 1.7259 46.2963 -5.1088 0.0044
Car -1 -1 -4.5412 420.8680 178.3277 452.4500 198.5814 1.4354 1.6423 4.0688 -13.0391 1.8632 54.3447 -4.7759 0.0042
Car -1 -1 -6.5981 582.5398 173.2054 651.8658 198.9263 1.6492 1.6587 4.2831 0.4366 1.6729 47.7408 -6.5895 0.0038
Car -1 -1 -4.4240 423.1687 178.2684 458.4308 197.6788 1.4120 1.5991 3.9071 -13.0201 1.8439 55.6009 -4.6533 0.0033
Car -1 -1 -4.5029 30.0463 186.3956 71.7201 208.1645 1.4771 1.6658 3.9296 -41.6134 2.5255 53.7434 -5.1595 0.0030
Car -1 -1 -2.7552 459.8798 178.1748 508.0165 193.8225 1.4696 1.6505 4.2871 -12.2162 1.9939 69.8830 -2.9280 0.0030
Pedestrian -1 -1 -3.7709 961.5689 160.9635 1004.9075 238.9889 1.4567 0.5376 0.5156 7.0669 1.2344 13.7785 -3.3061 0.0029
Car -1 -1 -7.0532 1241.0000 125.7358 1241.0000 374.0000 1.4639 1.6273 3.9628 7.1133 1.2167 4.9154 -6.1147 0.0029
Pedestrian -1 -1 -3.9054 983.4191 140.6513 1004.1177 199.2202 1.9161 0.5227 0.3360 12.6628 0.8623 23.9027 -3.4235 0.0029
Car -1 -1 -7.1301 1241.0000 122.2795 1241.0000 374.0000 1.5016 1.6381 4.0216 6.8022 1.2573 4.5126 -6.1747 0.0028
Car -1 -1 -4.2171 519.1714 173.1244 551.8369 189.0644 1.5244 1.6564 3.6714 -7.3269 1.5515 71.0865 -4.3197 0.0027
Car -1 -1 -6.9888 1235.4958 129.8676 1241.0000 374.0000 1.4540 1.6097 3.9374 7.3626 1.2074 5.3343 -6.0708 0.0026
Car -1 -1 -7.8914 960.3754 150.2890 1008.5173 192.7842 1.7853 1.7526 3.7347 16.6901 0.8370 32.3751 -7.4193 0.0024
Car -1 -1 -7.5598 924.6086 150.5329 997.4806 197.1423 1.9486 1.7647 4.3620 15.7561 1.0151 32.3676 -7.1105 0.0023
Car -1 -1 -4.5406 64.7543 189.1758 105.9753 213.3778 1.5007 1.6299 4.0299 -36.2045 2.6768 49.8341 -5.1666 0.0022
Car -1 -1 -7.5295 936.3068 153.4730 1004.1030 195.5072 1.7753 1.6307 3.7284 16.1525 0.9565 32.3704 -7.0705 0.0020
Car -1 -1 -4.3927 294.0298 178.0625 330.3596 197.1638 1.4853 1.6203 3.8585 -24.3968 1.9264 59.1676 -4.7825 0.0019
Car -1 -1 -4.6125 295.4215 177.7231 323.2917 197.8119 1.5374 1.6814 4.1014 -24.3567 1.9467 58.4944 -5.0057 0.0019
Car -1 -1 -2.7180 459.6194 178.2593 509.9906 193.4501 1.4299 1.6752 4.5475 -12.2044 1.9664 70.2758 -2.8896 0.0019
Cyclist -1 -1 -8.3403 760.7783 161.6403 793.1549 203.7554 1.7302 0.5914 1.7255 7.0096 1.2692 30.5529 -8.1173 0.0017
Pedestrian -1 -1 -3.4294 786.7069 156.1956 799.1262 184.9930 1.9139 0.7936 0.6047 12.2243 0.8065 48.3621 -3.1835 0.0017
Car -1 -1 -4.1132 519.3040 171.7939 558.0361 189.5061 1.6864 1.7988 4.0855 -6.9935 1.5851 70.9209 -4.2114 0.0017
Car -1 -1 -7.9052 953.4305 155.5890 997.8032 192.4056 1.5697 1.5952 3.4219 16.4444 0.8333 32.6506 -7.4424 0.0016
Car -1 -1 -7.7530 940.3560 155.3087 988.5589 192.0518 1.5693 1.6156 3.7254 16.1224 0.8196 32.8258 -7.3001 0.0012
Cyclist -1 -1 -3.0900 757.8158 161.7413 797.5414 204.1953 1.7717 0.6927 1.6134 7.0860 1.3077 30.6652 -2.8654 0.0009
Car -1 -1 -3.2283 489.1319 175.7358 537.3889 192.3109 1.5721 1.6719 4.5248 -9.4420 1.8574 70.1993 -3.3618 0.0008
Car -1 -1 -4.4525 67.0009 188.9864 112.9902 214.2525 1.5840 1.6287 3.9213 -36.0475 2.7506 50.0681 -5.0742 0.0007
Pedestrian -1 -1 -6.5298 975.6757 142.5363 1009.9134 225.8317 1.7794 0.7207 0.4955 8.3313 1.1314 15.8210 -6.0530 0.0006
