Car -1 -1 -4.6428 446.6580 171.2422 479.3280 199.7845 1.6882 1.7103 3.8961 -8.7695 1.1407 43.8592 -4.8370 0.9617
Pedestrian -1 -1 -7.4371 3.5682 178.0506 44.9658 245.2488 1.8891 0.5450 1.0419 -16.8184 1.8206 20.4506 -8.1161 0.9570
Car -1 -1 -7.1377 0.0000 201.1545 303.0448 369.0000 1.4618 1.5072 3.7821 -3.1428 1.6195 3.4722 -7.8275 0.9410
Car -1 -1 -7.1286 0.0000 195.3598 304.5310 369.0000 1.4924 1.6139 4.0334 -3.1662 1.6057 3.3417 -7.8393 0.8474
Car -1 -1 -4.7158 447.6431 172.0704 476.5204 199.7198 1.6381 1.6840 4.1949 -8.9241 1.1388 44.1120 -4.9123 0.8337
Car -1 -1 -4.6468 446.0446 171.5038 478.3008 199.3659 1.6433 1.6958 3.8673 -8.7953 1.1128 43.7298 -4.8421 0.8225
Pedestrian -1 -1 -4.3751 0.0000 177.9291 26.6949 234.6027 1.8144 0.5739 0.7609 -19.4321 1.7324 23.0922 -5.0662 0.8178
Car -1 -1 -4.6124 446.6784 171.7555 481.7405 199.5682 1.6448 1.7232 4.1300 -8.7063 1.1278 43.9507 -4.8049 0.7893
Pedestrian -1 -1 -4.3532 0.0000 178.1506 28.8607 234.3713 1.8058 0.5944 0.7518 -19.4350 1.7306 23.1620 -5.0430 0.7847
Pedestrian -1 -1 -7.4609 0.0000 177.3503 29.9200 235.2977 1.8497 0.6192 0.8106 -19.3460 1.7494 23.0472 -8.1508 0.7480
Pedestrian -1 -1 -7.4805 1.8305 177.9702 44.3689 245.2312 1.8884 0.5808 1.1077 -16.8633 1.8177 20.4663 -8.1604 0.7460
Car -1 -1 -4.6553 445.8383 171.7212 477.6952 199.6737 1.6515 1.7069 3.8700 -8.8367 1.1329 43.8089 -4.8512 0.7247
Pedestrian -1 -1 -6.1083 605.1091 163.5942 667.0616 273.5733 1.6653 0.5405 0.8898 0.4435 1.4097 11.0655 -6.0676 0.6671
Pedestrian -1 -1 -2.9163 603.6601 166.2149 662.1168 275.6587 1.6580 0.4860 0.8267 0.3909 1.4420 11.0530 -2.8801 0.6633
Car -1 -1 -7.2335 0.0000 203.5187 297.8593 369.0000 1.4460 1.4279 3.5726 -3.0326 1.6214 3.5599 -7.8948 0.6087
Car -1 -1 -3.9772 0.0000 201.3646 306.6145 369.0000 1.4498 1.6435 4.3353 -3.1351 1.6076 3.1594 -4.7083 0.5912
Pedestrian -1 -1 -5.0792 881.0186 153.3421 901.3980 193.8811 1.8922 0.5960 0.9352 13.5221 0.6248 33.4743 -4.6968 0.5491
Car -1 -1 -7.9543 636.8419 167.1837 656.7631 183.1932 1.5253 1.5789 3.7773 4.0953 0.2565 69.2823 -7.8937 0.5105
Pedestrian -1 -1 -4.7011 637.8922 164.1486 672.1369 273.7682 1.7215 0.5374 0.9762 0.7741 1.4651 11.6110 -4.6346 0.4926
Car -1 -1 -4.6586 443.7360 172.2707 475.7937 199.8105 1.6137 1.7173 3.8063 -8.8849 1.1316 43.4358 -4.8572 0.4554
Cyclist -1 -1 -5.2048 876.1907 154.2177 907.8480 194.5863 1.8573 0.5570 1.8892 13.5574 0.6483 33.5000 -4.8218 0.4437
Car -1 -1 -4.5459 446.3575 171.5212 485.3521 199.3896 1.6387 1.7241 3.8997 -8.5233 1.1108 43.5446 -4.7360 0.4307
Cyclist -1 -1 -8.0198 992.9860 152.6888 1022.5276 222.5350 1.7205 0.3762 1.6804 10.3487 1.0357 18.2707 -7.5102 0.4207
Pedestrian -1 -1 -7.3899 628.4263 162.5189 683.0152 274.6049 1.7347 0.5189 0.9451 0.7845 1.4568 11.4814 -7.3218 0.4171
Car -1 -1 -4.3491 445.9581 172.3003 495.1663 199.5352 1.6103 1.7410 3.8348 -8.2848 1.1256 43.8482 -4.5328 0.4024
Cyclist -1 -1 -8.0342 997.4289 152.0668 1031.9182 224.5706 1.7390 0.4345 1.7286 10.2774 1.0574 17.8466 -7.5176 0.3988
Car -1 -1 -7.9832 636.7092 167.0586 656.9739 182.6810 1.4850 1.5495 3.3900 4.0819 0.2072 68.9535 -7.9225 0.3671
Pedestrian -1 -1 -5.2100 878.7045 153.1822 900.0214 193.8475 1.9075 0.5627 0.9322 13.5110 0.6263 33.6625 -4.8298 0.3487
Pedestrian -1 -1 -5.0864 882.8629 154.0621 903.8138 193.7312 1.8493 0.6148 0.9375 13.6062 0.6170 33.4338 -4.7014 0.3308
Pedestrian -1 -1 -6.3125 615.6836 160.2285 676.1858 270.6921 1.7272 0.5686 0.9459 0.5966 1.4106 11.3510 -6.2596 0.3292
Pedestrian -1 -1 -6.9311 981.1497 152.0121 1024.3710 220.9031 1.7631 0.7075 0.6981 10.3548 1.0343 18.4951 -6.4263 0.3208
Cyclist -1 -1 -5.1487 879.1982 154.5575 908.1490 194.9852 1.8590 0.5413 1.8249 13.6124 0.6663 33.4380 -4.7636 0.3182
Cyclist -1 -1 -7.9682 997.7784 153.7260 1021.4229 222.3398 1.7091 0.3332 1.6640 10.4992 1.0425 18.4431 -7.4563 0.3105
Car -1 -1 -7.9700 634.5204 167.3875 655.4720 184.0458 1.5865 1.6011 3.9995 3.9213 0.3376 69.3823 -7.9120 0.3100
Pedestrian -1 -1 -6.4297 618.7198 162.4811 681.8198 269.8462 1.7086 0.5591 0.9566 0.6807 1.4222 11.5721 -6.3707 0.3078
Cyclist -1 -1 -8.0000 998.6804 153.0283 1026.7216 222.4835 1.7133 0.3694 1.7052 10.4960 1.0360 18.3031 -7.4851 0.2986
Car -1 -1 -7.9014 639.0555 167.3594 657.1308 183.8645 1.5740 1.5863 3.9560 4.2309 0.3207 69.4171 -7.8390 0.2496
Pedestrian -1 -1 -7.4694 789.2543 162.2670 805.9317 195.0125 1.7217 0.6342 0.7187 10.2415 0.7632 37.6527 -7.2042 0.2404
Pedestrian -1 -1 -7.2575 991.9922 150.5453 1035.2573 221.7565 1.7925 0.6716 0.7358 10.5083 1.0388 18.2610 -6.7411 0.2319
Pedestrian -1 -1 -6.8066 988.5159 150.6982 1029.4467 221.3393 1.7878 0.6701 0.6683 10.3672 1.0339 18.2332 -6.2953 0.2317
Cyclist -1 -1 -7.9736 994.6182 152.4346 1022.1443 220.6889 1.7104 0.4084 1.7456 10.5552 1.0074 18.6024 -7.4630 0.2227
Pedestrian -1 -1 -6.1311 603.8851 164.2321 662.1819 273.4772 1.6872 0.5019 0.8621 0.4027 1.4363 11.2472 -6.0946 0.2183
Pedestrian -1 -1 -7.5740 787.9459 161.7655 804.7554 194.3542 1.7196 0.6968 0.7180 10.2145 0.7312 37.7953 -7.3104 0.1851
Pedestrian -1 -1 -5.0101 883.5637 153.8662 902.3975 194.3748 1.8778 0.5708 0.9276 13.5196 0.6433 33.2621 -4.6256 0.1713
Car -1 -1 -7.3737 440.3331 172.7728 492.8405 198.3488 1.5506 1.6540 3.9036 -8.7497 1.0822 44.9729 -7.5628 0.1509
Car -1 -1 -8.0467 632.4449 167.3235 655.3958 183.0708 1.4969 1.5786 3.6065 3.8018 0.2442 69.1053 -7.9903 0.1490
Cyclist -1 -1 -8.0480 989.0139 153.5082 1018.7034 221.0595 1.6864 0.3534 1.6343 10.3684 1.0129 18.4830 -7.5424 0.1332
Cyclist -1 -1 -8.0623 1006.0813 153.5731 1041.4082 222.9199 1.6744 0.4192 1.6709 10.5568 1.0246 17.9313 -7.5362 0.1016
Cyclist -1 -1 -5.1507 882.7592 156.7823 912.6012 195.3201 1.7573 0.5397 1.8841 13.6995 0.6760 33.1943 -4.7609 0.0924
Pedestrian -1 -1 -4.9208 888.3974 154.6013 904.9540 194.0919 1.8287 0.5473 0.8737 13.6773 0.6296 33.2210 -4.5319 0.0585
Car -1 -1 -8.1629 627.8536 167.3353 655.2127 183.6010 1.5436 1.5992 3.7766 3.5654 0.2941 69.1266 -8.1098 0.0505
Pedestrian -1 -1 -3.9753 36.8531 190.5039 64.8900 243.9706 1.5068 0.4554 0.4391 -15.9065 1.7970 20.2523 -4.6319 0.0293
Car -1 -1 -3.8945 0.0000 185.6660 10.8094 216.9068 1.4160 1.6154 4.2538 -32.0955 1.6875 34.9541 -4.6311 0.0191
Car -1 -1 -4.0862 0.0000 185.5694 11.0457 217.2706 1.4361 1.6050 4.2058 -31.7381 1.7020 34.8999 -4.8180 0.0182
Car -1 -1 -6.6148 633.8827 166.4887 678.5038 182.5289 1.5299 1.6165 4.0185 4.9924 0.1934 68.7299 -6.5408 0.0124
Pedestrian -1 -1 -5.3762 872.4308 151.9771 893.7050 194.2874 1.9747 0.5655 0.7956 13.1337 0.6436 33.4608 -5.0036 0.0123
Cyclist -1 -1 -7.2874 983.8766 151.7661 1041.5359 222.3463 1.7632 0.4072 1.7812 10.4982 1.0457 18.2604 -6.7714 0.0109
Cyclist -1 -1 -8.6206 1130.8136 154.5486 1200.6963 218.1485 1.5534 0.4082 1.5801 14.2572 0.9199 18.0763 -7.9596 0.0101
Pedestrian -1 -1 -7.3747 20.3565 178.5321 60.9454 245.9924 1.9192 0.5905 0.8607 -16.4610 1.8635 20.5929 -8.0400 0.0088
Cyclist -1 -1 -7.7139 0.0000 182.9426 30.5255 250.4796 1.7742 0.4454 1.5853 -16.2432 1.8444 19.4246 -8.4008 0.0082
Pedestrian -1 -1 -7.0444 39.5134 182.3393 72.8978 244.7462 1.7777 0.5027 0.5767 -15.9317 1.8321 20.4842 -7.6964 0.0058
Car -1 -1 -6.5290 633.7805 167.1907 678.4073 182.9774 1.5043 1.4855 4.0701 4.9590 0.2359 68.4558 -6.4553 0.0051
Cyclist -1 -1 -7.3384 0.3114 183.8052 51.7994 250.8056 1.7561 0.3951 1.4998 -15.8802 1.8506 19.3800 -8.0152 0.0047
Car -1 -1 -4.6874 527.9465 169.8736 546.9083 186.0107 1.5780 1.7949 4.0090 -6.7492 0.5387 71.2002 -4.7797 0.0043
Pedestrian -1 -1 -4.6209 276.9265 177.1457 304.0932 249.9016 1.4677 0.4704 0.4362 -6.5098 1.4004 14.5447 -5.0318 0.0042
Car -1 -1 -7.6781 516.7510 172.9680 538.3901 187.1867 1.3989 1.5337 3.7693 -7.7737 0.6577 71.4979 -7.7842 0.0038
Pedestrian -1 -1 -2.9168 702.7226 161.7941 712.4675 179.2871 1.6727 0.5456 0.8274 9.9016 -0.1176 68.0699 -2.7712 0.0037
Cyclist -1 -1 -6.7957 37.9506 181.4660 110.0284 244.5735 1.7691 0.4356 1.6887 -15.5537 1.7988 20.7058 -7.4310 0.0033
Cyclist -1 -1 -8.2150 1043.4680 153.7105 1091.1660 216.4816 1.5389 0.4753 1.6068 11.8112 0.8825 18.1695 -7.6448 0.0031
Car -1 -1 -7.2302 1223.0000 128.8241 1223.0000 369.0000 1.4989 1.6591 4.0472 7.0283 1.1991 4.9803 -6.3042 0.0031
Car -1 -1 -4.7512 515.7839 172.7270 534.6744 188.8197 1.5677 1.7332 4.0568 -8.0093 0.8103 71.0127 -4.8613 0.0029
Cyclist -1 -1 -7.0744 14.5193 186.1149 82.9391 248.3286 1.6912 0.4491 1.7286 -15.9420 1.8595 20.2654 -7.7317 0.0029
Car -1 -1 -4.3233 517.0490 172.7581 547.5924 188.0269 1.4988 1.6653 4.0326 -7.2923 0.7387 71.5735 -4.4227 0.0027
Cyclist -1 -1 -7.7373 0.0000 177.4743 19.0894 250.3379 1.8841 0.5091 1.7380 -16.3609 1.8062 19.1490 -8.4346 0.0026
Cyclist -1 -1 -8.4600 1042.2631 154.0920 1112.9989 219.5490 1.5662 0.5624 1.7663 11.8188 0.9347 17.8085 -7.8805 0.0025
Cyclist -1 -1 -8.3279 1152.1343 155.2610 1207.8826 217.9979 1.5282 0.4267 1.5568 14.5887 0.9138 18.0286 -7.6545 0.0024
Pedestrian -1 -1 -4.4738 279.7496 170.5826 314.5909 248.5271 1.5708 0.5481 0.5192 -6.3730 1.3713 14.5499 -4.8768 0.0021
Cyclist -1 -1 -8.4725 1154.0704 154.7288 1222.9038 218.4779 1.5358 0.4999 1.5885 14.6432 0.9153 17.8421 -7.7924 0.0020
Cyclist -1 -1 -7.0502 34.6236 182.4559 99.4906 247.0947 1.8249 0.4488 1.6766 -15.8855 1.8854 20.8776 -7.6917 0.0016
Cyclist -1 -1 -7.3991 0.0000 181.4540 41.5662 250.2019 1.7711 0.4383 1.6480 -15.9559 1.7984 19.0915 -8.0854 0.0015
Pedestrian -1 -1 -3.1443 704.3290 161.7040 712.9962 179.5795 1.7111 0.5626 0.8219 10.0004 -0.0892 68.0550 -2.9973 0.0015
Cyclist -1 -1 -3.9875 24.2066 184.4084 89.7334 247.8171 1.7522 0.4708 1.7252 -15.9067 1.8708 20.5236 -4.6378 0.0015
Pedestrian -1 -1 -3.6499 804.2576 158.1631 820.3163 191.9509 1.7172 0.6482 0.5437 10.6252 0.5821 36.3118 -3.3658 0.0011
Cyclist -1 -1 -7.0856 9.8365 186.1601 74.3030 247.9562 1.6190 0.4133 1.5616 -15.5052 1.7816 19.4685 -7.7486 0.0010
Cyclist -1 -1 -4.2164 506.7302 159.9936 524.4291 183.8332 2.0201 0.6532 1.9692 -7.6837 0.2824 60.9482 -4.3394 0.0009
Car -1 -1 -8.2068 1012.9221 127.4960 1081.9849 175.8066 2.3684 1.6604 4.4012 23.2977 -0.2638 37.4370 -7.6521 0.0007
Pedestrian -1 -1 -3.2059 510.7998 157.9666 522.1888 183.4758 2.1857 0.8828 0.9230 -7.6366 0.2549 61.1013 -3.3278 0.0005
Cyclist -1 -1 -6.5997 504.4352 160.0037 528.7062 183.6498 2.0184 0.7060 1.9587 -7.6238 0.2688 61.0874 -6.7214 0.0004
Cyclist -1 -1 -8.7628 1116.1635 151.7884 1195.7892 225.9881 1.4869 0.4407 1.3221 11.5047 0.9119 14.8640 -8.1127 0.0004
Pedestrian -1 -1 -5.7259 506.0096 159.0910 518.8344 182.3214 1.9847 0.7699 0.8112 -7.9614 0.1555 60.9270 -5.8533 0.0004
Pedestrian -1 -1 -4.0802 0.0000 198.6885 17.7741 249.8703 1.3254 0.4767 0.3327 -15.8821 1.8093 18.6195 -4.7764 0.0003
Pedestrian -1 -1 -5.8927 507.7473 160.6813 518.1600 183.6152 1.9675 0.7036 0.6746 -7.9356 0.2672 61.0839 -6.0194 0.0003
Cyclist -1 -1 -6.4362 503.2862 160.0662 525.7002 184.1187 2.0584 0.7078 1.8358 -7.8082 0.3096 61.1023 -6.5608 0.0003
Pedestrian -1 -1 -6.2176 510.3012 160.7676 519.7612 181.9086 1.8103 0.7592 0.7598 -7.7378 0.1205 60.9448 -6.3414 0.0002
Cyclist -1 -1 -6.3679 504.0438 158.2372 526.7880 181.8796 2.0205 0.7388 1.8915 -7.7147 0.1178 60.9820 -6.4912 0.0002
Pedestrian -1 -1 -3.7047 0.0000 197.5919 25.5413 246.6978 1.2603 0.4733 0.3564 -15.6095 1.7152 18.5597 -4.3939 0.0002
Pedestrian -1 -1 -6.6688 539.1347 168.7853 556.0623 198.5262 1.7657 0.6332 0.8365 -3.4568 1.0703 42.4481 -6.7477 0.0002
Pedestrian -1 -1 -6.6141 539.0452 167.8194 555.5997 196.8403 1.7306 0.5907 0.8486 -3.4859 0.9745 42.6032 -6.6934 0.0001
Pedestrian -1 -1 -6.3122 562.2761 165.0569 573.4368 189.9610 1.5935 0.6000 0.7017 -2.4015 0.6054 45.5690 -6.3627 0.0001
Pedestrian -1 -1 -6.7578 561.4988 164.5540 575.1909 189.1801 1.5786 0.6424 0.6654 -2.3791 0.5565 45.7692 -6.8075 0.0000
