Car -1 -1 -4.0206 70.0323 195.7977 155.7718 227.1234 1.5175 1.6586 4.1606 -27.6473 2.8653 40.2474 -4.6197 0.9426
Car -1 -1 -4.0364 69.3727 195.7140 156.6285 227.0107 1.5123 1.6747 4.3173 -27.6840 2.8596 40.3200 -4.6352 0.7957
Car -1 -1 -7.8711 532.1863 174.4657 552.7804 193.6414 1.5936 1.6988 4.3567 -5.9116 1.7382 62.6043 -7.9652 0.7924
Car -1 -1 -7.8788 530.5699 174.6317 551.0136 193.5320 1.5690 1.6528 4.2592 -6.0500 1.7282 62.5274 -7.9752 0.7363
Car -1 -1 -7.8216 532.2611 174.5912 552.3749 193.3956 1.5645 1.6113 3.7015 -5.8395 1.7187 62.2774 -7.9150 0.6499
Car -1 -1 -4.0486 71.2389 195.4453 154.8985 226.7253 1.5148 1.6394 4.1038 -27.5238 2.8351 40.0774 -4.6475 0.6442
Car -1 -1 -4.0892 67.5760 195.6649 150.2985 226.7686 1.5112 1.7326 4.0451 -27.7622 2.8428 40.0892 -4.6920 0.6375
Car -1 -1 -7.7074 531.6118 174.5888 558.9370 193.9628 1.6095 1.6964 4.7328 -5.6120 1.7659 62.7836 -7.7965 0.6047
Car -1 -1 -3.9744 403.8396 180.9920 471.1625 208.7246 1.4207 1.5656 3.6890 -9.5730 1.8954 40.1259 -4.2075 0.5710
Car -1 -1 -7.8778 529.6815 174.4910 549.8710 193.4359 1.5729 1.6382 3.7971 -6.1060 1.7183 62.2335 -7.9756 0.4653
Car -1 -1 -7.7897 532.2051 174.7435 554.4986 193.9681 1.5961 1.6561 4.2090 -5.7596 1.7649 62.4496 -7.8816 0.4484
Car -1 -1 -3.9294 399.2010 180.6065 470.6303 208.9697 1.4519 1.5806 3.8838 -9.7152 1.9051 40.1365 -4.1657 0.4430
Car -1 -1 -4.1794 63.6044 196.6916 144.0945 227.5892 1.4770 1.7512 4.1993 -27.9649 2.8690 39.9829 -4.7869 0.3631
Car -1 -1 -7.8590 528.5250 174.7593 549.2514 193.9781 1.5946 1.7268 4.3224 -6.2007 1.7654 62.5498 -7.9578 0.3300
Car -1 -1 -4.6872 534.0919 176.2527 554.4904 193.7890 1.4695 1.6836 4.0743 -5.7639 1.7775 63.3592 -4.7778 0.3118
Cyclist -1 -1 -8.2087 716.7348 169.7053 730.3151 194.9798 1.6661 0.3611 1.6041 7.5735 1.4583 48.3872 -8.0548 0.0947
Pedestrian -1 -1 -7.7693 88.8654 186.5231 104.1880 216.1158 1.8052 0.7230 0.6601 -31.9922 2.6646 44.9140 -8.3856 0.0775
Pedestrian -1 -1 -4.8535 883.5254 153.6272 904.1705 211.1382 1.9721 0.5734 0.6942 9.8391 1.3125 25.1444 -4.4849 0.0758
Cyclist -1 -1 -8.2264 715.7392 169.4910 728.9913 194.7768 1.6790 0.3536 1.5137 7.5435 1.4554 48.6891 -8.0739 0.0524
Pedestrian -1 -1 -4.5851 880.5457 154.1375 901.6758 210.7941 1.9521 0.6059 0.7425 9.8247 1.3069 25.3305 -4.2194 0.0425
Pedestrian -1 -1 -7.7316 91.8325 186.7215 106.5777 215.6141 1.7720 0.6799 0.6302 -31.9663 2.6472 45.1123 -8.3455 0.0363
Cyclist -1 -1 -8.2307 719.2078 170.2733 733.8662 195.5440 1.6650 0.4277 1.5445 7.7678 1.4947 48.3410 -8.0727 0.0329
Pedestrian -1 -1 -6.8196 716.1843 168.8555 728.8920 194.8338 1.7273 0.6938 0.5664 7.5150 1.4612 48.4035 -6.6669 0.0271
Car -1 -1 -4.5414 898.3693 181.3250 943.8289 209.8501 1.5029 1.7140 4.3094 17.9594 2.0182 41.6408 -4.1373 0.0200
Car -1 -1 -7.6724 73.1652 182.0373 116.1632 209.8747 1.6608 1.6076 3.6503 -33.0830 2.2758 46.3563 -8.2897 0.0177
Car -1 -1 -4.8671 1016.2435 181.6833 1067.8981 219.5264 1.4793 1.4197 2.9575 18.2248 1.8735 30.6049 -4.3348 0.0174
Car -1 -1 -4.5990 904.1044 182.8035 944.9584 210.2913 1.4316 1.6957 4.2695 18.0935 2.0349 41.4984 -4.1910 0.0171
Car -1 -1 -4.8225 897.5363 182.3139 937.8032 210.6143 1.4806 1.6512 4.2650 17.6180 2.0550 41.5527 -4.4245 0.0159
Cyclist -1 -1 -8.2329 719.9861 169.2522 735.4030 196.6770 1.7965 0.4164 1.6874 7.8104 1.5603 48.1344 -8.0734 0.0155
Pedestrian -1 -1 -7.6790 85.9730 184.8118 103.3307 214.2476 1.8034 0.7761 0.6726 -32.2100 2.5576 45.0566 -8.2970 0.0151
Car -1 -1 -2.8933 15.6628 180.5074 106.8743 208.3616 1.6332 1.7409 4.2096 -34.0135 2.1254 44.8138 -3.5398 0.0128
Cyclist -1 -1 -3.5241 71.9841 184.2277 109.1791 214.6296 1.8230 0.6566 1.7599 -32.3230 2.5446 44.8727 -4.1457 0.0125
Car -1 -1 -4.6421 906.5580 179.5747 945.1257 210.1155 1.6212 1.7475 4.5101 18.2871 2.0323 41.7630 -4.2325 0.0121
Car -1 -1 -6.8554 901.0449 187.4471 976.3221 213.7172 1.3887 1.5825 3.5401 18.3159 2.2256 40.3495 -6.4326 0.0113
Car -1 -1 -5.2053 878.5382 181.9721 941.1094 210.1878 1.4858 1.5406 4.1161 17.1210 2.0367 41.4962 -4.8170 0.0104
Cyclist -1 -1 -7.6169 460.9154 180.5511 474.5624 206.8190 1.4691 0.4026 1.6284 -8.2423 1.9219 41.6569 -7.8115 0.0100
Car -1 -1 -4.6199 212.5414 181.4862 233.9491 196.6278 1.4090 1.5507 3.3911 -38.1181 2.2820 71.1305 -5.1105 0.0093
Cyclist -1 -1 -3.8282 78.1161 185.5079 110.8949 213.7424 1.7025 0.6870 1.5936 -32.2660 2.5088 45.1359 -4.4462 0.0092
Pedestrian -1 -1 -4.5602 82.4978 185.3258 99.2769 215.4766 1.8382 0.7537 0.6642 -32.2908 2.6210 44.8416 -5.1816 0.0090
Car -1 -1 -4.6482 912.0065 182.4574 947.9681 209.5054 1.4115 1.6418 4.0793 18.3571 1.9913 41.3960 -4.2339 0.0090
Car -1 -1 -6.5335 79.9682 182.8333 171.0704 212.5380 1.7656 1.8003 4.6012 -31.3563 2.4439 46.7533 -7.1218 0.0081
Cyclist -1 -1 -3.0021 70.7286 183.0124 107.6658 213.7213 1.8577 0.6902 1.7824 -32.3841 2.4988 44.8434 -3.6249 0.0080
Cyclist -1 -1 -7.9232 1228.5909 167.7834 1241.0000 231.5344 1.6557 0.5445 1.6852 17.1654 1.5237 19.5773 -7.2112 0.0078
Cyclist -1 -1 -2.7547 70.5161 182.5925 108.8635 212.3779 1.8240 0.7543 1.7943 -32.5688 2.4407 45.1379 -3.3771 0.0076
Car -1 -1 -4.4001 69.5976 182.9306 119.5205 209.3182 1.5503 1.5267 3.6534 -32.7336 2.2182 45.8696 -5.0174 0.0075
Cyclist -1 -1 -4.0240 84.6108 186.8789 113.5556 215.0382 1.7001 0.6257 1.5653 -32.0025 2.5934 45.1679 -4.6378 0.0064
Car -1 -1 -4.7544 224.1777 182.1784 244.5412 198.7809 1.5300 1.6069 4.3346 -37.1757 2.4810 71.3319 -5.2336 0.0064
Car -1 -1 -7.6831 70.6700 182.6967 112.1039 208.9900 1.5586 1.5809 3.4300 -33.0941 2.2125 46.0714 -8.3034 0.0063
Car -1 -1 -2.9149 42.4286 183.2229 114.5215 208.7655 1.5064 1.6682 3.3399 -33.2113 2.1751 45.1335 -3.5466 0.0062
Car -1 -1 -4.5525 60.3408 187.0883 108.8314 217.6750 1.6799 1.7473 4.0852 -31.9352 2.5896 43.9095 -5.1786 0.0060
Car -1 -1 -4.3158 77.0624 181.7901 133.7383 208.4728 1.5883 1.5857 3.9324 -32.4273 2.1890 46.4374 -4.9229 0.0060
Car -1 -1 -6.3303 86.3423 188.1716 170.6121 217.0876 1.6986 1.8226 4.4516 -31.1055 2.7314 46.6105 -6.9164 0.0059
Cyclist -1 -1 -4.7540 1223.2842 161.5969 1241.0000 229.2652 1.7636 0.5308 1.5962 16.9965 1.4699 19.5971 -4.0473 0.0058
Car -1 -1 -3.1078 20.3869 183.2741 107.1648 211.1660 1.5913 1.7076 4.2033 -33.6040 2.2610 44.4915 -3.7520 0.0056
Car -1 -1 -2.7450 21.9923 181.7886 114.4366 207.9855 1.5551 1.7345 4.2868 -33.8253 2.1303 45.1177 -3.3857 0.0056
Cyclist -1 -1 -2.8421 77.6187 183.5506 110.9892 212.7647 1.7864 0.6967 1.5617 -32.2683 2.4635 45.1185 -3.4604 0.0055
Car -1 -1 -6.1900 84.0044 188.9984 161.0735 217.7765 1.6988 1.7391 3.9425 -31.1621 2.7706 46.2105 -6.7809 0.0051
Car -1 -1 -5.4263 870.0478 182.4999 938.0401 210.8225 1.4881 1.4266 3.8464 16.7431 2.0682 41.3588 -5.0447 0.0050
Car -1 -1 -2.9601 28.3546 183.3738 109.5147 210.1291 1.5564 1.6596 3.7928 -33.5420 2.2324 44.8023 -3.6001 0.0048
Cyclist -1 -1 -4.4567 1208.3137 157.3315 1241.0000 223.1918 1.7361 0.6098 1.7167 17.0129 1.3266 19.7623 -3.7535 0.0046
Car -1 -1 -4.5792 162.2487 180.4002 188.9805 197.5702 1.5491 1.6912 3.8513 -41.5515 2.2930 69.0508 -5.1194 0.0039
Cyclist -1 -1 -7.9444 1215.9009 163.8679 1241.0000 229.1065 1.6740 0.5961 1.9186 16.7945 1.4431 19.4705 -7.2405 0.0038
Car -1 -1 -1.9093 0.0000 192.6083 143.8008 374.0000 1.4362 1.6323 4.4303 -4.9467 1.5866 3.9452 -2.7738 0.0038
Cyclist -1 -1 -4.9179 1213.6180 160.9973 1241.0000 228.8352 1.7848 0.5245 1.5469 17.0394 1.4726 19.7886 -4.2147 0.0036
Car -1 -1 -4.3988 73.9599 180.6656 125.6363 208.2507 1.6461 1.5495 3.9917 -32.7679 2.1713 46.4013 -5.0112 0.0036
Car -1 -1 -6.8571 850.0222 185.8445 933.9813 215.0892 1.5218 1.4886 4.1693 15.4706 2.2575 39.7257 -6.4889 0.0031
Car -1 -1 -4.3794 0.0000 186.7825 0.0000 215.1456 1.4764 1.6623 3.9686 -41.6112 2.3248 41.8174 -5.1593 0.0030
Car -1 -1 -4.3703 0.0000 186.5202 0.0000 215.6129 1.4864 1.6623 3.9790 -41.6109 2.3042 41.0404 -5.1595 0.0030
Car -1 -1 -4.5873 127.1306 183.7063 155.9333 201.8499 1.4904 1.6556 3.9640 -41.5215 2.4847 63.9821 -5.1613 0.0030
Car -1 -1 -4.5577 93.3339 184.3200 126.3418 203.8138 1.4934 1.6571 3.9637 -41.5303 2.4798 59.9459 -5.1617 0.0030
Car -1 -1 -4.5474 82.3200 184.6280 116.8277 204.6349 1.5005 1.6602 3.9672 -41.5628 2.4945 58.7886 -5.1608 0.0030
Car -1 -1 -4.5967 138.5038 183.2346 165.9386 200.8114 1.4827 1.6525 3.9708 -41.5690 2.4563 65.5493 -5.1602 0.0030
Car -1 -1 -4.5453 78.7080 184.6928 113.6632 204.8412 1.4992 1.6595 3.9723 -41.5355 2.4918 58.3632 -5.1618 0.0030
Car -1 -1 -4.5892 130.0684 183.6915 158.5483 201.7093 1.4905 1.6570 3.9613 -41.5529 2.4899 64.4118 -5.1604 0.0030
Car -1 -1 -4.5754 114.0252 184.0008 144.4003 202.6064 1.4868 1.6550 3.9561 -41.5350 2.4830 62.3648 -5.1612 0.0030
Car -1 -1 -9.0080 0.0000 0.0000 1241.0000 374.0000 1.5346 1.5898 3.5839 4.6639 1.5819 1.3235 -7.7714 0.0030
Car -1 -1 -4.5538 89.6795 184.4501 123.2186 204.1251 1.4972 1.6599 3.9649 -41.5578 2.4890 59.5827 -5.1609 0.0030
Car -1 -1 -4.3670 0.0000 186.7891 0.0000 216.1841 1.4836 1.6569 3.9717 -41.5735 2.3090 40.6033 -5.1610 0.0030
Car -1 -1 -4.5925 133.1123 183.4894 161.1994 201.3724 1.4890 1.6548 3.9671 -41.5323 2.4751 64.7755 -5.1609 0.0030
Car -1 -1 -4.5517 86.1419 184.4980 120.0988 204.3195 1.4967 1.6584 3.9681 -41.5291 2.4856 59.1510 -5.1619 0.0030
Car -1 -1 -4.5635 100.3440 184.1707 132.4427 203.3451 1.4902 1.6559 3.9588 -41.5343 2.4762 60.7464 -5.1614 0.0030
Car -1 -1 -4.3967 0.0000 187.2410 0.0000 214.5341 1.4598 1.6533 3.9515 -41.5537 2.3593 42.9866 -5.1622 0.0030
Car -1 -1 -4.5693 107.2303 184.0406 138.4478 202.9080 1.4872 1.6548 3.9550 -41.5371 2.4744 61.5531 -5.1611 0.0030
Car -1 -1 -4.5816 120.6955 183.9392 150.2695 202.3246 1.4893 1.6559 3.9609 -41.5275 2.4925 63.1764 -5.1613 0.0030
Car -1 -1 -4.3853 0.0000 187.1990 0.0000 215.1639 1.4659 1.6533 3.9476 -41.5686 2.3461 42.1520 -5.1607 0.0030
Car -1 -1 -4.6027 144.0931 183.2578 170.8188 200.5472 1.4763 1.6517 3.9785 -41.5951 2.4637 66.3483 -5.1611 0.0030
Car -1 -1 -4.3770 0.0000 187.0628 0.0000 215.7948 1.4778 1.6554 3.9551 -41.5629 2.3343 41.3692 -5.1616 0.0030
Pedestrian -1 -1 -7.9406 802.9961 171.7036 817.6522 209.9590 1.8872 0.6527 0.5878 9.9353 1.8302 35.9431 -7.6735 0.0025
Car -1 -1 -5.1865 965.9343 174.9861 1070.4318 224.1454 1.5107 1.5451 3.5908 13.4819 1.5871 24.1482 -4.6830 0.0024
Car -1 -1 -6.0857 82.8812 187.5174 162.5030 216.0703 1.7020 1.6094 3.9724 -31.0580 2.6683 46.0589 -6.6765 0.0024
Cyclist -1 -1 -7.7357 1222.3129 161.5229 1241.0000 227.2234 1.6990 0.6310 1.8204 17.0627 1.4057 19.5060 -7.0248 0.0022
Car -1 -1 -4.9924 979.7635 173.5672 1065.0026 223.5529 1.5481 1.5333 3.5684 13.7354 1.5737 24.3129 -4.4838 0.0016
Pedestrian -1 -1 -5.2240 83.5169 188.2425 105.3026 221.7873 1.9256 0.8674 0.5842 -30.3375 2.8408 42.4104 -5.8421 0.0010
Car -1 -1 -4.1191 151.3862 193.4904 208.4725 219.2357 1.6259 1.5988 3.7714 -30.1127 3.1277 50.5900 -4.6539 0.0009
Car -1 -1 -4.1161 80.8452 183.7348 159.4507 216.7393 1.8697 1.7247 4.6196 -30.2657 2.5786 44.7142 -4.7086 0.0009
Pedestrian -1 -1 -7.6402 807.4634 168.2657 824.9555 210.2179 2.0646 0.7105 0.6903 10.2446 1.8385 35.9811 -7.3655 0.0008
Car -1 -1 -7.2932 86.1753 183.6660 167.2813 218.5767 1.9789 1.7448 5.1157 -30.0809 2.6927 45.0763 -7.8792 0.0007
Cyclist -1 -1 -2.8579 83.2224 185.3283 115.7484 213.4749 1.7199 0.6737 1.5347 -31.9736 2.5101 45.1592 -3.4714 0.0006
Car -1 -1 -7.0615 859.4296 182.9452 932.9305 212.8168 1.5415 1.4127 3.8828 15.6757 2.1149 39.6038 -6.6877 0.0005
Car -1 -1 -4.5347 71.9598 184.0893 120.0385 214.1116 1.6674 1.6904 4.0027 -31.2135 2.3840 43.8683 -5.1505 0.0004
