Car -1 -1 -4.5904 555.7558 177.9587 599.3168 212.4697 1.5173 1.5926 3.8918 -1.0738 1.3619 33.5888 -4.6273 0.9998
Pedestrian -1 -1 -7.9246 688.9713 172.6840 723.8448 265.5722 1.7301 0.5930 0.8760 1.9689 1.5665 13.8354 -7.7915 0.9743
Pedestrian -1 -1 -7.7545 641.9622 169.3880 673.1302 238.7131 1.8168 0.7468 1.0610 1.4925 1.4999 19.4109 -7.6841 0.9329
Pedestrian -1 -1 -8.5301 775.5696 159.6494 819.5648 239.2498 1.9304 0.5660 0.9836 4.8646 1.4010 17.9848 -8.2750 0.9291
Pedestrian -1 -1 -4.0062 383.8597 166.2050 452.9845 274.4923 1.8474 0.7627 0.9547 -3.3048 1.5871 12.8513 -4.2587 0.8701
Pedestrian -1 -1 -4.9001 831.4082 165.5129 874.6012 266.0253 1.7292 0.6133 0.5874 4.3908 1.4548 12.6901 -4.5788 0.8666
Pedestrian -1 -1 -8.1312 764.7304 168.2880 804.7991 255.8147 1.7377 0.5793 0.8307 3.6969 1.4760 14.6884 -7.8943 0.8603
Pedestrian -1 -1 -8.6319 702.4266 172.1190 764.7959 276.1494 1.7242 0.6264 0.8741 2.2380 1.5694 12.4436 -8.4632 0.8532
Pedestrian -1 -1 -7.7812 719.2878 166.2818 767.6968 300.2941 1.7967 0.6181 0.9641 1.9782 1.5934 10.1752 -7.5998 0.8496
Pedestrian -1 -1 -4.6866 333.8846 167.2316 367.3052 271.5157 1.8275 0.5554 0.8165 -4.5930 1.5780 13.0617 -5.0241 0.8344
Pedestrian -1 -1 -8.1148 674.9020 175.6234 692.2864 218.5780 1.7042 0.5808 0.4971 3.2703 1.4714 28.7890 -8.0080 0.8321
Car -1 -1 -8.7159 1025.6943 176.7731 1237.0000 373.0000 1.5366 1.5670 3.7195 3.3407 1.5328 2.5644 -7.8538 0.7987
Pedestrian -1 -1 -7.7535 721.9728 161.3665 771.6476 300.3301 1.8599 0.6057 1.0203 2.0289 1.5911 10.1890 -7.5677 0.7665
Pedestrian -1 -1 -4.8953 830.6696 167.6962 874.3542 266.1264 1.6982 0.6238 0.6009 4.3971 1.4607 12.7340 -4.5746 0.7628
Pedestrian -1 -1 -8.5935 774.3834 158.6472 821.6061 239.1057 1.9493 0.5753 1.0554 4.8798 1.3962 18.0041 -8.3378 0.7350
Pedestrian -1 -1 -4.8198 873.8867 165.9103 911.4062 270.5945 1.6843 0.4941 0.7069 4.7946 1.4341 11.9629 -4.4516 0.7299
Pedestrian -1 -1 -4.8171 869.7998 164.4943 909.6667 270.2535 1.7174 0.5450 0.6476 4.7802 1.4419 12.0478 -4.4522 0.6982
Car -1 -1 -8.9139 1009.6754 150.9766 1237.0000 373.0000 1.5396 1.6218 3.8017 3.5590 1.5141 2.6350 -8.0327 0.6833
Cyclist -1 -1 -4.7790 332.5083 170.1063 373.0039 276.7462 1.7838 0.5615 1.8289 -4.5528 1.5939 12.9672 -5.1161 0.6778
Pedestrian -1 -1 -4.9057 836.9177 164.5850 880.8583 266.1368 1.7375 0.6223 0.5617 4.4662 1.4487 12.6105 -4.5773 0.6530
Pedestrian -1 -1 -7.8727 645.1852 169.8693 671.2573 238.9742 1.8089 0.6701 1.0282 1.4850 1.5050 19.3340 -7.8025 0.6436
Pedestrian -1 -1 -4.7010 334.8072 169.5739 368.3398 270.8079 1.7870 0.5633 0.8375 -4.6171 1.5771 13.1672 -5.0377 0.6293
Pedestrian -1 -1 -7.8327 643.9366 170.5796 671.4392 238.9978 1.8022 0.7235 1.0919 1.4993 1.5150 19.4981 -7.7623 0.6267
Pedestrian -1 -1 -7.6668 701.6460 172.5107 739.3672 253.9260 1.6480 0.6598 0.7275 2.4513 1.4666 14.9936 -7.5130 0.6241
Pedestrian -1 -1 -4.0615 701.2850 171.3461 720.4714 217.7775 1.8401 0.5650 0.5161 4.3754 1.4381 28.8507 -3.9175 0.6215
Pedestrian -1 -1 -8.1707 674.1606 176.0129 692.4362 218.8387 1.7012 0.5846 0.5495 3.2670 1.4836 28.8650 -8.0643 0.5995
Pedestrian -1 -1 -7.8205 706.1868 170.7797 742.1785 253.3872 1.6746 0.7226 0.7299 2.5274 1.4579 14.9892 -7.6618 0.5922
Car -1 -1 -4.6861 670.5538 181.2584 702.2421 211.8549 1.4294 1.4746 3.4004 4.2009 1.4183 35.3439 -4.5738 0.5900
Pedestrian -1 -1 -3.6650 514.4841 173.0153 545.8227 227.7161 1.7774 0.5960 0.8501 -2.3919 1.5021 23.8315 -3.7692 0.5624
Pedestrian -1 -1 -4.1501 701.4011 172.3310 719.3980 217.4817 1.7948 0.5416 0.4857 4.3664 1.4306 28.9149 -4.0068 0.5354
Pedestrian -1 -1 -4.8893 325.2302 167.7386 367.6919 271.3003 1.8130 0.5876 0.8415 -4.6946 1.5727 13.0868 -5.2330 0.5237
Pedestrian -1 -1 -8.0592 676.8266 174.2160 695.1035 219.0266 1.7750 0.6326 0.5085 3.3586 1.4868 28.7368 -7.9491 0.5106
Car -1 -1 -8.7921 994.8406 188.9400 1237.0000 373.0000 1.5090 1.6254 3.5547 3.3835 1.5577 2.7790 -7.9599 0.4883
Car -1 -1 -8.6446 1019.0580 183.7400 1237.0000 373.0000 1.5207 1.6092 3.8132 3.1845 1.5352 2.4557 -7.7869 0.4852
Pedestrian -1 -1 -4.9170 873.8389 165.4115 914.9959 270.1184 1.7020 0.5042 0.6657 4.8582 1.4411 12.0463 -4.5466 0.4622
Pedestrian -1 -1 -5.0641 874.3199 167.1928 918.7768 270.2430 1.6650 0.4692 0.6813 4.8550 1.4345 11.9520 -4.6913 0.4096
Car -1 -1 -9.0732 1025.6237 64.2058 1237.0000 373.0000 1.5674 1.6073 4.0697 3.6977 1.5361 2.3729 -8.1278 0.4073
Pedestrian -1 -1 -3.4747 222.6550 170.9595 256.9335 238.2812 1.7946 0.5459 0.6943 -9.8933 1.5141 19.5876 -3.9424 0.3996
Car -1 -1 -8.4472 1028.9575 196.4505 1237.0000 373.0000 1.4707 1.5452 3.6022 2.9380 1.5634 2.4911 -7.6361 0.3374
Pedestrian -1 -1 -3.3387 219.4409 171.0494 253.4178 237.4270 1.7689 0.5422 0.7334 -9.9839 1.4909 19.5832 -3.8101 0.3107
Pedestrian -1 -1 -3.6386 223.9529 171.2791 261.4620 237.0945 1.7632 0.5616 0.7431 -9.8725 1.4899 19.7101 -4.1029 0.3088
Pedestrian -1 -1 -4.3533 692.9430 172.9001 702.9750 199.0896 1.7480 0.5226 0.5155 6.4985 1.1740 48.2946 -4.2252 0.2891
Pedestrian -1 -1 -3.9593 720.0712 173.8582 750.5493 235.1642 1.7196 0.6654 0.5441 3.8009 1.5057 20.5781 -3.7843 0.2741
Pedestrian -1 -1 -7.4383 713.8112 173.2424 743.5837 236.1477 1.7630 0.6532 0.6056 3.6129 1.5321 20.5650 -7.2719 0.2146
Pedestrian -1 -1 -8.1628 676.4036 175.5510 695.7800 220.0753 1.7736 0.6526 0.4954 3.3862 1.5369 28.9213 -8.0526 0.2141
Pedestrian -1 -1 -7.2520 692.2429 171.1681 704.1657 198.5056 1.8171 0.5511 0.5987 6.4955 1.1304 48.1541 -7.1237 0.2071
Cyclist -1 -1 -8.0459 643.5903 172.6815 677.9524 241.8840 1.7602 0.5843 1.6907 1.5281 1.5364 19.1447 -7.9728 0.1972
Car -1 -1 -6.7569 0.0000 198.9604 56.6377 373.0000 1.5404 1.5351 3.9048 -4.6257 1.6603 2.8730 -7.7381 0.1880
Car -1 -1 -5.4760 0.0000 201.7439 52.0409 373.0000 1.5414 1.6047 3.9673 -5.6158 1.6791 3.7750 -6.4294 0.1828
Car -1 -1 -6.5669 0.0000 200.3746 44.1653 373.0000 1.5855 1.6011 3.8696 -4.9367 1.7189 2.9657 -7.5646 0.1798
Car -1 -1 -5.7305 0.0000 196.4691 37.7855 373.0000 1.6279 1.6487 4.1237 -5.4581 1.7320 3.3331 -6.7247 0.1664
Pedestrian -1 -1 -7.7779 727.8448 164.6369 773.8442 295.4969 1.8000 0.5940 1.0212 2.1404 1.5687 10.4518 -7.5865 0.1607
Car -1 -1 -6.9808 0.0000 201.6395 59.0180 373.0000 1.5223 1.5361 3.8636 -4.2626 1.6569 2.7827 -7.9374 0.1534
Car -1 -1 -6.3443 0.0000 194.8366 22.9511 373.0000 1.5806 1.6199 3.8830 -5.2229 1.6770 3.0625 -7.3540 0.1482
Cyclist -1 -1 -8.1088 647.0852 171.7005 688.5705 242.2510 1.7835 0.6363 1.8487 1.7088 1.5363 19.1250 -8.0263 0.1452
Car -1 -1 -7.0734 0.0000 197.1671 76.8986 373.0000 1.5154 1.5347 3.8580 -3.9269 1.6183 2.6537 -8.0117 0.1415
Pedestrian -1 -1 -4.3659 696.0222 172.2862 716.1124 219.0628 1.8488 0.6527 0.5451 4.1740 1.4850 28.7852 -4.2284 0.1249
Pedestrian -1 -1 -7.7119 244.7591 169.3972 268.2678 228.3562 1.7723 0.5674 0.6241 -10.5759 1.4089 21.9761 -8.1609 0.1235
Pedestrian -1 -1 -7.0380 721.5723 174.3676 753.1830 236.2199 1.7164 0.6759 0.5719 3.8205 1.5190 20.3735 -6.8603 0.1193
Pedestrian -1 -1 -3.8648 705.5323 171.6290 725.0151 217.5021 1.8275 0.5886 0.5155 4.5752 1.4346 29.0035 -3.7149 0.1067
Car -1 -1 -2.1153 0.0000 205.3615 61.5785 373.0000 1.5285 1.6457 4.0865 -5.7559 1.7018 4.1631 -3.0365 0.1038
Pedestrian -1 -1 -3.6762 706.6998 171.3991 726.7122 217.3319 1.8160 0.6048 0.5595 4.5966 1.4170 28.7847 -3.5245 0.1027
Pedestrian -1 -1 -3.4677 220.4678 170.3719 255.6603 236.1641 1.7677 0.5593 0.7222 -10.0239 1.4692 19.7533 -3.9372 0.0990
Pedestrian -1 -1 -4.6797 717.2315 173.3101 741.2407 237.1583 1.7769 0.6559 0.6484 3.5968 1.5495 20.3746 -4.5125 0.0909
Cyclist -1 -1 -7.8682 247.9310 173.1443 264.4192 231.6010 1.7082 0.4222 1.7690 -10.5527 1.4645 21.8763 -8.3182 0.0856
Car -1 -1 -7.7426 671.8875 181.9645 708.9403 212.0120 1.3983 1.4798 3.1522 4.3825 1.4223 35.1824 -7.6248 0.0854
Car -1 -1 -1.9769 0.0000 204.5507 70.5347 373.0000 1.5019 1.6269 4.1341 -5.8119 1.6938 4.5950 -2.8574 0.0851
Pedestrian -1 -1 -4.5393 736.3784 174.9084 776.3375 290.7518 1.6932 0.4953 0.6567 2.3096 1.5975 10.8950 -4.3410 0.0724
Pedestrian -1 -1 -5.6677 209.2094 165.2041 236.3077 227.4224 1.8436 0.5167 0.5172 -11.3995 1.3612 21.5745 -6.1539 0.0692
Car -1 -1 -7.0693 0.0000 219.5482 80.0593 373.0000 1.4442 1.5391 3.5543 -4.5974 1.7328 3.5933 -7.9485 0.0628
Pedestrian -1 -1 -7.7681 700.9962 168.5484 711.4958 197.2049 1.8234 0.6226 0.5762 6.7268 0.9993 46.0576 -7.6289 0.0618
Car -1 -1 -7.5168 667.6201 181.0942 723.9052 211.8902 1.4287 1.5601 3.9289 4.6975 1.4101 35.4314 -7.3910 0.0604
Car -1 -1 -1.8407 0.0000 204.6818 64.2120 373.0000 1.4655 1.6369 4.2318 -5.8655 1.6786 4.9249 -2.6933 0.0517
Car -1 -1 -3.4559 985.1238 175.7079 1237.0000 373.0000 1.5032 1.5603 3.8967 3.7578 1.4940 2.9190 -2.5938 0.0502
Pedestrian -1 -1 -4.9623 696.1627 173.0445 714.3898 218.8935 1.8318 0.6125 0.5315 4.1694 1.4944 28.9990 -4.8260 0.0459
Cyclist -1 -1 -4.8183 658.4047 174.0068 685.5482 242.6901 1.7290 0.5185 1.6908 1.8089 1.5409 18.9324 -4.7298 0.0406
Cyclist -1 -1 -7.9375 254.1249 173.7004 270.9268 233.5360 1.7332 0.3215 1.5734 -10.2133 1.5077 21.5680 -8.3803 0.0324
Cyclist -1 -1 -5.0637 857.5270 167.8436 920.9302 273.2530 1.6652 0.4659 1.5402 4.7775 1.4501 12.1204 -4.7010 0.0313
Pedestrian -1 -1 -1.6930 0.0000 192.5390 26.6430 255.7240 1.5286 0.5231 0.4039 -14.6627 1.8080 17.8215 -2.3796 0.0313
Pedestrian -1 -1 -5.8083 212.9809 165.7153 242.1008 227.4292 1.8441 0.5620 0.5915 -11.3444 1.3729 21.7480 -6.2893 0.0303
Cyclist -1 -1 -7.7545 242.7513 170.2377 264.1775 233.3204 1.8200 0.4164 1.7072 -10.4799 1.4956 21.5982 -8.2067 0.0270
Car -1 -1 -1.7020 0.0000 211.9815 66.7449 373.0000 1.4192 1.6070 4.1242 -5.7016 1.7238 5.2918 -2.5065 0.0225
Pedestrian -1 -1 -2.8598 800.8518 160.7888 810.8559 209.0358 2.1215 0.4970 0.3042 9.0569 1.2111 31.8776 -2.5902 0.0096
Pedestrian -1 -1 -6.2127 1016.9674 132.4894 1057.3793 234.7781 1.9731 0.5826 0.6559 8.6237 1.0283 14.2819 -5.6827 0.0080
Pedestrian -1 -1 -3.6567 990.1829 146.1990 1050.2527 240.4962 1.7627 0.5359 0.8321 7.9325 1.1034 13.6977 -3.1452 0.0078
Cyclist -1 -1 -5.2807 15.5763 189.9992 177.9106 314.9630 1.5655 0.9562 1.9191 -7.0083 1.6931 9.9191 -5.8892 0.0073
Pedestrian -1 -1 -6.1945 399.4881 177.4072 414.1825 220.6920 1.4956 0.5845 0.4493 -6.8346 1.3546 25.1479 -6.4624 0.0050
Pedestrian -1 -1 -2.9287 1006.0851 134.5428 1051.9237 243.3241 2.1196 0.6697 0.6752 8.5735 1.2052 14.4714 -2.4070 0.0048
Pedestrian -1 -1 -6.2352 403.8197 171.2741 413.9077 217.4949 1.7008 0.4840 0.3418 -7.1807 1.3249 26.7067 -6.5005 0.0047
Pedestrian -1 -1 -3.0476 1002.3940 138.1062 1047.5551 243.0156 2.0423 0.6109 0.7366 8.4775 1.1981 14.4454 -2.5300 0.0045
Cyclist -1 -1 -4.6430 712.9996 173.6661 740.7352 235.9853 1.7049 0.6864 1.5861 3.5613 1.4911 20.5026 -4.4785 0.0033
Cyclist -1 -1 -7.8217 251.7519 177.1127 270.8245 246.8701 1.5138 0.3470 1.4897 -7.7659 1.4192 16.3408 -8.2645 0.0029
Pedestrian -1 -1 -2.9693 406.1910 172.6164 418.7373 215.8640 1.5887 0.5462 0.3648 -7.0384 1.2628 26.6766 -3.2300 0.0020
Cyclist -1 -1 -5.5535 18.7844 187.2118 185.5242 302.2143 1.4804 0.8380 1.7691 -6.8437 1.5634 9.8282 -6.1550 0.0016
Car -1 -1 -7.4636 686.8978 170.2070 787.7756 229.2767 1.6443 1.7551 3.7821 4.2222 1.3304 22.0613 -7.2819 0.0015
Cyclist -1 -1 -5.0793 705.8435 172.1986 745.0412 234.4128 1.7286 0.5955 1.5246 3.5344 1.4706 20.7656 -4.9182 0.0011
Cyclist -1 -1 -4.8306 714.3761 174.0631 744.1004 235.6824 1.6997 0.6453 1.5433 3.6169 1.4950 20.6003 -4.6643 0.0008
Cyclist -1 -1 -6.6583 837.0770 167.4735 936.2141 271.2179 1.7080 0.4525 1.4867 4.7304 1.4777 12.0632 -6.2974 0.0002
Cyclist -1 -1 -5.3902 693.6611 173.9022 728.8306 217.6075 1.7059 0.5196 1.5675 4.3764 1.4097 28.8457 -5.2462 0.0002
Cyclist -1 -1 -7.5327 697.7884 167.8860 716.2986 196.2889 1.7943 0.7112 1.6267 6.8149 0.9343 46.2673 -7.3922 0.0001
