Car -1 -1 -4.4104 208.9897 182.8255 488.3301 366.9930 1.5786 1.7276 4.5057 -2.7658 1.7294 8.6826 -4.7112 1.0000
Car -1 -1 -8.0153 662.1727 181.4016 738.3406 235.3510 1.4415 1.6396 4.0300 2.5963 1.7258 21.9790 -7.9001 0.9994
Car -1 -1 -8.0711 686.8602 180.0806 803.3175 261.7995 1.5443 1.6625 3.9794 2.7902 1.7248 16.0222 -7.9028 0.9994
Car -1 -1 -4.7815 666.5255 171.6397 690.3244 195.8842 1.8721 1.6164 3.9469 5.4127 1.7780 57.7068 -4.6889 0.9840
Car -1 -1 -4.8199 664.5430 171.6972 689.9832 195.4791 1.8364 1.6034 3.9292 5.3171 1.7468 57.6948 -4.7289 0.8353
Car -1 -1 -4.5333 569.3804 176.8783 597.8316 196.0898 1.4948 1.6188 4.1758 -2.1544 1.8371 59.2379 -4.5699 0.8187
Car -1 -1 -8.2171 750.3909 133.2454 1086.6482 374.0000 2.0709 1.8091 4.8736 3.0793 1.7314 8.6456 -7.8870 0.8101
Car -1 -1 -4.7999 665.1056 171.6857 689.8561 196.0354 1.8774 1.6263 3.8478 5.3230 1.7870 57.5577 -4.7086 0.6520
Car -1 -1 -4.4373 569.5363 176.9901 603.0938 195.9362 1.4695 1.6482 4.3072 -1.9269 1.8219 59.2505 -4.4701 0.6422
Car -1 -1 -4.5596 568.4836 176.7695 595.0816 196.2119 1.5117 1.5779 4.0631 -2.3002 1.8433 59.0585 -4.5987 0.6357
Car -1 -1 -4.7553 669.2074 171.9261 692.2593 196.3364 1.8782 1.6511 3.9596 5.5813 1.8065 57.5385 -4.6595 0.5640
Car -1 -1 -4.3759 570.6218 177.3696 606.7743 196.3362 1.4666 1.6234 4.3472 -1.7284 1.8514 59.2149 -4.4054 0.3776
Car -1 -1 -4.5353 568.5494 176.7839 596.0073 196.2033 1.5005 1.6270 3.5203 -2.2377 1.8282 58.3596 -4.5738 0.3751
Car -1 -1 -4.3707 569.4626 177.0078 604.3566 196.4294 1.5004 1.5861 4.0324 -1.8682 1.8512 58.8276 -4.4027 0.3490
Car -1 -1 -4.4457 567.4482 176.7471 600.4005 195.3544 1.4617 1.6765 4.2423 -2.1469 1.7967 59.8826 -4.4818 0.3456
Car -1 -1 -4.3745 570.3734 177.3063 605.3315 195.2355 1.4140 1.6232 4.1900 -1.8327 1.7994 60.2623 -4.4052 0.3444
Pedestrian -1 -1 -3.6091 153.8708 184.7510 197.1967 276.8352 1.5055 0.4770 0.4640 -7.4010 1.7117 12.2037 -4.1449 0.3379
Car -1 -1 -4.7708 567.4014 176.6664 589.8931 196.0336 1.5083 1.5989 4.0845 -2.6262 1.8317 59.1391 -4.8154 0.3032
Car -1 -1 -4.5727 566.6505 176.8404 594.2693 196.1584 1.5045 1.6865 4.3270 -2.4162 1.8444 59.3516 -4.6136 0.2789
Car -1 -1 -4.3616 561.9291 176.9891 598.1346 195.8573 1.4876 1.6835 4.1750 -2.4788 1.8447 60.1160 -4.4030 0.2634
Car -1 -1 -4.2358 563.1443 177.1950 603.7175 195.4695 1.4434 1.6498 4.1950 -2.2025 1.8194 60.3067 -4.2725 0.2521
Car -1 -1 -7.6440 469.0494 173.9007 508.3137 200.1994 1.5793 1.6414 4.0162 -7.6369 1.6480 45.5348 -7.8096 0.2475
Car -1 -1 -4.4710 512.4708 179.4949 551.3322 202.5396 1.4581 1.6380 4.3777 -5.3070 1.9321 49.2466 -4.5782 0.2282
Car -1 -1 -4.2578 569.8818 177.0378 609.4594 196.3700 1.4935 1.6026 4.0769 -1.6432 1.8472 58.8750 -4.2860 0.2066
Car -1 -1 -7.7617 468.5445 174.3111 500.5971 200.5675 1.5740 1.6409 3.8557 -7.8931 1.6695 45.4615 -7.9330 0.1939
Car -1 -1 -4.5716 567.1333 176.8187 592.5081 196.7801 1.5443 1.6148 3.1830 -2.4322 1.8726 58.1442 -4.6136 0.1562
Car -1 -1 -4.3940 506.6011 178.9781 548.7944 202.5664 1.4979 1.6282 4.1897 -5.5877 1.9339 49.1883 -4.5069 0.1385
Car -1 -1 -4.7170 469.1511 174.6374 495.9406 200.9843 1.5668 1.5836 3.5706 -8.0021 1.6826 45.0640 -4.8921 0.1364
Car -1 -1 -4.4145 569.7227 177.2713 603.2244 196.5268 1.4767 1.6629 3.8153 -1.8910 1.8461 58.3370 -4.4472 0.1342
Car -1 -1 -3.7333 563.2910 176.5887 618.5223 195.8669 1.5062 1.8297 4.2207 -1.5718 1.8220 59.1052 -3.7602 0.1342
Car -1 -1 -3.8685 566.5009 176.7324 617.9828 196.4774 1.5312 1.6894 4.1092 -1.4446 1.8577 58.7685 -3.8934 0.1279
Car -1 -1 -7.8582 468.9846 174.1786 497.8127 202.6440 1.7010 1.7113 4.3703 -8.0493 1.7887 45.6325 -8.0322 0.1152
Car -1 -1 -4.7314 567.2905 176.6403 588.0461 196.0924 1.5091 1.6080 3.7940 -2.6822 1.8269 58.6797 -4.7773 0.1137
Car -1 -1 -2.9644 446.1688 175.6365 509.3342 200.9414 1.5246 1.5832 3.6049 -8.1464 1.6988 44.4454 -3.1450 0.1028
Car -1 -1 -2.8490 437.0275 175.2997 505.3205 201.2544 1.5604 1.6594 3.8293 -8.5852 1.7147 44.5939 -3.0385 0.0870
Car -1 -1 -2.8842 433.8635 175.6773 501.7646 202.1860 1.5886 1.6194 3.8101 -8.7456 1.7655 44.3666 -3.0781 0.0853
Pedestrian -1 -1 -4.4660 134.0860 173.0463 193.8030 296.3664 1.6304 0.5602 0.6210 -6.1727 1.6328 9.9196 -5.0111 0.0790
Car -1 -1 -3.5551 563.2708 176.5981 615.5208 195.9608 1.5109 1.7193 3.8724 -1.6959 1.8227 58.5316 -3.5844 0.0754
Car -1 -1 -2.7984 426.1886 174.0075 502.9419 201.1164 1.6290 1.7297 4.3239 -9.0006 1.7019 44.6241 -2.9966 0.0734
Car -1 -1 -4.7912 565.0170 176.7471 590.6198 196.9460 1.5563 1.7793 3.6094 -2.6534 1.8804 58.2260 -4.8369 0.0709
Car -1 -1 -7.8420 467.1939 173.8859 495.6111 200.5387 1.5953 1.6861 3.7788 -8.0906 1.6627 45.3437 -8.0180 0.0687
Pedestrian -1 -1 -4.7685 142.1172 172.4498 196.4618 299.1118 1.6806 0.6125 0.6475 -6.1758 1.6749 10.0135 -5.3097 0.0683
Car -1 -1 -3.4983 560.7538 176.4202 614.2803 196.0774 1.5431 1.7828 3.9878 -1.8609 1.8413 58.7963 -3.5302 0.0674
Car -1 -1 -2.6128 433.7553 173.5725 506.4169 200.6149 1.6235 1.7120 4.1400 -8.7334 1.6694 44.8907 -2.8042 0.0583
Cyclist -1 -1 -5.5537 108.6670 174.0641 235.8301 302.1747 1.7016 0.5625 1.5277 -6.1197 1.7188 10.0135 -6.0909 0.0572
Car -1 -1 -4.2214 570.5869 177.4625 610.7617 196.7054 1.4788 1.6495 3.8275 -1.5566 1.8655 58.5250 -4.2483 0.0554
Car -1 -1 -3.4839 561.4445 176.9896 614.5843 196.2950 1.5206 1.8185 3.9681 -1.8307 1.8679 59.0752 -3.5151 0.0502
Car -1 -1 -3.5583 562.9702 177.1512 617.7240 196.1465 1.5103 1.7855 4.1742 -1.6521 1.8766 59.8441 -3.5861 0.0448
Car -1 -1 -2.9408 500.3985 180.2134 556.0714 202.9099 1.4608 1.5810 3.4335 -5.4463 1.9596 47.9878 -3.0536 0.0430
Car -1 -1 -2.8737 448.7713 176.3727 508.7391 201.8239 1.5194 1.4838 3.3417 -8.0515 1.7390 44.2063 -3.0532 0.0354
Car -1 -1 -3.2911 561.3518 176.3037 610.9312 196.1453 1.5648 1.7666 3.7977 -1.9800 1.8501 58.5395 -3.3251 0.0353
Car -1 -1 -4.5548 517.4090 178.8033 552.0372 202.3347 1.4982 1.7042 4.2437 -5.1151 1.9214 49.1976 -4.6583 0.0328
Car -1 -1 -7.7654 521.8050 179.1633 548.9813 202.2764 1.4811 1.5379 3.4100 -5.0552 1.9233 48.8902 -7.8684 0.0317
Car -1 -1 -3.3836 564.7545 177.2947 616.8157 196.8938 1.5265 1.7550 3.8879 -1.5878 1.8926 58.1790 -3.4112 0.0259
Cyclist -1 -1 -5.4601 107.0605 172.1495 229.3948 302.7279 1.7078 0.5513 1.5222 -6.1208 1.6983 9.9128 -6.0017 0.0247
Cyclist -1 -1 -2.5238 465.5201 174.8181 502.0546 211.4328 1.7232 0.7208 1.6109 -6.1116 1.8192 34.7017 -2.6973 0.0233
Car -1 -1 -2.9637 429.0311 176.7438 498.7976 202.6151 1.5453 1.5654 3.9719 -8.9384 1.7876 44.1710 -3.1626 0.0110
Cyclist -1 -1 -2.3005 465.1258 176.0647 500.6353 210.9627 1.6454 0.7076 1.7517 -6.2119 1.8045 34.9907 -2.4753 0.0088
Car -1 -1 -4.6355 662.1985 177.4289 690.1239 198.2920 1.3619 1.6253 4.2062 4.6162 1.6944 50.2775 -4.5449 0.0086
Car -1 -1 -4.6610 453.8524 175.5114 489.8236 206.1186 1.6261 1.7822 4.4222 -7.8393 1.7855 41.0474 -4.8489 0.0082
Car -1 -1 -4.7231 676.9737 177.0844 703.0948 199.3513 1.4118 1.6792 4.2674 5.3487 1.7105 48.7903 -4.6150 0.0082
Pedestrian -1 -1 -2.8386 286.1875 157.0300 318.9927 263.8698 1.9353 0.5219 0.4208 -5.7354 1.6484 13.3501 -3.2378 0.0082
Car -1 -1 -4.4735 636.1612 174.8689 675.1730 198.9996 1.4948 1.6132 4.1810 3.0082 1.6328 47.3047 -4.4108 0.0074
Car -1 -1 -4.7491 678.5811 175.9604 705.5679 197.7599 1.3785 1.6364 3.9548 5.4163 1.5946 48.2382 -4.6383 0.0066
Car -1 -1 -1.6871 0.0000 206.3118 22.2959 374.0000 1.3622 1.6013 3.7492 -5.4092 1.6526 4.5378 -2.5308 0.0065
Car -1 -1 -4.3304 621.5326 176.0161 667.2432 198.7400 1.4091 1.6141 4.0590 2.2799 1.6266 47.5292 -4.2832 0.0061
Car -1 -1 -1.7875 0.0000 193.5884 85.1562 374.0000 1.3960 1.5942 3.9640 -4.9158 1.5584 4.0108 -2.6412 0.0060
Car -1 -1 -4.3153 438.7100 176.7789 491.0768 202.4687 1.3619 1.6039 3.6792 -8.1856 1.5943 40.8141 -4.5123 0.0056
Car -1 -1 -4.2111 427.0911 177.7982 486.3980 203.4104 1.3423 1.6348 3.8174 -8.6116 1.6349 40.6762 -4.4188 0.0056
Cyclist -1 -1 -2.7608 466.0046 170.6779 499.0250 199.9417 1.7595 0.7606 1.8289 -7.7951 1.6284 43.9427 -2.9357 0.0053
Car -1 -1 -1.8506 0.0000 212.1304 148.7815 374.0000 1.3872 1.6187 3.9274 -4.9723 1.7271 4.6039 -2.6456 0.0052
Car -1 -1 -4.7123 679.8832 176.3570 705.0652 197.7143 1.3302 1.5838 3.8119 5.3986 1.5705 47.5741 -4.6004 0.0051
Car -1 -1 -4.3716 627.5826 175.4927 671.4974 198.6860 1.4388 1.5786 4.1981 2.6202 1.6204 47.5115 -4.3173 0.0049
Car -1 -1 -1.9444 0.0000 206.0308 203.7452 374.0000 1.3670 1.5689 3.9057 -4.4449 1.6235 4.0964 -2.7383 0.0048
Cyclist -1 -1 -4.5792 135.8698 174.7014 203.6561 303.0780 1.6414 0.5978 1.5143 -6.1573 1.6689 10.0625 -5.1170 0.0045
Pedestrian -1 -1 -2.7731 291.6834 161.2864 326.6385 267.0602 1.9155 0.5167 0.4385 -5.6054 1.7057 13.3299 -3.1646 0.0042
Car -1 -1 -2.0444 0.0000 191.6046 257.1342 374.0000 1.4560 1.5224 3.9170 -4.0277 1.5856 3.6846 -2.8385 0.0037
Car -1 -1 -4.5233 439.6028 175.5070 482.1445 202.9039 1.4292 1.6059 3.8698 -8.2397 1.5830 39.9622 -4.7257 0.0033
Car -1 -1 -3.5058 0.0000 0.0000 1241.0000 374.0000 1.5592 1.5945 3.7356 -4.6326 1.6598 1.7645 -4.6606 0.0030
Car -1 -1 -8.8836 0.0000 0.0000 1241.0000 374.0000 1.5453 1.5904 3.5777 3.0927 1.5898 1.2287 -7.7712 0.0030
Car -1 -1 -8.9190 0.0000 0.0000 1241.0000 374.0000 1.5514 1.5890 3.5690 3.4610 1.5918 1.2651 -7.7722 0.0030
Car -1 -1 -8.9966 0.0000 0.0000 1241.0000 374.0000 1.5277 1.6005 3.6168 4.6257 1.5925 1.3807 -7.7736 0.0030
Car -1 -1 -6.5839 0.0000 0.0000 1241.0000 374.0000 1.5411 1.5890 3.6368 -4.1972 1.6617 1.4122 -7.7709 0.0030
Car -1 -1 -5.7747 1241.0000 177.2506 1241.0000 374.0000 1.5419 1.5927 3.6792 4.6353 1.5652 1.9889 -4.6622 0.0030
Car -1 -1 -4.4862 431.0669 176.9996 475.5574 203.6360 1.3820 1.5933 3.7952 -8.6523 1.6221 39.9374 -4.6986 0.0030
Car -1 -1 -6.5933 0.0000 0.0000 1241.0000 374.0000 1.5833 1.6236 3.7299 -3.4173 1.6675 1.0739 -7.7861 0.0030
Car -1 -1 -8.9499 0.0000 0.0000 1241.0000 374.0000 1.5350 1.5946 3.5897 3.8671 1.5927 1.3049 -7.7717 0.0030
Car -1 -1 -8.9742 0.0000 0.0000 1241.0000 374.0000 1.5460 1.5940 3.5947 4.2335 1.5910 1.3419 -7.7727 0.0030
Car -1 -1 -4.4738 452.3174 175.5631 496.6030 204.9460 1.6124 1.6138 4.0934 -7.8775 1.7779 42.0680 -4.6582 0.0023
Pedestrian -1 -1 -7.6668 684.6366 166.8831 693.8252 186.8396 1.7772 0.7353 0.5156 7.0727 1.2451 64.6085 -7.5585 0.0020
Pedestrian -1 -1 -2.5054 216.2283 167.7468 257.7322 272.1490 2.0050 0.5956 0.4605 -7.3811 1.9066 14.1881 -2.9779 0.0018
Car -1 -1 -6.1040 445.7040 167.4577 505.8261 195.2448 1.9303 1.9288 3.9047 -9.4964 1.5552 51.0961 -6.2871 0.0013
Car -1 -1 -4.7144 549.0374 175.7107 572.0290 198.4885 1.5483 1.5767 3.8202 -3.5670 1.7597 51.5004 -4.7836 0.0013
Cyclist -1 -1 -6.1991 450.6308 166.9511 478.4469 195.8280 2.0008 0.7585 1.8507 -10.1979 1.5915 50.4757 -6.3977 0.0012
Car -1 -1 -4.6265 413.7793 183.8332 481.7909 242.9622 1.4940 1.5889 3.9914 -4.6918 1.8462 21.0865 -4.8434 0.0009
Car -1 -1 -7.5819 447.0961 166.8791 487.5768 195.3196 1.9707 1.8532 4.0176 -10.2720 1.5564 52.0723 -7.7761 0.0009
Car -1 -1 -2.9478 442.3010 170.3843 499.8281 196.4774 1.8044 1.8868 3.6868 -9.7846 1.6333 50.8470 -3.1373 0.0008
Car -1 -1 -4.4389 519.2311 175.8913 557.2947 201.0234 1.6887 1.7366 3.7142 -5.0515 1.9112 50.9411 -4.5377 0.0006
Pedestrian -1 -1 -7.0868 686.2451 165.7485 700.0851 187.3755 1.9152 0.9988 0.7347 7.4119 1.2857 64.5153 -6.9733 0.0005
Pedestrian -1 -1 -3.4681 995.1721 171.1479 1052.4209 317.0796 1.7528 0.5437 0.4597 5.0776 1.7320 8.9739 -2.9683 0.0004
