Car -1 -1 -7.9249 526.7618 160.9657 571.1264 208.9103 1.9856 1.6557 4.5345 -2.5991 1.1768 31.6480 -8.0043 0.9318
Pedestrian -1 -1 -4.4438 353.8341 161.1415 418.1151 262.6011 1.8821 0.9120 1.1539 -4.2653 1.5234 13.7040 -4.7372 0.8689
Car -1 -1 -4.8049 517.8559 168.4402 559.8067 203.3437 1.6937 1.7529 4.5399 -3.5133 1.1087 36.7032 -4.8978 0.8160
Pedestrian -1 -1 -4.4807 356.2353 160.7642 412.3476 262.0645 1.8674 0.7934 1.1075 -4.2731 1.5039 13.6117 -4.7765 0.7055
Cyclist -1 -1 -4.7466 475.3297 168.8918 483.1993 192.4807 1.7720 0.5320 1.8679 -9.6165 0.9000 54.0809 -4.9198 0.6148
Pedestrian -1 -1 -4.6227 366.3568 168.3831 388.8679 220.7633 1.8380 0.6899 0.8659 -8.1628 1.4131 25.3075 -4.9294 0.5960
Pedestrian -1 -1 -4.9930 367.0789 168.7665 393.2921 221.1512 1.8342 0.6886 0.8464 -8.0793 1.4236 25.3000 -5.2967 0.5533
Car -1 -1 -4.9022 510.0946 168.2268 556.7473 203.0374 1.6841 1.6473 4.0784 -3.7587 1.0905 36.3963 -5.0025 0.5371
Cyclist -1 -1 -4.7801 367.2047 168.2099 388.6098 220.4691 1.8143 0.6243 1.7086 -8.2180 1.3879 25.4560 -5.0870 0.4965
Pedestrian -1 -1 -4.3599 360.5674 162.1440 420.6747 261.7660 1.8726 0.8193 1.0222 -4.2186 1.5280 13.8272 -4.6479 0.4799
Pedestrian -1 -1 -4.7037 366.7031 167.9654 386.7568 220.4401 1.8320 0.6692 0.8787 -8.1618 1.3947 25.2030 -5.0115 0.4462
Pedestrian -1 -1 -5.0122 366.6260 168.4737 392.9865 221.5839 1.8490 0.6707 0.8643 -8.0492 1.4306 25.1623 -5.3165 0.3517
Cyclist -1 -1 -4.8397 365.2779 167.9146 390.3279 220.5952 1.8136 0.6432 1.7213 -8.1591 1.3806 25.2568 -5.1468 0.3397
Cyclist -1 -1 -8.1302 513.7831 170.2591 529.3718 203.9366 1.6497 0.3504 1.6148 -4.2086 1.1482 35.4487 -8.2455 0.2730
Cyclist -1 -1 -4.8318 368.0545 168.2180 392.8343 221.3593 1.8265 0.6443 1.7433 -8.0561 1.4046 25.2287 -5.1355 0.2285
Cyclist -1 -1 -4.8067 369.5273 169.3016 392.9351 221.4456 1.7815 0.6353 1.7388 -7.9810 1.3992 25.0808 -5.1094 0.2218
Pedestrian -1 -1 -2.7520 277.0299 173.8424 311.3192 256.2579 1.6545 0.4746 0.4965 -6.3860 1.5212 14.4352 -3.1586 0.2016
Cyclist -1 -1 -8.1420 513.0231 170.4859 529.2679 204.1657 1.6410 0.3408 1.6890 -4.2127 1.1532 35.2930 -8.2580 0.1973
Pedestrian -1 -1 -4.6575 368.3958 168.5525 389.1565 219.8475 1.8247 0.6683 0.8691 -8.2327 1.4000 25.6557 -4.9627 0.1505
Cyclist -1 -1 -2.4722 362.4975 166.0386 414.9189 220.3222 1.9018 0.6597 1.7777 -7.8038 1.3954 25.4043 -2.7650 0.1368
Car -1 -1 -4.5007 434.6715 173.7167 472.0442 198.2793 1.4983 1.5297 3.9292 -9.6265 1.0846 45.0976 -4.7078 0.1099
Pedestrian -1 -1 -2.8625 275.7130 174.6403 306.2719 257.1038 1.6322 0.4388 0.4578 -6.3659 1.5166 14.2421 -3.2729 0.0925
Car -1 -1 -4.6748 434.9942 173.5839 462.2969 198.4038 1.5098 1.5440 3.8922 -9.9313 1.0892 45.0615 -4.8885 0.0900
Cyclist -1 -1 -5.3359 352.4843 167.5958 397.4254 220.4476 1.8360 0.6387 1.7407 -8.2833 1.3880 25.3357 -5.6465 0.0852
Pedestrian -1 -1 -2.5566 269.9476 172.7187 304.6383 256.2386 1.6760 0.4808 0.4572 -6.5403 1.5202 14.4638 -2.9713 0.0752
Car -1 -1 -4.8057 428.4041 173.7926 459.6859 198.6287 1.5050 1.5820 3.9722 -10.2818 1.0986 44.9789 -5.0272 0.0653
Cyclist -1 -1 -2.2062 357.4855 168.5883 402.5339 220.3890 1.7961 0.6074 1.7686 -8.0861 1.3834 25.2834 -2.5104 0.0634
Cyclist -1 -1 -8.1498 516.6973 170.0135 532.9883 204.5081 1.6767 0.3408 1.6498 -4.0167 1.1671 35.1931 -8.2607 0.0621
Car -1 -1 -4.0970 364.3969 172.3197 449.7798 208.4106 1.5697 1.6385 4.3209 -9.1706 1.2141 33.0621 -4.3634 0.0492
Car -1 -1 -3.4772 349.9735 174.0174 449.3746 208.1623 1.5438 1.7181 4.2495 -9.8267 1.2509 33.8934 -3.7552 0.0423
Car -1 -1 -8.1160 417.3977 174.2577 459.2594 199.5352 1.5226 1.6193 3.9233 -10.5837 1.1467 44.7003 -8.3452 0.0386
Car -1 -1 -8.1323 392.1672 173.7937 443.0396 203.6227 1.4118 1.5850 3.4144 -9.4228 1.0946 35.3369 -8.3889 0.0366
Cyclist -1 -1 -5.3624 355.8967 167.5786 401.6187 220.1370 1.8144 0.6146 1.7583 -8.0930 1.3686 25.1662 -5.6682 0.0363
Car -1 -1 -3.5711 364.5079 174.4330 450.3092 207.8789 1.5227 1.6687 3.6064 -9.4874 1.2467 33.9883 -3.8391 0.0288
Car -1 -1 -3.6484 355.2171 174.0129 450.9757 207.5336 1.5036 1.6416 4.1143 -9.5989 1.2128 33.7460 -3.9213 0.0285
Pedestrian -1 -1 -5.1303 610.0356 162.4471 634.0396 216.5169 1.7968 0.5683 0.7206 0.5394 1.1971 23.9372 -5.1063 0.0285
Car -1 -1 -4.5031 389.1766 172.6468 442.2831 206.8944 1.4981 1.5844 3.9755 -8.7668 1.1548 32.9516 -4.7590 0.0280
Car -1 -1 -4.6990 382.3281 179.0920 412.3121 206.8977 1.4306 1.4888 3.7646 -11.2538 1.3583 38.3888 -4.9802 0.0257
Pedestrian -1 -1 -8.0036 562.3524 165.9100 574.5587 194.4542 1.8242 0.7007 0.6241 -2.3625 0.8919 45.5619 -8.0533 0.0255
Car -1 -1 -1.9730 0.0000 212.4520 69.3024 369.0000 1.3485 1.6425 4.0427 -6.0094 1.6293 4.8111 -2.8351 0.0246
Car -1 -1 -2.7254 361.6774 175.1293 448.9905 205.8026 1.4572 1.5921 3.8007 -9.7739 1.2022 34.6534 -2.9961 0.0245
Pedestrian -1 -1 -2.5600 266.0450 177.3830 299.9625 257.0685 1.5775 0.4407 0.4543 -6.5320 1.5161 14.2512 -2.9796 0.0234
Car -1 -1 -8.2707 380.9161 173.7176 443.6059 204.6219 1.4513 1.6100 3.8114 -9.6554 1.1330 35.1918 -8.5344 0.0228
Cyclist -1 -1 -8.1157 517.5209 169.3225 533.6454 203.6508 1.6786 0.3694 1.7302 -4.0086 1.1322 35.4477 -8.2256 0.0226
Car -1 -1 -4.9088 398.6790 175.2432 444.7312 206.0788 1.4591 1.5446 3.7182 -9.2568 1.2105 35.4670 -5.1601 0.0223
Car -1 -1 -4.5765 374.8858 175.0316 415.0013 205.0961 1.5603 1.5722 3.9694 -11.4744 1.2766 38.7730 -4.8603 0.0215
Car -1 -1 -2.1110 0.0000 206.8176 72.4981 369.0000 1.4434 1.6467 4.0834 -5.9798 1.6521 4.4948 -3.0019 0.0211
Car -1 -1 -6.5753 361.0664 174.3642 451.2720 206.4744 1.4766 1.6554 3.8980 -9.6309 1.1946 34.2527 -6.8452 0.0198
Car -1 -1 -5.0046 388.5612 174.3107 446.6282 206.2259 1.5069 1.6648 4.3035 -9.5260 1.2149 35.6538 -5.2617 0.0187
Car -1 -1 -4.5670 613.1851 171.8967 659.2660 204.9817 1.3943 1.5246 3.8701 1.4400 1.0319 31.8417 -4.5205 0.0167
Car -1 -1 -7.4820 459.3422 171.5362 490.9541 187.9171 1.4777 1.5989 3.8491 -12.0296 0.6690 65.8261 -7.6601 0.0159
Car -1 -1 -2.2301 0.0000 195.4039 69.9570 369.0000 1.5286 1.6575 4.1250 -5.9076 1.6347 4.1684 -3.1492 0.0153
Car -1 -1 -7.5648 456.7538 171.3178 485.6285 187.8670 1.4937 1.5967 3.8727 -12.3994 0.6648 65.8275 -7.7484 0.0148
Car -1 -1 -2.3777 0.0000 182.2327 70.1099 369.0000 1.6286 1.6901 4.3028 -5.8002 1.6413 3.7721 -3.3320 0.0141
Car -1 -1 -4.8514 383.7462 178.9671 421.9143 205.5414 1.3605 1.4791 3.7885 -10.9851 1.2822 38.2300 -5.1273 0.0137
Car -1 -1 -4.5368 375.0765 179.2188 416.3006 205.8898 1.3583 1.4892 3.6722 -11.1836 1.2932 37.9134 -4.8197 0.0135
Car -1 -1 -7.6858 455.8917 171.6029 480.7206 187.9507 1.4784 1.6279 3.9476 -12.6908 0.6737 65.9322 -7.8733 0.0132
Car -1 -1 -4.2051 461.3846 171.0199 495.9597 187.3992 1.4773 1.5825 3.6596 -11.6925 0.6222 65.7594 -4.3785 0.0131
Car -1 -1 -4.1003 628.5181 171.3196 702.2078 203.8238 1.3361 1.5019 3.4369 2.6535 0.9589 30.8620 -4.0136 0.0131
Car -1 -1 -4.5181 622.8287 171.8457 670.5620 204.8545 1.3850 1.4494 3.6563 1.8945 1.0221 31.6196 -4.4571 0.0127
Car -1 -1 -2.0120 0.0000 203.6576 93.4357 369.0000 1.4851 1.7445 3.9296 -5.7261 1.6800 4.5751 -2.8735 0.0126
Car -1 -1 -7.8159 363.5502 172.7754 412.6071 220.5747 1.6914 1.6326 3.8403 -8.2671 1.4184 27.0833 -8.1072 0.0120
Car -1 -1 -4.2027 465.2563 169.6157 501.1129 186.8542 1.5508 1.6232 3.8132 -11.2556 0.5715 65.6741 -4.3699 0.0110
Car -1 -1 -7.5080 629.6973 169.9070 692.4091 205.5978 1.4745 1.5235 3.9277 2.5236 1.0371 31.3127 -7.4266 0.0109
Pedestrian -1 -1 -4.4260 276.1563 212.5894 305.7795 284.2407 1.0343 0.3175 0.3483 -4.7419 1.5231 10.5706 -4.8348 0.0106
Car -1 -1 -4.3825 626.9138 171.8431 684.1823 204.7212 1.3755 1.4811 3.5211 2.2814 1.0136 31.4912 -4.3091 0.0105
Car -1 -1 -1.8916 0.0000 218.9424 92.3868 369.0000 1.3910 1.6956 3.6530 -5.3722 1.7187 4.5091 -2.7283 0.0105
Car -1 -1 -4.4254 368.1487 177.5960 418.0905 204.5992 1.3819 1.5253 3.9030 -11.3742 1.2334 38.1353 -4.7113 0.0099
Car -1 -1 -2.2277 0.0000 196.2238 94.2005 369.0000 1.5279 1.7236 3.7184 -5.4803 1.6393 4.0855 -3.1193 0.0099
Pedestrian -1 -1 -4.0228 180.0679 232.1212 238.7018 344.8669 1.1482 0.3478 0.4507 -4.3488 1.7285 7.6883 -4.5186 0.0097
Car -1 -1 -4.7523 384.9295 177.9915 416.9525 205.6531 1.3967 1.5057 3.3912 -10.8830 1.2702 37.5456 -5.0304 0.0085
Car -1 -1 -7.8505 0.0000 209.7930 11.4800 369.0000 1.4898 1.7215 3.9855 -5.7940 1.7870 5.1627 -8.6618 0.0081
Car -1 -1 -2.4347 0.0000 192.1994 84.0880 369.0000 1.5569 1.6665 4.1139 -5.5180 1.6394 3.6694 -3.3775 0.0076
Car -1 -1 -4.4297 622.5443 170.2944 681.4764 207.4827 1.5100 1.4849 4.0781 2.0976 1.0958 30.8796 -4.3608 0.0075
Car -1 -1 -4.5965 399.8192 174.7792 444.7230 208.5704 1.4729 1.5601 3.9558 -8.4543 1.2237 32.8815 -4.8441 0.0074
Car -1 -1 -4.5961 396.8843 176.4570 442.7117 209.2570 1.4084 1.5589 4.0733 -8.4622 1.2350 32.4829 -4.8468 0.0070
Car -1 -1 -4.5743 0.0000 222.2422 37.4740 369.0000 1.4511 1.6472 3.5671 -4.6154 1.8176 4.2811 -5.3596 0.0060
Car -1 -1 -4.8544 0.0000 214.8582 102.5090 369.0000 1.5165 1.7604 4.0548 -5.0756 1.8258 4.4663 -5.6674 0.0059
Car -1 -1 -7.6538 383.2025 172.6579 440.3678 207.4736 1.5040 1.7179 4.2815 -8.8788 1.1655 32.7334 -7.9145 0.0056
Car -1 -1 -7.8559 367.4557 171.9028 417.5408 220.8650 1.7212 1.7033 3.8390 -8.1150 1.4193 26.9387 -8.1435 0.0052
Car -1 -1 -7.9487 0.0000 224.7893 73.0702 369.0000 1.4216 1.7114 3.4610 -5.4748 1.8548 5.1465 -8.7333 0.0045
Car -1 -1 -4.5941 373.1001 172.3066 416.4496 202.7059 1.5979 1.7946 4.4287 -11.6855 1.1674 39.4972 -4.8778 0.0044
Car -1 -1 -4.2206 0.0000 211.2234 103.9568 369.0000 1.5386 1.7417 3.7634 -4.6877 1.8082 4.1363 -5.0296 0.0035
Car -1 -1 -4.4643 370.0555 174.3064 436.4926 212.3538 1.4752 1.6867 4.1160 -8.3428 1.2353 29.4909 -4.7354 0.0034
Car -1 -1 -4.6987 377.4774 170.5963 411.5262 199.6970 1.5429 1.7418 4.1224 -11.7916 1.0179 39.7059 -4.9834 0.0034
Car -1 -1 -4.4281 368.1867 176.0760 432.7931 210.0344 1.3907 1.6114 4.1332 -8.9055 1.2097 31.0296 -4.7031 0.0034
Pedestrian -1 -1 -4.1603 261.4626 207.9804 295.7061 283.6167 1.1005 0.3581 0.3058 -4.9364 1.5192 10.5891 -4.5834 0.0031
Car -1 -1 -7.7007 392.2077 173.4225 442.1099 207.7331 1.4837 1.5951 4.1902 -8.6436 1.1778 32.7391 -7.9546 0.0030
Car -1 -1 -7.8762 369.0925 172.9504 417.2677 210.9854 1.4584 1.7884 4.3229 -8.8841 1.1692 29.4424 -8.1645 0.0030
Car -1 -1 -7.7785 390.1560 175.0534 438.3787 208.7957 1.4287 1.7875 4.2212 -8.6262 1.1983 32.1752 -8.0362 0.0029
Car -1 -1 -4.5394 372.4172 173.1056 418.9522 204.5241 1.6446 1.7252 4.4490 -11.5771 1.2577 39.3167 -4.8219 0.0027
Car -1 -1 -4.4530 377.8298 175.8573 439.8264 209.3060 1.3609 1.6073 4.0161 -8.4764 1.1723 30.7798 -4.7173 0.0020
Car -1 -1 -4.4337 388.6169 180.3899 441.3892 208.5468 1.2017 1.4449 3.2486 -8.5128 1.1972 31.8155 -4.6909 0.0018
Cyclist -1 -1 -7.5390 436.1982 174.4682 453.9259 205.1841 1.4878 0.3487 1.6910 -7.9497 1.1958 35.1052 -7.7580 0.0015
Pedestrian -1 -1 -3.4238 663.2532 174.8901 688.7072 233.7646 1.4272 0.5021 0.5032 1.7044 1.2916 17.4334 -3.3263 0.0014
Pedestrian -1 -1 -5.7917 708.5538 164.9684 744.8289 254.8986 1.5483 0.5574 0.4220 2.1091 1.2812 12.5223 -5.6271 0.0011
Car -1 -1 -4.4939 382.4100 172.3565 441.1684 213.3069 1.6089 1.5675 3.8654 -8.0723 1.2892 29.7434 -4.7544 0.0010
Cyclist -1 -1 -7.9164 432.4169 175.3554 441.6083 205.5321 1.4596 0.3437 1.6581 -8.3496 1.2109 35.0417 -8.1465 0.0008
Cyclist -1 -1 -7.8831 419.0676 173.2043 428.6778 208.4735 1.4212 0.3497 1.2802 -7.4995 1.1275 29.1553 -8.1304 0.0008
Pedestrian -1 -1 -4.2683 410.7062 181.7128 427.1866 217.7292 1.2854 0.4710 0.3457 -6.7303 1.3297 25.4620 -4.5219 0.0003
