Car -1 -1 -7.7992 592.7429 172.7366 629.7891 203.6915 1.6023 1.7911 4.6215 0.0897 1.5959 39.7058 -7.7975 0.9878
Car -1 -1 -7.8718 592.4669 173.2143 626.7902 203.8948 1.5860 1.7782 4.5917 -0.1063 1.6067 39.6675 -7.8750 0.7922
Car -1 -1 -7.7815 593.4900 172.8305 630.3646 203.6845 1.5943 1.7135 4.3225 0.1209 1.5927 39.5020 -7.7790 0.7699
Car -1 -1 -7.8118 592.6711 172.9990 627.7505 203.6823 1.5844 1.7426 4.2829 0.0246 1.5925 39.4558 -7.8117 0.7481
Car -1 -1 -7.7614 594.6592 173.6798 633.6283 203.7158 1.5473 1.7222 4.6824 0.2508 1.5952 39.7176 -7.7556 0.7028
Car -1 -1 -8.5743 970.0741 165.2216 1042.6298 198.4342 2.0625 1.8066 4.2113 25.7242 1.5882 47.0600 -8.0771 0.5159
Car -1 -1 -8.5820 962.7751 163.6620 1040.0741 197.3872 2.1036 1.8205 4.6561 25.6152 1.5299 47.4817 -8.0902 0.4217
Car -1 -1 -5.3489 885.3847 185.8812 966.6871 215.5869 1.4077 1.7583 4.2721 16.7072 2.1433 38.4739 -4.9426 0.1933
Car -1 -1 -5.3455 880.4105 186.0210 963.4935 216.1648 1.4220 1.6893 4.5507 16.5116 2.1691 38.5494 -4.9441 0.1916
Car -1 -1 -5.1754 840.0490 167.9473 886.0966 186.9796 1.4364 1.7136 4.1772 19.7743 1.0658 56.6356 -4.8413 0.0533
Car -1 -1 -4.5694 365.4767 180.3249 393.7488 201.8260 1.6367 1.6216 4.0569 -18.6770 2.2646 58.5417 -4.8773 0.0484
Car -1 -1 -4.8813 361.0100 179.6621 392.0506 201.8920 1.6911 1.7011 4.2807 -19.0148 2.2652 58.5837 -5.1941 0.0481
Car -1 -1 -5.3157 836.8008 167.1759 889.1338 188.6257 1.5961 1.6502 4.3411 19.5385 1.1733 56.0030 -4.9819 0.0466
Car -1 -1 -5.1992 843.9076 167.7284 890.3077 188.5634 1.5500 1.6517 4.0825 19.8013 1.1684 55.8197 -4.8602 0.0408
Car -1 -1 -4.2730 360.9413 181.8988 401.1204 203.4345 1.6177 1.6694 3.6482 -18.2997 2.3651 57.7309 -4.5790 0.0407
Car -1 -1 -4.3443 535.6977 171.6376 570.1323 189.6429 1.6634 1.8028 4.4588 -5.4384 1.5508 69.0544 -4.4229 0.0382
Car -1 -1 -4.3762 365.7778 180.7359 402.9411 201.9053 1.6118 1.6609 3.9482 -18.2487 2.2717 58.4297 -4.6780 0.0374
Car -1 -1 -5.2775 835.0626 168.7391 882.4058 187.2943 1.4045 1.6559 3.9417 19.4709 1.0927 56.7257 -4.9486 0.0365
Car -1 -1 -4.1057 365.8591 179.8788 414.3611 201.3108 1.6322 1.6043 4.3113 -17.8707 2.2262 58.7530 -4.4000 0.0330
Car -1 -1 -4.3532 355.7575 181.5651 395.6581 202.9351 1.5857 1.6589 4.1608 -18.6038 2.3038 57.3834 -4.6657 0.0289
Car -1 -1 -5.0796 844.1132 167.3264 884.9133 188.4718 1.5741 1.6130 4.0537 19.5849 1.1623 55.7627 -4.7438 0.0270
Car -1 -1 -5.1387 848.3751 166.7459 893.6654 188.3819 1.6080 1.6929 4.2048 20.0913 1.1538 55.7916 -4.7950 0.0268
Car -1 -1 -4.5796 463.0656 179.9104 487.5947 199.2617 1.5306 1.5048 4.0381 -11.3049 2.1432 60.6223 -4.7636 0.0260
Car -1 -1 -4.4685 535.1415 171.8271 564.1721 189.5297 1.6415 1.8034 4.2381 -5.7633 1.5460 69.1428 -4.5516 0.0206
Pedestrian -1 -1 -6.5964 1115.5643 159.6555 1151.2284 229.8942 1.9848 0.6754 0.6518 15.0351 1.6116 20.8094 -5.9779 0.0194
Car -1 -1 -8.5474 830.5961 167.2248 888.4244 188.4951 1.5751 1.6773 4.5864 19.2189 1.1579 55.8724 -8.2179 0.0189
Car -1 -1 -4.7600 362.9770 180.2468 387.7843 201.6084 1.6166 1.7169 3.9585 -18.9943 2.2352 58.2507 -5.0742 0.0166
Car -1 -1 -8.1977 840.7371 168.3219 881.9035 188.7154 1.5127 1.6583 4.2223 19.2927 1.1762 55.6421 -7.8659 0.0146
Car -1 -1 -5.1905 842.0377 168.2285 885.4624 188.3332 1.4919 1.5156 3.9106 19.4655 1.1484 55.5868 -4.8555 0.0140
Car -1 -1 -5.0190 854.0457 165.5270 895.5196 188.2339 1.6808 1.7667 4.3116 20.3125 1.1381 55.6003 -4.6707 0.0139
Car -1 -1 -4.1764 366.3169 180.6325 410.6559 201.7465 1.5990 1.5558 4.0972 -17.9058 2.2519 58.4190 -4.4728 0.0132
Car -1 -1 -4.8162 863.7296 162.2075 895.8998 185.7366 1.7345 1.8624 4.3470 20.6828 0.9493 55.5249 -4.4616 0.0121
Car -1 -1 -4.7500 161.6844 189.3346 214.2425 236.9840 1.5757 1.5786 3.8031 -16.0521 2.2451 27.2922 -5.2777 0.0118
Car -1 -1 -4.0138 0.0000 193.5510 23.5623 241.8758 1.3408 1.6514 3.5701 -21.2901 2.0633 23.3851 -4.7468 0.0116
Car -1 -1 -5.3030 877.0970 181.3328 959.9630 211.5834 1.4849 1.9018 4.5591 16.6028 1.9736 39.1932 -4.9055 0.0114
Cyclist -1 -1 -7.2128 1101.5515 158.7903 1168.5392 231.1613 2.0326 0.6625 1.7434 15.1174 1.6373 20.8460 -6.5926 0.0107
Car -1 -1 -4.6025 467.1696 178.9221 490.2946 198.3518 1.5463 1.4866 3.9940 -11.0429 2.0740 60.7416 -4.7819 0.0105
Car -1 -1 -5.0276 855.6760 168.5669 893.6324 189.2294 1.5279 1.5376 4.0695 20.2425 1.2106 55.4128 -4.6793 0.0104
Car -1 -1 -5.2408 847.7239 167.7538 894.5149 187.5012 1.4575 1.6010 3.9290 19.9385 1.0808 55.3334 -4.8969 0.0100
Car -1 -1 -4.0215 0.0000 192.6427 16.7306 248.6555 1.4848 1.6063 4.1847 -21.2087 2.1673 22.7651 -4.7657 0.0100
Car -1 -1 -4.5779 642.0714 171.9126 663.4425 187.9822 1.5312 1.5832 3.9499 4.2055 1.4412 70.8416 -4.5192 0.0099
Car -1 -1 -4.8782 863.8273 167.0508 895.3708 188.6325 1.5912 1.6053 4.0503 20.6014 1.1630 55.3375 -4.5238 0.0098
Pedestrian -1 -1 -6.6030 1107.5787 163.1312 1140.1863 232.2269 1.9593 0.6575 0.5865 14.7974 1.6833 20.8589 -5.9932 0.0096
Car -1 -1 -4.5124 644.2877 171.0752 668.8414 187.6615 1.5776 1.6416 4.0190 4.5784 1.4081 70.7825 -4.4484 0.0094
Car -1 -1 -4.8065 171.0862 188.2032 226.6602 236.7756 1.6366 1.4958 3.8315 -15.7998 2.2653 27.5724 -5.3230 0.0093
Car -1 -1 -4.9466 354.9629 179.6556 389.3369 201.7372 1.6727 1.6942 4.2625 -19.2796 2.2433 58.3066 -5.2649 0.0092
Car -1 -1 -4.8792 638.5555 171.5765 661.1917 187.5157 1.5195 1.5829 3.9201 3.8656 1.3974 70.8210 -4.8252 0.0085
Car -1 -1 -8.2743 833.5717 168.2197 878.7592 188.8301 1.5244 1.7053 4.2218 18.8601 1.1813 55.5492 -7.9489 0.0085
Car -1 -1 -3.8633 0.0000 189.7794 18.4760 245.1273 1.5068 1.5936 3.9888 -21.4390 2.0939 22.9738 -4.6085 0.0080
Car -1 -1 -6.3003 834.7913 167.5566 885.1150 187.6861 1.5105 1.5866 3.6049 19.1454 1.1127 55.4543 -5.9697 0.0079
Car -1 -1 -5.2891 835.7720 168.7728 881.8280 187.8866 1.4182 1.5002 3.8269 19.0823 1.1151 55.5764 -4.9602 0.0079
Car -1 -1 -4.9701 167.8363 186.8312 245.3492 234.9613 1.6198 1.5484 4.2789 -15.5128 2.1938 27.5687 -5.4789 0.0077
Cyclist -1 -1 -7.0315 1102.1417 157.4318 1174.4879 230.3435 2.0483 0.6663 1.6750 15.0996 1.6147 20.7051 -6.4086 0.0077
Car -1 -1 -4.7626 868.5814 164.8699 896.2951 187.1082 1.6317 1.7611 4.1627 20.7676 1.0456 55.1916 -4.4047 0.0075
Car -1 -1 -2.8494 826.9490 168.3785 887.5253 188.2450 1.4826 1.5845 4.1426 19.0319 1.1483 55.6932 -2.5220 0.0072
Car -1 -1 -6.1446 831.3137 167.6163 884.2666 186.9850 1.4615 1.5964 3.7038 19.1962 1.0660 55.9916 -5.8162 0.0071
Car -1 -1 -4.9611 354.6834 179.9767 391.1665 202.0346 1.6744 1.7701 4.4706 -19.3345 2.2764 58.6559 -5.2785 0.0070
Pedestrian -1 -1 -6.7427 1112.5342 158.8905 1158.1210 231.2029 2.0280 0.7289 0.8133 14.9788 1.6361 20.6599 -6.1227 0.0068
Car -1 -1 -3.9701 367.3245 180.1972 420.2989 201.1863 1.5936 1.5040 4.4719 -17.5705 2.2152 58.7607 -4.2597 0.0067
Car -1 -1 -6.6776 837.2045 168.4190 888.5081 185.6904 1.3139 1.4601 3.4414 19.4764 0.9762 55.7205 -6.3432 0.0065
Cyclist -1 -1 -4.4195 160.5192 186.0933 188.7440 232.3957 1.7327 0.5138 1.5665 -17.1008 2.2666 28.2935 -4.9593 0.0063
Car -1 -1 -3.4680 0.0000 190.0217 21.7291 247.1589 1.5211 1.6908 4.3838 -21.7813 2.1221 22.9415 -4.2217 0.0056
Pedestrian -1 -1 -2.8713 342.2999 176.4511 350.6442 198.4662 1.8653 0.7197 0.4954 -22.5344 2.1742 61.6380 -3.2207 0.0056
Car -1 -1 -4.8243 867.8828 166.8364 896.6862 186.6757 1.4541 1.6205 3.8313 20.6630 1.0128 54.9401 -4.4666 0.0053
Car -1 -1 -6.7329 839.9235 168.3795 890.1632 185.8740 1.3218 1.4188 3.3542 19.5397 0.9834 55.4104 -6.3958 0.0050
Pedestrian -1 -1 -6.6480 1107.7866 161.6810 1151.5193 233.0442 2.0007 0.7330 0.8046 14.8325 1.6871 20.6829 -6.0331 0.0047
Car -1 -1 -5.4102 870.9411 178.6817 960.3984 210.8409 1.5994 1.8723 4.7283 16.5049 1.9373 39.3393 -5.0161 0.0046
Cyclist -1 -1 -5.0806 1107.7319 156.1292 1160.8083 231.6522 2.0763 0.6629 1.6705 14.9788 1.6162 20.7281 -4.4621 0.0044
Car -1 -1 -4.3794 463.4673 177.3208 500.4834 198.4893 1.7035 1.7283 4.4917 -10.8679 2.0980 61.4127 -4.5542 0.0039
Car -1 -1 -3.7842 840.8896 165.0829 903.7563 187.1430 1.6570 1.8441 4.3212 20.2154 1.0730 55.7112 -3.4380 0.0039
Car -1 -1 -5.2192 842.6008 166.9920 887.3532 188.0220 1.5526 1.5279 3.8902 19.4640 1.1195 55.3168 -4.8828 0.0039
Car -1 -1 -2.4599 519.2460 176.2241 579.5871 201.1789 1.5314 1.5410 3.7290 -3.9484 1.7557 46.4179 -2.5447 0.0031
Car -1 -1 -5.0937 920.6767 173.0309 977.7981 198.7351 1.3842 1.5796 3.8769 19.0957 1.3944 40.8610 -4.6596 0.0030
Car -1 -1 -5.0865 915.5782 172.7627 970.4413 198.0570 1.3912 1.5741 3.8067 19.1013 1.3859 41.6266 -4.6593 0.0030
Car -1 -1 -4.5620 795.0113 175.8060 833.8096 201.9145 1.4125 1.6053 3.8295 11.7810 1.5908 41.5807 -4.2882 0.0030
Car -1 -1 -4.5791 468.7903 178.2503 493.5227 198.6069 1.6292 1.5473 3.8942 -10.8433 2.0982 60.7735 -4.7553 0.0026
Car -1 -1 -3.0440 829.8238 167.4214 886.5540 186.9450 1.4798 1.5725 4.0503 19.3139 1.0678 56.2443 -2.7150 0.0025
Car -1 -1 -3.3416 833.9725 165.2937 895.9070 185.4072 1.5380 1.7231 4.2977 19.8225 0.9596 56.3201 -3.0050 0.0022
Car -1 -1 -3.4690 839.3500 165.8033 900.7637 185.1645 1.4798 1.6926 4.1612 20.1280 0.9406 56.0272 -3.1259 0.0021
Pedestrian -1 -1 -7.3492 1171.7577 161.3991 1222.8776 231.3378 1.8412 0.8393 0.7022 15.8273 1.5393 19.5171 -6.6756 0.0019
Cyclist -1 -1 -5.3660 1021.8876 161.7722 1066.9252 212.1887 1.7961 0.5721 1.5734 15.8970 1.4010 26.5196 -4.8313 0.0019
Car -1 -1 -5.1437 522.6436 175.6364 562.3439 197.3251 1.5184 1.4953 3.6833 -5.0206 1.7300 52.9855 -5.2381 0.0019
Pedestrian -1 -1 -7.2489 1165.4178 158.7217 1214.6512 227.4912 1.8145 0.7801 0.6982 15.6268 1.4413 19.5131 -6.5813 0.0018
Car -1 -1 -4.2169 194.7568 181.4953 239.6639 203.1201 1.6417 1.6318 3.6494 -31.5766 2.3586 58.0602 -4.7134 0.0018
Pedestrian -1 -1 -7.1119 1161.2760 164.6440 1205.7904 229.4593 1.7359 0.7164 0.6280 15.6235 1.5157 19.7300 -6.4498 0.0016
Pedestrian -1 -1 -7.3217 1167.1741 162.8715 1215.4487 232.2338 1.8476 0.7879 0.6892 15.8227 1.5814 19.7119 -6.6530 0.0013
Pedestrian -1 -1 -3.9650 802.1053 167.2997 840.8466 243.7795 1.7572 0.5616 0.6837 4.9277 1.6293 16.9954 -3.6882 0.0012
Car -1 -1 -4.5180 546.7051 173.7097 579.5070 197.1661 1.4758 1.5533 3.2074 -3.0678 1.5335 47.2118 -4.5829 0.0011
Cyclist -1 -1 -7.3409 1153.2245 150.5164 1232.8011 224.0270 1.9160 0.8113 2.0037 15.7548 1.3335 19.5601 -6.6705 0.0010
Pedestrian -1 -1 -4.0384 796.1304 176.1690 826.8545 242.6205 1.5345 0.5257 0.4623 4.7067 1.6142 17.0457 -3.7742 0.0009
Cyclist -1 -1 -7.0945 1156.7780 148.7721 1241.0000 224.3948 1.9997 0.7678 1.8445 15.9509 1.3626 19.5850 -6.4187 0.0009
Car -1 -1 -5.3481 866.0043 177.9137 949.7715 209.3405 1.5915 2.0143 4.4162 16.2414 1.8863 39.6972 -4.9629 0.0009
Cyclist -1 -1 -8.4093 1160.2695 156.5723 1233.0486 223.4862 1.7391 0.7247 1.7261 15.8827 1.3156 19.6517 -7.7372 0.0007
Cyclist -1 -1 -7.1402 1149.5737 148.1394 1230.7242 225.7785 2.0700 0.7504 1.7934 15.8384 1.4108 19.7746 -6.4725 0.0006
Cyclist -1 -1 -8.1470 1160.2067 166.7580 1214.7532 228.0319 1.5861 0.6196 1.9053 15.6604 1.4280 19.6769 -7.4824 0.0006
Cyclist -1 -1 -8.2562 1155.5897 165.2858 1212.8773 225.8510 1.5824 0.6056 1.6728 15.6234 1.3844 19.7384 -7.5942 0.0005
Cyclist -1 -1 -7.0028 1173.6793 145.5033 1241.0000 217.9945 1.9150 0.7454 1.7053 16.2865 1.1922 19.4596 -6.3135 0.0005
Cyclist -1 -1 -7.1264 1164.6881 141.9499 1241.0000 220.4049 2.0995 0.7193 1.7617 16.2672 1.2722 19.8069 -6.4464 0.0005
Cyclist -1 -1 -8.2904 782.4130 165.3271 830.2270 243.8568 1.8022 0.4661 1.6019 4.6548 1.6291 17.3883 -8.0339 0.0003
Pedestrian -1 -1 -5.3403 1020.5280 194.4431 1061.6992 288.3894 1.3359 0.3605 0.3813 6.2517 1.6579 10.5646 -4.8190 0.0000
