Car -1 -1 -8.0207 702.4907 181.9689 809.6366 262.4444 1.5121 1.6449 3.8398 3.0284 1.7374 15.9284 -7.8372 1.0000
Car -1 -1 -7.9973 677.4896 181.3493 751.3441 239.1495 1.4979 1.5869 3.7459 2.9132 1.7685 21.1311 -7.8630 0.9995
Car -1 -1 -4.6629 537.7438 177.3888 566.2183 203.1136 1.5389 1.6085 4.1300 -3.6909 1.8408 45.9896 -4.7429 0.9605
Car -1 -1 -4.7417 517.8651 178.5299 553.8099 214.6418 1.5374 1.5302 3.6482 -3.4996 1.8135 33.2278 -4.8464 0.9221
Car -1 -1 -4.7427 516.7841 178.7619 553.7937 214.5501 1.5212 1.5746 3.8508 -3.5411 1.8105 33.3491 -4.8482 0.8730
Car -1 -1 -4.7445 518.1412 177.5715 556.2820 214.4159 1.5686 1.6134 4.1957 -3.4699 1.8014 33.4668 -4.8476 0.8120
Car -1 -1 -4.8160 643.7743 175.0432 681.2806 207.0549 1.6530 1.6311 4.0008 2.7909 1.7789 39.5623 -4.7466 0.7964
Car -1 -1 -4.8038 514.2767 179.8882 556.3663 215.0389 1.4744 1.5966 3.3012 -3.4744 1.8107 32.7499 -4.9092 0.7430
Car -1 -1 -4.8113 643.8137 176.8351 678.9978 207.5418 1.5834 1.5455 3.8068 2.7399 1.8125 39.6333 -4.7434 0.7337
Car -1 -1 -4.7854 513.5076 179.7234 553.4362 215.1030 1.4953 1.5654 3.3535 -3.5819 1.8261 32.9818 -4.8933 0.6966
Car -1 -1 -4.6651 519.3188 178.3566 557.0460 214.9909 1.5645 1.5548 3.9588 -3.3170 1.8345 33.4357 -4.7638 0.6497
Car -1 -1 -4.8822 641.6912 176.3504 684.3016 207.4308 1.6010 1.6547 4.1230 2.8260 1.8038 39.7820 -4.8123 0.6220
Car -1 -1 -4.7590 535.5171 177.9021 564.8427 203.6160 1.5315 1.6644 4.0688 -3.8811 1.8674 45.9338 -4.8432 0.6015
Car -1 -1 -4.7589 645.1749 175.4113 679.3057 207.6501 1.6484 1.6507 4.0290 2.7554 1.7945 39.2489 -4.6899 0.5849
Car -1 -1 -4.6730 518.9168 179.4252 556.9205 214.9536 1.4958 1.5848 3.5781 -3.2794 1.8117 32.8886 -4.7722 0.5340
Car -1 -1 -4.8246 644.7853 173.8459 686.9834 206.6261 1.6967 1.8392 4.1446 2.9680 1.7537 39.5793 -4.7508 0.4916
Car -1 -1 -4.5733 540.7042 177.3573 573.5291 203.3838 1.5579 1.5607 3.8716 -3.3526 1.8562 45.8599 -4.6463 0.4302
Car -1 -1 -4.7773 640.8401 176.6345 675.3268 207.0418 1.5551 1.6135 3.8611 2.5356 1.7709 39.3135 -4.7140 0.3941
Car -1 -1 -4.9440 529.9418 177.6629 569.7075 203.3532 1.5191 1.6332 3.9501 -3.8815 1.8368 45.5933 -5.0289 0.3685
Car -1 -1 -4.8492 536.3296 177.4855 570.5267 203.2051 1.5194 1.6186 3.9370 -3.6414 1.8244 45.4764 -4.9291 0.3581
Car -1 -1 -4.7536 648.5016 174.5663 683.7665 207.6673 1.6881 1.7185 4.2466 2.9565 1.7858 39.1695 -4.6793 0.3532
Car -1 -1 -4.5730 554.6754 174.7481 583.3014 197.3385 1.6279 1.5994 4.1500 -3.0862 1.7763 54.4878 -4.6297 0.3506
Car -1 -1 -4.7573 520.3430 179.2546 561.8412 215.7201 1.5059 1.6799 3.7904 -3.1960 1.8116 32.4932 -4.8552 0.3009
Car -1 -1 -4.5075 557.7689 174.3891 589.5797 197.0755 1.6376 1.6164 4.0224 -2.7307 1.7577 54.4808 -4.5578 0.2754
Car -1 -1 -5.0776 526.3264 177.9082 572.1898 203.7282 1.5133 1.6386 3.6953 -3.8729 1.8431 45.1007 -5.1632 0.2541
Car -1 -1 -4.6805 553.1540 175.0528 576.0206 197.3230 1.6030 1.5930 4.1557 -3.4227 1.7750 54.4512 -4.7433 0.1931
Car -1 -1 -4.9993 533.5295 178.2931 576.0331 204.5731 1.5217 1.5953 3.8479 -3.5020 1.8742 44.7223 -5.0775 0.1692
Car -1 -1 -4.8490 551.3812 175.5564 578.4886 197.6221 1.5751 1.4996 3.9342 -3.4408 1.7851 54.0898 -4.9126 0.1671
Car -1 -1 -5.0530 522.7009 178.5066 568.2997 203.6042 1.4761 1.6137 4.0113 -4.1547 1.8497 45.5679 -5.1438 0.1438
Car -1 -1 -4.7200 635.6955 176.3918 656.3158 197.0594 1.4878 1.5018 3.6980 2.6702 1.7637 54.4615 -4.6717 0.1416
Car -1 -1 -4.5495 647.3963 175.0935 691.4510 206.9118 1.6198 1.7180 4.3522 3.2629 1.7489 39.3767 -4.4680 0.1261
Car -1 -1 -4.7781 549.2782 175.2179 574.2748 197.2755 1.5813 1.6015 4.1697 -3.6964 1.7663 54.3662 -4.8461 0.1156
Car -1 -1 -4.5794 636.6151 176.3309 662.8856 197.0034 1.4855 1.5051 3.7189 3.0030 1.7572 54.4772 -4.5251 0.1047
Car -1 -1 -5.1551 519.1747 177.8393 569.4103 203.3358 1.4920 1.6525 3.7968 -4.1820 1.8173 45.0792 -5.2476 0.0994
Car -1 -1 -4.7778 633.0140 175.9766 657.2888 196.9568 1.5178 1.5676 4.1444 2.6117 1.7642 54.9072 -4.7309 0.0973
Car -1 -1 -4.6265 636.6281 175.6988 661.8646 196.6853 1.5172 1.5754 4.1026 2.9903 1.7418 54.8849 -4.5728 0.0958
Car -1 -1 -4.4200 560.6771 174.0863 597.2198 196.7478 1.6362 1.6246 4.1882 -2.3309 1.7329 54.5677 -4.4629 0.0927
Car -1 -1 -4.8815 545.6826 175.5619 574.5931 197.3448 1.5530 1.4997 4.0271 -3.8037 1.7637 54.1056 -4.9517 0.0887
Car -1 -1 -4.8918 627.0919 176.4534 655.5262 197.1093 1.4837 1.5040 3.6668 2.2986 1.7645 54.4170 -4.8503 0.0787
Car -1 -1 -2.7538 494.6923 180.6983 572.1019 214.5571 1.4603 1.5836 3.1418 -3.5145 1.8304 32.8710 -2.8600 0.0752
Pedestrian -1 -1 -4.8896 1054.3212 188.6333 1090.5779 279.3854 1.4223 0.4143 0.4584 7.4352 1.6841 11.6979 -4.3356 0.0648
Car -1 -1 -4.3000 562.8962 175.2501 597.1788 194.8655 1.6509 1.6022 3.8422 -2.6172 1.8678 63.3178 -4.3415 0.0575
Car -1 -1 -4.4260 638.1215 176.3684 671.0798 197.0130 1.4802 1.4988 3.7052 3.3683 1.7546 54.4097 -4.3649 0.0532
Car -1 -1 -4.9424 539.6072 175.5389 573.5875 196.8545 1.5193 1.6186 4.2334 -4.0867 1.7293 54.2591 -5.0176 0.0500
Car -1 -1 -4.9007 626.1757 177.1427 655.3831 197.4302 1.4436 1.5185 3.6725 2.2435 1.7762 54.0842 -4.8599 0.0491
Car -1 -1 -4.6756 643.7239 176.3497 677.3646 209.1209 1.5900 1.6022 4.3500 2.6527 1.7835 37.7357 -4.6065 0.0471
Car -1 -1 -4.3646 646.0186 174.5663 700.3434 206.9626 1.6413 1.6706 3.9727 3.4257 1.7385 38.9370 -4.2780 0.0449
Car -1 -1 -4.6344 639.0408 177.1200 664.6754 197.3875 1.4299 1.6096 3.9904 3.1290 1.7604 53.8688 -4.5771 0.0447
Pedestrian -1 -1 -4.9762 1062.3346 194.3100 1102.2806 281.1683 1.3321 0.4277 0.4342 7.4456 1.6810 11.4702 -4.4129 0.0429
Car -1 -1 -5.0839 617.3331 176.5269 654.5527 197.2544 1.4810 1.5181 3.7962 1.8843 1.7676 54.3192 -5.0499 0.0369
Car -1 -1 -4.7376 622.6323 176.7491 653.5662 207.0378 1.5642 1.5905 3.9332 1.4676 1.7891 39.7457 -4.7016 0.0345
Car -1 -1 -5.0721 531.8870 175.4370 572.6523 197.2056 1.5470 1.6405 4.2754 -4.4026 1.7486 54.1030 -5.1533 0.0328
Car -1 -1 -4.3275 566.6014 174.4128 600.9418 194.3871 1.6805 1.6395 3.9620 -2.2827 1.8214 63.1833 -4.3639 0.0322
Car -1 -1 -4.6646 640.0115 177.0846 663.8072 198.4779 1.4836 1.5492 4.3724 3.0940 1.8084 53.1850 -4.6072 0.0304
Car -1 -1 -4.1935 561.6802 174.1835 607.8695 196.8817 1.6284 1.6307 4.1447 -1.8787 1.7321 54.2382 -4.2284 0.0302
Car -1 -1 -5.2193 642.3484 176.2837 691.0127 197.5304 1.4008 1.6791 3.9403 3.8796 1.6503 50.4037 -5.1433 0.0298
Car -1 -1 -4.3798 560.7005 176.0125 592.7322 195.1474 1.6071 1.6376 3.8733 -2.9109 1.8933 63.3779 -4.4259 0.0287
Car -1 -1 -4.2852 639.6389 176.0479 679.1148 196.9350 1.4943 1.5391 3.7768 3.7201 1.7432 54.2678 -4.2176 0.0261
Car -1 -1 -5.3976 633.5598 176.2563 689.1160 198.8109 1.5051 1.5727 4.2544 3.5485 1.7557 51.0015 -5.3290 0.0260
Car -1 -1 -4.4394 641.5862 175.4640 674.9506 196.0519 1.4665 1.5518 3.6966 3.6112 1.6685 53.9057 -4.3733 0.0256
Car -1 -1 -4.1739 641.3670 175.8097 684.4341 196.6281 1.4830 1.5382 3.6881 3.9548 1.7115 53.9055 -4.1015 0.0249
Car -1 -1 -4.5552 559.7335 176.9248 585.2241 195.3138 1.5415 1.6467 3.9199 -3.2885 1.9105 63.4205 -4.6072 0.0223
Car -1 -1 -4.2965 570.1859 174.7587 606.7051 194.2174 1.6288 1.6633 4.1350 -1.8669 1.8008 63.0603 -4.3263 0.0196
Car -1 -1 -4.2757 559.9080 174.4362 602.4947 197.9075 1.6834 1.6239 4.0884 -2.1477 1.8068 54.2446 -4.3155 0.0195
Car -1 -1 -4.8738 637.9281 177.0409 669.2016 198.9297 1.4934 1.5612 4.4446 3.0872 1.8104 52.3949 -4.8157 0.0186
Car -1 -1 -5.1707 631.6080 176.0166 678.6936 198.4804 1.5086 1.6214 4.2543 3.1301 1.7434 51.3720 -5.1106 0.0185
Car -1 -1 -5.2952 642.6630 176.7746 692.2859 198.7956 1.4614 1.5901 3.8918 3.9632 1.7480 50.7145 -5.2181 0.0155
Car -1 -1 -4.8057 628.5507 177.2216 664.0281 207.5302 1.5454 1.5625 3.8894 1.8935 1.7952 39.3382 -4.7585 0.0152
Car -1 -1 -5.3188 627.5521 176.2447 684.1301 199.9571 1.5697 1.6975 4.5136 3.1386 1.8193 50.8099 -5.2579 0.0151
Pedestrian -1 -1 -4.0908 835.8041 180.8197 867.8075 243.0461 1.5024 0.5103 0.5826 5.9456 1.7039 17.8963 -3.7758 0.0149
Car -1 -1 -4.6345 645.0763 175.1761 684.5174 210.0464 1.7033 1.7291 4.4593 2.8952 1.8324 37.8907 -4.5594 0.0149
Car -1 -1 -4.2539 567.1901 173.7489 604.0769 193.8755 1.6806 1.6553 3.8699 -2.0996 1.7604 62.5398 -4.2877 0.0147
Car -1 -1 -5.2630 636.2976 176.7330 686.7510 199.2608 1.4821 1.6532 4.0069 3.5169 1.7642 50.3715 -5.1942 0.0142
Car -1 -1 -5.3339 640.2830 175.9872 694.0468 198.7839 1.5267 1.5658 4.3307 3.9715 1.7585 51.1984 -5.2574 0.0116
Car -1 -1 -3.8837 633.2812 177.1682 684.7166 197.4443 1.4500 1.5245 3.8307 3.6700 1.7842 54.1548 -3.8168 0.0116
Car -1 -1 -5.1284 626.5103 175.8520 673.1645 199.5791 1.5833 1.6507 4.3996 2.7328 1.8050 51.0905 -5.0758 0.0106
Car -1 -1 -5.0723 625.6446 177.1476 668.2147 199.8084 1.5436 1.5944 4.5054 2.5980 1.8696 52.4441 -5.0236 0.0103
Car -1 -1 -4.9408 629.6887 176.7911 665.9803 199.1797 1.5010 1.6290 4.3593 2.6178 1.7940 51.4692 -4.8907 0.0101
Cyclist -1 -1 -8.3024 549.7156 174.1280 569.5757 199.3962 1.8263 0.7433 1.8216 -3.7523 1.9217 53.2234 -8.3729 0.0096
Cyclist -1 -1 -5.4303 1021.0704 173.2150 1127.8947 288.7723 1.7349 0.5413 1.5610 7.3921 1.7408 11.6520 -4.8772 0.0094
Pedestrian -1 -1 -6.9252 1062.2034 185.2135 1117.9448 310.9439 1.5224 0.4619 0.3759 5.9427 1.6810 9.0293 -6.3590 0.0091
Pedestrian -1 -1 -3.9799 835.8648 180.5652 865.2894 241.1808 1.4810 0.5159 0.4709 5.9674 1.6773 18.0572 -3.6663 0.0085
Car -1 -1 -5.1223 631.2495 176.1489 678.3296 199.5524 1.5423 1.6962 4.3265 3.0483 1.7833 50.5262 -5.0629 0.0077
Pedestrian -1 -1 -3.7503 1048.4700 180.6860 1107.1743 306.9050 1.5696 0.4612 0.4447 5.9289 1.6723 9.2451 -3.1954 0.0076
Pedestrian -1 -1 -4.0096 842.0058 178.5350 877.2401 242.8823 1.5552 0.5377 0.6455 6.1418 1.6990 17.9056 -3.6850 0.0072
Car -1 -1 -4.9767 648.4591 175.1796 686.6812 196.1882 1.3694 1.6217 3.9957 3.8787 1.5358 49.6140 -4.8995 0.0064
Car -1 -1 -5.2029 643.8938 176.3609 690.9644 198.1518 1.4641 1.4881 4.2989 4.0119 1.7250 51.4755 -5.1260 0.0059
Pedestrian -1 -1 -3.8196 1068.7490 164.0447 1138.1902 321.9940 1.9109 0.5166 0.5005 6.0949 1.8040 9.0110 -3.2411 0.0056
Car -1 -1 -4.6571 662.3896 177.2621 686.5151 197.0278 1.3404 1.5253 3.7345 4.6222 1.6683 51.7614 -4.5689 0.0040
Car -1 -1 -1.8346 0.0000 141.9639 0.0000 374.0000 1.4694 1.6832 3.9103 -6.6022 1.3530 4.1336 -2.8164 0.0040
Car -1 -1 -4.4908 507.4416 179.9262 551.0656 205.3810 1.3071 1.5195 4.3308 -4.5106 1.7260 40.5301 -4.6013 0.0039
Cyclist -1 -1 -4.7968 837.2877 181.5263 863.2682 241.8860 1.4390 0.4991 1.2910 5.9588 1.6643 18.0844 -4.4841 0.0031
Car -1 -1 -4.5171 630.7221 178.7838 679.1082 211.4530 1.5136 1.6180 4.4878 2.3087 1.8342 36.6686 -4.4553 0.0011
Pedestrian -1 -1 -5.8318 502.6933 170.8397 517.6599 197.7637 1.8631 0.8536 0.7387 -7.0080 1.7234 50.4498 -5.9695 0.0008
Pedestrian -1 -1 -4.0673 1204.8542 193.3825 1241.0000 359.8310 1.4362 0.4822 0.5825 5.8606 1.6322 6.5991 -3.3638 0.0007
Cyclist -1 -1 -6.9621 564.5954 173.2015 588.9239 199.9355 1.9280 0.7015 1.7240 -2.4613 1.9536 52.8924 -7.0088 0.0006
Cyclist -1 -1 -3.6739 823.5513 180.9830 885.8504 242.5871 1.4875 0.5041 1.4066 6.0228 1.6936 17.9226 -3.3555 0.0006
Pedestrian -1 -1 -3.6436 1065.1406 164.4420 1117.2422 254.2097 1.6745 0.6674 0.5751 9.1453 1.5173 13.8129 -3.0692 0.0004
Pedestrian -1 -1 -6.9037 235.2722 154.9919 272.9176 238.5382 2.0664 0.6885 0.5590 -9.0538 1.6243 18.2559 -7.3586 0.0003
Pedestrian -1 -1 -3.5597 648.6444 175.9351 665.1041 211.9095 1.4908 0.6748 0.4550 1.9262 1.6218 30.3636 -3.4975 0.0001
