Car -1 -1 -7.9911 629.8011 182.1003 692.4159 228.0759 1.4202 1.6083 4.1314 1.6557 1.7708 25.2602 -7.9272 0.9998
Car -1 -1 -6.8368 844.7726 191.5761 1214.5148 314.3328 1.4423 1.6338 4.0706 5.4060 1.7179 9.6982 -6.3421 0.9996
Cyclist -1 -1 -4.6039 425.2756 177.5826 462.9034 269.1003 1.7150 0.5476 1.7867 -3.3716 1.8160 14.5355 -4.8288 0.9972
Car -1 -1 -6.7410 819.8223 167.2402 1087.1324 283.3398 1.8001 1.6400 3.6994 5.5542 1.7128 12.0750 -6.3201 0.9956
Car -1 -1 -3.8863 964.1345 184.8727 1241.0000 374.0000 1.5583 1.6381 3.8923 5.6398 1.6884 6.8604 -3.2201 0.9945
Car -1 -1 -7.9264 614.5007 178.7654 646.8804 206.6983 1.4581 1.5348 3.6860 1.0786 1.8036 40.3349 -7.9004 0.9703
Car -1 -1 -2.8426 309.4534 182.4359 450.6299 233.9882 1.4974 1.5902 3.8131 -7.0015 1.8008 22.0629 -3.1469 0.9448
Car -1 -1 -5.9428 269.4443 184.4946 432.5325 243.3404 1.4916 1.5954 3.8144 -6.9268 1.8173 19.4063 -6.2819 0.9190
Car -1 -1 -2.8113 307.3601 182.8191 449.5558 234.2355 1.4896 1.6438 3.8215 -7.0664 1.8066 22.1071 -3.1177 0.9031
Car -1 -1 -7.8789 617.8636 178.6210 647.9952 206.7468 1.4702 1.5797 3.8136 1.2068 1.8082 40.4108 -7.8498 0.8843
Car -1 -1 -2.9320 413.9327 179.5099 502.0737 210.8061 1.5296 1.6175 4.1076 -7.6645 1.8728 36.4269 -3.1383 0.8574
Car -1 -1 -2.2187 0.0000 199.0645 75.9625 374.0000 1.5242 1.6904 3.8287 -6.9280 1.7754 5.9251 -3.0595 0.8341
Car -1 -1 -7.9684 612.2730 178.5256 648.0008 206.5936 1.4624 1.5734 3.6572 1.0424 1.7934 40.2505 -7.9433 0.8167
Car -1 -1 -7.9606 611.7565 178.7995 646.7427 206.8950 1.4634 1.5515 3.7685 0.9949 1.8116 40.3462 -7.9366 0.7425
Car -1 -1 -2.3274 0.0000 204.4259 68.3973 374.0000 1.4711 1.6312 3.8290 -6.9123 1.7608 5.7341 -3.1826 0.7334
Car -1 -1 -2.9100 415.3461 180.6823 501.0661 211.6930 1.5082 1.5623 3.9726 -7.6420 1.9112 36.3418 -3.1162 0.6294
Car -1 -1 -2.9365 301.9696 181.9604 446.7605 234.7947 1.5043 1.5942 3.9302 -7.0965 1.7929 21.8879 -3.2470 0.5777
Pedestrian -1 -1 -4.8903 1089.3936 165.1972 1114.4703 219.8571 1.7804 0.6049 0.4876 16.2052 1.5307 23.8475 -4.2995 0.5337
Car -1 -1 -2.2666 0.0000 194.3845 78.4948 374.0000 1.5163 1.7271 4.2330 -7.0699 1.7155 5.7952 -3.1279 0.5304
Car -1 -1 -6.0298 348.9940 177.8855 462.2832 223.5329 1.6606 1.6366 3.8347 -7.7086 1.8566 27.2933 -6.3031 0.5270
Car -1 -1 -2.4078 0.0000 201.6125 69.6708 374.0000 1.4955 1.6489 4.1707 -6.9767 1.7598 5.5261 -3.2849 0.4930
Car -1 -1 -2.8842 411.1843 178.6529 502.4465 210.5126 1.5587 1.7269 4.2306 -7.7662 1.8605 36.6188 -3.0922 0.4910
Car -1 -1 -2.0232 0.0000 186.4566 81.6711 374.0000 1.6246 1.7070 3.9043 -6.8959 1.7678 6.2124 -2.8393 0.4516
Car -1 -1 -6.0387 347.6231 179.6152 461.4625 224.1577 1.6010 1.5779 3.8342 -7.6780 1.8620 27.0383 -6.3133 0.3999
Car -1 -1 -5.8529 346.2455 179.1751 453.5674 222.9299 1.5663 1.5371 3.5613 -7.9137 1.8128 27.1485 -6.1344 0.3867
Car -1 -1 -2.9827 421.2333 178.5033 503.8616 210.1934 1.5501 1.6872 3.8822 -7.4556 1.8432 36.5464 -3.1830 0.3626
Pedestrian -1 -1 -4.9426 1085.7865 164.3213 1112.1774 218.7059 1.7732 0.6251 0.4868 16.1183 1.4947 23.8634 -4.3547 0.3232
Car -1 -1 -5.8083 350.3472 179.0665 465.1049 224.8782 1.6191 1.5367 3.8521 -7.5724 1.8607 26.9518 -6.0802 0.3023
Car -1 -1 -5.7122 0.0000 156.8186 224.2255 357.1573 1.9324 1.7773 3.9680 -6.8344 1.7774 8.0713 -6.3988 0.2920
Car -1 -1 -5.0255 458.1084 178.1880 505.5759 204.4500 1.5104 1.6135 4.4091 -8.0378 1.8583 44.7674 -5.2026 0.2418
Car -1 -1 -2.6572 339.7979 179.6374 453.0731 223.0728 1.5495 1.6442 3.7774 -8.0875 1.8168 27.2854 -2.9432 0.2345
Car -1 -1 -5.6046 0.0000 152.5396 220.0869 349.5023 1.9928 1.8240 3.8418 -6.9138 1.7869 8.2216 -6.2881 0.2321
Car -1 -1 -7.5653 487.7169 175.5587 526.1081 199.7352 1.7493 1.7279 4.3564 -7.8325 1.9637 54.9992 -7.7064 0.2233
Car -1 -1 -3.1045 338.6034 179.9037 448.6833 225.3436 1.5960 1.5606 3.8326 -8.0606 1.8711 26.9576 -3.3928 0.1954
Car -1 -1 -2.7386 330.8998 178.7424 445.3004 221.7674 1.5447 1.5917 3.7985 -8.3551 1.7743 27.1712 -3.0346 0.1710
Car -1 -1 -2.5016 328.7891 178.5113 440.4976 221.2997 1.5279 1.6751 3.8339 -8.6441 1.7550 27.5693 -2.8031 0.1618
Car -1 -1 -2.9994 318.9395 178.8117 434.6803 224.0895 1.5995 1.5732 3.9167 -8.6445 1.8302 26.8794 -3.3081 0.1582
Car -1 -1 -3.1985 401.8358 175.2794 493.5070 207.6016 1.5571 1.7128 4.4184 -8.2423 1.6840 36.4052 -3.4200 0.1558
Car -1 -1 -4.8425 473.3251 179.8255 505.5902 204.9714 1.4350 1.4622 3.8691 -7.4866 1.8835 44.3842 -5.0091 0.1520
Car -1 -1 -2.6750 397.6669 175.7014 487.9753 207.6510 1.5560 1.6831 4.1613 -8.5192 1.7056 36.6842 -2.9020 0.1483
Car -1 -1 -2.6082 0.0000 198.8096 55.5996 374.0000 1.5213 1.6410 4.3393 -7.0180 1.7659 5.2621 -3.5109 0.1481
Car -1 -1 -7.2470 357.8762 179.2035 450.7899 223.4627 1.5374 1.5880 3.7059 -7.8310 1.7981 27.6514 -7.5210 0.1203
Car -1 -1 -4.8258 490.4145 176.5873 520.0622 200.5807 1.6421 1.6480 4.2984 -7.6739 1.9246 52.3815 -4.9709 0.1197
Car -1 -1 -2.7033 0.0000 200.4072 76.5777 374.0000 1.4840 1.6423 4.0755 -6.6672 1.7476 5.3055 -3.5771 0.1173
Car -1 -1 -4.9766 464.3024 179.1396 505.6877 205.0794 1.4813 1.5232 3.9428 -7.7580 1.8856 44.3351 -5.1493 0.1130
Car -1 -1 -5.0658 456.1169 178.1581 504.9600 204.5847 1.5125 1.6094 4.1662 -8.0458 1.8547 44.3853 -5.2445 0.1127
Car -1 -1 -8.0057 608.9814 176.0650 643.6173 202.3271 1.5745 1.6231 3.8471 0.9563 1.7868 45.7634 -7.9854 0.1119
Car -1 -1 -7.8046 615.3604 175.8065 644.1450 202.2419 1.5828 1.6344 3.9118 1.2534 1.7776 45.6628 -7.7778 0.1082
Car -1 -1 -4.7766 495.2792 175.8673 520.4698 200.5471 1.6975 1.5438 4.0849 -7.4667 1.9247 52.3129 -4.9181 0.1044
Car -1 -1 -4.7352 481.8988 181.0454 506.8196 206.0354 1.4221 1.4210 3.7840 -7.1735 1.9479 44.3536 -4.8951 0.0922
Pedestrian -1 -1 -4.8632 1094.3760 166.0215 1120.7815 219.8538 1.7330 0.6199 0.6325 16.2514 1.5127 23.6464 -4.2673 0.0898
Car -1 -1 -4.8384 471.5161 182.3621 505.0894 207.0852 1.3731 1.5273 3.8659 -7.4504 1.9765 43.7384 -5.0065 0.0761
Car -1 -1 -4.7516 479.7928 182.1301 505.9980 206.8009 1.3819 1.4213 3.7801 -7.1928 1.9717 43.9093 -4.9135 0.0759
Car -1 -1 -4.2554 347.2078 179.2038 441.7686 226.6152 1.5627 1.6568 4.1600 -7.8540 1.8154 26.5600 -4.5406 0.0750
Pedestrian -1 -1 -8.1390 740.1079 169.7169 751.4214 197.5562 1.7895 0.6004 0.5047 8.7447 1.5876 46.6627 -7.9553 0.0666
Car -1 -1 -5.5347 445.0171 178.7316 508.9503 204.5712 1.4889 1.5604 3.7830 -8.1642 1.8607 44.0091 -5.7174 0.0665
Car -1 -1 -7.4527 489.1035 174.9781 530.7756 199.2947 1.7624 1.7036 4.0161 -7.5832 1.9299 54.8334 -7.5898 0.0644
Car -1 -1 -4.4890 0.0000 193.0869 58.5062 374.0000 1.5233 1.6553 3.7974 -6.3344 1.7623 6.4787 -5.2426 0.0636
Car -1 -1 -8.1473 600.4827 176.1897 642.8183 202.6013 1.5790 1.5989 3.9638 0.6559 1.8002 45.7986 -8.1336 0.0604
Car -1 -1 -7.4804 331.2253 180.9042 418.8978 229.4431 1.5437 1.6440 3.8725 -8.2648 1.8511 25.5904 -7.7902 0.0570
Car -1 -1 -7.2517 331.9912 181.4943 436.3137 229.7558 1.5155 1.6061 3.8537 -7.9069 1.8452 25.4812 -7.5501 0.0564
Car -1 -1 -4.3857 320.2934 183.1540 403.7052 231.9990 1.4521 1.5192 3.6729 -8.2120 1.8216 24.0628 -4.7116 0.0499
Car -1 -1 -4.2357 337.8739 178.8463 432.9277 227.4134 1.5951 1.5883 4.1372 -8.1427 1.8322 26.4116 -4.5324 0.0484
Car -1 -1 -7.6386 329.0336 181.5990 400.7188 230.4813 1.5385 1.6019 3.7912 -8.5727 1.8697 25.3851 -7.9616 0.0463
Car -1 -1 -5.0760 453.8043 179.3278 500.3685 204.6522 1.4398 1.5520 3.7736 -8.1919 1.8529 44.0675 -5.2591 0.0453
Car -1 -1 -7.7182 329.7699 183.7547 395.2272 233.0493 1.4822 1.5975 3.8118 -8.3979 1.8843 24.6123 -8.0443 0.0428
Car -1 -1 -6.9349 603.9726 174.7533 675.0118 201.7795 1.6223 1.6643 4.3647 1.8543 1.7469 45.5172 -6.8950 0.0377
Car -1 -1 -2.8315 469.2182 176.6626 519.7540 199.0320 1.6219 1.5411 3.4052 -8.6057 1.9103 53.6810 -2.9901 0.0375
Car -1 -1 -4.9961 462.3758 180.9644 504.4851 206.6171 1.4422 1.5489 3.6675 -7.7581 1.9566 43.8083 -5.1707 0.0351
Car -1 -1 -8.2896 592.3250 176.3220 642.3839 202.8328 1.5804 1.6097 4.0425 0.3799 1.8105 45.7548 -8.2818 0.0333
Car -1 -1 -7.5903 327.3961 184.0334 405.0448 231.5211 1.4366 1.5909 3.6805 -8.2563 1.8466 24.5974 -7.9114 0.0318
Car -1 -1 -2.8328 307.3688 183.1844 431.4228 229.2395 1.4801 1.5157 3.6785 -8.0878 1.8390 24.3123 -3.1512 0.0301
Car -1 -1 -5.8049 440.4857 179.6609 508.0811 204.3141 1.4229 1.5350 3.7280 -8.2307 1.8461 43.6187 -5.9907 0.0297
Car -1 -1 -2.5675 293.3823 182.3566 418.2918 231.3648 1.5473 1.6034 3.7237 -8.6374 1.8853 24.4703 -2.9039 0.0286
Car -1 -1 -7.8514 479.1621 176.3761 504.1439 200.3569 1.5698 1.6400 4.0942 -8.2290 1.8242 50.0167 -8.0140 0.0269
Car -1 -1 -7.9228 640.8838 174.9588 661.1684 191.9653 1.5295 1.6102 4.0501 3.7849 1.7319 67.4325 -7.8674 0.0265
Car -1 -1 -6.7063 605.3230 174.9979 674.7747 202.0501 1.6288 1.6045 4.0431 1.8475 1.7672 45.1803 -6.6662 0.0260
Car -1 -1 -3.1729 460.1373 177.7836 518.7930 199.7174 1.4930 1.6485 4.0153 -8.5376 1.8483 50.8553 -3.3387 0.0260
Car -1 -1 -2.8516 361.7078 177.7010 463.4491 212.7860 1.5433 1.5794 4.1863 -8.9682 1.7691 32.8132 -3.1167 0.0256
Car -1 -1 -6.1245 320.6187 182.0782 441.8079 228.9778 1.4916 1.5460 3.7037 -7.6926 1.8162 24.3846 -6.4275 0.0253
Car -1 -1 -8.0291 635.7166 175.0854 660.2874 192.0215 1.5199 1.5975 4.0924 3.4982 1.7347 67.4418 -7.9778 0.0242
Car -1 -1 -2.7953 276.1441 183.6606 402.4943 229.1940 1.4671 1.4229 3.7264 -9.1075 1.8419 24.3212 -3.1504 0.0235
Car -1 -1 -8.0784 635.1199 175.9356 659.8178 192.1558 1.4503 1.5357 3.5544 3.4364 1.7447 67.1148 -8.0278 0.0232
Car -1 -1 -6.3224 329.8805 182.0405 449.9444 230.1504 1.5111 1.6501 3.7947 -7.5321 1.8419 24.6001 -6.6170 0.0218
Car -1 -1 -2.8027 458.9225 177.5409 520.9187 199.7627 1.5329 1.6766 4.0327 -8.5716 1.8744 51.4438 -2.9674 0.0201
Car -1 -1 -2.7228 279.6847 182.9978 403.4718 228.5135 1.4694 1.4747 3.6626 -9.1208 1.8261 24.5323 -3.0757 0.0200
Pedestrian -1 -1 -6.9870 723.3442 179.7196 745.4839 220.3122 1.8534 0.8135 0.6422 5.7545 2.1780 33.6312 -6.8197 0.0193
Car -1 -1 -3.0661 461.1259 178.0125 518.8159 199.8419 1.5022 1.6558 3.9187 -8.4955 1.8745 51.1234 -3.2303 0.0192
Car -1 -1 -6.6037 607.4830 175.3269 672.7451 201.9698 1.6033 1.5689 3.7565 1.8299 1.7613 44.9297 -6.5638 0.0160
Car -1 -1 -2.9570 433.8833 179.5454 505.7227 203.7956 1.4092 1.6328 3.9921 -8.3913 1.8173 43.2153 -3.1481 0.0140
Car -1 -1 -7.6929 316.3417 170.6754 364.6870 204.6975 1.5058 1.5696 3.5313 -12.6094 1.4091 33.8189 -8.0475 0.0115
Pedestrian -1 -1 -7.4920 719.8174 178.7843 740.9767 219.8714 1.8796 0.7495 0.7767 5.5811 2.1605 33.6836 -7.3299 0.0110
Car -1 -1 -2.5466 470.5850 177.8134 532.7365 197.9016 1.4946 1.7607 4.6041 -8.4977 1.8939 56.3529 -2.6959 0.0104
Car -1 -1 -2.4071 473.0920 177.0736 533.1240 197.8437 1.5487 1.7586 4.6924 -8.4446 1.8916 56.6572 -2.5548 0.0100
Car -1 -1 -4.4632 505.5154 176.0230 538.7175 197.3140 1.6067 1.6322 4.1991 -6.9595 1.8677 57.2893 -4.5839 0.0088
Car -1 -1 -2.2013 325.6169 156.6566 389.0165 183.3196 1.6728 1.7339 4.2642 -16.5820 0.6563 47.1922 -2.5375 0.0086
Car -1 -1 -3.4340 0.0000 196.0453 93.0386 374.0000 1.5037 1.5721 4.6112 -6.2911 1.7310 4.6460 -4.3409 0.0056
Car -1 -1 -3.3120 451.5863 176.2970 520.8895 199.1836 1.5374 1.7147 4.5567 -8.6974 1.7856 50.5106 -3.4820 0.0055
Pedestrian -1 -1 -5.9232 192.2909 175.2304 229.0534 274.3474 1.9101 0.5394 0.4728 -7.9155 1.9576 14.2195 -6.4236 0.0023
Car -1 -1 -6.3429 692.9545 169.1681 760.3453 195.5808 1.7070 1.9504 4.2927 7.6414 1.4685 47.8102 -6.1858 0.0009
