Car -1 -1 -7.1013 650.1332 196.4561 748.7317 242.6095 1.5073 1.5956 3.7003 3.3658 2.4558 27.2047 -6.9805 0.9956
Car -1 -1 -3.4571 1085.2532 186.5353 1241.0000 297.1646 1.4557 1.6023 4.2201 10.1362 1.7016 11.4320 -2.7452 0.9660
Car -1 -1 -7.1040 648.3556 196.1540 752.7937 241.3698 1.4696 1.6590 3.9874 3.4338 2.4142 27.3439 -6.9814 0.8928
Car -1 -1 -7.0837 649.0765 195.7298 744.0892 241.1371 1.4931 1.5517 3.5060 3.2465 2.4080 27.1570 -6.9669 0.8503
Car -1 -1 -6.5478 1085.0173 189.0752 1241.0000 300.8104 1.4289 1.5526 4.3549 10.1257 1.7208 11.3518 -5.8329 0.7861
Car -1 -1 -6.5296 1097.5396 186.2367 1241.0000 300.9680 1.4466 1.6654 4.4369 10.3379 1.6882 11.2758 -5.8012 0.6906
Car -1 -1 -6.6308 1086.2302 186.4758 1241.0000 296.3173 1.4624 1.6519 4.3013 10.2868 1.7090 11.5329 -5.9157 0.5452
Car -1 -1 -6.5617 1095.4973 183.5985 1241.0000 299.8349 1.4819 1.7073 4.6517 10.4794 1.6768 11.3183 -5.8283 0.5379
Car -1 -1 -6.8462 1089.9680 181.2761 1241.0000 288.5796 1.4930 1.7110 4.8649 10.6812 1.6416 11.4969 -6.1109 0.4448
Car -1 -1 -3.1687 443.0384 185.0922 503.1072 207.1781 1.4526 1.6553 4.0308 -9.5382 2.3224 50.0653 -3.3564 0.4418
Pedestrian -1 -1 -4.7543 1115.6931 176.3994 1146.5059 260.4527 1.6947 0.4912 0.4594 10.7021 1.7693 14.9017 -4.1415 0.3703
Car -1 -1 -9.3219 1084.1027 187.9105 1241.0000 308.1398 1.4333 1.6485 4.3658 10.1425 1.7139 11.3014 -8.6040 0.3454
Car -1 -1 -3.1662 439.1498 185.0782 499.4323 206.9239 1.4383 1.6256 4.0460 -9.8067 2.3078 50.1120 -3.3589 0.3124
Car -1 -1 -6.0964 1101.9934 185.2674 1241.0000 306.3912 1.4186 1.8275 4.4579 10.5320 1.6520 11.2581 -5.3579 0.2047
Pedestrian -1 -1 -4.7550 1117.2664 177.0905 1152.1328 261.9334 1.6865 0.5461 0.5686 10.6768 1.7752 14.7681 -4.1392 0.1941
Car -1 -1 -6.3632 448.5413 185.6877 509.1985 208.1001 1.4720 1.7489 4.0339 -9.1895 2.3910 50.3164 -6.5434 0.1426
Car -1 -1 -7.9552 542.4612 172.8872 595.7112 229.6627 2.3652 1.8868 5.0391 -1.9826 2.3665 32.7005 -8.0161 0.1231
Car -1 -1 -4.6845 459.6659 183.5244 485.2333 205.5429 1.4382 1.6763 4.4077 -9.8410 2.2362 51.6762 -4.8722 0.1117
Car -1 -1 -7.9723 541.1921 177.7693 590.2263 226.1131 2.0536 1.7586 4.2357 -2.1542 2.2958 33.3494 -8.0370 0.0962
Pedestrian -1 -1 -4.8005 1121.3783 174.7740 1155.9796 261.0279 1.7405 0.5297 0.4957 10.8729 1.7808 14.9230 -4.1809 0.0904
Car -1 -1 -4.1081 299.0177 168.9425 356.7598 197.1531 1.7868 1.6837 3.8202 -18.6372 1.5387 47.7528 -4.4786 0.0347
Car -1 -1 -7.8520 453.7680 170.7501 478.2411 199.7019 2.1831 1.8157 4.2012 -11.3255 2.0241 56.6434 -8.0488 0.0332
Pedestrian -1 -1 -5.0725 1101.7289 188.4313 1140.0293 266.7639 1.5379 0.4719 0.5292 10.2786 1.8596 14.6039 -4.4694 0.0318
Car -1 -1 -7.0739 276.5748 161.8563 350.0320 193.3088 1.9365 1.7639 4.4818 -19.2029 1.2591 46.8326 -7.4612 0.0303
Car -1 -1 -3.9726 294.5727 169.1785 357.7599 196.0656 1.7020 1.7804 3.8221 -18.7632 1.4690 47.7772 -4.3451 0.0283
Car -1 -1 -7.9238 448.8912 171.4954 476.6035 199.2379 2.0866 1.8327 4.2433 -11.6050 1.9842 56.5598 -8.1256 0.0214
Car -1 -1 -7.8564 456.9840 171.0130 480.0672 199.1341 2.1225 1.7151 4.0011 -11.1267 1.9832 56.5889 -8.0500 0.0173
Pedestrian -1 -1 -4.6196 1129.6370 172.1749 1171.5679 266.1876 1.8479 0.6290 0.6754 10.9196 1.8342 14.6435 -3.9892 0.0171
Car -1 -1 -4.1013 299.4005 170.2601 356.5349 198.0600 1.7517 1.6884 3.6850 -18.5194 1.5879 47.4550 -4.4717 0.0155
Pedestrian -1 -1 -5.1631 1081.0811 183.1920 1119.9918 265.1683 1.6122 0.4521 0.5479 9.8428 1.8250 14.5682 -4.5790 0.0153
Car -1 -1 -7.3470 285.7025 159.5236 345.9162 192.7735 2.0375 1.6996 4.3227 -18.8929 1.2203 46.4632 -7.7314 0.0141
Car -1 -1 -4.6782 405.2126 180.7142 438.2680 214.8515 1.9045 1.7823 4.5848 -11.4092 2.4079 43.8054 -4.9319 0.0134
Car -1 -1 -4.0998 304.0970 170.7602 359.1747 199.2299 1.8136 1.5813 3.6837 -18.4681 1.6799 47.9429 -4.4659 0.0114
Car -1 -1 -4.0233 289.6297 166.0434 355.7137 196.2406 1.8823 1.8242 4.0981 -18.7555 1.4575 47.2070 -4.3997 0.0111
Car -1 -1 -3.6554 283.6134 163.7055 354.3542 191.9652 1.7748 1.8355 3.9152 -19.1111 1.2000 47.4170 -4.0368 0.0111
Car -1 -1 -1.8445 0.0000 217.8618 114.4752 295.4470 1.5172 1.5461 3.4189 -13.7330 2.7212 17.6614 -2.4983 0.0081
Car -1 -1 -4.9757 0.0000 217.1763 112.6433 298.6996 1.6241 1.6869 3.6636 -14.1888 2.8443 18.0887 -5.6340 0.0080
Car -1 -1 -4.0537 0.0000 212.7796 141.4494 290.4920 1.6112 1.7148 3.7039 -14.2952 2.7509 18.7381 -4.6988 0.0080
Car -1 -1 -4.8020 552.5449 178.6207 576.3361 195.8241 1.3417 1.6153 3.9106 -3.8256 1.8350 59.7076 -4.8661 0.0075
Car -1 -1 -4.6576 548.6351 177.9748 570.9796 195.7219 1.3922 1.6352 3.9103 -4.1484 1.8295 59.7025 -4.7271 0.0069
Pedestrian -1 -1 -3.6261 1160.8671 174.9122 1218.0503 267.2044 1.7280 0.5795 0.6599 11.0703 1.7682 13.8685 -2.9635 0.0068
Car -1 -1 -4.6897 407.5535 180.6632 441.1376 214.7610 1.8944 1.8587 4.3638 -11.1722 2.3901 43.4931 -4.9401 0.0068
Car -1 -1 -4.8567 0.0000 203.3444 110.1734 289.2321 1.6301 1.6899 4.4704 -13.6371 2.4560 17.3899 -5.5145 0.0066
Car -1 -1 -4.6978 551.3176 179.4501 575.8358 200.8811 1.4550 1.7082 4.2719 -3.3777 1.9545 52.5010 -4.7622 0.0065
Car -1 -1 -4.8881 547.1199 179.0777 581.9271 201.6368 1.5105 1.7494 4.4037 -3.3514 1.9785 51.9527 -4.9527 0.0065
Car -1 -1 -4.4432 0.0000 213.9542 102.0105 296.8678 1.6223 1.6306 3.7963 -14.3691 2.7782 18.2314 -5.1038 0.0062
Pedestrian -1 -1 -7.7589 234.8239 170.6717 258.0661 225.2560 2.0572 0.7417 0.5764 -13.9438 1.9747 27.5968 -8.2232 0.0060
Car -1 -1 -2.1415 0.0000 217.1107 144.0345 288.5568 1.4936 1.6077 3.3669 -13.6981 2.6855 18.0930 -2.7827 0.0060
Car -1 -1 -2.7860 0.0000 221.4366 179.5776 290.6943 1.4815 1.6729 4.0843 -13.7493 2.8309 18.6898 -3.4137 0.0059
Car -1 -1 -4.6284 0.0000 213.5426 78.5084 300.5173 1.5710 1.6237 4.0093 -13.7992 2.6565 17.1347 -5.2990 0.0059
Car -1 -1 -4.8219 553.3479 181.5887 582.7209 202.9043 1.3668 1.5967 4.0470 -2.9856 1.9992 50.1398 -4.8815 0.0058
Car -1 -1 -5.0158 542.8436 181.5076 583.0554 203.9845 1.4537 1.6549 4.1035 -3.3746 2.0866 50.5815 -5.0826 0.0057
Car -1 -1 -5.0579 546.6347 181.3248 588.8749 203.1254 1.4173 1.6595 4.1459 -3.0559 2.0405 50.8747 -5.1181 0.0054
Car -1 -1 -2.6338 0.0000 219.9444 162.9855 286.5728 1.5058 1.5627 3.4158 -13.8350 2.7892 18.6843 -3.2647 0.0054
Car -1 -1 -5.2112 0.0000 220.6647 125.5217 293.9792 1.5350 1.6441 3.7500 -14.5717 2.8655 18.5779 -5.8696 0.0054
Car -1 -1 -4.8146 558.1850 180.7200 588.1659 202.7410 1.4146 1.6560 4.1326 -2.6267 1.9837 50.0686 -4.8672 0.0053
Car -1 -1 -4.6950 377.8221 181.4338 410.4225 212.7913 1.7065 1.7657 4.3416 -12.8150 2.2436 42.8690 -4.9842 0.0052
Car -1 -1 -5.0103 543.3328 180.8128 583.1710 203.0152 1.4596 1.6660 4.1773 -3.4000 2.0499 51.2959 -5.0766 0.0052
Car -1 -1 -4.3076 0.0000 217.7559 119.3894 289.4292 1.4948 1.5260 3.4166 -14.6860 2.8038 19.1969 -4.9542 0.0050
Car -1 -1 -4.6927 557.3801 178.7356 577.5395 196.0922 1.3456 1.5791 3.9345 -3.4935 1.8448 59.2870 -4.7516 0.0050
Car -1 -1 -4.4800 545.4641 179.1249 580.8674 200.0382 1.4329 1.6678 4.2259 -3.4218 1.9125 52.9929 -4.5446 0.0048
Car -1 -1 -3.8280 0.0000 212.9446 160.5098 290.4745 1.6045 1.6181 3.8170 -14.2329 2.7795 19.1018 -4.4619 0.0048
Car -1 -1 -4.5575 0.0000 209.7493 105.3485 288.3378 1.5063 1.6327 4.1341 -13.9920 2.5448 18.1081 -5.2085 0.0048
Car -1 -1 -4.9555 550.4524 180.7239 586.4926 201.9907 1.4067 1.6427 4.0101 -3.0356 1.9915 51.4843 -5.0146 0.0047
Car -1 -1 -4.6272 544.2750 178.0474 567.7187 196.7281 1.4660 1.6054 3.9724 -4.4640 1.9100 59.7292 -4.7019 0.0046
Car -1 -1 -4.9747 553.0198 178.5675 584.0417 196.0036 1.3575 1.5969 3.9054 -3.4891 1.8463 59.6618 -5.0333 0.0043
Pedestrian -1 -1 -3.7516 1066.4553 169.3930 1095.6877 230.6250 1.6928 0.5117 0.4771 13.1414 1.5968 20.2125 -3.1823 0.0042
Car -1 -1 -4.7538 370.2766 185.5125 403.8184 214.5357 1.5280 1.7000 4.1621 -13.1121 2.3072 42.1904 -5.0538 0.0042
Car -1 -1 -4.4805 0.0000 216.1917 71.7572 299.7273 1.5290 1.6249 3.3944 -14.1521 2.6652 17.0402 -5.1660 0.0042
Car -1 -1 -4.4833 0.0000 214.8907 97.8778 283.9997 1.4581 1.4652 3.3602 -15.0113 2.6881 19.2854 -5.1382 0.0040
Car -1 -1 -1.9543 147.0954 187.7128 231.2156 228.4086 1.4122 1.5810 3.6447 -16.4364 2.0255 28.0535 -2.4804 0.0037
Car -1 -1 -4.2635 334.7808 181.2139 395.3883 213.5694 1.7436 1.7561 4.0596 -14.2474 2.2557 42.1023 -4.5882 0.0037
Pedestrian -1 -1 -7.8360 238.2945 170.0717 260.3815 222.6972 1.9922 0.7481 0.6040 -13.9084 1.8866 27.7478 -8.2971 0.0035
Car -1 -1 -4.7101 0.0000 215.8191 71.7341 283.2237 1.4033 1.4635 3.6756 -15.4457 2.6676 19.3387 -5.3775 0.0032
Car -1 -1 -4.4097 345.6624 181.6323 398.7014 213.8005 1.7277 1.7519 4.2131 -13.8105 2.2645 42.0263 -4.7257 0.0031
Car -1 -1 -4.2986 343.8240 179.3702 398.6891 211.8015 1.8002 1.6979 3.8128 -14.1372 2.2045 42.8257 -4.6160 0.0031
Car -1 -1 -6.6603 0.0000 0.0000 1241.0000 374.0000 1.5607 1.5920 3.6954 -3.3945 1.6569 1.3991 -7.7714 0.0030
Car -1 -1 -4.5517 357.1380 183.0614 400.6970 214.8055 1.6916 1.7459 4.3553 -13.4826 2.3206 42.1999 -4.8595 0.0029
Car -1 -1 -4.7590 428.0387 178.2945 449.3350 198.1051 1.5916 1.5635 4.3391 -14.6617 2.0726 61.5325 -4.9923 0.0029
Car -1 -1 -8.2154 604.3976 175.7022 666.5482 217.9848 1.9757 1.8366 3.9035 1.1694 2.1266 36.1478 -8.1840 0.0023
Car -1 -1 -4.6393 363.9746 180.4646 401.2290 213.5660 1.8062 1.7881 4.3382 -13.4502 2.2813 42.7530 -4.9427 0.0019
Car -1 -1 -2.1521 151.4489 184.1513 237.5692 226.3824 1.5021 1.4300 3.0502 -16.0009 1.9564 27.7030 -2.6719 0.0019
Car -1 -1 -4.8105 370.7343 180.4296 409.8778 213.0201 1.7870 1.8189 4.2327 -13.1530 2.2617 42.9371 -5.1065 0.0018
Car -1 -1 -2.0557 152.2864 184.4427 240.7091 228.0496 1.5415 1.5630 3.4129 -16.0623 2.0150 27.9214 -2.5739 0.0017
Cyclist -1 -1 -7.5494 236.2492 176.6263 264.7845 225.5275 1.8186 0.5070 1.6622 -13.8921 1.9683 27.8270 -8.0090 0.0017
Car -1 -1 -2.4538 114.5578 185.3124 227.7823 223.4579 1.4112 1.6614 3.5829 -17.3226 1.9214 28.4813 -2.9963 0.0017
Car -1 -1 -1.9110 149.8169 185.5408 233.0786 228.7347 1.5144 1.6080 3.9351 -16.4978 2.0449 28.2967 -2.4350 0.0015
Pedestrian -1 -1 -3.8734 1075.0635 171.4057 1102.9126 224.6140 1.4695 0.5036 0.4197 13.3612 1.4292 20.2085 -3.2963 0.0013
Car -1 -1 -7.3125 306.1979 179.6443 388.2470 216.2901 1.4287 1.5887 3.7417 -11.1861 1.7376 30.8582 -7.6579 0.0010
Car -1 -1 -7.5085 305.7579 177.7565 375.4077 216.7904 1.5329 1.5775 3.7911 -11.4203 1.7542 30.7148 -7.8620 0.0009
Cyclist -1 -1 -4.5938 440.9203 175.1559 450.7085 193.8088 1.7283 0.6937 1.7850 -15.4889 1.9479 68.0053 -4.8172 0.0009
Pedestrian -1 -1 -3.5915 1223.7816 150.7468 1241.0000 219.5218 1.8615 0.5385 0.3459 17.1795 1.2628 19.8334 -2.8853 0.0008
Cyclist -1 -1 -5.1201 1102.2085 180.1562 1162.8110 263.6368 1.6223 0.4608 1.4498 10.7131 1.7806 14.9109 -4.5071 0.0008
Pedestrian -1 -1 -4.8356 903.3217 192.5210 927.4711 265.0952 1.5414 0.4323 0.4190 6.5982 1.9767 15.7236 -4.4460 0.0008
Cyclist -1 -1 -8.0793 593.9153 185.1404 606.1344 219.2528 1.7851 0.3188 1.5590 -0.5853 2.4646 39.1259 -8.0949 0.0006
Cyclist -1 -1 -8.0504 906.8672 184.9315 946.5106 275.5406 1.7719 0.3848 1.9011 6.6526 2.0446 15.3382 -7.6493 0.0004
Cyclist -1 -1 -4.6479 442.3349 174.8580 451.2950 194.0660 1.7829 0.6980 2.0293 -15.4498 1.9751 68.2512 -4.8700 0.0004
Pedestrian -1 -1 -5.4297 890.7639 202.9066 917.8143 267.5013 1.3439 0.3927 0.3664 6.2556 1.9979 15.4716 -5.0532 0.0004
Car -1 -1 -6.4070 450.3866 169.5283 503.8593 199.5613 2.2665 1.6250 3.8967 -10.3136 2.0152 55.8138 -6.5892 0.0003
Pedestrian -1 -1 -4.9140 908.5687 197.7839 932.9972 267.2713 1.4459 0.3918 0.4632 6.6056 1.9892 15.4689 -4.5183 0.0002
