Car -1 -1 -7.9837 711.2202 169.7133 777.5604 230.4549 1.8056 1.6076 3.7475 4.2147 1.7119 23.3568 -7.8081 0.9999
Car -1 -1 -2.8792 351.4189 176.4232 514.3940 229.9735 1.4187 1.6221 4.1274 -4.8964 1.5221 20.0949 -3.1158 0.9998
Car -1 -1 -5.1696 825.6602 199.4002 1241.0000 374.0000 1.4516 1.6609 3.9728 2.9073 1.7193 5.2804 -4.6910 0.9993
Car -1 -1 -4.5618 534.3806 166.0268 601.7816 226.4502 1.8383 1.6562 3.9897 -1.3536 1.6303 24.0153 -4.6182 0.9976
Car -1 -1 -4.6662 586.7573 174.9669 625.6520 211.5849 1.5373 1.5738 4.0922 -0.1595 1.6386 32.6083 -4.6717 0.9511
Car -1 -1 -4.6555 589.0248 176.1463 626.3226 211.8884 1.4941 1.4686 3.7663 -0.0993 1.6505 32.4348 -4.6591 0.9404
Car -1 -1 -7.7677 596.4350 173.9842 632.7518 204.7557 1.5558 1.6302 3.7066 0.2513 1.6189 38.5434 -7.7617 0.9313
Car -1 -1 -4.6644 586.5452 175.5715 623.9359 211.7216 1.5167 1.5081 3.7345 -0.2089 1.6458 32.4544 -4.6714 0.7552
Car -1 -1 -7.7311 598.3525 174.7315 635.7081 204.7044 1.5117 1.5708 3.5725 0.3796 1.6165 38.5002 -7.7218 0.7468
Car -1 -1 -4.6923 590.6808 175.6058 626.4151 211.8727 1.5192 1.5125 3.8765 -0.0718 1.6502 32.4722 -4.6951 0.7040
Car -1 -1 -4.4376 609.8066 172.4915 653.7565 200.2429 1.5989 1.6277 4.0540 1.3367 1.5777 43.7496 -4.4077 0.6542
Car -1 -1 -4.6973 582.9586 174.7857 621.8566 211.0348 1.5267 1.6512 4.3840 -0.3576 1.6202 32.8189 -4.7086 0.6226
Car -1 -1 -7.7710 598.7457 173.1323 634.4415 204.6270 1.5977 1.6005 3.8570 0.3601 1.6131 38.6322 -7.7622 0.6162
Car -1 -1 -7.7690 594.1678 174.5282 630.4958 205.0969 1.5435 1.6386 3.6630 0.1300 1.6370 38.5362 -7.7661 0.5521
Car -1 -1 -4.5784 595.1644 172.9905 635.3812 205.1495 1.6152 1.6574 3.6596 0.2874 1.6225 38.1842 -4.5714 0.5364
Car -1 -1 -4.7642 587.1847 174.7155 628.4028 212.1927 1.5595 1.6342 3.5378 -0.1896 1.6464 32.0174 -4.7707 0.5228
Car -1 -1 -4.5951 610.3173 172.6862 644.7704 200.1731 1.5883 1.6413 3.9568 1.0727 1.5783 43.7663 -4.5712 0.4205
Car -1 -1 -4.2456 611.0730 172.6024 664.7301 200.6049 1.6156 1.6151 4.0305 1.7087 1.6008 43.7827 -4.2073 0.4125
Car -1 -1 -4.7483 584.6168 176.7962 623.2957 212.4341 1.4801 1.5848 3.5453 -0.3585 1.6655 32.1754 -4.7600 0.4044
Car -1 -1 -4.4492 611.6398 172.7685 652.8950 200.3834 1.5900 1.6257 3.5278 1.3474 1.5848 43.4681 -4.4189 0.3994
Car -1 -1 -4.6035 610.5796 173.1256 644.0298 200.5917 1.5776 1.6340 3.5831 1.0430 1.5944 43.3656 -4.5801 0.3958
Car -1 -1 -4.7787 590.4424 174.3560 634.9475 212.6580 1.5755 1.6969 3.7917 0.0193 1.6454 31.7806 -4.7787 0.3010
Car -1 -1 -7.9359 592.5646 172.4014 630.2463 204.5447 1.6285 1.6817 4.0086 -0.0137 1.6053 38.6236 -7.9367 0.2928
Car -1 -1 -4.5723 591.2369 175.3517 637.7767 211.8940 1.5217 1.5698 3.8210 0.2168 1.6403 32.3257 -4.5663 0.2868
Car -1 -1 -4.4154 585.5708 174.0634 637.8105 205.1007 1.5374 1.7154 3.7954 0.1065 1.6043 37.9690 -4.4131 0.2585
Car -1 -1 -4.1977 585.8494 174.0869 648.6306 205.5580 1.5463 1.6415 3.7554 0.3914 1.6138 37.6472 -4.1879 0.2554
Car -1 -1 -4.9365 580.2983 175.5220 635.2049 213.8556 1.5549 1.6049 3.6868 -0.2024 1.6785 31.5212 -4.9435 0.2553
Pedestrian -1 -1 -8.1326 1073.9044 170.2564 1126.0754 273.0923 1.7270 0.6125 0.5503 8.4018 1.6831 12.4713 -7.5514 0.2395
Pedestrian -1 -1 -8.2650 1077.4503 168.3596 1131.8125 271.8876 1.7448 0.6072 0.5374 8.4872 1.6687 12.4776 -7.6794 0.2294
Cyclist -1 -1 -3.3548 756.5813 171.8878 791.1841 207.4272 1.8077 0.6794 1.6240 8.3665 1.7583 37.0464 -3.1349 0.2068
Car -1 -1 -8.1502 629.7584 171.0071 662.5224 192.5124 1.5877 1.5328 3.5244 2.7003 1.4511 55.1679 -8.1019 0.2022
Car -1 -1 -8.0310 582.2282 173.5656 629.3416 204.6896 1.5670 1.8027 4.1750 -0.3259 1.6070 38.6467 -8.0398 0.1911
Car -1 -1 -8.0953 633.2201 171.3547 663.6909 192.3177 1.5495 1.5326 3.4806 2.8798 1.4384 55.1870 -8.0438 0.1893
Car -1 -1 -4.2269 593.1262 174.2413 651.1568 205.0415 1.5270 1.5567 3.5852 0.6468 1.6033 37.8943 -4.2105 0.1781
Car -1 -1 -4.4951 606.8436 173.3582 647.8138 201.8802 1.6113 1.7163 3.4924 1.0325 1.6422 42.7304 -4.4715 0.1781
Car -1 -1 -4.7190 609.3384 173.2110 638.1641 199.9176 1.5434 1.6680 3.8718 0.7796 1.5657 43.6943 -4.7017 0.1735
Pedestrian -1 -1 -8.1211 1075.6055 168.7778 1129.8916 273.4456 1.7398 0.6284 0.5910 8.3804 1.6718 12.3723 -7.5374 0.1673
Pedestrian -1 -1 -8.1683 1084.3344 168.3611 1140.2339 272.2562 1.7262 0.6320 0.5778 8.5303 1.6512 12.3526 -7.5757 0.1639
Car -1 -1 -5.0364 587.1145 174.5099 637.1959 200.9349 1.5124 1.7692 4.2644 0.0353 1.6181 43.8871 -5.0361 0.1485
Car -1 -1 -7.9660 639.8669 171.5492 665.5212 192.6339 1.5598 1.5682 3.5075 3.2058 1.4630 55.1723 -7.9086 0.1392
Cyclist -1 -1 -8.1127 762.2950 171.5118 783.0433 207.5152 1.8080 0.6490 1.5865 8.2998 1.7403 37.0397 -7.8945 0.1352
Car -1 -1 -8.2180 575.6125 174.5311 631.3806 205.2621 1.5321 1.6515 3.9593 -0.4439 1.6259 38.3509 -8.2300 0.1345
Car -1 -1 -4.7883 605.8790 173.4610 638.2092 200.4846 1.5496 1.6600 3.6331 0.6480 1.5873 43.3234 -4.7739 0.1248
Car -1 -1 -4.1991 599.0658 175.0166 654.9297 205.1898 1.5051 1.4902 3.3645 0.8994 1.6244 38.0811 -4.1762 0.1113
Car -1 -1 -8.0372 580.7504 174.0711 627.0004 204.1936 1.4902 1.7313 3.9435 -0.4179 1.5575 37.9667 -8.0487 0.1098
Car -1 -1 -7.9047 599.0327 171.1090 632.8457 202.7235 1.7238 1.7092 4.5400 0.2539 1.6283 41.6479 -7.8991 0.1092
Pedestrian -1 -1 -5.3237 809.2246 160.5390 831.1829 213.0212 1.9596 0.5844 0.5545 7.9049 1.4995 27.2989 -5.0453 0.1076
Car -1 -1 -7.4142 598.5033 175.4038 652.1310 205.1510 1.4889 1.4657 3.5905 0.8237 1.6311 38.3808 -7.3935 0.1075
Car -1 -1 -5.1990 575.8617 174.8587 634.7207 201.2989 1.4964 1.7295 4.2959 -0.3797 1.6233 43.4864 -5.2082 0.1013
Cyclist -1 -1 -8.2435 762.6902 171.1360 788.2652 207.2844 1.8140 0.6977 1.6597 8.4519 1.7275 37.0842 -8.0217 0.0994
Pedestrian -1 -1 -5.1632 1200.8827 157.6548 1241.0000 258.5047 1.6478 0.5932 0.5819 10.3974 1.3992 12.1437 -4.4674 0.0935
Car -1 -1 -8.2584 575.0377 173.9920 634.6049 205.1525 1.5591 1.6741 4.1352 -0.3791 1.6231 38.4952 -8.2687 0.0867
Pedestrian -1 -1 -7.4179 264.7154 180.6391 301.1808 253.5264 1.5374 0.5997 0.3982 -7.0579 1.7061 15.4655 -7.8401 0.0824
Car -1 -1 -4.9132 598.0847 173.6525 639.0264 200.3018 1.5303 1.7234 3.8912 0.4323 1.5806 43.6323 -4.9038 0.0777
Pedestrian -1 -1 -7.9673 764.3983 172.6351 778.6458 207.4449 1.7804 0.6486 0.6288 8.2960 1.7689 37.2505 -7.7504 0.0736
Pedestrian -1 -1 -5.3679 809.7280 160.1389 832.7101 213.0471 1.9641 0.6050 0.5744 7.9036 1.4918 27.1634 -5.0882 0.0646
Pedestrian -1 -1 -7.8756 766.3069 172.4859 779.6428 208.3571 1.8156 0.6469 0.7638 8.3043 1.7967 36.9587 -7.6568 0.0634
Car -1 -1 -8.1704 592.8152 174.3326 639.1658 200.7908 1.4961 1.6418 3.8558 0.2713 1.5884 43.1197 -8.1646 0.0631
Pedestrian -1 -1 -4.2622 401.5729 194.4095 425.8934 250.1082 1.1532 0.3574 0.4082 -4.2263 1.6186 15.3536 -4.5271 0.0615
Car -1 -1 -2.6407 563.4093 174.2654 643.8380 204.3134 1.5304 1.6702 3.9873 -0.3908 1.6089 38.5825 -2.6512 0.0557
Car -1 -1 -5.1284 584.8735 173.6865 638.3452 200.3642 1.5239 1.7344 4.0373 0.0062 1.5764 43.5513 -5.1287 0.0555
Car -1 -1 -4.1232 563.0869 174.1004 636.9014 205.6429 1.5130 1.6060 4.4243 -0.4812 1.5807 37.0840 -4.1366 0.0454
Car -1 -1 -4.1229 570.8569 174.8081 641.5495 205.1337 1.4483 1.6204 4.0800 -0.1723 1.5537 36.8856 -4.1281 0.0408
Car -1 -1 -7.7618 601.2556 171.9417 636.4477 202.2152 1.6576 1.6583 4.1765 0.5230 1.6073 41.6696 -7.7498 0.0347
Car -1 -1 -2.4066 561.9734 173.8143 639.0029 204.8542 1.5712 1.5315 4.1617 -0.5898 1.6248 38.5902 -2.4223 0.0300
Car -1 -1 -2.7495 563.8740 174.6615 638.5176 204.0460 1.4881 1.4890 3.6463 -0.5026 1.5866 38.0748 -2.7631 0.0251
Car -1 -1 -2.4077 559.2001 174.8579 635.7012 205.2066 1.5099 1.5882 3.9948 -0.7384 1.6206 38.0586 -2.4275 0.0236
Car -1 -1 -2.5543 558.5381 174.1026 637.6459 204.9983 1.5603 1.5398 4.0172 -0.6948 1.6293 38.3106 -2.5728 0.0236
Car -1 -1 -4.6162 617.8752 174.3540 651.4482 204.5712 1.5197 1.4628 3.4075 1.3056 1.6026 38.2492 -4.5829 0.0232
Pedestrian -1 -1 -7.7052 254.1044 182.7121 290.7460 253.6371 1.4831 0.6563 0.4129 -7.2781 1.6980 15.4593 -8.1390 0.0229
Car -1 -1 -8.1396 584.3088 170.7945 635.7698 202.3784 1.7195 1.7061 4.7155 -0.1063 1.6071 41.7856 -8.1426 0.0219
Cyclist -1 -1 -5.0217 1194.8345 160.3853 1241.0000 266.1601 1.6551 0.5201 1.6341 10.4147 1.4597 12.1448 -4.3252 0.0202
Pedestrian -1 -1 -8.0332 1213.7100 160.0463 1241.0000 264.2238 1.6474 0.6163 0.6417 10.3209 1.4446 11.8420 -7.3290 0.0202
Car -1 -1 -3.3311 607.1755 171.1227 663.2255 192.0018 1.5330 1.6255 3.9621 1.8408 1.4056 54.0889 -3.2976 0.0191
Car -1 -1 -8.1126 587.3256 170.9283 637.8900 201.9010 1.7008 1.7704 4.8019 0.0426 1.5948 42.1697 -8.1121 0.0172
Pedestrian -1 -1 -7.7410 765.5787 172.0569 779.5969 208.0866 1.8294 0.6326 0.6735 8.3127 1.7886 37.0567 -7.5225 0.0167
Car -1 -1 -8.4057 569.4559 170.0471 637.4443 201.5220 1.7109 1.7035 4.7005 -0.4871 1.5580 41.6632 -8.4178 0.0160
Car -1 -1 -3.2029 605.7947 170.8333 661.6276 192.1275 1.5768 1.6583 4.1040 1.7264 1.4269 54.3204 -3.1716 0.0154
Car -1 -1 -7.7346 602.3074 172.2862 637.2524 201.7075 1.5967 1.5540 3.8063 0.5639 1.5656 41.1464 -7.7215 0.0123
Pedestrian -1 -1 -4.8083 1211.5413 151.3051 1241.0000 254.0164 1.6830 0.6224 0.5880 10.5891 1.3296 12.2415 -4.1073 0.0119
Car -1 -1 -3.4524 555.1809 172.3538 637.8257 204.3072 1.6649 1.7401 4.1421 -0.7781 1.6385 39.0902 -3.4726 0.0103
Car -1 -1 -4.0170 559.4888 174.2446 638.8765 205.9145 1.5020 1.5793 4.3965 -0.5222 1.5766 36.6201 -4.0316 0.0100
Pedestrian -1 -1 -4.8665 521.1707 164.3274 538.4782 206.9366 1.7386 0.5817 0.8986 -3.3763 1.3904 29.9514 -4.9783 0.0083
Pedestrian -1 -1 -4.7628 1204.1405 151.4594 1241.0000 256.2107 1.7354 0.6276 0.7812 10.6301 1.3807 12.4547 -4.0682 0.0077
Cyclist -1 -1 -4.7118 1210.6268 158.4860 1241.0000 254.5374 1.5582 0.5244 1.7286 10.7246 1.3248 12.5366 -4.0160 0.0071
Cyclist -1 -1 -7.6865 621.7610 170.9993 634.0167 202.5964 1.7335 0.4214 1.6448 0.9715 1.6314 40.4328 -7.6631 0.0070
Cyclist -1 -1 -4.6764 1212.3138 156.1738 1241.0000 257.8975 1.6315 0.5550 1.6746 10.6840 1.3636 12.3791 -3.9765 0.0063
Car -1 -1 -2.6044 568.3434 174.1059 643.8754 200.5007 1.5183 1.6647 4.3046 -0.2895 1.5966 43.4835 -2.6114 0.0061
Pedestrian -1 -1 -5.9196 506.2480 167.9738 526.8661 215.0119 1.6358 0.6237 0.5353 -3.3400 1.4658 25.4573 -6.0493 0.0059
Car -1 -1 -2.7761 567.7607 173.9536 643.8527 200.3951 1.5217 1.6629 4.2387 -0.2849 1.5895 43.1736 -2.7831 0.0053
Car -1 -1 -1.8455 0.0000 194.1101 216.0862 374.0000 1.3327 1.6262 3.9696 -4.0335 1.4865 3.5812 -2.6535 0.0052
Pedestrian -1 -1 -8.0759 767.2816 171.8347 782.8357 207.9726 1.8394 0.6501 0.6468 8.4325 1.7872 37.0500 -7.8544 0.0050
Cyclist -1 -1 -5.5266 1044.5905 167.6790 1138.3302 263.4402 1.5733 0.4872 1.3970 8.3067 1.4880 12.5908 -4.9546 0.0039
Car -1 -1 -2.9115 565.8365 173.9846 642.8817 200.3174 1.5117 1.6873 4.3026 -0.3521 1.5805 42.8286 -2.9201 0.0032
Car -1 -1 -3.1295 563.4703 173.1984 640.3452 200.0142 1.5468 1.7180 4.4367 -0.5038 1.5672 42.5017 -3.1417 0.0025
Pedestrian -1 -1 -5.9498 557.1184 167.6673 571.6490 201.7671 1.6026 0.5432 0.5409 -2.2043 1.3586 34.2445 -6.0140 0.0004
Cyclist -1 -1 -7.3536 618.8782 176.1658 637.8580 205.0902 1.4685 0.3259 1.4652 0.9230 1.6437 37.5126 -7.3297 0.0002
Cyclist -1 -1 -8.6888 1059.6842 168.2599 1163.4598 273.4609 1.7054 0.5981 1.4317 8.5649 1.6306 12.4638 -8.0984 0.0001
Cyclist -1 -1 -3.6413 1044.4033 171.8460 1165.9456 271.6793 1.6706 0.6794 1.6071 8.4765 1.6534 12.4808 -3.0564 0.0001
Cyclist -1 -1 -8.6281 1054.1567 172.8555 1155.0558 274.2686 1.6424 0.5920 1.4321 8.4306 1.6421 12.4443 -8.0443 0.0000
