Car -1 -1 -8.3763 794.5137 181.1765 1198.6847 374.0000 1.4798 1.5309 3.4341 2.9729 1.5751 6.5044 -7.9658 0.9999
Car -1 -1 -8.1216 733.4001 180.4834 886.4973 282.6736 1.4237 1.4900 3.6750 3.1285 1.5719 12.1837 -7.8770 0.9995
Car -1 -1 -2.7588 319.7971 178.7569 419.7812 215.6981 1.8063 1.7569 4.4847 -12.1821 2.1140 36.6255 -3.0782 0.9991
Car -1 -1 -4.3361 164.4510 192.6638 342.4282 300.9810 1.4782 1.4726 3.5623 -5.9269 1.8667 12.3384 -4.7762 0.9991
Car -1 -1 -4.0281 0.0000 199.4572 208.1130 374.0000 1.5164 1.6306 3.9525 -5.9469 1.8516 7.1179 -4.7060 0.9977
Car -1 -1 -5.0534 280.1524 184.8760 324.8448 209.9956 1.4806 1.6481 3.1822 -19.6198 2.2740 45.9122 -5.4555 0.9601
Car -1 -1 -6.6353 778.4554 169.9061 861.6359 200.6365 1.5356 1.6078 3.7699 10.6914 1.3880 36.9939 -6.3565 0.8458
Car -1 -1 -4.9670 234.8482 185.9638 280.1371 211.2206 1.4480 1.6049 4.0415 -22.3238 2.3128 45.5586 -5.4206 0.8387
Car -1 -1 -3.4611 780.4861 170.7341 862.9343 200.3387 1.4793 1.6162 3.7281 10.7551 1.3730 36.9329 -3.1802 0.7639
Car -1 -1 -5.0813 281.1797 185.0499 326.8842 209.8520 1.4645 1.7029 3.0276 -19.5295 2.2691 45.9373 -5.4816 0.7297
Pedestrian -1 -1 -7.7702 800.6456 149.3027 833.1962 233.2991 1.8919 0.6634 0.8735 4.7659 1.3612 16.7766 -7.4986 0.7248
Car -1 -1 -4.8975 240.8625 186.1548 280.9006 211.2954 1.4393 1.5782 3.9403 -22.0986 2.3163 45.5370 -5.3473 0.7235
Car -1 -1 -5.0655 230.3381 185.5390 280.1443 211.0557 1.4700 1.5953 3.7977 -22.3486 2.2999 45.3328 -5.5215 0.6655
Pedestrian -1 -1 -7.7436 799.0896 150.3273 833.3526 233.4861 1.8817 0.6869 0.8396 4.7685 1.3717 16.8440 -7.4729 0.6148
Car -1 -1 -3.2816 781.8596 170.6231 867.3013 200.9123 1.4953 1.6046 3.9740 10.8107 1.3849 36.7002 -2.9977 0.5827
Car -1 -1 -5.0791 279.4578 184.6643 325.4894 210.8291 1.5377 1.5726 3.4006 -19.5630 2.3155 45.7690 -5.4812 0.5728
Pedestrian -1 -1 -7.6180 800.1585 149.6515 838.1304 232.2954 1.8708 0.6901 0.7942 4.8366 1.3453 16.8487 -7.3437 0.5696
Car -1 -1 -4.9068 390.3914 180.1512 428.0187 204.4289 1.4499 1.5844 4.0461 -13.0269 1.9423 46.5539 -5.1785 0.4868
Car -1 -1 -4.9072 241.8759 184.5550 282.4130 210.6508 1.4986 1.6552 3.3683 -21.7216 2.2569 44.9343 -5.3555 0.4611
Car -1 -1 -4.9998 227.1612 184.9022 277.9027 210.6278 1.4780 1.6990 4.4209 -22.7191 2.2778 45.7144 -5.4590 0.4606
Car -1 -1 -4.8383 245.8125 185.4960 281.9584 210.6365 1.4406 1.5956 3.7186 -21.8148 2.2697 45.3460 -5.2847 0.4397
Car -1 -1 -4.5142 397.2773 182.1119 435.1663 206.1406 1.4487 1.6316 3.9992 -12.6359 2.0793 47.1259 -4.7751 0.4082
Pedestrian -1 -1 -7.7339 831.4057 148.0406 864.1465 232.3719 1.8591 0.6416 0.5870 5.3246 1.3118 16.3068 -7.4242 0.3947
Car -1 -1 -5.6313 0.0000 0.0000 1236.2363 374.0000 1.6354 1.5867 3.8582 2.1498 1.5472 1.4424 -4.7420 0.3902
Pedestrian -1 -1 -7.6465 804.8379 149.2336 842.3589 233.1243 1.8832 0.6982 0.7473 4.8934 1.3527 16.6908 -7.3667 0.3901
Car -1 -1 -4.1375 314.7858 148.9307 1241.0000 374.0000 1.5994 1.5941 3.7774 1.1728 1.5798 2.2719 -3.7130 0.3712
Car -1 -1 -5.3518 0.0000 0.0000 1241.0000 374.0000 1.6416 1.6042 3.8535 1.8845 1.5646 1.5517 -4.5588 0.3694
Car -1 -1 -4.7487 398.3324 180.1940 426.7188 204.3148 1.4437 1.6209 4.2594 -12.8893 1.9430 46.8440 -5.0161 0.3630
Car -1 -1 -4.9284 0.0000 0.0000 1241.0000 374.0000 1.6176 1.6068 3.8026 1.5605 1.5791 1.7014 -4.2683 0.3614
Pedestrian -1 -1 -7.5440 827.2477 148.9803 865.2303 232.5796 1.8533 0.6534 0.6720 5.3389 1.3237 16.4587 -7.2361 0.3449
Pedestrian -1 -1 -3.6107 1018.8773 147.3019 1045.9465 196.0331 1.7167 0.6844 0.5858 15.0371 0.8163 25.7761 -3.0876 0.3422
Car -1 -1 -4.6789 401.0861 180.8844 428.7155 205.0862 1.4491 1.5920 4.1241 -12.6584 1.9946 46.8455 -4.9417 0.3412
Car -1 -1 -5.0513 0.0000 0.0000 1241.0000 374.0000 1.6424 1.6052 3.9466 1.6526 1.5516 1.4361 -4.2920 0.3175
Car -1 -1 -4.7159 453.8831 173.7421 1241.0000 374.0000 1.5924 1.6037 3.7051 1.3897 1.5970 2.0223 -4.1795 0.3113
Car -1 -1 -5.8955 0.0000 0.0000 1198.2913 374.0000 1.6203 1.6034 3.9537 2.4681 1.5130 1.4228 -4.9338 0.3053
Car -1 -1 -4.9297 241.5891 186.1986 284.2481 212.3660 1.4723 1.6131 3.7133 -21.4955 2.3323 44.5544 -5.3771 0.2801
Car -1 -1 -5.6038 857.8918 19.2208 1241.0000 374.0000 1.5401 1.5263 3.6669 2.1841 1.5317 1.9505 -4.8344 0.2652
Car -1 -1 -5.2561 223.8025 185.7466 280.9624 211.1404 1.4691 1.5674 3.5889 -22.3601 2.3023 45.0199 -5.7150 0.2517
Car -1 -1 -4.8444 246.6066 184.1566 285.9907 210.2408 1.4811 1.7396 3.6527 -21.3627 2.2126 44.7132 -5.2880 0.2478
Car -1 -1 -4.7380 398.3884 179.7804 426.1897 204.9102 1.4892 1.6081 4.2984 -12.7590 1.9555 46.3113 -5.0057 0.2301
Pedestrian -1 -1 -7.6180 822.9468 148.7637 860.2670 233.1574 1.8509 0.6635 0.6922 5.1806 1.3223 16.2918 -7.3159 0.2243
Pedestrian -1 -1 -3.6963 1021.2222 146.2353 1048.1388 195.8223 1.7386 0.6748 0.5491 15.0405 0.8050 25.6435 -3.1709 0.1516
Car -1 -1 -4.6821 401.7538 179.0231 429.8204 204.1530 1.4907 1.6031 4.2618 -12.4166 1.9044 46.1668 -4.9438 0.1514
Car -1 -1 -4.9303 243.4908 184.7078 289.5064 212.0446 1.5223 1.7081 4.0521 -21.0858 2.2822 44.1457 -5.3738 0.1511
Car -1 -1 -7.9107 682.3726 166.6050 707.4012 188.2086 1.6163 1.6976 3.9634 6.5265 1.1485 56.0116 -7.7956 0.1456
Car -1 -1 -8.9865 0.0000 0.0000 1241.0000 374.0000 1.5204 1.5850 3.7571 2.2233 1.5419 0.9602 -7.9306 0.1407
Car -1 -1 -9.2204 0.0000 0.0000 1199.8075 374.0000 1.5756 1.5771 3.8944 2.5449 1.4503 1.2209 -8.1874 0.1369
Car -1 -1 -9.1255 0.0000 0.0000 1241.0000 374.0000 1.5015 1.5877 3.8058 2.5626 1.4904 1.0112 -8.0265 0.1358
Car -1 -1 -6.1620 0.0000 0.0000 1241.0000 374.0000 1.6385 1.6240 3.8266 2.8607 1.4863 1.4734 -5.1456 0.1285
Car -1 -1 -4.6377 402.9746 180.7665 432.0992 204.9416 1.4511 1.5288 3.9974 -12.4729 1.9871 46.7938 -4.8972 0.1198
Car -1 -1 -4.5508 188.2803 191.6907 249.6022 232.3430 1.4208 1.5691 3.8561 -15.7941 2.2377 29.2227 -5.0428 0.0729
Car -1 -1 -2.6128 128.9323 189.0535 248.4639 227.3752 1.4237 1.5679 3.7716 -16.4870 2.0759 28.2693 -3.1370 0.0694
Cyclist -1 -1 -8.0783 816.8435 148.7255 861.5677 233.3757 1.8128 0.5706 1.7646 5.1145 1.2958 16.3524 -7.7809 0.0579
Car -1 -1 -3.9371 982.2673 162.6042 1065.6432 192.5551 1.4898 1.4991 3.7989 21.2540 0.9797 37.1351 -3.4209 0.0524
Car -1 -1 -5.0394 720.0950 170.3238 768.4507 199.7073 1.6003 1.5783 3.7697 7.5858 1.4622 41.2771 -4.8593 0.0506
Car -1 -1 -4.7360 737.2046 170.8962 766.6931 199.9276 1.5834 1.5539 3.7129 8.0506 1.4763 41.3132 -4.5453 0.0433
Car -1 -1 -4.9876 986.0481 161.8264 1039.4453 191.7421 1.4748 1.4886 3.5689 20.8089 0.9308 37.4767 -4.4842 0.0419
Car -1 -1 -4.8290 678.5453 166.2862 705.3239 187.7866 1.6105 1.6432 3.5987 6.2807 1.1182 55.8502 -4.7179 0.0417
Car -1 -1 -7.7420 737.6743 175.2179 793.9212 219.6935 1.4304 1.5504 3.6067 5.4883 1.5196 25.3693 -7.5319 0.0410
Car -1 -1 -4.4961 404.5339 181.0173 440.3332 205.4657 1.4762 1.4622 3.8031 -12.1467 2.0270 46.7812 -4.7491 0.0400
Car -1 -1 -2.8535 125.9346 192.6021 247.8998 233.1076 1.4310 1.5895 3.7696 -16.2968 2.2274 27.8911 -3.3785 0.0378
Car -1 -1 -7.9807 731.8724 171.7290 766.7724 199.7039 1.5268 1.5480 3.1612 7.8413 1.4651 41.0052 -7.7935 0.0331
Car -1 -1 -6.3354 730.6368 174.4700 851.5764 217.6962 1.3854 1.5431 3.8371 5.9790 1.4421 24.3205 -6.0977 0.0328
Car -1 -1 -4.9132 981.6999 161.0480 1030.1536 190.5956 1.4741 1.5490 3.4760 20.6858 0.8848 37.8845 -4.4169 0.0281
Car -1 -1 -3.6248 973.0723 163.5247 1067.8231 193.5274 1.5018 1.5532 3.9499 20.9251 1.0345 36.9505 -3.1131 0.0280
Car -1 -1 -4.4840 193.9803 193.1247 256.0977 231.9634 1.3598 1.3989 3.7707 -15.6187 2.2404 29.3528 -4.9695 0.0264
Car -1 -1 -7.6570 740.2111 172.6970 809.0713 217.4665 1.4460 1.6713 3.7249 5.8018 1.4406 25.3462 -7.4351 0.0232
Car -1 -1 -4.6584 997.2091 159.8574 1036.9015 190.9814 1.5394 1.6188 3.8255 21.2832 0.8963 37.7377 -4.1484 0.0222
Car -1 -1 -2.6354 144.4865 170.1935 208.4176 187.4256 1.4967 1.6182 4.6248 -38.1726 1.2654 63.5556 -3.1746 0.0220
Car -1 -1 -4.9009 996.2019 163.1154 1045.8596 193.1282 1.4623 1.5355 3.6925 21.0540 0.9875 37.1488 -4.3888 0.0196
Car -1 -1 -4.8335 987.4100 162.5273 1032.2621 194.0806 1.5282 1.5284 3.9213 20.4266 1.0278 37.0509 -4.3332 0.0194
Car -1 -1 -4.7620 995.2455 162.5537 1033.8795 192.1844 1.4668 1.5663 3.4904 21.0089 0.9566 37.6306 -4.2563 0.0189
Car -1 -1 -5.7700 141.7373 169.5245 200.0727 187.2241 1.5402 1.6618 4.1144 -38.7412 1.2502 63.6822 -6.3149 0.0185
Car -1 -1 -2.6262 147.2650 170.4576 211.3329 187.8720 1.5159 1.6748 4.6355 -38.0050 1.3070 63.6953 -3.1625 0.0184
Car -1 -1 -8.0511 753.2280 171.4648 825.0859 216.2850 1.4526 1.7159 3.7309 6.1361 1.4073 25.2811 -7.8161 0.0169
Car -1 -1 -3.4917 975.0966 163.4568 1073.7551 194.5676 1.5371 1.6083 4.0527 21.0057 1.0725 36.7753 -2.9764 0.0159
Car -1 -1 -4.8779 993.0858 163.2982 1043.0989 194.8751 1.5237 1.5865 3.8772 20.7634 1.0623 36.9096 -4.3691 0.0159
Car -1 -1 -4.7573 992.1030 162.1179 1034.5801 195.2556 1.5883 1.6878 3.9234 20.4220 1.0734 36.7164 -4.2534 0.0130
Cyclist -1 -1 -8.1861 1012.6907 95.0724 1241.0000 374.0000 1.7573 0.5068 1.6297 2.0947 1.5341 2.9192 -7.6110 0.0130
Car -1 -1 -6.8252 676.9383 166.7803 737.7433 187.5939 1.5523 1.6947 4.3879 7.4581 1.0990 55.4630 -6.6925 0.0129
Car -1 -1 -4.9834 977.9788 161.4453 1031.6849 191.0270 1.4675 1.5309 3.6196 20.5341 0.9012 37.7283 -4.4884 0.0106
Car -1 -1 -4.7682 1004.9200 161.5212 1042.8043 191.1905 1.4612 1.4865 3.6248 21.4134 0.9028 37.4906 -4.2528 0.0096
Car -1 -1 -5.4033 128.0543 168.2565 178.6526 186.4804 1.5766 1.6471 3.9478 -40.4086 1.1786 63.8214 -5.9660 0.0088
Car -1 -1 -3.1325 188.1157 183.5517 272.5717 211.4890 1.4450 1.5969 4.0939 -21.1358 2.0654 40.2206 -3.6139 0.0084
Car -1 -1 -4.7272 738.2581 171.5578 766.7148 198.7465 1.4810 1.5260 3.3459 8.0414 1.4101 41.0848 -4.5357 0.0084
Car -1 -1 -2.9985 200.8573 186.8610 270.8422 212.7616 1.3579 1.5240 3.2976 -20.9503 2.1672 40.4476 -3.4740 0.0076
Car -1 -1 -4.4583 736.1213 170.7499 778.8046 199.4989 1.5611 1.4795 3.8390 8.4305 1.4465 41.2289 -4.2584 0.0074
Car -1 -1 -6.6299 678.9018 167.3341 741.1506 187.6823 1.5203 1.6570 4.4145 7.6061 1.1076 55.1802 -6.4939 0.0049
Car -1 -1 -7.5757 398.2686 167.5221 432.0966 189.9201 1.6900 1.6489 3.4829 -15.1603 1.2874 56.1956 -7.8383 0.0048
Cyclist -1 -1 -7.8789 833.1944 151.0697 856.8883 232.3394 1.7624 0.4578 1.6618 5.3114 1.2897 16.5085 -7.5733 0.0043
Car -1 -1 -6.4447 681.0790 167.2127 743.1100 187.8294 1.5437 1.6477 4.4637 7.7066 1.1210 54.9020 -6.3062 0.0039
Car -1 -1 -7.6682 922.7668 160.9948 983.3644 201.2135 1.5224 1.6133 3.4836 13.8775 1.0732 29.1974 -7.2287 0.0032
Car -1 -1 -7.5130 399.0688 167.6845 437.5996 191.5638 1.7977 1.6921 3.9218 -14.9444 1.4082 56.3439 -7.7714 0.0027
Car -1 -1 -7.7303 926.9376 160.9432 982.2570 200.1281 1.4833 1.6108 3.5701 13.9670 1.0321 29.2512 -7.2889 0.0026
Cyclist -1 -1 -7.9992 804.9413 148.6186 846.1274 233.2216 1.8490 0.6564 1.6928 4.8970 1.3190 16.6519 -7.7186 0.0011
Pedestrian -1 -1 -2.8651 934.9221 128.7975 971.7299 223.2303 2.1858 0.7697 0.6105 8.1311 1.1658 17.1921 -2.4303 0.0007
Pedestrian -1 -1 -6.3429 581.6516 168.5160 587.6378 186.0948 1.4440 0.7108 0.4522 -2.1231 1.0874 59.6471 -6.3786 0.0005
Pedestrian -1 -1 -5.7398 932.9775 121.0330 974.8125 219.8414 2.2993 0.8004 0.5757 8.1706 1.0931 17.2522 -5.3043 0.0005
Pedestrian -1 -1 -6.5831 543.4213 171.3152 553.6049 193.8486 1.5553 0.7968 0.4927 -4.3166 1.4488 50.2625 -6.6687 0.0003
Pedestrian -1 -1 -3.4213 302.9228 167.2558 314.9806 191.9962 2.2450 0.8630 0.8127 -27.5875 1.7367 66.0664 -3.8156 0.0002
