Car -1 -1 -7.8774 595.5386 174.8049 625.2811 202.3434 1.6965 1.8210 4.7319 -0.0548 1.8302 47.1753 -7.8791 0.9666
Car -1 -1 -7.8377 596.9395 175.3094 624.9743 202.6468 1.6797 1.7391 4.4702 0.0624 1.8470 46.9881 -7.8369 0.7676
Car -1 -1 -7.9325 591.9492 175.3912 624.7810 202.4483 1.6586 1.7736 4.5762 -0.1902 1.8319 47.0247 -7.9370 0.7347
Car -1 -1 -7.8812 595.7451 175.3479 624.8181 202.3219 1.6562 1.7617 4.2053 -0.0571 1.8251 46.8219 -7.8829 0.6639
Car -1 -1 -4.4596 379.8380 177.6861 422.1468 207.4302 1.8392 1.7615 3.7895 -13.6374 2.1676 47.1580 -4.7400 0.4491
Car -1 -1 -4.4510 380.0942 176.4996 425.3467 207.7836 1.9438 1.8218 4.2467 -13.6023 2.1941 47.4674 -4.7290 0.2557
Car -1 -1 -4.4435 381.0898 174.5391 429.3533 206.4090 1.9967 1.9291 4.5399 -13.5005 2.1131 47.7208 -4.7181 0.1775
Car -1 -1 -4.4732 382.2029 177.1570 424.3021 207.3750 1.8722 1.7772 3.8837 -13.5118 2.1654 47.2401 -4.7507 0.1467
Car -1 -1 -4.4438 383.7925 175.6483 428.2059 206.8552 1.9501 1.7873 4.0984 -13.4023 2.1417 47.5095 -4.7177 0.1418
Pedestrian -1 -1 -7.5200 825.6859 170.1996 842.2005 203.8874 1.9091 0.6692 0.8401 12.8222 1.7584 41.4262 -7.2224 0.1316
Pedestrian -1 -1 -5.4910 826.7783 170.5012 846.1744 203.0173 1.8419 0.6612 0.8406 12.9540 1.7083 41.3977 -5.1902 0.1100
Pedestrian -1 -1 -4.1514 57.8588 198.7162 85.5919 245.3904 1.4051 0.4926 0.5060 -16.6740 2.2136 22.2928 -4.7880 0.0767
Pedestrian -1 -1 -4.3750 66.3847 205.0695 87.8777 246.3583 1.2507 0.4171 0.4407 -16.6988 2.2694 22.5512 -5.0069 0.0686
Car -1 -1 -4.4964 105.7189 193.2901 192.1280 241.0747 1.4747 1.7641 4.4030 -16.9439 2.2968 26.6657 -5.0582 0.0599
Cyclist -1 -1 -5.6339 17.0076 189.6274 89.2056 248.2436 1.7662 0.6291 1.7378 -17.1979 2.2903 22.2400 -6.2865 0.0561
Pedestrian -1 -1 -7.4580 829.1055 171.3313 846.6266 203.7050 1.8277 0.6766 0.8650 13.0019 1.7414 41.2831 -7.1554 0.0509
Pedestrian -1 -1 -4.9595 730.0827 172.4928 737.2693 191.9736 1.8025 0.5149 0.6477 11.4794 1.7688 67.1041 -4.7911 0.0464
Cyclist -1 -1 -7.5780 308.1451 181.1535 332.4536 226.6780 1.6604 0.4243 1.6457 -11.0577 1.9856 27.4629 -7.9579 0.0450
Pedestrian -1 -1 -5.9448 729.3938 172.4141 738.8182 191.8074 1.7893 0.4956 0.7398 11.4975 1.7484 66.9675 -5.7759 0.0443
Car -1 -1 -4.4121 105.9194 193.3439 202.0546 242.2531 1.4998 1.7192 4.4477 -16.6239 2.3188 26.4805 -4.9685 0.0362
Car -1 -1 -3.8811 308.9096 185.7696 369.1254 208.6427 1.5288 1.6029 4.1322 -19.8425 2.5151 52.9183 -4.2386 0.0295
Car -1 -1 -8.2658 548.4520 178.8614 586.0721 199.0730 1.5125 1.5615 3.8633 -3.4570 2.0066 57.3042 -8.3262 0.0264
Car -1 -1 -3.9412 0.0000 191.6394 88.6047 257.1432 1.5980 1.5917 4.0049 -17.4599 2.1940 20.8435 -4.6323 0.0260
Cyclist -1 -1 -7.3915 38.8627 186.0921 86.8915 251.4946 1.8769 0.4520 1.6873 -16.6480 2.2949 21.9291 -8.0352 0.0190
Cyclist -1 -1 -5.4754 37.8897 188.9400 105.3166 247.2052 1.7410 0.5776 1.8123 -16.6388 2.2464 22.2417 -6.1121 0.0182
Car -1 -1 -4.2891 105.0443 194.1742 208.2029 241.3627 1.4526 1.6025 4.1530 -16.4352 2.2942 26.3289 -4.8429 0.0157
Car -1 -1 -4.0423 314.1938 185.7363 369.1637 208.4500 1.5171 1.6219 4.0218 -19.6051 2.4982 52.8092 -4.3965 0.0149
Car -1 -1 -4.9611 548.8676 178.2391 579.6199 199.2659 1.5798 1.5436 3.8000 -3.6946 2.0224 57.3042 -5.0256 0.0130
Pedestrian -1 -1 -8.1268 952.7252 167.3669 975.5239 215.2208 1.9076 0.6953 0.5698 14.2346 1.6886 29.1048 -7.6764 0.0115
Car -1 -1 -4.7980 862.1743 183.4625 945.4174 245.3763 1.3777 1.6242 4.2142 7.5875 1.6909 19.0773 -4.4255 0.0098
Car -1 -1 -3.6462 311.4725 186.3754 368.3645 208.4801 1.5020 1.6189 3.5974 -19.9235 2.5348 53.2356 -4.0030 0.0092
Car -1 -1 -4.5076 853.9680 184.8512 956.2507 249.6094 1.3785 1.6063 4.2092 7.5549 1.7202 18.3700 -4.1238 0.0088
Car -1 -1 -4.9064 857.3517 181.0190 959.4692 241.0083 1.4045 1.7361 4.2549 7.9608 1.6532 19.7549 -4.5292 0.0082
Car -1 -1 -5.0749 832.7562 180.9213 960.3600 240.4295 1.4006 1.7435 4.4049 7.6120 1.6461 19.7829 -4.7132 0.0079
Car -1 -1 -4.8371 853.6681 180.0167 935.7401 236.0554 1.3924 1.6420 4.0544 7.9735 1.6185 20.6450 -4.4740 0.0072
Car -1 -1 -5.3042 564.1500 177.6099 613.4362 198.5660 1.4906 1.5634 4.3393 -1.6767 1.8644 54.5470 -5.3352 0.0071
Car -1 -1 -4.5351 1209.8793 159.4907 1241.0000 186.3647 1.6759 1.7428 4.4170 40.7632 0.8423 47.0668 -3.8246 0.0067
Car -1 -1 -4.7250 875.4872 182.9486 953.5332 245.5119 1.3850 1.6965 4.2522 7.8940 1.6825 19.0007 -4.3374 0.0058
Car -1 -1 -5.2372 547.5219 180.1444 588.9692 199.6266 1.4463 1.5659 3.8225 -3.3655 2.0435 57.1083 -5.2963 0.0055
Car -1 -1 -4.8332 845.2025 175.7097 915.1180 223.6155 1.4252 1.6612 3.9200 8.7665 1.5274 23.8120 -4.4850 0.0054
Cyclist -1 -1 -4.7193 377.9618 178.5450 391.1646 209.2348 1.9100 0.7934 1.9608 -14.5216 2.2836 46.3503 -5.0217 0.0053
Car -1 -1 -4.8870 546.7888 178.2465 574.3481 198.4124 1.5083 1.5292 3.8216 -3.9707 1.9499 57.0958 -4.9565 0.0051
Car -1 -1 -4.6402 339.0576 186.3187 366.9062 209.4075 1.6106 1.7001 4.3596 -19.7078 2.6870 55.3730 -4.9810 0.0051
Car -1 -1 -5.0748 829.3088 176.5717 916.8331 221.4392 1.4387 1.6073 3.8335 9.0957 1.5792 25.3909 -4.7350 0.0050
Car -1 -1 -4.9859 423.6166 180.7947 461.7061 201.1848 1.4252 1.7018 4.2999 -12.7104 2.0500 54.5129 -5.2142 0.0048
Pedestrian -1 -1 -4.2335 1138.5435 166.2395 1173.8920 231.2083 1.9224 0.6678 0.5628 16.4297 1.7264 21.7735 -3.5941 0.0048
Car -1 -1 -4.2893 324.3669 184.3811 367.6134 207.1122 1.5799 1.6849 3.6475 -19.7129 2.4714 53.9393 -4.6385 0.0046
Car -1 -1 -4.6361 876.3947 181.4032 960.8666 244.5107 1.3527 1.6788 4.2065 7.8769 1.5963 18.3311 -4.2368 0.0046
Car -1 -1 -4.8204 850.9070 177.5911 921.3979 228.0279 1.4379 1.6507 3.9157 8.6771 1.6029 23.0655 -4.4654 0.0045
Car -1 -1 -4.5857 857.0455 180.1997 936.8773 237.3195 1.4250 1.6541 4.0127 8.2635 1.6575 20.7126 -4.2116 0.0044
Car -1 -1 -4.6585 434.3208 181.5010 459.8769 202.2024 1.4568 1.6753 3.9633 -12.3231 2.1362 54.6193 -4.8797 0.0043
Car -1 -1 -4.7235 859.2219 178.4121 924.9866 233.9443 1.4474 1.6574 3.9911 8.2584 1.6286 21.3980 -4.3604 0.0042
Car -1 -1 -4.6805 874.4797 176.2470 933.7728 229.1330 1.5228 1.6264 3.8344 9.4190 1.6410 23.1252 -4.2988 0.0041
Car -1 -1 -4.6974 896.7664 182.3382 979.4292 246.3089 1.2970 1.6293 4.1259 7.8973 1.5558 17.5002 -4.2804 0.0040
Car -1 -1 -4.9191 842.6745 177.5928 917.3325 223.3880 1.4146 1.6015 3.8666 9.1040 1.5901 24.7349 -4.5708 0.0040
Car -1 -1 -4.4621 714.3475 172.4989 745.8410 191.1713 1.5285 1.6419 4.2639 10.2216 1.4992 61.3484 -4.2981 0.0039
Cyclist -1 -1 -7.5618 305.3843 180.3177 330.6609 226.5814 1.6858 0.4574 1.5556 -11.0968 1.9766 27.3447 -7.9443 0.0037
Car -1 -1 -4.6359 870.7063 180.4981 947.1536 238.4290 1.3786 1.6660 4.0649 8.2871 1.6127 19.9389 -4.2478 0.0037
Car -1 -1 -4.7088 436.7758 181.8004 460.7567 203.8806 1.5545 1.7146 4.3600 -12.3047 2.2646 54.9841 -4.9283 0.0036
Car -1 -1 -4.6194 882.4111 180.5906 971.4476 243.9483 1.3306 1.6672 4.1503 7.9058 1.5462 17.9161 -4.2105 0.0036
Car -1 -1 -4.6725 880.3716 180.3279 954.7847 240.3427 1.3896 1.6709 4.0526 8.2929 1.6134 19.4417 -4.2754 0.0035
Car -1 -1 -4.7926 856.6996 177.8907 920.6790 226.1991 1.4304 1.6340 3.8297 9.0773 1.6111 23.8618 -4.4337 0.0034
Car -1 -1 -5.1745 547.5222 177.3857 591.4771 199.9506 1.6879 1.6716 4.4405 -3.2870 2.0619 57.2550 -5.2320 0.0034
Car -1 -1 -4.6150 867.9547 178.1765 937.5382 230.9342 1.4416 1.6379 3.8493 9.0317 1.6206 22.2220 -4.2342 0.0033
Car -1 -1 -4.6660 867.0740 178.1168 932.0536 233.7012 1.4578 1.6322 3.8787 8.6136 1.6291 21.4250 -4.2891 0.0033
Car -1 -1 -4.8053 849.9614 177.2966 905.1584 218.2893 1.4428 1.6196 3.8641 10.2283 1.6272 27.9185 -4.4581 0.0032
Car -1 -1 -4.6083 876.6761 177.7918 954.9276 235.9174 1.4375 1.6454 4.0128 8.6557 1.5913 20.3657 -4.2122 0.0031
Car -1 -1 -4.6435 887.2904 180.1324 970.3382 243.6029 1.3974 1.7003 4.2759 8.2982 1.6088 18.6993 -4.2323 0.0031
Car -1 -1 -4.6824 867.1726 176.7100 924.4663 226.3449 1.4748 1.6301 3.7921 9.4263 1.6129 23.8236 -4.3105 0.0030
Car -1 -1 -4.4019 403.0804 180.0970 434.5981 197.0670 1.3951 1.5702 3.7976 -16.6505 2.0458 62.9106 -4.6599 0.0030
Car -1 -1 -4.7276 867.4059 177.8313 926.4996 228.9290 1.4538 1.6144 3.8098 9.0356 1.6264 22.9980 -4.3582 0.0030
Car -1 -1 -4.7517 862.0082 178.7927 925.0604 231.2653 1.4351 1.6206 3.8590 8.6204 1.6354 22.2929 -4.3878 0.0030
Car -1 -1 -8.9300 0.0000 0.0000 1241.0000 374.0000 1.5464 1.5744 3.5171 3.4706 1.5139 1.2240 -7.7720 0.0030
Car -1 -1 -4.5956 870.0945 178.0379 949.0248 234.8871 1.4325 1.6544 4.0569 8.6419 1.5970 20.7537 -4.2067 0.0030
Car -1 -1 -4.6235 437.7414 180.2752 463.0880 200.0396 1.4023 1.5661 3.4204 -12.0156 1.9793 54.3380 -4.8404 0.0026
Car -1 -1 -4.6731 339.6342 185.4779 365.5349 209.1414 1.6566 1.6990 4.2065 -19.6761 2.6614 55.1862 -5.0145 0.0025
Car -1 -1 -5.0655 434.0872 181.3022 470.1954 199.2449 1.3512 1.6026 3.8944 -12.8246 2.0584 58.3589 -5.2812 0.0025
Car -1 -1 -4.2682 328.8306 186.0273 369.5104 207.0160 1.4412 1.5147 3.4203 -19.3418 2.4510 53.5511 -4.6136 0.0023
Car -1 -1 -4.8795 477.6591 178.3744 501.3793 193.7519 1.4402 1.7099 3.7003 -11.9086 1.9991 71.0616 -5.0452 0.0023
Pedestrian -1 -1 -4.3915 376.0735 200.4915 406.1958 284.8610 1.3979 0.3799 0.4154 -3.7836 1.8772 12.3074 -4.6846 0.0022
Car -1 -1 -4.3543 430.1491 181.2335 471.1767 202.7399 1.5552 1.7199 4.2995 -12.3766 2.2334 56.1781 -4.5705 0.0022
Car -1 -1 -3.8891 320.3182 187.4351 367.7632 208.4681 1.4358 1.5477 3.0523 -19.6567 2.5479 53.3375 -4.2409 0.0022
Car -1 -1 -4.6536 439.5847 180.4377 464.1740 201.5719 1.5043 1.6027 3.8174 -12.0056 2.1012 54.8095 -4.8686 0.0022
Car -1 -1 -4.9675 471.9519 179.6133 498.3468 194.6160 1.3944 1.6784 3.6829 -12.3129 2.0773 70.9096 -5.1391 0.0021
Pedestrian -1 -1 -4.3921 380.0530 193.9725 410.9890 281.8359 1.4920 0.4077 0.4110 -3.7857 1.8658 12.5667 -4.6798 0.0021
Car -1 -1 -4.9068 561.7952 179.4131 588.8267 199.9766 1.4882 1.3356 3.9558 -2.7354 2.0125 55.6259 -4.9562 0.0021
Car -1 -1 -4.7248 340.9088 185.5594 364.4649 209.3008 1.6578 1.6334 4.2470 -19.7000 2.6677 55.0941 -5.0671 0.0019
Car -1 -1 -4.5134 334.4700 185.1759 367.3788 207.3334 1.5519 1.6924 3.3968 -19.5004 2.5104 54.3433 -4.8567 0.0019
Car -1 -1 -4.3804 483.7361 178.2046 513.0709 193.0384 1.3874 1.7073 3.7978 -10.9595 1.9283 70.9635 -4.5334 0.0019
Car -1 -1 -4.4942 481.3965 178.7246 506.5336 193.5571 1.3896 1.6706 3.7577 -11.4123 1.9830 71.0457 -4.6532 0.0018
Car -1 -1 -4.7159 340.5526 184.2821 365.5369 206.5794 1.5416 1.7108 4.0760 -19.3879 2.4371 54.3543 -5.0573 0.0017
Car -1 -1 -4.5850 444.2704 179.3115 471.8885 199.5270 1.4462 1.6089 3.5371 -11.4924 1.9510 54.6116 -4.7918 0.0016
Car -1 -1 -4.7069 578.6635 177.5942 599.7654 199.4573 1.5109 1.4809 3.5410 -1.5328 1.8668 52.4263 -4.7364 0.0016
Car -1 -1 -4.9222 440.1780 181.8762 470.3983 200.6383 1.4013 1.6099 3.8216 -12.4836 2.1516 57.9574 -5.1338 0.0012
Car -1 -1 -4.9108 565.5723 178.4287 596.0382 200.0814 1.5670 1.5675 4.0391 -2.3103 2.0119 55.4729 -4.9527 0.0008
Car -1 -1 -4.6513 342.2970 185.0242 367.9884 207.6178 1.5910 1.6166 3.8295 -19.4520 2.5548 55.0947 -4.9896 0.0007
Pedestrian -1 -1 -7.3753 1241.0000 168.9886 1241.0000 374.0000 1.7061 0.5218 0.6128 4.5582 1.6831 4.5871 -6.6257 0.0007
Car -1 -1 -7.7358 1185.6748 154.7243 1229.5033 183.2886 1.5194 1.5223 3.1643 33.1286 0.5547 40.0254 -7.0481 0.0006
Car -1 -1 -7.8667 1193.4133 150.4679 1233.7402 184.4158 1.7992 1.6567 3.4017 33.4417 0.6125 40.0841 -7.1751 0.0005
Pedestrian -1 -1 -5.4722 809.2221 185.0258 847.9138 266.0782 1.5521 0.4607 0.5780 4.2708 1.7990 14.2887 -5.1885 0.0002
