Car -1 -1 -7.4989 216.9283 186.2426 420.8211 307.3698 1.5099 1.6111 3.6562 -4.1442 1.5282 10.8223 -7.8566 0.9999
Car -1 -1 -7.6841 436.9377 184.9717 507.8689 234.8165 1.4272 1.5869 3.5184 -4.1670 1.4204 22.3523 -7.8667 0.9999
Car -1 -1 -7.7293 487.8720 182.5764 537.6068 219.9319 1.4545 1.5734 3.9509 -3.9324 1.3519 29.9693 -7.8591 0.9990
Car -1 -1 -7.2163 0.0000 189.9104 184.2483 313.8417 1.4690 1.6165 3.8252 -8.2111 1.5508 10.5867 -7.8639 0.9972
Car -1 -1 -7.6903 415.1982 181.2639 463.2950 214.2068 1.4448 1.5604 3.9273 -7.8313 1.2717 33.5377 -7.9183 0.9953
Car -1 -1 -7.8769 594.6464 179.1988 633.6154 214.9517 1.5490 1.6896 3.6991 0.2061 1.2885 33.0079 -7.8712 0.9953
Car -1 -1 -7.9459 637.4103 179.3993 666.2523 201.8921 1.4516 1.6027 3.5307 2.8940 1.0764 48.1828 -7.8867 0.9805
Car -1 -1 -8.5810 938.7967 189.0717 1240.0000 375.0000 1.6255 1.6504 3.8454 3.2336 1.6543 3.4085 -7.8620 0.9631
Car -1 -1 -7.7005 582.4661 180.8824 618.5163 206.6147 1.4184 1.5561 3.5737 -0.4085 1.1797 41.5035 -7.7107 0.9475
Car -1 -1 -7.6266 414.9605 180.4909 468.5572 213.9519 1.4700 1.5912 3.9068 -7.7083 1.2626 33.5362 -7.8511 0.9326
Car -1 -1 -7.8887 592.9753 179.5643 632.1991 214.5780 1.5156 1.6536 4.0879 0.1309 1.2711 33.1848 -7.8852 0.8855
Car -1 -1 -7.3675 179.6740 165.5745 327.1536 251.2762 1.8213 1.5590 3.7532 -8.3309 1.4041 17.1838 -7.8131 0.8741
Car -1 -1 -7.9469 637.6936 178.8884 666.3320 201.8166 1.4781 1.5925 3.4164 2.9009 1.0704 48.0755 -7.8874 0.8681
Car -1 -1 -8.5496 932.9194 187.2692 1240.0000 375.0000 1.5931 1.5963 3.6233 3.1789 1.6086 3.5645 -7.8594 0.8479
Car -1 -1 -7.7444 528.0719 179.9414 555.5925 201.4654 1.4525 1.5311 3.6533 -4.6066 1.0968 50.3518 -7.8356 0.8472
Car -1 -1 -7.2332 0.0000 190.2556 177.3914 317.2606 1.4788 1.6594 3.8946 -8.2845 1.5664 10.5019 -7.8888 0.8185
Car -1 -1 -7.7137 485.9768 181.7372 538.1120 219.6512 1.4772 1.5963 4.1320 -3.9701 1.3418 30.0817 -7.8441 0.8161
Car -1 -1 -7.5196 307.8705 165.2825 413.7516 230.9529 2.0491 1.8693 5.1434 -8.4473 1.4273 25.0124 -7.8424 0.8116
Car -1 -1 -7.6783 415.1902 181.9702 462.8081 214.6215 1.4320 1.5379 3.6291 -7.8120 1.2899 33.3807 -7.9068 0.7920
Car -1 -1 -7.1886 0.0000 192.0378 192.8107 314.1081 1.4375 1.6325 3.9393 -8.2011 1.5578 10.6746 -7.8317 0.7841
Car -1 -1 -7.9428 638.0544 179.5933 667.3362 202.1094 1.4514 1.6214 3.7921 2.9532 1.0891 48.2548 -7.8824 0.7735
Car -1 -1 -7.7147 414.5034 181.5869 460.9137 214.5029 1.4433 1.5930 3.7438 -7.8887 1.2843 33.4568 -7.9448 0.7686
Car -1 -1 -7.6448 527.3177 179.7197 561.1962 201.0280 1.4356 1.5747 4.0096 -4.4413 1.0655 50.5172 -7.7325 0.7343
Car -1 -1 -7.7281 489.6061 181.5620 538.6348 219.3265 1.4690 1.5503 3.8247 -3.8662 1.3271 29.8776 -7.8561 0.7305
Car -1 -1 -7.4889 311.4752 169.8135 413.1390 229.9019 1.8975 1.7781 4.6842 -8.4437 1.4113 25.0787 -7.8108 0.7248
Car -1 -1 -7.9670 635.3948 178.8933 665.1016 201.7782 1.4744 1.6002 3.4017 2.7811 1.0673 48.0577 -7.9099 0.7123
Car -1 -1 -7.5874 582.0728 180.3580 624.7073 206.9422 1.4585 1.5932 3.4789 -0.2380 1.1921 41.3246 -7.5936 0.7105
Car -1 -1 -7.6660 582.9068 181.3128 621.4964 207.2903 1.4327 1.5858 3.6192 -0.3078 1.2176 41.5675 -7.6738 0.7041
Car -1 -1 -7.5745 582.2337 180.7688 626.8585 206.9497 1.4354 1.6124 3.7095 -0.1670 1.1917 41.4154 -7.5789 0.6893
Car -1 -1 -7.8650 530.2606 179.6158 553.3074 201.5866 1.4744 1.5429 3.5444 -4.6414 1.0988 50.0837 -7.9573 0.6790
Car -1 -1 -7.5216 307.7955 168.5963 410.4787 231.5840 1.9621 1.8138 4.9509 -8.4702 1.4445 24.8743 -7.8468 0.6775
Car -1 -1 -5.5277 937.1632 190.5637 1240.0000 375.0000 1.6189 1.7038 4.4248 3.2787 1.6585 3.0580 -4.7520 0.6772
Car -1 -1 -7.4071 179.1692 166.1550 320.8991 252.4515 1.8350 1.6085 3.5499 -8.3654 1.4298 17.0628 -7.8569 0.6646
Car -1 -1 -4.8411 633.7177 177.4730 666.5239 201.4607 1.5465 1.6792 4.1369 2.7855 1.0475 48.4673 -4.7844 0.6643
Car -1 -1 -7.9677 634.9661 179.1228 664.9412 202.0275 1.4781 1.6012 3.5854 2.7692 1.0851 48.2253 -7.9111 0.6576
Car -1 -1 -7.6429 416.4756 181.8186 467.9748 214.3286 1.4276 1.5814 3.7433 -7.6718 1.2786 33.4488 -7.8670 0.6576
Car -1 -1 -7.7570 581.4311 180.6844 613.3929 206.4093 1.4213 1.5185 3.4850 -0.5908 1.1711 41.5157 -7.7715 0.6383
Car -1 -1 -7.7369 414.4269 178.9374 460.5449 213.8625 1.5331 1.6191 4.2152 -7.9586 1.2577 33.7412 -7.9672 0.6177
Car -1 -1 -7.7000 438.6577 169.2463 476.4053 197.8133 1.6829 1.7060 3.8448 -9.2370 0.7423 44.3115 -7.9046 0.6111
Car -1 -1 -7.6718 439.7161 168.9994 480.6992 199.7353 1.8105 1.7750 4.0300 -9.0787 0.8554 44.3753 -7.8727 0.6105
Car -1 -1 -7.8605 528.9750 180.5615 551.7059 201.9218 1.4365 1.5246 3.6259 -4.7471 1.1236 50.2236 -7.9547 0.6054
Car -1 -1 -7.6809 581.5256 180.2902 618.5807 207.0455 1.4699 1.5684 3.4060 -0.4333 1.1994 41.2997 -7.6917 0.5663
Car -1 -1 -7.7630 582.0519 180.9803 614.6591 206.9573 1.4368 1.5699 3.6014 -0.5354 1.2027 41.6165 -7.7762 0.5547
Car -1 -1 -7.6241 439.8850 168.3613 480.7461 197.0607 1.6864 1.6807 3.5755 -9.0136 0.6962 44.0512 -7.8250 0.5134
Car -1 -1 -7.7240 439.3919 168.5921 475.9511 200.0775 1.8569 1.6767 4.2810 -9.2826 0.8767 44.5934 -7.9283 0.4980
Car -1 -1 -7.8878 642.2202 179.2203 668.5061 201.9874 1.4655 1.6233 3.6392 3.1273 1.0797 48.1144 -7.8237 0.4837
Car -1 -1 -7.9637 524.2675 179.6239 552.7168 202.0171 1.4963 1.5789 3.5834 -4.8682 1.1228 49.9492 -8.0608 0.4515
Car -1 -1 -7.7569 530.6979 179.2802 558.7422 201.4950 1.4862 1.5967 3.6394 -4.3660 1.0892 49.9189 -7.8441 0.4405
Car -1 -1 -7.8525 528.2321 179.0094 551.7853 201.4055 1.5098 1.5833 4.0197 -4.7840 1.0915 50.5336 -7.9468 0.4404
Car -1 -1 -7.8267 581.3079 181.1542 609.6849 206.9695 1.4258 1.5471 3.2262 -0.7038 1.2017 41.3246 -7.8441 0.3939
Car -1 -1 -7.6681 441.0534 170.0455 481.8573 201.8586 1.8734 1.7408 4.0897 -9.0037 0.9802 44.3874 -7.8674 0.2715
Car -1 -1 -4.6478 527.0657 179.0625 553.6923 202.1550 1.5032 1.5538 3.8548 -4.5575 1.1028 48.7436 -4.7409 0.1782
Car -1 -1 -6.7979 572.2465 180.0464 640.7261 206.5479 1.4653 1.6039 3.6176 -0.0943 1.1796 41.3369 -6.8006 0.1775
Car -1 -1 -4.7519 531.1189 178.8382 556.8342 201.8900 1.4886 1.5639 4.0181 -4.3632 1.0769 48.5134 -4.8415 0.0987
Car -1 -1 -6.5570 567.0459 180.4012 634.8986 206.2514 1.4356 1.5760 3.5936 -0.4314 1.1684 41.1826 -6.5679 0.0848
Cyclist -1 -1 -4.7726 472.1256 174.5107 483.7799 201.2988 1.6784 0.6262 1.7802 -8.3357 1.0078 45.9780 -4.9513 0.0728
Car -1 -1 -6.3921 628.2029 178.9962 689.6757 201.0303 1.4236 1.5962 3.8822 3.3123 1.0219 47.3186 -6.3231 0.0700
Cyclist -1 -1 -4.7723 468.1905 175.4111 479.9671 201.4428 1.6263 0.6332 1.7524 -8.5574 1.0140 45.8375 -4.9562 0.0659
Car -1 -1 -6.3554 624.5815 178.7744 685.5042 201.0554 1.4514 1.7878 3.9135 3.0772 1.0319 47.7363 -6.2919 0.0621
Car -1 -1 -4.7261 476.4788 176.3370 495.9102 195.5443 1.5449 1.5391 3.7338 -10.1506 0.8309 59.7937 -4.8939 0.0457
Car -1 -1 -4.4379 478.0653 177.0730 508.6857 196.4105 1.5575 1.5465 3.8028 -9.5054 0.9018 59.8779 -4.5950 0.0440
Pedestrian -1 -1 -7.3415 778.6919 172.8595 794.4575 209.7151 1.8532 0.5774 0.5615 9.0573 1.2321 36.5488 -7.1008 0.0368
Car -1 -1 -4.5347 476.5135 176.2679 502.9948 195.5244 1.5514 1.5373 3.7420 -9.7977 0.8307 59.7962 -4.6968 0.0364
Pedestrian -1 -1 -7.8520 812.1697 168.1762 827.3287 209.6719 1.8385 0.6459 0.6209 9.4673 1.0837 32.2377 -7.5691 0.0355
Car -1 -1 -6.4425 633.5290 179.3232 695.4388 201.9772 1.4643 1.7055 3.8509 3.6907 1.0836 47.4744 -6.3658 0.0347
Car -1 -1 -6.3294 610.9001 178.8813 678.2843 201.2328 1.4433 1.5668 4.3477 2.3560 1.0345 47.2094 -6.2803 0.0346
Pedestrian -1 -1 -7.5513 780.2034 170.6452 794.9387 208.0685 1.8729 0.5769 0.5838 9.0655 1.1439 36.3759 -7.3093 0.0344
Car -1 -1 -5.0449 482.3327 176.7399 511.2112 192.7246 1.5308 1.6168 3.9399 -10.9906 0.7193 70.9613 -5.1984 0.0239
Cyclist -1 -1 -4.5909 466.3021 173.9695 479.0688 200.0950 1.6345 0.5966 1.7239 -8.6351 0.9311 45.8532 -4.7763 0.0236
Car -1 -1 -6.3799 637.3220 179.0823 702.5754 202.4539 1.5118 1.6520 4.1379 4.0342 1.1152 47.3501 -6.2959 0.0228
Car -1 -1 -4.8528 730.7626 180.8507 784.5063 217.4153 1.4520 1.6600 4.0944 6.2706 1.2788 30.6384 -4.6531 0.0221
Car -1 -1 -4.4528 491.3904 177.6000 517.5034 193.2957 1.5085 1.5954 3.9634 -10.1984 0.7767 71.1492 -4.5950 0.0211
Car -1 -1 -6.3883 638.3425 179.9018 698.5381 202.2514 1.4442 1.5882 3.7965 3.9346 1.1010 47.2901 -6.3062 0.0202
Pedestrian -1 -1 -7.8122 812.4849 171.1881 829.0481 212.6374 1.8254 0.6851 0.6366 9.4669 1.2078 32.0693 -7.5280 0.0193
Pedestrian -1 -1 -7.4897 11.2405 161.2609 60.5021 245.9129 1.7123 0.6462 0.5431 -11.8896 1.2279 14.8957 -8.1546 0.0190
Car -1 -1 -7.9158 678.7618 177.0408 705.8403 200.3625 1.5679 1.6292 3.9841 5.8609 1.0184 50.3599 -7.8010 0.0184
Car -1 -1 -4.8421 489.8973 176.6467 511.3503 192.5838 1.5278 1.5954 3.9494 -10.6183 0.7065 71.0300 -4.9904 0.0177
Car -1 -1 -4.2475 491.9331 177.3383 524.6384 193.0401 1.5059 1.6154 3.9241 -9.8037 0.7505 71.0583 -4.3844 0.0165
Car -1 -1 -4.1795 494.2502 178.2545 529.3910 194.0484 1.5134 1.6410 3.9956 -9.4514 0.8465 71.0431 -4.3116 0.0155
Car -1 -1 -7.6948 680.0952 176.6212 713.9807 201.0540 1.6281 1.6930 4.3058 6.2548 1.0555 50.2044 -7.5719 0.0151
Car -1 -1 -4.8769 527.8844 177.6788 562.4294 201.9565 1.5321 1.5968 4.2507 -4.2174 1.0566 47.6216 -4.9652 0.0142
Car -1 -1 -4.5085 518.4756 177.1563 555.3843 202.1491 1.5801 1.6156 4.2077 -4.6666 1.0707 47.6250 -4.6060 0.0130
Car -1 -1 -6.0955 436.5287 171.8485 502.2133 201.8283 1.7665 1.5320 3.6481 -8.2962 0.9790 43.1255 -6.2847 0.0110
Car -1 -1 -4.7284 552.0308 179.0403 570.0092 199.2068 1.5595 1.3696 3.7260 -3.7791 1.0821 57.5032 -4.7942 0.0107
Car -1 -1 -7.9991 672.4659 176.9108 703.7823 200.5124 1.5899 1.6454 3.7311 5.5619 1.0306 50.3185 -7.8901 0.0095
Car -1 -1 -6.0377 427.9140 171.6239 496.3657 201.2291 1.7359 1.5739 3.7457 -8.7115 0.9391 43.0246 -6.2366 0.0084
Cyclist -1 -1 -3.0180 274.9618 171.1792 321.6192 219.4356 1.8569 0.6942 1.6085 -12.1707 1.3170 28.2180 -3.4220 0.0070
Cyclist -1 -1 -3.1736 267.9172 170.6905 314.0029 217.1401 1.7632 0.7458 1.6194 -12.3679 1.2120 27.9719 -3.5866 0.0068
Car -1 -1 -4.2305 504.1547 175.9668 556.0142 202.0686 1.6415 1.6528 4.1844 -5.0944 1.0600 47.4580 -4.3372 0.0053
Cyclist -1 -1 -2.7026 261.2826 169.6873 316.3940 215.6550 1.7817 0.8019 1.8140 -12.5751 1.1800 28.2852 -3.1177 0.0052
Cyclist -1 -1 -3.0362 257.1942 170.6646 311.8546 216.3037 1.7336 0.7666 1.8680 -12.5881 1.1810 27.9591 -3.4559 0.0052
Car -1 -1 -4.4139 566.4061 180.9959 615.5241 209.7019 1.4807 1.5562 4.0631 -0.8896 1.2632 39.2472 -4.4368 0.0048
Cyclist -1 -1 -4.2544 276.4442 169.0514 316.7349 222.0152 2.0193 0.7713 1.7216 -12.2618 1.4032 28.2869 -4.6603 0.0047
Car -1 -1 -5.0626 720.4086 178.8327 763.1995 202.3705 1.4869 1.6353 3.5589 8.7463 1.0838 47.3012 -4.8812 0.0044
Cyclist -1 -1 -3.9121 265.9416 171.7351 315.9013 218.8742 1.7703 0.7369 1.7607 -12.3370 1.2642 27.9507 -4.3245 0.0032
Cyclist -1 -1 -2.8373 266.3029 170.2666 319.5693 219.6139 1.9034 0.7931 1.7584 -12.3797 1.3270 28.2151 -3.2476 0.0030
Pedestrian -1 -1 -7.6385 915.6246 169.1112 945.8461 226.4221 1.7094 0.7427 0.5430 9.7841 1.2292 21.8788 -7.2232 0.0017
Cyclist -1 -1 -7.6829 393.0034 175.6804 416.0825 222.0225 1.6478 0.5249 1.7589 -7.5088 1.3089 26.4631 -7.9571 0.0015
Car -1 -1 -4.1247 549.3318 179.2318 613.9662 209.4899 1.5481 1.6266 3.8562 -1.3889 1.2421 38.8475 -4.1607 0.0013
Cyclist -1 -1 -8.0473 677.8214 176.9397 686.6760 201.2574 1.6404 0.3373 1.3983 5.0700 1.0823 49.2033 -7.9456 0.0011
