Car -1 -1 -4.2684 220.6053 182.8807 302.1266 223.6212 1.4832 1.5699 3.5195 -13.9071 1.9089 28.8960 -4.7137 0.9993
Car -1 -1 -4.3856 358.2388 179.9074 408.6982 205.7270 1.4810 1.7494 4.0904 -13.9607 1.9367 44.5809 -4.6877 0.9948
Car -1 -1 -4.1789 168.3606 183.6760 264.2814 222.0396 1.4673 1.7088 4.1747 -16.7726 1.9624 30.9116 -4.6728 0.9069
Car -1 -1 -4.2629 219.6040 182.7616 305.1030 222.6633 1.4459 1.6090 3.7532 -13.8873 1.8691 28.9609 -4.7068 0.8669
Car -1 -1 -4.0773 168.6510 182.7584 269.9214 221.8717 1.4923 1.6776 4.1070 -16.5725 1.9440 30.7724 -4.5680 0.8438
Car -1 -1 -2.5786 0.0000 185.4474 61.7042 230.9376 1.4719 1.6738 4.2949 -22.0166 1.9303 25.1337 -3.2928 0.7857
Car -1 -1 -2.6240 0.0000 185.8220 59.1145 232.2561 1.4804 1.6864 4.2607 -21.9684 1.9509 24.9486 -3.3407 0.7736
Car -1 -1 -2.4364 0.0000 186.0695 67.3124 229.1069 1.4428 1.6449 4.1044 -21.9093 1.9249 25.5184 -3.1408 0.7139
Car -1 -1 -4.4121 357.7315 179.5065 407.1278 205.6710 1.4986 1.7539 4.1298 -13.9823 1.9271 44.4458 -4.7155 0.7002
Pedestrian -1 -1 -4.9231 693.4611 174.3884 704.9358 201.3625 1.7854 0.5985 0.8341 5.9291 1.8887 48.2511 -4.8021 0.6906
Car -1 -1 -2.5110 0.0000 185.8915 68.3156 230.2652 1.4546 1.7478 4.3414 -21.9210 1.9304 25.3056 -3.2198 0.6807
Car -1 -1 -4.3202 326.4853 181.1424 376.8428 205.1317 1.4444 1.6428 4.0913 -16.7806 2.0076 46.9702 -4.6619 0.6806
Pedestrian -1 -1 -4.9220 693.4923 174.5831 704.9458 201.6068 1.7847 0.5899 0.8648 5.9200 1.9009 48.1674 -4.8010 0.6762
Car -1 -1 -4.4503 326.6368 180.4332 371.0757 204.7519 1.4658 1.6988 4.1438 -16.9624 1.9811 46.9560 -4.7955 0.6759
Car -1 -1 -4.2553 169.0264 182.1897 262.1304 221.5161 1.5124 1.7497 4.3619 -16.8520 1.9419 31.0102 -4.7497 0.6716
Car -1 -1 -4.1000 168.4364 182.8811 262.7734 222.1895 1.5021 1.6472 3.7299 -16.6087 1.9530 30.5156 -4.5950 0.6511
Car -1 -1 -4.2171 165.6239 182.7119 257.6966 221.9485 1.5043 1.7226 3.9930 -16.8468 1.9503 30.6681 -4.7160 0.6020
Car -1 -1 -4.3844 356.7827 179.2142 407.9476 205.5404 1.4980 1.7140 4.2310 -13.9130 1.9063 44.2240 -4.6878 0.5645
Car -1 -1 -4.1399 77.2023 174.3547 170.7078 220.3620 1.8710 1.6250 3.6722 -21.0156 1.9397 31.3118 -4.7272 0.4783
Car -1 -1 -4.4338 445.4600 177.5229 473.7270 193.8504 1.4424 1.5363 3.9642 -13.9375 1.8885 66.9399 -4.6386 0.4742
Car -1 -1 -2.6891 0.0000 185.1589 63.6593 232.2703 1.4836 1.7110 4.4999 -21.8984 1.9315 24.8731 -3.4057 0.4648
Car -1 -1 -4.5091 444.1393 177.1702 469.8918 193.8382 1.4774 1.5666 3.9830 -14.1880 1.8897 66.9840 -4.7173 0.4447
Car -1 -1 -4.2285 327.6147 181.0755 381.5566 205.2174 1.4512 1.6094 4.0381 -16.5748 2.0097 46.9273 -4.5666 0.4341
Car -1 -1 -4.3610 186.3341 178.0151 245.8718 209.3895 1.5948 1.6396 3.7768 -21.4198 1.8899 39.3169 -4.8572 0.4040
Car -1 -1 -4.4808 325.8303 180.3892 366.1610 204.7061 1.4662 1.6371 3.7080 -17.0458 1.9732 46.6430 -4.8296 0.4022
Car -1 -1 -2.3867 0.0000 187.0268 72.9205 229.9138 1.4245 1.7281 4.2221 -21.8050 1.9460 25.5887 -3.0874 0.3864
Car -1 -1 -4.1338 157.3561 183.7025 249.9453 222.9071 1.4800 1.7351 3.4665 -16.8428 1.9579 30.0192 -4.6416 0.3841
Car -1 -1 -6.8360 802.3308 178.7930 911.7942 215.2509 1.4368 1.6239 4.0784 10.2367 1.6946 30.0968 -6.5117 0.3692
Car -1 -1 -3.5598 791.8564 179.1645 896.0831 214.7238 1.4093 1.6520 3.7749 9.6370 1.6803 29.9910 -3.2523 0.3684
Car -1 -1 -6.9769 802.1998 179.1568 907.2433 215.7616 1.4312 1.6667 4.0449 10.2101 1.7082 30.2414 -6.6548 0.3341
Car -1 -1 -7.8511 814.3740 179.2081 857.6807 215.2075 1.3970 1.6583 3.7121 9.5709 1.6851 30.7309 -7.5524 0.3248
Car -1 -1 -7.7047 815.6830 179.5317 867.0617 216.0547 1.4082 1.5592 3.6283 9.7869 1.7086 30.5137 -7.3977 0.3202
Car -1 -1 -7.7065 816.4376 180.0224 867.8520 216.4079 1.3879 1.5721 3.4136 9.6960 1.7057 30.1411 -7.3986 0.3184
Car -1 -1 -6.7500 794.6874 179.4173 893.8654 215.0583 1.4157 1.6296 3.5931 9.7099 1.6996 30.1500 -6.4419 0.3123
Car -1 -1 -6.8333 801.2250 179.0607 916.5176 215.7423 1.4445 1.6675 4.3240 10.3267 1.7146 30.1438 -6.5068 0.2827
Car -1 -1 -4.7005 329.6365 179.3106 358.3363 204.9049 1.5437 1.6781 4.2550 -17.3106 1.9840 46.9572 -5.0522 0.2825
Car -1 -1 -7.7274 813.6507 179.3181 863.8381 215.8481 1.4101 1.5809 3.7570 9.7086 1.7023 30.6101 -7.4236 0.2528
Car -1 -1 -4.4978 444.9841 177.3600 471.9072 194.2040 1.4744 1.5871 4.0873 -13.9109 1.9010 66.3063 -4.7041 0.2301
Car -1 -1 -4.2917 317.8323 180.0163 367.2930 204.8189 1.4826 1.6256 3.6068 -17.0449 1.9579 46.0562 -4.6446 0.2291
Car -1 -1 -4.5218 442.0582 177.6674 467.6656 194.4046 1.4622 1.5612 4.0399 -14.2281 1.9174 66.2409 -4.7329 0.2258
Car -1 -1 -4.2776 177.2181 178.4203 243.4497 210.1882 1.5743 1.5185 4.0593 -21.3025 1.8875 38.5609 -4.7797 0.2177
Car -1 -1 -7.6679 819.0132 179.1785 874.4600 216.0582 1.4167 1.5985 3.5391 9.9481 1.6991 30.3165 -7.3542 0.2171
Car -1 -1 -4.2752 182.2719 177.8186 249.2810 210.1346 1.6210 1.5919 4.0608 -21.1979 1.9027 38.9040 -4.7715 0.2048
Car -1 -1 -4.7326 330.7391 179.7721 359.8488 204.4304 1.4883 1.6995 4.4570 -17.4114 1.9641 47.2722 -5.0840 0.2031
Car -1 -1 -4.7917 325.5555 179.5940 357.3289 204.7687 1.5138 1.6235 3.8309 -17.4013 1.9680 46.5793 -5.1477 0.1950
Car -1 -1 -4.2937 445.5867 177.1799 478.8548 193.6908 1.4579 1.5500 3.9495 -13.6834 1.8713 66.9039 -4.4950 0.1909
Pedestrian -1 -1 -6.6269 683.3152 172.8876 694.8010 193.7415 1.8294 0.4081 0.9227 6.9448 1.8320 63.6027 -6.5191 0.1792
Car -1 -1 -5.0271 310.3466 178.2403 359.1074 205.2234 1.6489 1.6804 4.4781 -18.1078 2.0184 47.2688 -5.3913 0.1665
Car -1 -1 -4.6378 444.2924 177.2217 464.4945 194.1998 1.5011 1.5437 3.9123 -14.4177 1.9180 66.8879 -4.8496 0.1648
Car -1 -1 -7.6338 190.6046 178.4868 244.2354 210.2453 1.6295 1.7483 4.1069 -21.7299 1.9589 40.0200 -8.1287 0.1630
Car -1 -1 -4.9369 318.5990 179.6995 361.2848 204.9920 1.5323 1.6727 4.4371 -17.7702 2.0025 47.2791 -5.2949 0.1616
Pedestrian -1 -1 -6.3250 683.9990 173.0897 694.8840 193.8404 1.8177 0.4679 0.9322 6.9633 1.8382 63.4757 -6.2166 0.1495
Car -1 -1 -6.8484 804.3557 179.1001 911.4722 215.9341 1.4404 1.5636 3.9785 10.1960 1.7092 29.8646 -6.5230 0.1443
Car -1 -1 -7.3647 192.2100 178.1503 257.1949 209.2280 1.6103 1.6150 3.6917 -21.2422 1.9162 39.8644 -7.8518 0.1430
Car -1 -1 -4.9476 318.0374 179.2558 359.9646 205.3945 1.5819 1.6245 4.1712 -17.6929 2.0173 46.9197 -5.3066 0.1357
Pedestrian -1 -1 -4.3294 1107.6882 166.2856 1155.2926 263.1321 1.6459 0.5229 0.5195 9.0663 1.5339 12.6231 -3.7181 0.1349
Car -1 -1 -7.5261 192.2901 178.1591 251.4116 209.3605 1.6064 1.6916 3.9498 -21.4401 1.9152 39.9440 -8.0162 0.1306
Car -1 -1 -3.4226 773.3460 178.9358 883.4219 214.5361 1.4242 1.5759 4.0918 8.9566 1.6830 29.9395 -3.1351 0.0948
Car -1 -1 -8.0681 799.3098 179.4319 858.0797 214.9860 1.3913 1.6201 3.7642 9.2401 1.6903 30.8887 -7.7806 0.0779
Car -1 -1 -4.3377 446.2312 177.3804 478.5797 194.0191 1.4610 1.5683 4.0058 -13.6064 1.8918 66.6132 -4.5387 0.0728
Car -1 -1 -4.6344 441.0290 177.9017 462.0809 194.9375 1.4833 1.5779 4.0055 -14.5184 1.9604 66.1548 -4.8499 0.0719
Car -1 -1 -4.5321 441.2714 177.9413 468.5435 196.2639 1.5668 1.6682 4.2490 -13.9624 2.0402 65.0418 -4.7431 0.0517
Car -1 -1 -2.5324 164.9024 178.3512 243.5498 211.1352 1.7115 1.6512 3.3674 -21.9294 2.0158 38.9896 -3.0421 0.0505
Car -1 -1 -4.9184 816.0184 180.2986 876.7808 219.5918 1.4386 1.5100 4.1011 9.4784 1.7629 29.3371 -4.6094 0.0442
Car -1 -1 -4.9839 310.6194 177.4349 355.1546 205.0192 1.6794 1.6249 4.2242 -18.0575 1.9902 46.8326 -5.3503 0.0384
Car -1 -1 -4.8211 308.2172 177.4846 343.3621 205.7688 1.7141 1.6631 4.2919 -18.4895 2.0285 46.7612 -5.1960 0.0286
Car -1 -1 -4.7094 441.9963 177.4292 460.3202 194.7648 1.5307 1.6141 4.2674 -14.7974 1.9706 67.1579 -4.9258 0.0263
Car -1 -1 -4.7822 440.5781 177.3877 460.3634 194.3900 1.4999 1.5254 3.7772 -14.8039 1.9318 66.7610 -4.9999 0.0254
Car -1 -1 -4.5401 1080.0288 176.3963 1133.7179 211.5596 1.6400 1.5525 4.0679 24.8219 1.8265 36.0540 -3.9414 0.0252
Pedestrian -1 -1 -4.0972 1054.7771 174.3638 1091.5410 250.6818 1.9299 0.6081 0.5258 11.9117 1.9694 18.6431 -3.5366 0.0238
Pedestrian -1 -1 -3.7691 1067.8220 171.3288 1100.4467 248.8927 1.9734 0.5896 0.4406 12.2072 1.9343 18.6639 -3.1978 0.0236
Car -1 -1 -7.0728 1073.0304 180.5264 1163.8427 211.0005 1.4343 1.5301 3.6685 25.0111 1.8240 35.5890 -6.4645 0.0167
Pedestrian -1 -1 -7.1272 1135.3372 143.7988 1193.1257 268.9551 1.9226 0.5713 0.4467 8.6990 1.4760 11.4091 -6.4886 0.0153
Car -1 -1 -4.4735 1081.2080 177.6759 1139.2994 212.7298 1.6174 1.5351 3.7173 24.6697 1.8671 35.6017 -3.8718 0.0143
Cyclist -1 -1 -6.4061 887.4934 166.5210 945.7333 222.9516 1.7872 0.7436 1.6574 9.8861 1.5863 23.4321 -6.0119 0.0136
Car -1 -1 -4.7198 1089.7904 175.7878 1128.6997 212.8443 1.7175 1.5156 3.8200 24.6651 1.8708 35.7682 -4.1204 0.0111
Car -1 -1 -4.9164 1056.5765 175.6276 1112.4501 211.8038 1.6968 1.5732 3.8480 23.7118 1.8438 36.2390 -4.3412 0.0105
Car -1 -1 -6.8838 1076.2472 179.8382 1178.0875 210.7274 1.4607 1.5546 3.8482 25.1968 1.8098 35.2900 -6.2682 0.0096
Cyclist -1 -1 -4.9789 998.4412 174.5757 1039.9575 246.5902 1.6473 0.5238 1.3065 9.7023 1.6897 17.2343 -4.4741 0.0081
Cyclist -1 -1 -8.5202 901.2017 169.6339 947.1671 215.4644 1.6321 0.6255 1.7067 11.5135 1.5172 26.6010 -8.1162 0.0079
Pedestrian -1 -1 -5.2789 1184.6589 148.6973 1241.0000 278.7450 1.7854 0.5529 0.7232 8.6896 1.4535 10.2980 -4.5925 0.0078
Car -1 -1 -4.7695 17.9150 182.7167 72.6715 219.7827 1.3942 1.6111 3.0810 -23.3356 1.8234 29.7296 -5.4308 0.0071
Car -1 -1 -4.2855 226.4592 180.4510 293.5086 208.7058 1.3976 1.5686 4.4256 -18.9109 1.8327 39.1183 -4.7334 0.0064
Car -1 -1 -4.6883 1085.7170 176.1190 1120.7633 211.6092 1.6514 1.3659 3.4360 24.3881 1.8208 35.6997 -4.0933 0.0060
Pedestrian -1 -1 -4.8242 1198.0928 153.6479 1241.0000 283.9435 1.8191 0.5323 0.8586 8.9670 1.5506 10.5784 -4.1353 0.0059
Pedestrian -1 -1 -7.2620 993.2675 170.4023 1036.6089 245.6376 1.7377 0.5851 0.7399 9.5394 1.6807 17.0947 -6.7610 0.0049
Car -1 -1 -4.1984 267.2921 182.4555 319.4537 210.1058 1.9185 1.6938 4.2328 -23.5553 2.6630 53.7779 -4.6097 0.0047
Car -1 -1 -4.4828 1075.8927 175.1707 1133.0010 212.5405 1.7394 1.5193 3.7999 24.4254 1.8596 35.6604 -3.8866 0.0042
Cyclist -1 -1 -4.0229 980.4207 166.1238 1039.3516 237.5567 1.6436 0.5510 1.2613 9.4213 1.4884 17.0941 -3.5270 0.0040
Cyclist -1 -1 -5.1108 985.5721 172.1467 1036.7035 247.9841 1.7383 0.5577 1.3975 9.5190 1.7218 17.2611 -4.6148 0.0039
Pedestrian -1 -1 -4.2908 998.9900 175.6170 1033.4825 239.9806 1.5085 0.5341 0.5811 9.7060 1.5761 17.3326 -3.7881 0.0035
Car -1 -1 -4.2373 261.2720 181.4327 317.7031 212.2729 2.1192 1.9650 4.4734 -23.5529 2.7780 53.1469 -4.6529 0.0034
Pedestrian -1 -1 -4.0097 986.9916 169.6363 1032.0439 246.7313 1.7998 0.6220 0.7273 9.5040 1.7244 17.2666 -3.5144 0.0031
Pedestrian -1 -1 -4.5327 1027.3801 170.3564 1060.7543 241.2488 1.8266 0.6719 0.5398 11.3884 1.7620 19.0152 -4.0005 0.0030
Car -1 -1 -4.9265 1065.7333 175.8028 1119.4270 211.6689 1.6854 1.5063 3.4859 24.0434 1.8404 36.1144 -4.3433 0.0025
Cyclist -1 -1 -3.7735 973.4111 170.6575 1039.8806 241.9388 1.6748 0.5471 1.3363 9.4595 1.6228 17.3165 -3.2813 0.0024
Cyclist -1 -1 -6.3037 881.8857 164.2782 933.4426 217.2798 1.6776 0.7315 1.5267 9.6056 1.4058 23.4508 -5.9198 0.0022
Car -1 -1 -4.2179 271.5581 181.8811 322.0532 209.6130 1.9552 1.8195 3.9577 -23.5135 2.6593 54.2561 -4.6254 0.0016
Car -1 -1 -4.2615 275.0956 181.6953 323.0887 208.0688 1.8702 1.7496 4.0315 -23.4881 2.5640 54.5953 -4.6664 0.0008
Car -1 -1 -4.1782 277.3593 180.6621 326.6845 206.9809 1.8852 1.6905 3.9234 -23.4246 2.5019 54.9594 -4.5796 0.0007
