Car -1 -1 -8.0495 694.4329 183.5888 818.6684 278.8096 1.4880 1.5519 3.5102 2.5258 1.7140 13.4402 -7.8688 0.9998
Car -1 -1 -4.3782 155.0019 193.4496 425.5551 365.7885 1.4164 1.5989 3.6576 -3.3578 1.7044 8.2364 -4.7551 0.9997
Car -1 -1 -4.8755 667.4109 179.9064 757.5566 247.4501 1.4912 1.6102 3.8823 2.4299 1.6891 18.3081 -4.7465 0.9995
Car -1 -1 -5.0685 746.9824 194.8039 1083.3160 374.0000 1.3952 1.6718 4.0048 2.6270 1.6828 7.4369 -4.7428 0.9989
Car -1 -1 -3.5204 699.7928 175.2738 804.9023 212.6335 1.5350 1.6591 4.1078 6.0416 1.6427 31.0015 -3.3302 0.9979
Car -1 -1 -4.3581 148.6254 193.0093 424.5789 367.9648 1.4482 1.6264 3.5109 -3.3742 1.7254 8.1589 -4.7398 0.8422
Car -1 -1 -3.5295 707.7599 174.4287 807.3986 210.7304 1.4901 1.6440 3.8422 6.2445 1.5598 30.8915 -3.3324 0.5480
Cyclist -1 -1 -7.7662 366.2080 172.3135 386.4517 231.2683 1.7213 0.4360 1.7106 -7.1448 1.7053 21.9496 -8.0778 0.2094
Car -1 -1 -2.7251 374.2789 182.0729 432.7272 206.3355 1.7206 1.7140 3.7661 -15.2083 2.4132 53.1201 -3.0030 0.1957
Pedestrian -1 -1 -7.6655 364.5681 169.6508 388.8875 229.3552 1.7821 0.5928 0.6377 -7.1199 1.6862 21.8900 -7.9769 0.1794
Cyclist -1 -1 -7.8714 370.8438 173.5936 385.7378 232.4406 1.7280 0.4046 1.7044 -7.1473 1.7512 22.0811 -8.1815 0.1639
Car -1 -1 -2.7290 379.8481 181.8958 434.9850 205.4722 1.6699 1.6518 3.5329 -14.8846 2.3469 52.9858 -3.0020 0.1107
Cyclist -1 -1 -3.0542 856.0684 165.8294 888.2239 195.4151 1.7427 0.5762 1.7644 15.6325 1.3286 43.1325 -2.7090 0.0824
Car -1 -1 -2.6819 380.0023 181.2497 437.7633 205.7826 1.7374 1.7812 3.6928 -14.8250 2.3699 53.1562 -2.9530 0.0689
Cyclist -1 -1 -3.0987 859.8683 163.6799 892.0136 195.0074 1.8459 0.5582 1.7814 15.8529 1.3050 43.1136 -2.7488 0.0628
Cyclist -1 -1 -3.0782 861.9096 163.2957 892.8109 194.8018 1.8574 0.5440 1.7023 15.9434 1.2936 43.1293 -2.7266 0.0608
Car -1 -1 -6.7905 1114.0092 156.7225 1212.5793 184.4318 1.4822 1.5587 4.0544 30.2970 0.6190 39.6533 -6.1417 0.0537
Cyclist -1 -1 -3.1110 860.3427 163.1626 892.4113 195.1017 1.8755 0.5963 1.7762 15.8293 1.3061 42.9776 -2.7606 0.0415
Car -1 -1 -8.3807 1093.0469 156.0416 1162.9884 184.6536 1.5432 1.5330 3.7308 29.1928 0.6361 40.8440 -7.7636 0.0414
Car -1 -1 -8.5225 1085.2296 157.2428 1161.8743 186.0297 1.5529 1.5677 3.6930 28.9144 0.7105 40.8112 -7.9096 0.0327
Cyclist -1 -1 -8.1039 472.3624 176.8812 485.9616 202.7474 1.5998 0.4431 1.6902 -8.3376 1.8597 45.7556 -8.2835 0.0264
Car -1 -1 -8.2802 1087.9591 153.9239 1159.6476 184.7957 1.6634 1.6563 4.3598 29.1672 0.6431 41.1718 -7.6673 0.0232
Car -1 -1 -2.7426 358.3423 184.4282 422.4826 207.2319 1.6138 1.6736 4.2036 -16.1876 2.4835 53.1826 -3.0371 0.0215
Pedestrian -1 -1 -5.4652 794.3353 168.6185 805.4324 196.9792 1.6952 0.5314 0.3777 11.3911 1.4417 43.4215 -5.2107 0.0196
Pedestrian -1 -1 -4.9836 873.7801 164.5045 888.1389 193.7745 1.7278 0.5515 1.0024 16.1499 1.2346 43.1148 -4.6277 0.0168
Car -1 -1 -5.8096 383.6384 182.0318 445.2031 205.6414 1.6591 1.6793 4.0363 -14.3543 2.3476 52.9095 -6.0736 0.0147
Car -1 -1 -2.7816 369.9658 184.0808 426.7576 206.8207 1.6120 1.5566 3.6894 -15.5413 2.4501 52.9686 -3.0660 0.0147
Car -1 -1 -7.5839 386.9783 181.6002 426.0533 207.8291 1.8446 1.7433 4.3093 -15.2956 2.5292 54.3413 -7.8574 0.0129
Cyclist -1 -1 -7.9772 476.1848 176.8250 485.4029 202.0500 1.5654 0.3637 1.7534 -8.2670 1.8228 45.9476 -8.1547 0.0119
Car -1 -1 -4.7912 416.7031 182.6971 443.9178 206.8430 1.5102 1.4955 3.6817 -12.1959 2.2017 48.7280 -5.0355 0.0112
Pedestrian -1 -1 -5.4904 866.7625 164.9876 886.2228 193.5154 1.6837 0.5531 0.9921 15.8966 1.2191 43.1500 -5.1399 0.0111
Car -1 -1 -4.7732 886.6854 166.0099 931.3039 199.7630 1.5146 1.7106 3.9381 14.1964 1.2072 34.5178 -4.3863 0.0105
Car -1 -1 -5.1462 1101.0386 154.7060 1166.7515 184.1720 1.5831 1.4987 3.8775 29.5019 0.6078 40.8112 -4.5237 0.0103
Car -1 -1 -4.8204 419.2900 183.1327 448.0211 207.4967 1.5169 1.4859 3.7094 -11.9410 2.2374 48.6040 -5.0604 0.0102
Car -1 -1 -4.9414 1114.8746 153.4907 1167.8788 184.3015 1.6497 1.5448 3.8950 29.8802 0.6126 40.7284 -4.3120 0.0095
Pedestrian -1 -1 -5.4904 795.0619 167.9986 806.4714 195.7234 1.6501 0.4979 0.4370 11.4006 1.3608 43.2576 -5.2348 0.0093
Pedestrian -1 -1 -3.8461 1168.4476 142.1924 1191.2283 197.4624 1.7500 0.5383 0.2918 18.2082 0.7789 23.1216 -3.1853 0.0074
Pedestrian -1 -1 -4.8724 1027.1813 161.7704 1050.5009 219.6324 1.5875 0.4918 0.4345 11.8844 1.2831 20.0877 -4.3449 0.0070
Car -1 -1 -7.7680 557.4595 179.7110 596.3173 210.4482 1.5023 1.7222 3.9565 -1.7384 1.8839 38.1747 -7.8137 0.0067
Car -1 -1 -7.6429 559.6618 179.8664 605.1890 209.3941 1.4406 1.6522 3.7818 -1.4429 1.8307 38.1606 -7.6810 0.0064
Car -1 -1 -5.9922 385.1523 180.9144 449.9215 205.5515 1.7558 1.9233 4.2341 -14.1594 2.3604 53.1221 -6.2519 0.0059
Car -1 -1 -7.4749 388.0032 180.7974 431.2701 207.9440 1.9098 1.6574 4.3105 -15.0461 2.5318 54.3001 -7.7443 0.0058
Car -1 -1 -7.4500 560.5097 179.3524 616.7059 207.6839 1.3815 1.6345 3.7372 -1.1141 1.7432 38.1574 -7.4795 0.0058
Cyclist -1 -1 -8.0243 477.9958 178.0827 487.6797 201.8544 1.4848 0.3434 1.6017 -8.1871 1.8254 46.2356 -8.1990 0.0057
Car -1 -1 -4.3023 559.2558 176.8084 620.1634 207.4582 1.5117 1.7188 4.1821 -1.0511 1.7344 38.4316 -4.3300 0.0050
Pedestrian -1 -1 -6.4100 1029.7094 156.7404 1054.4819 219.8314 1.7134 0.5296 0.5201 11.8857 1.2755 19.9409 -5.8793 0.0050
Car -1 -1 -7.8875 884.0521 166.3568 924.5884 200.1437 1.5049 1.6212 4.2634 13.9339 1.2152 34.4173 -7.5061 0.0049
Car -1 -1 -5.8904 551.0325 181.9959 632.0912 210.5463 1.3780 1.5193 3.8838 -0.9874 1.8659 37.1278 -5.9174 0.0049
Car -1 -1 -7.5118 391.6184 180.6225 435.5848 208.1690 1.9404 1.7938 4.4955 -14.7810 2.5511 54.4401 -7.7761 0.0047
Car -1 -1 -4.5804 695.5212 176.9342 754.1972 219.3359 1.3969 1.6072 4.0328 4.2176 1.5579 26.3488 -4.4241 0.0047
Car -1 -1 -5.8923 553.9731 180.9654 640.3405 212.5188 1.5197 1.4677 4.1756 -0.7015 1.9508 36.9341 -5.9117 0.0046
Car -1 -1 -4.4538 723.7519 175.3310 802.4689 220.9214 1.4331 1.6692 4.2335 5.3819 1.5271 25.1933 -4.2463 0.0044
Car -1 -1 -4.6417 703.6069 175.9313 761.1516 222.9773 1.4404 1.6510 4.2297 4.2053 1.5547 24.6344 -4.4752 0.0044
Car -1 -1 -8.0472 865.0696 169.9520 908.4503 200.6304 1.4236 1.3416 3.3508 13.4256 1.2886 35.2460 -7.6864 0.0043
Car -1 -1 -7.9322 855.2915 167.3241 891.5435 198.9729 1.4889 1.4127 3.3268 12.9604 1.2284 35.7341 -7.5872 0.0042
Car -1 -1 -4.5548 710.6714 174.6263 778.1429 221.9917 1.4543 1.6377 4.1167 4.6009 1.5197 24.5338 -4.3722 0.0037
Car -1 -1 -4.5285 706.5339 174.4624 774.0389 219.7375 1.4482 1.6389 4.0200 4.6147 1.5093 25.4030 -4.3514 0.0036
Car -1 -1 -4.7438 708.0129 176.1240 758.7296 219.1137 1.3759 1.6115 3.9691 4.2374 1.5005 25.4811 -4.5815 0.0034
Cyclist -1 -1 -7.6880 175.2740 178.0303 216.8166 271.2603 1.5697 0.4059 1.4522 -7.4815 1.6679 12.9837 -8.2023 0.0033
Pedestrian -1 -1 -6.3859 468.3335 175.2917 481.3355 200.0365 1.5491 0.5812 0.7524 -8.5840 1.7043 45.6315 -6.5711 0.0032
Car -1 -1 -7.8763 884.2206 169.6884 917.9557 199.0498 1.3355 1.4061 3.5496 13.9249 1.1912 34.7285 -7.4982 0.0031
Car -1 -1 -4.6390 711.9265 175.1190 764.6953 218.5689 1.4225 1.5958 3.8661 4.6221 1.5100 25.9073 -4.4650 0.0030
Car -1 -1 -7.5869 399.4562 179.3934 438.8423 207.1916 1.9663 1.7024 4.6603 -14.3752 2.4810 54.4776 -7.8441 0.0030
Pedestrian -1 -1 -3.8548 1162.3359 143.2000 1187.8217 199.6851 1.8041 0.6012 0.3360 18.2374 0.8567 23.3547 -3.1980 0.0030
Car -1 -1 -5.2609 884.0048 171.0206 967.2985 204.0603 1.3731 1.4983 4.0121 13.8827 1.2966 32.0791 -4.8562 0.0028
Car -1 -1 -7.9921 880.9979 166.2141 927.3428 197.7119 1.4371 1.5668 3.6379 14.1149 1.1339 34.8750 -7.6107 0.0028
Car -1 -1 -7.9486 854.0369 167.3018 890.9529 199.0246 1.4830 1.3831 3.3022 12.8293 1.2231 35.5006 -7.6048 0.0028
Car -1 -1 -2.6346 564.7872 180.0278 651.9906 212.9362 1.5612 1.5456 4.2072 -0.1419 1.9422 36.6577 -2.6390 0.0025
Car -1 -1 -5.8993 579.3998 179.7302 665.1733 212.9609 1.5762 1.5857 4.0205 0.5762 1.9369 36.3618 -5.8842 0.0023
Car -1 -1 -5.8657 561.4369 177.9874 658.5226 212.9146 1.6662 1.7720 4.6117 -0.0489 1.9392 36.6744 -5.8677 0.0023
Car -1 -1 -8.0724 546.3716 177.8328 595.1708 209.5313 1.5484 1.7427 3.9592 -2.1647 1.8256 38.0614 -8.1293 0.0023
Car -1 -1 -7.7974 589.3176 177.9203 626.0566 209.9101 1.5725 1.7257 3.8888 -0.1127 1.8536 38.0848 -7.8010 0.0023
Car -1 -1 -6.4540 555.5475 177.6649 637.3990 209.4506 1.5914 1.6034 4.0548 -0.7678 1.8500 37.6529 -6.4748 0.0022
Car -1 -1 -5.9458 587.7424 178.0906 678.8229 212.6210 1.6375 1.6906 4.2530 1.1309 1.9115 36.2416 -5.9155 0.0022
Car -1 -1 -7.2825 586.7592 180.3267 644.6471 210.5074 1.4448 1.5043 3.1745 0.2909 1.8472 37.1432 -7.2753 0.0021
Car -1 -1 -8.2509 859.7441 167.5765 920.9284 198.2749 1.4191 1.5368 3.4679 13.5292 1.1749 35.1132 -7.8863 0.0021
Cyclist -1 -1 -8.0471 467.9036 175.7174 482.0883 204.4847 1.7749 0.5433 1.8112 -8.5825 1.9595 45.6476 -8.2323 0.0019
Cyclist -1 -1 -5.0962 1014.4522 158.6228 1061.9189 219.0532 1.6078 0.5598 1.6053 11.8102 1.2289 20.0318 -4.5702 0.0019
Car -1 -1 -7.9092 868.6541 168.4026 906.6972 198.5187 1.3797 1.5153 3.3290 13.3313 1.1755 34.8719 -7.5471 0.0019
Car -1 -1 -4.8060 878.6201 164.1220 931.2878 200.7812 1.5979 1.8154 4.9137 13.7877 1.2170 34.0630 -4.4247 0.0019
Car -1 -1 -5.7951 553.9398 181.4376 632.8312 212.7943 1.5039 1.5083 3.7715 -0.8997 1.9613 36.9542 -5.8199 0.0018
Car -1 -1 -6.0078 586.2962 179.6233 671.7661 212.2449 1.5557 1.4684 4.0462 0.9222 1.9077 36.2488 -5.9832 0.0018
Pedestrian -1 -1 -8.0529 577.6505 178.6492 590.7111 206.8212 1.8217 0.7585 0.5510 -1.7225 2.2030 47.1594 -8.0898 0.0017
Car -1 -1 -8.4369 527.6099 179.2587 600.4053 212.0791 1.5939 1.7187 4.3606 -2.5338 1.9525 38.1782 -8.5033 0.0017
Car -1 -1 -6.0431 582.8545 181.1303 663.6633 212.3997 1.5000 1.4577 3.8449 0.6418 1.9314 36.4384 -6.0263 0.0017
Car -1 -1 -6.3315 582.6998 175.6933 667.2017 208.9579 1.6581 1.7923 4.2437 0.6864 1.8076 37.0908 -6.3137 0.0016
Car -1 -1 -7.5566 584.8616 173.8402 641.4388 207.7047 1.6678 1.7521 4.4749 0.2008 1.7229 38.0724 -7.5519 0.0016
Car -1 -1 -7.8955 584.3712 178.4630 616.9193 209.6322 1.5263 1.5498 3.4395 -0.5660 1.8330 37.7271 -7.9110 0.0016
Car -1 -1 -6.3373 563.9891 180.0072 637.8993 209.8873 1.4847 1.5334 3.7260 -0.5386 1.8618 37.1728 -6.3523 0.0015
Car -1 -1 -7.5473 587.9203 179.3364 639.2828 212.1915 1.5858 1.6211 3.7736 0.2040 1.9424 37.6779 -7.5426 0.0014
Car -1 -1 -7.6461 584.8457 178.4640 630.5687 210.8505 1.5699 1.6435 3.7988 -0.1053 1.8785 37.7044 -7.6495 0.0013
Pedestrian -1 -1 -3.9612 188.3805 193.9804 228.2335 278.3265 1.4293 0.4389 0.4221 -7.0734 1.8059 12.6151 -4.4637 0.0012
Car -1 -1 -7.5632 570.5239 176.1719 625.1754 208.8794 1.6095 1.8017 4.0621 -0.6165 1.7947 38.1511 -7.5798 0.0012
Car -1 -1 -4.8793 388.4264 169.3096 412.0676 186.7734 1.6677 1.6018 3.9393 -20.6899 1.3290 71.0269 -5.1619 0.0012
Car -1 -1 -7.6331 872.0238 171.3277 917.3636 201.8428 1.4024 1.3148 3.5345 13.8005 1.3319 34.9923 -7.2606 0.0010
Car -1 -1 -6.8788 585.7197 177.6694 664.2595 207.8613 1.4478 1.6599 3.7218 0.7433 1.7049 36.8553 -6.8593 0.0010
Car -1 -1 -8.3046 847.1519 166.0029 908.7248 199.5114 1.5609 1.4162 3.5451 13.0500 1.2415 35.4462 -7.9549 0.0008
Car -1 -1 -4.6111 393.2368 169.8973 414.3728 187.1645 1.6542 1.6181 3.8981 -20.3304 1.3706 71.1821 -4.8886 0.0008
Car -1 -1 -3.7884 388.3362 170.2013 433.9577 187.9363 1.6929 1.6423 4.1859 -19.5588 1.4394 71.0336 -4.0564 0.0006
Car -1 -1 -4.0621 387.7041 170.6823 427.7194 188.2060 1.6712 1.6115 4.1462 -19.8894 1.4638 71.0373 -4.3344 0.0005
