Car -1 -1 -4.3751 62.0133 185.7055 328.9654 338.6938 1.5070 1.6458 4.1203 -4.9316 1.5749 9.3500 -4.8549 0.9998
Cyclist -1 -1 -4.4898 286.5334 155.7290 391.6954 320.2028 1.8214 0.8436 1.7866 -3.2278 1.5367 8.8928 -4.8346 0.9985
Pedestrian -1 -1 -7.8852 0.0000 163.9519 101.0155 373.0000 1.6818 0.5987 0.8233 -4.2583 1.5615 5.4633 -8.5306 0.7488
Pedestrian -1 -1 -5.4276 624.2298 148.7389 669.8223 231.4481 1.8104 0.6389 0.8306 0.9887 1.0939 16.2478 -5.3731 0.7177
Pedestrian -1 -1 -7.9500 457.5786 166.8936 475.2904 214.3339 1.7009 0.5593 0.7759 -4.9524 1.1776 26.2056 -8.1400 0.7164
Pedestrian -1 -1 -4.0919 498.9913 163.7117 534.5067 228.8970 1.7677 0.6262 0.8153 -2.3841 1.2858 19.9876 -4.2143 0.6989
Pedestrian -1 -1 -4.9002 423.3889 167.0186 435.9554 199.6897 1.8845 0.5583 0.8658 -10.0324 1.0493 41.9430 -5.1386 0.6948
Pedestrian -1 -1 -8.0392 473.3502 166.1019 493.8631 213.2837 1.7024 0.5972 0.8326 -4.3602 1.1472 26.4132 -8.2063 0.6914
Pedestrian -1 -1 -7.9952 476.4688 165.6034 495.2188 212.9779 1.7103 0.5688 0.8044 -4.2760 1.1368 26.4027 -8.1593 0.6780
Pedestrian -1 -1 -2.4025 620.3057 149.5764 667.0042 233.1283 1.8327 0.5971 0.8832 0.9153 1.1330 16.2805 -2.3524 0.6639
Pedestrian -1 -1 -4.0253 502.5699 162.5469 537.5994 228.3676 1.7833 0.6223 0.7681 -2.2888 1.2703 19.9537 -4.1432 0.6466
Pedestrian -1 -1 -7.0349 41.7841 168.6810 132.0405 315.1800 1.7446 0.6093 0.6826 -6.4424 1.5926 8.9500 -7.6508 0.6249
Pedestrian -1 -1 -7.8866 330.8953 164.5087 352.5331 221.3837 1.8287 0.6424 0.6808 -8.5391 1.2828 23.5326 -8.2363 0.6057
Pedestrian -1 -1 -4.8441 0.0000 162.1761 100.2330 373.0000 1.6669 0.6391 0.8458 -4.3164 1.5357 5.4288 -5.4989 0.5877
Pedestrian -1 -1 -7.8035 0.0000 168.7515 102.0840 373.0000 1.6744 0.6030 0.8662 -4.2680 1.5865 5.5227 -8.4451 0.5780
Pedestrian -1 -1 -8.0050 476.6911 166.3646 496.5821 213.4331 1.7059 0.6057 0.8115 -4.2647 1.1578 26.5145 -8.1681 0.5567
Pedestrian -1 -1 -4.1608 499.3843 163.3658 533.9133 228.4033 1.7725 0.6340 0.8029 -2.3964 1.2787 20.0736 -4.2833 0.5513
Pedestrian -1 -1 -8.0227 474.0286 166.6018 493.6920 213.8003 1.7086 0.5779 0.8451 -4.3647 1.1697 26.4984 -8.1894 0.5392
Pedestrian -1 -1 -7.9648 456.3354 168.3225 475.0928 214.2809 1.6417 0.5841 0.7759 -4.9623 1.1714 26.1177 -8.1558 0.5175
Car -1 -1 -7.7851 491.3152 172.1828 540.3682 215.7906 1.4864 1.5589 3.4783 -3.0922 1.1692 26.2617 -7.9063 0.5139
Pedestrian -1 -1 -4.3718 504.0885 162.7501 536.2878 228.4077 1.7923 0.6650 0.8117 -2.2964 1.2810 20.0780 -4.4895 0.5030
Pedestrian -1 -1 -5.5202 0.0000 160.4393 81.1015 355.6334 1.8342 0.5596 0.5501 -5.6457 1.6370 7.0558 -6.1831 0.4998
Pedestrian -1 -1 -5.3261 623.0719 148.9858 669.2038 231.1349 1.8075 0.6411 0.9038 0.9730 1.0926 16.3582 -5.2729 0.4776
Pedestrian -1 -1 -7.0076 48.8395 170.8358 138.2555 312.9442 1.6935 0.6152 0.6725 -6.3675 1.5671 8.9592 -7.6176 0.4338
Pedestrian -1 -1 -6.9731 24.8832 167.2663 131.6074 317.7145 1.7466 0.6204 0.8643 -6.4597 1.5820 8.8362 -7.5961 0.4297
Pedestrian -1 -1 -3.6681 630.7631 145.5100 674.3351 225.3114 1.9010 0.5223 0.9248 1.2117 1.0442 17.5522 -3.6054 0.4250
Pedestrian -1 -1 -3.8106 638.3194 148.3934 679.1282 225.0585 1.8368 0.5041 0.8786 1.3738 1.0442 17.6664 -3.7393 0.4053
Pedestrian -1 -1 -7.9523 330.8679 165.0545 355.3299 220.4632 1.7900 0.6884 0.7292 -8.5481 1.2592 23.6842 -8.3003 0.3872
Pedestrian -1 -1 -5.2308 322.0423 165.5131 352.0371 221.9946 1.8121 0.6834 0.6612 -8.6841 1.2997 23.5212 -5.5860 0.3611
Pedestrian -1 -1 -3.6824 638.5306 144.9354 681.4558 224.5914 1.8966 0.5287 0.9013 1.3927 1.0266 17.5431 -3.6095 0.3499
Pedestrian -1 -1 -7.9390 454.3569 167.6013 472.4171 214.6496 1.6877 0.5852 0.7067 -5.0600 1.1895 26.1888 -8.1331 0.3394
Pedestrian -1 -1 -3.6739 631.0786 148.5194 673.7928 225.4370 1.8458 0.5283 0.9057 1.2180 1.0549 17.6788 -3.6113 0.3323
Pedestrian -1 -1 -5.7993 9.5540 167.6636 87.3736 353.6758 1.7609 0.4869 0.4287 -5.4832 1.6306 7.0752 -6.4469 0.3282
Pedestrian -1 -1 -6.1807 487.4775 168.2041 515.7909 220.2136 1.6516 0.5370 0.8541 -3.2316 1.2298 23.0964 -6.3233 0.2948
Pedestrian -1 -1 -7.3030 380.5740 175.5008 397.1624 202.0903 1.7022 0.6935 0.8413 -13.7454 1.3182 46.4820 -7.5941 0.2737
Pedestrian -1 -1 -8.1350 379.3351 174.7732 393.9802 201.8773 1.7325 0.7104 0.8017 -13.8828 1.3026 46.4457 -8.4289 0.2616
Pedestrian -1 -1 -4.6268 713.5958 166.3223 742.5594 244.7352 1.4474 0.4992 0.5778 2.3602 1.1679 13.6012 -4.4635 0.2400
Cyclist -1 -1 -4.5421 488.0976 172.7099 510.0243 219.0446 1.5589 0.5068 1.5508 -3.5696 1.2636 24.9498 -4.6879 0.2357
Pedestrian -1 -1 -7.9139 453.0788 168.6591 471.0377 215.2416 1.6631 0.5924 0.7527 -5.0888 1.2050 26.0850 -8.1097 0.2216
Pedestrian -1 -1 -4.8746 588.5613 171.1990 622.6565 247.8692 1.4752 0.5693 0.6570 0.0346 1.2776 14.1920 -4.8776 0.2139
Pedestrian -1 -1 -7.9508 0.0000 177.4597 36.9351 252.7010 1.7315 0.7459 0.6999 -13.9511 1.6390 17.0415 -8.6346 0.2107
Pedestrian -1 -1 -4.7518 715.4293 170.6688 743.2601 245.2054 1.3940 0.4959 0.5426 2.3979 1.1921 13.7349 -4.5875 0.2095
Pedestrian -1 -1 -6.2944 493.3078 167.8960 521.1729 220.1803 1.6565 0.5401 0.8781 -3.0596 1.2259 23.0895 -6.4299 0.1972
Cyclist -1 -1 -7.3872 490.8995 166.8012 524.4283 215.9581 1.6782 0.4776 1.6805 -3.3234 1.1768 25.3958 -7.5211 0.1927
Pedestrian -1 -1 -5.2924 563.4548 156.1923 596.4943 223.9829 1.7960 0.5911 0.7295 -0.6190 1.1260 19.4991 -5.3288 0.1908
Car -1 -1 -7.7696 495.3829 170.5011 546.1943 214.9023 1.5153 1.5746 3.4477 -2.9103 1.1403 26.2616 -7.8840 0.1848
Pedestrian -1 -1 -4.7974 0.0000 178.5053 32.3108 252.6283 1.7069 0.7223 0.6607 -14.0317 1.6385 17.0309 -5.4843 0.1792
Pedestrian -1 -1 -4.5503 717.3848 169.9895 748.2310 244.3770 1.3905 0.5090 0.5221 2.4776 1.1760 13.7575 -4.3808 0.1752
Pedestrian -1 -1 -4.7734 612.7814 150.4467 630.6686 206.3200 1.9494 0.5748 0.8970 0.6907 0.8664 25.5222 -4.7516 0.1461
Cyclist -1 -1 -7.6691 489.2187 172.1372 507.4117 218.4190 1.5629 0.3571 1.5513 -3.6102 1.2471 25.0392 -7.8160 0.1264
Pedestrian -1 -1 -6.8563 35.6661 169.9074 140.1032 316.3890 1.6917 0.6439 0.8244 -6.3203 1.5585 8.7985 -7.4709 0.1165
Pedestrian -1 -1 -5.0548 591.7166 172.3570 630.4216 248.7163 1.4655 0.5725 0.6579 0.1432 1.2906 14.1916 -5.0503 0.1009
Pedestrian -1 -1 -7.9834 327.9364 165.2848 352.0628 221.7313 1.7945 0.6452 0.7253 -8.5134 1.2794 23.3071 -8.3352 0.0920
Cyclist -1 -1 -5.4795 614.4518 150.1809 686.4172 234.2950 1.7887 0.5645 1.7207 1.0371 1.1233 16.1121 -5.4215 0.0793
Pedestrian -1 -1 -4.5459 612.3376 151.3935 631.2908 206.0176 1.8859 0.5369 0.8621 0.6968 0.8469 25.2749 -4.5237 0.0775
Pedestrian -1 -1 -4.5700 998.7782 129.0868 1051.9426 277.6682 1.6997 0.4985 0.4094 4.9857 1.1008 8.5314 -4.0597 0.0732
Pedestrian -1 -1 -8.0088 13.5539 172.0444 131.8867 373.0000 1.6862 0.6207 0.7006 -4.0263 1.6221 5.3933 -8.6336 0.0696
Cyclist -1 -1 -4.7089 714.6419 167.0948 742.5310 246.7037 1.4528 0.5026 1.3398 2.3953 1.1905 13.8111 -4.5457 0.0664
Cyclist -1 -1 -7.4187 488.7137 168.5158 520.3237 217.1454 1.6410 0.4718 1.5953 -3.3929 1.2033 25.0724 -7.5569 0.0625
Cyclist -1 -1 -7.6809 490.9391 167.9386 509.6896 215.2313 1.6184 0.3906 1.6303 -3.5903 1.1547 25.4022 -7.8250 0.0427
Cyclist -1 -1 -8.1004 705.5449 154.5466 743.8661 227.8460 1.5757 0.4593 1.6031 2.7314 0.9969 16.2609 -7.9417 0.0406
Cyclist -1 -1 -4.6176 717.4827 163.4111 749.5268 245.8145 1.5025 0.4964 1.3442 2.5104 1.1732 13.8111 -4.4464 0.0399
Pedestrian -1 -1 -7.7234 76.0187 169.4693 96.1675 205.1498 1.7854 0.7388 0.7733 -26.1586 1.1836 36.4603 -8.3473 0.0379
Cyclist -1 -1 -5.0892 0.0000 179.2045 61.0495 256.7466 1.7216 0.7720 1.9384 -13.5740 1.6711 16.7618 -5.7676 0.0369
Pedestrian -1 -1 -4.4577 982.2210 127.8698 1039.2275 274.3426 1.6693 0.4913 0.4781 4.8105 1.0588 8.5292 -3.9625 0.0296
Pedestrian -1 -1 -7.3445 491.5044 167.5660 516.8480 216.6782 1.6787 0.6331 0.6610 -3.4038 1.2028 24.9760 -7.4837 0.0259
Pedestrian -1 -1 -7.3062 487.0797 169.4814 511.6512 217.7309 1.6486 0.6080 0.6289 -3.5682 1.2384 24.9524 -7.4519 0.0205
Pedestrian -1 -1 -7.4105 487.4595 171.6262 509.3106 218.9287 1.6077 0.5618 0.5593 -3.5757 1.2725 24.7641 -7.5576 0.0178
Cyclist -1 -1 -4.7126 614.7860 154.2473 629.4099 207.7187 1.8268 0.4995 1.6972 0.6985 0.8962 25.3953 -4.6904 0.0174
Car -1 -1 -7.9058 0.0000 190.6122 82.4332 255.3772 1.5776 1.7152 4.3629 -16.0216 1.8639 20.3252 -8.5724 0.0160
Cyclist -1 -1 -8.7252 816.3082 152.7334 914.5994 250.2802 1.5026 0.4936 1.5590 4.2776 1.0601 11.8610 -8.3913 0.0134
Pedestrian -1 -1 -3.4104 1076.2863 123.5019 1137.1262 279.4287 1.6132 0.4861 0.4109 5.3717 1.0138 7.7266 -2.8238 0.0126
Cyclist -1 -1 -8.7029 810.6159 154.1037 910.8486 251.4777 1.5288 0.5214 1.6417 4.2900 1.0993 12.1199 -8.3747 0.0124
Pedestrian -1 -1 -3.8743 1061.4268 136.2532 1098.4211 244.6426 2.1925 0.5134 0.3891 9.8221 1.2778 14.8147 -3.3021 0.0097
Cyclist -1 -1 -5.4494 798.6089 156.9782 888.7411 249.9017 1.4604 0.4884 1.5797 4.0007 1.0757 12.1096 -5.1419 0.0088
Cyclist -1 -1 -5.4215 613.5536 149.0375 682.1602 233.3525 1.8054 0.5717 1.6927 0.9866 1.1109 16.2273 -5.3670 0.0072
Pedestrian -1 -1 -7.5180 491.4643 170.2718 514.2307 218.7272 1.6456 0.6315 0.5528 -3.4163 1.2647 24.7275 -7.6590 0.0068
Cyclist -1 -1 -3.4091 697.1649 162.4806 772.6359 243.4542 1.5176 0.5223 1.3310 2.5093 1.1617 13.7864 -3.2377 0.0067
Car -1 -1 -4.2383 444.5154 174.6780 487.0204 196.9345 1.5248 1.5408 3.5337 -9.5998 1.0574 51.1271 -4.4279 0.0062
Pedestrian -1 -1 -4.0978 1067.1616 133.0314 1103.2595 241.4767 2.1716 0.4809 0.3799 9.8409 1.2016 14.6782 -3.5206 0.0060
Cyclist -1 -1 -7.9490 724.2254 158.4382 751.4474 225.6249 1.4550 0.4464 1.5309 3.0493 0.9561 16.3376 -7.7724 0.0059
Pedestrian -1 -1 -3.2655 649.9915 147.3572 687.0468 227.0919 1.8656 0.4764 0.8197 1.5505 1.0673 17.0612 -3.1814 0.0059
Pedestrian -1 -1 -4.4527 665.5392 147.5502 694.1768 223.6772 1.7973 0.5200 0.7514 1.8685 0.9963 17.4027 -4.3524 0.0050
Pedestrian -1 -1 -3.6043 664.6724 149.1339 703.5714 224.5677 1.7481 0.5044 0.7701 1.9189 0.9986 17.0176 -3.4989 0.0047
Cyclist -1 -1 -7.9329 723.6938 152.0868 756.9028 226.5710 1.5686 0.5613 1.8571 3.0478 0.9497 16.0795 -7.7537 0.0046
Pedestrian -1 -1 -4.5764 543.8198 184.3148 566.1520 242.8732 1.1748 0.4040 0.4247 -0.9853 1.2337 14.6581 -4.6477 0.0022
Pedestrian -1 -1 -6.5076 1059.9117 131.5187 1117.0602 277.4568 1.5093 0.4635 0.4051 5.1694 0.9931 7.7158 -5.9380 0.0022
Pedestrian -1 -1 -4.7653 712.6805 160.2823 739.1890 225.2490 1.4372 0.5532 0.5723 2.7645 0.9684 16.2055 -4.6041 0.0018
Car -1 -1 -4.5706 485.2792 169.3114 506.6707 185.2182 1.5346 1.5938 3.8040 -10.3844 0.3584 71.2108 -4.7197 0.0017
Pedestrian -1 -1 -4.4156 721.2261 156.4573 753.4044 223.4491 1.4801 0.5669 0.6112 3.0430 0.9274 16.2722 -4.2387 0.0017
Pedestrian -1 -1 -8.4534 692.0099 158.2305 725.0776 223.1388 1.4290 0.4886 0.5868 2.3715 0.9172 16.1857 -8.3154 0.0015
Pedestrian -1 -1 -3.3825 668.1058 146.7316 700.7806 228.4910 1.8596 0.5298 0.6401 1.8806 1.0693 16.6437 -3.2770 0.0012
Cyclist -1 -1 -3.9647 13.9058 168.5620 162.5453 324.7343 1.7499 0.5974 1.5399 -6.2991 1.6057 8.8526 -4.5751 0.0008
Cyclist -1 -1 -4.8871 421.9185 168.0642 437.0171 199.3245 1.7844 0.5614 1.7013 -10.0379 1.0176 41.8967 -5.1258 0.0004
Cyclist -1 -1 -7.5762 80.7144 165.3836 100.9080 202.1934 1.8680 0.3518 1.9098 -26.5883 1.0503 37.4123 -8.1956 0.0003
Cyclist -1 -1 -7.4302 321.5354 163.9061 362.0451 220.4661 1.7922 0.6432 1.6284 -8.5351 1.2352 23.5983 -7.7788 0.0001
Cyclist -1 -1 -8.0216 472.8124 167.3009 494.4726 213.9347 1.6651 0.5210 1.5906 -4.3764 1.1585 26.4849 -8.1889 0.0001
Cyclist -1 -1 -5.8307 312.9063 163.4796 371.3079 219.4854 1.8040 0.6850 1.6712 -8.5248 1.2240 23.5655 -6.1794 0.0000
Cyclist -1 -1 -7.8216 455.9623 168.4762 471.1436 214.2363 1.6195 0.5030 1.5283 -5.0478 1.1590 26.2179 -8.0151 0.0000
Cyclist -1 -1 -7.7664 456.8842 167.9908 474.4760 214.1803 1.6354 0.5057 1.5488 -4.9712 1.1575 26.2305 -7.9570 0.0000
