Pedestrian -1 -1 -3.6850 816.8547 167.2408 919.9981 319.8075 1.6585 0.6042 0.9231 2.9836 1.5042 8.2004 -3.3520 0.9026
Pedestrian -1 -1 -3.7459 811.7144 164.6076 918.6649 321.1734 1.6938 0.6329 0.9571 2.9499 1.5117 8.2057 -3.4166 0.8302
Pedestrian -1 -1 -6.0057 371.2927 185.2901 504.5150 373.0000 1.6000 0.7015 0.9634 -1.4295 1.6353 6.1791 -6.2307 0.8002
Pedestrian -1 -1 -3.9062 1147.1453 154.2373 1237.0000 362.2855 1.7103 0.6025 0.5320 5.1832 1.4869 6.2309 -3.2384 0.6320
Pedestrian -1 -1 -3.8655 1154.7644 151.4192 1237.0000 361.3764 1.7253 0.6196 0.5602 5.2659 1.4789 6.2258 -3.1895 0.5373
Pedestrian -1 -1 -6.1682 366.5543 186.5472 492.2330 373.0000 1.6046 0.6285 0.9889 -1.5031 1.6514 6.1907 -6.4036 0.4477
Pedestrian -1 -1 -6.0259 373.6434 193.9070 492.7332 373.0000 1.6156 0.6491 0.8384 -1.4411 1.7264 6.0367 -6.2575 0.3385
Car -1 -1 -3.9113 1039.6642 154.1594 1159.5293 197.7739 1.6214 1.6685 3.7201 19.2496 0.6054 27.8482 -3.3158 0.3083
Pedestrian -1 -1 -3.7520 817.2628 170.2130 916.9761 319.8480 1.6445 0.6471 0.8689 3.0161 1.5212 8.3253 -3.4202 0.2963
Car -1 -1 -7.1459 1055.7295 155.8875 1171.5035 199.0613 1.5994 1.6315 3.7460 19.8255 0.6510 27.8713 -6.5370 0.2872
Pedestrian -1 -1 -6.0308 387.7352 187.8114 506.0879 373.0000 1.6059 0.6748 0.8853 -1.3937 1.6656 6.3564 -6.2449 0.2804
Car -1 -1 -7.1367 1059.1117 156.0862 1176.7297 199.7651 1.6335 1.7245 3.7416 20.1854 0.6835 28.1478 -6.5239 0.2614
Car -1 -1 -3.8805 1024.3644 153.4262 1156.8612 196.6091 1.6027 1.7531 4.1664 18.8886 0.5611 27.8431 -3.2937 0.2587
Car -1 -1 -3.8074 1026.2119 153.5389 1155.8204 196.8286 1.6274 1.7386 3.9616 19.0162 0.5766 28.0265 -3.2205 0.2134
Car -1 -1 -3.8860 1044.6079 155.1242 1161.9989 197.9303 1.6073 1.7077 3.5563 19.5460 0.6173 28.0754 -3.2872 0.1987
Pedestrian -1 -1 -2.9758 1080.1177 82.4831 1237.0000 373.0000 1.8485 0.6170 0.6521 2.9390 1.3860 3.8096 -2.3570 0.1935
Pedestrian -1 -1 -4.1196 1132.0411 160.9533 1237.0000 359.8603 1.6739 0.5687 0.5184 5.1475 1.5017 6.3976 -3.4675 0.1615
Pedestrian -1 -1 -7.5147 1046.3940 88.0158 1231.7734 373.0000 1.8141 0.5867 0.7669 2.7766 1.3825 3.7865 -6.9200 0.1371
Car -1 -1 -3.9685 1044.8022 155.5703 1159.9459 197.7764 1.5551 1.6523 3.6018 19.2491 0.6001 27.6794 -3.3702 0.1331
Car -1 -1 -3.4736 1042.7904 156.1044 1158.2340 199.4739 1.6419 1.7200 3.3710 19.6531 0.6808 28.4635 -2.8785 0.1266
Car -1 -1 -3.5037 1032.3738 154.5518 1154.3074 198.3837 1.6561 1.6597 3.6115 19.2933 0.6383 28.3548 -2.9154 0.1188
Car -1 -1 -6.9286 1047.9830 157.0654 1183.1697 201.0183 1.6738 1.9166 4.0050 20.2121 0.7436 28.3847 -6.3191 0.0959
Car -1 -1 -8.5328 1041.0731 155.7313 1153.1443 201.4446 1.7281 1.6624 3.8535 19.9492 0.7543 29.1476 -7.9418 0.0939
Pedestrian -1 -1 -5.3895 86.7679 184.3182 112.2506 224.2216 1.8218 0.8084 0.5425 -23.2932 1.9546 33.3250 -6.0010 0.0874
Car -1 -1 -8.5017 1051.0322 154.2790 1155.9009 197.1503 1.5968 1.7787 3.2489 19.7285 0.5833 28.4229 -7.9042 0.0759
Cyclist -1 -1 -2.6945 62.3433 179.4060 111.4980 218.9799 1.8051 0.7070 1.7144 -23.8224 1.7099 33.2643 -3.3173 0.0759
Car -1 -1 -8.5861 1046.2394 152.8923 1155.5200 198.2144 1.7036 1.7386 3.4184 19.8934 0.6286 28.8130 -7.9911 0.0675
Car -1 -1 -7.2381 1067.6533 155.7175 1187.4908 199.8189 1.6484 1.7835 4.1298 20.7424 0.6851 28.3670 -6.6161 0.0574
Car -1 -1 -8.4966 1054.3241 154.9875 1159.5303 199.9242 1.6958 1.6706 3.4983 20.1852 0.6957 28.8909 -7.8960 0.0494
Car -1 -1 -8.6606 1036.6519 152.7477 1151.1984 198.0437 1.7021 1.7539 3.5622 19.6853 0.6220 28.9216 -8.0721 0.0492
Pedestrian -1 -1 -6.2815 423.0973 193.2058 506.1142 360.0013 1.5492 0.4186 0.7705 -1.3803 1.6684 6.9903 -6.4760 0.0371
Car -1 -1 -8.3514 723.4455 165.7639 823.2260 227.4273 1.5926 1.4719 2.9389 4.7092 1.1867 20.1672 -8.1300 0.0364
Car -1 -1 -8.7902 1029.2715 152.6243 1145.9585 198.6434 1.7237 1.7391 3.5266 19.4034 0.6425 28.8606 -8.2075 0.0358
Car -1 -1 -5.1360 724.6821 170.7502 815.3060 218.8674 1.4982 1.5977 3.6282 5.5751 1.1640 24.3057 -4.9180 0.0341
Pedestrian -1 -1 -3.9566 1059.1995 82.0277 1237.0000 373.0000 1.8728 0.5267 0.6646 3.0202 1.3591 4.0424 -3.3511 0.0341
Car -1 -1 -8.0259 729.2806 172.9338 795.7460 217.8098 1.4763 1.6763 3.5232 5.5930 1.1949 25.4229 -7.8166 0.0308
Pedestrian -1 -1 -4.6123 234.3024 165.4155 256.8688 221.5604 1.8820 0.6468 0.4486 -12.1102 1.3433 24.4032 -5.0738 0.0241
Car -1 -1 -6.9976 692.4891 169.0718 812.6658 219.7765 1.6033 1.6568 3.8614 5.1236 1.2108 24.3855 -6.7978 0.0238
Car -1 -1 -8.2156 715.4876 173.0798 794.8250 215.4013 1.3953 1.5958 3.4749 5.3501 1.1181 25.5258 -8.0161 0.0235
Car -1 -1 -8.0953 730.5962 173.9776 802.1001 218.1951 1.4143 1.6084 3.3191 5.5531 1.1741 24.6570 -7.8812 0.0186
Cyclist -1 -1 -7.0796 1000.9507 87.3072 1237.0000 373.0000 1.8382 0.6188 1.5386 2.9445 1.4026 3.7638 -6.4545 0.0165
Car -1 -1 -8.3091 721.8425 168.2530 820.1633 221.5768 1.6663 1.7805 3.6879 5.6364 1.2528 24.4483 -8.0900 0.0164
Car -1 -1 -7.8413 737.4651 170.4442 794.2615 219.4242 1.5778 1.7986 3.8127 5.7406 1.2221 25.2003 -7.6247 0.0148
Pedestrian -1 -1 -6.1734 1078.7295 78.1273 1237.0000 373.0000 1.8517 0.6190 0.6272 2.6853 1.4137 3.4888 -5.5587 0.0144
Pedestrian -1 -1 -4.8142 1144.8612 62.5678 1237.0000 373.0000 1.8519 0.6941 0.6161 2.9900 1.3612 3.4157 -4.1380 0.0138
Car -1 -1 -8.1822 726.8552 168.8541 811.8962 219.4012 1.6099 1.7743 3.5124 5.6565 1.2076 24.7226 -7.9648 0.0125
Car -1 -1 -8.2912 698.0720 171.6202 786.7101 214.7057 1.4178 1.6558 3.7065 4.9090 1.0931 25.6407 -8.1091 0.0112
Car -1 -1 -6.8379 679.0250 169.0287 801.8067 216.2191 1.5151 1.5468 3.8830 4.7103 1.1151 24.4882 -6.6549 0.0110
Car -1 -1 -4.6105 76.8493 180.5001 123.8218 212.5253 1.4679 1.5266 3.4939 -24.2420 1.4224 34.8242 -5.2202 0.0109
Car -1 -1 -6.7134 684.4008 168.7309 810.7393 219.3054 1.6508 1.6238 3.9400 4.9710 1.2345 24.7027 -6.5220 0.0096
Cyclist -1 -1 -8.1567 1063.4078 68.9368 1237.0000 373.0000 1.7941 0.5655 1.6598 2.9267 1.3446 3.7502 -7.5328 0.0090
Car -1 -1 -4.5557 85.8281 180.1189 134.4777 211.7504 1.4589 1.4542 3.3565 -23.8574 1.3954 34.9577 -5.1561 0.0090
Car -1 -1 -6.8663 684.6071 167.8351 808.3586 217.5227 1.6116 1.7851 3.8582 4.9868 1.1688 24.8616 -6.6755 0.0079
Cyclist -1 -1 -8.3509 1110.3723 58.5209 1237.0000 373.0000 1.7748 0.4775 1.5921 3.0180 1.3367 3.3902 -7.6667 0.0071
Car -1 -1 -7.6270 1068.7968 76.9312 1237.0000 373.0000 1.6078 1.6745 4.2637 4.2146 1.3781 3.3148 -6.7660 0.0052
Car -1 -1 -3.0290 649.0064 168.7540 773.8563 212.4767 1.4264 1.8181 4.0985 3.8083 1.0110 24.8370 -2.8835 0.0043
Pedestrian -1 -1 -8.4075 571.1685 169.8956 601.5527 228.2566 1.6209 0.7373 0.4434 -0.4588 1.2991 20.3387 -8.4350 0.0038
Car -1 -1 -6.1515 676.6535 164.4809 794.6377 216.0241 1.7120 1.8113 3.8929 4.7267 1.1471 25.3141 -5.9739 0.0038
Car -1 -1 -6.5813 0.0000 0.0000 1237.0000 373.0000 1.5434 1.5887 3.6591 -4.1863 1.6733 1.4454 -7.7706 0.0030
Car -1 -1 -6.6414 0.0000 0.0000 1237.0000 373.0000 1.5366 1.5798 3.5977 -3.3832 1.6440 1.3619 -7.7708 0.0030
Car -1 -1 -3.4813 0.0000 0.0000 1237.0000 373.0000 1.5810 1.6051 3.7977 -5.0320 1.7048 1.8431 -4.6615 0.0030
Car -1 -1 -3.5036 0.0000 0.0000 1237.0000 373.0000 1.5640 1.5931 3.7522 -4.6353 1.6630 1.8055 -4.6606 0.0030
Car -1 -1 -6.5940 0.0000 0.0000 1237.0000 373.0000 1.5464 1.5806 3.5921 -3.7932 1.6478 1.3394 -7.7712 0.0030
Pedestrian -1 -1 -3.9927 1100.1918 91.1264 1237.0000 373.0000 1.7835 0.6405 0.4511 2.2379 1.4988 2.6274 -3.3408 0.0029
Car -1 -1 -6.3013 0.0000 0.0000 1237.0000 373.0000 1.4903 1.5555 3.7127 3.8235 1.2620 1.7162 -5.2139 0.0025
Car -1 -1 -6.9379 1125.8896 0.0000 1237.0000 373.0000 1.6029 1.6498 3.8473 4.3528 1.2567 2.5136 -5.9406 0.0025
Car -1 -1 -6.4154 677.2645 167.4127 795.9221 215.0711 1.5959 1.6904 3.8509 4.5982 1.1246 24.9814 -6.2404 0.0024
Car -1 -1 -6.4330 0.0000 0.0000 1237.0000 373.0000 1.4677 1.5865 3.9846 3.9324 1.1349 1.8485 -5.3606 0.0023
Car -1 -1 -6.2174 0.0000 0.0000 1237.0000 373.0000 1.4873 1.4698 3.3627 3.6199 1.3121 1.4775 -5.1005 0.0022
Car -1 -1 -6.5973 1168.0453 0.0000 1237.0000 373.0000 1.5473 1.6166 3.7464 4.0758 1.2279 2.1578 -5.5682 0.0021
Car -1 -1 -3.1752 656.4993 167.6148 786.0510 212.4978 1.4631 1.7745 4.2142 4.0060 1.0109 24.5515 -3.0202 0.0021
Pedestrian -1 -1 -3.9835 1073.9774 57.3056 1237.0000 373.0000 1.8444 0.6785 0.4228 2.2642 1.4229 2.8188 -3.3567 0.0017
Car -1 -1 -7.1565 1063.7639 18.8178 1237.0000 373.0000 1.7240 1.8177 4.1186 4.4417 1.3246 2.8410 -6.2014 0.0017
Pedestrian -1 -1 -3.6463 1083.2275 172.7835 1163.1342 305.1227 1.5240 0.5733 0.5589 6.1688 1.4243 8.5852 -3.0431 0.0016
Car -1 -1 -7.4864 1098.5433 80.1999 1237.0000 373.0000 1.5130 1.6486 4.0984 4.3537 1.2862 2.9664 -6.5596 0.0015
Pedestrian -1 -1 -6.5807 917.4070 158.5585 937.2788 216.2772 1.8828 0.6373 0.4248 10.7541 1.1349 23.7738 -6.1651 0.0014
Pedestrian -1 -1 -6.4079 851.2507 165.5758 866.1406 212.2499 1.5242 0.5252 0.3960 8.4775 1.0046 23.7563 -6.0737 0.0014
Pedestrian -1 -1 -5.8362 183.4599 176.8864 196.3277 221.6740 1.4623 0.3991 0.2175 -13.5813 1.3121 23.6611 -6.3576 0.0013
Pedestrian -1 -1 -6.6097 927.4126 167.2922 949.4167 219.6547 1.6583 0.6383 0.4538 10.7979 1.2088 23.0893 -6.1817 0.0012
Pedestrian -1 -1 -3.4432 826.4883 160.3428 851.2646 226.5426 1.8362 0.6350 0.4907 6.6533 1.2498 20.2434 -3.1347 0.0011
Car -1 -1 -6.2817 0.0000 0.0000 1237.0000 373.0000 1.4897 1.5183 3.4172 3.3650 1.3966 1.1482 -5.1139 0.0011
Pedestrian -1 -1 -3.2428 816.4493 154.7520 841.4243 227.8717 2.0189 0.7368 0.5916 6.3745 1.2809 20.2529 -2.9467 0.0010
Cyclist -1 -1 -5.5252 1043.2573 83.2552 1237.0000 373.0000 1.8301 0.6687 1.5870 2.3049 1.6144 2.4083 -4.8205 0.0010
Pedestrian -1 -1 -5.7840 185.7776 176.8772 200.3962 221.4142 1.4524 0.4067 0.2553 -13.4587 1.3020 23.6308 -6.3021 0.0010
Pedestrian -1 -1 -5.8439 184.5623 173.9418 198.9787 218.9818 1.4789 0.4406 0.2527 -13.6070 1.2311 23.8158 -6.3633 0.0009
Pedestrian -1 -1 -5.5732 188.4347 173.7003 204.6265 219.3730 1.4995 0.4412 0.2386 -13.4538 1.2439 23.8237 -6.0877 0.0009
Cyclist -1 -1 -3.5871 977.4452 101.4174 1237.0000 373.0000 1.8553 0.6747 1.6515 2.3030 1.6232 2.6022 -2.9172 0.0006
Cyclist -1 -1 -3.7460 799.9007 169.0910 932.3436 321.7747 1.6516 0.4740 1.4053 2.9635 1.5181 8.1880 -3.4147 0.0006
Cyclist -1 -1 -7.6852 367.1000 183.9088 482.0335 373.0000 1.7531 0.5968 1.6936 -1.3784 1.7757 5.6611 -7.9208 0.0006
Pedestrian -1 -1 -3.8367 998.6483 154.2574 1019.6282 214.0279 1.8620 0.5156 0.3160 12.8297 1.0138 22.6614 -3.3315 0.0006
Pedestrian -1 -1 -6.0652 35.2474 177.8494 51.4015 235.3251 1.7662 0.4718 0.3028 -17.3925 1.6545 22.3518 -6.7260 0.0005
Pedestrian -1 -1 -6.7851 871.3738 171.4529 891.5912 224.2346 1.3415 0.3897 0.3358 7.1648 1.0867 18.4741 -6.4250 0.0005
Pedestrian -1 -1 -6.7039 923.4804 169.2156 943.7784 216.8931 1.5382 0.5324 0.4161 10.8091 1.1423 23.4418 -6.2812 0.0005
Pedestrian -1 -1 -6.6509 963.0434 165.8801 980.6804 217.0913 1.3351 0.3897 0.2887 9.7274 0.9284 18.9351 -6.1870 0.0004
Pedestrian -1 -1 -6.8542 869.8159 169.9861 892.9467 220.5372 1.2759 0.3705 0.4150 7.1159 0.9858 18.3554 -6.4943 0.0003
Pedestrian -1 -1 -6.6794 964.9867 165.8127 982.8994 216.2268 1.3133 0.3932 0.2856 9.7738 0.9052 18.9188 -6.2133 0.0003
Pedestrian -1 -1 -6.7331 877.1429 174.1970 896.3441 225.5586 1.3095 0.3475 0.3400 7.3113 1.1238 18.5016 -6.3667 0.0002
Pedestrian -1 -1 -6.6610 968.2383 170.1184 990.3933 220.5634 1.3033 0.3924 0.3921 9.8376 1.0098 18.7730 -6.1891 0.0001
Pedestrian -1 -1 -6.6004 1137.8529 135.5503 1159.0431 201.1719 2.2835 0.6407 0.4099 19.2856 0.6850 25.3657 -5.9603 0.0001
Cyclist -1 -1 -6.1015 351.0427 184.6021 531.8531 373.0000 1.5724 0.5854 1.4322 -1.3850 1.6011 6.1608 -6.3203 0.0000
