Car -1 -1 -8.0979 661.7582 184.7657 736.0881 234.2928 1.4085 1.5734 3.3766 2.7238 1.8196 23.1487 -7.9831 0.9998
Car -1 -1 -2.8227 268.4509 189.6166 448.2635 249.3681 1.4660 1.6478 4.1693 -6.5796 1.9273 19.0229 -3.1520 0.9996
Car -1 -1 -8.8911 924.4791 183.4924 1232.3572 306.0687 1.4416 1.5174 3.5504 6.6617 1.6280 10.7420 -8.3490 0.9995
Car -1 -1 -7.9607 638.4182 182.4667 682.6896 217.9072 1.4549 1.5594 4.1361 2.1976 1.9203 32.8569 -7.8952 0.9991
Car -1 -1 -2.6328 59.0005 193.8043 331.5896 294.6963 1.4969 1.6037 3.5554 -6.7126 1.8639 11.8456 -3.1393 0.9954
Car -1 -1 -2.6248 150.2050 192.2928 373.9061 274.2526 1.4643 1.6271 3.6726 -6.8433 1.8748 14.2955 -3.0645 0.9935
Car -1 -1 -5.9272 398.0909 183.8120 493.5107 223.0201 1.5882 1.5400 3.6646 -7.0173 2.0709 30.7963 -6.1499 0.9892
Car -1 -1 -2.7727 367.7393 187.7415 483.7931 230.3088 1.4415 1.5135 3.7759 -6.6676 1.9999 26.0971 -3.0209 0.9882
Car -1 -1 -2.3600 0.0000 155.3664 255.9932 374.0000 1.9784 1.7640 4.0203 -5.9235 1.8340 7.0226 -3.0423 0.9683
Car -1 -1 -2.9331 438.4611 186.7353 527.5524 216.0943 1.4137 1.6869 4.1836 -6.4214 2.1338 36.5279 -3.1064 0.9592
Car -1 -1 -2.9319 436.0340 186.0290 526.1228 216.2266 1.4597 1.6798 4.2399 -6.5284 2.1440 36.5830 -3.1078 0.9308
Car -1 -1 -6.0129 321.0756 187.7337 455.8370 242.0446 1.5184 1.4786 3.5508 -6.5412 1.9751 21.3816 -6.3070 0.9114
Car -1 -1 -2.6685 333.2437 189.6227 466.3837 234.8371 1.3725 1.4762 3.9877 -6.9564 1.9516 23.8260 -2.9501 0.9007
Car -1 -1 -5.8621 399.4760 183.4596 494.7074 223.1487 1.5968 1.5081 3.6588 -6.9547 2.0643 30.7209 -6.0834 0.8682
Car -1 -1 -2.3897 0.0000 153.7407 254.9182 374.0000 1.9835 1.7805 4.0478 -5.9073 1.8272 6.9076 -3.0784 0.8667
Car -1 -1 -2.6092 142.6301 192.3920 374.2253 274.8061 1.4673 1.6936 3.8108 -6.9319 1.8827 14.3390 -3.0527 0.8538
Car -1 -1 -2.6450 47.1073 193.3231 328.4740 293.6655 1.4764 1.5772 3.6591 -6.7826 1.8333 11.7703 -3.1585 0.8378
Car -1 -1 -5.9021 396.4278 184.2357 494.5425 222.3806 1.5405 1.6032 3.7681 -7.0497 2.0444 30.8768 -6.1252 0.8372
Car -1 -1 -2.7559 367.4402 187.3579 483.7872 230.3009 1.4487 1.5982 3.7521 -6.6723 1.9941 26.0977 -3.0043 0.8366
Car -1 -1 -2.5468 338.6703 188.8386 465.3031 234.2794 1.3674 1.5086 3.8576 -6.9425 1.9269 23.9531 -2.8265 0.7307
Car -1 -1 -2.9267 442.4874 186.1162 527.7833 216.1275 1.4503 1.7256 3.9943 -6.3381 2.1413 36.6592 -3.0972 0.6940
Car -1 -1 -6.0243 317.3404 187.6055 461.2163 241.2937 1.4963 1.4402 3.8243 -6.4944 1.9481 21.3253 -6.3170 0.6905
Car -1 -1 -3.0308 438.4284 186.1948 525.2145 216.7732 1.4663 1.6713 4.1521 -6.4496 2.1570 36.4083 -3.2055 0.6838
Car -1 -1 -2.8377 440.0986 186.2071 528.9501 216.3580 1.4469 1.7253 4.1324 -6.3951 2.1476 36.7523 -3.0093 0.6432
Car -1 -1 -2.8519 383.2498 187.3248 487.9802 225.7775 1.4399 1.5336 3.7444 -6.8938 2.0293 28.5381 -3.0874 0.5846
Car -1 -1 -2.6733 331.3516 188.0587 461.7811 233.9399 1.3923 1.5317 3.8358 -7.0298 1.9152 23.7275 -2.9589 0.5705
Car -1 -1 -4.6905 512.2623 182.6508 538.5306 206.0443 1.4928 1.7158 3.8849 -5.8281 2.1953 49.7462 -4.8070 0.5135
Car -1 -1 -4.4722 511.3456 182.6801 550.3567 206.7328 1.5369 1.6760 4.5443 -5.5019 2.2551 50.3981 -4.5809 0.4978
Car -1 -1 -6.0251 309.9362 186.7387 454.6067 240.6710 1.4939 1.5271 3.8011 -6.6764 1.9191 21.2661 -6.3263 0.4658
Car -1 -1 -4.5693 511.1134 182.7052 544.4237 206.1958 1.5032 1.7052 4.3096 -5.7014 2.2178 50.1809 -4.6823 0.4488
Car -1 -1 -2.7632 293.5243 186.6007 456.0399 240.4257 1.4874 1.6156 4.2847 -6.9427 1.9125 21.3750 -3.0742 0.3899
Pedestrian -1 -1 -5.0040 863.2520 162.9538 882.8668 201.3386 1.7892 0.6494 0.8525 12.3758 1.3274 34.0753 -4.6587 0.3769
Car -1 -1 -4.4265 508.0998 181.3515 551.6299 205.8814 1.5842 1.7908 4.7049 -5.6064 2.2112 50.7861 -4.5364 0.3749
Car -1 -1 -7.9188 510.3209 182.9339 538.4122 206.3776 1.4940 1.6624 4.1598 -6.0105 2.2238 50.0674 -8.0382 0.3385
Car -1 -1 -2.9689 450.4235 178.4428 522.2637 209.3478 1.7329 1.6498 3.8557 -7.1239 2.0612 41.5909 -3.1380 0.2762
Car -1 -1 -4.6340 461.1670 184.4965 498.0058 216.2371 1.5521 1.6422 4.0317 -7.0164 2.2132 38.9016 -4.8118 0.2317
Car -1 -1 -4.4558 516.2878 182.8001 552.6478 207.1618 1.5656 1.5312 4.0930 -5.2444 2.2876 50.2568 -4.5597 0.2310
Car -1 -1 -3.0468 375.1805 186.6517 483.6383 226.1317 1.4420 1.5361 3.9740 -7.0094 2.0000 28.1418 -3.2892 0.2050
Car -1 -1 -2.8491 378.3196 186.2649 486.6270 224.5709 1.4428 1.5702 3.8940 -7.0514 1.9922 28.6857 -3.0886 0.1743
Car -1 -1 -4.9204 462.9676 184.1580 508.6780 216.1255 1.5715 1.6480 3.9948 -6.8266 2.2185 39.1587 -5.0924 0.1624
Car -1 -1 -4.8322 706.1255 176.4937 745.6881 206.7114 1.5544 1.6557 4.0672 6.2789 1.7647 39.6749 -4.6769 0.1583
Car -1 -1 -6.3823 710.1671 179.0845 787.8929 207.8117 1.4668 1.6282 3.8972 7.2780 1.8052 38.2467 -6.1962 0.1560
Car -1 -1 -4.6275 712.8817 176.2385 748.8099 205.2661 1.4810 1.6172 3.9059 6.6019 1.6753 39.3942 -4.4631 0.1356
Car -1 -1 -6.1813 709.8292 180.3747 786.4648 209.9328 1.4725 1.5950 3.8165 7.2325 1.8810 37.9174 -5.9948 0.1315
Car -1 -1 -2.9664 444.7067 180.4268 521.8549 211.5346 1.7343 1.6252 4.1447 -7.2717 2.1775 41.4411 -3.1395 0.1312
Car -1 -1 -3.5354 438.6009 185.0530 522.5173 216.0554 1.5205 1.6289 4.1081 -6.9377 2.2030 38.5950 -3.7126 0.1068
Car -1 -1 -3.0806 450.8441 184.1529 523.2867 215.1508 1.6027 1.6314 3.7731 -6.6419 2.2299 39.0565 -3.2484 0.0956
Car -1 -1 -2.7761 291.9910 178.9086 363.1028 203.7352 1.4483 1.5475 3.6592 -16.9308 1.8175 43.2579 -3.1473 0.0907
Car -1 -1 -3.2978 437.1338 184.5059 515.2059 214.8273 1.5279 1.5823 3.9332 -7.2470 2.1775 38.8382 -3.4816 0.0771
Car -1 -1 -4.8864 702.4234 176.0660 744.6750 206.6113 1.5737 1.6072 3.9946 6.1377 1.7587 39.6110 -4.7343 0.0729
Car -1 -1 -5.7337 290.5864 178.9722 365.3376 204.1832 1.4437 1.5859 3.8948 -16.8176 1.8174 42.9903 -6.1048 0.0666
Car -1 -1 -3.5492 429.8927 184.9241 514.4126 215.4993 1.4947 1.6072 4.1368 -7.3727 2.1697 38.5410 -3.7375 0.0659
Car -1 -1 -7.9406 636.1701 178.1964 668.2755 206.8428 1.6462 1.6178 3.9113 2.5073 1.9877 44.1822 -7.8848 0.0614
Car -1 -1 -5.1456 634.4503 180.5553 693.1845 209.0764 1.4839 1.6354 4.3869 2.9602 1.9478 41.1460 -5.0748 0.0613
Car -1 -1 -5.6258 254.4094 177.8211 327.5773 203.2605 1.4761 1.6330 3.8517 -19.3003 1.7846 43.6114 -6.0405 0.0599
Car -1 -1 -6.1323 428.0312 182.8638 513.5311 215.0238 1.6800 1.5920 4.3619 -7.5341 2.2346 39.1194 -6.3218 0.0588
Car -1 -1 -6.2341 732.6082 162.0670 789.5359 183.4599 1.7627 1.7394 4.6235 12.7307 0.8736 60.8737 -6.0291 0.0570
Car -1 -1 -4.3556 293.6982 177.9005 343.7515 203.9074 1.5004 1.5814 3.9139 -17.8783 1.8243 44.3706 -4.7368 0.0554
Car -1 -1 -4.6970 625.0557 174.9651 643.6892 195.1890 1.6970 1.5693 3.9292 2.1279 1.8867 62.9612 -4.6638 0.0549
Car -1 -1 -4.9734 635.5238 179.6691 681.6357 208.4152 1.5249 1.5902 4.2652 2.7014 1.9386 41.5883 -4.9095 0.0515
Car -1 -1 -3.9540 441.2953 184.8575 515.0563 215.9278 1.4992 1.5588 3.9869 -7.0142 2.1747 38.5281 -4.1334 0.0510
Car -1 -1 -4.7793 621.5626 174.9154 642.8131 195.3636 1.7172 1.5877 3.9216 1.8847 1.9025 62.9840 -4.7500 0.0508
Car -1 -1 -4.2594 449.0179 184.7703 509.3435 215.3164 1.4776 1.5756 4.0401 -6.9907 2.1528 38.7440 -4.4372 0.0453
Car -1 -1 -4.6941 459.3105 172.6476 478.3058 190.9203 1.6256 1.6400 4.1038 -12.9776 1.6070 66.3549 -4.8868 0.0443
Car -1 -1 -4.5661 460.1714 172.8923 484.6653 191.0724 1.6206 1.6375 4.0748 -12.6467 1.6239 66.3954 -4.7539 0.0442
Car -1 -1 -4.1856 293.8997 178.1959 352.1382 204.1941 1.4932 1.5750 3.8956 -17.5920 1.8362 44.3255 -4.5616 0.0439
Car -1 -1 -7.9466 634.7205 179.2721 665.8436 207.4998 1.6138 1.5454 3.7305 2.3820 2.0218 44.0063 -7.8934 0.0391
Car -1 -1 -4.8212 637.0969 181.2991 671.8054 209.6248 1.5033 1.5607 3.9334 2.4729 2.0120 41.4906 -4.7626 0.0390
Car -1 -1 -6.2433 732.4543 161.1220 788.9394 182.8972 1.8001 1.8041 4.6151 12.7448 0.8300 61.0820 -6.0388 0.0390
Car -1 -1 -2.9784 293.3443 178.6217 364.1089 203.5694 1.4481 1.5954 3.7732 -16.9707 1.8056 43.5898 -3.3479 0.0389
Car -1 -1 -4.7345 638.2177 180.8951 667.2775 209.6382 1.5071 1.5476 4.2687 2.3604 1.9900 41.1996 -4.6782 0.0378
Car -1 -1 -4.9189 636.5078 180.1003 678.6092 209.0571 1.5244 1.5471 4.2754 2.6285 1.9615 41.3256 -4.8564 0.0337
Car -1 -1 -3.9363 436.8446 184.8678 509.3081 215.8667 1.4988 1.5411 3.8502 -7.2836 2.1732 38.4882 -4.1226 0.0331
Car -1 -1 -2.7780 442.7636 183.1679 522.1827 215.5456 1.6617 1.6498 3.8905 -6.8990 2.2350 38.9555 -2.9526 0.0326
Car -1 -1 -5.1361 634.6505 178.7411 692.9171 208.0250 1.5516 1.6168 4.5264 2.9896 1.9103 41.5998 -5.0654 0.0315
Car -1 -1 -3.2239 445.9731 184.4952 522.0655 214.4918 1.5234 1.6243 3.9218 -6.8491 2.1717 38.9197 -3.3974 0.0313
Car -1 -1 -4.2259 326.3542 185.6857 445.0530 240.6336 1.4666 1.6453 4.4748 -6.9407 1.9121 22.7114 -4.5198 0.0258
Car -1 -1 -2.9052 293.1702 179.1931 373.0632 204.6028 1.4746 1.6388 4.2301 -16.6665 1.8659 43.4950 -3.2694 0.0243
Car -1 -1 -4.9919 467.3383 184.5166 525.3964 216.3103 1.4877 1.7783 4.7543 -6.1182 2.1449 38.1485 -5.1503 0.0236
Car -1 -1 -6.7229 450.4284 184.5903 536.7401 215.7602 1.5382 1.8225 4.2358 -6.3077 2.2043 39.0213 -6.8827 0.0229
Car -1 -1 -4.9635 473.4591 184.4817 529.8903 216.7479 1.4981 1.7777 4.8230 -5.8047 2.1502 37.9170 -5.1149 0.0213
Car -1 -1 -8.0578 615.5948 175.3469 642.7202 195.2719 1.6686 1.5999 3.9235 1.6158 1.8932 63.0150 -8.0327 0.0201
Car -1 -1 -4.5173 624.8950 180.6498 667.8346 209.2102 1.4838 1.6341 4.3352 2.0881 1.9518 41.0425 -4.4674 0.0159
Car -1 -1 -5.0093 633.7859 179.2662 679.6066 207.5089 1.5359 1.5195 4.1822 2.6523 1.9325 42.4530 -4.9479 0.0157
Pedestrian -1 -1 -5.6649 328.7171 181.3012 340.8641 205.4397 1.8131 0.7510 0.5261 -20.9764 2.4609 54.9269 -6.0284 0.0157
Car -1 -1 -6.3143 692.0496 168.8574 755.9288 191.5710 1.6908 1.7777 4.7247 8.5985 1.3930 54.8847 -6.1600 0.0144
Car -1 -1 -3.9273 146.7774 177.2323 257.7960 213.0893 1.4261 1.6435 4.3246 -17.7363 1.6314 31.5651 -4.4359 0.0135
Car -1 -1 -3.1529 422.5347 184.9026 495.9653 213.5318 1.4516 1.5927 3.7853 -8.1271 2.1185 38.7684 -3.3586 0.0109
Car -1 -1 -7.6278 432.1561 186.4573 492.1071 226.0565 1.4442 1.5761 3.8770 -6.0346 2.0393 29.6198 -7.8277 0.0098
Pedestrian -1 -1 -5.7883 329.6195 181.0875 341.3107 204.3219 1.7516 0.7693 0.5332 -20.9936 2.3849 55.1082 -6.1510 0.0093
Car -1 -1 -4.5097 528.1309 183.2132 561.8585 207.2079 1.5314 1.5623 3.9370 -4.4800 2.2763 49.8588 -4.5994 0.0088
Car -1 -1 -7.7585 639.2631 178.5253 672.5766 205.8612 1.5590 1.6602 4.0750 2.8200 1.9228 44.1811 -7.6957 0.0084
Car -1 -1 -4.9139 632.6304 180.5585 671.8217 209.0858 1.5648 1.4900 4.2866 2.4266 2.0476 43.0118 -4.8585 0.0082
Car -1 -1 -3.9411 156.5446 177.9491 262.7536 212.3193 1.3927 1.6039 4.2813 -17.7667 1.6358 32.1889 -4.4421 0.0074
Car -1 -1 -4.6660 489.6918 185.2390 524.5294 216.2386 1.4502 1.6054 4.3352 -5.3714 2.1366 37.7720 -4.8068 0.0065
Car -1 -1 -4.5295 489.7122 185.1568 535.7435 215.9884 1.4436 1.6087 4.4482 -5.0721 2.1272 37.8498 -4.6623 0.0041
Car -1 -1 -4.3593 528.2960 181.8869 571.8016 206.5862 1.5789 1.6194 4.3131 -4.1380 2.2345 50.0983 -4.4417 0.0032
Car -1 -1 -6.9981 636.0203 179.0672 704.5540 205.4795 1.4897 1.6143 4.0434 3.6174 1.8791 43.4118 -6.9161 0.0030
Cyclist -1 -1 -2.5175 380.2711 184.8476 443.6132 235.3081 1.5702 0.6968 1.9432 -6.4809 1.9705 23.4340 -2.7850 0.0021
Cyclist -1 -1 -2.6411 388.1918 182.2963 452.8297 234.8685 1.6520 0.7155 1.9260 -6.2040 1.9663 23.4610 -2.8974 0.0007
