Car -1 -1 -4.5403 411.2919 185.4980 504.6793 260.0347 1.5827 1.6143 3.8712 -3.7050 1.9312 17.9441 -4.7418 0.9999
Car -1 -1 -7.5843 285.2669 192.1777 446.2944 312.6735 1.5372 1.5397 3.3560 -3.7434 1.8895 11.4598 -7.8941 0.9998
Car -1 -1 -4.5738 490.1657 185.0225 534.4882 218.7144 1.4374 1.5821 3.5774 -4.5717 2.0386 33.8709 -4.7075 0.8787
Car -1 -1 -4.6325 492.4824 184.8278 531.6652 218.6577 1.4426 1.5394 3.6722 -4.6010 2.0372 33.9709 -4.7666 0.8589
Car -1 -1 -4.5921 494.3161 184.9373 535.2558 218.5085 1.4348 1.4931 3.5299 -4.4627 2.0316 33.8855 -4.7226 0.8404
Car -1 -1 -4.4411 488.9836 184.7228 541.8287 218.7749 1.4438 1.5504 3.5777 -4.4099 2.0302 33.7847 -4.5705 0.7653
Car -1 -1 -4.4424 527.8850 174.9924 560.1755 194.9465 1.5923 1.6413 4.1364 -5.4895 1.7769 60.2254 -4.5332 0.6752
Pedestrian -1 -1 -3.0062 481.2339 175.3041 495.7089 201.0800 1.7893 0.4529 0.9444 -8.5135 1.9609 50.3739 -3.1732 0.6703
Car -1 -1 -4.6756 490.5213 183.9525 528.3329 218.0871 1.4580 1.6299 3.9609 -4.7555 2.0155 34.2067 -4.8132 0.6399
Car -1 -1 -4.5539 528.0815 174.8486 554.5387 194.5553 1.5743 1.5696 4.1041 -5.7163 1.7461 60.1632 -4.6486 0.6325
Pedestrian -1 -1 -6.4369 482.6488 175.2462 497.4096 201.2162 1.7976 0.4792 0.9546 -8.4108 1.9657 50.3913 -6.6019 0.6290
Car -1 -1 -4.7232 528.5654 174.3210 548.3144 194.4324 1.6077 1.5823 4.2117 -6.0183 1.7342 60.1784 -4.8228 0.6002
Pedestrian -1 -1 -8.3322 368.0494 174.9912 386.8198 212.9694 1.7814 0.6670 0.5605 -11.1051 1.8841 34.3275 -8.6432 0.5490
Car -1 -1 -4.3748 529.1656 174.8452 564.5176 194.4485 1.5605 1.6282 4.2283 -5.2449 1.7324 60.1451 -4.4618 0.4834
Car -1 -1 -4.6784 487.2377 184.6512 525.3857 219.6224 1.4829 1.6436 3.5561 -4.8359 2.0640 33.7037 -4.8204 0.4011
Pedestrian -1 -1 -7.5519 661.2334 172.4962 680.4451 214.9561 1.8664 0.5758 1.0421 2.6867 1.8504 32.3072 -7.4703 0.3843
Car -1 -1 -4.5834 531.8047 175.3069 556.2434 194.4483 1.5219 1.5189 4.0154 -5.4714 1.7322 59.9236 -4.6744 0.3746
Pedestrian -1 -1 -6.8592 350.2315 165.6590 370.9243 199.8012 1.7895 0.6501 0.8172 -13.2902 1.4121 38.3393 -7.1911 0.3572
Car -1 -1 -4.6698 526.0728 175.5447 547.4394 194.6343 1.5122 1.5934 4.0252 -6.0646 1.7425 59.7907 -4.7708 0.3106
Car -1 -1 -4.6245 528.1752 176.2762 551.5539 195.5553 1.5126 1.5733 3.9506 -5.7575 1.8029 59.2955 -4.7212 0.2746
Cyclist -1 -1 -5.5092 358.0527 169.5382 390.3529 206.8810 1.7503 0.5937 1.4677 -11.2876 1.5946 34.4099 -5.8242 0.2738
Car -1 -1 -4.4155 476.9588 183.6241 538.8705 220.5029 1.5258 1.7934 3.7064 -4.6350 2.0472 32.9752 -4.5546 0.2722
Car -1 -1 -4.6094 530.3253 175.8501 554.7818 195.2302 1.5201 1.5888 4.1091 -5.5338 1.7745 59.2935 -4.7024 0.2561
Pedestrian -1 -1 -6.9418 352.0355 164.8196 372.9347 198.9964 1.7912 0.6393 0.8338 -13.1885 1.3698 38.3403 -7.2713 0.2493
Car -1 -1 -4.6877 531.4884 176.3953 552.0387 195.7552 1.4972 1.5634 4.3171 -5.5568 1.7963 58.8134 -4.7818 0.2403
Pedestrian -1 -1 -5.9346 479.4240 175.7211 495.4115 202.6855 1.8587 0.6086 0.9460 -8.5582 2.0594 50.2035 -6.1030 0.2224
Car -1 -1 -4.8575 520.7808 174.8058 547.1335 194.5195 1.5672 1.5899 4.1560 -6.3831 1.7352 60.0095 -4.9633 0.2044
Pedestrian -1 -1 -7.6437 661.3853 173.2563 679.2330 215.3624 1.8581 0.5887 1.0885 2.6760 1.8762 32.4582 -7.5628 0.1740
Pedestrian -1 -1 -7.5772 661.7389 172.8567 679.7560 214.7081 1.8294 0.5532 0.9848 2.6644 1.8292 32.0982 -7.4958 0.1717
Car -1 -1 -4.6241 523.8332 176.3466 547.7860 195.4262 1.4942 1.6149 3.9570 -6.0828 1.7903 59.2264 -4.7264 0.1541
Pedestrian -1 -1 -8.1305 643.2120 184.3186 658.9193 212.7410 1.4935 0.6510 0.7838 2.1627 2.1159 38.7354 -8.0758 0.1533
Car -1 -1 -4.4044 470.6232 184.8773 534.4268 221.5918 1.4949 1.7860 3.8216 -4.8415 2.0739 32.7376 -4.5507 0.1516
Pedestrian -1 -1 -8.1381 365.9575 171.8451 382.6682 208.9968 1.7480 0.6281 0.5481 -11.2627 1.7002 34.3519 -8.4529 0.1478
Pedestrian -1 -1 -5.6847 641.1597 183.2475 662.2035 213.5974 1.5803 0.7511 0.8452 2.1863 2.1426 38.5046 -5.6291 0.0919
Car -1 -1 -4.4445 532.3547 174.9883 563.7433 194.3230 1.5312 1.5439 4.1759 -5.1200 1.7143 59.8179 -4.5299 0.0821
Car -1 -1 -4.2048 471.2941 175.4738 518.5969 199.2062 1.6325 1.6529 3.9889 -8.3126 1.8298 52.2674 -4.3621 0.0732
Pedestrian -1 -1 -5.6796 638.2981 183.1510 657.5617 212.9047 1.5619 0.6999 0.7725 1.9988 2.1218 38.7444 -5.6291 0.0691
Cyclist -1 -1 -5.0311 365.0124 173.1073 384.7529 208.0826 1.6446 0.4339 1.5664 -11.3550 1.6568 34.6998 -5.3455 0.0680
Car -1 -1 -4.0365 497.2435 178.7068 550.6127 198.6113 1.4452 1.6637 4.5153 -6.6688 1.9193 56.1282 -4.1546 0.0672
Cyclist -1 -1 -5.2817 359.6295 169.2237 387.8853 207.1081 1.7806 0.4964 1.6151 -11.3811 1.6097 34.6161 -5.5974 0.0552
Car -1 -1 -4.2699 477.4055 175.3558 522.1471 199.1460 1.6387 1.6370 4.0350 -7.9708 1.8274 52.3245 -4.4207 0.0506
Car -1 -1 -3.9780 490.9659 178.1638 548.0847 198.1940 1.4595 1.6862 4.7292 -7.0274 1.8912 56.2811 -4.1020 0.0478
Car -1 -1 -4.0394 467.2057 178.9094 539.1375 208.2054 1.5332 1.6967 4.3602 -6.0388 1.8966 41.0268 -4.1851 0.0357
Car -1 -1 -4.2214 502.3943 179.5595 545.1365 198.4180 1.3512 1.5621 3.9857 -6.5982 1.8853 55.3604 -4.3399 0.0332
Car -1 -1 -4.3565 479.9200 179.5522 535.4839 209.4373 1.5304 1.6475 4.3804 -5.6763 1.9258 40.3046 -4.4959 0.0314
Car -1 -1 -4.1733 473.4819 179.4103 539.3724 208.5020 1.5100 1.6541 4.4283 -5.8263 1.9026 40.8770 -4.3144 0.0299
Car -1 -1 -4.2469 483.8051 178.9307 541.1430 207.4703 1.5502 1.7218 3.9883 -5.6873 1.9242 42.2801 -4.3803 0.0286
Car -1 -1 -4.7801 632.0752 173.9177 660.1215 197.7755 1.5857 1.6607 4.1745 2.4421 1.6625 50.2466 -4.7323 0.0277
Car -1 -1 -4.4969 490.5806 180.1645 536.0936 209.2524 1.4963 1.6339 4.3657 -5.3949 1.9289 40.4867 -4.6290 0.0275
Car -1 -1 -3.8390 469.3662 178.8194 545.2333 206.7734 1.4935 1.7398 4.1925 -5.9072 1.8549 41.6041 -3.9796 0.0260
Car -1 -1 -4.7084 503.1097 180.3754 534.1141 209.4488 1.4967 1.6365 4.2486 -5.1577 1.9415 40.4950 -4.8347 0.0255
Car -1 -1 -4.6124 497.6908 180.0340 533.5461 206.0948 1.4350 1.7158 4.0948 -5.6019 1.8827 42.9447 -4.7418 0.0233
Car -1 -1 -4.5114 522.2075 176.6475 552.3234 197.0389 1.5450 1.5794 4.2523 -5.7991 1.8595 57.6821 -4.6115 0.0219
Car -1 -1 -4.2030 455.3546 183.8900 534.5635 223.5662 1.5584 1.5896 4.2267 -5.0278 2.0798 31.8543 -4.3589 0.0207
Car -1 -1 -4.0030 442.8891 183.0879 536.9369 222.4631 1.5647 1.6347 4.4471 -5.3064 2.0541 32.2050 -4.1655 0.0197
Car -1 -1 -4.3682 494.6877 181.5630 538.4360 206.8975 1.3612 1.4605 3.3781 -5.4065 1.8875 41.8165 -4.4964 0.0191
Car -1 -1 -7.9987 490.9861 177.7200 533.5430 205.8798 1.5764 1.9331 4.3233 -5.9876 1.8856 43.5471 -8.1350 0.0185
Car -1 -1 -4.3768 488.8732 180.1570 538.1196 207.4495 1.4441 1.6411 3.7699 -5.4990 1.8819 41.2671 -4.5089 0.0184
Car -1 -1 -4.1092 470.8831 177.6001 540.9127 207.7629 1.5751 1.7828 4.3072 -5.8401 1.8580 40.7346 -4.2512 0.0181
Car -1 -1 -4.7516 630.7052 174.0381 656.4082 197.9506 1.5804 1.6070 4.1037 2.2546 1.6654 49.9469 -4.7072 0.0173
Car -1 -1 -3.9169 459.8584 179.2897 540.6116 206.0115 1.4050 1.8790 4.5843 -6.2772 1.7961 41.4864 -4.0666 0.0171
Car -1 -1 -8.1742 486.5195 178.9379 539.6762 206.7474 1.5381 1.9026 4.2745 -5.9019 1.9224 43.2683 -8.3094 0.0166
Car -1 -1 -4.5729 499.7159 181.3781 537.4166 207.6423 1.3857 1.6282 3.7593 -5.2075 1.8943 41.1871 -4.6983 0.0165
Car -1 -1 -7.9320 498.6333 179.1552 536.0753 207.7534 1.5780 1.8798 4.3305 -5.6256 1.9747 43.1449 -8.0613 0.0160
Car -1 -1 -4.7752 629.5506 173.3129 656.3776 198.1183 1.6554 1.6068 4.0241 2.2273 1.6884 50.2547 -4.7316 0.0159
Car -1 -1 -4.4581 495.1386 178.8204 540.6285 208.7987 1.6608 1.7186 4.0608 -5.4581 2.0331 42.9410 -4.5843 0.0150
Car -1 -1 -4.4108 501.2561 180.9545 545.1759 206.5280 1.4003 1.5118 3.8543 -5.1339 1.9037 42.8293 -4.5299 0.0144
Car -1 -1 -4.0192 481.6889 180.7810 542.7899 206.3827 1.3695 1.5661 3.5961 -5.6446 1.8490 41.7365 -4.1532 0.0143
Car -1 -1 -4.5166 498.7911 180.4294 536.4243 207.1285 1.4654 1.5162 3.6749 -5.4392 1.9317 42.5575 -4.6434 0.0142
Car -1 -1 -4.6104 504.0558 181.4536 535.3650 206.5745 1.3568 1.4736 3.2672 -5.2254 1.8738 41.7508 -4.7346 0.0137
Car -1 -1 -4.1344 496.7127 178.6513 540.4735 196.1976 1.2557 1.4778 3.7934 -6.9550 1.7137 55.0064 -4.2599 0.0128
Car -1 -1 -4.5230 502.4418 181.5625 539.3187 207.1954 1.3834 1.4653 3.7102 -5.1942 1.9145 42.1315 -4.6454 0.0123
Car -1 -1 -8.2292 482.6106 179.8562 538.1926 210.0141 1.6453 1.7454 4.4669 -6.0080 2.0838 42.8410 -8.3682 0.0119
Car -1 -1 -4.3649 428.7214 181.8813 502.9454 225.5902 1.5930 1.6145 4.2369 -5.8231 1.9887 29.4300 -4.5591 0.0118
Car -1 -1 -4.3438 472.3004 178.6449 532.1287 207.3759 1.4730 1.7553 4.6520 -5.9937 1.8171 40.4482 -4.4904 0.0110
Car -1 -1 -7.5882 0.0000 207.6295 89.3463 374.0000 1.5560 1.5783 3.5946 -7.8685 2.0811 8.9405 -8.2953 0.0107
Car -1 -1 -4.2523 509.2100 176.7807 552.0586 198.2844 1.6036 1.5921 4.3631 -6.2421 1.9261 56.9789 -4.3613 0.0092
Car -1 -1 -4.0547 490.6721 179.6298 538.0318 196.7824 1.2208 1.4868 3.9378 -7.2852 1.7572 55.0713 -4.1859 0.0088
Car -1 -1 -4.6115 478.5359 179.5162 515.9462 206.7526 1.3611 1.5985 4.1294 -6.1085 1.7421 39.1923 -4.7655 0.0087
Cyclist -1 -1 -7.9966 369.1279 172.4845 381.5320 208.9147 1.7299 0.3387 1.6796 -11.4596 1.7121 35.0915 -8.3104 0.0085
Car -1 -1 -4.1666 498.1862 179.3658 541.7253 197.4538 1.3070 1.5430 3.8888 -6.9391 1.8285 55.7307 -4.2902 0.0085
Car -1 -1 -4.5057 472.9261 181.7225 517.0612 208.0468 1.2686 1.4900 4.1607 -6.0829 1.7652 38.3117 -4.6626 0.0075
Car -1 -1 -7.7660 0.0000 202.1105 49.2070 374.0000 1.6703 1.7115 3.9676 -8.0739 2.1140 8.8458 -8.4909 0.0071
Car -1 -1 -4.0774 498.4713 177.9175 551.9456 198.1076 1.4795 1.6698 4.7567 -6.6173 1.8938 56.5959 -4.1937 0.0064
Car -1 -1 -4.7402 628.6932 172.9339 652.1700 198.0613 1.6820 1.5174 3.8347 2.0560 1.6875 50.2385 -4.7000 0.0064
Car -1 -1 -7.7788 468.5052 175.2676 495.6666 199.2008 1.6520 1.6491 3.8718 -9.2494 1.8330 52.2166 -7.9536 0.0060
Car -1 -1 -4.6485 492.0278 178.2567 525.4016 203.2056 1.3741 1.7101 3.7910 -5.9624 1.7069 42.5390 -4.7874 0.0053
Cyclist -1 -1 -8.1191 361.5901 170.3915 378.1895 206.9519 1.7598 0.3633 1.6216 -11.8627 1.6410 35.5063 -8.4396 0.0051
Car -1 -1 -4.0943 493.2466 176.4661 547.5941 197.7073 1.5719 1.7833 4.8184 -7.0157 1.8687 56.8027 -4.2170 0.0050
Car -1 -1 -4.3928 427.5069 170.7260 466.4289 193.9648 1.6218 1.6772 3.6827 -11.7937 1.4730 52.2708 -4.6140 0.0048
Car -1 -1 -7.6144 469.1902 175.1639 504.5488 199.5987 1.6911 1.6307 3.9838 -8.9198 1.8650 52.3694 -7.7827 0.0037
Car -1 -1 -4.3344 471.8196 180.6862 531.5092 208.1228 1.3136 1.5637 4.5420 -5.7051 1.7549 38.2988 -4.4818 0.0036
Car -1 -1 -7.4110 469.3467 175.1524 514.0273 199.3389 1.6702 1.5780 4.1511 -8.5772 1.8441 52.4597 -7.5726 0.0024
Cyclist -1 -1 -8.1699 360.4724 169.7649 380.1399 206.1106 1.7301 0.3714 1.7937 -11.7352 1.5828 35.1783 -8.4900 0.0022
Car -1 -1 -3.0514 555.0679 178.7703 599.4719 195.7203 1.5401 1.6116 3.9960 -3.0419 2.0971 67.0777 -3.0969 0.0019
Cyclist -1 -1 -8.0209 368.9697 168.0454 385.5786 207.5373 1.8919 0.4683 1.9050 -11.5052 1.6612 35.5186 -8.3323 0.0018
Car -1 -1 -6.5725 672.4552 178.1121 762.0177 213.2257 1.4506 1.5652 3.5213 4.5539 1.6848 31.1472 -6.4292 0.0015
Car -1 -1 -2.8187 548.2765 178.7058 594.3757 195.8319 1.5406 1.6132 3.9752 -3.6100 2.0951 67.1048 -2.8726 0.0011
Car -1 -1 -3.9509 437.5600 183.4673 532.9545 223.5101 1.5706 1.6374 4.2654 -5.4379 2.0695 31.7082 -4.1200 0.0010
Cyclist -1 -1 -7.7085 661.8577 174.0590 679.9673 215.6956 1.8046 0.5606 1.7732 2.6905 1.8598 32.2541 -7.6267 0.0007
