Pedestrian -1 -1 -3.7089 856.9807 140.7914 971.4767 305.0443 1.9184 0.7407 1.0593 3.7357 1.4550 8.7143 -3.3152 0.9537
Pedestrian -1 -1 -3.7087 854.7762 139.3036 963.5795 303.8277 1.9314 0.7002 1.0166 3.6851 1.4482 8.7354 -3.3206 0.7755
Pedestrian -1 -1 -2.9323 153.1835 176.0051 191.5586 261.4843 1.5185 0.3808 0.5239 -7.8882 1.4390 12.8249 -3.4709 0.0505
Pedestrian -1 -1 -2.5262 123.4472 166.7785 174.4838 264.2450 1.7282 0.4425 0.6368 -8.2801 1.4852 12.7745 -3.0882 0.0398
Pedestrian -1 -1 -5.4742 119.8202 165.5905 171.5202 264.0825 1.7211 0.3904 0.7172 -8.2502 1.4609 12.6311 -6.0395 0.0184
Cyclist -1 -1 -7.6511 844.3174 165.5782 891.1160 269.0175 1.7071 0.4391 1.8089 4.6381 1.4612 12.5544 -7.3037 0.0111
Cyclist -1 -1 -7.8972 779.1058 169.0370 810.0405 252.4291 1.4517 0.4780 1.3802 3.4307 1.2525 13.0329 -7.6439 0.0094
Cyclist -1 -1 -7.8259 833.2537 169.5113 861.7889 264.3904 1.5595 0.4453 1.7904 4.2679 1.3793 12.5390 -7.5038 0.0092
Pedestrian -1 -1 -2.6177 138.1466 165.5171 185.1721 262.5625 1.7047 0.3888 0.5968 -7.9557 1.4418 12.6216 -3.1670 0.0084
Pedestrian -1 -1 -2.4162 108.9540 164.3886 157.6758 262.6639 1.7507 0.4173 0.6161 -8.6130 1.4640 12.8470 -2.9936 0.0070
Cyclist -1 -1 -8.5308 667.4293 168.3613 745.9583 263.3207 1.6842 0.5084 1.7052 1.8469 1.4693 13.4017 -8.3953 0.0063
Cyclist -1 -1 -7.4992 267.0750 162.8090 327.5472 252.0464 1.5688 0.4844 1.6537 -5.7853 1.2582 13.2673 -7.8997 0.0060
Car -1 -1 -2.9482 0.0000 172.2089 29.3201 206.7738 1.3779 1.5954 3.9757 -27.0435 1.0476 29.8851 -3.6766 0.0055
Car -1 -1 -4.5320 621.1575 172.7916 682.3121 210.2065 1.3488 1.6896 3.9995 1.8727 1.0712 27.6356 -4.4633 0.0054
Cyclist -1 -1 -5.5303 92.8929 167.0368 190.0979 264.4257 1.6830 0.4721 1.5530 -8.2972 1.4507 12.5927 -6.0995 0.0044
Pedestrian -1 -1 -4.6150 268.9019 163.7154 304.5154 243.0756 1.5086 0.5877 0.4522 -6.2276 1.1899 13.7470 -5.0297 0.0044
Pedestrian -1 -1 -4.3896 404.2274 204.1292 429.7215 265.7876 0.9864 0.3112 0.3454 -3.1406 1.3817 11.6343 -4.6445 0.0041
Car -1 -1 -7.7982 630.8239 169.0631 679.8146 208.2786 1.5071 1.8059 3.7123 2.1059 1.0678 29.1287 -7.7250 0.0041
Car -1 -1 -8.9864 0.0000 0.0000 1223.0000 369.0000 1.5885 1.6135 3.5892 4.2040 1.5177 1.2349 -7.7691 0.0037
Car -1 -1 -4.9761 627.2598 172.4450 700.4252 212.0714 1.4282 1.7819 4.3127 2.1809 1.1381 27.7665 -4.8968 0.0037
Car -1 -1 -8.9767 0.0000 0.0000 1223.0000 369.0000 1.5877 1.5967 3.5953 3.8510 1.5287 1.1656 -7.7733 0.0036
Pedestrian -1 -1 -4.1963 379.8763 207.0925 413.0247 270.7051 0.9807 0.3491 0.4175 -3.3934 1.4171 11.3482 -4.4774 0.0035
Car -1 -1 -4.9881 635.6254 178.2442 701.6706 216.6518 1.4074 1.5376 4.0948 2.4109 1.3250 28.0645 -4.9017 0.0035
Pedestrian -1 -1 -3.4715 678.3569 162.0652 702.8913 233.9850 1.7752 0.4880 0.4775 2.1035 1.3205 17.7408 -3.3538 0.0033
Pedestrian -1 -1 -2.4847 102.1954 161.7138 155.5839 264.3135 1.8002 0.3919 0.6987 -8.5451 1.4710 12.6276 -3.0662 0.0033
Car -1 -1 -4.9053 629.9829 175.4573 690.6665 215.4853 1.4955 1.6911 3.9793 2.1212 1.3074 28.4918 -4.8301 0.0033
Car -1 -1 -8.9521 0.0000 0.0000 1223.0000 369.0000 1.5580 1.5693 3.5126 3.4435 1.5139 1.1392 -7.7814 0.0032
Pedestrian -1 -1 -8.2950 838.2643 171.2758 872.8894 232.7672 1.5241 0.7036 0.4293 6.2535 1.2958 17.7749 -7.9605 0.0032
Car -1 -1 -3.3897 619.6767 181.0353 710.3208 213.7628 1.2828 1.5294 3.4030 2.3844 1.3056 28.7800 -3.3062 0.0032
Car -1 -1 -8.9079 0.0000 0.0000 1223.0000 369.0000 1.5667 1.5823 3.5396 3.0719 1.5274 1.1124 -7.7728 0.0031
Car -1 -1 -9.0889 0.0000 0.0000 1223.0000 369.0000 1.5955 1.6145 3.6924 4.9830 1.5162 1.0530 -7.7861 0.0030
Car -1 -1 -9.0856 0.0000 0.0000 1223.0000 369.0000 1.5085 1.6088 3.8274 3.4058 1.5539 0.4359 -7.7327 0.0030
Car -1 -1 -6.5119 0.0000 0.0000 1223.0000 369.0000 1.5321 1.5815 3.5724 -5.0100 1.6623 1.2831 -7.7708 0.0030
Car -1 -1 -6.5136 0.0000 0.0000 1223.0000 369.0000 1.5669 1.6179 3.6759 -4.2420 1.6555 0.9720 -7.7864 0.0030
Car -1 -1 -9.0374 0.0000 0.0000 1223.0000 369.0000 1.5025 1.6097 3.8195 2.6137 1.5795 0.3933 -7.7327 0.0030
Car -1 -1 -1.7266 0.0000 170.7316 0.0000 369.0000 1.4699 1.6412 3.9066 -6.5080 1.4360 4.0645 -2.7022 0.0030
Car -1 -1 -6.4857 0.0000 0.0000 1223.0000 369.0000 1.5471 1.5912 3.6488 -5.8154 1.7008 1.3770 -7.7705 0.0030
Car -1 -1 -9.0751 0.0000 0.0000 1223.0000 369.0000 1.5426 1.6159 3.6517 4.5556 1.5017 1.0136 -7.7883 0.0030
Car -1 -1 -9.0674 0.0000 0.0000 1223.0000 369.0000 1.5422 1.6034 3.8539 3.0656 1.5785 0.4132 -7.7309 0.0030
Car -1 -1 -8.8552 0.0000 0.0000 1223.0000 369.0000 1.5531 1.5728 3.5074 2.6783 1.5217 1.1014 -7.7716 0.0030
Car -1 -1 -3.0897 602.7030 176.6587 698.3083 213.0927 1.4251 1.6394 3.7662 1.8465 1.2751 28.6900 -3.0244 0.0029
Car -1 -1 -4.5740 47.0191 194.4528 114.9317 237.1237 1.3754 1.4869 3.7206 -19.2669 1.9297 26.0836 -5.2029 0.0028
Car -1 -1 -2.9336 584.1746 175.4507 694.2036 214.5972 1.5410 1.8252 4.2626 1.4145 1.3425 29.2582 -2.8842 0.0027
Car -1 -1 -5.0421 634.2231 174.2175 706.7596 211.4000 1.3420 1.6336 3.8880 2.4409 1.1155 27.6010 -4.9532 0.0026
Car -1 -1 -4.5596 587.1023 165.7345 645.0388 204.0252 1.5634 1.8721 4.6324 0.5531 0.9608 31.3112 -4.5403 0.0025
Car -1 -1 -8.0728 621.3143 174.2809 682.1057 210.1861 1.3735 1.7074 3.7372 1.8168 1.1358 29.0253 -8.0092 0.0024
Car -1 -1 -5.2823 668.3034 170.2889 752.3188 208.7092 1.4186 1.5404 3.6972 4.0772 1.0418 28.1082 -5.1380 0.0024
Car -1 -1 -2.8781 588.8340 175.9735 694.8182 212.9227 1.4448 1.7165 4.0478 1.5023 1.2681 29.0933 -2.8254 0.0022
Car -1 -1 -3.0255 577.7663 177.5637 681.8802 216.5815 1.5556 1.6910 4.1492 1.0418 1.4388 29.3407 -2.9888 0.0022
Car -1 -1 -4.9455 668.3428 170.6234 729.7640 208.0981 1.4243 1.6231 3.8595 3.7344 1.0492 28.8774 -4.8166 0.0022
Car -1 -1 -5.1974 674.0214 170.9331 753.6210 209.6818 1.3982 1.5308 3.6242 4.1177 1.0532 27.4759 -5.0486 0.0022
Car -1 -1 -5.1651 678.9105 169.2915 754.7805 207.3862 1.3538 1.4522 3.5324 4.1668 0.9557 27.0279 -5.0121 0.0020
Car -1 -1 -6.4209 617.5570 174.4112 715.2610 211.2244 1.4669 1.5924 3.8159 2.4499 1.2245 29.0700 -6.3360 0.0020
Car -1 -1 -4.4757 46.9720 196.4149 119.4111 238.5979 1.3547 1.3847 3.2370 -18.9782 1.9752 25.7953 -5.1026 0.0020
Car -1 -1 -5.0126 676.9607 164.1289 742.7142 203.2380 1.3694 1.4552 3.5273 3.8402 0.7964 26.6136 -4.8691 0.0020
Car -1 -1 -7.7504 0.0000 165.4847 59.3414 206.5170 1.7378 1.6927 4.1539 -26.1196 1.1021 32.1494 -8.4260 0.0020
Car -1 -1 -3.4624 593.3879 175.9377 702.7040 212.3444 1.3852 1.4985 4.0794 1.6704 1.2119 28.1514 -3.4021 0.0018
Pedestrian -1 -1 -4.3084 399.9949 201.6858 427.1294 264.5673 0.9895 0.3280 0.3077 -3.1397 1.3374 11.4208 -4.5676 0.0017
Car -1 -1 -6.7401 618.0796 178.4709 715.9444 213.7226 1.3681 1.4838 3.6953 2.4968 1.2895 28.7986 -6.6528 0.0017
Car -1 -1 -4.4396 0.0000 167.7295 60.4608 208.3866 1.7067 1.6010 4.0630 -26.1687 1.1708 31.8623 -5.1205 0.0016
Car -1 -1 -5.2236 680.6338 164.1565 770.6322 205.3634 1.4569 1.6787 3.9332 4.5002 0.8793 27.1324 -5.0593 0.0016
Car -1 -1 -4.8632 669.8353 173.1883 721.9587 209.8554 1.3388 1.5067 3.3956 3.4487 1.0721 27.5323 -4.7382 0.0016
Car -1 -1 -7.3963 475.2116 155.8437 586.5749 217.9583 1.7132 1.7465 4.1197 -2.1872 1.0334 21.7367 -7.4932 0.0015
Car -1 -1 -5.0615 663.7803 170.1694 738.0693 212.3169 1.5643 1.6416 4.0880 3.7319 1.1812 28.4161 -4.9306 0.0014
Car -1 -1 -5.0212 671.5922 173.8247 735.1686 210.1668 1.3254 1.4612 3.4684 3.7432 1.0822 27.6200 -4.8863 0.0014
Pedestrian -1 -1 -6.7201 1154.8364 155.7303 1192.5042 218.6908 1.5985 0.5502 0.5778 14.6570 0.9700 18.2856 -6.0512 0.0014
Car -1 -1 -4.2621 0.0000 169.1028 65.4685 208.9023 1.4784 1.7238 3.9623 -23.6867 1.0553 28.3932 -4.9500 0.0014
Car -1 -1 -4.6790 674.5829 167.2543 715.8806 205.1018 1.4654 1.5769 3.6592 3.7626 0.9528 29.3080 -4.5509 0.0013
Cyclist -1 -1 -7.9347 247.9419 163.8075 279.6175 253.0079 1.5283 0.4178 1.3619 -6.2402 1.2427 12.8083 -8.3764 0.0013
Car -1 -1 -7.4917 473.1818 151.3284 576.9888 217.2229 1.7615 1.6909 4.1775 -2.2937 0.9820 21.1362 -7.5962 0.0011
Cyclist -1 -1 -7.2003 249.6950 167.2574 324.9618 258.4375 1.5588 0.3833 1.5424 -5.7983 1.3327 12.8819 -7.6121 0.0011
Car -1 -1 -5.0809 658.7451 172.3549 730.5714 211.6357 1.4540 1.4549 4.1144 3.4740 1.1528 28.3443 -4.9585 0.0010
Car -1 -1 -6.2286 606.9344 175.1992 711.5063 212.9588 1.5000 1.5223 4.1882 2.2268 1.2897 29.1172 -6.1514 0.0010
Pedestrian -1 -1 -8.1409 846.7865 163.5030 884.1769 229.5309 1.6357 0.7786 0.4704 6.4996 1.2150 17.7741 -7.7943 0.0010
Cyclist -1 -1 -7.9529 241.0894 164.5170 274.7398 258.4198 1.5860 0.4171 1.3579 -6.2595 1.3164 12.6299 -8.4011 0.0010
Car -1 -1 -3.9531 0.0000 188.6714 103.3587 248.6619 1.5200 1.5390 4.0358 -16.9279 1.7818 20.5520 -4.6329 0.0008
Car -1 -1 -4.9922 658.4673 167.2138 721.5261 206.0600 1.5010 1.5771 3.8728 3.4233 0.9879 29.3595 -4.8755 0.0008
Pedestrian -1 -1 -4.2618 385.3783 206.1281 416.7745 266.9022 0.9663 0.3768 0.3593 -3.4002 1.3958 11.6285 -4.5371 0.0007
Cyclist -1 -1 -7.3803 588.0571 177.0316 639.1251 250.0764 1.5662 0.3872 1.7874 0.1763 1.4922 16.0412 -7.3679 0.0007
Cyclist -1 -1 -7.4802 540.9653 173.0282 580.1848 235.3214 1.3863 0.3928 1.5007 -1.0624 1.2203 16.5088 -7.5414 0.0006
Cyclist -1 -1 -7.1308 233.2613 162.3364 315.3437 254.0476 1.5253 0.3890 1.5415 -5.8801 1.2236 12.5530 -7.5572 0.0006
Car -1 -1 -8.0760 633.5199 166.0180 694.3475 205.8385 1.5792 1.7458 3.9276 2.4055 1.0051 30.1072 -7.9953 0.0005
Cyclist -1 -1 -7.6387 546.8901 171.6599 575.9547 241.4435 1.5208 0.3378 1.5693 -1.0274 1.3285 16.2105 -7.6990 0.0005
Car -1 -1 -7.4670 494.1693 162.3616 590.9078 216.1236 1.5016 1.5992 3.9296 -1.8560 0.9953 21.8629 -7.5485 0.0005
Car -1 -1 -8.0132 648.8279 151.8975 686.0358 181.0315 1.6465 1.6443 3.5483 3.6342 0.0302 41.7862 -7.9251 0.0004
Car -1 -1 -8.2510 639.7978 167.8634 712.4022 205.4081 1.4706 1.6925 3.7956 2.8861 0.9759 29.7580 -8.1535 0.0004
Car -1 -1 -8.3165 631.5391 150.3400 686.4016 180.0078 1.6690 1.7023 3.8506 3.1352 -0.0306 41.9510 -8.2405 0.0004
Cyclist -1 -1 -7.2319 567.6226 178.7431 626.7190 247.2587 1.4847 0.3906 1.7740 -0.1970 1.4469 16.1594 -7.2422 0.0004
Cyclist -1 -1 -7.6550 598.6180 179.3913 628.5511 246.8903 1.4336 0.3668 1.5824 0.1636 1.4104 15.8287 -7.6431 0.0004
Car -1 -1 -5.0313 647.2901 172.5326 716.0646 209.9803 1.4235 1.6027 4.0479 3.0327 1.1209 29.0247 -4.9266 0.0003
Car -1 -1 -7.7773 658.4384 152.9497 690.6796 182.2743 1.6602 1.6177 3.8237 4.1669 0.1006 42.0546 -7.6773 0.0003
Pedestrian -1 -1 -2.6721 5.2842 156.6625 42.0318 237.6851 1.9058 0.6113 0.4512 -13.9924 1.3454 16.9771 -3.3504 0.0003
Cyclist -1 -1 -7.5170 410.9884 162.4139 464.5524 265.1049 1.7017 0.4000 1.6368 -2.9872 1.4024 12.5520 -7.7431 0.0002
Cyclist -1 -1 -7.2750 553.9599 172.5607 605.6318 240.3284 1.4714 0.3639 1.5967 -0.5972 1.2994 16.1290 -7.3095 0.0002
Pedestrian -1 -1 -3.3731 644.8408 174.4662 698.8173 289.3389 1.6745 0.4175 0.7246 0.9417 1.5870 10.5652 -3.2852 0.0002
Cyclist -1 -1 -7.4727 557.0120 167.8524 599.3484 242.4267 1.5872 0.3890 1.5802 -0.6253 1.3184 15.8578 -7.5095 0.0002
Cyclist -1 -1 -7.5357 488.5480 179.4920 533.2433 240.3311 1.3429 0.4620 1.9080 -2.2226 1.3210 16.5869 -7.6646 0.0002
Pedestrian -1 -1 -5.6488 0.0000 157.1511 27.4488 227.0601 1.6456 0.5624 0.3527 -14.2725 1.0963 16.9337 -6.3379 0.0001
Pedestrian -1 -1 -6.0450 595.3945 158.9609 607.4322 198.5386 1.7396 0.5839 0.4085 -0.1812 0.7931 31.4091 -6.0488 0.0001
Cyclist -1 -1 -8.5864 907.1055 152.8465 988.6578 240.7756 1.5127 0.4150 1.5304 6.1963 1.0373 12.9560 -8.1479 0.0001
