Car -1 -1 -8.0586 698.8941 179.6745 846.8977 278.5614 1.4530 1.6707 4.3180 2.6750 1.5967 13.0663 -7.8621 0.9999
Car -1 -1 -6.5212 796.1056 177.6069 955.0236 240.2913 1.4652 1.6135 3.4229 6.4620 1.5898 17.9882 -6.1822 0.9965
Car -1 -1 -5.6305 0.0000 172.7172 301.0482 298.2364 1.5225 1.6045 4.1506 -6.6127 1.5205 9.6898 -6.2169 0.9964
Car -1 -1 -2.7214 24.4312 165.2591 297.1723 271.6943 1.6171 1.5989 3.4916 -7.3138 1.5014 11.9637 -3.2605 0.9922
Car -1 -1 -2.3638 0.0000 176.8649 154.9956 342.6161 1.4988 1.6286 3.7550 -7.1269 1.5447 7.4400 -3.1099 0.9912
Car -1 -1 -6.4732 674.8393 172.8184 747.0201 200.7780 1.5838 1.7606 3.8802 5.7797 1.5815 41.8572 -6.3374 0.9909
Car -1 -1 -2.9356 384.0098 173.7498 507.3432 213.3532 1.4332 1.5792 4.2616 -6.1180 1.4674 26.9718 -3.1570 0.9847
Car -1 -1 -6.0818 429.1120 170.7735 527.1578 208.4511 1.6080 1.5622 3.9948 -5.7713 1.5190 31.6191 -6.2613 0.9798
Car -1 -1 -3.3644 737.7021 175.8497 875.7358 227.2794 1.5223 1.6020 3.8540 5.9549 1.6183 22.3236 -3.1077 0.9768
Car -1 -1 -5.9960 175.7077 173.6545 434.9521 255.3831 1.4985 1.6142 4.4462 -5.8959 1.5151 14.2712 -6.3817 0.9710
Car -1 -1 -6.5873 710.1891 170.9887 795.4102 207.2992 1.5676 1.5680 3.4056 6.2800 1.4868 32.1217 -6.3965 0.9496
Car -1 -1 -2.8997 344.8189 173.5892 481.8767 217.9927 1.4617 1.5047 4.2672 -6.6694 1.4873 24.5755 -3.1624 0.9396
Car -1 -1 -6.5512 721.9692 174.0850 814.0518 210.4698 1.4607 1.4308 3.4609 6.4505 1.5127 29.8350 -6.3409 0.9376
Car -1 -1 -6.5041 795.2388 177.5806 950.8229 239.2513 1.4390 1.5974 3.3609 6.3946 1.5629 17.9735 -6.1682 0.9173
Car -1 -1 -6.0530 429.4951 170.3516 526.6765 208.1518 1.6128 1.6199 3.9332 -5.7893 1.5057 31.6931 -6.2327 0.9147
Car -1 -1 -5.4786 0.0000 197.9067 150.7361 374.0000 1.3909 1.5481 3.6489 -5.6151 1.5944 5.0869 -6.2872 0.9000
Car -1 -1 -6.5144 672.7617 172.5419 745.1132 200.5631 1.5856 1.7091 3.8674 5.6711 1.5676 41.8672 -6.3811 0.8794
Car -1 -1 -5.6587 0.0000 173.6520 291.8471 297.9347 1.5198 1.5637 3.9849 -6.6586 1.5311 9.6847 -6.2485 0.8562
Car -1 -1 -6.5898 710.1766 171.3563 797.6845 208.1653 1.5928 1.6140 3.5061 6.3490 1.5277 32.2242 -6.3975 0.8135
Car -1 -1 -7.9231 629.4437 173.4595 654.4174 192.9862 1.4682 1.6682 4.0123 2.4341 1.5169 56.4048 -7.8806 0.7879
Car -1 -1 -7.8112 632.0385 173.2616 654.9603 193.0998 1.4934 1.6324 3.7792 2.6172 1.5260 56.3498 -7.7654 0.7857
Car -1 -1 -2.9694 386.4325 173.6402 505.0384 214.4884 1.4684 1.6160 4.0905 -6.0907 1.4984 26.8800 -3.1905 0.7755
Car -1 -1 -6.4991 721.9003 174.7003 814.9222 209.8034 1.4095 1.3606 3.5308 6.4407 1.4870 29.7337 -6.2883 0.7623
Car -1 -1 -3.3775 738.8678 176.5812 874.6429 227.1605 1.4953 1.5378 3.7798 5.9450 1.6141 22.2585 -3.1205 0.7527
Car -1 -1 -2.7565 18.3522 165.6373 295.7705 274.0157 1.6253 1.5552 3.5385 -7.3025 1.5168 11.8654 -3.2985 0.7318
Car -1 -1 -8.0239 624.0960 173.4225 653.6848 193.0160 1.4716 1.6519 3.9850 2.1921 1.5173 56.3952 -7.9857 0.7139
Car -1 -1 -2.6598 45.1292 166.9193 305.1879 271.3416 1.6144 1.6545 3.3378 -7.1584 1.5224 12.0565 -3.1863 0.7114
Car -1 -1 -5.5517 0.0000 194.5484 144.4840 374.0000 1.4047 1.5765 3.8635 -5.7127 1.5820 4.9292 -6.3837 0.7008
Car -1 -1 -6.3853 714.2393 171.7541 799.3729 207.9617 1.5580 1.5973 3.5490 6.4133 1.5104 32.0090 -6.1898 0.6786
Car -1 -1 -6.3984 714.1638 171.1273 800.4324 207.0278 1.5424 1.5474 3.5778 6.4180 1.4679 31.9160 -6.2022 0.6646
Car -1 -1 -6.5487 748.9359 176.5000 895.5804 226.5834 1.4816 1.6099 4.0608 6.4251 1.5981 22.2919 -6.2723 0.6493
Car -1 -1 -3.0074 342.4362 173.4368 480.1670 219.0382 1.4698 1.5239 4.3075 -6.6453 1.4900 24.3181 -3.2718 0.6479
Car -1 -1 -6.5387 725.4045 169.7536 829.1373 207.3012 1.5115 1.6359 3.9005 6.8402 1.3864 29.9283 -6.3166 0.6329
Car -1 -1 -2.7685 347.3996 173.2984 485.4167 217.7951 1.4622 1.5667 4.2986 -6.6371 1.4778 24.7528 -3.0283 0.6248
Car -1 -1 -5.4187 0.0000 190.8334 148.1949 374.0000 1.4208 1.5932 4.1411 -5.9047 1.5701 5.1340 -6.2480 0.6081
Car -1 -1 -5.4192 0.0000 204.8623 172.0532 374.0000 1.3854 1.5330 3.4437 -5.4232 1.6607 5.2922 -6.1917 0.5891
Car -1 -1 -4.4758 626.0850 172.0960 660.1198 193.2844 1.5941 1.7011 4.3394 2.6128 1.5367 56.6037 -4.4303 0.5845
Car -1 -1 -7.7884 633.1663 173.1487 656.6849 192.9537 1.4882 1.5940 3.7251 2.7220 1.5116 56.2160 -7.7407 0.5797
Car -1 -1 -2.9727 416.9829 170.3479 523.6730 208.2810 1.6134 1.6609 4.3646 -6.0883 1.5065 31.5646 -3.1621 0.5697
Car -1 -1 -7.9997 626.4661 172.8195 653.5772 192.5452 1.4810 1.5768 3.7068 2.2731 1.4781 56.0977 -7.9597 0.5649
Car -1 -1 -3.3873 727.2972 176.1063 868.5851 226.2939 1.4943 1.6423 3.9597 5.7088 1.5988 22.4117 -3.1417 0.5634
Car -1 -1 -3.2073 460.8873 171.1401 535.7581 199.7382 1.5885 1.6685 4.1375 -6.4547 1.4930 41.3433 -3.3616 0.5585
Car -1 -1 -7.7733 488.6858 169.9774 525.3762 202.5473 1.6160 1.6081 3.6282 -5.3661 1.4729 37.6586 -7.9143 0.5273
Car -1 -1 -3.0509 463.3840 171.4367 534.7668 198.0941 1.5015 1.6320 3.9339 -6.3822 1.4214 41.5758 -3.2026 0.5187
Car -1 -1 -8.0614 621.8196 172.7084 652.7363 192.5564 1.4898 1.6474 3.8140 2.0588 1.4786 56.1794 -8.0253 0.4816
Car -1 -1 -3.3396 711.9457 173.0044 804.7474 209.4679 1.4683 1.5620 3.5157 6.0417 1.4744 29.8435 -3.1423 0.4562
Car -1 -1 -6.6170 752.6257 175.3226 901.4268 226.2013 1.5059 1.6969 4.0905 6.6125 1.5855 22.4002 -6.3341 0.4050
Car -1 -1 -6.5022 761.5261 176.3686 906.9346 226.6468 1.4683 1.5922 4.0028 6.7376 1.5805 22.1412 -6.2111 0.3867
Car -1 -1 -5.5835 954.3653 193.3656 1241.0000 374.0000 1.4643 1.5913 4.0371 3.9248 1.6430 4.1808 -4.8651 0.3556
Car -1 -1 -8.1820 517.2625 171.1707 553.5413 193.6971 1.5185 1.5869 3.1499 -5.2698 1.4047 50.4007 -8.2859 0.3176
Car -1 -1 -7.9295 627.8985 172.1569 652.7687 192.4888 1.5137 1.6362 3.6330 2.2768 1.4615 55.5618 -7.8891 0.2939
Car -1 -1 -2.9017 465.5369 171.4663 536.8661 198.0891 1.5076 1.6346 3.8119 -6.3149 1.4288 41.8468 -3.0509 0.2632
Pedestrian -1 -1 -7.7957 96.7625 159.7073 118.4545 216.0854 1.8262 0.5609 0.4016 -16.5377 1.4001 23.6899 -8.4000 0.2522
Pedestrian -1 -1 -3.8427 518.7006 169.8254 536.3911 200.4413 1.7237 0.7408 0.6856 -4.7370 1.5529 41.1277 -3.9570 0.2458
Pedestrian -1 -1 -4.6559 99.4662 160.3889 122.3177 215.8546 1.7986 0.5960 0.3842 -16.4481 1.3941 23.7167 -5.2572 0.2450
Car -1 -1 -8.2553 512.1371 171.0738 551.5012 193.8458 1.5324 1.5353 3.3704 -5.5222 1.4123 50.3991 -8.3642 0.2250
Car -1 -1 -2.4316 447.1982 176.1205 530.2208 207.7123 1.4243 1.5705 3.8148 -5.8635 1.5878 34.5297 -2.5990 0.2227
Car -1 -1 -7.8377 486.6837 171.8446 520.6313 204.0125 1.5908 1.6663 3.6908 -5.5513 1.5406 37.6208 -7.9836 0.2186
Car -1 -1 -7.9964 522.8743 171.4896 550.3749 193.6113 1.4992 1.4483 3.4196 -5.2188 1.4065 50.7349 -8.0987 0.2144
Car -1 -1 -8.0655 518.3833 171.1484 550.1754 193.7470 1.5287 1.4878 3.6435 -5.3922 1.4130 50.7704 -8.1711 0.2099
Pedestrian -1 -1 -7.6492 92.1938 158.0558 119.0221 215.0608 1.8356 0.6116 0.5884 -16.5552 1.3588 23.6245 -8.2552 0.2095
Pedestrian -1 -1 -7.6880 95.7391 157.7112 123.3945 215.3620 1.8538 0.6517 0.6019 -16.4164 1.3666 23.6121 -8.2904 0.1831
Car -1 -1 -8.9379 968.1812 177.4701 1241.0000 374.0000 1.5214 1.5949 3.9564 4.1779 1.5610 4.1160 -8.1809 0.1707
Car -1 -1 -5.5051 500.5379 170.3040 554.5367 193.6478 1.5813 1.4979 3.8075 -5.8404 1.4082 50.6387 -5.6197 0.1535
Car -1 -1 -5.9320 492.2754 170.2179 553.7729 193.7520 1.6005 1.6129 3.9432 -6.0814 1.4209 50.3076 -6.0520 0.1531
Car -1 -1 -2.5461 442.8998 176.8888 528.2794 208.0759 1.3999 1.5591 3.7688 -5.9523 1.5995 34.2597 -2.7172 0.1500
Car -1 -1 -3.2320 448.3870 176.1686 531.4929 207.1413 1.3923 1.4793 3.7295 -5.6923 1.5530 33.8762 -3.3976 0.1465
Car -1 -1 -7.7918 493.0861 171.3647 527.6777 203.2642 1.5791 1.5666 3.5175 -5.1772 1.5050 37.5290 -7.9283 0.1415
Car -1 -1 -8.1500 512.9998 170.5284 550.4210 193.9252 1.5798 1.5464 3.8916 -5.5830 1.4225 50.8128 -8.2592 0.1380
Car -1 -1 -3.0916 439.3036 175.2384 527.4326 206.6886 1.4260 1.6029 3.9897 -5.9372 1.5412 33.9133 -3.2640 0.1134
Car -1 -1 -2.6642 471.2773 171.5888 539.4371 198.9917 1.5503 1.6068 3.6077 -6.1444 1.4785 42.1711 -2.8084 0.0976
Car -1 -1 -5.0503 509.2069 170.2606 550.1923 193.8128 1.5765 1.6604 3.8402 -5.6779 1.4026 50.3876 -5.1622 0.0908
Car -1 -1 -2.4523 470.4137 171.0785 541.2987 198.1249 1.5273 1.6044 4.0281 -6.1847 1.4268 42.4763 -2.5963 0.0715
Car -1 -1 -6.1624 498.4762 171.1912 553.5817 193.2207 1.4996 1.5625 3.6248 -5.8104 1.3861 49.9077 -6.2780 0.0647
Car -1 -1 -7.9998 523.2751 170.9840 552.0249 193.2461 1.5118 1.4924 3.7110 -5.1753 1.3845 50.9820 -8.1007 0.0557
Car -1 -1 -2.9162 502.6947 171.6285 559.1680 193.3723 1.4812 1.5618 3.6448 -5.5039 1.3974 50.1393 -3.0253 0.0555
Car -1 -1 -6.0449 492.0529 170.8579 551.5806 193.6705 1.5515 1.6053 3.8322 -6.1301 1.4155 50.0934 -6.1664 0.0524
Car -1 -1 -8.0297 519.0697 170.3446 551.9399 193.8057 1.5888 1.5860 4.2834 -5.3529 1.4186 51.1409 -8.1338 0.0457
Car -1 -1 -7.8584 549.1135 170.7347 567.2683 188.4899 1.6462 1.6807 4.1994 -4.9893 1.4494 69.0584 -7.9305 0.0444
Car -1 -1 -4.6975 512.9804 168.8740 541.3715 194.1495 1.6816 1.8805 3.7997 -5.7400 1.4165 49.9878 -4.8115 0.0398
Car -1 -1 -2.5998 490.7099 169.1258 555.1360 192.6134 1.5933 1.6576 4.2339 -6.1389 1.3401 50.5686 -2.7203 0.0282
Pedestrian -1 -1 -5.5805 515.5276 169.7377 532.7314 200.0905 1.7084 0.7162 0.6687 -4.9263 1.5327 41.0941 -5.6995 0.0237
Car -1 -1 -7.7989 556.0616 171.2953 575.4693 188.9266 1.6358 1.6329 4.0671 -4.2217 1.4909 68.9826 -7.8601 0.0209
Car -1 -1 -3.3847 967.2315 179.9968 1241.0000 374.0000 1.5469 1.5928 4.2663 4.7712 1.6120 4.8791 -2.6411 0.0172
Car -1 -1 -4.6157 551.2601 170.3725 572.7737 188.2675 1.6591 1.6523 4.2684 -4.5808 1.4287 69.0545 -4.6820 0.0146
Car -1 -1 -7.8197 503.5800 172.4756 532.5026 198.8632 1.4897 1.5698 3.7566 -5.4361 1.4680 42.6753 -7.9460 0.0127
Car -1 -1 -7.9121 499.8197 172.4314 530.9062 198.4543 1.4643 1.5945 3.8391 -5.6658 1.4403 42.6370 -8.0437 0.0126
Car -1 -1 -7.0541 433.3888 172.5359 531.5580 208.7502 1.5440 1.7370 4.4898 -5.8015 1.5301 33.0903 -7.2268 0.0100
Car -1 -1 -7.2722 431.9525 171.9973 520.1647 209.8790 1.6107 1.8886 4.3489 -6.0773 1.5740 33.0497 -7.4531 0.0094
Car -1 -1 -6.8583 971.6234 189.2710 1241.0000 374.0000 1.4775 1.5583 4.1567 4.9197 1.6164 4.9902 -6.1099 0.0094
Car -1 -1 -7.6257 560.3858 172.1787 586.3240 189.4239 1.5951 1.5995 4.0507 -3.4847 1.5323 68.8734 -7.6764 0.0081
Car -1 -1 -7.7097 504.6277 171.7810 539.1761 198.1431 1.4922 1.5290 3.5766 -5.2009 1.4312 42.6472 -7.8307 0.0081
Car -1 -1 -5.9259 268.8286 159.0856 461.7763 241.4202 1.8403 1.6650 3.9826 -5.7270 1.5323 17.0333 -6.2460 0.0075
Pedestrian -1 -1 -5.5480 0.0000 158.2626 30.5019 236.5809 1.7310 0.5155 0.2784 -13.4259 1.4082 16.2120 -6.2317 0.0055
Car -1 -1 -4.5975 558.4374 169.8683 581.3622 188.3897 1.7136 1.7128 4.2523 -3.8180 1.4370 68.9292 -4.6530 0.0054
Cyclist -1 -1 -3.0011 503.5316 167.7645 538.3831 198.8858 1.7491 0.7281 1.8794 -5.0802 1.4628 40.9333 -3.1241 0.0045
Cyclist -1 -1 -2.7690 505.0516 167.4541 537.8317 198.7364 1.7611 0.6826 1.7263 -5.0867 1.4568 41.1646 -2.8916 0.0040
Car -1 -1 -3.1486 488.9198 170.7332 549.8588 193.4543 1.5325 1.6369 4.1012 -6.2740 1.3891 49.7469 -3.2737 0.0024
Pedestrian -1 -1 -6.2922 683.8009 171.6850 698.2613 202.0562 1.7178 0.6881 0.8122 4.5853 1.6514 41.1931 -6.1826 0.0020
Pedestrian -1 -1 -5.3270 14.4899 132.3272 63.3983 230.2533 1.5705 0.5483 0.3178 -9.4500 0.9202 11.8801 -5.9881 0.0003
