Car -1 -1 -4.4323 311.0034 191.2672 478.7261 294.4524 1.4527 1.7084 4.4365 -3.7264 1.8454 13.1780 -4.7035 0.9999
Car -1 -1 -4.5117 431.9912 173.8468 511.4880 240.5741 1.7957 1.5585 3.9201 -4.0516 1.8276 21.4481 -4.6969 0.9998
Car -1 -1 -4.6739 522.2751 175.3522 555.1431 205.3375 1.5080 1.6016 3.9698 -3.8115 1.6486 38.6543 -4.7720 0.9089
Car -1 -1 -4.5170 428.8802 174.9673 509.5875 240.7636 1.7605 1.5893 4.0323 -4.1228 1.8289 21.4575 -4.7052 0.8426
Car -1 -1 -4.8038 528.3690 171.4783 562.1744 199.1302 1.6250 1.6887 4.3187 -4.0891 1.5438 44.6784 -4.8949 0.8132
Car -1 -1 -5.4632 1010.1508 203.1132 1241.0000 374.0000 1.3661 1.6507 3.9084 4.2018 1.6253 4.2293 -4.7162 0.8026
Car -1 -1 -4.7212 521.8491 175.3713 554.0920 204.8863 1.4828 1.6320 4.0752 -3.9241 1.6249 38.7238 -4.8220 0.7798
Car -1 -1 -5.4726 992.3376 205.8085 1241.0000 374.0000 1.3726 1.5340 4.0952 4.1327 1.6642 4.3190 -4.7437 0.7773
Car -1 -1 -5.4828 969.3937 204.5115 1241.0000 374.0000 1.3688 1.6304 4.1924 4.1931 1.6641 4.5955 -4.7756 0.7260
Car -1 -1 -4.5718 522.0599 174.9473 562.3677 205.1674 1.5183 1.6115 3.9009 -3.6035 1.6355 38.5131 -4.6649 0.7182
Car -1 -1 -4.7129 534.7651 170.9487 562.8661 198.7464 1.6411 1.6559 4.0667 -3.8272 1.5283 44.6942 -4.7982 0.6139
Car -1 -1 -4.7600 533.0655 173.0724 562.8132 200.2052 1.5950 1.6397 3.7710 -3.8925 1.6088 44.4272 -4.8473 0.5921
Car -1 -1 -5.4380 1024.6895 201.0653 1241.0000 374.0000 1.4002 1.5967 3.8824 4.1361 1.6353 4.0552 -4.6793 0.5845
Car -1 -1 -4.8943 522.0203 173.2314 562.3558 200.1852 1.5774 1.7113 4.3757 -4.2817 1.6017 44.6313 -4.9898 0.5808
Car -1 -1 -4.7226 519.6618 175.6217 552.5098 204.7889 1.4627 1.6633 4.5129 -4.0554 1.6208 38.9641 -4.8261 0.5728
Car -1 -1 -5.5101 968.3867 197.6297 1241.0000 374.0000 1.3913 1.7140 4.3193 4.2450 1.6225 4.5222 -4.7891 0.5147
Car -1 -1 -4.6905 520.3915 174.9014 553.8789 205.4165 1.5205 1.6735 3.0702 -3.8181 1.6319 37.7624 -4.7911 0.4694
Car -1 -1 -7.9198 646.7299 169.1895 672.6053 191.4771 1.5170 1.5747 3.6887 3.4434 1.2673 50.9556 -7.8530 0.4432
Car -1 -1 -4.5923 534.0280 171.2901 568.2699 199.0096 1.6376 1.6316 4.1464 -3.6347 1.5449 44.7292 -4.6733 0.4145
Car -1 -1 -4.4357 521.0620 175.2432 570.7804 205.0620 1.4924 1.6002 4.0614 -3.4031 1.6270 38.6005 -4.5235 0.3909
Car -1 -1 -4.6315 522.4678 174.2272 559.5814 205.4456 1.5457 1.6497 3.5233 -3.5930 1.6204 37.6532 -4.7265 0.3324
Car -1 -1 -4.7650 518.1663 175.0008 552.9860 205.2504 1.5079 1.6346 3.6443 -4.0162 1.6269 38.1694 -4.8695 0.3163
Car -1 -1 -7.8878 650.4062 168.7345 674.3972 191.0114 1.5136 1.5553 3.6602 3.6332 1.2334 50.8808 -7.8172 0.3101
Car -1 -1 -4.8336 514.0299 175.6704 553.8918 205.2368 1.4802 1.6404 4.0302 -4.1640 1.6393 38.6804 -4.9405 0.3093
Car -1 -1 -5.5484 1041.0447 192.2857 1241.0000 374.0000 1.5122 1.6940 4.3561 4.2353 1.6669 3.5731 -4.7191 0.2894
Car -1 -1 -5.4518 506.6261 171.8429 573.0583 198.8038 1.5922 1.6656 4.2398 -4.4130 1.5322 44.6477 -5.5501 0.2841
Car -1 -1 -4.6863 537.8817 172.8076 565.8248 200.2132 1.6122 1.6180 3.6466 -3.5700 1.6092 44.3117 -4.7667 0.2562
Car -1 -1 -4.7714 531.5678 173.9512 563.4555 201.1066 1.5558 1.6698 4.2245 -3.8661 1.6254 43.7295 -4.8595 0.2557
Car -1 -1 -4.9028 520.1631 173.5993 561.7484 200.8558 1.5697 1.7435 4.2318 -4.2925 1.6171 43.9527 -4.9999 0.2510
Car -1 -1 -5.0198 515.5258 174.3686 561.2847 200.6942 1.5271 1.6334 4.0694 -4.4797 1.6244 44.2995 -5.1204 0.2482
Pedestrian -1 -1 -5.1181 1004.8925 165.6142 1126.0634 372.9779 1.6877 0.6990 0.5848 3.8315 1.6285 6.2064 -4.5871 0.2456
Car -1 -1 -5.6735 1025.5826 184.9009 1241.0000 374.0000 1.4508 1.7194 4.4947 4.4069 1.5508 3.6666 -4.8360 0.2361
Car -1 -1 -4.7379 516.7179 174.6056 550.4952 205.4872 1.5253 1.6584 3.3176 -4.0550 1.6205 37.5901 -4.8451 0.2106
Car -1 -1 -5.1981 503.6938 173.9884 560.5602 201.0737 1.5720 1.7583 4.0827 -4.8575 1.6447 44.2444 -5.3073 0.2043
Car -1 -1 -5.3768 505.8939 173.4164 568.3830 200.2031 1.5689 1.6043 4.1484 -4.5589 1.6048 44.3967 -5.4790 0.1798
Car -1 -1 -4.9480 505.7128 174.5942 554.6235 205.5182 1.5415 1.6549 4.1651 -4.3506 1.6393 38.4587 -5.0603 0.1664
Car -1 -1 -4.5203 523.0665 172.4361 561.6070 198.2590 1.5521 1.6816 4.0165 -4.2455 1.5267 45.4514 -4.6132 0.1613
Car -1 -1 -7.7052 411.9452 177.4408 460.2331 214.3624 1.4568 1.5136 3.3079 -7.3634 1.6619 30.6074 -7.9397 0.1131
Car -1 -1 -5.0680 505.7681 175.4589 554.2600 201.5635 1.4978 1.6559 3.9572 -4.9560 1.6640 43.9662 -5.1800 0.0994
Car -1 -1 -4.5439 538.1880 170.8171 574.8920 198.8153 1.6510 1.5958 4.1433 -3.2952 1.5306 44.6863 -4.6175 0.0947
Car -1 -1 -4.9429 513.1794 174.4292 557.5576 201.1343 1.5343 1.7685 4.2090 -4.6388 1.6350 44.0019 -5.0477 0.0924
Car -1 -1 -8.2422 860.9266 186.2779 1196.6595 366.7052 1.4218 1.6270 4.0654 4.1481 1.6107 8.0810 -7.7837 0.0868
Car -1 -1 -7.6242 414.8931 177.0636 464.1258 213.1824 1.4349 1.4407 2.6690 -7.1600 1.6192 30.3101 -7.8547 0.0806
Car -1 -1 -2.2811 498.7552 174.3870 564.9781 200.9756 1.5359 1.6522 4.2246 -4.8344 1.6334 43.9626 -2.3904 0.0796
Car -1 -1 -8.2419 466.6155 172.3490 510.8928 198.2753 1.6320 1.5428 3.8038 -8.0425 1.5999 47.4430 -8.4093 0.0749
Car -1 -1 -7.6890 413.0909 176.4902 458.8311 212.8951 1.4500 1.4613 2.6028 -7.3234 1.6095 30.3582 -7.9242 0.0692
Car -1 -1 -7.8526 560.5312 169.0462 578.4709 186.7780 1.5903 1.6076 3.9381 -3.7649 1.2485 66.7216 -7.9090 0.0633
Car -1 -1 -7.6277 412.2106 177.4735 469.6302 214.5418 1.4614 1.5944 3.6657 -7.1731 1.6696 30.7369 -7.8555 0.0551
Car -1 -1 -7.9285 556.2873 167.2553 578.5963 187.1227 1.7803 1.7357 4.4316 -4.0033 1.2783 66.9667 -7.9882 0.0453
Car -1 -1 -7.7920 512.2552 169.5957 531.1590 187.3062 1.6716 1.5786 4.0415 -8.5785 1.3638 70.1674 -7.9134 0.0445
Car -1 -1 -7.7616 561.1581 167.3718 583.7892 186.2535 1.6963 1.7104 4.3141 -3.4732 1.2035 67.0125 -7.8134 0.0442
Car -1 -1 -3.3077 512.4198 175.5221 584.2624 205.2689 1.5291 1.6374 3.6020 -3.3504 1.6759 38.5548 -3.3943 0.0429
Car -1 -1 -7.7008 513.9684 169.4553 535.9571 187.3960 1.6949 1.5487 3.8884 -8.2563 1.3736 70.1381 -7.8178 0.0369
Car -1 -1 -7.9404 508.4075 169.2987 528.7660 187.3768 1.7026 1.5938 4.3327 -8.9458 1.3675 70.2417 -8.0669 0.0365
Car -1 -1 -7.8586 560.4388 166.4665 579.4774 187.3038 1.8744 1.7115 4.5897 -3.7658 1.2995 67.2495 -7.9146 0.0340
Car -1 -1 -7.6788 562.7932 167.5783 588.6231 186.3704 1.6853 1.6859 4.2139 -3.1657 1.2119 66.9072 -7.7262 0.0337
Pedestrian -1 -1 -4.3033 692.8168 176.7723 711.2061 220.1137 1.5769 0.5325 0.4678 3.3532 1.7231 26.6487 -4.1801 0.0335
Car -1 -1 -8.0098 474.6175 172.3504 507.6806 198.0535 1.6207 1.5608 3.8970 -7.9089 1.5886 47.5904 -8.1739 0.0303
Car -1 -1 -6.6977 923.8224 210.4200 1241.0000 374.0000 1.3389 1.7168 4.2617 4.1855 1.6382 4.2561 -5.9556 0.0263
Car -1 -1 -7.6008 565.3246 167.9093 594.1355 186.6230 1.6777 1.6680 4.2193 -2.7912 1.2341 66.9238 -7.6426 0.0226
Car -1 -1 -7.5794 513.9897 168.8798 540.6928 186.8443 1.6947 1.5660 3.9566 -8.0214 1.3195 70.1463 -7.6931 0.0220
Car -1 -1 -4.7237 508.0502 175.0453 535.3681 200.5874 1.4701 1.5777 3.8197 -5.4261 1.6091 43.8685 -4.8464 0.0207
Car -1 -1 -6.8117 1061.1935 198.4723 1241.0000 374.0000 1.4367 1.7011 4.0462 5.1461 1.6380 4.2360 -5.9639 0.0196
Pedestrian -1 -1 -5.4883 233.6835 166.4003 247.4956 211.4066 1.8469 0.4607 0.2570 -15.3346 1.5818 29.8694 -5.9593 0.0190
Pedestrian -1 -1 -3.9629 693.5510 175.0680 716.9290 218.7878 1.5698 0.5597 0.6424 3.4345 1.6517 26.3702 -3.8354 0.0153
Car -1 -1 -2.9001 490.7488 175.5884 564.8189 201.1875 1.5007 1.6323 4.1790 -4.9763 1.6697 43.6049 -3.0135 0.0145
Car -1 -1 -4.6593 498.3999 173.4721 531.1635 201.6401 1.6186 1.7502 4.1076 -5.7503 1.6575 43.6691 -4.7898 0.0131
Pedestrian -1 -1 -4.7739 351.5036 168.5081 373.8481 225.0603 1.8264 0.6502 0.7881 -8.2063 1.6858 23.7911 -5.1031 0.0126
Car -1 -1 -8.0672 549.6273 167.1248 578.4130 186.3809 1.7201 1.7526 4.4525 -4.3181 1.2080 66.8324 -8.1317 0.0122
Pedestrian -1 -1 -5.7160 238.3766 162.9184 251.0028 210.0385 1.9332 0.4768 0.2484 -15.1561 1.5253 29.8524 -6.1824 0.0109
Car -1 -1 -7.1922 1008.0355 175.4188 1241.0000 374.0000 1.4924 1.7001 4.2464 5.1907 1.5136 4.9298 -6.4110 0.0087
Pedestrian -1 -1 -3.8877 335.8101 178.5834 363.0837 235.1360 1.7396 0.5722 0.5682 -8.2275 1.9222 22.6564 -4.2328 0.0078
Car -1 -1 -3.3833 487.1026 176.0072 563.2112 202.0269 1.4690 1.5768 4.2043 -5.0419 1.6612 42.5712 -3.5008 0.0077
Car -1 -1 -3.3315 489.6819 175.1915 563.2164 201.1147 1.4909 1.5657 4.1431 -5.0346 1.6347 43.1145 -3.4475 0.0058
Car -1 -1 -6.8989 1073.9095 169.4428 1241.0000 374.0000 1.5332 1.7746 4.1106 5.4325 1.5184 4.4132 -6.0431 0.0058
Car -1 -1 -7.7091 499.5874 168.6239 526.8663 188.6676 1.5745 1.6682 3.7747 -7.8472 1.2419 58.5761 -7.8420 0.0056
Car -1 -1 -4.3715 610.0213 170.9420 670.8252 206.6859 1.6562 1.6551 4.3450 1.5392 1.5673 35.7570 -4.3293 0.0051
Car -1 -1 -3.3930 487.0222 175.6093 564.1720 201.5666 1.4726 1.6094 4.2769 -5.0390 1.6415 42.7780 -3.5100 0.0051
Pedestrian -1 -1 -7.9359 192.4212 182.1422 218.3662 235.8000 1.4139 0.5766 0.4642 -10.9789 1.6690 19.4881 -8.4434 0.0050
Car -1 -1 -3.0296 469.7880 174.0788 553.2315 204.5865 1.5465 1.6466 4.1409 -5.1100 1.6114 37.5172 -3.1644 0.0047
Car -1 -1 -6.8289 1112.3945 166.7529 1241.0000 374.0000 1.5249 1.8006 4.2057 5.5146 1.5038 4.0483 -5.9260 0.0039
Car -1 -1 -7.0712 1029.1727 174.6004 1241.0000 374.0000 1.5044 1.7580 4.1823 5.2929 1.5178 4.7211 -6.2599 0.0038
Cyclist -1 -1 -7.0737 292.9291 178.4176 350.6083 237.4782 1.9013 0.7263 1.8395 -9.7671 2.0968 24.4024 -7.4511 0.0038
Cyclist -1 -1 -7.3384 284.5226 180.0769 334.6382 238.3799 1.8704 0.7363 1.8634 -10.1584 2.1236 24.3578 -7.7301 0.0036
Pedestrian -1 -1 -4.4794 196.2718 174.7387 225.3989 231.7984 1.5388 0.6015 0.4898 -10.9947 1.5910 19.7952 -4.9810 0.0035
Pedestrian -1 -1 -7.6609 293.9660 176.8531 322.6053 236.7784 1.9792 0.7725 0.6825 -10.1991 2.1158 24.2971 -8.0549 0.0034
Car -1 -1 -4.5937 625.5101 171.3949 667.8925 206.6943 1.6259 1.5884 4.2954 1.8227 1.5584 35.4847 -4.5433 0.0034
Pedestrian -1 -1 -5.7903 212.2236 167.2140 233.0413 222.4048 1.7480 0.5774 0.3568 -12.4675 1.5690 23.1412 -6.2799 0.0034
Pedestrian -1 -1 -5.7998 214.5034 169.5883 234.0218 221.1949 1.6498 0.5483 0.3403 -12.5229 1.5451 23.3420 -6.2878 0.0026
Pedestrian -1 -1 -7.4603 646.7275 169.1627 661.9634 195.3798 1.7765 0.8729 0.6117 3.0025 1.5261 49.3597 -7.4003 0.0026
Pedestrian -1 -1 -5.8036 216.9610 173.7122 237.3087 225.8935 1.6511 0.5591 0.3576 -12.3120 1.6786 23.1198 -6.2884 0.0024
Cyclist -1 -1 -4.2923 188.9280 177.2475 235.1174 235.5182 1.5313 0.5455 1.4957 -10.9708 1.6565 19.8439 -4.7919 0.0020
Pedestrian -1 -1 -3.7662 205.6618 173.7251 232.2783 227.9498 1.4656 0.5771 0.3770 -10.7835 1.4896 19.8070 -4.2594 0.0018
Pedestrian -1 -1 -7.5235 643.4125 168.7828 659.1732 194.7589 1.7584 0.9260 0.6156 2.7907 1.4825 49.3030 -7.4677 0.0017
Pedestrian -1 -1 -5.7528 220.8325 172.0171 241.9981 224.3110 1.6697 0.5709 0.3671 -12.2862 1.6427 23.3325 -6.2331 0.0017
Pedestrian -1 -1 -2.7692 178.0362 182.5273 204.0929 238.6459 1.4483 0.5568 0.4194 -11.0961 1.7073 19.0334 -3.2912 0.0013
Cyclist -1 -1 -4.3096 192.4768 176.1223 237.9415 232.3416 1.4919 0.5624 1.4906 -10.9716 1.5857 20.0052 -4.8059 0.0012
Pedestrian -1 -1 -5.9658 241.6638 170.4967 271.3333 252.7494 1.8731 0.5300 0.4750 -8.2405 1.8192 16.7261 -6.4177 0.0010
Pedestrian -1 -1 -5.8812 243.4572 159.2242 277.0467 250.9305 2.1116 0.5951 0.5164 -8.2478 1.7975 16.9233 -6.3289 0.0005
Cyclist -1 -1 -3.3372 482.4457 171.5126 508.9663 197.4016 1.6281 0.8095 1.5426 -7.3264 1.5435 46.0235 -3.4945 0.0001
