Car -1 -1 -7.1256 433.2902 175.9798 525.0462 217.1872 1.4775 1.5583 3.4930 -4.6597 1.2800 27.6503 -7.2962 0.9996
Car -1 -1 -4.2549 326.4801 177.9956 392.3203 207.4323 1.4783 1.6823 4.1193 -12.7978 1.3025 38.2266 -4.5810 0.9450
Car -1 -1 -7.6327 567.7654 171.1633 604.1902 195.2085 1.5125 1.6200 3.7812 -0.9658 0.8624 47.1980 -7.6580 0.8447
Car -1 -1 -7.6855 568.1192 171.7128 600.5120 195.7927 1.5101 1.5752 3.4381 -1.0747 0.8964 46.8617 -7.7132 0.7636
Car -1 -1 -7.5128 567.4977 172.4536 607.4482 195.9996 1.4745 1.5680 3.4124 -0.8661 0.9081 46.8491 -7.5361 0.7110
Car -1 -1 -4.3756 326.9955 178.5330 385.3672 207.7044 1.4696 1.6803 4.1336 -12.9853 1.3203 38.2602 -4.7058 0.6767
Car -1 -1 -4.1748 328.6440 179.3526 394.5389 207.8819 1.4293 1.5768 3.8324 -12.6256 1.3219 38.0283 -4.4984 0.5874
Pedestrian -1 -1 -5.9560 825.4281 134.6264 941.7495 330.0475 1.8663 0.5276 1.0001 2.8385 1.4194 7.3791 -5.6063 0.5188
Pedestrian -1 -1 -7.6069 829.9752 139.5355 909.5859 332.1524 1.8274 0.5526 1.0276 2.7270 1.4300 7.3959 -7.2707 0.4997
Car -1 -1 -7.7284 567.0804 170.2001 598.4638 195.3031 1.5812 1.6264 3.7143 -1.1802 0.8695 47.1743 -7.7582 0.4977
Car -1 -1 -7.5373 568.6765 171.8151 609.2634 195.8817 1.5111 1.5880 3.7570 -0.7670 0.9031 47.1318 -7.5585 0.4855
Car -1 -1 -7.8011 565.8058 171.2088 594.8267 196.2223 1.5663 1.7287 3.3177 -1.3326 0.9220 46.6578 -7.8344 0.4362
Car -1 -1 -7.7916 566.1490 170.4894 594.2431 195.8611 1.5946 1.6396 3.4437 -1.3469 0.9026 46.8912 -7.8251 0.4251
Car -1 -1 -4.1988 323.4960 180.5970 388.6170 208.5930 1.3876 1.5863 3.7698 -12.7746 1.3431 37.6027 -4.5292 0.3877
Car -1 -1 -4.6106 328.7693 179.6546 372.4266 208.9566 1.4695 1.7834 4.3002 -13.3184 1.3772 38.3231 -4.9480 0.3591
Car -1 -1 -4.3087 320.2675 180.5698 382.0835 208.8136 1.4040 1.6602 3.9407 -13.0696 1.3580 37.7301 -4.6451 0.3548
Car -1 -1 -6.0194 0.0000 184.7248 123.8138 221.7464 1.4687 1.5997 3.8922 -22.5905 1.6112 30.2149 -6.6624 0.3167
Car -1 -1 -7.9581 565.1820 170.6067 596.4908 196.0497 1.6011 1.6112 4.1795 -1.3944 0.9157 47.3851 -7.9923 0.3026
Car -1 -1 -2.5661 0.0000 189.1962 25.4441 294.3975 1.4669 1.6264 3.9700 -11.9568 1.6033 11.4347 -3.3678 0.2813
Car -1 -1 -7.1898 327.3405 180.7589 394.0724 209.0554 1.4063 1.5377 3.4145 -12.5333 1.3697 37.5654 -7.5148 0.2685
Car -1 -1 -2.6017 0.0000 185.9145 24.9692 294.6976 1.5201 1.6684 4.2259 -12.1933 1.5999 11.5126 -3.4098 0.2325
Car -1 -1 -2.3148 0.0000 189.7861 26.8326 286.5081 1.4480 1.6259 3.9535 -12.0704 1.5947 11.7869 -3.1064 0.2239
Car -1 -1 -4.8352 593.6261 171.5927 619.9492 191.4975 1.5167 1.5913 3.8897 0.4100 0.7617 56.7616 -4.8329 0.2161
Car -1 -1 -2.7664 0.0000 186.9690 21.3122 301.4705 1.5047 1.6422 4.0311 -11.8439 1.6026 11.1820 -3.5742 0.2120
Car -1 -1 -4.5673 340.6784 178.7086 382.3627 207.3633 1.4605 1.5684 4.1140 -12.8937 1.3184 38.7770 -4.8913 0.1999
Pedestrian -1 -1 -5.8080 1.3127 175.3702 16.8628 210.7437 1.8779 0.6326 0.3990 -31.7382 1.5526 38.4861 -6.4992 0.1917
Car -1 -1 -4.5840 597.0222 170.3604 624.0297 190.7585 1.5600 1.6455 4.1938 0.7811 0.7080 57.1261 -4.5753 0.1886
Car -1 -1 -2.1499 0.0000 187.6773 27.2394 285.2285 1.4665 1.6621 4.3263 -12.3897 1.5828 12.2096 -2.9373 0.1877
Pedestrian -1 -1 -3.0835 812.2620 146.9327 913.6425 326.0272 1.7956 0.5008 0.9796 2.7185 1.4497 7.6177 -2.7573 0.1858
Car -1 -1 -7.6682 562.8862 170.6800 598.8694 196.6413 1.5762 1.5849 4.0723 -1.2571 0.9193 45.7449 -7.7005 0.1665
Pedestrian -1 -1 -2.8907 854.1021 140.8538 958.0996 336.5209 1.8312 0.4558 0.8748 2.9816 1.4515 7.1637 -2.5149 0.1604
Car -1 -1 -4.0302 313.8405 180.9355 384.0209 209.3161 1.3827 1.5711 3.4694 -12.9104 1.3554 36.8949 -4.3697 0.1567
Car -1 -1 -8.5015 557.5734 172.5531 614.6342 195.8551 1.4901 1.6782 4.0820 -1.0601 0.9180 48.0540 -8.5284 0.1518
Car -1 -1 -4.7207 597.7586 170.6017 618.7774 190.6724 1.5365 1.6081 4.1386 0.5337 0.7021 57.0648 -4.7163 0.1496
Car -1 -1 -7.5055 564.8235 171.5789 607.6855 196.4082 1.5265 1.6180 3.6535 -0.9261 0.9166 46.1527 -7.5304 0.1376
Car -1 -1 -4.1755 311.6396 181.4995 382.7059 209.4232 1.3603 1.7946 3.7464 -13.0246 1.3605 37.0063 -4.5167 0.1347
Car -1 -1 -4.7950 594.5538 173.0862 619.6843 192.8838 1.4910 1.6052 4.1267 0.4299 0.8573 56.2218 -4.7923 0.1319
Car -1 -1 -5.0172 586.3007 172.1130 619.8132 192.2262 1.5277 1.5552 3.7854 0.1117 0.8146 56.5992 -5.0202 0.1185
Car -1 -1 -4.9448 588.0858 170.9127 619.9834 191.2100 1.5484 1.6152 4.0538 0.1875 0.7407 56.9594 -4.9464 0.1161
Car -1 -1 -3.8561 59.9577 180.4321 166.9510 213.5824 1.5214 1.6298 4.3436 -23.8328 1.4726 35.2746 -4.4519 0.1124
Car -1 -1 -3.6305 51.8663 180.5146 164.1934 213.4414 1.5129 1.6305 4.2878 -24.1266 1.4679 35.2833 -4.2319 0.1030
Car -1 -1 -2.0151 0.0000 189.7589 25.9092 288.2699 1.4399 1.6483 4.0072 -12.0569 1.5977 12.2104 -2.7888 0.0913
Car -1 -1 -5.9397 4.3179 183.6483 126.8376 220.8184 1.4979 1.5727 3.8566 -22.5943 1.5931 30.4151 -6.5796 0.0878
Car -1 -1 -1.8464 0.0000 188.9582 24.1232 286.7147 1.4427 1.6473 4.1061 -12.1031 1.5926 12.6252 -2.6057 0.0852
Car -1 -1 -4.4737 597.6877 169.4664 629.9773 190.1356 1.5773 1.6428 4.1754 1.0464 0.6589 57.0437 -4.4603 0.0841
Car -1 -1 -2.7206 549.6030 172.3537 615.1622 196.1555 1.5308 1.6531 4.0303 -1.2585 0.9426 47.7298 -2.7518 0.0774
Car -1 -1 -4.3969 0.0000 190.7692 26.8963 317.3904 1.4298 1.5848 4.1945 -10.1910 1.5970 10.6734 -5.1525 0.0772
Car -1 -1 -5.0850 569.3193 173.3502 613.1686 195.8575 1.4444 1.6226 3.8717 -0.7207 0.9214 48.1985 -5.1048 0.0710
Car -1 -1 -6.2892 554.2484 171.6352 610.6360 195.4141 1.5164 1.5728 3.6004 -1.2348 0.8874 46.6628 -6.3204 0.0637
Car -1 -1 -4.2673 0.0000 187.0237 21.5288 314.4539 1.4761 1.5826 4.0457 -10.5174 1.5755 10.6782 -5.0383 0.0635
Car -1 -1 -5.1837 578.2776 170.8941 620.0901 191.6952 1.5808 1.6093 4.0772 -0.1990 0.7747 56.7711 -5.1921 0.0618
Car -1 -1 -5.9326 12.0919 183.2406 130.5586 219.8307 1.4872 1.6054 3.7414 -22.5026 1.5648 30.6138 -6.5675 0.0607
Car -1 -1 -7.4938 0.0000 174.2466 82.3911 218.0751 1.8396 1.7224 3.7854 -25.0392 1.5355 32.2136 -8.1556 0.0571
Car -1 -1 -4.4266 0.0000 173.0302 74.1998 217.3266 1.8436 1.7409 3.4783 -24.9633 1.4914 31.8344 -5.0927 0.0562
Pedestrian -1 -1 -6.7057 707.2098 160.3279 715.9244 199.0208 1.9171 0.4725 0.2561 5.4861 0.8683 35.8540 -6.5599 0.0514
Car -1 -1 -3.9896 304.7817 180.6230 383.6723 208.7656 1.3561 1.7824 3.7198 -13.0622 1.3141 36.6711 -4.3346 0.0482
Car -1 -1 -6.3880 554.6306 172.0858 611.4758 195.3750 1.4886 1.5410 3.5626 -1.2149 0.8869 46.9187 -6.4187 0.0478
Car -1 -1 -3.6385 45.3231 181.0314 155.8952 213.6341 1.4996 1.6268 4.1890 -24.4907 1.4783 35.2782 -4.2469 0.0456
Car -1 -1 -3.1128 548.4529 172.5838 614.2473 195.9894 1.5112 1.7100 4.2484 -1.2940 0.9356 47.2420 -3.1450 0.0431
Car -1 -1 -5.9137 319.4413 179.1412 400.0910 206.9997 1.4921 1.5296 3.8968 -13.1955 1.3660 39.3217 -6.2405 0.0404
Car -1 -1 -7.5909 0.0000 173.1905 71.8897 217.6199 1.8645 1.7306 3.3715 -25.1560 1.5161 32.0360 -8.2576 0.0391
Cyclist -1 -1 -7.6615 155.0709 176.4340 192.4908 248.7425 1.6300 0.4450 1.7174 -10.1805 1.5164 17.0766 -8.1977 0.0311
Pedestrian -1 -1 -3.6247 703.6186 161.2823 712.6687 199.2893 1.8844 0.4843 0.2481 5.3198 0.8822 35.8847 -3.4835 0.0274
Car -1 -1 -6.1199 56.0246 181.5294 172.0756 214.2132 1.5077 1.6575 4.4483 -23.5018 1.5094 34.8222 -6.7152 0.0220
Car -1 -1 -6.0451 54.3830 180.1652 170.0226 214.4640 1.5770 1.7018 4.3255 -23.4403 1.5159 34.5841 -6.6423 0.0217
Car -1 -1 -4.2826 44.5593 182.7541 118.6436 214.0965 1.4434 1.5384 3.7138 -25.3889 1.5085 35.2096 -4.9089 0.0212
Cyclist -1 -1 -7.4367 124.0436 174.6958 149.8872 212.9702 1.6822 0.3742 1.5788 -20.9378 1.3835 32.3814 -8.0120 0.0203
Car -1 -1 -2.8993 525.6031 167.6389 598.0018 195.0046 1.7245 1.7554 4.3938 -2.5382 0.8511 46.5318 -2.9584 0.0198
Car -1 -1 -4.0022 374.8529 170.6529 426.8038 196.1019 1.9187 1.7204 4.0332 -15.6630 1.1008 56.3481 -4.2771 0.0197
Car -1 -1 -4.6332 595.8777 177.1175 617.0748 196.7546 1.4451 1.3285 4.0222 0.4322 1.1225 54.9210 -4.6303 0.0178
Car -1 -1 -6.1770 564.5829 172.3834 630.8720 196.4678 1.5137 1.5505 4.1212 -0.2064 0.9408 46.1188 -6.1864 0.0173
Pedestrian -1 -1 -6.6738 127.8649 172.7746 144.3492 214.8183 1.8480 0.5232 0.4487 -20.6844 1.4648 31.9076 -7.2502 0.0169
Pedestrian -1 -1 -6.2340 125.5803 173.7530 138.4231 215.4510 1.8318 0.6505 0.4487 -20.8917 1.4918 31.9506 -6.8144 0.0149
Cyclist -1 -1 -7.6246 146.2574 178.6656 185.5193 249.7716 1.5825 0.4234 1.6503 -10.2231 1.5200 16.8373 -8.1687 0.0129
Car -1 -1 -2.8311 588.9680 173.1232 645.3336 193.2157 1.5195 1.5363 4.0984 1.2407 0.8859 55.7129 -2.8139 0.0124
Cyclist -1 -1 -7.5733 121.4710 175.9922 145.0980 212.6623 1.5904 0.4424 1.6647 -20.8663 1.3518 32.0157 -8.1522 0.0107
Pedestrian -1 -1 -3.1668 1195.5190 142.7965 1237.0000 286.3321 1.5725 0.5059 0.4503 7.0399 1.1492 8.2079 -2.4787 0.0090
Car -1 -1 -2.7033 292.6289 180.3337 374.1875 209.4030 1.4668 1.5997 3.6207 -13.8459 1.4082 37.1869 -3.0625 0.0085
Car -1 -1 -6.7381 625.5077 172.1673 676.7198 193.1254 1.5277 1.6187 3.4656 3.7318 0.8473 53.7694 -6.6741 0.0078
Car -1 -1 -2.7445 591.2112 173.1421 647.2747 193.8806 1.5553 1.4965 4.0562 1.3861 0.9284 55.3763 -2.7245 0.0067
Car -1 -1 -6.2360 625.3279 172.2565 673.0322 193.0487 1.5444 1.5777 3.5380 3.6481 0.8577 54.3326 -6.1742 0.0061
Car -1 -1 -6.5972 628.3981 172.1252 676.3572 193.1391 1.5477 1.6090 3.2606 3.8398 0.8571 54.0854 -6.5316 0.0061
Car -1 -1 -6.0034 39.8146 186.1076 123.6180 214.7899 1.5581 1.5784 3.5630 -29.4455 1.8286 40.8037 -6.6305 0.0054
Car -1 -1 -6.2965 48.9271 185.3539 125.5458 214.7900 1.5777 1.5919 3.4693 -29.0319 1.8047 40.6089 -6.9192 0.0048
Car -1 -1 -7.2240 385.0224 175.2403 471.9835 212.9359 1.4199 1.4812 3.7904 -6.9343 1.1844 29.0916 -7.4611 0.0038
Car -1 -1 -2.7570 279.7734 180.7883 371.3689 209.9416 1.4693 1.6257 4.1020 -14.1866 1.4337 37.0497 -3.1254 0.0022
Car -1 -1 -4.5642 0.0000 176.4851 46.5981 214.7735 1.8369 1.6802 4.7550 -29.9550 1.5965 36.9353 -5.2472 0.0020
Car -1 -1 -7.9999 89.5814 188.1140 134.2666 217.6752 1.6308 1.6064 4.0303 -29.0294 2.0413 42.5567 -8.6008 0.0018
Car -1 -1 -1.7508 78.2117 186.7107 125.3673 218.8619 1.7518 1.5983 3.6832 -28.9645 2.0672 41.6057 -2.3611 0.0016
Car -1 -1 -7.1298 398.3353 175.4142 487.2625 211.6264 1.3829 1.4156 3.7781 -6.4369 1.1509 29.4280 -7.3484 0.0015
Car -1 -1 -4.6065 0.0000 179.5301 49.7317 214.9998 1.7127 1.7202 4.4942 -29.7667 1.6178 37.0406 -5.2850 0.0013
Car -1 -1 -7.3533 482.9474 169.5019 519.3256 187.5934 1.6856 1.6803 4.1869 -9.5786 0.5674 69.1816 -7.4952 0.0012
Car -1 -1 -7.5661 483.2849 169.4912 511.6329 187.6805 1.7012 1.6441 4.0387 -9.9544 0.5777 69.2973 -7.7131 0.0012
Cyclist -1 -1 -7.8382 340.0608 175.9417 356.6225 217.8674 1.5563 0.5794 1.6540 -9.7154 1.3504 27.5412 -8.1795 0.0010
Car -1 -1 -7.6344 481.4202 169.2125 507.5953 188.1159 1.7702 1.6673 4.0868 -10.2501 0.6192 69.3649 -7.7854 0.0007
Pedestrian -1 -1 -6.4142 1119.3193 137.6636 1136.9636 190.5734 1.3782 0.5718 0.2974 13.9175 0.2369 19.0332 -5.7942 0.0006
Car -1 -1 -7.7581 479.6959 169.0971 501.3584 188.1244 1.7824 1.6984 4.1526 -10.6463 0.6202 69.4157 -7.9146 0.0005
Pedestrian -1 -1 -6.1665 650.2620 166.3382 658.2087 186.5269 1.8618 1.0012 0.6302 4.9475 0.4633 66.7966 -6.0978 0.0004
Car -1 -1 -5.1773 721.8983 170.3735 770.6638 195.7121 1.5977 1.4763 4.0402 9.5131 0.8962 47.4368 -4.9854 0.0003
Pedestrian -1 -1 -2.8188 648.6971 164.7068 659.3822 186.1052 1.9669 1.0048 0.7107 4.9169 0.4230 66.6294 -2.7503 0.0003
