Car -1 -1 -7.9929 640.0050 171.0053 679.6509 201.4971 1.5590 1.6040 3.8057 2.7202 0.8326 38.7073 -7.9236 0.9997
Car -1 -1 -7.8894 570.1478 174.3052 612.5872 211.7646 1.4128 1.5713 3.3203 -0.7450 1.0014 28.8166 -7.9154 0.9992
Car -1 -1 -7.9935 640.2748 171.1178 680.3576 201.8947 1.5757 1.6300 3.7923 2.7495 0.8541 38.7518 -7.9235 0.8630
Car -1 -1 -7.9878 639.6639 171.4339 678.8830 201.8735 1.5549 1.6077 3.7132 2.6861 0.8511 38.6250 -7.9192 0.8053
Car -1 -1 -7.8525 572.9496 172.9044 613.1347 211.7535 1.4630 1.5139 3.0717 -0.6275 0.9996 28.6228 -7.8745 0.6149
Pedestrian -1 -1 -5.1349 997.6185 171.9220 1038.0294 250.7014 1.6620 0.6098 0.4751 8.7424 1.3817 15.4280 -4.6275 0.2443
Car -1 -1 -7.6569 523.8392 169.0855 555.7424 190.4493 1.5218 1.6003 4.0132 -5.0168 0.3730 53.2848 -7.7506 0.2029
Pedestrian -1 -1 -7.9553 505.4832 164.8038 523.8872 207.8827 1.7386 0.6831 0.6571 -3.8510 0.9150 29.4104 -8.0846 0.2025
Car -1 -1 -8.2373 544.3799 169.7720 598.9883 199.0625 1.5534 1.6522 4.0560 -2.1110 0.7345 40.3119 -8.2896 0.1785
Car -1 -1 -8.1775 551.1981 169.5729 602.3785 199.0800 1.5607 1.6416 4.0710 -1.8212 0.7335 40.2168 -8.2228 0.1296
Car -1 -1 -7.9676 500.9350 168.4888 537.0440 196.9696 1.6210 1.6846 4.1320 -5.3996 0.6692 43.1214 -8.0917 0.1093
Car -1 -1 -7.8958 505.2852 167.4760 537.0861 196.8398 1.6801 1.7196 4.2938 -5.2980 0.6652 43.3877 -8.0168 0.1082
Car -1 -1 -7.8840 511.5457 168.3065 541.2490 196.6884 1.6271 1.6511 4.0153 -4.9703 0.6579 43.3166 -7.9979 0.1070
Car -1 -1 -7.5618 568.7974 170.0169 618.1595 200.0517 1.5804 1.6617 4.0088 -0.7673 0.7808 39.9806 -7.5812 0.1021
Car -1 -1 -7.5804 525.6043 169.1146 561.4443 190.4180 1.5151 1.6099 4.0569 -4.7349 0.3701 53.2668 -7.6690 0.0917
Car -1 -1 -7.6764 567.3914 169.7257 609.1682 199.6613 1.5828 1.6682 3.8858 -1.0648 0.7639 40.0538 -7.7031 0.0875
Car -1 -1 -4.7063 729.4180 178.3080 764.5078 211.1426 1.4706 1.5499 3.8699 6.5961 1.1614 34.2443 -4.5180 0.0871
Car -1 -1 -8.0544 513.5791 169.3856 552.3517 196.5640 1.5566 1.5762 3.8604 -4.5723 0.6501 43.2498 -8.1594 0.0815
Car -1 -1 -7.9285 567.1368 169.5481 601.8834 199.0075 1.5620 1.6485 3.8035 -1.3718 0.7314 40.0951 -7.9628 0.0811
Pedestrian -1 -1 -5.1464 1007.6366 170.7595 1051.5415 252.4855 1.7242 0.6705 0.4818 8.9979 1.4194 15.4346 -4.6269 0.0709
Pedestrian -1 -1 -8.1266 504.1523 163.2460 524.1783 207.0181 1.7542 0.6887 0.5300 -3.8418 0.8739 29.1871 -8.2565 0.0620
Car -1 -1 -2.4027 474.9831 168.3494 550.6160 196.9188 1.6308 1.7192 4.5011 -5.7428 0.6682 43.0228 -2.5349 0.0607
Car -1 -1 -7.7801 508.6751 168.7686 541.6154 196.2083 1.5764 1.6663 4.2977 -4.9755 0.6317 43.4772 -7.8936 0.0590
Car -1 -1 -6.0179 498.0508 170.2036 573.7892 196.8821 1.5307 1.4929 4.1934 -4.2393 0.6695 42.3280 -6.1174 0.0482
Pedestrian -1 -1 -4.5764 841.2701 171.7507 858.3604 217.8435 1.6836 0.5493 0.4136 8.9031 1.1919 26.5635 -4.2566 0.0387
Car -1 -1 -4.7073 726.9422 177.5238 762.8720 210.1009 1.4428 1.5702 3.8445 6.4249 1.1023 33.8734 -4.5218 0.0385
Car -1 -1 -6.0769 494.8608 170.9408 568.3986 196.8981 1.4859 1.5080 4.0613 -4.4612 0.6689 42.1057 -6.1821 0.0376
Car -1 -1 -4.6887 725.7157 176.9202 758.5490 209.6897 1.4710 1.4556 3.8929 6.4182 1.0988 34.3231 -4.5057 0.0367
Car -1 -1 -7.8647 526.1097 169.7882 552.8345 196.3791 1.5266 1.5307 3.6450 -4.1507 0.6411 43.1647 -7.9603 0.0337
Car -1 -1 -4.9732 566.8491 170.5340 616.9913 202.3058 1.5590 1.6069 4.0591 -0.9187 0.8387 37.4466 -4.9979 0.0317
Car -1 -1 -7.5256 525.9676 169.1597 571.4702 196.4331 1.5586 1.5871 3.7750 -3.5177 0.6412 43.1059 -7.6068 0.0312
Car -1 -1 -4.4886 492.1495 176.0455 537.3333 206.8904 1.3325 1.3829 3.0961 -4.2175 0.9365 32.6625 -4.6163 0.0264
Car -1 -1 -4.8431 506.4475 168.7562 541.6403 196.3977 1.5745 1.5979 3.8376 -5.0781 0.6371 43.0039 -4.9602 0.0263
Car -1 -1 -7.6126 523.7948 169.6440 563.7043 196.2123 1.5212 1.5414 3.7143 -3.8204 0.6298 43.1126 -7.7007 0.0258
Car -1 -1 -7.8132 515.6368 168.1747 546.1489 196.0050 1.5985 1.6613 4.3190 -4.6333 0.6199 43.4988 -7.9189 0.0241
Car -1 -1 -7.8159 612.2538 169.1340 631.7499 186.6794 1.6044 1.6852 4.2188 1.3633 0.1340 67.8897 -7.7962 0.0235
Pedestrian -1 -1 -4.3522 837.9064 172.7793 856.2800 216.2201 1.5867 0.5228 0.4449 8.8118 1.1326 26.5931 -4.0358 0.0218
Cyclist -1 -1 -7.5105 499.6797 162.9379 526.4452 206.9331 1.7364 0.5582 1.6473 -3.8776 0.8573 29.2365 -7.6414 0.0215
Cyclist -1 -1 -6.0460 493.0496 162.2310 532.1066 206.8800 1.8033 0.6199 1.4808 -3.9291 0.8752 29.4202 -6.1779 0.0213
Car -1 -1 -7.5415 519.6747 169.2630 565.5071 196.0801 1.5384 1.5760 4.0854 -3.9058 0.6234 43.4038 -7.6310 0.0207
Car -1 -1 -5.1763 564.7961 170.0345 626.8410 201.6123 1.5606 1.5799 4.0910 -0.7220 0.8105 37.7046 -5.1957 0.0206
Car -1 -1 -2.7509 475.3688 170.0015 550.6113 196.8441 1.5365 1.6434 4.0898 -5.6143 0.6658 42.4682 -2.8818 0.0201
Car -1 -1 -4.5042 482.1444 173.1606 532.4125 205.5304 1.3802 1.5574 3.4903 -4.5141 0.8664 32.4475 -4.6416 0.0199
Pedestrian -1 -1 -4.0637 838.8787 174.5131 859.6832 218.4131 1.5876 0.5500 0.4715 8.8120 1.2007 26.3576 -3.7446 0.0198
Cyclist -1 -1 -6.3045 498.2578 162.2535 536.4735 207.3722 1.8181 0.6691 1.5344 -3.7428 0.8930 29.4098 -6.4303 0.0195
Car -1 -1 -5.1612 561.2122 167.8979 620.1021 200.1473 1.6139 1.6964 3.6276 -0.9869 0.7474 37.9759 -5.1873 0.0190
Car -1 -1 -7.2719 490.4837 167.0023 564.5853 205.6791 1.5633 1.5055 3.4773 -3.4303 0.8273 30.9469 -7.3816 0.0190
Car -1 -1 -6.7961 565.9360 169.6171 642.7717 200.2375 1.5833 1.6336 3.8445 -0.2035 0.7769 38.8327 -6.8017 0.0179
Car -1 -1 -7.8841 611.3571 169.8656 629.9561 186.7995 1.5485 1.6250 4.0444 1.1801 0.1450 67.7685 -7.8671 0.0173
Pedestrian -1 -1 -4.2102 841.4966 172.4431 862.6616 219.3834 1.6962 0.5938 0.4453 8.9108 1.2348 26.3457 -3.8877 0.0173
Car -1 -1 -6.8511 566.8438 169.2185 641.7881 200.2587 1.6137 1.5525 3.8417 -0.1992 0.7822 39.0648 -6.8565 0.0169
Cyclist -1 -1 -4.4921 503.5071 163.6836 525.6562 206.1657 1.7058 0.5993 1.4719 -3.8688 0.8414 29.6246 -4.6211 0.0163
Car -1 -1 -4.4340 475.7097 171.3680 533.3875 205.9579 1.4538 1.5802 3.7616 -4.5884 0.8720 32.1854 -4.5748 0.0150
Car -1 -1 -2.5590 469.1416 168.8966 549.4919 197.2012 1.6151 1.7169 4.5403 -5.8983 0.6841 42.7729 -2.6955 0.0149
Car -1 -1 -6.3619 523.1587 170.6558 593.7897 197.9142 1.5659 1.5825 4.0397 -2.9588 0.7296 42.3757 -6.4315 0.0149
Car -1 -1 -4.3489 480.6297 172.0387 541.6944 207.2465 1.4800 1.4995 3.6706 -4.2930 0.9263 32.1765 -4.4808 0.0144
Car -1 -1 -7.9740 609.7330 170.7867 630.4590 186.0365 1.3975 1.5489 3.3990 1.1279 0.0754 67.6482 -7.9577 0.0140
Car -1 -1 -6.7574 565.4618 169.6996 644.0895 200.6147 1.6266 1.6370 4.0136 -0.1850 0.8104 39.4739 -6.7624 0.0135
Car -1 -1 -7.8351 546.1277 168.8970 572.5140 191.9350 1.5519 1.7746 4.4528 -3.3972 0.4528 50.6899 -7.9020 0.0125
Car -1 -1 -7.7543 613.0511 169.9709 634.0623 186.7484 1.5338 1.5937 4.0127 1.5081 0.1403 67.8060 -7.7325 0.0124
Car -1 -1 -4.4722 490.1819 168.9964 542.8927 206.6618 1.5736 1.4916 3.6667 -4.0275 0.8961 31.9398 -4.5968 0.0118
Cyclist -1 -1 -2.7289 488.6171 161.6042 530.2435 205.9738 1.7863 0.5920 1.5849 -4.0653 0.8359 29.4426 -2.8652 0.0113
Car -1 -1 -4.6509 492.5119 165.6437 530.6467 205.4613 1.6233 1.4213 3.5188 -4.1535 0.8256 31.1124 -4.7828 0.0110
Car -1 -1 -7.8634 613.7751 170.7797 630.1110 185.9844 1.3949 1.4986 3.3092 1.3057 0.0707 67.6087 -7.8445 0.0102
Car -1 -1 -7.7233 548.5094 169.3906 581.1108 191.6276 1.5042 1.7710 4.1730 -3.0107 0.4339 50.7696 -7.7825 0.0101
Car -1 -1 -4.7874 542.7355 167.8012 573.2485 191.8696 1.5994 1.7940 4.2833 -3.5288 0.4423 50.0196 -4.8577 0.0095
Car -1 -1 -6.1877 518.5901 170.6191 587.5709 196.3202 1.4770 1.5637 3.9007 -3.1990 0.6383 42.1319 -6.2633 0.0095
Car -1 -1 -7.7573 498.7177 165.6545 541.0285 205.1137 1.5991 1.4693 3.5555 -3.7671 0.8065 30.9272 -7.8778 0.0087
Pedestrian -1 -1 -3.6158 964.7313 172.2017 992.6498 239.8298 1.6576 0.5355 0.4158 9.1762 1.3387 17.8883 -3.1486 0.0085
Car -1 -1 -4.5067 496.7278 175.1305 541.0894 207.2333 1.3969 1.4301 2.9900 -4.0508 0.9582 32.8294 -4.6288 0.0082
Pedestrian -1 -1 -5.1193 1128.0598 198.1896 1168.3937 276.7432 1.3392 0.4487 0.3762 9.3877 1.5704 12.5657 -4.4888 0.0080
Car -1 -1 -8.0319 605.5797 170.0701 631.1234 187.0460 1.5506 1.7034 4.1060 0.9562 0.1673 67.8268 -8.0182 0.0079
Car -1 -1 -4.4522 483.5081 167.7886 537.1708 207.1453 1.6303 1.4871 3.4934 -4.2600 0.9085 31.6038 -4.5853 0.0076
Pedestrian -1 -1 -4.9661 465.7562 170.6000 481.4953 210.0647 1.5605 0.5332 0.4062 -5.4004 0.9827 28.7209 -5.1505 0.0073
Pedestrian -1 -1 -4.0771 966.7043 168.4164 1002.1569 245.4862 1.8767 0.6108 0.4884 9.3194 1.4678 17.8869 -3.6036 0.0069
Car -1 -1 -8.0513 553.5591 169.0913 589.1210 191.4549 1.5102 1.7441 4.0169 -2.6349 0.4215 50.7068 -8.1032 0.0058
Car -1 -1 -8.0534 558.9778 170.4856 593.0497 192.6912 1.4970 1.6338 3.9686 -2.2981 0.5041 50.5859 -8.0989 0.0057
Cyclist -1 -1 -3.0717 491.7102 162.0699 536.7054 206.5326 1.7825 0.6863 1.7703 -3.8296 0.8547 29.2136 -3.2011 0.0056
Pedestrian -1 -1 -5.6301 1116.0430 195.5087 1157.0889 267.5232 1.2268 0.4680 0.3719 9.1849 1.4103 12.5625 -5.0098 0.0056
Car -1 -1 -7.6748 547.9649 170.8449 579.6443 191.0484 1.3664 1.6370 3.4134 -3.0705 0.3946 50.4099 -7.7356 0.0050
Car -1 -1 -7.6625 567.5709 169.2213 602.5975 191.2966 1.4867 1.7117 4.1243 -1.5726 0.4097 50.5846 -7.6937 0.0048
Car -1 -1 -8.1248 535.1414 167.3054 574.7667 191.0343 1.5887 1.7730 3.9209 -3.7591 0.3897 50.2736 -8.1994 0.0046
Pedestrian -1 -1 -3.9643 956.6525 169.7056 989.4925 235.2917 1.6292 0.5648 0.4807 9.1994 1.2441 18.2064 -3.5030 0.0043
Car -1 -1 -4.4970 555.0679 171.2671 580.4907 189.1152 1.6778 1.6230 4.1134 -3.8530 0.3667 69.7359 -4.5523 0.0042
Car -1 -1 -7.8712 567.8303 170.1412 592.6589 192.4520 1.5058 1.6683 3.9826 -1.9917 0.4885 50.5516 -7.9107 0.0042
Pedestrian -1 -1 -4.4889 963.8542 166.9977 994.8765 241.7777 1.8495 0.6048 0.4947 9.3398 1.3990 18.1620 -4.0207 0.0041
Pedestrian -1 -1 -6.0818 420.2853 169.5069 429.5982 191.4360 1.5005 0.7701 0.4783 -12.6312 0.4258 49.5827 -6.3302 0.0039
Car -1 -1 -4.6754 555.2043 170.8660 573.7168 188.7037 1.6778 1.6443 4.0758 -4.1784 0.3282 69.6733 -4.7355 0.0039
Cyclist -1 -1 -3.1706 484.6831 161.8268 529.6632 206.3931 1.7773 0.7108 1.7868 -4.1278 0.8447 29.1686 -3.3102 0.0035
Car -1 -1 -4.8946 549.4062 170.4175 573.9075 188.0038 1.6476 1.6391 4.1317 -4.4996 0.2614 69.5518 -4.9593 0.0035
Cyclist -1 -1 -4.9511 963.2943 168.9699 1002.7303 242.5889 1.7826 0.5336 1.4898 9.4263 1.3894 18.1923 -4.4798 0.0029
Pedestrian -1 -1 -3.8816 741.8458 174.4949 757.3936 215.2139 1.6449 0.4900 0.3953 5.7512 1.2120 29.3518 -3.6904 0.0014
Pedestrian -1 -1 -5.2721 1120.6963 188.1814 1168.9781 276.3470 1.4757 0.5042 0.4368 9.1152 1.5275 12.2824 -4.6449 0.0014
Pedestrian -1 -1 -6.8502 742.1569 175.3761 761.4316 216.9232 1.6631 0.4885 0.5957 5.7912 1.2694 29.1116 -6.6561 0.0013
Cyclist -1 -1 -8.0950 1123.4814 183.3729 1183.4537 280.0130 1.5766 0.4597 1.5218 9.4168 1.5467 12.5182 -7.4612 0.0011
Pedestrian -1 -1 -6.4489 737.8898 173.2825 754.1442 215.1492 1.6804 0.5090 0.5684 5.5563 1.2016 29.1135 -6.2625 0.0010
Cyclist -1 -1 -8.0367 1114.2490 169.2995 1171.2277 271.8675 1.7068 0.5048 1.6171 9.4406 1.4421 12.8014 -7.4121 0.0008
Cyclist -1 -1 -7.6908 959.4101 161.5134 993.9474 238.4633 1.8906 0.5145 1.8502 9.4913 1.3084 18.5608 -7.2247 0.0008
Pedestrian -1 -1 -3.5427 736.3027 172.7421 752.5815 214.3473 1.6824 0.5522 0.4744 5.5456 1.1782 29.3890 -3.3583 0.0007
Cyclist -1 -1 -7.6681 313.2321 167.5297 332.6551 204.7545 1.4940 0.3966 1.9323 -11.8478 0.7843 29.8368 -8.0431 0.0002
