Car -1 -1 -4.1571 0.0000 205.1444 267.9487 338.8068 1.3933 1.6438 3.9578 -6.7639 1.9501 10.4651 -4.7197 0.9998
Car -1 -1 -4.3925 218.2195 190.5690 449.5956 325.9554 1.4751 1.7694 4.4970 -3.7925 1.7933 10.7131 -4.7259 0.9997
Car -1 -1 -4.5082 405.7876 187.0693 495.0253 252.2936 1.4311 1.5160 3.5641 -4.0100 1.8285 18.3991 -4.7206 0.9995
Car -1 -1 -7.9311 642.4947 175.8611 687.0933 213.1756 1.5363 1.6560 3.9006 2.3256 1.6774 31.9770 -7.8598 0.9985
Car -1 -1 -3.4640 770.4710 160.5600 917.0898 211.1761 1.6831 1.8276 4.4700 7.9470 1.2740 24.9464 -3.1595 0.9939
Car -1 -1 -3.3434 724.2047 165.9728 819.7976 200.6711 1.6017 1.6755 4.1613 7.5742 1.2838 34.1744 -3.1275 0.9597
Car -1 -1 -4.5941 487.7670 181.4681 519.6369 207.1750 1.5713 1.6233 3.8889 -6.9708 2.1602 47.3858 -4.7398 0.9541
Car -1 -1 -3.4650 724.2015 166.0689 818.5139 200.3811 1.5808 1.6925 4.0453 7.5890 1.2679 34.3021 -3.2495 0.8364
Car -1 -1 -3.5009 772.2318 162.8162 919.0123 211.1676 1.5969 1.7988 4.4544 7.9863 1.2650 24.8437 -3.1937 0.8293
Car -1 -1 -4.5580 485.8985 182.0194 519.9339 207.0040 1.5254 1.6413 3.8321 -7.0205 2.1514 47.3838 -4.7047 0.8244
Car -1 -1 -4.4852 451.1427 180.1917 500.8318 214.9864 1.6069 1.5679 4.1112 -6.7110 1.9969 36.2916 -4.6672 0.8003
Car -1 -1 -4.5804 488.0885 181.4585 520.2408 206.7277 1.5456 1.6041 3.7747 -6.9325 2.1323 47.3241 -4.7255 0.7916
Car -1 -1 -4.2305 370.0095 187.6924 464.5807 235.0872 1.4355 1.5552 3.8968 -6.6708 1.9966 25.2253 -4.4870 0.7772
Car -1 -1 -3.1260 396.8462 181.5477 489.6486 215.9144 1.5642 1.6953 4.2530 -8.0312 1.9981 34.7582 -3.3519 0.7748
Car -1 -1 -2.9969 402.1076 181.8154 488.9613 216.4388 1.6068 1.6267 3.9071 -7.9483 2.0524 34.9456 -3.2194 0.7699
Car -1 -1 -3.4561 725.2397 164.1255 820.9279 198.7827 1.5944 1.6584 4.1129 7.6513 1.1926 34.2186 -3.2383 0.7460
Car -1 -1 -3.3944 752.8353 160.7798 872.8148 206.1196 1.7065 1.6473 4.2007 7.7578 1.2517 28.0105 -3.1273 0.7363
Car -1 -1 -4.5972 490.4291 180.8192 521.7449 207.0998 1.6140 1.5986 3.9465 -6.8331 2.1603 47.5169 -4.7397 0.7219
Car -1 -1 -3.1685 402.5640 182.1317 489.9429 216.6448 1.5613 1.6175 3.9963 -7.8871 2.0224 34.6053 -3.3914 0.6227
Car -1 -1 -3.4256 767.6443 167.9619 908.4764 212.8452 1.4966 1.7571 4.3221 7.7556 1.3331 24.9659 -3.1282 0.6026
Car -1 -1 -4.5504 488.9080 181.6503 522.6724 206.9258 1.5415 1.6097 3.6967 -6.8025 2.1389 47.1655 -4.6933 0.5727
Car -1 -1 -4.2208 366.5125 188.0706 460.5074 235.5549 1.4281 1.5123 3.8220 -6.7550 1.9987 25.0368 -4.4823 0.5179
Car -1 -1 -3.3567 721.9178 167.8824 808.3953 201.8727 1.5652 1.5852 3.7309 7.2302 1.3359 34.0323 -3.1495 0.4856
Car -1 -1 -3.3556 404.9063 183.2157 492.6448 217.7598 1.5330 1.5437 3.8464 -7.7285 2.0488 34.4329 -3.5753 0.4718
Car -1 -1 -2.7752 403.3164 182.3421 491.4158 216.7433 1.5994 1.6331 3.8693 -7.9506 2.0768 35.2359 -2.9961 0.4667
Car -1 -1 -3.0919 409.2161 183.8342 490.2991 216.7175 1.4986 1.5703 3.7262 -7.6874 2.0428 34.6922 -3.3089 0.3722
Car -1 -1 -4.5738 450.2599 181.1126 492.8832 215.4021 1.5777 1.5529 4.0805 -6.9382 2.0164 36.2756 -4.7620 0.3702
Car -1 -1 -4.4403 490.4678 181.9590 529.1360 207.2109 1.5371 1.5324 3.8712 -6.5668 2.1604 47.3994 -4.5777 0.3338
Car -1 -1 -8.4273 995.4799 145.8506 1072.8767 184.1397 1.7615 1.6272 3.4089 20.4079 0.5189 34.9356 -7.9023 0.2637
Car -1 -1 -4.2622 362.2439 187.7002 457.4691 237.6256 1.4706 1.5784 3.8746 -6.7329 2.0170 24.5212 -4.5280 0.2302
Car -1 -1 -4.1903 356.2307 188.6797 453.3533 237.8504 1.4457 1.4927 3.7473 -6.9057 2.0266 24.5012 -4.4628 0.2149
Car -1 -1 -2.6644 412.1940 182.2793 498.3323 215.9264 1.5614 1.5960 3.8365 -7.6317 2.0411 35.4717 -2.8753 0.1963
Car -1 -1 -7.5883 381.0199 187.0686 454.7761 233.7006 1.4550 1.5676 3.8342 -6.7673 1.9971 25.6101 -7.8446 0.1851
Car -1 -1 -7.2669 379.8971 187.2195 478.8229 233.4916 1.4396 1.6676 3.6509 -6.3798 1.9906 25.6906 -7.5085 0.1834
Car -1 -1 -7.7704 456.0699 170.6783 480.7101 190.8303 1.5597 1.6224 3.8499 -11.3455 1.3910 57.8455 -7.9635 0.1730
Car -1 -1 -7.4252 379.7316 187.4214 468.4507 233.4411 1.4418 1.6771 3.7085 -6.5991 2.0029 25.8311 -7.6734 0.1561
Car -1 -1 -7.3661 384.3977 185.7651 476.1304 229.6598 1.3926 1.6547 3.7305 -6.4422 1.8951 26.0861 -7.6064 0.1500
Car -1 -1 -7.5292 386.3310 186.8120 464.7355 232.0325 1.4453 1.6560 3.6753 -6.6303 1.9872 26.1291 -7.7759 0.1495
Car -1 -1 -3.0265 415.7607 183.1048 497.0625 216.1773 1.5322 1.6488 3.6959 -7.4428 2.0438 35.0363 -3.2348 0.1388
Car -1 -1 -7.7200 458.2381 171.2766 484.3479 191.4168 1.5613 1.5538 3.8785 -11.1243 1.4387 57.9142 -7.9092 0.1302
Car -1 -1 -3.2776 681.7880 170.0146 734.8816 190.5387 1.6779 1.6820 4.1700 8.0983 1.4455 59.8353 -3.1440 0.1296
Pedestrian -1 -1 -7.8398 676.4860 177.9885 691.5607 220.9610 1.4902 0.5219 0.4531 2.5546 1.6720 25.3365 -7.7412 0.1211
Car -1 -1 -7.1636 95.7393 194.3206 203.8671 249.0199 1.4707 1.5305 2.4543 -13.8356 2.1565 21.7475 -7.7249 0.0980
Car -1 -1 -4.2344 354.5369 187.8360 447.6057 237.9462 1.4664 1.5326 3.5168 -6.9279 2.0057 24.1116 -4.5118 0.0898
Car -1 -1 -3.7582 388.2305 179.1508 491.5497 216.0143 1.5862 1.7221 4.6073 -8.0046 1.9038 34.1272 -3.9873 0.0838
Car -1 -1 -7.1045 97.7859 191.6817 234.2674 248.3028 1.5019 1.6142 3.5190 -13.6114 2.1322 22.2814 -7.6478 0.0777
Car -1 -1 -8.1012 437.9899 181.8788 488.6377 216.1468 1.5550 1.5839 3.7811 -7.3797 2.0290 35.8676 -8.3032 0.0745
Car -1 -1 -3.9418 406.7620 182.4767 494.2765 217.6502 1.4973 1.6031 4.1410 -7.4952 1.9807 34.0902 -4.1571 0.0686
Car -1 -1 -2.4072 411.7682 182.0931 495.8928 216.5074 1.5778 1.6679 3.9757 -7.7854 2.0567 35.7124 -2.6208 0.0632
Car -1 -1 -5.8445 387.3732 181.6931 487.3175 216.5138 1.6015 1.6997 4.4293 -8.4180 2.0472 35.1198 -6.0785 0.0615
Car -1 -1 -6.1035 364.4461 188.3833 481.6643 232.1738 1.4351 1.5787 3.7424 -6.5058 1.9973 25.2179 -6.3540 0.0594
Car -1 -1 -7.1997 95.1792 191.6912 223.6222 248.4641 1.5199 1.6058 3.4139 -13.8189 2.1478 22.2804 -7.7498 0.0579
Car -1 -1 -7.1606 385.1214 186.7879 493.8391 232.7261 1.4326 1.6869 3.9068 -6.0675 1.9737 25.9141 -7.3890 0.0547
Car -1 -1 -5.6945 364.9562 188.8668 491.6269 235.2453 1.4400 1.5876 4.0186 -6.2880 2.0218 24.8074 -5.9408 0.0518
Car -1 -1 -4.8529 438.5989 182.7170 480.8148 217.2360 1.5541 1.5339 3.6783 -7.5011 2.0678 35.6117 -5.0595 0.0498
Car -1 -1 -6.4930 376.8942 188.1741 488.6514 232.1676 1.4038 1.5494 3.5975 -6.3120 1.9771 25.5353 -6.7335 0.0390
Car -1 -1 -7.9868 446.2591 182.1051 488.3953 215.6138 1.5223 1.5601 3.8405 -7.2025 2.0100 35.9908 -8.1834 0.0358
Car -1 -1 -6.9310 1016.5491 147.8595 1115.0959 182.6429 1.6024 1.6564 3.7090 21.5391 0.4507 34.2315 -6.3732 0.0276
Car -1 -1 -5.1814 658.4652 176.8553 699.3088 197.7678 1.4907 1.5296 3.7234 5.1061 1.8022 54.2165 -5.0885 0.0236
Car -1 -1 -5.0232 665.5811 177.2019 699.4283 197.8189 1.4716 1.4774 3.6543 5.3855 1.8100 54.2639 -4.9252 0.0226
Car -1 -1 -6.9269 1014.9921 147.7623 1110.8784 183.0833 1.6224 1.6112 3.5952 21.3238 0.4695 34.1033 -6.3719 0.0186
Car -1 -1 -4.8011 674.6322 177.0212 698.7225 197.2906 1.4522 1.4729 3.6850 5.7116 1.7763 54.3108 -4.6973 0.0175
Car -1 -1 -8.0313 490.4644 176.5978 523.4586 200.1454 1.6763 1.7234 4.3167 -7.8413 1.9704 54.4222 -8.1741 0.0167
Car -1 -1 -6.4693 680.0984 167.5927 739.1672 188.1037 1.6795 1.6907 4.6341 8.2358 1.2484 60.0434 -6.3339 0.0164
Car -1 -1 -4.4803 509.9375 175.5013 545.1693 198.2323 1.6312 1.7408 4.1167 -6.2005 1.8385 54.4258 -4.5936 0.0130
Car -1 -1 -4.3237 424.6931 183.4856 491.9354 218.4207 1.4580 1.5939 4.1946 -7.0294 1.9863 33.6644 -4.5285 0.0116
Car -1 -1 -4.1243 513.1889 175.2609 563.5221 199.0519 1.6929 1.6817 4.2446 -5.3466 1.8806 54.0712 -4.2228 0.0107
Pedestrian -1 -1 -5.7004 332.9588 169.1550 354.2944 210.6176 1.7352 0.6818 0.5670 -11.3336 1.5801 30.5926 -6.0527 0.0107
Car -1 -1 -7.6927 517.4501 175.8662 546.6223 197.3131 1.6827 1.7275 4.2573 -6.4016 1.9395 59.3946 -7.8000 0.0100
Car -1 -1 -5.4249 993.7583 160.1361 1090.4888 194.5278 1.3737 1.5385 3.6022 18.2515 0.8654 30.7307 -4.8933 0.0100
Car -1 -1 -4.6444 449.6611 184.9250 487.3135 218.8154 1.4357 1.4836 3.7308 -6.6384 2.0350 33.8944 -4.8369 0.0098
Car -1 -1 -4.4324 489.6936 180.6437 526.4987 204.6515 1.6285 1.5690 4.1400 -7.3960 2.2184 52.5053 -4.5721 0.0094
Car -1 -1 -4.3194 509.0306 174.3373 552.8591 198.5414 1.7353 1.7716 4.2926 -5.9257 1.8514 54.3213 -4.4280 0.0090
Car -1 -1 -4.3060 433.7461 182.5426 495.9762 217.1991 1.4280 1.4464 3.6331 -6.5569 1.8932 32.7358 -4.5027 0.0090
Car -1 -1 -4.4867 526.6055 179.8347 551.1934 196.2036 1.5325 1.6053 3.8128 -7.0089 2.2408 71.2473 -4.5848 0.0088
Car -1 -1 -7.8991 497.4185 176.7531 523.2557 199.9978 1.6548 1.7277 4.4616 -7.5941 1.9618 54.5069 -8.0372 0.0081
Car -1 -1 -4.0931 526.8342 180.0139 562.0021 196.1445 1.5061 1.6633 3.6149 -6.4540 2.2311 71.1076 -4.1836 0.0079
Car -1 -1 -5.0738 520.5228 179.5870 550.3910 195.6925 1.5027 1.6900 3.8036 -7.3953 2.1856 71.1370 -5.1774 0.0070
Car -1 -1 -4.5395 490.0964 182.5905 524.2480 204.3102 1.4384 1.7133 4.3398 -7.3834 2.1688 51.9510 -4.6804 0.0064
Car -1 -1 -4.1028 477.2018 179.6290 530.8585 202.0542 1.5110 1.8118 4.1158 -7.6461 2.0221 52.2181 -4.2478 0.0051
Car -1 -1 -4.3756 511.7055 175.3029 552.2856 199.0416 1.6827 1.6658 4.3703 -5.8062 1.8733 53.9411 -4.4827 0.0050
Car -1 -1 -4.0595 419.5501 181.9398 496.6402 216.4242 1.4172 1.4621 3.7102 -6.8521 1.8536 32.6907 -4.2650 0.0045
Car -1 -1 -4.4845 518.1400 175.6236 549.3490 196.1365 1.6014 1.6440 4.1646 -6.2274 1.8362 59.0801 -4.5894 0.0043
Car -1 -1 -5.2743 998.8292 159.9852 1087.7454 194.3554 1.3654 1.5301 3.5757 18.1474 0.8539 30.4739 -4.7415 0.0039
Car -1 -1 -4.0242 529.3279 179.6292 567.1959 195.8236 1.5117 1.7761 3.6934 -6.0734 2.1978 71.0731 -4.1095 0.0038
Cyclist -1 -1 -5.7582 660.9716 175.2666 703.3323 220.9618 1.5645 0.6151 1.3588 2.4907 1.6513 25.4171 -5.6624 0.0031
Car -1 -1 -7.9978 601.8926 173.4797 624.9788 189.7358 1.4329 1.5498 3.9482 0.2619 1.4915 65.8232 -7.9942 0.0026
Car -1 -1 -7.8127 607.1470 173.1126 625.6692 189.5321 1.4524 1.5342 3.9245 0.5879 1.4764 65.8846 -7.8042 0.0025
Car -1 -1 -4.4721 437.2843 183.8173 493.2264 218.2808 1.4272 1.5779 4.1952 -6.6555 1.9663 33.3667 -4.6679 0.0024
Car -1 -1 -4.4103 411.8558 177.0158 480.0483 213.7247 1.4445 1.6872 4.1701 -7.0024 1.6356 31.0266 -4.6309 0.0024
Pedestrian -1 -1 -2.3285 267.1361 177.7870 286.7565 229.0907 1.7781 0.4749 0.4093 -11.7512 1.9532 25.3612 -2.7588 0.0017
Car -1 -1 -4.4832 618.2326 172.2572 643.3942 188.3002 1.4174 1.5226 3.5619 1.8988 1.3644 65.6659 -4.4547 0.0016
Cyclist -1 -1 -8.5850 668.4243 177.7563 705.9061 221.1851 1.4668 0.5330 1.3531 2.6416 1.6427 25.2329 -8.4826 0.0015
Pedestrian -1 -1 -5.5833 273.5995 174.7899 293.4516 231.5417 1.9691 0.4924 0.4160 -11.5136 2.0376 25.3483 -6.0061 0.0015
Pedestrian -1 -1 -5.5466 271.5757 176.3024 289.7250 229.9680 1.8470 0.4676 0.3526 -11.5220 1.9682 25.1445 -5.9726 0.0012
Pedestrian -1 -1 -5.3816 264.1292 178.3267 283.9524 228.7089 1.7300 0.4935 0.3860 -11.7551 1.9228 25.1498 -5.8151 0.0012
Car -1 -1 -7.4538 617.7707 171.4514 650.4203 188.2259 1.4802 1.5734 3.9232 2.2075 1.3561 65.7782 -7.4207 0.0011
Car -1 -1 -4.5271 613.7345 171.8425 637.9706 188.9588 1.5136 1.5538 3.7180 1.4512 1.4239 65.7852 -4.5054 0.0011
Car -1 -1 -4.6406 611.6795 171.8585 631.8563 188.8857 1.5064 1.5750 3.7918 1.0765 1.4180 65.7909 -4.6246 0.0008
Cyclist -1 -1 -8.4614 732.7091 170.0024 770.8810 213.9750 1.5204 0.5139 1.5952 5.0035 1.4215 25.7811 -8.2724 0.0006
