Car -1 -1 -8.0864 727.9311 180.0191 886.6106 292.1545 1.5366 1.6181 3.8730 3.0337 1.6756 12.0776 -7.8472 0.9999
Car -1 -1 -8.3390 809.2565 184.2970 1241.0000 374.0000 1.5483 1.6942 4.4122 2.9054 1.6682 5.3652 -7.8667 0.9989
Car -1 -1 -4.4397 369.6841 196.1485 456.6314 251.2854 1.4583 1.6486 3.8194 -6.1060 2.2504 22.6243 -4.7011 0.9987
Car -1 -1 -7.9419 693.4918 181.8247 769.3450 248.1858 1.4767 1.5566 3.6082 2.9496 1.7283 18.4093 -7.7865 0.9968
Car -1 -1 -4.5579 492.4128 190.4488 525.4587 215.1805 1.4051 1.5226 3.6091 -6.3517 2.5561 45.3944 -4.6967 0.9688
Car -1 -1 -7.8007 638.1556 179.6705 666.5525 204.8501 1.6013 1.7258 3.9143 2.8823 2.0835 49.0318 -7.7429 0.9336
Car -1 -1 -4.4240 366.1919 195.7715 455.6983 251.2338 1.4654 1.6588 3.8775 -6.1755 2.2464 22.6412 -4.6880 0.8586
Car -1 -1 -4.4337 368.9177 195.3076 456.3558 251.4868 1.4919 1.6314 3.8832 -6.1349 2.2582 22.6787 -4.6957 0.8575
Car -1 -1 -4.4768 370.0027 194.5207 452.9098 250.5888 1.4873 1.6380 3.8325 -6.1493 2.2231 22.5764 -4.7405 0.8486
Car -1 -1 -4.5544 490.9816 189.8952 525.9275 215.0490 1.4264 1.5925 3.8843 -6.3946 2.5475 45.5247 -4.6937 0.8358
Car -1 -1 -7.8659 638.2675 179.8192 664.3106 205.0609 1.6056 1.6958 4.0058 2.7451 2.0986 49.0589 -7.8109 0.8113
Car -1 -1 -4.4952 492.0262 189.7982 527.9232 214.7248 1.4176 1.5199 3.4660 -6.2666 2.5220 45.2542 -4.6326 0.7687
Car -1 -1 -7.9043 636.4824 179.6648 664.6309 205.7575 1.6650 1.7035 3.9213 2.6855 2.1461 49.0318 -7.8505 0.7607
Car -1 -1 -4.4679 492.3891 190.1473 529.4944 214.9856 1.4096 1.4945 3.5639 -6.2211 2.5413 45.3799 -4.6039 0.7591
Car -1 -1 -4.5901 503.3189 187.4794 534.8893 211.2390 1.5264 1.7119 4.2714 -6.4247 2.6058 51.1254 -4.7150 0.7422
Car -1 -1 -7.8160 638.9653 179.6837 666.1940 204.8111 1.5978 1.7049 3.8637 2.8926 2.0800 48.9749 -7.7579 0.6879
Car -1 -1 -4.5368 489.8702 189.8635 524.6250 214.9798 1.4274 1.5636 3.5385 -6.4340 2.5357 45.2321 -4.6778 0.6603
Car -1 -1 -4.5395 492.2744 189.0723 528.2031 214.8832 1.4679 1.5708 4.1229 -6.3087 2.5428 45.7471 -4.6763 0.6512
Car -1 -1 -7.7574 638.5995 179.8737 669.8548 204.4825 1.5576 1.7338 4.1816 3.0207 2.0566 49.1243 -7.6968 0.6228
Car -1 -1 -7.8641 638.2619 178.9837 663.3192 205.2054 1.6786 1.6365 4.0904 2.7248 2.1143 49.2409 -7.8097 0.5957
Car -1 -1 -4.5728 502.2217 187.2345 534.6285 210.8273 1.5128 1.7211 4.0035 -6.4255 2.5638 50.7345 -4.6986 0.5238
Car -1 -1 -4.5628 487.6318 189.6879 523.0507 215.0060 1.4385 1.6625 3.7717 -6.5735 2.5415 45.4001 -4.7063 0.4614
Car -1 -1 -4.5001 504.5257 187.6366 539.6625 210.9765 1.4930 1.6448 4.0510 -6.1849 2.5784 50.8989 -4.6210 0.4580
Car -1 -1 -7.8016 422.3047 190.3230 452.2760 217.6852 1.5000 1.5852 3.7727 -10.5506 2.6158 44.1040 -8.0356 0.3562
Pedestrian -1 -1 -8.0174 788.2690 175.4830 804.9623 215.1071 1.6666 0.6090 0.5160 7.8851 1.7790 30.6679 -7.7686 0.2898
Car -1 -1 -7.7404 423.4654 189.5468 455.3528 216.6211 1.5014 1.5076 3.5105 -10.4216 2.5637 44.1019 -7.9716 0.2787
Pedestrian -1 -1 -8.1217 780.4932 175.5924 800.8878 215.5450 1.6794 0.7070 0.5947 7.6353 1.7967 30.6790 -7.8806 0.2713
Car -1 -1 -4.7561 422.5315 189.7325 450.9449 217.0987 1.5157 1.5384 3.2513 -10.6098 2.5844 43.9260 -4.9922 0.2698
Car -1 -1 -4.2168 505.0095 187.4599 551.6481 211.2849 1.5222 1.5466 4.0130 -5.7400 2.5955 50.8854 -4.3291 0.2690
Car -1 -1 -4.6354 423.6769 188.9822 454.8534 216.4684 1.5284 1.5977 3.2863 -10.3898 2.5488 43.9183 -4.8668 0.2478
Car -1 -1 -4.3361 499.7934 186.5021 541.8799 210.5536 1.5308 1.6835 3.6394 -6.1816 2.5161 50.1338 -4.4587 0.2457
Pedestrian -1 -1 -7.8496 788.9924 175.2217 805.6390 215.7365 1.6822 0.6720 0.7858 7.8676 1.7835 30.4781 -7.5999 0.2063
Car -1 -1 -4.9129 417.6877 190.2903 458.6192 218.6892 1.5215 1.6824 3.6550 -10.3470 2.6123 43.1389 -5.1475 0.1978
Car -1 -1 -4.9081 414.8578 189.5963 452.4386 217.5938 1.5392 1.6129 3.1914 -10.7187 2.5919 43.5920 -5.1483 0.1970
Car -1 -1 -8.0006 414.5697 190.2676 450.3702 217.9766 1.5138 1.6047 3.5618 -10.8515 2.6183 43.8245 -8.2425 0.1917
Car -1 -1 -7.8987 420.7121 190.6426 450.0708 217.7491 1.4813 1.5742 3.7238 -10.7328 2.6171 44.0736 -8.1367 0.1907
Car -1 -1 -4.2579 507.9850 186.9327 552.7076 211.1568 1.5511 1.5062 4.0597 -5.5970 2.5859 50.8831 -4.3674 0.1902
Car -1 -1 -7.6387 758.2918 171.2567 786.4539 188.8434 1.5177 1.6362 4.0317 14.5080 1.3796 64.4422 -7.4185 0.1654
Car -1 -1 -4.5732 759.1949 171.1955 783.0986 188.7152 1.5045 1.5910 3.5814 14.2757 1.3618 63.9197 -4.3547 0.1589
Car -1 -1 -4.1985 507.6057 186.8166 554.5661 210.7004 1.5286 1.6011 3.8366 -5.5278 2.5494 50.6881 -4.3071 0.1478
Car -1 -1 -7.7649 757.1412 168.8807 780.5276 187.9593 1.6482 1.6720 4.3708 14.2433 1.3047 64.6710 -7.5494 0.1396
Car -1 -1 -4.7341 697.3091 175.7682 728.5025 204.7156 1.5735 1.6830 4.4067 5.8993 1.7519 41.9666 -4.5959 0.1336
Car -1 -1 -4.5832 758.0809 171.1985 781.7205 188.8194 1.5219 1.5796 3.8824 14.2776 1.3786 64.4141 -4.3663 0.1217
Car -1 -1 -7.5471 758.5774 170.4337 791.6699 188.5452 1.5601 1.6825 4.2414 14.7492 1.3513 64.4084 -7.3232 0.1051
Pedestrian -1 -1 -7.8329 792.3944 174.9239 809.1293 216.1937 1.7301 0.6780 0.5733 8.0628 1.8188 30.6530 -7.5787 0.1017
Car -1 -1 -4.7434 758.1257 171.1635 777.8903 189.2671 1.5491 1.5804 3.7267 13.9027 1.4041 63.7160 -4.5298 0.0974
Car -1 -1 -4.4622 422.9779 189.1527 463.4888 216.5462 1.5180 1.5986 3.4076 -10.1016 2.5451 43.7570 -4.6883 0.0938
Car -1 -1 -4.1716 338.2332 191.0298 387.3507 214.5405 1.5281 1.5848 3.8806 -17.8387 2.8934 52.1501 -4.5001 0.0833
Car -1 -1 -4.6857 690.6050 176.9127 720.8481 205.7177 1.5632 1.6409 4.2981 5.5830 1.8121 42.0422 -4.5551 0.0739
Car -1 -1 -4.7297 700.7408 175.3215 732.7747 204.1784 1.5662 1.7426 4.5038 6.1125 1.7173 41.9062 -4.5864 0.0664
Car -1 -1 -4.5039 527.0409 187.9077 560.0179 210.4510 1.5331 1.6390 4.1619 -4.9699 2.7071 54.1210 -4.5956 0.0620
Car -1 -1 -4.2875 336.7137 191.2014 381.4112 214.5329 1.5209 1.5968 3.8713 -18.1205 2.8983 52.1812 -4.6206 0.0617
Car -1 -1 -4.0383 339.1494 191.3275 393.3516 214.8748 1.5223 1.6087 3.9229 -17.5680 2.9098 52.0883 -4.3624 0.0603
Car -1 -1 -4.4514 425.2543 188.5342 464.1356 216.2470 1.5494 1.4576 3.5260 -10.1037 2.5474 44.1519 -4.6756 0.0566
Car -1 -1 -4.6646 757.2629 171.2982 777.3621 188.8913 1.5192 1.5762 3.8543 14.0351 1.3846 64.3732 -4.4511 0.0557
Car -1 -1 -5.6970 390.6447 190.0517 457.6176 217.1926 1.5243 1.5614 3.6635 -11.2497 2.5941 43.5575 -5.9488 0.0515
Cyclist -1 -1 -6.8528 1119.7258 147.7036 1218.1958 229.3648 1.8009 0.6679 1.6663 12.5559 1.2460 16.3102 -6.2057 0.0484
Car -1 -1 -4.6856 424.5259 188.6713 455.5397 217.5255 1.5558 1.7022 3.7321 -10.1449 2.5441 43.0970 -4.9159 0.0426
Car -1 -1 -4.9502 434.5657 193.0585 481.7943 223.0127 1.3912 1.5715 3.9599 -8.1875 2.5286 38.5031 -5.1589 0.0402
Car -1 -1 -4.2800 330.7603 189.7676 377.8958 213.4750 1.5045 1.5983 3.9938 -17.9678 2.7433 50.7959 -4.6188 0.0392
Car -1 -1 -4.4036 515.3912 186.8089 554.8746 211.4869 1.5833 1.6072 4.0811 -5.2623 2.6093 50.8997 -4.5066 0.0367
Car -1 -1 -4.6775 694.6895 177.5762 725.5908 204.4608 1.4689 1.6619 4.0927 5.8798 1.7598 42.3381 -4.5409 0.0342
Car -1 -1 -4.2217 328.8346 189.1660 377.5078 213.1158 1.5427 1.6280 3.8624 -18.2220 2.7475 51.2759 -4.5619 0.0296
Car -1 -1 -4.4037 333.4985 192.3370 372.8289 215.3662 1.4961 1.5862 3.8195 -18.5157 2.9542 52.0796 -4.7441 0.0251
Car -1 -1 -4.3947 459.0172 189.4064 506.0037 218.2553 1.4418 1.5262 3.5910 -7.0709 2.4050 40.1124 -4.5686 0.0234
Car -1 -1 -5.9670 384.5978 190.8671 454.9877 217.0666 1.4910 1.5701 3.7736 -11.3887 2.5913 43.1907 -6.2238 0.0229
Car -1 -1 -3.9898 340.1355 191.4772 398.0745 215.5832 1.5497 1.6391 4.1323 -17.3412 2.9499 52.0402 -4.3104 0.0202
Car -1 -1 -4.3758 329.8074 191.0486 370.7750 214.1659 1.5011 1.6298 3.6815 -18.5534 2.8487 51.6067 -4.7197 0.0195
Pedestrian -1 -1 -6.4560 1149.3956 149.5021 1199.8856 232.1113 1.8016 0.6883 0.7804 12.6246 1.2920 16.2211 -5.8038 0.0193
Car -1 -1 -4.3819 455.0388 189.9258 500.9974 218.4521 1.4261 1.4766 3.4238 -7.3101 2.4157 40.0329 -4.5619 0.0190
Cyclist -1 -1 -7.1091 1125.7805 145.1383 1212.9098 227.7622 1.8404 0.6278 1.6590 12.7506 1.2228 16.5277 -6.4608 0.0183
Cyclist -1 -1 -3.5613 758.6136 170.2248 803.4886 214.7218 1.8607 0.6594 1.7379 7.2202 1.7504 30.6605 -3.3327 0.0180
Car -1 -1 -4.6031 334.3548 191.6663 364.4661 215.6876 1.5515 1.6116 4.0445 -18.8139 2.9667 52.1336 -4.9482 0.0178
Car -1 -1 -5.9599 393.6047 190.3382 455.3185 217.0410 1.5286 1.5206 3.2764 -11.1503 2.5995 43.3298 -6.2108 0.0170
Car -1 -1 -3.5593 750.8850 171.5551 801.7082 188.8376 1.4965 1.6318 4.0568 14.6364 1.3837 63.6693 -3.3347 0.0169
Car -1 -1 -4.1185 333.3240 189.5152 385.4463 213.3694 1.5379 1.6386 3.8473 -17.8523 2.7742 51.4808 -4.4511 0.0158
Car -1 -1 -4.8551 752.9203 171.1963 777.1857 188.9792 1.5341 1.5684 3.8621 13.7449 1.3908 64.2233 -4.6455 0.0138
Car -1 -1 -5.0291 437.6912 192.4572 490.6237 222.7900 1.4108 1.5891 4.0087 -7.8605 2.5132 38.4525 -5.2300 0.0128
Car -1 -1 -4.5922 694.7239 177.4416 730.6168 204.3170 1.4515 1.6471 3.4612 5.9041 1.7270 41.4955 -4.4523 0.0125
Car -1 -1 -4.5808 672.5009 178.8755 706.9294 205.7604 1.4811 1.5389 3.8677 4.7257 1.8547 42.7351 -4.4719 0.0122
Car -1 -1 -4.5493 698.2367 176.3009 736.8915 203.5229 1.4727 1.6447 3.5852 6.1873 1.6800 41.4893 -4.4028 0.0109
Cyclist -1 -1 -4.9893 784.4009 174.5656 807.0025 214.8070 1.6719 0.5633 1.4070 7.8597 1.7462 30.7494 -4.7420 0.0109
Car -1 -1 -4.2749 672.8677 178.5659 727.0550 205.2093 1.4536 1.5780 4.1045 5.3057 1.8064 42.4481 -4.1519 0.0101
Car -1 -1 -3.1473 752.8514 172.0806 801.9442 189.3351 1.4851 1.5220 4.1458 14.6403 1.4183 63.3001 -2.9214 0.0091
Pedestrian -1 -1 -6.4702 1131.1244 147.7345 1184.9316 236.3864 1.9367 0.7814 0.8291 12.3045 1.3876 16.2951 -5.8325 0.0089
Car -1 -1 -3.5888 339.6534 191.5504 402.1936 214.8751 1.5075 1.6300 3.9380 -17.1323 2.8978 51.7149 -3.9075 0.0083
Car -1 -1 -8.4012 675.0912 176.7258 738.4591 204.3373 1.4836 1.6433 4.2515 5.4834 1.7192 41.6839 -8.2718 0.0080
Car -1 -1 -4.5180 685.7441 177.8900 725.7040 204.3665 1.4556 1.6101 3.9661 5.6627 1.7677 42.6178 -4.3873 0.0079
Car -1 -1 -4.3555 700.0021 175.1911 748.8954 202.1359 1.4606 1.6035 3.6547 6.5774 1.6010 41.4432 -4.1996 0.0071
Cyclist -1 -1 -5.1704 780.9731 174.5047 806.7952 214.6479 1.6755 0.5264 1.3430 7.8174 1.7475 30.8865 -4.9254 0.0061
Cyclist -1 -1 -3.7223 766.8669 172.5725 808.9071 214.0068 1.7272 0.6794 1.6311 7.5170 1.7152 30.6718 -3.4847 0.0047
Car -1 -1 -4.9171 449.1106 191.9887 489.1896 222.5873 1.4449 1.4202 3.3793 -7.5309 2.5062 38.1976 -5.1110 0.0029
Car -1 -1 -3.3475 338.9098 192.0093 401.3669 214.7959 1.4793 1.6140 3.9762 -17.1014 2.8883 51.3898 -3.6676 0.0029
Car -1 -1 -4.3451 542.7474 183.0277 573.5241 202.5274 1.7990 1.7360 3.8920 -5.0800 2.8280 70.8882 -4.4168 0.0027
Car -1 -1 -4.5453 538.8647 184.5100 562.2277 203.1167 1.7108 1.6519 3.9924 -5.8365 2.8904 70.9809 -4.6275 0.0022
Car -1 -1 -6.5126 1194.3401 121.6664 1241.0000 240.2605 1.6523 1.5831 4.0299 12.1938 0.9388 11.7939 -5.7229 0.0018
Car -1 -1 -4.8518 689.9714 180.4667 724.9212 204.0620 1.4778 1.7614 4.1386 6.4820 2.0122 48.6062 -4.7205 0.0016
Cyclist -1 -1 -3.3472 776.5905 173.5122 812.7924 213.6401 1.6877 0.6191 1.3931 7.8050 1.7157 30.6945 -3.1011 0.0014
Pedestrian -1 -1 -6.0093 439.4753 171.5993 444.3359 202.4659 2.0805 0.4498 0.2068 -11.4150 1.9956 48.8628 -6.2380 0.0013
Pedestrian -1 -1 -6.4396 887.2465 162.1920 906.8129 220.7705 1.7471 0.6318 0.4540 8.6492 1.4288 21.8774 -6.0682 0.0002
