Car -1 -1 -4.3320 216.1817 189.4997 273.3211 220.8226 1.6704 1.6018 4.1304 -21.6492 2.7079 42.8625 -4.7975 0.1159
Car -1 -1 -4.4863 219.7808 189.4569 269.0941 220.2394 1.6506 1.7410 4.1822 -21.9186 2.6992 43.3429 -4.9524 0.1022
Car -1 -1 -4.5893 218.1168 188.1425 262.0918 220.3645 1.7269 1.8071 4.4746 -22.1955 2.6966 43.3694 -5.0602 0.0723
Car -1 -1 -5.4705 77.9202 190.2959 197.3189 230.4811 1.4693 1.6311 4.0779 -18.8446 2.1949 28.7559 -6.0466 0.0687
Car -1 -1 -4.0832 48.0921 190.4889 182.6994 237.8358 1.4893 1.8058 4.4509 -18.0994 2.1952 26.6348 -4.6757 0.0656
Car -1 -1 -4.0456 48.3161 192.9026 176.5228 239.0647 1.4191 1.6613 4.0248 -17.8319 2.1998 26.0419 -4.6415 0.0574
Car -1 -1 -4.0453 66.5487 192.4692 193.1884 237.0350 1.4158 1.6926 4.2021 -17.8330 2.2083 26.9969 -4.6247 0.0471
Car -1 -1 -4.5545 211.8943 189.3725 258.5499 220.6645 1.6709 1.8179 4.3486 -22.4810 2.7171 43.3589 -5.0307 0.0460
Car -1 -1 -3.8613 57.1985 190.7066 194.4921 237.0756 1.4912 1.7339 4.1784 -18.1113 2.2189 27.1765 -4.4448 0.0445
Car -1 -1 -5.3624 188.0314 191.8276 256.9008 221.4954 1.5895 1.6149 3.7304 -22.6503 2.7360 42.1002 -5.8537 0.0396
Car -1 -1 -3.9497 77.1440 189.6803 200.1514 232.7219 1.4191 1.6143 3.9874 -17.8894 2.1105 27.5509 -4.5214 0.0345
Car -1 -1 -4.5101 133.6150 188.1065 205.1526 228.7883 1.4555 1.6811 4.2750 -18.1467 2.1343 29.8308 -5.0529 0.0312
Car -1 -1 -4.8519 636.8151 182.2179 673.1055 209.7113 1.4934 1.5938 3.9318 2.5702 2.0721 42.5933 -4.7926 0.0260
Car -1 -1 -4.3423 121.9368 188.9646 206.5099 229.8799 1.4413 1.6063 3.8230 -17.8632 2.1344 29.0335 -4.8900 0.0258
Car -1 -1 -4.0652 77.6841 191.6732 197.2933 236.1474 1.4352 1.6192 4.0783 -17.6615 2.1976 27.1497 -4.6377 0.0257
Car -1 -1 -2.5756 205.7805 186.1164 275.4320 210.0229 1.5350 1.6396 3.8919 -24.8008 2.4435 48.4393 -3.0469 0.0231
Car -1 -1 -5.1119 201.9434 190.2472 265.1861 221.5519 1.6806 1.8245 4.2990 -22.5581 2.7696 43.1138 -5.5917 0.0214
Car -1 -1 -4.5027 213.7393 190.0195 260.5357 221.0055 1.6339 1.6636 3.9039 -21.9186 2.6942 42.4771 -4.9768 0.0213
Car -1 -1 -4.4354 219.1815 186.7094 275.0089 219.1577 1.7664 1.8477 4.5143 -21.9264 2.6513 43.7079 -4.8983 0.0213
Car -1 -1 -4.3321 213.3806 190.5824 270.0430 220.0812 1.5523 1.6275 3.9004 -21.6014 2.6434 42.4047 -4.8010 0.0205
Car -1 -1 -4.4101 217.9748 189.8995 268.0152 218.0647 1.4774 1.6072 3.5490 -21.3391 2.5140 42.0096 -4.8779 0.0193
Car -1 -1 -2.8678 564.1589 183.0312 642.1425 209.9529 1.4691 1.8421 4.1863 -0.4156 2.0798 41.8911 -2.8782 0.0189
Car -1 -1 -4.8555 211.2572 189.7734 256.8642 221.8667 1.7057 1.8221 4.2746 -22.4815 2.7670 43.0066 -5.3349 0.0180
Car -1 -1 -2.4619 205.3101 184.5497 276.2290 209.2254 1.5829 1.6842 4.1235 -24.9455 2.3927 48.7224 -2.9332 0.0170
Car -1 -1 -4.3096 220.7336 188.7009 278.4430 221.4851 1.7681 1.5781 4.1383 -21.4624 2.7599 43.0645 -4.7698 0.0164
Car -1 -1 -5.3241 192.0626 191.3654 259.1767 221.7398 1.6377 1.6524 3.7119 -22.6320 2.7659 42.4062 -5.8120 0.0151
Cyclist -1 -1 -7.3522 29.3817 181.7753 62.3446 219.8678 1.6807 0.3956 1.7517 -25.9402 2.1013 33.1504 -8.0124 0.0143
Car -1 -1 -4.7482 212.9204 190.4639 245.7999 221.3006 1.6127 1.5646 3.8867 -22.3182 2.6926 42.1811 -5.2326 0.0136
Car -1 -1 -7.5176 257.4754 179.0392 372.9158 244.5589 1.7573 1.8643 4.4764 -8.8789 1.9656 22.0577 -7.8966 0.0128
Car -1 -1 -4.3254 215.6304 186.7567 280.1849 220.8436 1.8412 1.7893 4.7830 -21.7179 2.7248 43.4245 -4.7871 0.0126
Car -1 -1 -4.7204 220.4724 189.0307 254.6907 221.4092 1.7298 1.7353 4.0998 -22.2278 2.7429 42.9822 -5.1955 0.0117
Pedestrian -1 -1 -3.1025 745.7923 182.1010 763.1962 237.3925 1.7647 0.5446 0.5370 4.6535 2.0692 23.4641 -2.9100 0.0109
Car -1 -1 -5.2564 195.3194 191.1318 263.8540 221.9521 1.6567 1.7327 4.0747 -22.5678 2.7838 42.7084 -5.7403 0.0107
Car -1 -1 -4.3690 137.2725 189.4264 217.3696 227.6078 1.3731 1.5677 4.0310 -17.8700 2.1090 29.9239 -4.9037 0.0101
Car -1 -1 -4.4092 209.9976 189.0217 262.8152 219.2558 1.5926 1.7568 3.4787 -21.6454 2.5722 41.8658 -4.8840 0.0099
Car -1 -1 -4.9259 634.0814 181.5667 672.7069 207.3249 1.3742 1.4246 3.9482 2.4371 1.9053 41.9485 -4.8688 0.0097
Car -1 -1 -4.1543 70.4823 193.1720 183.8191 237.1740 1.3964 1.7059 3.7941 -17.6872 2.1988 26.5869 -4.7369 0.0096
Car -1 -1 -2.3965 204.9178 188.2715 290.7460 220.0717 1.7772 1.6589 4.7207 -21.7041 2.7307 43.1860 -2.8600 0.0094
Car -1 -1 -4.6874 282.3706 186.7499 336.7431 232.6200 1.4045 1.6507 4.0539 -10.6348 1.9394 25.6060 -5.0778 0.0091
Car -1 -1 -4.4160 453.9296 182.5610 494.1754 205.9132 1.5407 1.6500 4.2921 -9.7107 2.2656 51.6792 -4.6013 0.0090
Car -1 -1 -4.9057 205.5556 189.9342 253.2254 221.6077 1.6741 1.7184 4.2117 -22.5784 2.7353 42.6654 -5.3902 0.0088
Car -1 -1 -2.8979 563.7253 182.9130 639.5166 209.3826 1.4394 1.7603 4.0619 -0.4989 2.0369 41.5622 -2.9104 0.0088
Car -1 -1 -5.2792 203.6594 187.8252 279.5460 221.3653 1.8274 1.8919 4.5409 -22.0277 2.7609 43.0379 -5.7501 0.0087
Car -1 -1 -4.6016 213.3178 190.0307 251.7243 221.3660 1.6405 1.5754 3.6786 -21.9382 2.6868 41.9660 -5.0810 0.0086
Car -1 -1 -4.8069 613.2242 183.3633 645.6789 209.7762 1.4332 1.5604 3.7010 1.0710 2.0806 42.5654 -4.7825 0.0085
Car -1 -1 -4.8711 635.3999 181.8913 670.4227 209.0734 1.4826 1.4812 3.7173 2.4519 2.0395 42.5591 -4.8146 0.0078
Pedestrian -1 -1 -3.3170 753.3135 183.6330 772.4031 241.5664 1.8530 0.5306 0.5197 4.9169 2.2071 23.4523 -3.1138 0.0077
Car -1 -1 -4.6636 283.4078 184.1014 338.2781 230.1230 1.4930 1.6625 4.1093 -11.0334 1.9435 26.7039 -5.0523 0.0076
Pedestrian -1 -1 -5.0851 783.3645 183.9858 808.4080 233.7304 1.6632 0.6095 0.7123 6.3087 2.0499 24.6921 -4.8387 0.0075
Car -1 -1 -4.7647 215.9144 189.4135 250.9012 221.2948 1.6898 1.6261 4.0294 -22.3153 2.7171 42.6247 -5.2448 0.0074
Car -1 -1 -5.5696 192.9608 190.1370 274.4193 221.5242 1.7469 1.7084 4.2095 -22.4076 2.8066 42.9325 -6.0484 0.0068
Car -1 -1 -4.6334 288.2308 185.6019 347.5851 232.0213 1.4747 1.6737 4.1292 -10.6263 1.9793 26.3612 -5.0135 0.0068
Car -1 -1 -4.6364 284.9876 186.9790 346.2159 232.2789 1.3602 1.6628 3.9954 -10.2231 1.8947 25.1652 -5.0190 0.0065
Car -1 -1 -4.3917 275.7726 186.6043 366.4870 234.5360 1.4239 1.6719 4.0505 -9.8011 1.9335 24.6882 -4.7663 0.0061
Car -1 -1 -4.8166 615.9590 183.5258 647.4699 209.0403 1.3934 1.5121 3.2963 1.2090 2.0472 42.5277 -4.7890 0.0055
Pedestrian -1 -1 -7.8551 793.5102 181.3615 810.5160 230.1215 1.6368 0.5561 0.6201 6.5281 1.9323 24.7196 -7.6006 0.0055
Car -1 -1 -4.2541 133.6141 189.0595 221.7528 228.6384 1.4262 1.5677 3.7902 -17.6272 2.1332 29.5448 -4.7883 0.0052
Cyclist -1 -1 -8.3035 774.8186 183.1306 811.2188 234.5147 1.6898 0.5399 1.6686 6.2623 2.0573 24.9494 -8.0613 0.0049
Car -1 -1 -4.6664 293.0058 185.1877 350.0339 232.2611 1.4482 1.6740 4.0919 -10.1792 1.9226 25.5615 -5.0422 0.0047
Pedestrian -1 -1 -6.3955 669.7192 178.6459 687.9474 225.5438 1.6216 0.5973 0.5712 2.3659 1.8270 25.3282 -6.3042 0.0044
Car -1 -1 -4.3621 288.4049 183.1179 373.6910 229.0083 1.5081 1.6434 4.0148 -10.2230 1.9153 26.6326 -4.7256 0.0041
Car -1 -1 -4.6306 291.6011 182.7209 348.0138 227.7591 1.5199 1.6555 4.0216 -11.0063 1.9248 27.4638 -5.0088 0.0039
Car -1 -1 -4.4615 289.3280 184.1573 364.3084 228.8249 1.4835 1.6579 4.0440 -10.5858 1.9413 27.1348 -4.8306 0.0039
Car -1 -1 -4.4430 458.5750 183.6068 497.6078 208.0178 1.6034 1.6500 4.3361 -9.4065 2.4053 51.5940 -4.6229 0.0036
Cyclist -1 -1 -2.8095 730.1680 181.0628 778.8079 236.5888 1.7412 0.5797 1.4377 4.6377 2.0142 23.4171 -2.6173 0.0036
Cyclist -1 -1 -5.1413 736.6056 182.0039 772.6548 238.1102 1.7288 0.5312 1.5665 4.6101 2.0347 23.3252 -4.9495 0.0034
Car -1 -1 -4.0916 287.3841 181.8429 390.1827 227.3956 1.5466 1.6481 3.9784 -10.2524 1.9153 27.4772 -4.4460 0.0034
Pedestrian -1 -1 -3.3630 664.7115 173.9073 689.7659 227.6228 1.8463 0.6063 0.7533 2.2938 1.8832 25.1640 -3.2739 0.0032
Car -1 -1 -4.5121 293.2798 183.8145 368.4678 231.0619 1.4606 1.6746 4.1067 -9.7871 1.8800 25.4702 -4.8759 0.0031
Car -1 -1 -4.8844 517.7687 186.1118 542.8127 205.2619 1.6550 1.6395 4.1724 -7.5283 2.9393 67.6798 -4.9953 0.0031
Car -1 -1 -3.4560 0.0000 0.0000 1241.0000 374.0000 1.5662 1.5999 3.7888 -5.4579 1.6759 1.8047 -4.6615 0.0030
Car -1 -1 -3.4367 0.0000 0.0000 1241.0000 374.0000 1.5802 1.6093 3.8206 -5.8472 1.7141 1.8214 -4.6620 0.0030
Car -1 -1 -6.5381 0.0000 0.0000 1241.0000 374.0000 1.5490 1.5852 3.6289 -4.6121 1.6589 1.3338 -7.7716 0.0030
Car -1 -1 -6.5696 0.0000 0.0000 1241.0000 374.0000 1.5414 1.5835 3.6240 -4.1985 1.6552 1.3422 -7.7710 0.0030
Car -1 -1 -3.4771 0.0000 0.0000 1241.0000 374.0000 1.5701 1.5997 3.7806 -5.0469 1.6665 1.7679 -4.6619 0.0030
Car -1 -1 -4.5148 520.4329 187.2761 547.0156 206.2516 1.6387 1.6998 4.1608 -7.1441 3.0352 67.7308 -4.6200 0.0028
Car -1 -1 -4.6777 522.8746 187.0354 542.4641 205.9268 1.6259 1.6798 4.1989 -7.2248 2.9944 67.4884 -4.7844 0.0026
Car -1 -1 -3.4234 640.7104 180.7270 724.7795 214.6411 1.6310 1.5989 3.9255 3.6029 2.0401 36.3782 -3.3261 0.0023
Car -1 -1 -4.2832 302.4626 181.1935 388.4325 224.2731 1.5180 1.6576 3.9430 -10.2879 1.8676 28.2449 -4.6299 0.0023
Car -1 -1 -6.3757 644.8887 182.2878 724.1418 211.6246 1.4184 1.4353 3.8217 3.6465 1.8995 36.0864 -6.2764 0.0022
Car -1 -1 -4.3328 139.6566 189.9901 224.8893 228.8652 1.3968 1.5749 4.2647 -17.7637 2.1646 30.1136 -4.8622 0.0018
Car -1 -1 -5.1104 648.4636 179.9687 679.0209 197.4035 1.6304 1.6488 3.8258 5.2549 2.3530 71.2422 -5.0375 0.0013
Car -1 -1 -6.8020 251.4048 180.9960 320.6227 208.6786 1.6850 1.6332 3.8172 -21.1450 2.2393 47.1299 -7.2219 0.0011
Car -1 -1 -7.0752 249.6905 179.3345 315.1075 207.8600 1.7469 1.7069 3.8173 -21.4053 2.1894 47.2207 -7.4990 0.0010
Car -1 -1 -4.9608 246.3760 180.2164 291.4220 211.0456 1.8733 1.6038 4.5109 -22.3710 2.3773 47.1700 -5.4017 0.0010
Car -1 -1 -7.6635 254.7249 177.2082 294.8322 207.6330 1.9084 1.6860 4.0116 -22.2843 2.2109 48.0230 -8.0961 0.0008
Car -1 -1 -7.0540 251.5893 179.3550 320.4784 206.6978 1.6841 1.6597 4.1834 -21.3995 2.1344 47.7612 -7.4734 0.0008
Car -1 -1 -6.5019 254.6694 184.1988 321.7440 208.7616 1.5491 1.5372 3.9159 -21.8302 2.3462 48.9330 -6.9198 0.0008
Pedestrian -1 -1 -3.1298 155.9281 189.7776 172.2767 242.5318 1.4456 0.5754 0.3834 -12.6146 1.9304 20.3383 -3.6794 0.0008
Car -1 -1 -4.7927 254.8404 180.0111 287.9470 212.0425 1.9351 1.6079 4.3046 -22.0629 2.4222 46.8706 -5.2308 0.0008
Car -1 -1 -6.4441 662.4034 184.3831 781.3331 231.0353 1.6219 1.5051 4.0811 3.9640 2.0535 26.2500 -6.2967 0.0007
Cyclist -1 -1 -7.5807 148.5860 184.1955 184.3159 244.1398 1.6141 0.4394 1.6300 -12.6869 1.9507 20.5916 -8.1274 0.0007
Car -1 -1 -4.0992 36.9234 183.5931 112.6156 214.8598 1.6112 1.6641 3.5061 -29.7408 2.2351 40.1676 -4.7336 0.0007
Car -1 -1 -7.7984 250.9892 178.4388 283.4522 208.9366 1.9024 1.7311 3.7954 -22.7204 2.2886 47.8549 -8.2398 0.0006
Pedestrian -1 -1 -6.2673 151.8530 182.6985 159.6432 210.4139 1.6032 0.5502 0.3771 -26.6697 2.1847 42.3075 -6.8271 0.0006
Car -1 -1 -4.1175 29.4069 182.2309 111.5269 214.4896 1.6520 1.6547 4.0829 -30.0038 2.2016 40.2328 -4.7552 0.0006
Pedestrian -1 -1 -2.8638 143.9124 181.0997 174.9097 251.8008 1.9719 0.6703 0.5886 -12.9182 2.2118 20.6206 -3.4180 0.0005
Pedestrian -1 -1 -7.1441 400.4504 179.8840 412.4877 203.0923 1.9716 0.7195 0.6914 -17.5238 2.5803 62.0424 -7.4186 0.0005
Car -1 -1 -7.3609 249.2155 178.1892 308.4403 209.0667 1.9074 1.7150 4.2859 -21.7605 2.2747 47.5245 -7.7884 0.0004
Pedestrian -1 -1 -3.0715 157.2811 187.7656 176.0790 244.0245 1.5583 0.5867 0.4139 -12.6586 1.9896 20.5296 -3.6186 0.0004
