Car -1 -1 -7.5068 232.0594 186.2229 451.5674 317.7580 1.5232 1.6763 3.7696 -3.5639 1.5404 10.2552 -7.8336 0.9999
Car -1 -1 -7.6982 464.2539 184.7182 536.8956 234.6571 1.4215 1.6123 4.1978 -3.3052 1.4075 22.5706 -7.8423 0.9997
Car -1 -1 -7.8648 583.5834 178.8218 622.8810 214.1936 1.5609 1.7352 3.6706 -0.2731 1.2789 33.5736 -7.8733 0.9962
Car -1 -1 -7.5931 363.9587 186.1021 438.9221 226.2116 1.3359 1.6253 3.9793 -7.4095 1.3706 26.0313 -7.8680 0.9945
Car -1 -1 -7.3055 196.8617 187.0585 353.1382 258.7488 1.4409 1.5491 3.6378 -7.4787 1.4881 16.4483 -7.7264 0.9879
Car -1 -1 -4.1818 73.6011 185.7289 228.4135 247.0570 1.3926 1.5852 3.8073 -11.4550 1.4072 18.2773 -4.7353 0.9716
Car -1 -1 -7.6741 431.5135 181.0126 480.0074 211.4785 1.4487 1.6956 4.0116 -7.6229 1.2490 36.2114 -7.8805 0.9677
Car -1 -1 -7.1917 0.0000 178.6635 188.0603 333.3763 1.6213 1.6227 4.2295 -7.7330 1.5528 9.6480 -7.8539 0.9634
Car -1 -1 -7.3021 76.9382 186.0382 238.3767 247.6781 1.4130 1.5723 4.1394 -11.4680 1.4368 18.6084 -7.8482 0.9572
Car -1 -1 -2.6408 286.4989 183.5050 376.2634 214.2034 1.4461 1.5008 3.8130 -13.4095 1.3656 34.8640 -3.0057 0.9199
Car -1 -1 -7.3454 196.3618 187.0112 351.4419 258.5840 1.4400 1.5643 3.7631 -7.5195 1.4862 16.5026 -7.7671 0.8982
Car -1 -1 -7.8547 583.3821 178.9499 621.5222 214.2340 1.5567 1.6831 3.8018 -0.2906 1.2804 33.6238 -7.8637 0.8768
Car -1 -1 -7.6172 364.9280 186.1828 435.8453 226.2568 1.3373 1.5972 3.8544 -7.4580 1.3751 26.0401 -7.8938 0.8228
Car -1 -1 -7.1990 0.0000 180.6604 189.1591 329.9337 1.6065 1.6048 4.0289 -7.7069 1.5577 9.7515 -7.8546 0.8099
Car -1 -1 -7.2550 198.7754 186.4561 362.7510 260.3204 1.4810 1.5964 3.6680 -7.3344 1.5129 16.4285 -7.6691 0.7924
Car -1 -1 -7.4543 204.2847 184.1303 296.4262 230.5901 1.4847 1.5165 3.7037 -12.2840 1.4502 24.8634 -7.9092 0.7883
Car -1 -1 -7.8535 584.5751 178.7354 623.2150 213.8643 1.5507 1.7060 3.6702 -0.2205 1.2648 33.5741 -7.8605 0.7220
Car -1 -1 -2.6229 284.0472 182.2096 378.4691 212.6997 1.4365 1.5586 4.0460 -13.4478 1.2950 34.9482 -2.9879 0.7107
Car -1 -1 -7.4669 330.0302 181.8827 391.5988 212.1383 1.4277 1.6017 3.7456 -12.2684 1.2706 35.8390 -7.7948 0.7053
Car -1 -1 -7.6746 432.0799 181.0986 479.3283 211.2548 1.4328 1.6642 3.8066 -7.6030 1.2373 36.0789 -7.8812 0.6922
Car -1 -1 -7.3608 75.9202 185.8785 233.0026 248.1294 1.4236 1.6487 4.1157 -11.5386 1.4429 18.5854 -7.9102 0.6716
Car -1 -1 -4.2860 197.6661 183.5519 286.4892 228.5101 1.4073 1.4216 3.2757 -12.2343 1.3554 24.1654 -4.7505 0.6657
Car -1 -1 -4.5040 365.6847 183.9758 433.5017 225.9734 1.3928 1.5600 3.8807 -7.4288 1.3519 25.8303 -4.7817 0.6597
Car -1 -1 -7.3132 79.8765 186.3932 244.9247 247.6847 1.4169 1.6368 4.3614 -11.4962 1.4515 18.8823 -7.8540 0.6451
Car -1 -1 -7.3758 76.3953 186.7193 240.3125 248.9808 1.4249 1.7113 4.5398 -11.5903 1.4695 18.8856 -7.9201 0.5858
Car -1 -1 -2.7248 296.8724 182.7085 380.8800 212.9453 1.4259 1.5503 3.4779 -13.0055 1.3078 34.7788 -3.0805 0.4723
Car -1 -1 -4.2618 191.3069 184.1905 288.3755 230.3816 1.4430 1.4841 3.5960 -12.3413 1.4111 24.2657 -4.7282 0.4715
Car -1 -1 -2.2637 434.1708 177.5571 495.4890 202.4436 1.5131 1.6568 3.9744 -9.1200 1.0476 45.6012 -2.4603 0.4580
Car -1 -1 -2.6245 294.8553 183.1302 379.5846 213.6606 1.4416 1.5735 3.5487 -13.1790 1.3433 35.0013 -2.9824 0.4453
Car -1 -1 -2.7444 281.2650 182.1689 375.6003 212.9041 1.4482 1.5289 3.9620 -13.4701 1.3048 34.6929 -3.1124 0.4415
Car -1 -1 -4.2614 197.4457 185.0431 292.3884 230.3516 1.4127 1.4399 3.5381 -12.1368 1.4075 24.1902 -4.7223 0.4204
Car -1 -1 -7.5216 328.3742 182.0347 386.0766 212.0349 1.4164 1.5891 3.6908 -12.4321 1.2663 35.7837 -7.8540 0.4034
Car -1 -1 -8.2308 448.0868 178.6784 493.1297 203.4025 1.5020 1.5972 3.5844 -8.7633 1.1050 45.6106 -8.4199 0.3766
Car -1 -1 -7.4101 330.1560 181.7804 395.1050 212.4878 1.4463 1.5825 3.7943 -12.1737 1.2847 35.8351 -7.7356 0.3570
Car -1 -1 -2.3655 429.9908 178.2180 493.2169 202.5274 1.4761 1.6596 3.8524 -9.2723 1.0514 45.3947 -2.5662 0.3544
Car -1 -1 -8.2973 441.9556 178.1295 491.0113 202.4178 1.4705 1.6089 3.7056 -9.0016 1.0416 45.4887 -8.4919 0.2848
Car -1 -1 -4.2860 177.3222 182.0869 283.0729 231.6371 1.4820 1.5269 3.9999 -12.2567 1.3886 23.5361 -4.7617 0.2734
Car -1 -1 -8.1383 439.9762 178.0447 482.0727 202.7476 1.4897 1.6253 3.7055 -9.3248 1.0574 45.3679 -8.3402 0.1979
Car -1 -1 -8.2742 432.4855 178.5103 481.3092 203.0482 1.4735 1.6133 3.7397 -9.5393 1.0710 45.1550 -8.4815 0.1778
Car -1 -1 -2.4692 426.3929 178.4152 490.0326 202.5491 1.4651 1.6256 3.7134 -9.4357 1.0524 45.2005 -2.6742 0.1550
Car -1 -1 -3.9892 0.0000 178.0118 64.8257 245.8498 1.5331 1.5619 3.6112 -15.8441 1.3704 18.0591 -4.7022 0.1219
Car -1 -1 -4.4664 490.5425 178.3894 538.8605 208.5356 1.4938 1.6194 3.8431 -4.8430 1.1557 37.6233 -4.5939 0.1165
Car -1 -1 -2.7165 412.0276 177.9556 488.0293 203.0516 1.5290 1.6992 4.3417 -9.8989 1.0868 45.0797 -2.9318 0.1160
Car -1 -1 -5.8151 313.5614 183.8825 402.8406 213.7252 1.3999 1.5735 3.7755 -12.0695 1.3376 34.7572 -6.1473 0.1145
Car -1 -1 -4.1155 0.0000 180.9218 72.2182 242.4251 1.4197 1.4147 3.5336 -15.6610 1.3208 18.4230 -4.8130 0.1135
Car -1 -1 -8.0449 483.5848 180.2633 529.0004 209.7727 1.4503 1.6135 3.9592 -5.3725 1.2071 37.4644 -8.1867 0.1119
Car -1 -1 -4.6815 489.5275 176.4155 511.6490 197.9203 1.5816 1.5483 4.1519 -8.1897 0.9346 55.0225 -4.8290 0.0866
Car -1 -1 -4.5665 497.7921 178.4143 538.8176 208.6357 1.4976 1.5766 3.9097 -4.6565 1.1607 37.5947 -4.6892 0.0841
Car -1 -1 -4.0482 0.0000 179.5754 62.0746 246.6241 1.4945 1.5262 3.6145 -15.6818 1.3689 17.8655 -4.7613 0.0705
Car -1 -1 -8.0346 489.6477 180.3669 531.3053 209.9579 1.4543 1.5069 3.6280 -5.1229 1.2161 37.2868 -8.1706 0.0665
Car -1 -1 -4.6345 628.5909 178.9897 652.9127 199.2781 1.5487 1.6179 4.0882 2.6306 1.0736 57.0023 -4.5890 0.0612
Car -1 -1 -4.8374 483.1122 176.5197 510.3124 198.0794 1.5811 1.5391 4.1897 -8.5417 0.9435 54.9450 -4.9913 0.0610
Car -1 -1 -4.5437 489.6136 176.6688 518.7388 198.2431 1.5892 1.5305 4.1663 -7.9112 0.9598 55.0559 -4.6861 0.0521
Car -1 -1 -2.3014 420.0829 178.3364 485.5291 203.3891 1.4979 1.7007 4.0842 -9.7228 1.0868 44.8689 -2.5139 0.0516
Car -1 -1 -4.0224 0.0000 176.8855 82.6631 239.0554 1.4779 1.4511 3.4743 -15.7921 1.2800 18.8265 -4.7135 0.0516
Car -1 -1 -4.5063 629.6287 179.0011 659.5748 199.2290 1.5419 1.5850 4.0146 2.9362 1.0684 56.9392 -4.4555 0.0511
Car -1 -1 -4.8311 623.9026 178.7339 649.6402 198.7759 1.5300 1.5864 3.7943 2.2426 1.0353 56.8308 -4.7923 0.0446
Car -1 -1 -2.7925 410.6812 177.9651 486.5700 203.2888 1.5374 1.7044 4.2912 -9.9091 1.0974 44.7705 -3.0094 0.0406
Car -1 -1 -2.4563 412.9193 178.2683 482.6574 203.5606 1.5069 1.6516 4.0908 -9.9367 1.0931 44.4862 -2.6752 0.0361
Car -1 -1 -4.9462 669.7918 177.5625 703.2376 199.5344 1.5899 1.5910 4.0806 5.8662 1.0362 54.1404 -4.8393 0.0360
Car -1 -1 -3.7909 0.0000 173.9661 71.4525 245.8320 1.6073 1.6691 3.7588 -15.9875 1.3559 18.0875 -4.5075 0.0349
Car -1 -1 -4.6472 489.1505 181.3192 513.0234 201.7847 1.4714 1.4996 4.1932 -7.9735 1.1914 53.8338 -4.7940 0.0337
Car -1 -1 -5.0711 614.1971 177.9955 651.2919 198.5985 1.5704 1.6347 3.9829 1.9189 1.0202 56.9420 -5.0380 0.0306
Car -1 -1 -4.4913 472.4044 179.5421 523.2057 210.3124 1.5213 1.7042 4.4485 -5.7417 1.2409 37.8189 -4.6413 0.0295
Car -1 -1 -3.2181 405.3398 178.7421 481.2838 204.7067 1.5377 1.7167 4.4178 -10.1134 1.1544 44.0468 -3.4429 0.0261
Car -1 -1 -2.6127 463.7287 181.6789 547.7531 210.6494 1.4233 1.6327 3.9818 -5.2602 1.2497 36.8260 -2.7540 0.0254
Car -1 -1 -3.9744 418.7942 179.4807 487.6565 204.4345 1.4497 1.6701 4.2912 -9.4261 1.1166 44.0351 -4.1844 0.0219
Car -1 -1 -2.5534 459.2537 180.7465 548.6129 210.4915 1.4632 1.6241 4.3929 -5.3965 1.2435 37.0382 -2.6975 0.0200
Car -1 -1 -4.1603 475.0678 180.0719 547.5115 209.5922 1.4625 1.6042 4.6374 -5.0504 1.2079 38.0588 -4.2917 0.0135
Car -1 -1 -4.1637 472.8224 178.7967 542.1406 208.2809 1.4572 1.6325 4.2468 -5.2284 1.1401 37.8014 -4.3005 0.0131
Pedestrian -1 -1 -7.9487 304.8366 174.0086 319.6218 207.2137 1.7549 0.6779 0.5976 -15.8262 1.1628 38.4135 -8.3373 0.0121
Car -1 -1 -3.4627 403.0080 177.8074 482.2729 203.4939 1.4946 1.6894 4.3869 -10.0408 1.0637 43.6883 -3.6876 0.0119
Pedestrian -1 -1 -4.3197 844.3758 181.3288 876.9166 251.9637 1.4746 0.5009 0.5119 5.3546 1.3936 15.3643 -3.9905 0.0116
Cyclist -1 -1 -2.4263 494.5417 175.2753 530.0993 211.7771 1.8028 0.7408 1.7126 -4.8559 1.3120 36.2847 -2.5588 0.0112
Car -1 -1 -2.5093 0.0000 174.2258 51.4214 237.4261 1.5391 1.7089 3.8822 -17.0653 1.2716 18.5575 -3.2458 0.0102
Car -1 -1 -2.9893 407.3970 178.3468 482.9242 203.9174 1.5443 1.7217 4.3413 -10.0229 1.1296 44.4215 -3.2103 0.0096
Car -1 -1 -4.6002 389.7775 181.3938 422.0475 206.7294 1.4779 1.5020 3.5606 -12.2876 1.2551 43.8093 -4.8724 0.0070
Car -1 -1 -3.4246 412.5790 178.6886 487.1333 203.3731 1.4537 1.6193 4.1763 -9.6884 1.0695 44.0451 -3.6402 0.0070
Car -1 -1 -3.9709 464.2354 178.8197 548.3918 209.4019 1.5081 1.5900 4.7583 -5.2877 1.1928 37.8590 -4.1091 0.0066
Pedestrian -1 -1 -4.4741 837.3333 184.0644 865.4255 261.7204 1.6255 0.4646 0.5156 5.1662 1.6016 15.3890 -4.1562 0.0065
Car -1 -1 -4.4519 383.4188 180.7131 422.6393 206.8600 1.5376 1.5158 3.2517 -12.4895 1.2730 43.9104 -4.7277 0.0055
Car -1 -1 -4.5743 524.7189 181.5378 562.2956 208.4364 1.3478 1.4897 3.6080 -3.3710 1.1637 37.8586 -4.6629 0.0054
Car -1 -1 -4.5424 392.7891 179.2737 432.7534 206.5505 1.5834 1.7453 3.6541 -11.8105 1.2386 43.6300 -4.8056 0.0050
Car -1 -1 -4.3206 375.6147 176.7899 424.4558 205.1140 1.6653 1.6835 3.4538 -12.7093 1.1701 44.0747 -4.6001 0.0049
Car -1 -1 -4.6541 391.5146 182.1240 419.9869 206.6508 1.4375 1.4753 3.4753 -12.3521 1.2564 43.9849 -4.9267 0.0044
Cyclist -1 -1 -2.6360 493.5751 173.9951 529.7151 212.2110 1.8786 0.7386 1.6404 -4.8443 1.3272 35.9796 -2.7693 0.0044
Car -1 -1 -3.9267 413.1115 174.4498 484.1483 200.9262 1.5046 1.6532 4.2218 -9.4985 0.8929 43.0742 -4.1428 0.0041
Car -1 -1 -3.7581 412.7835 176.5946 486.6952 202.4802 1.4871 1.6270 4.1876 -9.5160 0.9920 43.3916 -3.9730 0.0038
Car -1 -1 -4.8907 275.7652 178.6501 301.1746 194.3277 1.4984 1.6183 3.9168 -31.4669 0.8711 70.7824 -5.3080 0.0035
Car -1 -1 -4.1171 281.8688 178.9566 319.5779 194.7436 1.5187 1.6231 3.7217 -30.3462 0.9167 71.1349 -4.5193 0.0034
Car -1 -1 -4.4642 381.2656 177.1523 423.6735 204.2523 1.5988 1.6434 3.7328 -12.6234 1.1233 44.2990 -4.7406 0.0033
Car -1 -1 -4.4956 283.2557 177.9800 309.8405 193.9838 1.5381 1.6347 3.7881 -30.7515 0.8428 71.1015 -4.9027 0.0033
Pedestrian -1 -1 -4.1160 957.8463 165.6279 1006.9841 267.3097 1.5174 0.5108 0.4431 5.7053 1.2253 11.0587 -3.6503 0.0030
Car -1 -1 -4.7677 282.4685 177.6621 303.1450 193.9401 1.5593 1.6605 3.8310 -31.1089 0.8359 70.9435 -5.1799 0.0029
Car -1 -1 -3.8627 282.8199 178.3501 326.0375 194.3056 1.5306 1.6945 3.7481 -29.9339 0.8722 71.0164 -4.2606 0.0025
Cyclist -1 -1 -6.9078 686.5567 174.9553 713.7526 200.5411 1.6709 0.7378 1.6741 6.1029 1.0010 47.6694 -6.7816 0.0023
Cyclist -1 -1 -4.5769 841.4150 171.1550 882.2898 255.3342 1.7034 0.6323 1.5636 5.4036 1.4191 15.3871 -4.2453 0.0019
Cyclist -1 -1 -8.5301 673.1389 178.7722 694.3729 202.6287 1.5672 0.4663 1.6701 5.0462 1.1441 48.0521 -8.4266 0.0017
Cyclist -1 -1 -3.9361 827.6876 179.5790 900.9914 257.4395 1.5956 0.5952 1.5041 5.4249 1.4802 15.3323 -3.6022 0.0017
Cyclist -1 -1 -8.4022 668.2908 177.7683 695.5759 203.9477 1.7211 0.6848 2.3818 4.9600 1.2317 48.4816 -8.3013 0.0005
