Car -1 -1 -8.3376 851.8223 180.9552 1241.0000 374.0000 1.5474 1.5767 3.6329 3.1098 1.6278 5.3625 -7.8369 0.9997
Car -1 -1 -4.0786 0.0000 212.0743 315.1513 374.0000 1.4427 1.5360 3.5646 -3.6507 1.8136 5.0251 -4.6827 0.9994
Car -1 -1 -8.1378 652.5652 176.8067 722.0602 224.0419 1.6159 1.6269 3.5464 2.7589 1.7733 26.8923 -8.0374 0.9990
Car -1 -1 -8.0919 591.7826 179.7521 631.5423 207.6364 1.4986 1.5459 3.2764 0.0197 1.9113 41.4299 -8.0920 0.9986
Car -1 -1 -3.2847 807.0317 180.1370 956.0475 240.7213 1.4821 1.5837 3.4761 7.0016 1.6854 19.0482 -2.9382 0.9911
Car -1 -1 -3.5819 992.1814 174.9179 1184.9624 237.9140 1.4914 1.5220 3.7522 11.8508 1.5458 18.1454 -3.0113 0.9910
Cyclist -1 -1 -4.9367 471.8087 178.9128 492.8596 212.0385 1.7266 0.7348 1.8002 -6.9377 2.0614 38.9366 -5.1124 0.9772
Car -1 -1 -3.8006 545.0080 179.2936 594.7406 199.2186 1.4814 1.6530 3.6515 -3.1578 2.0029 56.6430 -3.8564 0.9539
Car -1 -1 -4.0049 625.5026 176.1328 677.4968 197.4459 1.4983 1.6807 3.9432 3.0689 1.7495 53.3445 -3.9482 0.9158
Car -1 -1 -3.8783 626.1260 175.5464 681.0379 196.9689 1.5088 1.6618 3.9491 3.2047 1.7140 53.1769 -3.8188 0.8818
Car -1 -1 -6.9461 626.1650 176.4630 684.1237 197.7735 1.4994 1.7093 4.0846 3.3206 1.7748 53.2574 -6.8846 0.8484
Car -1 -1 -3.5641 997.4226 173.9772 1194.2321 237.2101 1.4908 1.5193 3.8075 11.9886 1.5203 18.0925 -2.9868 0.8336
Car -1 -1 -4.0129 0.0000 206.1799 314.8090 374.0000 1.4821 1.5997 3.7124 -3.7215 1.7954 4.8795 -4.6390 0.7835
Car -1 -1 -8.0944 654.2147 177.3539 722.6367 224.4658 1.6077 1.6552 3.8472 2.8072 1.7886 27.0281 -7.9928 0.7493
Car -1 -1 -4.1284 625.1147 176.5322 675.8190 197.4920 1.4683 1.7394 4.1832 3.0126 1.7520 53.5151 -4.0729 0.7061
Car -1 -1 -6.6595 993.3770 173.2732 1193.9521 235.5218 1.4708 1.5570 3.9056 11.9975 1.4818 18.2123 -6.0849 0.6837
Car -1 -1 -6.9442 546.5556 178.8313 596.8080 198.5522 1.4726 1.6459 3.7290 -3.0251 1.9584 56.8393 -6.9975 0.6812
Cyclist -1 -1 -4.9808 472.1268 178.8457 495.2554 212.3114 1.7446 0.7778 1.8027 -6.8665 2.0758 38.9463 -5.1547 0.6379
Car -1 -1 -3.8063 544.7428 178.6413 595.6398 199.1402 1.5242 1.6552 3.7660 -3.1267 1.9926 56.5671 -3.8617 0.5841
Car -1 -1 -3.8615 543.1219 178.5911 593.3533 199.2389 1.5365 1.7005 3.7499 -3.2835 2.0021 56.6814 -3.9196 0.5529
Car -1 -1 -4.1099 622.5778 176.7906 671.8979 198.4480 1.5156 1.7404 3.8974 2.7572 1.8175 53.3231 -4.0589 0.5275
Car -1 -1 -4.2596 624.7961 176.8607 669.4585 197.7276 1.4631 1.7016 4.0885 2.7733 1.7729 53.6385 -4.2086 0.3972
Car -1 -1 -4.1488 621.9567 176.5005 667.1154 198.3364 1.5241 1.6941 3.5183 2.5337 1.8011 52.9338 -4.1016 0.3302
Car -1 -1 -3.8415 703.1326 170.7655 749.5230 189.2846 1.4817 1.5509 3.6194 9.5472 1.3143 59.3253 -3.6830 0.0802
Car -1 -1 -7.4440 738.0750 170.5731 772.9257 189.8155 1.6174 1.6038 3.7633 12.6363 1.4254 62.6517 -7.2462 0.0790
Car -1 -1 -4.8145 669.1719 173.9635 695.6501 193.9367 1.5057 1.6681 3.8844 5.6126 1.5954 56.5565 -4.7165 0.0723
Car -1 -1 -7.4927 735.8856 171.1121 768.2714 190.0251 1.5933 1.6046 3.5819 12.3532 1.4463 62.7308 -7.2994 0.0666
Car -1 -1 -7.2101 738.8793 170.6935 781.3452 189.6787 1.5941 1.6026 3.8665 12.9910 1.4124 62.4628 -7.0063 0.0637
Car -1 -1 -7.0554 739.1959 170.4888 788.3066 189.7466 1.6172 1.6433 4.2031 13.2890 1.4182 62.4082 -6.8469 0.0615
Car -1 -1 -5.0658 711.5971 175.1834 745.6436 195.9626 1.5423 1.4529 3.5510 9.1173 1.7284 55.8590 -4.9053 0.0464
Car -1 -1 -6.8978 741.2513 170.8313 791.2354 189.5877 1.5743 1.6349 3.9939 13.4231 1.4042 62.0954 -6.6862 0.0386
Car -1 -1 -5.1684 700.3650 170.2875 739.0839 189.8927 1.5830 1.6760 3.8352 9.1085 1.3755 60.3406 -5.0196 0.0382
Car -1 -1 -7.2766 187.3821 172.9056 238.5191 193.8046 1.5446 1.6084 3.8155 -30.3944 1.5484 55.3011 -7.7773 0.0367
Pedestrian -1 -1 -3.4532 920.4088 178.9404 958.6973 239.1608 1.4904 0.5213 0.7530 8.2615 1.6463 18.2172 -3.0342 0.0362
Car -1 -1 -4.2519 661.9938 176.6183 702.0736 196.6952 1.4594 1.4775 3.9040 5.5238 1.7581 55.2633 -4.1532 0.0345
Car -1 -1 -4.5069 668.2482 175.2243 696.6716 195.5513 1.4998 1.4570 3.7327 5.5965 1.6890 55.7025 -4.4077 0.0338
Car -1 -1 -4.0331 665.3022 172.5179 717.6910 193.4144 1.5772 1.7061 4.3933 6.4004 1.5515 56.6094 -3.9215 0.0303
Car -1 -1 -7.0518 706.7565 171.8877 749.9744 190.1232 1.4627 1.5859 3.3602 9.7416 1.3849 59.4845 -6.8906 0.0264
Car -1 -1 -4.3561 668.8264 173.2142 706.0303 193.4903 1.5258 1.6182 3.9700 6.0728 1.5547 56.5084 -4.2500 0.0240
Car -1 -1 -4.3748 667.7101 176.1527 702.2079 195.6811 1.4326 1.4978 3.7312 5.7824 1.6957 55.6170 -4.2721 0.0225
Car -1 -1 -7.3730 184.9297 173.0976 232.5930 194.1067 1.5541 1.6258 3.7800 -30.7315 1.5731 55.3260 -7.8782 0.0212
Car -1 -1 -4.0699 668.2658 174.6656 718.5271 195.3219 1.5380 1.5910 4.3742 6.5084 1.6843 56.2358 -3.9556 0.0196
Car -1 -1 -7.5097 184.0913 172.7413 226.3690 194.2403 1.5899 1.6662 3.7165 -31.0096 1.5813 55.3295 -8.0186 0.0185
Car -1 -1 -2.7450 713.0977 170.7889 765.0515 189.5295 1.5737 1.6752 4.0931 11.1245 1.4000 62.4024 -2.5697 0.0182
Car -1 -1 -5.8599 314.0721 168.9679 375.4696 189.6336 1.5307 1.6143 4.0387 -19.9958 1.2425 54.3946 -6.2108 0.0177
Car -1 -1 -7.8439 737.8008 171.4116 757.1720 190.4315 1.6016 1.6064 3.6639 11.9386 1.4798 62.7115 -7.6570 0.0168
Car -1 -1 -9.0016 0.0000 0.0000 1241.0000 374.0000 1.5641 1.6413 3.5384 2.9811 1.5454 0.9698 -7.8323 0.0151
Car -1 -1 -9.0210 0.0000 0.0000 1241.0000 374.0000 1.5359 1.6241 3.4825 3.3519 1.4822 1.0138 -7.8224 0.0151
Car -1 -1 -4.4531 670.1783 176.1649 701.9550 195.6204 1.4279 1.5135 3.8294 5.8789 1.6927 55.7142 -4.3489 0.0146
Car -1 -1 -3.8155 565.5462 179.9500 620.7235 198.3191 1.4376 1.6397 4.5813 -1.4001 2.0499 60.1906 -3.8391 0.0143
Car -1 -1 -8.9347 0.0000 0.0000 1241.0000 374.0000 1.5621 1.6402 3.5769 2.6390 1.5500 0.9709 -7.8117 0.0143
Car -1 -1 -4.1282 667.7821 173.7533 713.1494 194.1670 1.5309 1.5743 4.0079 6.2871 1.6033 56.3335 -4.0180 0.0141
Car -1 -1 -9.0721 0.0000 0.0000 1241.0000 374.0000 1.4928 1.5900 3.3991 3.7538 1.4579 0.9434 -7.8196 0.0117
Car -1 -1 -3.7921 568.0143 179.8592 620.7797 198.2555 1.4368 1.6017 4.2772 -1.2931 2.0361 59.8040 -3.8140 0.0104
Car -1 -1 -2.7032 642.8651 175.5766 733.3074 205.9803 1.5659 1.8352 4.5722 4.2099 1.7220 39.4814 -2.5983 0.0104
Car -1 -1 -6.6486 660.7334 174.7654 711.0092 194.5168 1.4928 1.4800 3.5839 5.8457 1.6438 55.9418 -6.5454 0.0093
Car -1 -1 -8.8676 0.0000 0.0000 1241.0000 374.0000 1.5834 1.6444 3.6085 2.2648 1.5862 0.8881 -7.7792 0.0093
Car -1 -1 -8.9722 0.0000 0.0000 1241.0000 374.0000 1.4625 1.5609 3.3474 4.2392 1.4081 1.2647 -7.7537 0.0081
Car -1 -1 -2.9258 642.5155 174.2887 727.3298 203.8466 1.5339 1.8026 4.2890 4.0347 1.6144 39.1182 -2.8243 0.0080
Car -1 -1 -5.3723 1161.7994 157.8172 1241.0000 270.1580 1.6516 1.7953 3.8280 11.8270 1.4303 12.5893 -4.6301 0.0074
Car -1 -1 -5.1384 582.2164 178.4363 626.3315 199.4911 1.4161 1.6057 4.1224 -0.4892 1.8345 51.9084 -5.1483 0.0072
Car -1 -1 -8.8004 0.0000 0.0000 1241.0000 374.0000 1.5812 1.6319 3.6479 1.9047 1.5679 0.8608 -7.7765 0.0060
Car -1 -1 -4.6042 709.9985 173.8330 741.0992 195.8253 1.3559 1.6144 3.5573 7.4589 1.4214 46.5849 -4.4467 0.0059
Car -1 -1 -4.8114 584.7387 175.8823 613.7678 198.6606 1.4929 1.5826 4.3806 -0.8205 1.7126 50.1588 -4.8281 0.0059
Car -1 -1 -5.0667 576.2850 176.4660 619.5406 198.0987 1.4408 1.6606 4.3219 -0.9389 1.7081 51.1439 -5.0854 0.0056
Car -1 -1 -3.0713 644.1883 174.1458 728.0337 204.3827 1.5663 1.8497 4.3649 4.0828 1.6378 38.7762 -2.9677 0.0056
Car -1 -1 -7.1870 706.5636 172.0669 754.7922 190.9993 1.5190 1.6951 4.2413 10.0274 1.4556 59.9467 -7.0224 0.0054
Car -1 -1 -5.0951 582.4246 177.2614 626.4561 199.0058 1.4417 1.6059 4.3348 -0.4763 1.7676 51.0869 -5.1048 0.0053
Car -1 -1 -8.9773 0.0000 0.0000 1241.0000 374.0000 1.5089 1.6185 3.5166 4.5969 1.4137 1.2686 -7.7341 0.0049
Car -1 -1 -4.9730 574.6649 176.4141 611.4744 198.6203 1.4808 1.5804 4.1414 -1.2735 1.7432 51.0338 -4.9983 0.0048
Car -1 -1 -4.7064 581.0058 175.8512 604.6360 197.6821 1.4522 1.5906 4.1063 -1.2269 1.6708 50.6333 -4.7309 0.0048
Car -1 -1 -5.1721 1179.4479 173.8079 1241.0000 277.1947 1.4503 1.7044 3.8738 11.5530 1.4690 12.2586 -4.4287 0.0046
Car -1 -1 -4.9387 702.5026 173.5548 741.0043 197.0033 1.4531 1.6487 3.7765 7.1623 1.5001 46.7738 -4.7881 0.0042
Car -1 -1 -7.3279 973.3819 78.1145 1241.0000 374.0000 1.5491 1.7021 4.0257 3.1487 1.4608 1.5242 -6.2814 0.0041
Car -1 -1 -8.1024 679.7203 174.5688 728.1011 204.1727 1.5358 1.6924 4.0191 5.0752 1.6350 39.7722 -7.9769 0.0033
Car -1 -1 -3.3093 643.6357 174.1164 732.9352 206.4687 1.6702 1.9268 4.4653 4.0809 1.7390 38.4375 -3.2049 0.0033
Car -1 -1 -9.3326 0.0000 0.0000 1241.0000 374.0000 1.4564 1.6216 3.8051 1.8035 1.5310 -0.2399 -7.7894 0.0030
Car -1 -1 -9.3233 0.0000 0.0000 1241.0000 374.0000 1.4253 1.6109 3.8081 3.8218 1.4343 -0.1542 -7.7879 0.0030
Car -1 -1 -9.3112 0.0000 0.0000 1241.0000 374.0000 1.4491 1.6246 3.8481 2.5794 1.4998 -0.1628 -7.7897 0.0030
Car -1 -1 -8.9005 0.0000 0.0000 1241.0000 374.0000 1.5128 1.6049 3.7629 1.4540 1.5478 0.3263 -7.7338 0.0030
Car -1 -1 -7.2704 0.0000 0.0000 1241.0000 374.0000 1.5714 1.7098 4.0160 3.5161 1.4157 0.9022 -6.0272 0.0030
Car -1 -1 -7.4944 1121.1195 0.0000 1241.0000 374.0000 1.5634 1.6945 3.9358 3.3021 1.4389 1.1740 -6.3420 0.0030
Car -1 -1 -9.3544 0.0000 0.0000 1241.0000 374.0000 1.4581 1.6186 3.8046 1.4427 1.5587 -0.2842 -7.7874 0.0030
Car -1 -1 -7.1727 0.0000 0.0000 1241.0000 374.0000 1.5791 1.7068 3.9484 2.8096 1.4574 0.8632 -5.9927 0.0030
Car -1 -1 -9.3001 0.0000 0.0000 1241.0000 374.0000 1.4495 1.6217 3.8482 2.2266 1.5288 -0.1601 -7.7877 0.0030
Car -1 -1 -3.9543 0.0000 0.0000 1241.0000 374.0000 1.5295 1.6956 3.9778 2.0900 1.4999 0.4864 -2.7410 0.0030
Car -1 -1 -9.2969 0.0000 0.0000 1241.0000 374.0000 1.4409 1.6212 3.8685 3.0171 1.5035 -0.1041 -7.7877 0.0030
Car -1 -1 -9.1289 0.0000 0.0000 1241.0000 374.0000 1.4636 1.6049 3.7480 4.1911 1.3897 0.4627 -7.7360 0.0030
Car -1 -1 -3.9812 0.0000 0.0000 1241.0000 374.0000 1.5275 1.6959 3.9796 2.4988 1.4731 0.5652 -2.7415 0.0030
Car -1 -1 -2.2536 199.4117 175.8757 300.0110 214.5516 1.5558 1.6843 4.0396 -15.4668 1.6915 30.8783 -2.7148 0.0030
Car -1 -1 -7.6436 1241.0000 0.0000 1241.0000 374.0000 1.5217 1.6721 3.9169 4.1498 1.4150 1.6558 -6.5122 0.0028
Car -1 -1 -2.1777 195.1781 173.4167 283.6503 212.0299 1.5844 1.5741 3.7104 -16.0893 1.6096 31.2206 -2.6503 0.0026
Car -1 -1 -8.3287 665.6157 173.2731 728.9640 201.7660 1.4760 1.7694 4.0922 4.6905 1.5000 39.6683 -8.2123 0.0023
Car -1 -1 -8.0993 684.3115 173.7506 730.4467 203.0327 1.5265 1.6176 3.8466 5.2675 1.5781 39.7414 -7.9689 0.0017
Pedestrian -1 -1 -3.3331 1176.0004 140.5255 1241.0000 336.0241 1.6694 0.6278 0.4527 5.4322 1.3930 6.5442 -2.6627 0.0014
Cyclist -1 -1 -7.8111 372.0101 180.5246 387.2929 229.4866 1.4925 0.3999 1.4846 -7.3840 1.7449 23.0044 -8.1188 0.0013
Cyclist -1 -1 -7.4600 334.3456 178.5977 368.3708 237.8828 1.5597 0.4150 1.2828 -7.1183 1.7219 19.7598 -7.8020 0.0012
Cyclist -1 -1 -7.7363 331.1674 177.6684 353.3617 238.7402 1.6038 0.4120 1.3533 -7.3735 1.7401 19.7656 -8.0895 0.0011
Pedestrian -1 -1 -4.0283 334.2215 180.1496 360.1160 237.1151 1.5059 0.5087 0.4128 -7.1237 1.7048 19.4236 -4.3759 0.0008
Pedestrian -1 -1 -4.0115 326.7784 180.6586 353.8800 238.3906 1.5240 0.5374 0.4227 -7.3045 1.7368 19.4150 -4.3674 0.0005
