Car -1 -1 -7.7925 739.2995 180.8107 790.8602 227.1344 1.6175 1.6812 3.8569 5.9661 1.4639 27.1851 -7.5791 0.9963
Car -1 -1 -7.5786 61.4015 210.6663 145.1012 252.9681 1.4045 1.6094 4.4097 -20.2830 2.5158 29.0379 -8.1846 0.9439
Car -1 -1 -7.5529 795.5251 179.0292 835.6322 199.6855 1.4412 1.7070 3.9767 15.1268 1.0097 52.2850 -7.2731 0.9194
Car -1 -1 -7.6454 143.1173 203.1842 200.0977 235.8484 1.4660 1.6873 4.0387 -22.3057 2.4419 36.8502 -8.1871 0.9069
Car -1 -1 -7.6622 142.6783 202.3981 198.4672 235.1971 1.4772 1.6926 4.0549 -22.3718 2.4111 36.8694 -8.2050 0.8160
Car -1 -1 -4.5019 185.7134 199.9343 232.7729 227.6736 1.5819 1.7671 4.2117 -25.2740 2.5637 45.6753 -5.0054 0.7119
Car -1 -1 -4.4798 794.5019 178.9727 831.0817 199.8406 1.4426 1.6471 4.0965 14.8119 1.0112 51.8857 -4.2036 0.6719
Car -1 -1 -4.4410 795.8422 176.5563 836.6671 198.1373 1.5060 1.7395 4.4642 15.2522 0.9019 52.5204 -4.1602 0.6683
Car -1 -1 -4.5007 795.2515 176.5815 831.7272 197.8674 1.4879 1.7101 4.2799 15.0522 0.8845 52.5390 -4.2235 0.6414
Car -1 -1 -4.4324 795.3295 178.7912 835.2948 199.8970 1.4593 1.6844 4.2084 15.0096 1.0153 51.9337 -4.1529 0.6386
Car -1 -1 -4.5180 190.8595 201.0129 235.0336 227.9050 1.5364 1.7331 3.9047 -25.0531 2.5871 45.6848 -5.0177 0.5771
Car -1 -1 -5.4108 11.5730 209.3673 89.2384 236.5029 1.4900 1.6756 3.7007 -33.2260 2.9704 42.8454 -6.0680 0.5615
Car -1 -1 -7.6612 795.3022 178.1313 828.7980 198.9160 1.4558 1.6171 4.0454 14.9373 0.9597 52.5196 -7.3859 0.5392
Car -1 -1 -7.5400 63.4152 209.8614 144.5706 251.5806 1.4158 1.5774 3.7067 -20.0840 2.4707 28.7626 -8.1457 0.5112
Car -1 -1 -4.5602 793.6428 179.1568 826.8213 200.3230 1.4650 1.7209 4.0611 14.6469 1.0458 51.9584 -4.2873 0.4992
Car -1 -1 -7.5788 144.8618 201.4753 203.8016 234.4351 1.5050 1.6673 3.5354 -22.0506 2.3775 36.6457 -8.1178 0.4933
Car -1 -1 -7.4907 795.7505 178.9780 838.5678 199.9166 1.4587 1.6728 4.0184 15.2135 1.0243 52.1896 -7.2089 0.4452
Car -1 -1 -7.5387 144.8374 200.1651 210.6637 233.7394 1.5313 1.6724 4.2202 -22.0787 2.3480 37.0244 -8.0738 0.4150
Car -1 -1 -5.1805 21.6767 210.8380 88.0111 239.1661 1.5237 1.6174 3.7857 -33.1223 3.1124 43.0194 -5.8343 0.3963
Car -1 -1 -4.3997 797.5211 178.4640 840.3867 199.4298 1.4604 1.7331 4.4066 15.4076 0.9903 52.3826 -4.1155 0.3445
Car -1 -1 -4.6301 203.2569 201.4214 237.8921 227.9669 1.5301 1.6475 3.6376 -24.6843 2.6093 45.8687 -5.1220 0.2946
Car -1 -1 -4.4583 790.6948 179.3790 829.9236 201.0526 1.4748 1.6589 4.3463 14.4468 1.0778 51.2114 -4.1852 0.2637
Car -1 -1 -5.5024 4.9303 209.6025 87.7282 236.6785 1.4926 1.6629 3.7999 -33.2502 2.9730 42.5798 -6.1629 0.2465
Car -1 -1 -2.2049 19.8576 211.3578 94.0445 238.7911 1.4900 1.6588 3.6782 -32.8551 3.0966 42.8595 -2.8566 0.2201
Car -1 -1 -4.6919 793.7848 179.3049 820.1049 201.1221 1.4878 1.7334 4.3197 14.2362 1.0849 51.3396 -4.4233 0.2079
Car -1 -1 -4.6183 797.8427 178.7507 827.7578 200.9055 1.5014 1.6474 4.3959 14.5787 1.0635 51.0642 -4.3421 0.2076
Car -1 -1 -4.4507 35.0788 207.0434 88.7051 236.4626 1.5597 1.6091 3.9229 -32.8881 2.9413 43.3765 -5.0970 0.2003
Car -1 -1 -1.9091 193.6690 201.2549 245.2533 228.2883 1.5712 1.6976 3.9420 -24.9278 2.6425 46.0527 -2.4034 0.1898
Car -1 -1 -4.9350 27.4443 207.2340 82.0114 235.9264 1.5261 1.7216 4.2270 -33.3972 2.9154 43.3395 -5.5892 0.1554
Car -1 -1 -2.4869 20.8835 212.3389 110.2087 238.7857 1.4748 1.7116 4.0398 -32.2360 3.1218 42.7676 -3.1305 0.1485
Car -1 -1 -4.2841 36.4253 209.5343 98.0367 238.2842 1.5241 1.5636 3.7285 -32.6216 3.0617 43.4588 -4.9256 0.1385
Car -1 -1 -4.0605 0.0000 208.2192 84.1759 252.4802 1.6278 1.7501 3.8047 -24.3801 2.6608 30.3545 -4.7334 0.1312
Pedestrian -1 -1 -4.2204 366.3589 191.1409 384.3220 231.3063 1.4051 0.4663 0.4118 -8.2743 1.6172 25.4648 -4.5319 0.1156
Car -1 -1 -4.5492 214.6858 200.7130 253.2494 227.1016 1.5391 1.6274 3.6312 -24.0121 2.5786 46.2295 -5.0265 0.1097
Pedestrian -1 -1 -4.7005 823.4254 200.5883 838.4999 243.1086 1.1464 0.3928 0.3952 6.1032 1.5755 19.8081 -4.4061 0.1083
Car -1 -1 -7.7852 374.5407 186.7894 429.1526 232.1975 1.4765 1.6083 3.5060 -7.2433 1.5364 25.3857 -8.0608 0.1076
Car -1 -1 -4.5685 30.7525 205.7868 78.0974 235.1546 1.5559 1.6817 4.1276 -33.3598 2.8612 43.3959 -5.2215 0.1071
Pedestrian -1 -1 -4.7993 817.0648 200.3158 834.2927 244.2084 1.1849 0.4184 0.3991 5.9537 1.6060 19.8058 -4.5117 0.0873
Car -1 -1 -7.9194 373.2242 188.7899 426.3611 235.0618 1.4783 1.5646 3.2330 -7.3304 1.6118 25.0281 -8.2019 0.0850
Car -1 -1 -4.4772 207.9758 201.7225 250.3290 227.4843 1.4976 1.6350 3.4681 -24.2421 2.5992 46.0825 -4.9597 0.0846
Car -1 -1 -4.7756 798.0450 179.7354 827.1125 202.6687 1.5335 1.6761 4.2359 14.2673 1.1672 50.3158 -4.5012 0.0676
Car -1 -1 -4.5870 791.0668 177.4025 823.4493 202.2845 1.6675 1.7014 4.0547 13.9909 1.1440 50.3725 -4.3179 0.0647
Car -1 -1 -4.1545 37.2471 210.1731 104.2533 238.3442 1.4953 1.5326 3.6527 -32.3417 3.0666 43.3722 -4.7929 0.0555
Car -1 -1 -4.0319 0.0000 206.3942 79.9052 250.0483 1.5762 1.7083 4.0237 -24.3424 2.5172 29.9214 -4.7111 0.0540
Pedestrian -1 -1 -5.7151 1019.5204 169.0621 1075.3845 278.1895 1.8061 0.6563 0.5520 7.4610 1.5389 12.2917 -5.1800 0.0508
Car -1 -1 -3.7456 0.0000 207.4427 81.4600 252.6365 1.6578 1.6918 3.7084 -24.7369 2.6594 30.3716 -4.4253 0.0483
Car -1 -1 -5.3451 861.5360 173.1025 954.7639 214.6585 1.6980 1.7450 3.9643 13.0167 1.2032 31.5072 -4.9569 0.0357
Car -1 -1 -2.5663 25.7822 211.5323 115.9011 238.7224 1.5253 1.6540 4.0948 -32.1837 3.1394 43.1305 -3.2051 0.0331
Cyclist -1 -1 -4.1696 1015.0222 172.1202 1089.7528 283.4724 1.8383 0.4338 1.4283 7.6199 1.6223 12.3938 -3.6288 0.0298
Car -1 -1 -7.6954 372.7136 187.7481 437.7770 232.6523 1.4558 1.6788 3.3982 -7.0870 1.5514 25.2894 -7.9663 0.0289
Car -1 -1 -6.7757 366.6518 187.7699 484.4436 233.7497 1.4825 1.6500 3.6621 -6.3862 1.5789 25.2253 -7.0216 0.0285
Car -1 -1 -7.6578 371.0112 188.4756 443.4231 233.9377 1.4864 1.7410 4.0613 -7.1605 1.6135 25.8910 -7.9254 0.0264
Car -1 -1 -5.4962 855.9498 175.4145 956.7191 217.1867 1.6884 1.7436 3.9553 12.8228 1.2924 31.2160 -5.1101 0.0234
Pedestrian -1 -1 -4.6097 816.9085 196.2685 836.2603 245.4404 1.3076 0.4565 0.5261 5.9190 1.6141 19.5941 -4.3208 0.0204
Car -1 -1 -4.7571 876.7687 172.5276 919.1318 213.7795 1.7470 1.5712 4.2144 13.0937 1.2098 32.6921 -4.3795 0.0195
Car -1 -1 -4.9297 873.7932 172.6712 933.9481 215.1165 1.7645 1.6248 3.9928 13.0505 1.2432 31.9879 -4.5459 0.0194
Cyclist -1 -1 -4.6093 1025.0238 170.5535 1065.1256 280.1454 1.7779 0.4647 1.4113 7.4821 1.5402 12.3671 -4.0756 0.0190
Pedestrian -1 -1 -3.3309 1021.2537 167.9039 1072.0677 282.4705 1.9067 0.7421 0.6109 7.5115 1.6188 12.4163 -2.7973 0.0161
Car -1 -1 -5.2649 204.6147 197.9939 287.2970 237.9420 1.5286 1.4791 3.4882 -15.1764 2.0903 30.0423 -5.7296 0.0124
Car -1 -1 -4.0316 37.1161 209.6829 112.9610 238.3153 1.5115 1.5198 3.9620 -32.0923 3.0576 43.4049 -4.6660 0.0117
Car -1 -1 -4.8025 877.0476 168.5531 928.2772 212.8732 1.8751 1.7333 4.5078 13.3416 1.1703 32.8215 -4.4198 0.0117
Car -1 -1 -4.5654 231.6983 199.7317 283.4734 236.7023 1.3839 1.4624 3.4171 -14.6886 2.0314 30.2096 -5.0150 0.0116
Car -1 -1 -6.8523 366.3714 188.3167 490.9258 234.5194 1.4867 1.6638 4.0097 -6.3030 1.6053 25.4293 -7.0932 0.0112
Cyclist -1 -1 -7.6441 831.2546 178.0695 848.0690 211.1535 1.7718 0.5013 1.8918 12.7004 1.3892 39.4430 -7.3351 0.0110
Car -1 -1 -2.7031 32.7535 206.9210 125.9772 236.1080 1.6135 1.6514 4.1612 -31.3694 2.9407 42.7432 -3.3339 0.0106
Car -1 -1 -7.3504 365.8582 185.2396 469.2484 231.0348 1.5146 1.7941 4.2228 -6.8031 1.5157 26.0459 -7.6037 0.0104
Car -1 -1 -4.5272 271.6952 200.7621 314.2085 229.9021 1.4905 1.6225 3.1901 -17.6534 2.4010 40.3568 -4.9377 0.0100
Cyclist -1 -1 -6.9677 829.1342 175.3137 864.5134 212.1330 1.9558 0.6628 1.8017 12.8766 1.4299 38.8163 -6.6500 0.0095
Car -1 -1 -3.2743 41.4004 207.0734 132.9822 235.7217 1.5210 1.6495 4.3031 -31.4107 2.9044 43.4126 -3.8984 0.0091
Car -1 -1 -4.7262 874.4714 175.9476 914.4869 216.1113 1.6796 1.5685 3.9705 12.7524 1.2921 32.1952 -4.3525 0.0091
Car -1 -1 -4.5968 257.5053 200.0668 297.7859 229.9219 1.5006 1.6191 3.7460 -18.4273 2.3728 40.1828 -5.0248 0.0091
Car -1 -1 -6.4481 373.2612 187.7859 480.8137 235.0427 1.5321 1.5641 3.3957 -6.2944 1.6261 24.8525 -6.6941 0.0084
Car -1 -1 -4.5689 235.0863 199.6465 287.3824 236.6520 1.3978 1.4907 3.6643 -14.7480 2.0531 30.6621 -5.0143 0.0080
Car -1 -1 -4.4823 228.5661 204.4487 286.5935 239.4340 1.2732 1.4483 3.2776 -14.5094 2.1190 29.8494 -4.9317 0.0079
Car -1 -1 -3.8257 38.8743 209.7026 121.2358 237.7538 1.4720 1.5741 3.8906 -31.8204 3.0228 43.4387 -4.4556 0.0076
Car -1 -1 -4.5135 249.5436 201.9814 297.4112 231.0942 1.4311 1.6596 3.9082 -18.4893 2.4093 39.8418 -4.9461 0.0076
Cyclist -1 -1 -7.6341 1027.3235 163.6067 1079.7413 276.8326 1.8439 0.4557 1.5808 7.6731 1.4921 12.4354 -7.0917 0.0075
Car -1 -1 -4.7881 234.6979 198.0600 280.9047 235.8388 1.4446 1.5093 3.6164 -15.0467 2.0288 30.7498 -5.2403 0.0073
Cyclist -1 -1 -7.7657 828.4639 179.4227 839.9810 211.2386 1.7028 0.4639 1.6415 12.3604 1.3929 39.3201 -7.4636 0.0072
Car -1 -1 -4.4978 854.8513 175.8402 911.8804 216.1402 1.7098 1.5806 4.1765 12.5439 1.3122 32.6791 -4.1346 0.0072
Cyclist -1 -1 -7.5712 831.1764 177.6887 851.6621 212.2176 1.8393 0.5740 1.8557 12.7252 1.4385 39.2215 -7.2600 0.0064
Car -1 -1 -7.4229 367.0368 184.5975 455.3693 230.0866 1.4928 1.7540 3.3739 -6.8950 1.4726 25.3998 -7.6857 0.0063
Cyclist -1 -1 -7.8757 828.1220 179.6612 836.6669 210.8531 1.6762 0.4026 1.7848 12.3193 1.3778 39.5427 -7.5762 0.0062
Car -1 -1 -5.5380 188.4665 198.2359 284.4072 236.0679 1.4568 1.5397 3.3753 -15.3602 2.0165 29.6968 -6.0122 0.0061
Car -1 -1 -7.0262 359.4202 182.9417 481.2445 229.0803 1.4951 1.8326 3.9809 -6.5826 1.4215 25.4616 -7.2770 0.0058
Car -1 -1 -4.2697 845.8084 174.4825 926.1260 216.3578 1.7849 1.6365 4.5531 12.7127 1.3275 32.8032 -3.9033 0.0053
Cyclist -1 -1 -7.9098 823.5460 182.6284 846.4124 248.4422 1.7061 0.4908 1.5656 6.0882 1.6392 19.4537 -7.6111 0.0051
Car -1 -1 -3.7403 38.2544 205.3043 133.4928 236.0969 1.6215 1.7737 4.4118 -31.3691 2.8989 43.3302 -4.3646 0.0050
Car -1 -1 -3.1165 44.4268 206.4788 132.9689 236.0992 1.5919 1.6543 4.2497 -31.1263 2.9257 43.2084 -3.7385 0.0048
Pedestrian -1 -1 -3.1753 1035.4052 165.9779 1074.0830 281.3719 1.9250 0.7610 0.5325 7.6783 1.6043 12.4542 -2.6333 0.0048
Car -1 -1 -4.7229 856.6925 176.1141 893.8018 215.3423 1.6988 1.5182 3.7063 12.2520 1.3048 33.1308 -4.3719 0.0044
Car -1 -1 -5.2090 205.1591 199.0744 286.9597 238.2411 1.4992 1.5010 3.7186 -15.3531 2.1175 30.3846 -5.6738 0.0042
Car -1 -1 -4.5288 232.8133 202.3913 287.3572 238.1049 1.3227 1.4451 3.5092 -14.6299 2.0921 30.3155 -4.9755 0.0041
Car -1 -1 -4.3914 232.9834 202.1460 301.1653 238.1480 1.3513 1.4758 3.9297 -14.6034 2.1280 30.9358 -4.8296 0.0037
Car -1 -1 -4.4863 847.9503 175.8287 909.1566 217.3293 1.7295 1.6604 4.2837 12.1496 1.3385 32.2025 -4.1288 0.0035
Car -1 -1 -5.5599 202.7405 201.1641 285.3266 234.1288 1.2640 1.4557 2.7718 -15.0189 1.9453 29.6441 -6.0257 0.0034
Car -1 -1 -4.7003 847.8740 178.8084 887.4850 217.1090 1.6670 1.6357 3.8285 12.0354 1.3883 33.3677 -4.3573 0.0032
Car -1 -1 -4.7002 849.6688 176.1016 893.0156 218.5783 1.8082 1.7495 4.0836 12.0039 1.4204 32.8202 -4.3528 0.0017
Pedestrian -1 -1 -4.3407 299.5910 195.0550 343.7786 287.5167 1.4359 0.5485 0.3841 -4.5839 1.5947 11.3974 -4.7153 0.0007
Pedestrian -1 -1 -4.3545 548.3424 181.5040 572.3661 232.5434 1.5053 0.5580 0.5619 -1.4642 1.3960 21.5509 -4.4220 0.0002
