Car -1 -1 -8.0662 701.5699 173.5376 838.8563 266.9772 1.4616 1.5806 4.0348 2.7188 1.4759 13.3463 -7.8705 0.9998
Car -1 -1 -4.4061 198.2018 187.1153 461.9741 367.8208 1.4465 1.5421 3.6930 -2.7944 1.6398 7.9337 -4.7355 0.9998
Car -1 -1 -8.0313 657.3647 172.3096 726.1366 220.8493 1.4784 1.5964 3.7736 2.5751 1.4615 23.9155 -7.9260 0.9995
Car -1 -1 -7.6199 360.3232 179.2871 504.2628 272.9322 1.4356 1.6362 4.1306 -3.1529 1.5734 13.4166 -7.8471 0.9993
Car -1 -1 -7.7802 502.8111 172.1919 555.8856 217.6201 1.5269 1.6163 4.2570 -2.9185 1.5043 26.4078 -7.8897 0.9993
Car -1 -1 -8.0320 677.6697 174.9559 769.3625 237.8302 1.4503 1.6158 4.1204 2.7889 1.5110 18.8694 -7.8883 0.9984
Car -1 -1 -8.0125 650.7855 161.9036 710.3182 211.7778 1.8227 1.6824 4.1379 2.6581 1.4222 28.4900 -7.9209 0.9938
Car -1 -1 -4.6632 535.7418 170.6431 570.7888 200.5226 1.4521 1.5989 4.1283 -2.9102 1.3444 37.1530 -4.7413 0.9750
Car -1 -1 -4.7699 632.6274 163.5733 661.3552 190.7823 1.6964 1.6338 3.9214 2.3348 1.1175 46.9539 -4.7208 0.9592
Car -1 -1 -4.7743 534.7862 170.2890 571.9858 200.7048 1.4740 1.6382 4.2937 -3.0108 1.3494 37.2095 -4.8548 0.9210
Car -1 -1 -7.8138 502.2759 171.9803 552.4971 217.8534 1.5384 1.6472 4.5548 -3.0022 1.5088 26.5281 -7.9259 0.8988
Car -1 -1 -8.0526 678.2095 174.8236 772.3782 238.0184 1.4588 1.6281 3.9573 2.8272 1.5153 18.8002 -7.9065 0.8848
Car -1 -1 -4.6077 538.1942 170.5780 575.3579 200.6292 1.4636 1.4913 4.1086 -2.7325 1.3524 37.2172 -4.6809 0.8542
Car -1 -1 -7.7589 500.9667 172.5195 555.4630 217.6397 1.5163 1.6019 3.8730 -2.9420 1.5048 26.1977 -7.8701 0.8331
Car -1 -1 -8.0715 699.0549 174.6427 837.0959 267.4816 1.4488 1.5676 4.1310 2.6914 1.4869 13.4245 -7.8788 0.8311
Car -1 -1 -7.7545 501.9088 171.9037 556.7603 217.8853 1.5465 1.6048 3.7981 -2.8999 1.5142 26.1745 -7.8642 0.7827
Car -1 -1 -4.8277 628.9188 164.7908 661.5192 191.2324 1.6483 1.6667 3.9554 2.2178 1.1454 47.0092 -4.7812 0.7230
Car -1 -1 -4.5917 538.4639 169.8614 578.0090 199.6425 1.4476 1.5320 4.2826 -2.6541 1.3018 37.2481 -4.6627 0.6522
Car -1 -1 -4.7757 634.1534 164.6987 662.8922 190.6013 1.6136 1.6192 3.7352 2.4295 1.1053 46.8258 -4.7245 0.6170
Car -1 -1 -4.7424 537.1130 170.5181 570.0763 200.9954 1.4756 1.5581 3.7740 -2.9647 1.3622 36.8946 -4.8225 0.6154
Car -1 -1 -8.0077 651.2515 160.9567 712.1605 212.4682 1.8509 1.7087 4.2022 2.6588 1.4231 28.0758 -7.9148 0.6056
Car -1 -1 -7.6438 534.6102 171.0031 581.5373 199.9750 1.4145 1.6158 4.0342 -2.6650 1.3238 37.3369 -7.7150 0.6028
Car -1 -1 -7.9984 655.0132 162.0605 714.0981 211.4518 1.7956 1.7380 3.8447 2.7912 1.4029 28.1922 -7.9013 0.5941
Car -1 -1 -7.8163 503.9357 172.1444 552.7661 216.5105 1.5105 1.6347 4.3783 -3.0035 1.4860 26.8081 -7.9274 0.5549
Car -1 -1 -7.9036 632.6545 165.7327 660.6298 190.5382 1.5375 1.6132 3.6652 2.2950 1.0958 46.5564 -7.8550 0.5506
Car -1 -1 -4.8969 629.4417 168.0318 664.1227 190.5720 1.4158 1.5781 3.8781 2.3370 1.1126 47.3507 -4.8482 0.5485
Car -1 -1 -4.8420 626.4447 164.4541 660.6637 190.9854 1.6459 1.7298 3.7735 2.0960 1.1245 46.7154 -4.7978 0.5194
Car -1 -1 -4.6008 539.2242 169.5579 576.2853 200.0422 1.4769 1.4988 3.5441 -2.6565 1.3169 36.7565 -4.6728 0.5097
Car -1 -1 -4.7300 636.8428 163.4075 664.2330 190.9984 1.7189 1.6995 3.9997 2.5675 1.1301 46.9807 -4.6760 0.4642
Car -1 -1 -7.8738 538.5505 169.9033 570.8732 199.2295 1.4563 1.6036 4.0607 -2.9889 1.3095 37.9298 -7.9523 0.2729
Pedestrian -1 -1 -3.3185 91.7103 171.8370 153.2370 329.4002 1.7021 0.4533 0.5064 -5.5522 1.6908 8.1333 -3.9028 0.0672
Pedestrian -1 -1 -3.9217 73.1562 164.8660 152.9306 328.8622 1.7781 0.5007 0.5473 -5.6522 1.6912 8.1410 -4.5137 0.0636
Cyclist -1 -1 -4.2426 0.0000 160.3804 104.2821 369.0275 1.7877 0.4917 1.8399 -5.7861 1.6806 7.1323 -4.9062 0.0542
Car -1 -1 -7.6167 564.9249 166.5331 596.2098 188.5054 1.8796 1.7377 4.6496 -2.5950 1.3386 64.1740 -7.6573 0.0383
Car -1 -1 -4.6639 566.4537 168.5454 586.8970 188.3618 1.6989 1.6150 4.0935 -2.9459 1.3292 63.9092 -4.7101 0.0355
Car -1 -1 -4.4683 566.6135 169.2762 594.3530 188.4021 1.6360 1.5479 3.9336 -2.5992 1.3296 63.8011 -4.5091 0.0315
Car -1 -1 -7.6112 491.4935 174.1662 557.6652 213.8162 1.4833 1.7265 4.0997 -3.4221 1.5402 29.2773 -7.7270 0.0165
Car -1 -1 -8.0138 506.2619 173.4267 561.5604 212.8781 1.4898 1.6532 3.7060 -3.1953 1.5143 29.3112 -8.1219 0.0149
Car -1 -1 -4.0000 0.0000 153.4738 92.0468 200.8015 1.7288 1.6722 3.6586 -22.5025 1.0206 28.2202 -4.6687 0.0135
Car -1 -1 -3.9591 0.0000 153.7121 90.3697 203.6528 1.8281 1.6902 3.7234 -22.7317 1.1271 28.3365 -4.6307 0.0128
Car -1 -1 -7.1628 0.0788 148.1090 114.0830 201.4153 2.0405 1.7517 3.6708 -22.5018 1.0930 29.4915 -7.8103 0.0124
Car -1 -1 -7.3655 0.0000 148.6168 76.2638 195.2008 1.7283 1.7523 3.2117 -22.9849 0.8288 28.5098 -8.0395 0.0121
Car -1 -1 -7.3505 0.0000 146.7073 95.1959 199.3496 2.0036 1.8294 3.5936 -22.9965 1.0081 29.3794 -8.0103 0.0118
Car -1 -1 -4.4170 614.7618 172.2431 643.5855 189.3839 1.5269 1.5737 3.9454 1.7751 1.4722 66.3941 -4.3907 0.0111
Car -1 -1 -6.9935 7.0694 150.9679 118.1219 201.4271 1.9200 1.5741 3.3748 -22.1388 1.0869 29.2729 -7.6368 0.0108
Car -1 -1 -2.2236 0.0000 152.8145 87.5873 199.7185 1.7697 1.7337 3.5408 -22.9008 1.0133 28.4948 -2.8961 0.0106
Car -1 -1 -4.3885 613.2805 170.4936 645.7884 189.2944 1.5059 1.5032 4.0130 1.6337 1.3165 59.9350 -4.3617 0.0105
Car -1 -1 -4.5833 614.1998 173.0411 635.8784 189.6737 1.4832 1.5114 3.8833 1.3900 1.5007 66.4220 -4.5628 0.0096
Pedestrian -1 -1 -4.0351 345.3137 183.8134 382.3064 254.4818 1.2727 0.4571 0.4679 -4.6173 1.4802 13.3849 -4.3618 0.0091
Car -1 -1 -4.7320 613.3807 172.9415 630.8412 189.4102 1.4699 1.5222 4.0070 1.0692 1.4779 66.4260 -4.7163 0.0090
Car -1 -1 -7.5934 627.2136 170.2796 658.2867 189.0995 1.5124 1.6220 3.9685 2.7388 1.3052 60.1199 -7.5484 0.0088
Car -1 -1 -2.3596 0.0000 152.1792 82.1290 198.6729 1.7661 1.6428 3.3964 -23.0662 0.9805 28.4025 -3.0372 0.0086
Car -1 -1 -5.6360 0.0000 155.0313 112.7355 200.9671 1.7597 1.7303 3.8536 -22.2307 1.0766 28.5253 -6.2936 0.0086
Car -1 -1 -7.2193 0.0000 146.6251 110.2077 200.8338 2.0828 1.8373 3.8014 -22.7868 1.0747 29.6384 -7.8705 0.0075
Car -1 -1 -2.2480 0.0000 150.3491 80.7636 197.3569 1.7785 1.6924 3.9216 -23.3765 0.9268 28.5388 -2.9297 0.0071
Car -1 -1 -4.7270 621.8383 172.4400 639.4601 189.4628 1.5165 1.5536 3.8927 1.8499 1.4793 66.2340 -4.6995 0.0070
Car -1 -1 -4.4451 620.0231 170.9679 648.9642 188.8036 1.5809 1.6442 4.0445 2.2570 1.4134 66.1302 -4.4115 0.0068
Car -1 -1 -7.2736 0.0000 151.4273 109.6284 204.5834 2.0344 1.7940 4.2931 -22.9921 1.2141 29.8208 -7.9262 0.0066
Car -1 -1 -5.6219 0.0000 152.3244 105.1930 199.6047 1.8017 1.6591 3.8237 -22.3577 1.0191 28.3292 -6.2856 0.0058
Car -1 -1 -4.3134 614.6924 168.9568 651.5814 188.9133 1.6021 1.6287 4.0493 1.9402 1.2889 60.1037 -4.2816 0.0055
Car -1 -1 -2.3912 0.0000 150.5642 88.0052 197.5494 1.7725 1.5728 3.7304 -22.7899 0.9313 28.1425 -3.0673 0.0047
Car -1 -1 -5.4965 0.0000 150.0168 103.6993 198.7123 1.8272 1.6566 3.9049 -22.2352 0.9700 28.1346 -6.1608 0.0046
Car -1 -1 -4.4447 621.3987 168.1000 653.6001 188.2857 1.6177 1.5856 4.3717 2.3081 1.2364 60.1464 -4.4068 0.0045
Pedestrian -1 -1 -4.6355 908.9894 158.6760 942.1789 239.1329 1.5483 0.5708 0.4501 6.1659 1.2751 14.2161 -4.2343 0.0044
Pedestrian -1 -1 -6.6338 408.0027 165.0359 428.6948 215.2572 1.7746 0.6471 0.5281 -6.9307 1.4980 25.9122 -6.8930 0.0044
Car -1 -1 -7.5709 0.0000 143.2055 79.7650 193.6791 1.9200 1.8056 3.8094 -23.4310 0.7919 29.5514 -8.2370 0.0043
Car -1 -1 -6.5189 0.0000 0.0000 1241.0000 374.0000 1.5363 1.5849 3.5981 -4.9931 1.6762 1.3650 -7.7707 0.0030
Car -1 -1 -6.5572 0.0000 0.0000 1241.0000 374.0000 1.5248 1.5751 3.5315 -4.1895 1.6443 1.2795 -7.7710 0.0030
Car -1 -1 -9.0122 0.0000 0.0000 1241.0000 374.0000 1.5401 1.5863 3.5799 4.6671 1.5134 1.3064 -7.7719 0.0030
Car -1 -1 -8.9916 0.0000 0.0000 1241.0000 374.0000 1.5452 1.5774 3.5479 4.2558 1.5067 1.2658 -7.7723 0.0030
Cyclist -1 -1 -7.3144 329.0826 174.3509 396.7520 262.3521 1.5212 0.4158 1.5994 -4.5828 1.5502 13.3260 -7.6402 0.0029
Pedestrian -1 -1 -5.3363 889.9647 153.8690 939.4121 246.4236 1.7269 0.5936 0.6684 5.7891 1.3724 13.8572 -4.9487 0.0023
Pedestrian -1 -1 -6.3489 413.2185 172.1610 423.4670 209.2610 1.4816 0.4816 0.3687 -7.7757 1.4536 29.1019 -6.6081 0.0019
Car -1 -1 -3.9215 0.0000 151.0673 107.6824 216.5117 1.5534 1.6318 3.8504 -15.6613 1.0359 19.1302 -4.6007 0.0015
Car -1 -1 -3.7911 0.0000 149.6145 111.0484 214.3310 1.5402 1.6136 3.8978 -15.7906 0.9868 19.2575 -4.4711 0.0014
Pedestrian -1 -1 -6.2283 349.2976 169.9388 369.2124 240.3165 1.4725 0.4834 0.3744 -5.3939 1.4112 15.3807 -6.5607 0.0012
Car -1 -1 -3.7466 0.0000 150.0675 120.0675 212.8673 1.5090 1.5735 3.7588 -15.5633 0.9612 19.3646 -4.4169 0.0011
Pedestrian -1 -1 -2.7432 889.5264 152.6013 934.2618 248.4187 1.8169 0.5380 0.6517 5.8458 1.4326 14.1026 -2.3583 0.0011
Car -1 -1 -7.0107 0.0000 149.5282 119.4682 206.7734 1.4317 1.7480 3.4444 -15.7883 0.8480 19.8962 -7.6751 0.0011
Car -1 -1 -3.8782 0.0000 147.7372 104.5173 214.5574 1.6045 1.7757 3.9678 -16.1073 1.0011 19.4188 -4.5640 0.0011
Car -1 -1 -5.6292 0.0000 141.3474 187.3878 207.1695 1.7367 1.7578 4.2689 -14.3937 0.9051 19.9931 -6.2470 0.0010
Car -1 -1 -5.9768 0.0000 152.4450 131.3134 217.5083 1.6138 1.7562 4.2802 -15.7103 1.1073 19.4816 -6.6488 0.0010
Pedestrian -1 -1 -6.6716 408.1439 165.7406 430.1354 214.4120 1.7334 0.6775 0.5549 -6.9607 1.4797 26.1339 -6.9298 0.0010
Car -1 -1 -5.6842 0.0000 154.4712 152.8844 210.1209 1.4826 1.6985 3.9697 -15.3612 0.9925 20.1617 -6.3290 0.0009
Car -1 -1 -7.2060 0.0000 149.0815 104.6631 208.1802 1.4893 1.8096 3.5128 -16.1346 0.8899 19.9611 -7.8793 0.0009
Car -1 -1 -5.4735 0.0000 151.8530 162.0489 212.3301 1.5686 1.7259 4.0799 -14.8820 1.0236 19.9179 -6.1088 0.0008
Car -1 -1 -5.5220 0.0000 152.7107 125.2421 213.4305 1.5955 1.4908 4.2104 -15.9493 1.0659 19.8946 -6.1913 0.0008
Car -1 -1 -5.7658 564.0271 170.2219 628.6193 193.4588 1.7258 1.6899 4.7485 -1.0971 1.5300 55.4643 -5.7859 0.0008
Car -1 -1 -6.8567 0.0000 149.4518 136.8682 205.8396 1.4218 1.6990 3.4534 -15.4948 0.8314 20.1064 -7.5069 0.0007
Car -1 -1 -5.8878 0.0000 147.6616 180.6742 207.1130 1.5669 1.7363 4.0943 -14.7173 0.9027 20.3210 -6.5085 0.0007
Car -1 -1 -5.3260 0.0000 148.0114 156.3186 214.5498 1.6679 1.8175 4.3205 -14.8443 1.0449 19.6216 -5.9672 0.0006
Car -1 -1 -7.0717 0.1694 145.8078 165.9917 206.9500 1.6273 1.6002 3.9730 -15.3886 0.9072 21.2932 -7.6916 0.0006
Car -1 -1 -6.8361 0.0000 141.4249 148.0826 206.4484 1.6168 1.8522 3.6945 -15.2723 0.8350 19.9987 -7.4819 0.0005
Car -1 -1 -7.2727 0.0000 148.2673 137.1976 207.6383 1.5646 1.6829 3.8759 -15.8339 0.9164 20.9984 -7.9128 0.0005
Car -1 -1 -5.1217 0.0000 141.2916 147.3374 215.7995 1.7914 1.8638 4.4916 -14.6243 1.0322 19.2707 -5.7643 0.0005
Car -1 -1 -5.5030 0.0000 153.8000 143.3915 213.4345 1.5543 1.7088 4.0540 -15.4266 1.0574 19.9113 -6.1558 0.0005
Car -1 -1 -5.5795 0.0000 146.4417 128.4457 207.7990 1.5389 1.8231 4.1485 -15.4443 0.8761 19.0694 -6.2535 0.0005
Car -1 -1 -6.8743 0.0000 144.0450 165.8202 205.2704 1.5882 1.7068 3.8327 -15.2481 0.8406 20.8101 -7.5006 0.0005
Car -1 -1 -5.5818 0.0000 151.9663 136.0632 211.4823 1.5403 1.7210 3.9603 -15.4584 0.9994 19.6138 -6.2428 0.0004
Car -1 -1 -6.7964 0.0000 139.5084 188.9162 205.6525 1.6988 1.8032 4.2847 -14.8560 0.8421 20.8533 -7.4095 0.0003
