Car -1 -1 -7.8415 581.0432 176.0202 613.0389 206.0289 1.4482 1.5614 3.6725 -0.6847 1.6185 37.0500 -7.8603 0.9835
Car -1 -1 -7.8052 540.1253 175.6010 568.9689 200.5305 1.4682 1.5993 4.0581 -3.4519 1.6470 44.9966 -7.8817 0.9631
Pedestrian -1 -1 -2.9482 85.8632 175.0440 143.9841 311.7769 1.7346 0.7020 0.5060 -6.6184 1.7647 9.5885 -3.5398 0.9032
Car -1 -1 -7.7902 539.3387 175.7539 569.3147 200.8787 1.4772 1.5991 4.2733 -3.4672 1.6666 45.0640 -7.8670 0.8642
Car -1 -1 -7.9078 579.7255 176.2671 612.7974 206.1483 1.4415 1.4906 3.8075 -0.7901 1.6265 37.2087 -7.9294 0.8548
Pedestrian -1 -1 -3.0964 87.9543 174.6025 136.7309 312.5403 1.7340 0.6985 0.4919 -6.5993 1.7578 9.5073 -3.6904 0.8526
Car -1 -1 -4.4062 768.2419 176.5126 817.3733 205.9827 1.5587 1.5880 3.9327 10.3358 1.7758 40.7731 -4.1601 0.6740
Pedestrian -1 -1 -6.2791 792.2703 181.0131 853.0738 334.2726 1.5925 0.5066 0.6155 2.2514 1.6847 7.8587 -6.0115 0.5803
Car -1 -1 -4.5435 770.9656 176.8559 810.6598 205.8765 1.5343 1.6135 3.4753 10.1692 1.7697 40.5904 -4.3002 0.5726
Car -1 -1 -4.2915 768.6057 175.9563 825.0748 205.6473 1.5721 1.6234 3.9345 10.5360 1.7554 40.6756 -4.0403 0.5627
Car -1 -1 -4.1090 767.7947 175.8911 834.2979 205.4171 1.5655 1.6613 3.9724 10.7376 1.7441 40.5784 -3.8526 0.4681
Car -1 -1 -7.6880 540.0621 175.5794 575.9837 200.8045 1.4840 1.5855 4.0686 -3.2279 1.6616 45.0017 -7.7596 0.4650
Car -1 -1 -4.6149 770.7711 178.3809 807.5554 205.9221 1.4485 1.6403 4.2400 10.2207 1.7807 41.1332 -4.3735 0.4524
Car -1 -1 -5.4241 19.9615 194.5226 127.7113 237.1832 1.4931 1.5454 3.2654 -20.4532 2.3522 27.5029 -6.0591 0.4336
Pedestrian -1 -1 -2.9923 148.0166 177.2392 168.7926 244.8626 1.7211 0.5077 0.3839 -11.7586 1.8364 18.7133 -3.5472 0.4287
Car -1 -1 -4.5593 768.8224 176.4249 807.9005 205.7213 1.5532 1.5875 3.8569 10.1004 1.7654 40.8485 -4.3191 0.4162
Pedestrian -1 -1 -6.5430 786.6650 180.6677 852.9011 333.1597 1.6161 0.5771 0.5647 2.2455 1.7052 7.9660 -6.2794 0.4108
Car -1 -1 -3.9064 769.6035 176.3249 839.1404 205.4985 1.5509 1.6184 3.6542 10.8349 1.7523 40.3287 -3.6463 0.3957
Car -1 -1 -2.6452 737.2411 178.7359 794.7843 202.0407 1.5681 1.6604 3.6452 11.0355 2.0007 51.2821 -2.4348 0.3702
Car -1 -1 -5.2923 25.6188 193.9425 127.0971 237.3406 1.5089 1.5555 3.3502 -20.5067 2.3560 27.6794 -5.9256 0.3537
Cyclist -1 -1 -7.0434 0.0000 178.1909 40.2643 220.4189 1.7888 0.4022 1.6684 -25.9589 2.0288 31.6330 -7.7266 0.3524
Car -1 -1 -8.8110 737.9554 179.2277 792.9668 203.2285 1.6153 1.6655 3.5096 11.0161 2.0854 51.3990 -8.6015 0.3431
Pedestrian -1 -1 -3.1133 150.6702 177.9418 170.7355 245.7920 1.7343 0.5481 0.4274 -11.7764 1.8692 18.8384 -3.6659 0.2990
Car -1 -1 -7.0126 769.5548 176.8655 846.3103 205.3136 1.5076 1.6565 4.0788 11.0429 1.7409 40.3586 -6.7479 0.2895
Car -1 -1 -3.7843 767.2850 176.7877 837.8000 205.3674 1.5183 1.5937 3.5428 10.6652 1.7444 40.1215 -3.5268 0.2672
Car -1 -1 -7.0979 769.8109 176.0020 845.7086 205.3290 1.5587 1.6562 4.2490 11.0994 1.7433 40.5558 -6.8331 0.2648
Car -1 -1 -2.8953 740.3843 178.6163 795.8214 201.7117 1.5643 1.6878 3.5381 11.1826 1.9850 51.1803 -2.6818 0.2641
Car -1 -1 -2.6448 732.2731 179.3804 791.3595 202.5826 1.5638 1.6770 3.7873 10.7903 2.0466 51.5421 -2.4401 0.2552
Pedestrian -1 -1 -3.0232 769.8113 177.4938 781.9214 202.8928 1.7439 0.5134 0.7644 11.4737 2.0678 50.0451 -2.7996 0.2454
Car -1 -1 -4.4429 776.4274 176.6427 823.1228 205.6065 1.5253 1.6242 3.6757 10.6579 1.7483 40.5186 -4.1879 0.2208
Car -1 -1 -5.5316 11.0123 194.0978 127.8704 237.1086 1.5188 1.5179 3.4445 -20.5007 2.3521 27.3642 -6.1701 0.2195
Car -1 -1 -4.1524 764.7938 175.6932 827.3241 205.2956 1.5745 1.6443 3.8119 10.4766 1.7416 40.6523 -3.9024 0.2142
Car -1 -1 -4.8346 766.6323 178.5154 805.1381 205.9785 1.4502 1.6127 4.2286 9.9465 1.7903 41.1956 -4.5998 0.2129
Car -1 -1 -6.8328 771.6983 177.3120 846.1628 205.5108 1.5006 1.6551 3.6688 11.0089 1.7563 40.1194 -6.5674 0.2128
Car -1 -1 -4.3755 772.9781 177.4637 821.2269 205.6218 1.4757 1.6097 3.3042 10.4257 1.7440 40.2306 -4.1242 0.2017
Pedestrian -1 -1 -6.8737 0.0878 177.4684 27.9571 220.4100 1.8427 0.7384 0.6342 -26.0259 2.0463 31.4616 -7.5608 0.2012
Pedestrian -1 -1 -5.1641 204.1328 176.1503 221.3868 213.6080 1.8074 0.6257 0.4029 -19.4473 1.9699 35.2528 -5.6653 0.1770
Pedestrian -1 -1 -5.0496 206.5306 175.3080 222.1884 212.6960 1.8147 0.5821 0.3773 -19.4551 1.9360 35.4084 -5.5491 0.1753
Car -1 -1 -5.2566 29.9220 192.9847 133.4365 236.7069 1.5145 1.6744 3.4541 -20.3656 2.3290 27.7620 -5.8852 0.1462
Car -1 -1 -8.1665 751.4019 178.3157 788.8045 201.8957 1.5994 1.6737 3.2544 11.3413 2.0013 51.4304 -7.9511 0.1421
Car -1 -1 -6.6186 773.8777 177.9336 853.4940 205.7604 1.4856 1.6247 3.9077 11.1598 1.7721 39.8005 -6.3477 0.1370
Car -1 -1 -6.9806 775.2352 175.0977 855.8032 204.2691 1.5560 1.6362 4.2905 11.4671 1.6863 40.3642 -6.7062 0.1270
Car -1 -1 -4.8073 765.2455 176.8521 801.5901 206.4250 1.5681 1.6197 3.9131 9.7321 1.8056 40.8618 -4.5756 0.1170
Car -1 -1 -6.6459 752.8073 177.3220 823.3870 205.3977 1.5025 1.5786 3.4551 9.7900 1.7556 39.9288 -6.4077 0.1151
Pedestrian -1 -1 -3.0490 3.9634 179.1840 39.3815 269.7516 1.7078 0.6304 0.4746 -11.5038 1.8343 14.0546 -3.7258 0.1148
Pedestrian -1 -1 -6.0399 150.7981 177.1833 172.9329 245.5728 1.7399 0.4824 0.3805 -11.6488 1.8534 18.6810 -6.5913 0.1125
Car -1 -1 -6.7285 774.3490 175.4230 857.7445 204.0348 1.5325 1.6322 4.1490 11.3620 1.6787 40.0111 -6.4542 0.1102
Car -1 -1 -3.5452 766.4390 178.2386 836.7406 205.3847 1.4411 1.5610 3.4008 10.4867 1.7449 39.7317 -3.2895 0.1082
Car -1 -1 -4.5153 782.6786 176.9883 825.0669 205.9729 1.5078 1.6182 3.5411 10.7561 1.7481 40.0368 -4.2551 0.1053
Car -1 -1 -4.5383 785.7742 176.6239 827.7717 205.7604 1.5299 1.6556 3.7615 11.0393 1.7518 40.4725 -4.2743 0.1004
Pedestrian -1 -1 -5.2368 37.3636 173.9658 59.5241 224.8642 1.7005 0.4845 0.3448 -19.0416 1.7383 24.4087 -5.8941 0.0990
Car -1 -1 -7.0671 744.5370 177.5779 800.3322 202.0071 1.6719 1.7618 3.7673 11.6432 2.0222 51.8097 -6.8477 0.0988
Car -1 -1 -6.7088 749.6965 177.9332 818.6246 205.0300 1.4340 1.5063 3.3586 9.5108 1.7202 39.6426 -6.4755 0.0875
Car -1 -1 -7.7646 754.5627 178.9383 782.4163 202.3282 1.5821 1.6656 3.2745 11.3199 2.0319 51.5591 -7.5502 0.0857
Car -1 -1 -7.2389 747.8088 177.4196 799.3257 201.4917 1.6347 1.7434 3.7712 11.6965 1.9732 51.6344 -7.0178 0.0807
Car -1 -1 -6.3722 777.0862 176.4917 861.0474 205.6316 1.5320 1.6331 4.2718 11.3187 1.7366 39.4362 -6.0952 0.0671
Cyclist -1 -1 -7.0688 0.0000 178.9146 34.1463 220.6847 1.7632 0.3736 1.7045 -26.1739 2.0354 31.5759 -7.7569 0.0547
Pedestrian -1 -1 -2.9183 1.0775 180.2149 39.3935 270.3394 1.6896 0.5893 0.4511 -11.4462 1.8353 13.9499 -3.5962 0.0546
Car -1 -1 -3.2808 749.1839 176.9580 817.2076 204.9994 1.5146 1.6158 3.4910 9.5713 1.7486 40.2206 -3.0493 0.0532
Car -1 -1 -7.3219 576.3513 175.9227 631.1652 202.9773 1.3972 1.5496 3.2839 -0.3403 1.5725 39.4820 -7.3310 0.0465
Car -1 -1 -7.3976 574.2228 175.6977 625.6519 203.3387 1.4323 1.5610 3.2208 -0.5496 1.5949 39.5465 -7.4119 0.0393
Car -1 -1 -3.9403 54.8055 191.0824 177.1926 235.5476 1.5205 1.5907 4.0873 -19.4603 2.2968 28.5901 -4.5338 0.0327
Car -1 -1 -4.7971 62.2828 193.6576 118.5983 237.9877 1.4987 1.4759 3.7189 -20.2896 2.3621 28.0639 -5.4187 0.0325
Car -1 -1 -6.8267 56.0593 189.9627 185.9420 234.3799 1.5148 1.6281 3.9561 -19.1551 2.2383 28.3901 -7.4161 0.0318
Pedestrian -1 -1 -5.3820 0.0000 178.6478 24.9748 220.7381 1.8012 0.7773 0.5996 -26.1684 2.0570 31.4427 -6.0720 0.0311
Pedestrian -1 -1 -5.2454 41.8453 173.5252 65.4419 226.9131 1.7984 0.5147 0.3835 -19.0310 1.8213 24.6236 -5.8983 0.0292
Car -1 -1 -3.9951 66.1454 187.1977 185.1036 231.4264 1.5428 1.5392 4.2080 -19.1984 2.1580 28.7755 -4.5794 0.0227
Pedestrian -1 -1 -5.9670 406.7224 174.2473 428.5523 218.3281 1.6713 0.5573 0.6690 -7.4190 1.7250 27.6730 -6.2270 0.0223
Car -1 -1 -7.3859 749.6910 177.3298 797.8622 201.6192 1.6537 1.8338 3.8853 11.7974 1.9887 51.9744 -7.1644 0.0217
Pedestrian -1 -1 -6.2231 410.3035 172.8992 427.0440 218.8168 1.7487 0.5678 0.5909 -7.4172 1.7502 27.8163 -6.4818 0.0188
Car -1 -1 -7.3944 750.6620 176.7121 803.0223 202.6626 1.7670 1.8676 4.5586 12.0792 2.0583 52.1856 -7.1687 0.0163
Pedestrian -1 -1 -4.0679 133.6170 183.6512 161.7069 231.7982 1.8249 0.6112 0.7081 -17.9123 2.2477 27.8940 -4.6346 0.0153
Car -1 -1 -4.3188 60.1487 191.7715 144.2816 235.9197 1.5143 1.4207 3.5718 -19.8299 2.3050 28.2706 -4.9263 0.0149
Pedestrian -1 -1 -5.9426 403.8588 172.3332 423.7705 217.6105 1.7292 0.5352 0.5972 -7.6131 1.7090 27.8459 -6.2075 0.0105
Car -1 -1 -4.5826 320.3981 179.9399 350.1960 201.7102 1.4522 1.5174 3.6651 -19.5458 1.9756 51.3645 -4.9447 0.0096
Car -1 -1 -4.4525 265.6578 175.8141 297.0466 194.2786 1.6088 1.5983 4.1001 -29.9057 1.8869 65.7116 -4.8783 0.0078
Car -1 -1 -4.2519 265.6903 175.5532 305.0049 194.1607 1.6259 1.6148 4.0868 -29.5379 1.8792 65.7206 -4.6730 0.0062
Car -1 -1 -4.0988 265.7419 174.5656 310.9204 193.9975 1.6998 1.6775 4.1392 -29.2514 1.8605 65.6956 -4.5164 0.0055
Pedestrian -1 -1 -6.7471 1068.4182 179.1730 1084.9612 209.7745 1.6348 0.6417 0.5171 25.2065 1.9794 39.0365 -6.1776 0.0048
Car -1 -1 -9.0431 953.5106 182.8037 1027.2336 210.1355 1.5056 1.5467 3.5621 22.5641 2.1232 42.9529 -8.5627 0.0036
Cyclist -1 -1 -7.7262 408.2678 172.3462 428.0209 219.5954 1.7605 0.5039 1.8547 -7.4339 1.7413 27.8367 -7.9852 0.0032
Pedestrian -1 -1 -6.4390 288.0947 178.8295 310.1250 242.2574 1.4823 0.5818 0.4003 -7.4996 1.6280 17.2809 -6.8433 0.0032
Car -1 -1 -5.0861 721.0832 179.1125 753.3547 196.7844 1.6342 1.7016 4.1409 12.3661 2.2643 70.4798 -4.9135 0.0023
Cyclist -1 -1 -7.2256 1065.9238 172.6708 1097.9755 207.3562 1.8486 0.6897 1.5269 25.5043 1.8386 39.0523 -6.6509 0.0022
Car -1 -1 -4.9390 727.6421 179.1194 754.5079 196.6505 1.6274 1.7074 4.0539 12.7555 2.2575 70.5244 -4.7612 0.0020
Pedestrian -1 -1 -3.2700 290.6184 181.5298 312.2327 242.8537 1.4258 0.5459 0.4086 -7.4140 1.6365 17.2107 -3.6716 0.0019
Car -1 -1 -4.6639 737.1303 178.8150 757.5778 196.4749 1.6362 1.7735 4.1095 13.4354 2.2369 70.5445 -4.4769 0.0019
Car -1 -1 -4.7821 734.0353 179.0113 754.8698 196.6111 1.6333 1.7154 4.0354 13.0938 2.2528 70.5328 -4.5997 0.0019
Pedestrian -1 -1 -6.3192 284.5733 176.4212 304.9574 240.0298 1.4987 0.5782 0.4310 -7.6529 1.5861 17.3933 -6.7285 0.0018
Pedestrian -1 -1 -6.1741 674.8295 173.2222 689.6386 228.8450 1.6075 0.4878 0.3830 2.0685 1.6181 21.1338 -6.0787 0.0016
Pedestrian -1 -1 -6.2011 674.4317 172.3670 690.6158 227.7907 1.6098 0.5119 0.4360 2.0888 1.5953 21.2472 -6.1052 0.0013
Cyclist -1 -1 -7.6592 284.6869 178.9451 317.7484 245.1936 1.5036 0.4322 1.5605 -7.4505 1.6564 17.3324 -8.0601 0.0012
Pedestrian -1 -1 -5.9215 668.7572 168.3094 688.5709 229.7607 1.7710 0.5570 0.4089 1.9642 1.6398 21.1346 -5.8309 0.0010
Car -1 -1 -4.7615 709.6663 176.9034 731.2147 197.5298 1.7827 1.7056 4.5268 9.9864 2.1637 65.6160 -4.6115 0.0008
Pedestrian -1 -1 -5.1332 868.0577 153.2005 926.9615 246.0843 1.7195 0.7401 0.8963 5.4375 1.3554 13.8247 -4.7663 0.0008
Pedestrian -1 -1 -5.1916 862.6191 158.2494 924.6923 248.5665 1.6903 0.7494 0.9797 5.4444 1.4166 14.0337 -4.8293 0.0008
Pedestrian -1 -1 -6.0327 667.0015 164.3925 689.2596 231.3980 1.9443 0.5817 0.5285 1.9649 1.6985 21.2997 -5.9428 0.0006
Car -1 -1 -4.8745 705.7757 176.7047 730.6142 197.9070 1.8321 1.5894 3.9450 9.6984 2.1895 65.0518 -4.7276 0.0004
Cyclist -1 -1 -8.0768 782.3571 179.4904 863.8734 344.8077 1.6045 0.4749 1.6110 2.2250 1.6842 7.8831 -7.8130 0.0003
Cyclist -1 -1 -5.7349 398.0841 174.1032 438.5026 217.0922 1.6269 0.4989 1.4577 -7.4248 1.6754 27.7784 -5.9942 0.0002
