Car -1 -1 -4.4703 341.7310 190.4769 483.5438 281.2136 1.4767 1.7640 4.3215 -3.8761 1.8898 14.7560 -4.7236 0.9999
Car -1 -1 -4.2688 147.2137 201.4133 337.0159 295.7801 1.3860 1.6288 3.9900 -6.8324 2.0116 13.8114 -4.7211 0.9998
Car -1 -1 -4.5345 446.3996 187.9001 514.6041 236.9377 1.3853 1.5518 3.5604 -4.1384 1.9072 23.2591 -4.7094 0.9994
Car -1 -1 -7.9398 635.4481 177.3064 676.2780 211.3800 1.5525 1.6449 4.0373 2.1562 1.7836 35.4484 -7.8801 0.9982
Car -1 -1 -3.4699 754.1882 165.6882 872.2668 209.4168 1.6574 1.7692 4.1126 7.8796 1.3855 28.3554 -3.2020 0.9667
Car -1 -1 -7.9543 634.5023 177.5353 676.0295 211.2886 1.5327 1.6126 4.1297 2.1246 1.7760 35.4423 -7.8955 0.9118
Car -1 -1 -3.4388 754.8029 165.4573 872.9639 208.9866 1.6546 1.7349 4.1377 7.9007 1.3732 28.3532 -3.1702 0.8415
Car -1 -1 -4.8466 485.6003 183.7096 516.1329 207.0339 1.5053 1.6100 3.8480 -7.7140 2.2970 50.5679 -4.9977 0.8362
Car -1 -1 -7.9430 635.8160 177.1726 677.3499 210.7866 1.5305 1.6568 4.1768 2.1924 1.7553 35.5056 -7.8824 0.8207
Car -1 -1 -4.7102 491.4372 183.6587 515.9123 206.9338 1.5061 1.6354 3.9470 -7.4950 2.2957 50.6822 -4.8567 0.7979
Car -1 -1 -3.3662 706.9578 168.4037 794.9240 199.6927 1.5909 1.6939 4.2250 7.2599 1.3643 37.6078 -3.1774 0.7969
Car -1 -1 -3.2801 731.7856 163.8400 840.4934 207.5949 1.8426 1.7521 4.3973 7.5570 1.4627 31.4657 -3.0470 0.7824
Car -1 -1 -3.4859 707.0055 167.8189 793.1841 199.2382 1.5932 1.6866 4.0945 7.2577 1.3376 37.7393 -3.2978 0.7559
Car -1 -1 -6.5729 757.7572 167.4502 872.6725 209.1049 1.5897 1.7375 4.0244 7.9791 1.3832 28.4444 -6.3025 0.6809
Car -1 -1 -3.2706 706.6793 169.9241 791.1246 200.9120 1.5707 1.6655 4.1262 7.1283 1.4219 37.5209 -3.0847 0.6626
Car -1 -1 -3.4153 749.0446 167.4519 861.8318 209.6857 1.6131 1.7801 3.9580 7.6024 1.4065 28.4804 -3.1575 0.5771
Car -1 -1 -3.6837 704.0783 167.4733 788.7786 198.6940 1.5756 1.6679 4.1027 7.1260 1.3037 37.9135 -3.4997 0.5754
Car -1 -1 -4.9801 478.2388 183.7646 516.0598 207.2489 1.5111 1.6505 3.8436 -7.9606 2.3054 50.4606 -5.1362 0.5357
Car -1 -1 -4.8653 485.8094 183.2182 517.9561 207.0916 1.5330 1.6663 3.6276 -7.5616 2.2798 50.0321 -5.0150 0.5253
Car -1 -1 -4.9534 481.8129 183.7273 516.7017 207.2732 1.5167 1.5965 3.5407 -7.7702 2.3023 50.2120 -5.1066 0.5026
Car -1 -1 -4.5641 491.2607 183.7541 523.0530 206.9678 1.5062 1.6282 4.1065 -7.2281 2.3046 50.8094 -4.7052 0.5018
Car -1 -1 -4.5859 489.8560 183.0495 521.5902 206.1310 1.5022 1.6963 4.2571 -7.3536 2.2527 50.9938 -4.7288 0.4389
Car -1 -1 -3.2588 712.4359 170.9657 794.4406 201.4676 1.5406 1.6628 3.9981 7.3442 1.4449 37.4211 -3.0669 0.4376
Car -1 -1 -3.2761 734.4461 166.6000 838.5378 207.2010 1.6985 1.6712 4.1811 7.5194 1.4366 31.2233 -3.0424 0.4058
Car -1 -1 -4.4168 489.5240 182.4507 530.3693 205.8198 1.5224 1.6980 4.2550 -7.0577 2.2311 51.0752 -4.5539 0.3402
Car -1 -1 -5.0889 469.6230 184.3502 515.3353 208.0419 1.5135 1.7255 4.2161 -8.3052 2.3543 50.5330 -5.2514 0.3172
Car -1 -1 -4.8040 492.3345 183.0776 521.1075 207.4022 1.5573 1.6231 3.8362 -7.2186 2.2943 49.9766 -4.9471 0.3025
Car -1 -1 -5.0323 480.9581 182.1806 523.7709 207.1743 1.5785 1.7094 4.0395 -7.4416 2.2449 49.3893 -5.1815 0.2431
Car -1 -1 -5.1198 473.1990 184.0242 516.5102 207.4474 1.5023 1.5954 3.8110 -8.0867 2.3115 50.2546 -5.2790 0.2187
Car -1 -1 -4.4162 492.0414 183.3796 531.3466 207.0799 1.5336 1.5921 4.1823 -6.9036 2.3068 50.8288 -4.5509 0.1716
Car -1 -1 -3.5998 1003.8699 157.2999 1107.6938 193.2254 1.4903 1.5413 3.4509 18.9510 0.8448 30.8511 -3.0533 0.1452
Car -1 -1 -6.5700 726.4483 168.8443 831.7092 206.3944 1.6049 1.7480 4.1961 7.3646 1.4332 31.8415 -6.3452 0.1198
Car -1 -1 -4.8288 665.4603 177.0843 689.4726 196.7084 1.5035 1.4961 3.6569 5.3592 1.8536 57.9238 -4.7374 0.1145
Car -1 -1 -5.0145 484.8265 182.1740 527.5621 208.2904 1.6338 1.7021 4.1702 -7.1254 2.2954 48.9916 -5.1587 0.1100
Car -1 -1 -4.4653 495.4483 183.1814 530.9449 207.3447 1.5607 1.5327 3.9808 -6.7514 2.3119 50.4350 -4.5982 0.0967
Car -1 -1 -6.7373 1003.7290 156.8220 1108.7297 193.0287 1.5092 1.5916 3.4965 19.0778 0.8406 31.0303 -6.1904 0.0950
Car -1 -1 -4.9753 658.5570 177.2217 688.9414 196.8311 1.4969 1.5116 3.6968 5.0533 1.8589 57.9006 -4.8892 0.0828
Car -1 -1 -4.6698 413.5393 186.3323 460.4862 228.6679 1.4321 1.5870 3.8743 -6.6353 1.9888 27.7660 -4.9028 0.0822
Car -1 -1 -4.6190 670.0463 175.8203 693.0538 195.5783 1.5165 1.5068 3.6758 5.7426 1.7623 57.9135 -4.5211 0.0791
Car -1 -1 -4.6438 417.1163 187.7947 463.2936 229.5463 1.4417 1.5011 3.9019 -6.6684 2.0723 28.4249 -4.8727 0.0755
Car -1 -1 -4.9220 424.0598 186.1112 483.2009 228.2725 1.4495 1.4917 3.7644 -6.1925 2.0026 28.1001 -5.1375 0.0666
Car -1 -1 -8.3527 959.1993 149.7699 1022.7593 183.3919 1.7160 1.5872 3.3288 20.2200 0.5375 38.5055 -7.8723 0.0586
Car -1 -1 -4.8306 421.4446 186.8654 477.0929 228.2593 1.3879 1.6247 3.9724 -6.2968 1.9688 27.7867 -5.0519 0.0580
Car -1 -1 -4.9260 424.3428 186.9091 483.9170 229.2592 1.4644 1.5194 3.7267 -6.2141 2.0544 28.2943 -5.1408 0.0559
Car -1 -1 -4.4213 395.4428 186.6552 464.7767 229.7416 1.4809 1.5633 3.8585 -6.9414 2.0543 28.0251 -4.6624 0.0468
Car -1 -1 -5.1797 651.3375 178.0376 689.4738 197.4648 1.4737 1.5233 3.7264 4.7759 1.9033 57.8225 -5.0981 0.0467
Car -1 -1 -4.9155 426.2045 186.5116 490.1118 228.1349 1.3937 1.6154 4.0261 -5.9524 1.9597 27.7505 -5.1254 0.0379
Car -1 -1 -7.7435 462.9697 176.1234 484.8722 193.5551 1.4097 1.4508 3.3554 -11.4519 1.6924 60.7280 -7.9294 0.0378
Car -1 -1 -8.2983 760.2515 159.1591 834.9780 204.3996 1.9083 1.6697 4.0409 8.3349 1.3303 32.5795 -8.0504 0.0364
Car -1 -1 -7.6630 461.6782 174.9158 488.6131 192.8824 1.4661 1.5450 3.8492 -11.4364 1.6463 61.2498 -7.8471 0.0353
Car -1 -1 -7.9928 730.7028 175.3184 777.9214 210.0240 1.4530 1.5883 3.4368 6.3434 1.5687 32.2161 -7.8006 0.0314
Car -1 -1 -6.9169 718.7294 173.0695 813.3716 208.0409 1.4872 1.6849 3.9007 6.9398 1.4970 32.2735 -6.7075 0.0292
Car -1 -1 -4.5649 702.7936 169.6534 727.8611 188.6627 1.6417 1.6429 4.0648 9.4219 1.3650 64.4965 -4.4208 0.0250
Car -1 -1 -7.5862 463.2334 175.3354 492.8381 193.4157 1.4694 1.5104 3.8235 -11.1712 1.6862 61.1509 -7.7665 0.0247
Car -1 -1 -4.4417 709.2657 169.6588 759.6591 200.5031 1.5570 1.6534 3.9971 6.6678 1.3954 38.5838 -4.2723 0.0247
Pedestrian -1 -1 -7.9250 668.3032 178.5186 683.6565 218.7895 1.5827 0.5719 0.5012 2.5756 1.8096 28.6844 -7.8371 0.0245
Car -1 -1 -6.0863 370.4502 186.4558 476.2677 224.4136 1.4415 1.6177 3.8701 -7.4702 2.0044 28.9657 -6.3370 0.0242
Car -1 -1 -8.3560 712.7739 176.6799 780.1458 211.1968 1.4238 1.4436 3.4492 5.9510 1.6032 32.0394 -8.1745 0.0240
Car -1 -1 -4.7142 461.2671 174.8277 479.9998 193.3121 1.5014 1.5085 3.7150 -11.8084 1.6733 60.9928 -4.9050 0.0225
Car -1 -1 -4.4248 703.8398 169.6531 734.9976 188.8372 1.6534 1.6608 4.0939 9.7742 1.3772 64.3908 -4.2751 0.0216
Car -1 -1 -7.4025 721.3897 175.1275 793.7218 208.8842 1.4130 1.6564 3.9253 6.6660 1.5218 32.5438 -7.2027 0.0210
Car -1 -1 -3.1868 668.8623 171.2136 720.9184 189.1951 1.5552 1.6992 4.4673 7.4004 1.4130 63.4081 -3.0714 0.0207
Car -1 -1 -3.2160 373.5949 187.2981 470.0955 227.6539 1.4736 1.5440 3.5959 -7.5121 2.0720 28.5980 -3.4712 0.0184
Car -1 -1 -3.4620 363.3271 186.2303 472.4740 229.1298 1.5184 1.5659 3.8412 -7.5517 2.0745 28.3085 -3.7209 0.0183
Car -1 -1 -4.6360 460.7989 174.5155 483.1452 192.9765 1.5051 1.5617 4.0293 -11.7176 1.6508 61.2934 -4.8244 0.0178
Car -1 -1 -4.7027 702.5596 170.0130 721.5202 188.7287 1.6168 1.6249 4.0294 9.1057 1.3711 64.4448 -4.5633 0.0168
Car -1 -1 -4.5593 424.5602 184.7676 466.5562 216.3941 1.4880 1.5680 3.6914 -8.4789 2.1345 37.2727 -4.7819 0.0161
Car -1 -1 -3.3058 359.2040 187.5088 471.7548 228.8719 1.4761 1.6688 4.0732 -7.7182 2.0869 28.4876 -3.5686 0.0159
Pedestrian -1 -1 -2.9603 359.0050 170.3128 376.3261 210.1519 1.8509 0.6572 0.6636 -11.4206 1.7325 33.8940 -3.2833 0.0132
Car -1 -1 -8.2574 708.4382 176.1272 778.2702 210.3774 1.4270 1.6905 3.8804 5.8896 1.5838 32.5408 -8.0804 0.0130
Car -1 -1 -3.5271 356.4054 185.8816 473.3828 226.9503 1.4255 1.7001 4.0667 -7.6145 1.9680 28.1580 -3.7894 0.0124
Car -1 -1 -6.9882 970.2800 151.3083 1058.2119 183.8678 1.6563 1.6939 3.8584 21.1761 0.5600 37.9156 -6.4822 0.0119
Car -1 -1 -3.1196 667.4777 171.4415 720.7087 189.6880 1.5813 1.7267 4.6058 7.4069 1.4586 63.7008 -3.0047 0.0115
Car -1 -1 -6.9269 973.2595 150.0625 1061.7382 182.8707 1.6673 1.6192 3.8264 21.2338 0.5087 37.7262 -6.4176 0.0082
Car -1 -1 -3.1012 357.4301 187.1540 469.2772 227.2557 1.4711 1.7138 4.1702 -7.7902 2.0651 28.6899 -3.3645 0.0079
Car -1 -1 -5.9021 393.5651 184.4153 473.8985 213.8637 1.4411 1.6663 3.6726 -9.1071 2.0550 37.2463 -6.1407 0.0077
Car -1 -1 -2.6614 356.0711 184.3916 477.6000 225.7482 1.5560 1.8471 4.4146 -7.8535 2.0464 29.3023 -2.9215 0.0072
Car -1 -1 -2.8935 354.9773 186.9504 472.3510 225.5953 1.4685 1.7250 4.2525 -7.8534 2.0516 28.9651 -3.1565 0.0062
Car -1 -1 -7.9345 415.4893 183.7599 466.4040 222.0531 1.4226 1.7606 3.7286 -7.1291 1.9069 30.0142 -8.1662 0.0060
Car -1 -1 -4.5238 426.6727 187.6283 472.2057 220.0191 1.4510 1.5569 3.5903 -7.9486 2.2208 35.7962 -4.7413 0.0056
Car -1 -1 -3.8677 401.6828 185.8194 478.9011 218.0902 1.4630 1.5433 3.6750 -8.5029 2.1486 36.2212 -4.0972 0.0055
Pedestrian -1 -1 -7.7952 301.0822 182.8260 319.3926 228.9902 1.5473 0.5490 0.4947 -10.2828 1.8921 24.6476 -8.1870 0.0055
Car -1 -1 -4.2601 414.5979 187.9236 472.7834 219.3853 1.4134 1.4803 3.4223 -8.2788 2.2034 36.0058 -4.4850 0.0054
Pedestrian -1 -1 -5.3604 1081.9038 141.6919 1147.2861 251.8667 1.7489 0.6448 0.5935 8.1614 1.2539 11.7670 -4.7660 0.0053
Car -1 -1 -4.5270 706.8646 169.8058 752.8077 200.8057 1.5620 1.6855 4.2125 6.4303 1.4082 38.6249 -4.3637 0.0048
Car -1 -1 -8.3589 701.0365 178.5382 774.5453 211.6293 1.3662 1.6093 3.8070 5.6463 1.6386 32.5598 -8.1893 0.0047
Pedestrian -1 -1 -5.7777 1072.8945 147.5671 1133.9369 249.0828 1.5916 0.5839 0.6160 7.9541 1.1948 11.7205 -5.1933 0.0046
Car -1 -1 -4.7541 431.9129 183.0271 463.4869 212.6284 1.4189 1.4615 3.6565 -8.5956 1.9804 37.8868 -4.9762 0.0043
Car -1 -1 -4.0535 432.4158 180.5461 499.8440 210.0649 1.4361 1.5033 3.7714 -7.5886 1.8644 38.1802 -4.2488 0.0034
Car -1 -1 -4.5696 435.0752 186.6969 473.6423 214.0762 1.2600 1.4047 3.8616 -8.0058 2.0108 37.1757 -4.7807 0.0031
Car -1 -1 -4.6401 434.7385 181.6055 467.9797 210.5361 1.4008 1.4441 3.7628 -8.3685 1.8864 38.0907 -4.8554 0.0031
Car -1 -1 -4.4591 435.8730 180.6512 481.2321 209.4027 1.4053 1.4528 3.7610 -8.0028 1.8387 38.2186 -4.6646 0.0027
Car -1 -1 -4.8674 455.1317 186.1903 493.3571 217.8150 1.4361 1.3715 3.3662 -6.8707 2.1369 36.1135 -5.0546 0.0024
Car -1 -1 -4.7719 450.6522 188.7185 481.1219 218.1527 1.3305 1.3002 3.4571 -7.3482 2.1716 36.4318 -4.9700 0.0019
Car -1 -1 -4.7237 450.7722 183.0815 486.1387 218.0451 1.5637 1.6201 3.9979 -7.0525 2.0985 35.6333 -4.9182 0.0019
Cyclist -1 -1 -8.2856 1024.9471 145.1824 1057.4447 189.8549 2.0529 0.5651 1.9067 20.3363 0.7810 34.1355 -7.7522 0.0007
Car -1 -1 -7.8184 370.3655 167.8257 394.9340 190.3020 1.7522 1.7510 4.1060 -18.4097 1.3599 58.4622 -8.1224 0.0007
Car -1 -1 -7.6448 375.8121 168.0192 408.5851 190.4386 1.7538 1.7353 4.0726 -17.6504 1.3753 58.5434 -7.9366 0.0006
Car -1 -1 -7.7072 372.2176 167.5353 402.3822 190.5347 1.7980 1.7633 4.0443 -18.0495 1.3819 58.5383 -8.0052 0.0006
Cyclist -1 -1 -8.3766 1018.6645 140.5136 1055.3939 188.8944 2.2425 0.5436 2.0642 20.3373 0.7432 34.4772 -7.8475 0.0005
