Car -1 -1 -8.0013 668.0898 176.0774 739.3699 227.7302 1.4760 1.6705 3.7012 2.8133 1.5856 22.7239 -7.8804 0.9999
Car -1 -1 -8.1423 730.7579 179.8696 929.9060 308.3499 1.5175 1.6937 3.7756 2.9365 1.6392 10.6410 -7.8813 0.9998
Car -1 -1 -2.6544 135.4906 167.8838 395.7326 264.2338 1.6848 1.6828 4.1131 -6.3978 1.5975 13.5671 -3.0880 0.9997
Car -1 -1 -8.3734 834.2635 196.7580 1241.0000 374.0000 1.4077 1.5576 3.5417 2.9100 1.6368 5.1311 -7.8831 0.9996
Car -1 -1 -7.9433 648.4543 171.0546 690.4417 208.8410 1.6601 1.5969 3.8388 2.6734 1.5808 33.6283 -7.8652 0.9996
Car -1 -1 -5.9159 307.0062 172.3447 469.6391 228.2830 1.5752 1.6217 4.2904 -6.5146 1.5605 21.2832 -6.2099 0.9967
Car -1 -1 -3.1029 432.5336 173.4961 521.2354 209.5478 1.6217 1.7001 3.9663 -6.1929 1.6523 33.6203 -3.2841 0.9750
Car -1 -1 -5.6148 50.2364 180.6029 350.7834 290.7994 1.4983 1.5947 3.8700 -6.2400 1.6287 11.0696 -6.1183 0.9615
Car -1 -1 -4.8085 643.1479 169.9204 680.1469 202.7514 1.7106 1.6281 4.0945 2.7493 1.5575 39.6639 -4.7403 0.9395
Car -1 -1 -5.5032 0.0000 157.1395 235.1112 374.0000 1.7909 1.6872 3.8663 -5.8665 1.6672 6.6530 -6.2062 0.9221
Car -1 -1 -2.6576 138.0268 169.1901 396.5537 264.7476 1.6745 1.7235 4.0772 -6.3840 1.6100 13.6116 -3.0891 0.8925
Car -1 -1 -2.9075 412.1555 178.4425 517.1477 212.3923 1.4124 1.5954 4.1920 -6.2716 1.6604 31.1797 -3.1048 0.8873
Car -1 -1 -2.4533 0.0000 148.2867 263.9877 320.3223 1.8845 1.6992 3.9167 -6.6642 1.6151 8.8651 -3.0837 0.8721
Car -1 -1 -2.7071 133.8457 167.2890 393.9714 262.9407 1.6780 1.6181 4.0798 -6.3675 1.5800 13.4667 -3.1417 0.8480
Car -1 -1 -3.1331 433.1679 174.0451 522.1563 209.5963 1.5920 1.6439 3.9709 -6.1650 1.6490 33.5389 -3.3139 0.8061
Car -1 -1 -2.5301 21.4977 177.8462 349.1091 291.7943 1.5478 1.6744 4.0645 -6.3371 1.6302 10.9186 -3.0459 0.7351
Car -1 -1 -5.4213 0.0000 166.6978 236.2431 374.0000 1.7070 1.6641 3.6665 -5.7492 1.6590 6.7212 -6.1096 0.7240
Car -1 -1 -5.6324 60.9833 182.0158 351.5265 290.3188 1.4751 1.5832 3.7020 -6.1508 1.6289 11.0729 -6.1297 0.7135
Car -1 -1 -2.9057 425.5534 178.0136 519.3719 211.5397 1.3946 1.5698 3.7156 -5.9370 1.6233 31.1566 -3.0929 0.6894
Car -1 -1 -3.0214 429.5946 174.2490 523.4365 209.7228 1.6069 1.6903 4.1403 -6.2187 1.6737 33.7308 -3.2028 0.6872
Car -1 -1 -2.7485 297.7730 171.8233 473.4725 227.6745 1.5667 1.6999 4.6608 -6.5997 1.5375 21.3089 -3.0458 0.6750
Car -1 -1 -2.9653 414.5685 179.0946 517.2236 212.4450 1.3826 1.5349 4.1224 -6.1813 1.6576 31.0214 -3.1608 0.6688
Car -1 -1 -2.7683 411.8947 177.9429 519.5112 212.9807 1.4532 1.6211 4.3046 -6.3001 1.6830 31.4442 -2.9649 0.6218
Car -1 -1 -4.8236 643.5413 173.2536 682.0309 202.9061 1.5429 1.6445 4.1733 2.8131 1.5657 39.7188 -4.7539 0.6124
Car -1 -1 -7.1083 389.8177 167.0382 511.8146 219.4205 1.8102 1.8369 4.6706 -5.9626 1.6089 27.4130 -7.3210 0.6008
Car -1 -1 -4.8024 644.8927 171.7624 682.2163 202.9183 1.6220 1.6766 3.9625 2.8474 1.5648 39.5598 -4.7316 0.5876
Car -1 -1 -2.9056 371.3580 167.3119 493.3468 218.1396 1.7786 1.7176 3.9949 -6.4023 1.5844 26.1126 -3.1442 0.5524
Car -1 -1 -2.7938 409.0808 176.7198 518.6301 212.7074 1.4950 1.6427 4.3681 -6.3569 1.6688 31.3554 -2.9927 0.5135
Car -1 -1 -4.8040 641.4244 170.4007 677.6268 203.2244 1.7113 1.6155 3.9326 2.6317 1.5831 39.6058 -4.7386 0.4897
Car -1 -1 -6.9767 389.5149 170.6850 510.6071 219.3703 1.7102 1.7548 4.4235 -6.0688 1.6337 27.6300 -7.1914 0.4560
Car -1 -1 -2.6696 203.0799 174.7675 396.1049 248.6526 1.5563 1.6364 3.6359 -6.9285 1.6014 16.1961 -3.0684 0.4508
Car -1 -1 -7.9041 638.7668 169.4798 664.8112 195.3494 1.6855 1.5634 3.8226 2.7668 1.4654 48.9269 -7.8483 0.3666
Car -1 -1 -7.8502 641.1142 168.6319 665.4299 194.6974 1.6965 1.5814 3.9331 2.9076 1.4214 48.9750 -7.7916 0.3578
Car -1 -1 -8.0270 632.1878 169.3429 666.4929 195.5971 1.7089 1.6390 4.0981 2.5988 1.4801 49.0986 -7.9748 0.3390
Car -1 -1 -4.6563 647.5860 172.4123 683.2607 202.3659 1.5548 1.7175 4.5079 3.0718 1.5316 39.8012 -4.5803 0.2903
Car -1 -1 -4.8138 641.7280 172.4793 680.5780 203.3306 1.5785 1.6600 4.2522 2.6751 1.5590 39.0695 -4.7464 0.2866
Car -1 -1 -2.5077 202.5083 172.5909 398.1104 245.6824 1.5394 1.6842 3.8585 -7.0676 1.5336 16.4626 -2.9078 0.2662
Car -1 -1 -6.9714 407.2771 174.6389 508.8649 217.1751 1.5309 1.6452 3.6526 -5.8915 1.6048 28.0696 -7.1769 0.2600
Car -1 -1 -2.8214 196.6670 173.7892 393.6422 249.4859 1.5703 1.6481 3.6582 -6.8850 1.5919 15.9618 -3.2230 0.2591
Car -1 -1 -7.8849 641.4550 169.8605 667.2593 194.7741 1.6203 1.6188 3.6818 2.9338 1.4253 48.7908 -7.8256 0.2072
Car -1 -1 -6.6156 391.3735 174.0325 507.7482 218.1162 1.6021 1.6739 4.1039 -6.2652 1.6506 28.1041 -6.8334 0.1710
Car -1 -1 -4.2086 259.9482 175.3652 409.3988 252.5040 1.4922 1.5236 3.5837 -5.9733 1.5540 15.9663 -4.5617 0.1646
Car -1 -1 -4.1874 239.1713 174.3257 407.0681 255.8185 1.5509 1.7126 3.8081 -6.1400 1.5870 15.8209 -4.5524 0.1568
Car -1 -1 -2.3288 216.7763 173.5439 397.4974 246.7735 1.5391 1.6754 3.8610 -7.0823 1.5563 16.7436 -2.7237 0.1538
Car -1 -1 -7.4590 274.1652 174.8976 408.2715 251.5919 1.5394 1.5817 3.5591 -5.9981 1.5907 16.3955 -7.8050 0.1505
Car -1 -1 -2.9101 464.4769 172.7022 529.3591 199.3967 1.5636 1.6133 3.5636 -6.7770 1.5545 43.2051 -3.0651 0.1272
Pedestrian -1 -1 -3.8684 745.4869 164.2001 762.2886 197.9764 1.8265 0.6604 0.6181 7.8296 1.3583 39.4606 -3.6744 0.1163
Car -1 -1 -7.7714 641.3922 168.5945 669.7316 194.4607 1.6808 1.6082 3.8779 3.0923 1.4037 48.9216 -7.7091 0.1141
Car -1 -1 -7.5589 273.3109 174.7898 399.7223 251.7786 1.5667 1.7173 3.6210 -6.1938 1.6160 16.6330 -7.9107 0.1133
Car -1 -1 -7.5988 493.0931 173.8690 531.6487 200.9005 1.5751 1.5391 3.3134 -5.9354 1.6390 43.9110 -7.7328 0.1049
Pedestrian -1 -1 -4.9796 1132.5247 163.7667 1149.6359 202.6626 1.7635 0.5538 0.3575 24.2288 1.3512 32.9792 -4.3505 0.1033
Car -1 -1 -7.7325 492.8044 174.1143 526.3852 200.9662 1.5641 1.5812 3.8411 -6.1332 1.6443 44.1448 -7.8702 0.1008
Pedestrian -1 -1 -8.1791 1128.1361 164.7015 1148.4290 205.0946 1.8270 0.6150 0.5119 24.0931 1.4579 32.9707 -7.5526 0.0997
Car -1 -1 -7.9418 298.7138 173.2789 390.5113 247.1737 1.5397 1.6984 4.0660 -6.4939 1.5509 17.2607 -8.2970 0.0975
Car -1 -1 -2.7545 462.0402 172.1651 529.7751 199.7805 1.6153 1.6385 3.6806 -6.8841 1.5747 43.4229 -2.9112 0.0960
Car -1 -1 -4.5209 506.3753 176.1054 542.5605 200.2944 1.4599 1.5654 4.0023 -5.4564 1.6768 46.1527 -4.6383 0.0948
Pedestrian -1 -1 -4.0820 745.6066 163.1122 763.4496 197.1195 1.8306 0.6818 0.6838 7.8380 1.3059 39.3219 -3.8871 0.0735
Car -1 -1 -5.6941 400.6546 177.9429 506.4457 216.0784 1.4324 1.5513 3.9496 -6.3183 1.6464 28.9335 -5.9077 0.0730
Car -1 -1 -4.5623 502.3917 176.9213 537.9017 200.2473 1.4118 1.6279 4.4970 -5.7984 1.6877 46.7320 -4.6855 0.0633
Pedestrian -1 -1 -8.1825 1134.3734 163.3764 1152.8030 203.0633 1.7918 0.5823 0.3787 24.2436 1.3636 32.8446 -7.5512 0.0606
Pedestrian -1 -1 -8.2219 1129.7871 164.4328 1151.3549 204.7994 1.8143 0.6176 0.5875 24.0665 1.4355 32.7934 -7.5934 0.0511
Car -1 -1 -7.5579 295.4233 177.5258 411.8481 247.1750 1.4465 1.5457 3.7779 -5.9932 1.5697 17.1572 -7.8897 0.0505
Car -1 -1 -4.5989 509.7437 176.1510 541.9484 200.4692 1.4799 1.6110 4.0753 -5.4119 1.7014 46.5024 -4.7145 0.0493
Car -1 -1 -4.9268 624.1182 170.8425 667.9242 203.4096 1.6915 1.5806 3.9507 1.8816 1.5868 39.5563 -4.8802 0.0480
Car -1 -1 -4.5710 501.9538 176.1166 536.1254 200.0547 1.4337 1.5982 4.0460 -5.7611 1.6498 45.8060 -4.6958 0.0479
Car -1 -1 -7.7206 297.2086 175.5761 393.9915 247.7584 1.4998 1.6327 3.9323 -6.2297 1.5724 17.2426 -8.0629 0.0454
Car -1 -1 -7.5811 495.3490 174.3289 533.8046 201.9484 1.6088 1.4710 3.3695 -5.8112 1.7020 43.9892 -7.7121 0.0438
Car -1 -1 -5.9272 399.5214 176.9727 504.9630 216.0744 1.4825 1.5520 3.7811 -6.2635 1.6514 28.6105 -6.1413 0.0434
Car -1 -1 -2.0926 238.2072 173.3392 395.8190 244.8410 1.5083 1.6873 4.0242 -7.0780 1.5209 17.1497 -2.4790 0.0411
Car -1 -1 -7.8325 630.9530 170.9341 649.9695 189.3566 1.5534 1.5744 4.0218 2.6574 1.3912 62.8984 -7.7908 0.0407
Car -1 -1 -3.7257 188.4456 173.8777 409.4711 260.5162 1.6028 1.7722 4.0740 -6.5877 1.6277 15.5843 -4.1201 0.0369
Car -1 -1 -4.7793 619.5818 170.0228 655.2245 203.3621 1.7374 1.6764 4.0447 1.4186 1.5896 39.6492 -4.7443 0.0335
Car -1 -1 -4.8674 516.4579 176.3563 550.2103 200.4475 1.4610 1.5580 3.9955 -5.0159 1.6968 46.5088 -4.9746 0.0332
Car -1 -1 -7.7952 633.5443 171.0051 654.5099 189.4540 1.5541 1.5942 4.0438 2.9694 1.3981 62.8756 -7.7485 0.0313
Car -1 -1 -7.8561 627.0011 171.3675 645.7430 189.8131 1.5583 1.5829 4.0374 2.2711 1.4324 62.9987 -7.8206 0.0290
Car -1 -1 -4.9089 881.9084 160.0423 958.9787 213.8605 1.7874 1.7686 4.0531 11.0789 1.3616 26.1254 -4.5123 0.0222
Car -1 -1 -7.9206 622.1420 171.4765 644.1503 190.1530 1.5758 1.6383 4.1741 1.9657 1.4593 62.9925 -7.8898 0.0219
Car -1 -1 -4.6746 502.4720 176.7217 531.3392 200.3337 1.4207 1.6779 4.3373 -5.9732 1.6809 46.3798 -4.8023 0.0217
Car -1 -1 -9.1234 0.0000 0.0000 1241.0000 374.0000 1.5356 1.6090 3.6160 2.5921 1.6693 0.3898 -7.8110 0.0205
Car -1 -1 -4.9533 872.3433 160.6512 959.6466 217.0984 1.8552 1.8858 4.2772 10.8304 1.4538 25.9692 -4.5626 0.0201
Car -1 -1 -4.6348 504.7490 175.8879 535.4978 200.9996 1.5147 1.6359 4.1307 -5.7353 1.7172 46.1303 -4.7582 0.0174
Pedestrian -1 -1 -7.7649 1001.3925 154.2204 1021.5846 195.1541 1.7627 0.7115 0.7575 17.5335 0.9600 31.5846 -7.2622 0.0171
Car -1 -1 -9.1674 0.0000 0.0000 1241.0000 374.0000 1.5115 1.6006 3.5945 3.0309 1.6462 0.3769 -7.8146 0.0159
Car -1 -1 -6.0897 520.3792 171.0484 567.1248 189.3855 1.5022 1.5720 3.6423 -5.5222 1.3540 60.0774 -6.1812 0.0149
Car -1 -1 -9.0442 0.0000 0.0000 1241.0000 374.0000 1.5187 1.5952 3.6512 2.2286 1.6631 0.4142 -7.7819 0.0138
Car -1 -1 -7.9156 514.6730 176.3197 541.7679 197.7366 1.3544 1.5761 3.5132 -5.5146 1.5941 48.1024 -8.0295 0.0135
Car -1 -1 -4.3871 491.1938 174.6886 538.2166 199.5418 1.4461 1.5749 4.3429 -5.8612 1.5650 44.6022 -4.5173 0.0129
Car -1 -1 -7.8265 313.4126 176.9785 391.0702 246.7446 1.4876 1.6102 3.8312 -6.2948 1.6003 17.6995 -8.1640 0.0120
Car -1 -1 -4.7590 539.2014 170.9732 562.5772 191.5805 1.6278 1.7009 4.5166 -4.9221 1.4789 59.3440 -4.8417 0.0083
Pedestrian -1 -1 -5.5972 151.7332 148.1467 180.1051 218.5066 1.9166 0.5807 0.3881 -12.3351 1.2433 19.9691 -6.1448 0.0083
Car -1 -1 -9.1563 0.0000 0.0000 1241.0000 374.0000 1.5021 1.6184 3.5995 3.4000 1.5913 0.3690 -7.7779 0.0072
Pedestrian -1 -1 -5.5772 155.0242 148.0051 183.2773 221.5441 2.0210 0.5880 0.3827 -12.3565 1.3378 20.1505 -6.1215 0.0064
Pedestrian -1 -1 -3.8882 1084.1160 166.2988 1147.4489 276.3917 1.5673 0.5537 0.5228 7.3540 1.4736 10.5852 -3.2946 0.0054
Pedestrian -1 -1 -5.6591 148.8705 147.1384 176.6941 220.8748 2.0264 0.5975 0.3823 -12.5283 1.3194 20.1414 -6.2098 0.0049
Car -1 -1 -4.7048 542.8248 170.3036 564.1518 192.2036 1.7305 1.6820 4.4951 -4.6554 1.5287 59.3163 -4.7831 0.0049
Car -1 -1 -7.9653 874.9943 158.4518 944.6954 215.7490 1.9281 1.8749 4.1951 10.8787 1.4431 26.5528 -7.5808 0.0038
Pedestrian -1 -1 -3.5833 1176.8090 156.2770 1206.2211 233.8840 1.8470 0.5222 0.3623 14.0204 1.4522 17.4677 -2.9156 0.0027
Pedestrian -1 -1 -3.8790 1182.3651 157.9143 1217.2354 229.9940 1.7209 0.5391 0.3932 14.2537 1.3639 17.5080 -3.2043 0.0025
Pedestrian -1 -1 -3.6198 1175.5873 151.4066 1212.1121 234.5856 1.9981 0.6456 0.4447 14.2550 1.4826 17.6915 -2.9501 0.0020
Pedestrian -1 -1 -6.4099 639.0747 170.0260 651.2848 195.6593 1.6686 0.4345 0.7484 2.2671 1.4842 47.2135 -6.3626 0.0003
