Car -1 -1 -7.6246 327.7868 190.0208 452.2702 274.2706 1.3972 1.5316 3.4085 -4.1002 1.5017 13.8628 -7.9073 0.9999
Car -1 -1 -7.4259 0.0000 184.1871 390.1475 375.0000 1.5681 1.6083 3.9220 -3.2541 1.5623 6.1732 -7.8936 0.9998
Car -1 -1 -7.8430 561.3735 177.7214 602.1040 215.5938 1.5839 1.7037 3.5742 -1.1742 1.2706 31.8724 -7.8799 0.9916
Car -1 -1 -7.3024 29.7169 186.0729 186.8860 246.0067 1.4163 1.6123 3.8362 -13.0320 1.4414 18.9943 -7.8973 0.9795
Car -1 -1 -7.5193 264.1241 183.4635 360.8267 233.8816 1.4160 1.6176 3.6473 -8.9778 1.3669 22.0494 -7.9020 0.9787
Car -1 -1 -7.6861 412.9244 179.7970 455.2289 209.0007 1.4726 1.6202 3.4406 -9.1670 1.1995 38.0196 -7.9215 0.9660
Car -1 -1 -7.5375 267.4055 184.5705 358.6801 234.0311 1.3893 1.5490 3.5223 -8.9508 1.3714 22.0006 -7.9199 0.8525
Car -1 -1 -4.5253 410.3815 178.5675 456.5049 208.5213 1.5097 1.6847 3.8893 -9.2358 1.1748 38.2136 -4.7612 0.7572
Car -1 -1 -4.5172 409.7360 178.9673 454.8335 209.1237 1.5153 1.6347 3.6492 -9.2455 1.2015 37.9782 -4.7548 0.7458
Car -1 -1 -4.1918 77.1251 187.8023 289.0505 275.1151 1.4470 1.5591 4.4335 -8.1559 1.5065 14.2692 -4.7032 0.7414
Car -1 -1 -7.2874 32.7230 186.7671 185.2607 246.2136 1.4031 1.5813 3.6063 -12.9589 1.4479 18.8867 -7.8824 0.7294
Car -1 -1 -7.3296 26.4435 185.8920 183.1398 246.4645 1.4268 1.6422 3.8697 -13.1024 1.4467 18.9675 -7.9277 0.7136
Car -1 -1 -7.6200 368.7980 164.6290 437.5294 214.3102 1.8773 1.7698 4.1312 -8.2680 1.0995 29.2618 -7.8932 0.7068
Car -1 -1 -7.3563 104.0513 188.1479 293.0959 269.1431 1.4173 1.5674 4.0815 -8.1894 1.4860 14.7682 -7.8551 0.6951
Car -1 -1 -4.1437 69.5527 187.3252 289.1154 275.0385 1.4609 1.6027 4.3480 -8.2454 1.5095 14.2932 -4.6590 0.6612
Car -1 -1 -7.7061 418.8416 180.4985 457.1323 209.1443 1.4490 1.5010 3.3060 -8.9790 1.2106 38.0716 -7.9365 0.6555
Car -1 -1 -7.6445 316.1965 179.6712 365.1226 210.1286 1.4497 1.5617 3.7185 -13.4065 1.1859 36.1671 -7.9974 0.6337
Car -1 -1 -7.5495 259.7114 184.1993 359.3385 234.3953 1.4066 1.6760 4.0893 -9.1304 1.3783 22.2494 -7.9350 0.6238
Car -1 -1 -4.1858 73.6353 188.1903 281.0284 276.2805 1.4525 1.5475 4.1625 -8.1845 1.5196 14.0819 -4.7043 0.5799
Car -1 -1 -7.5235 316.2699 180.2317 369.4595 210.3509 1.4335 1.4992 3.2909 -13.1928 1.1965 35.8739 -7.8738 0.5531
Car -1 -1 -7.3384 120.3593 188.3418 304.0161 268.4004 1.4341 1.5249 4.0685 -8.1003 1.5088 15.0939 -7.8238 0.5379
Car -1 -1 -4.0214 0.0000 164.0416 57.5232 205.6709 1.6578 1.7214 3.8561 -25.7591 0.8148 30.5600 -4.7175 0.4946
Car -1 -1 -7.3937 125.8176 186.8131 300.3485 266.0818 1.4497 1.5825 4.0142 -8.1806 1.4883 15.2549 -7.8789 0.4763
Car -1 -1 -7.5690 316.1839 179.3154 370.1092 209.5472 1.4408 1.5559 3.7217 -13.2764 1.1598 36.1675 -7.9187 0.4746
Car -1 -1 -4.2560 80.7596 188.4825 280.4297 279.3087 1.4681 1.5371 4.2880 -8.0452 1.5417 13.9620 -4.7707 0.4718
Pedestrian -1 -1 -7.8231 450.4207 182.6669 463.4107 211.0003 1.6812 0.7439 0.5582 -9.0480 1.5301 42.9943 -8.0297 0.4525
Car -1 -1 -7.2478 0.0000 168.5358 66.9382 206.6954 1.5490 1.5634 3.8959 -25.6315 0.8721 31.1825 -7.9317 0.4432
Car -1 -1 -7.7316 315.0573 180.2501 359.7808 210.8496 1.4518 1.6328 3.9384 -13.5871 1.2164 36.2113 -8.0885 0.4281
Car -1 -1 -3.9562 0.0000 155.5261 57.7762 203.6828 1.8872 1.8189 4.2433 -25.8561 0.7239 30.3389 -4.6577 0.3849
Car -1 -1 -4.4892 409.1769 178.8856 457.1926 209.2801 1.5000 1.6278 3.7703 -9.0460 1.1877 37.3714 -4.7254 0.3778
Car -1 -1 -7.2185 0.0000 166.2667 60.7268 205.9320 1.5957 1.6547 3.8653 -25.7693 0.8336 30.8944 -7.9095 0.3666
Car -1 -1 -3.9592 0.0000 163.9336 56.8105 205.3338 1.6551 1.8028 3.7343 -25.9250 0.8045 30.6534 -4.6570 0.3641
Car -1 -1 -7.4223 115.8970 187.5161 290.8134 268.4213 1.4496 1.5993 4.0486 -8.2765 1.5046 15.0687 -7.9173 0.3575
Car -1 -1 -7.6372 230.4720 178.7474 294.1819 218.5806 1.4453 1.5373 3.3217 -13.3564 1.2108 27.8745 -8.0805 0.3209
Car -1 -1 -4.1663 0.0000 165.1902 56.1982 205.2536 1.5895 1.6715 3.6647 -25.4490 0.7951 30.4539 -4.8582 0.2873
Pedestrian -1 -1 -7.7945 450.7818 182.1608 463.8869 210.2140 1.6689 0.7385 0.5366 -9.0417 1.4873 43.0835 -8.0005 0.2865
Car -1 -1 -7.5995 371.5618 167.4018 439.4392 217.4722 1.8967 1.7240 3.8716 -8.1584 1.2221 29.1807 -7.8701 0.2629
Car -1 -1 -7.8558 317.3173 180.5154 351.9162 211.5217 1.4675 1.5436 3.6140 -13.7042 1.2452 35.9873 -8.2175 0.2477
Car -1 -1 -3.8457 0.0000 157.7285 56.3204 204.1020 1.8231 1.9012 4.0755 -26.0697 0.7426 30.4255 -4.5499 0.2353
Car -1 -1 -7.1197 0.0000 164.4861 66.6495 204.4915 1.6271 1.8100 3.8955 -25.9655 0.7841 31.2235 -7.8093 0.2189
Car -1 -1 -7.5408 231.5110 177.2736 303.8673 217.1539 1.4510 1.5482 3.4400 -13.1764 1.1622 27.9577 -7.9778 0.1880
Car -1 -1 -7.8361 478.2953 175.5578 522.5790 218.0961 1.6992 1.7569 4.4768 -4.6294 1.3136 31.0478 -7.9833 0.1832
Car -1 -1 -7.9176 473.2601 175.7230 521.9048 217.8829 1.6722 1.7726 4.4467 -4.8378 1.2958 30.8746 -8.0721 0.1773
Car -1 -1 -2.4698 286.2442 179.7578 363.2150 211.6476 1.5222 1.5046 3.3275 -14.0086 1.2619 35.5219 -2.8432 0.1654
Car -1 -1 -2.6395 280.4499 180.0940 360.7104 211.5121 1.5011 1.4754 3.3655 -14.1031 1.2566 35.2872 -3.0174 0.1652
Car -1 -1 -4.6857 481.7593 174.0564 524.5836 217.6662 1.7370 1.6945 4.2802 -4.4658 1.2926 30.8556 -4.8286 0.1565
Car -1 -1 -7.8456 478.2596 175.6826 520.6919 217.4431 1.6539 1.6689 3.9267 -4.6191 1.2765 30.5313 -7.9949 0.1041
Car -1 -1 -7.7137 228.2509 177.0205 288.8180 217.6547 1.4737 1.6226 3.6128 -13.5790 1.1766 28.0376 -8.1612 0.0995
Car -1 -1 -2.8569 402.5731 179.0931 472.3817 204.3201 1.5050 1.6763 3.8249 -10.3741 1.1399 43.8247 -3.0883 0.0737
Car -1 -1 -2.6928 162.2777 178.3770 289.6190 218.2358 1.4549 1.5714 3.9507 -14.3564 1.2055 27.0933 -3.1762 0.0660
Pedestrian -1 -1 -8.6641 634.1312 176.4019 650.2936 208.5615 1.7316 0.6310 0.6132 1.8439 1.2572 39.1469 -8.6178 0.0446
Car -1 -1 -2.6420 0.0000 166.4188 49.6770 207.1150 1.6535 1.7652 3.8513 -26.3762 0.8900 30.4721 -3.3512 0.0382
Pedestrian -1 -1 -6.3752 523.2864 178.2401 538.0203 207.2005 1.7109 0.7919 0.8048 -4.6379 1.2990 42.9367 -6.4826 0.0380
Car -1 -1 -7.8924 598.9620 176.2533 621.6197 197.0341 1.5954 1.6402 4.1113 0.1518 0.9075 57.2739 -7.8901 0.0281
Car -1 -1 -2.2427 0.0000 166.7813 78.3570 205.8695 1.5838 1.7277 4.2746 -25.0055 0.8370 30.4280 -2.9264 0.0266
Car -1 -1 -4.7302 40.0240 176.1870 68.6389 197.6409 1.5226 1.6090 3.9594 -40.8972 0.8820 53.0672 -5.3846 0.0259
Car -1 -1 -4.7807 40.4458 175.5934 73.0521 196.8046 1.5117 1.6557 3.9702 -40.8741 0.8261 53.2694 -5.4330 0.0245
Cyclist -1 -1 -6.3172 633.2471 172.4350 661.6258 206.7173 1.8524 0.5718 1.5229 2.1222 1.1620 39.1423 -6.2639 0.0238
Car -1 -1 -6.2673 387.7478 174.8536 479.7076 220.0448 1.7755 1.7156 3.5610 -7.1344 1.3686 29.4685 -6.5031 0.0220
Car -1 -1 -8.0323 589.9996 176.3110 620.0195 197.1378 1.5973 1.6608 4.2431 -0.2778 0.9145 57.3687 -8.0376 0.0215
Car -1 -1 -7.7912 32.9542 175.9638 65.5170 197.7490 1.5329 1.6289 4.0194 -40.9213 0.8821 52.7024 -8.4492 0.0212
Cyclist -1 -1 -6.3894 633.6672 173.9189 666.2491 206.7786 1.7712 0.6830 1.7064 2.2581 1.1625 39.1318 -6.3326 0.0201
Car -1 -1 -5.5551 0.0000 162.9631 58.8897 201.9335 1.6064 1.8068 3.7715 -25.9527 0.6893 30.5884 -6.2545 0.0194
Car -1 -1 -3.4272 0.0000 0.0000 1240.0000 375.0000 1.4970 1.5967 3.5055 -3.7374 1.6000 1.6147 -4.5294 0.0179
Car -1 -1 -3.5077 0.0000 0.0000 1240.0000 375.0000 1.4806 1.6002 3.4022 -3.3476 1.5814 1.5541 -4.5778 0.0173
Car -1 -1 -2.4303 0.0000 168.6796 72.5155 205.8409 1.5282 1.7180 4.0304 -25.3619 0.8484 30.4640 -3.1203 0.0163
Car -1 -1 -3.4222 0.0000 0.0000 1240.0000 375.0000 1.5318 1.5954 3.5949 -4.1018 1.6098 1.5978 -4.5642 0.0130
Cyclist -1 -1 -6.2753 628.1582 176.0767 657.5828 208.0320 1.7276 0.5898 1.5906 1.8832 1.2337 39.2010 -6.2281 0.0096
Car -1 -1 -8.0866 583.6741 176.1618 616.3666 197.0571 1.5992 1.6405 4.3477 -0.6785 0.9064 57.3244 -8.0987 0.0096
Pedestrian -1 -1 -6.7005 1016.8983 92.9313 1182.2810 375.0000 1.9697 0.5090 0.3739 1.9507 1.6218 2.9862 -6.1629 0.0094
Car -1 -1 -4.6037 41.3002 174.8678 75.1248 197.1792 1.5762 1.5633 3.8174 -40.3553 0.8453 52.8229 -5.2539 0.0084
Car -1 -1 -8.0069 580.7174 176.1415 610.1373 196.7649 1.5745 1.6859 4.3649 -1.0400 0.8819 57.1753 -8.0254 0.0073
Car -1 -1 -8.0814 570.9819 175.6896 604.7288 195.5555 1.5089 1.7179 4.3908 -1.6396 0.7855 56.9401 -8.1105 0.0063
Car -1 -1 -7.9586 578.0711 176.5752 605.3818 196.2768 1.5017 1.7235 4.2400 -1.3275 0.8433 57.0054 -7.9822 0.0060
Car -1 -1 -8.2401 425.7591 180.5314 493.7559 217.5378 1.4793 1.4597 3.9644 -6.4362 1.2922 30.7878 -8.4448 0.0059
Pedestrian -1 -1 -6.5549 1051.1082 89.6599 1223.4540 375.0000 2.0015 0.5126 0.4211 2.0668 1.6519 2.9383 -5.9848 0.0057
Pedestrian -1 -1 -3.9798 521.0877 172.0410 539.6542 205.7692 1.9964 0.6938 0.8845 -4.6683 1.2167 43.1118 -4.0874 0.0056
Cyclist -1 -1 -7.6245 416.1810 168.4155 440.8708 216.1901 2.1007 0.6444 2.0197 -8.1541 1.3622 32.6235 -7.8678 0.0054
Car -1 -1 -6.5471 0.0000 0.0000 1240.0000 375.0000 1.5492 1.6350 3.5378 -4.5447 1.5957 1.3162 -7.7806 0.0049
Car -1 -1 -4.6564 120.0708 173.3105 145.1978 189.8663 1.3987 1.6235 3.6387 -41.4301 0.3931 62.7147 -5.2385 0.0047
Pedestrian -1 -1 -4.7490 808.5654 164.2523 844.3561 256.8805 1.7784 0.6475 0.5916 4.2492 1.3760 14.1676 -4.4635 0.0045
Cyclist -1 -1 -4.6237 424.2064 172.6104 442.7530 216.7453 1.9270 0.6312 2.0917 -7.8951 1.3768 32.4676 -4.8607 0.0034
Car -1 -1 -6.5431 0.0000 0.0000 1240.0000 375.0000 1.5264 1.6145 3.5796 -3.7766 1.5462 1.0144 -7.7841 0.0030
Car -1 -1 -5.1093 0.0000 137.6710 0.0000 375.0000 1.5717 1.6718 3.9652 -4.1293 1.5224 1.6707 -6.2391 0.0030
Car -1 -1 -6.4599 0.0000 0.0000 1240.0000 375.0000 1.4944 1.5969 3.7236 -2.2424 1.5736 0.4061 -7.7341 0.0030
Car -1 -1 -5.1425 0.0000 148.6620 158.8176 375.0000 1.5444 1.6668 3.8352 -3.4755 1.5115 1.6117 -6.2151 0.0030
Car -1 -1 -6.6499 0.0000 0.0000 1240.0000 375.0000 1.5351 1.6135 3.5581 -2.6508 1.5589 0.9457 -7.7880 0.0030
Car -1 -1 -6.5129 0.0000 0.0000 1240.0000 375.0000 1.5532 1.6146 3.6009 -4.1599 1.5961 1.0094 -7.7835 0.0030
Car -1 -1 -6.5708 0.0000 0.0000 1240.0000 375.0000 1.5349 1.6124 3.5663 -3.4059 1.5629 0.9890 -7.7853 0.0030
Car -1 -1 -6.6141 0.0000 0.0000 1240.0000 375.0000 1.5280 1.6111 3.5724 -3.0233 1.5411 0.9963 -7.7857 0.0030
Cyclist -1 -1 -7.6775 134.6062 164.2283 164.0118 210.2269 1.6201 0.6388 1.5307 -16.7016 0.8811 26.1482 -8.2414 0.0030
Car -1 -1 -4.7324 106.5323 170.6415 131.9323 188.2412 1.4284 1.6932 3.7769 -41.0629 0.2457 60.3729 -5.3278 0.0030
Car -1 -1 -4.7401 109.6584 171.1386 134.3384 188.3580 1.4116 1.6362 3.6101 -41.1686 0.2578 60.8759 -5.3329 0.0025
Cyclist -1 -1 -8.5402 784.5806 168.1893 860.8017 253.3876 1.5865 0.4879 1.6698 4.1729 1.2696 14.2490 -8.2610 0.0024
Cyclist -1 -1 -1.8615 132.7410 159.8841 171.7015 209.6752 1.7607 0.7590 1.6706 -16.6881 0.8651 26.2561 -2.4232 0.0023
Cyclist -1 -1 -4.6102 428.7747 172.5423 448.7368 217.0141 1.9466 0.6812 1.9664 -7.6605 1.3920 32.4844 -4.8403 0.0018
Pedestrian -1 -1 -4.6522 426.6901 172.3634 444.4746 216.2897 1.9611 0.7243 1.0553 -7.8568 1.3875 32.6767 -4.8867 0.0014
Cyclist -1 -1 -4.6919 426.8811 172.2312 443.4643 218.0269 2.0078 0.6892 2.0715 -7.8520 1.4387 32.6012 -4.9268 0.0013
Pedestrian -1 -1 -7.0814 135.5930 160.0113 167.5272 210.8278 1.8246 0.7825 0.6055 -16.6580 0.9198 26.1894 -7.6434 0.0011
Cyclist -1 -1 -2.4158 227.1423 174.0444 282.7902 221.7570 1.7344 0.6904 1.8721 -13.1503 1.3285 26.7158 -2.8695 0.0002
