Car -1 -1 -4.3819 331.7148 183.2255 393.2556 218.1745 1.6277 1.6973 4.2203 -12.6325 2.1893 36.9721 -4.7094 0.9625
Car -1 -1 -4.3758 331.7291 184.9547 393.3601 218.2495 1.5381 1.6832 4.2140 -12.6338 2.1935 36.9840 -4.7032 0.8507
Car -1 -1 -3.7179 0.0000 197.9822 39.3352 266.4030 1.4605 1.6398 4.0771 -17.9193 2.2040 19.1800 -4.4624 0.5110
Car -1 -1 -3.9313 0.0000 199.3374 38.8689 264.4635 1.4151 1.6209 3.8288 -17.6374 2.1915 19.2119 -4.6672 0.4767
Car -1 -1 -4.0895 0.0000 197.6901 39.7259 261.2234 1.4412 1.6185 3.4050 -17.5220 2.1743 19.5317 -4.8140 0.3877
Car -1 -1 -3.8774 0.0000 193.0504 34.3670 264.6211 1.5509 1.6343 4.1516 -17.7840 2.1418 18.9832 -4.6232 0.3774
Car -1 -1 -4.0880 0.0000 191.7605 32.8657 264.3671 1.5822 1.6185 4.0568 -17.4485 2.1331 18.9275 -4.8259 0.3455
Car -1 -1 -4.1627 0.0000 198.3242 34.8929 265.1390 1.4313 1.5503 3.8479 -17.2607 2.1747 19.0372 -4.8923 0.3326
Car -1 -1 -4.5117 373.1158 176.4445 404.3376 196.6403 1.6820 1.7807 4.3383 -19.3363 2.0070 63.1341 -4.8081 0.3123
Car -1 -1 -4.3639 0.0000 192.0540 28.2193 265.1142 1.5790 1.6022 4.0877 -17.0823 2.1411 18.9427 -5.0908 0.3097
Car -1 -1 -3.5529 0.0000 196.9769 34.9865 265.3445 1.4842 1.5693 3.9940 -18.1733 2.2015 19.3210 -4.3009 0.2562
Pedestrian -1 -1 -4.4392 1165.4495 171.8409 1190.4329 216.9005 1.7557 0.6081 0.7237 22.4460 1.7159 28.5739 -3.7787 0.2325
Car -1 -1 -4.0055 0.0000 197.6450 42.5074 260.7238 1.4675 1.7346 3.4070 -17.8545 2.2086 19.8576 -4.7313 0.2223
Car -1 -1 -4.6176 371.9245 176.9597 398.0514 196.9491 1.6581 1.7732 4.3861 -19.6701 2.0303 63.1347 -4.9187 0.2191
Car -1 -1 -4.8305 658.1500 182.1014 711.0912 224.9748 1.4633 1.5353 3.8221 2.7172 1.8387 27.3852 -4.7334 0.1957
Car -1 -1 -4.3737 372.8713 176.5975 410.0793 197.4070 1.7321 1.7750 4.3197 -19.0632 2.0703 63.0460 -4.6665 0.1478
Car -1 -1 -5.0202 656.0339 181.7675 727.4579 225.9634 1.4828 1.5568 3.8067 2.9337 1.8415 27.0437 -4.9141 0.1454
Car -1 -1 -5.0663 652.8783 180.2758 730.2391 225.3069 1.5375 1.6303 3.9585 2.9656 1.8414 27.4533 -4.9606 0.1160
Car -1 -1 -4.7044 666.0898 180.1339 712.3146 224.7479 1.5329 1.6287 4.0934 2.9908 1.8326 27.6106 -4.5984 0.1095
Car -1 -1 -4.7523 661.1843 182.7603 706.0939 225.9010 1.4507 1.5042 3.6196 2.6485 1.8460 26.9620 -4.6562 0.1090
Car -1 -1 -7.9360 658.4050 181.5526 708.3040 223.3896 1.4519 1.5817 3.7569 2.7070 1.8085 27.7145 -7.8403 0.1060
Car -1 -1 -4.2855 373.4279 176.4254 413.4024 197.6754 1.7652 1.7093 4.3040 -18.8608 2.0875 62.9405 -4.5758 0.1052
Pedestrian -1 -1 -4.0092 1156.1279 169.4874 1200.0398 255.7815 1.6695 0.5240 0.4361 11.1688 1.6041 14.2617 -3.3554 0.0992
Pedestrian -1 -1 -8.2904 786.3885 174.2303 803.1367 207.3104 1.7583 0.6146 0.7427 9.8960 1.8329 38.8102 -8.0430 0.0816
Pedestrian -1 -1 -3.9484 1162.0452 165.0756 1207.3892 252.4926 1.6903 0.5334 0.4547 11.2887 1.5396 14.2488 -3.2889 0.0757
Car -1 -1 -4.5795 646.6179 182.4193 699.5424 225.9524 1.4722 1.5088 3.8276 2.4060 1.8611 27.3259 -4.4934 0.0700
Cyclist -1 -1 -8.6895 777.8016 174.0978 810.2376 207.8077 1.7708 0.6643 1.6771 9.8579 1.8389 38.8487 -8.4433 0.0685
Cyclist -1 -1 -2.6893 775.8503 173.6596 811.5836 207.7271 1.7933 0.7287 1.7183 9.8475 1.8373 38.8530 -2.4434 0.0629
Car -1 -1 -4.4635 371.1649 178.9387 401.6551 198.9043 1.6414 1.5921 3.9843 -19.3747 2.1860 62.5844 -4.7628 0.0594
Pedestrian -1 -1 -8.3078 785.1558 173.5795 802.1912 206.8025 1.7743 0.6242 0.7511 9.8820 1.8136 38.9849 -8.0618 0.0562
Car -1 -1 -4.3773 0.0000 195.5522 69.7271 254.4973 1.4682 1.6156 3.8645 -17.9397 2.2156 21.6753 -5.0627 0.0530
Car -1 -1 -4.5016 617.2033 180.4177 682.5208 226.0479 1.5443 1.6472 4.1347 1.5468 1.8540 27.3635 -4.4465 0.0467
Car -1 -1 -4.1538 374.0814 176.5180 418.4289 197.9023 1.7702 1.6810 4.2913 -18.5725 2.1004 62.8058 -4.4405 0.0445
Car -1 -1 -4.3656 370.7758 179.0249 405.6238 199.1089 1.6356 1.5610 4.1161 -19.0783 2.1847 62.1431 -4.6626 0.0407
Car -1 -1 -4.3278 0.0000 197.4562 53.7146 256.0126 1.4217 1.5952 3.1785 -17.6708 2.1889 20.7532 -5.0269 0.0399
Car -1 -1 -4.6003 0.0000 196.1995 28.8266 257.8870 1.4907 1.6600 3.9662 -18.3434 2.2425 21.1379 -5.3089 0.0395
Car -1 -1 -6.3405 635.7065 180.0571 747.3444 221.3947 1.5004 1.6493 4.0995 2.9939 1.7832 27.4360 -6.2337 0.0339
Car -1 -1 -4.6707 650.3149 183.4686 697.4848 228.2128 1.4525 1.5660 3.8106 2.3466 1.8692 26.3574 -4.5837 0.0338
Car -1 -1 -7.9215 652.3431 181.4248 697.4056 221.6526 1.3951 1.4574 3.5918 2.3798 1.7441 27.6004 -7.8371 0.0326
Car -1 -1 -4.3825 610.7580 182.5637 688.2183 228.9099 1.5289 1.6813 3.9881 1.5072 1.9193 26.8726 -4.3279 0.0319
Car -1 -1 -5.9018 637.3427 180.4079 749.3006 223.8204 1.4965 1.5130 3.8778 3.0536 1.7955 27.0061 -5.7911 0.0278
Car -1 -1 -4.4778 626.0439 181.8427 689.4578 225.6996 1.4840 1.5306 3.9461 1.8402 1.8513 27.3922 -4.4122 0.0268
Car -1 -1 -7.2125 648.1276 180.0073 735.6755 220.4132 1.4414 1.5271 3.6548 3.2113 1.7396 28.2525 -7.1012 0.0256
Car -1 -1 -4.6298 635.2950 183.0244 688.3719 228.6198 1.4814 1.6274 3.8784 1.9160 1.8819 26.3946 -4.5589 0.0255
Car -1 -1 -7.5872 645.1552 180.9973 705.5342 220.1022 1.3893 1.4915 3.5213 2.5798 1.7304 28.3393 -7.4981 0.0255
Car -1 -1 -4.5382 628.6443 181.1056 688.6014 226.2003 1.5031 1.5919 3.8198 1.8323 1.8331 26.8430 -4.4716 0.0250
Car -1 -1 -4.5329 0.0000 194.8907 48.8444 255.4280 1.4842 1.6976 4.1670 -18.2460 2.2101 21.5449 -5.2296 0.0246
Car -1 -1 -3.5722 591.8261 180.7529 707.1417 223.2607 1.4925 1.6955 4.0402 1.4529 1.8094 27.4391 -3.5206 0.0224
Car -1 -1 -6.6985 629.1264 181.9492 735.0222 221.1411 1.4274 1.6280 3.7962 2.7674 1.8009 28.2833 -6.6027 0.0223
Car -1 -1 -6.4449 620.1387 181.6355 718.7324 222.5664 1.5287 1.5429 3.6434 2.2414 1.8836 28.2657 -6.3673 0.0219
Car -1 -1 -4.2564 371.6904 178.9044 410.8485 199.2211 1.6573 1.5846 4.1135 -18.8587 2.1975 62.3007 -4.5495 0.0217
Car -1 -1 -7.5271 0.0000 197.8851 60.7282 256.2364 1.4095 1.6636 3.8437 -17.9544 2.2213 21.3165 -8.2211 0.0214
Car -1 -1 -3.1344 616.9280 181.7083 725.1830 225.2203 1.5315 1.5562 3.8794 2.2050 1.8707 26.7253 -3.0538 0.0204
Car -1 -1 -3.5968 602.3072 179.7958 711.4249 222.1658 1.4721 1.4721 3.8072 1.7079 1.7446 26.9404 -3.5348 0.0198
Car -1 -1 -6.9255 640.1552 179.2018 740.8257 218.5943 1.4030 1.5938 3.6300 3.0756 1.6617 27.8269 -6.8172 0.0192
Car -1 -1 -3.3427 593.9188 182.8218 705.9504 222.7098 1.4534 1.6184 4.0881 1.4634 1.8544 27.9483 -3.2917 0.0184
Car -1 -1 -4.4592 606.4324 179.2973 675.9045 226.5485 1.6278 1.7368 3.8698 1.2209 1.8921 27.5345 -4.4161 0.0183
Car -1 -1 -4.9849 732.9185 174.1630 776.9626 202.8072 1.7839 1.7091 4.3599 9.4200 1.8736 47.3799 -4.7903 0.0174
Car -1 -1 -7.4503 0.0000 198.3547 72.0122 257.7898 1.4400 1.6747 3.7764 -17.7191 2.2643 21.2857 -8.1385 0.0158
Pedestrian -1 -1 -3.7996 1143.4216 168.7252 1176.5251 214.6154 1.7550 0.6302 0.7998 21.2250 1.5968 27.9146 -3.1550 0.0156
Car -1 -1 -3.5321 619.5425 179.8228 725.1814 221.8785 1.5196 1.5701 3.7420 2.3462 1.8007 27.8219 -3.4495 0.0156
Car -1 -1 -3.4075 624.1611 180.3396 725.7170 221.9073 1.4831 1.5330 3.5313 2.3718 1.7761 27.2004 -3.3222 0.0153
Car -1 -1 -2.8397 0.0000 198.4815 33.8684 260.7136 1.4600 1.6115 3.9199 -18.5283 2.2184 19.7903 -3.5856 0.0142
Car -1 -1 -5.1452 0.0000 195.1320 37.2643 254.7344 1.4932 1.6681 4.5318 -19.0124 2.1923 20.9863 -5.8751 0.0141
Car -1 -1 -4.9418 733.9868 173.9933 772.7411 202.9332 1.8104 1.5863 4.1201 9.3282 1.8882 47.3894 -4.7491 0.0137
Car -1 -1 -3.6624 603.4554 179.0603 713.0532 221.7277 1.4958 1.5738 3.8706 1.7920 1.7438 27.3088 -3.5983 0.0130
Car -1 -1 -3.0998 636.1002 181.5158 739.0027 222.7213 1.4612 1.5384 3.7305 2.8721 1.7980 27.0524 -2.9959 0.0129
Pedestrian -1 -1 -3.7437 1146.1278 167.8782 1181.8573 214.6043 1.7851 0.6658 0.8722 21.3819 1.5948 27.9186 -3.0956 0.0122
Car -1 -1 -3.7502 588.3791 179.7784 705.3246 224.1579 1.5163 1.7519 4.1208 1.3649 1.7933 27.0609 -3.7011 0.0110
Car -1 -1 -4.6928 0.0000 193.2685 24.9743 255.0974 1.5286 1.6586 4.3405 -18.5632 2.1989 21.4983 -5.3990 0.0108
Car -1 -1 -3.5571 626.0304 180.5810 733.6921 221.3494 1.4528 1.5576 3.7868 2.6127 1.7620 27.5592 -3.4643 0.0100
Car -1 -1 -2.3471 0.0000 199.7993 35.2451 257.3759 1.4657 1.6674 3.8183 -18.6569 2.2540 20.1813 -3.0868 0.0100
Car -1 -1 -1.9350 0.0000 199.8526 33.8261 256.0125 1.3765 1.6151 3.5928 -18.4697 2.2099 20.7290 -2.6565 0.0099
Car -1 -1 -2.9013 814.3779 180.5927 914.1407 220.7087 1.5217 1.6811 3.5791 10.4015 1.8579 29.6944 -2.5681 0.0094
Car -1 -1 -1.6354 0.0000 197.6650 24.4395 257.7573 1.4431 1.6879 4.0989 -18.4886 2.2379 21.0729 -2.3494 0.0094
Car -1 -1 -4.8414 0.0000 194.1850 29.7124 254.7245 1.5134 1.5469 4.1900 -18.6785 2.2042 21.4026 -5.5529 0.0088
Car -1 -1 -4.6773 616.1992 177.7596 666.8365 223.3053 1.5966 1.8107 4.0268 1.2360 1.7996 27.8190 -4.6341 0.0082
Car -1 -1 -2.9827 819.7402 179.8419 916.4645 219.8385 1.5304 1.5436 3.5500 10.5566 1.8322 29.6660 -2.6446 0.0080
Pedestrian -1 -1 -3.8875 1144.7808 162.5351 1192.9209 248.3750 1.6785 0.6249 0.4569 11.1233 1.4764 14.4427 -3.2415 0.0077
Car -1 -1 -7.8939 818.7632 169.8107 841.3182 190.2346 1.5068 1.4997 3.4365 16.7412 1.2820 55.0848 -7.6006 0.0069
Pedestrian -1 -1 -6.6558 1206.7255 150.1817 1241.0000 262.8262 1.7181 0.6479 0.5560 9.8608 1.3720 11.4013 -5.9558 0.0069
Car -1 -1 -2.9967 816.1544 178.9314 938.3187 220.7863 1.5734 1.7404 4.4829 10.8504 1.8368 29.4830 -2.6479 0.0062
Pedestrian -1 -1 -6.2868 912.8495 166.9459 924.5413 211.7687 1.8108 0.6348 0.4338 12.5850 1.5718 29.5261 -5.8879 0.0060
Car -1 -1 -4.8080 843.5004 183.4435 890.7544 222.4641 1.4330 1.4693 3.3406 10.3279 1.8887 29.2710 -4.4726 0.0059
Pedestrian -1 -1 -3.1965 906.3195 167.0388 921.9818 214.2969 1.9068 0.6786 0.5502 12.3971 1.6719 29.5251 -2.8030 0.0057
Car -1 -1 -7.8179 848.5137 175.8798 897.1335 218.7146 1.6474 1.7875 3.6831 10.9598 1.7819 30.0812 -7.4722 0.0048
Car -1 -1 -6.0049 842.8159 181.6001 959.2475 222.9088 1.5022 1.5696 4.0486 11.5549 1.8745 28.8799 -5.6284 0.0047
Car -1 -1 -2.9241 827.2900 181.3460 944.9319 221.0156 1.4652 1.6766 4.2015 11.1278 1.8314 29.2894 -2.5650 0.0046
Car -1 -1 -2.0511 0.0000 199.0722 36.1736 256.5365 1.4299 1.5960 4.0606 -18.7601 2.2371 20.7567 -2.7797 0.0046
Car -1 -1 -4.3387 320.2987 185.3585 372.0259 210.4806 1.3748 1.6085 3.8903 -15.8388 2.1608 43.4067 -4.6869 0.0045
Pedestrian -1 -1 -3.5980 1193.5861 154.6899 1241.0000 261.9384 1.6925 0.6118 0.4644 9.8787 1.4056 11.7377 -2.9111 0.0039
Car -1 -1 -4.7626 943.6984 181.4802 965.9872 200.4252 1.5886 1.5971 3.6946 30.6989 2.3816 64.3463 -4.3197 0.0028
Car -1 -1 -6.8197 1119.0255 149.3279 1204.4550 185.5028 1.6902 1.4354 2.9322 26.3559 0.5907 34.5882 -6.1727 0.0018
Car -1 -1 -2.1260 0.0000 198.1165 40.6737 258.1591 1.4899 1.7514 4.4050 -18.8274 2.2609 20.5779 -2.8607 0.0016
Car -1 -1 -4.5613 812.1202 174.6795 863.0796 210.4955 1.5104 1.6524 3.8818 10.3371 1.5983 32.7495 -4.2586 0.0015
Pedestrian -1 -1 -2.6113 678.2026 173.1372 689.3300 192.5438 1.7688 0.5374 0.8631 6.7510 1.7947 66.2496 -2.5105 0.0012
Car -1 -1 -6.9165 1116.4768 151.5972 1205.6907 185.3051 1.5829 1.6290 3.0386 26.4227 0.5844 34.7166 -6.2700 0.0012
Pedestrian -1 -1 -6.1053 679.3196 174.2109 690.1990 192.6973 1.6886 0.5578 0.9115 6.8548 1.8138 66.3579 -6.0032 0.0011
Car -1 -1 -6.9059 1111.9906 147.9392 1220.1974 186.3280 1.8018 1.6900 3.8759 26.6853 0.6321 34.7649 -6.2553 0.0008
Pedestrian -1 -1 -2.4932 677.8130 173.3419 689.7808 192.8886 1.7825 0.5919 0.9250 6.7643 1.8274 66.3569 -2.3925 0.0006
