Car -1 -1 -4.4563 361.1580 185.3179 413.9778 218.1062 1.4121 1.5988 3.2682 -10.4634 2.0280 34.0053 -4.7530 0.9985
Car -1 -1 -4.3492 216.8960 189.0488 333.9484 246.6885 1.4564 1.7004 4.4686 -9.9707 1.9965 21.7963 -4.7740 0.9960
Car -1 -1 -7.8866 483.1711 176.9674 508.2397 200.5151 1.5781 1.6238 3.8829 -8.1614 1.8810 51.1348 -8.0445 0.7005
Car -1 -1 -4.4547 357.5135 184.9192 412.8429 219.8553 1.4893 1.6339 3.4753 -10.4903 2.0830 33.7517 -4.7542 0.5883
Car -1 -1 -7.7847 484.7721 177.5303 510.7670 201.0448 1.5764 1.5647 3.7179 -7.9375 1.9194 51.0538 -7.9386 0.5030
Car -1 -1 -7.9250 478.8807 177.1986 506.4953 200.7427 1.5727 1.6489 3.9486 -8.3702 1.8927 51.0877 -8.0869 0.4963
Car -1 -1 -7.7686 576.2628 179.5211 596.0024 195.5109 1.4548 1.5901 3.5811 -2.2786 2.1089 69.0005 -7.8019 0.4918
Car -1 -1 -7.9284 480.3530 177.6967 506.7764 201.0215 1.5588 1.5877 3.3449 -8.2524 1.9115 50.7828 -8.0891 0.3930
Car -1 -1 -7.7420 576.5783 179.1117 596.8861 195.1116 1.4542 1.5613 3.4481 -2.2140 2.0657 68.7538 -7.7745 0.3363
Cyclist -1 -1 -7.7013 0.0000 182.0500 17.5727 230.0754 1.6519 0.4218 1.7667 -21.8430 1.9942 26.0155 -8.3948 0.2552
Car -1 -1 -7.7998 575.0739 178.9853 593.3853 195.0397 1.4602 1.5606 3.4529 -2.4521 2.0585 68.6978 -7.8358 0.2494
Car -1 -1 -7.7908 575.1651 179.4362 594.3668 196.1029 1.5161 1.6012 3.8534 -2.4120 2.1641 69.1223 -7.8259 0.2290
Car -1 -1 -7.7098 575.4086 179.1690 598.1981 195.8862 1.5197 1.6075 4.1994 -2.2198 2.1460 69.4140 -7.7421 0.2108
Pedestrian -1 -1 -7.5377 98.0604 179.0838 118.7938 219.3345 1.7954 0.5904 0.6749 -22.7803 2.0811 32.7184 -8.1423 0.1671
Cyclist -1 -1 -7.5981 0.0000 182.4481 22.2974 232.0264 1.6959 0.4499 1.7174 -21.6884 2.0515 25.8931 -8.2904 0.1487
Pedestrian -1 -1 -7.6833 0.0000 180.1183 19.5152 231.8358 1.8062 0.6347 0.7158 -21.6398 2.0704 25.7998 -8.3763 0.1425
Car -1 -1 -4.4237 482.3792 175.9923 520.3491 200.0926 1.6192 1.5986 3.9533 -7.6737 1.8500 51.0837 -4.5724 0.1054
Cyclist -1 -1 -7.6452 0.0000 182.5082 14.5224 232.8784 1.7072 0.4580 1.8122 -21.7901 2.0631 25.7110 -8.3432 0.0992
Cyclist -1 -1 -7.5142 0.0000 183.2855 19.0662 235.4954 1.7479 0.4776 1.8054 -21.5633 2.1291 25.4568 -8.2120 0.0902
Cyclist -1 -1 -7.8829 0.0000 181.7005 9.5301 229.6204 1.6712 0.3782 1.7268 -22.1479 2.0018 26.2199 -8.5794 0.0899
Pedestrian -1 -1 -6.1915 1018.9834 170.7874 1041.6649 221.3276 1.8043 0.6266 0.6611 15.2205 1.7302 26.2053 -5.6707 0.0769
Pedestrian -1 -1 -9.1512 1021.8747 171.0124 1046.3820 221.4204 1.7997 0.5876 0.6345 15.3499 1.7336 26.1928 -8.6266 0.0674
Cyclist -1 -1 -1.6434 0.0000 179.8860 16.1038 229.7564 1.7261 0.4356 1.7569 -21.7990 1.9867 25.9793 -2.3366 0.0431
Cyclist -1 -1 -7.7083 0.0000 182.1299 21.5165 229.7674 1.6571 0.3941 1.7943 -21.9157 2.0062 26.3079 -8.3980 0.0421
Car -1 -1 -4.7428 924.0651 180.5490 953.0847 205.6061 1.5957 1.6724 3.8254 22.3849 2.1436 49.3189 -4.3194 0.0385
Car -1 -1 -4.6291 925.5657 179.5816 958.1224 206.0469 1.6888 1.7022 4.0749 22.6954 2.1691 49.3501 -4.2008 0.0367
Car -1 -1 -2.8023 814.4805 175.7734 873.1281 200.0956 1.5364 1.5771 3.3482 15.3791 1.7353 47.6115 -2.4921 0.0220
Car -1 -1 -4.9057 682.2065 177.1818 722.7265 203.7933 1.4795 1.6430 3.9409 5.3947 1.7480 42.7959 -4.7816 0.0207
Pedestrian -1 -1 -4.5952 1156.8973 167.0639 1210.2484 281.3735 1.6734 0.5914 0.4385 8.6280 1.5883 10.9259 -3.9404 0.0207
Car -1 -1 -4.9432 677.4696 177.8867 718.3137 203.9535 1.4498 1.5857 3.7123 5.1293 1.7616 42.8116 -4.8253 0.0196
Car -1 -1 -4.8694 680.3438 176.9890 720.1476 203.8517 1.5150 1.6956 4.4615 5.3630 1.7777 43.6477 -4.7484 0.0168
Car -1 -1 -7.4630 973.3973 178.0451 1048.8025 211.2061 1.5434 1.8224 4.3129 20.1659 1.8190 36.2882 -6.9596 0.0108
Car -1 -1 -4.8838 677.6815 177.4451 717.8608 204.1084 1.4922 1.6773 4.2481 5.1728 1.7812 43.2930 -4.7662 0.0103
Car -1 -1 -7.4330 976.3739 178.9213 1046.0953 209.6339 1.4292 1.6729 3.7506 20.0483 1.7475 36.0848 -6.9298 0.0103
Car -1 -1 -4.8662 931.8410 183.3622 963.3707 205.1850 1.6790 1.7091 4.4016 28.0571 2.5886 60.1283 -4.4320 0.0097
Car -1 -1 -4.8691 677.6057 177.8774 719.0531 204.4677 1.4885 1.7503 4.7777 5.2500 1.8095 43.7276 -4.7509 0.0096
Car -1 -1 -3.5703 374.7723 180.9138 443.1227 206.5551 1.4961 1.7013 3.7509 -12.5828 2.0207 45.1277 -3.8411 0.0091
Car -1 -1 -4.6656 361.8532 181.0660 396.6738 209.9312 1.5212 1.7043 4.6096 -13.3647 2.0252 41.8631 -4.9731 0.0074
Car -1 -1 -3.3132 377.2145 181.9139 443.5586 206.2171 1.4211 1.6093 3.7565 -12.4423 2.0033 44.8616 -3.5826 0.0072
Pedestrian -1 -1 -6.2422 1212.2689 166.1322 1241.0000 292.9272 1.6536 0.5753 0.4735 8.4325 1.5656 9.7821 -5.5462 0.0071
Car -1 -1 -5.4758 348.1616 180.6974 411.4531 206.5941 1.5165 1.6597 3.6862 -14.3466 2.0211 44.8391 -5.7841 0.0063
Car -1 -1 -6.1256 452.4683 177.3745 511.2628 200.6531 1.5689 1.5344 3.7973 -8.8322 1.8852 49.7398 -6.3008 0.0060
Pedestrian -1 -1 -6.0497 1215.4768 162.2175 1241.0000 290.6461 1.6889 0.5658 0.4477 8.5689 1.5487 9.8367 -5.3484 0.0060
Car -1 -1 -5.3775 353.1089 180.5457 412.8368 204.8652 1.4253 1.6299 3.6912 -14.2366 1.9239 45.0879 -5.6820 0.0060
Pedestrian -1 -1 -2.9145 205.3077 188.8018 228.2118 244.5447 1.7150 0.6484 0.5011 -12.4659 2.2270 22.7957 -3.4104 0.0057
Car -1 -1 -5.9420 450.0781 177.1808 514.1442 200.7810 1.5880 1.6891 4.0533 -8.8979 1.8955 50.1479 -6.1171 0.0056
Car -1 -1 -5.4598 381.4524 184.2139 448.2197 210.4046 1.4620 1.6720 3.9171 -11.8283 2.1748 43.5422 -5.7240 0.0055
Car -1 -1 -4.8745 372.4062 181.5646 412.1266 207.5638 1.3763 1.5942 3.8397 -12.6457 1.9039 41.6591 -5.1678 0.0050
Car -1 -1 -6.1315 368.6826 181.2184 436.9380 205.9962 1.4772 1.6869 3.8647 -12.8554 2.0090 44.8257 -6.4096 0.0049
Car -1 -1 -6.3521 369.9774 179.1007 436.8047 205.3756 1.5650 1.7425 3.9114 -12.9752 1.9686 45.1676 -6.6306 0.0049
Car -1 -1 -5.6979 378.2083 183.4769 453.1898 210.8941 1.5708 1.7095 4.1582 -11.8620 2.2392 43.9476 -5.9604 0.0049
Car -1 -1 -5.6844 352.6659 179.0505 428.0380 206.9459 1.6611 1.7450 4.2657 -13.7510 2.0607 45.0911 -5.9791 0.0044
Pedestrian -1 -1 -3.1007 213.1082 189.6461 229.1348 240.7325 1.5734 0.5839 0.4212 -12.3377 2.1121 22.8095 -3.5920 0.0044
Car -1 -1 -4.6482 364.3922 183.3464 394.4394 208.3726 1.4214 1.5352 3.6139 -14.2299 2.0970 44.5446 -4.9560 0.0043
Car -1 -1 -5.0912 922.2338 184.4528 962.7277 205.6367 1.6415 1.6936 4.0048 27.6512 2.6415 60.1872 -4.6630 0.0042
Car -1 -1 -4.8541 387.4846 183.4805 423.7716 210.0778 1.4494 1.5763 3.6206 -12.2127 2.1096 42.8716 -5.1304 0.0041
Car -1 -1 -4.6370 373.5095 185.3741 409.4089 213.3651 1.5217 1.7658 3.8545 -13.0539 2.3061 43.1509 -4.9295 0.0041
Car -1 -1 -5.8475 354.8473 180.0788 433.7029 208.0544 1.6669 1.7169 4.3720 -13.3894 2.1265 44.7641 -6.1369 0.0041
Car -1 -1 -4.6203 362.4430 183.3788 400.8961 211.9205 1.5325 1.7820 4.2097 -13.4706 2.1870 42.6428 -4.9249 0.0039
Cyclist -1 -1 -7.6236 203.2170 187.6473 233.9420 248.4380 1.7892 0.4364 1.8270 -12.3057 2.2721 22.6319 -8.1171 0.0039
Car -1 -1 -4.3157 377.0709 179.2032 424.1485 204.4521 1.4885 1.5689 3.6060 -13.1440 1.9040 45.3653 -4.5965 0.0038
Car -1 -1 -4.5574 378.2802 179.1461 412.7762 204.1026 1.4710 1.5355 3.6296 -13.4804 1.8831 45.3885 -4.8449 0.0038
Car -1 -1 -4.4101 348.4606 183.5305 401.8848 213.0361 1.5853 1.7948 4.2669 -13.7758 2.2450 42.4604 -4.7224 0.0038
Car -1 -1 -4.7718 370.3986 184.5481 404.8262 211.2844 1.4190 1.6937 4.0395 -13.1417 2.1413 42.3972 -5.0710 0.0037
Car -1 -1 -5.0682 387.2693 182.0048 435.3861 207.3525 1.3868 1.5815 3.6405 -11.8590 1.9541 42.8160 -5.3372 0.0037
Car -1 -1 -4.1550 379.2140 179.1281 433.5505 204.6992 1.5027 1.6253 3.5979 -12.7656 1.9134 45.3139 -4.4285 0.0036
Car -1 -1 -5.5807 346.9082 181.4440 420.5811 209.6766 1.6470 1.6976 4.2680 -14.0492 2.1979 44.6846 -5.8840 0.0036
Car -1 -1 -4.7873 388.1963 183.1204 420.1402 209.0785 1.4033 1.5422 3.5978 -12.1936 2.0356 42.5070 -5.0654 0.0036
Car -1 -1 -4.1313 384.2121 180.0394 439.7565 205.3235 1.4728 1.6403 3.6003 -12.3593 1.9414 45.1136 -4.3976 0.0035
Car -1 -1 -7.1665 907.6055 175.9225 969.5330 200.6201 1.4702 1.5864 3.5962 20.3849 1.6669 44.8335 -6.7427 0.0034
Pedestrian -1 -1 -2.9681 211.6779 189.5398 232.1531 243.4063 1.6667 0.6109 0.4732 -12.3676 2.2047 22.9143 -3.4586 0.0034
Car -1 -1 -6.3955 374.4267 180.8945 456.9239 208.2971 1.6093 1.8068 4.8080 -12.1801 2.1308 45.1053 -6.6582 0.0033
Car -1 -1 -5.0801 381.3494 185.5712 431.0636 211.6410 1.4232 1.5784 3.9034 -12.3344 2.2239 43.4115 -5.3557 0.0032
Car -1 -1 -4.4169 358.1113 187.5827 400.1558 213.7071 1.4377 1.4504 3.5070 -13.8890 2.3604 43.4570 -4.7249 0.0031
Car -1 -1 -5.3277 384.8728 183.5749 449.0814 210.4534 1.4811 1.6564 4.0968 -11.6384 2.1525 43.2597 -5.5894 0.0031
Car -1 -1 -5.1058 387.0829 182.4736 438.5164 208.8773 1.4555 1.6400 3.7984 -11.8881 2.0583 43.2366 -5.3729 0.0030
Car -1 -1 -4.1910 379.6067 182.5861 437.1692 208.5091 1.4653 1.6293 4.0313 -12.4157 2.0951 44.5585 -4.4616 0.0030
Car -1 -1 -4.5878 373.8103 179.9471 406.1622 205.1298 1.4758 1.5006 3.6217 -13.7963 1.9393 45.2724 -4.8823 0.0029
Car -1 -1 -4.7517 380.0842 183.6334 411.8597 210.0411 1.4116 1.6363 3.7716 -12.6144 2.0737 42.2904 -5.0402 0.0028
Pedestrian -1 -1 -5.9572 1200.3926 157.2837 1241.0000 288.8235 1.7604 0.6051 0.5216 8.6030 1.5517 10.0368 -5.2636 0.0028
Car -1 -1 -4.7464 383.6792 184.0424 413.9673 210.6657 1.4380 1.5917 3.7175 -12.5595 2.1308 42.6804 -5.0313 0.0027
Car -1 -1 -4.7018 401.9629 180.7631 432.7186 206.9115 1.4293 1.6853 3.8933 -11.4378 1.9211 42.8011 -4.9617 0.0027
Car -1 -1 -2.5822 336.5078 183.4161 407.4554 208.5299 1.4629 1.6741 3.8417 -14.6553 2.1308 44.3730 -2.8997 0.0027
Pedestrian -1 -1 -2.9311 205.1402 187.0569 231.8619 247.6940 1.8750 0.6940 0.6136 -12.4800 2.3342 22.9264 -3.4251 0.0026
Car -1 -1 -4.7812 387.9355 184.8419 419.2401 210.2140 1.4102 1.5814 3.7381 -12.6676 2.1753 44.0450 -5.0600 0.0026
Car -1 -1 -4.9431 383.0199 185.5878 423.3861 212.3137 1.4668 1.5280 3.7139 -12.5364 2.2693 43.4949 -5.2225 0.0026
Car -1 -1 -4.6357 367.5675 179.8357 397.7058 204.6390 1.4447 1.5166 3.6689 -14.2015 1.8997 45.0883 -4.9395 0.0026
Car -1 -1 -4.5308 384.8013 183.8611 422.3908 209.2047 1.4263 1.5347 3.9389 -12.6851 2.1344 44.4068 -4.8078 0.0026
Car -1 -1 -4.3165 353.3341 187.4091 402.4969 213.4761 1.4209 1.5491 3.5556 -13.8797 2.3295 43.2205 -4.6259 0.0026
Car -1 -1 -6.9166 907.8077 173.5740 975.1199 199.5414 1.5528 1.6796 3.4377 20.3337 1.5980 44.3867 -6.4899 0.0025
Pedestrian -1 -1 -7.8463 979.4423 167.9294 998.9496 214.6346 1.7574 0.6532 0.4205 14.3991 1.5718 27.4886 -7.3687 0.0025
Car -1 -1 -4.8841 387.3177 179.9592 429.8696 206.0081 1.4011 1.7246 4.0707 -11.8655 1.8383 42.2227 -5.1568 0.0024
Car -1 -1 -4.7307 387.9715 183.5661 414.7814 208.6777 1.4089 1.5107 4.0136 -12.9180 2.1002 44.4479 -5.0123 0.0022
Cyclist -1 -1 -5.0448 1184.8914 159.7490 1241.0000 301.5338 1.7860 0.6643 1.5597 8.5684 1.6206 9.9357 -4.3484 0.0020
Car -1 -1 -4.8254 384.1410 186.1145 415.8779 211.2731 1.3879 1.4422 3.7116 -12.8414 2.2309 43.8938 -5.1087 0.0016
Car -1 -1 -4.6465 371.2381 182.7004 399.9221 207.1020 1.3833 1.4441 3.7144 -13.8279 2.0169 44.4718 -4.9467 0.0015
Car -1 -1 -4.7959 380.5037 183.6887 410.6989 208.0661 1.3684 1.4560 3.9816 -13.2928 2.0682 44.5059 -5.0848 0.0015
Car -1 -1 -4.8048 382.0282 187.3005 413.6094 213.1041 1.4041 1.4929 3.6248 -12.8343 2.3124 43.4178 -5.0910 0.0013
Pedestrian -1 -1 -7.6270 982.9465 163.2601 1003.4388 214.6857 1.9356 0.6175 0.3992 14.5637 1.5742 27.5097 -7.1449 0.0011
Car -1 -1 -4.6120 373.5269 184.2935 407.5719 209.8993 1.4200 1.5898 4.0163 -13.3781 2.1515 44.0349 -4.9057 0.0006
