Car -1 -1 -8.0876 692.4743 181.0104 833.2169 275.6535 1.5132 1.6828 4.1039 2.7130 1.6946 13.9857 -7.9010 0.9999
Pedestrian -1 -1 -4.1908 1026.7393 177.9108 1089.7336 299.3789 1.5796 0.5181 0.5624 6.0137 1.6504 9.7771 -3.6536 0.1715
Cyclist -1 -1 -5.1439 1015.5529 179.2681 1104.8086 302.4713 1.5446 0.4861 1.3538 6.0256 1.6377 9.8170 -4.6076 0.1373
Pedestrian -1 -1 -4.4210 1033.6879 177.9622 1089.9144 297.7144 1.5888 0.5418 0.5085 6.1896 1.6618 9.9763 -3.8797 0.1244
Pedestrian -1 -1 -4.7385 1046.3376 188.4743 1085.0558 300.7064 1.4164 0.4082 0.5339 5.9546 1.6297 9.5318 -4.1948 0.1161
Pedestrian -1 -1 -7.8915 1050.1356 172.0286 1080.7072 229.0237 1.8314 0.8212 0.5762 14.8629 1.8046 23.6385 -7.3364 0.1043
Pedestrian -1 -1 -7.7676 1048.3252 170.9232 1080.0509 227.6572 1.8275 0.8390 0.5925 14.8899 1.7650 23.7308 -7.2133 0.1003
Pedestrian -1 -1 -4.4962 1036.9304 171.7272 1095.2341 298.2268 1.6555 0.5802 0.5224 6.1580 1.6404 9.8317 -3.9509 0.0840
Pedestrian -1 -1 -7.8267 1054.4235 169.5374 1083.7468 225.4779 1.7973 0.7995 0.5781 14.9967 1.6905 23.6445 -7.2676 0.0794
Pedestrian -1 -1 -4.3714 1018.0526 189.0334 1067.4412 295.9157 1.4223 0.4534 0.5018 5.9643 1.6546 10.0385 -3.8490 0.0767
Pedestrian -1 -1 -7.8854 1051.7860 167.6463 1082.0801 224.6634 1.8358 0.8155 0.6659 14.9662 1.6679 23.7246 -7.3288 0.0585
Cyclist -1 -1 -7.0059 1004.2147 179.6811 1117.1799 299.4401 1.5592 0.4927 1.3130 6.0541 1.6551 9.7975 -6.4666 0.0556
Pedestrian -1 -1 -7.8600 585.7329 158.8358 603.0854 205.0241 2.0220 0.7598 0.7217 -0.7361 1.4081 31.9596 -7.8834 0.0540
Cyclist -1 -1 -3.6658 1005.3292 176.0554 1140.6602 298.0367 1.6180 0.4606 1.5356 6.2308 1.6625 9.8343 -3.1154 0.0509
Pedestrian -1 -1 -5.2846 933.3533 148.3921 979.7899 228.0779 2.1082 0.6393 1.1051 9.3861 1.4607 19.6795 -4.8459 0.0484
Cyclist -1 -1 -5.3220 1016.9664 176.9958 1126.2367 305.2415 1.6068 0.4704 1.4819 6.1860 1.6673 9.8431 -4.7752 0.0435
Pedestrian -1 -1 -7.6819 581.5884 157.7669 602.3625 205.9144 2.1059 0.8047 0.7551 -0.8373 1.4457 31.9913 -7.7083 0.0260
Pedestrian -1 -1 -5.0860 851.5726 188.8551 875.3741 246.4654 1.3341 0.4181 0.3792 5.9237 1.7156 17.0181 -4.7572 0.0152
Car -1 -1 -4.5911 716.6816 177.9846 787.1501 226.6467 1.3920 1.7384 4.4205 4.6658 1.5757 23.5099 -4.3982 0.0129
Pedestrian -1 -1 -7.7776 582.6233 158.9921 599.9537 205.7960 2.0577 0.7106 0.8588 -0.8718 1.4480 32.1685 -7.8049 0.0109
Car -1 -1 -6.8108 679.5859 183.9686 759.2328 210.6918 1.3661 1.5629 4.0943 5.9694 1.9988 39.6059 -6.6629 0.0105
Car -1 -1 -4.7205 730.8030 175.6249 785.3909 223.8877 1.5026 1.6958 4.2772 5.0426 1.6070 24.9836 -4.5242 0.0088
Car -1 -1 -6.6585 692.7291 182.1365 775.5039 210.7366 1.4875 1.6296 4.1639 6.7446 2.0118 39.5524 -6.4914 0.0081
Car -1 -1 -3.2075 948.5315 174.9048 1079.2971 221.0884 1.4850 1.5634 3.8184 13.7244 1.5596 24.8454 -2.7083 0.0080
Pedestrian -1 -1 -6.4267 1138.0682 145.5635 1154.9014 210.8259 2.0451 0.5846 0.3451 17.0113 1.1896 22.9492 -5.7952 0.0073
Cyclist -1 -1 -7.7610 859.2535 179.0541 887.4338 243.9617 1.4655 0.5068 1.5133 6.2503 1.6201 17.2357 -7.4193 0.0064
Pedestrian -1 -1 -4.2002 1205.5728 148.8660 1241.0000 264.7399 2.0414 0.4581 0.3262 11.0256 1.6185 12.9837 -3.5079 0.0061
Car -1 -1 -6.6037 716.5775 181.5362 802.8333 209.2755 1.4514 1.6408 4.3251 8.1235 1.9393 39.4968 -6.4028 0.0061
Car -1 -1 -5.1578 920.9607 174.4745 1033.5966 222.3707 1.3383 1.4970 3.9693 11.1421 1.3926 22.2903 -4.6999 0.0055
Pedestrian -1 -1 -4.7431 861.2785 185.8531 884.7039 243.7931 1.3364 0.5037 0.3933 6.1494 1.6476 17.0250 -4.4028 0.0054
Pedestrian -1 -1 -6.7139 434.3387 160.6660 445.8410 191.0472 1.7200 0.5984 0.4289 -9.7436 1.0297 41.2163 -6.9449 0.0048
Pedestrian -1 -1 -3.8491 1122.3588 149.4216 1152.1719 208.6747 1.8611 0.6639 0.4397 16.7617 1.1248 23.0123 -3.2258 0.0046
Car -1 -1 -4.7332 729.1563 176.0024 780.4575 220.3709 1.4351 1.6582 4.0400 5.0625 1.5565 25.7713 -4.5420 0.0045
Car -1 -1 -2.9959 937.8928 175.0020 1074.2297 221.7461 1.4976 1.6584 3.9735 13.7022 1.5776 25.1372 -2.5022 0.0045
Car -1 -1 -3.5229 594.6561 173.0647 677.7651 206.8747 1.4716 1.5704 3.4304 1.1384 1.4812 32.7439 -3.4890 0.0044
Car -1 -1 -4.7962 741.6633 177.3412 784.4756 208.6994 1.3619 1.6258 3.9487 7.1067 1.5857 33.9823 -4.5922 0.0043
Car -1 -1 -5.6176 1241.0000 155.3060 1241.0000 374.0000 1.4258 1.6897 3.9973 8.3502 1.3322 5.8623 -4.6825 0.0042
Car -1 -1 -4.4693 721.0800 174.0837 792.5565 218.7020 1.5059 1.6730 4.0371 5.4504 1.5547 26.6545 -4.2704 0.0040
Car -1 -1 -4.7977 739.3310 176.4644 781.0098 207.6183 1.3878 1.6120 3.8986 7.1102 1.5710 34.6417 -4.5974 0.0039
Car -1 -1 -4.1285 0.0000 167.4418 0.0000 374.0000 1.4362 1.5893 3.8546 -7.4239 1.4111 5.3918 -5.0473 0.0038
Car -1 -1 -3.3222 954.2702 179.4032 1088.3619 224.5603 1.4332 1.4386 3.7584 13.8327 1.6675 24.5577 -2.8149 0.0037
Car -1 -1 -4.1265 0.0000 153.5697 0.0000 374.0000 1.4753 1.6480 3.7429 -7.0374 1.4084 4.5375 -5.0973 0.0036
Pedestrian -1 -1 -6.7417 1138.5575 151.5867 1166.0891 215.2349 1.9737 0.6274 0.4597 17.0245 1.3139 22.7235 -6.1052 0.0035
Car -1 -1 -6.8200 590.3426 168.6768 681.7968 205.6143 1.6027 1.7885 3.8020 1.1589 1.4212 33.0073 -6.7857 0.0031
Cyclist -1 -1 -7.6986 413.5267 171.6956 438.8764 232.1604 1.8348 0.5350 1.5781 -5.8179 1.7994 22.7056 -7.9472 0.0031
Car -1 -1 -6.5188 0.0000 0.0000 1241.0000 374.0000 1.5382 1.5852 3.6029 -4.9920 1.6778 1.3650 -7.7706 0.0030
Car -1 -1 -9.0038 0.0000 0.0000 1241.0000 374.0000 1.5567 1.5826 3.5486 4.2676 1.5776 1.2098 -7.7721 0.0030
Car -1 -1 -8.9761 0.0000 0.0000 1241.0000 374.0000 1.5589 1.5874 3.5646 3.8987 1.5844 1.1964 -7.7709 0.0030
Car -1 -1 -9.0710 0.0000 0.0000 1241.0000 374.0000 1.5477 1.5904 3.6006 5.8386 1.5797 1.3346 -7.7723 0.0030
Car -1 -1 -5.8785 1241.0000 176.3979 1241.0000 374.0000 1.5444 1.5890 3.6883 6.2606 1.5632 2.0067 -4.6602 0.0030
Car -1 -1 -6.5670 0.0000 0.0000 1241.0000 374.0000 1.5650 1.6133 3.6641 -3.4100 1.6252 0.9676 -7.7861 0.0030
Car -1 -1 -6.5543 0.0000 0.0000 1241.0000 374.0000 1.5292 1.5757 3.5259 -4.1823 1.6515 1.2644 -7.7706 0.0030
Car -1 -1 -9.0817 0.0000 0.0000 1241.0000 374.0000 1.5331 1.5981 3.6314 6.2424 1.5883 1.3779 -7.7727 0.0030
Car -1 -1 -6.5681 0.0000 0.0000 1241.0000 374.0000 1.5359 1.5696 3.4698 -3.8010 1.6348 1.1809 -7.7712 0.0030
Car -1 -1 -3.4435 0.0000 0.0000 1241.0000 374.0000 1.5566 1.5910 3.7101 -5.4317 1.6761 1.7244 -4.6603 0.0030
Car -1 -1 -9.0902 0.0000 0.0000 1241.0000 374.0000 1.5499 1.6030 3.6729 6.6052 1.5995 1.4219 -7.7737 0.0030
Car -1 -1 -5.8638 1241.0000 176.1658 1241.0000 374.0000 1.5377 1.5974 3.6789 7.0417 1.5571 2.4295 -4.6623 0.0030
Car -1 -1 -9.0567 0.0000 0.0000 1241.0000 374.0000 1.5393 1.5922 3.5947 5.4647 1.5848 1.3106 -7.7716 0.0030
Car -1 -1 -6.4892 0.0000 0.0000 1241.0000 374.0000 1.5559 1.5966 3.6703 -5.8047 1.7268 1.4420 -7.7709 0.0030
Car -1 -1 -4.1243 0.0000 162.0212 0.0000 374.0000 1.4680 1.6200 3.7046 -7.4213 1.4234 4.9710 -5.0796 0.0030
Car -1 -1 -9.0237 0.0000 0.0000 1241.0000 374.0000 1.5487 1.5895 3.5792 4.6839 1.5817 1.2485 -7.7713 0.0030
Car -1 -1 -3.4694 0.0000 202.3748 0.0000 374.0000 1.5376 1.5864 3.6635 -5.8574 1.6972 2.0399 -4.6627 0.0030
Car -1 -1 -5.8401 1241.0000 167.8135 1241.0000 374.0000 1.5457 1.5948 3.6721 6.6084 1.5414 2.4443 -4.6625 0.0030
Car -1 -1 -5.8586 1241.0000 167.5986 1241.0000 374.0000 1.5514 1.5818 3.6637 5.8226 1.5503 1.9851 -4.6612 0.0030
Car -1 -1 -9.0437 0.0000 0.0000 1241.0000 374.0000 1.5516 1.5858 3.5618 5.0500 1.5801 1.2639 -7.7724 0.0030
Car -1 -1 -4.0199 0.0000 171.4321 0.0000 374.0000 1.4442 1.6082 3.8425 -7.8117 1.4372 5.4471 -4.9584 0.0030
Car -1 -1 -6.5196 0.0000 0.0000 1241.0000 374.0000 1.5358 1.5753 3.5170 -4.5958 1.6563 1.2362 -7.7710 0.0030
Car -1 -1 -5.8442 1241.0000 107.2300 1241.0000 374.0000 1.5586 1.5826 3.6702 5.4723 1.5531 1.9313 -4.6600 0.0030
Car -1 -1 -4.7894 886.0800 175.0048 940.6052 215.1720 1.4023 1.5876 3.9202 11.4466 1.4903 27.5247 -4.3995 0.0030
Car -1 -1 -8.1789 869.3910 151.0497 918.2992 183.8510 2.0459 1.7241 4.1394 18.4281 0.6856 47.1109 -7.8082 0.0029
Car -1 -1 -8.1924 882.7093 150.9435 931.9218 182.8351 1.9823 1.6816 4.0878 19.2335 0.6201 46.9303 -7.8057 0.0029
Pedestrian -1 -1 -3.9356 850.7100 171.9958 884.5511 236.8084 1.6368 0.5294 0.6342 6.5880 1.6148 18.5994 -3.6008 0.0027
Pedestrian -1 -1 -4.0413 329.6953 198.9596 354.2872 260.7260 1.2159 0.3440 0.3159 -5.4673 1.7505 14.5802 -4.3947 0.0027
Car -1 -1 -7.9483 431.1723 153.7952 465.0895 184.4217 1.7349 1.5969 4.0384 -9.7311 0.6550 43.0415 -8.1695 0.0025
Pedestrian -1 -1 -3.6309 954.0186 168.6204 993.1191 244.5810 1.6302 0.6110 0.5370 7.9007 1.5391 15.7998 -3.1753 0.0025
Pedestrian -1 -1 -7.5576 406.0690 163.1038 435.5580 227.7536 1.9581 0.7219 0.6396 -5.8601 1.6625 22.1881 -7.8134 0.0023
Car -1 -1 -8.2059 855.2958 148.1776 906.3258 182.0180 2.1134 1.7645 4.2077 17.5954 0.5720 47.1680 -7.8510 0.0021
Pedestrian -1 -1 -3.7493 899.0025 169.4293 937.0411 250.1126 1.6032 0.5816 0.4587 6.2034 1.5349 14.6706 -3.3572 0.0021
Cyclist -1 -1 -7.6022 406.1835 171.5199 439.9793 232.7276 1.8279 0.6149 1.6820 -5.8287 1.7877 22.3886 -7.8546 0.0019
Car -1 -1 -6.6821 592.6948 172.4225 687.3738 206.9239 1.5008 1.6972 3.9621 1.3201 1.4817 32.8777 -6.6428 0.0018
Car -1 -1 -8.2305 889.1272 154.7910 939.5570 184.2605 1.8592 1.6733 4.0564 19.9580 0.7193 47.5644 -7.8355 0.0018
Pedestrian -1 -1 -7.6108 406.0045 170.9210 435.4356 228.0516 1.7181 0.7619 0.5292 -5.8063 1.6597 21.9689 -7.8668 0.0017
Pedestrian -1 -1 -3.4961 966.9629 167.9875 1005.1907 244.8151 1.6472 0.6369 0.5515 8.1827 1.5426 15.8177 -3.0269 0.0017
Cyclist -1 -1 -5.1036 1121.0188 162.8811 1184.7003 240.9877 1.7442 0.6059 1.6284 12.6823 1.5212 16.9760 -4.4707 0.0017
Cyclist -1 -1 -8.1450 857.3652 186.0723 900.4561 246.8838 1.3409 0.5486 1.4293 6.2455 1.6645 16.9552 -7.7985 0.0016
Pedestrian -1 -1 -3.8409 1124.0067 154.4694 1176.5546 239.2439 1.9575 0.7367 0.6770 12.7034 1.5327 17.0511 -3.2093 0.0014
Pedestrian -1 -1 -4.2132 839.6387 175.3173 873.1384 235.5915 1.5161 0.5574 0.6929 6.3099 1.5808 18.6247 -3.8921 0.0014
Cyclist -1 -1 -7.7543 405.3403 171.6059 425.8082 233.5033 1.8578 0.4516 1.6775 -6.1046 1.8201 22.5209 -8.0166 0.0013
Pedestrian -1 -1 -3.8702 888.8171 174.3819 926.4162 247.8165 1.4554 0.5782 0.4280 5.9882 1.4869 14.6594 -3.4901 0.0013
Cyclist -1 -1 -7.8173 407.7841 170.1361 422.5199 232.3187 1.8806 0.3829 1.7771 -6.1771 1.7981 22.7299 -8.0803 0.0012
Car -1 -1 -6.6486 1241.0000 155.5141 1241.0000 374.0000 1.5706 1.5327 3.9102 8.7276 1.4484 6.7163 -5.7550 0.0011
Cyclist -1 -1 -8.1715 840.2289 178.1901 878.9847 237.0045 1.4362 0.4535 1.5958 6.3496 1.5791 18.5639 -7.8475 0.0011
Cyclist -1 -1 -5.3335 1104.9897 167.5528 1175.7397 238.7871 1.6350 0.5833 1.5171 12.6424 1.5131 17.3202 -4.7115 0.0011
Car -1 -1 -6.6058 1241.0000 169.5939 1241.0000 374.0000 1.5048 1.5318 3.9421 8.4375 1.4829 6.4863 -5.7125 0.0011
Pedestrian -1 -1 -5.1842 1120.0117 169.8193 1161.9797 238.0987 1.6112 0.6453 0.5171 12.6939 1.5393 17.3311 -4.5605 0.0009
Pedestrian -1 -1 -6.6857 1177.5078 168.9859 1203.2941 230.9406 1.6791 0.5703 0.3545 15.9328 1.5739 19.8765 -6.0177 0.0008
Pedestrian -1 -1 -5.8058 511.1428 151.9930 537.5858 204.6003 2.0481 0.8576 0.7298 -3.4365 1.2356 28.6202 -5.9247 0.0005
Cyclist -1 -1 -6.8284 1033.0911 167.5188 1095.7167 223.2569 1.8003 0.7570 1.5770 14.8555 1.6277 23.6910 -6.2744 0.0005
Pedestrian -1 -1 -4.9396 1132.1993 168.9615 1170.9104 233.7086 1.5248 0.6330 0.5507 12.9760 1.4329 17.3706 -4.3065 0.0004
Pedestrian -1 -1 -3.6385 1168.8496 168.2623 1196.8094 230.0198 1.7005 0.5560 0.3915 15.9601 1.5737 20.1736 -2.9767 0.0003
