Car -1 -1 -4.0622 0.0000 203.4902 130.4485 274.4459 1.4004 1.5270 3.7420 -13.8368 2.2327 17.7345 -4.7177 0.9955
Car -1 -1 -4.3673 334.2818 188.1841 388.2815 217.4772 1.4838 1.6491 3.8764 -13.9401 2.3863 40.5410 -4.6968 0.9903
Car -1 -1 -4.1005 0.0000 203.8346 132.0611 274.1676 1.3915 1.5359 3.7462 -13.8285 2.2395 17.8537 -4.7525 0.7490
Car -1 -1 -4.3595 333.4266 188.5191 390.6577 217.6940 1.4655 1.6802 4.2518 -13.9381 2.3952 40.6930 -4.6879 0.7292
Car -1 -1 -4.3752 331.7939 188.0740 386.6798 217.6538 1.4965 1.7332 3.8105 -13.9988 2.3883 40.3798 -4.7073 0.7170
Car -1 -1 -4.3604 333.7706 188.1006 387.9559 217.6098 1.4898 1.6551 3.7786 -13.8843 2.3815 40.3058 -4.6906 0.6552
Car -1 -1 -4.3534 335.2181 188.9439 389.3797 217.7848 1.4516 1.6397 3.7727 -13.8226 2.3939 40.3585 -4.6818 0.6355
Car -1 -1 -4.2520 71.4898 191.9019 158.5471 230.2578 1.5259 1.6965 3.8910 -22.4032 2.4448 32.7755 -4.8480 0.1754
Car -1 -1 -4.2452 69.6479 192.4125 158.3655 229.8904 1.4882 1.6678 4.0923 -22.6079 2.4408 33.0184 -4.8420 0.1331
Car -1 -1 -4.2446 136.5970 190.6878 214.1412 223.2276 1.5456 1.7648 4.4561 -23.4446 2.5672 39.0610 -4.7824 0.0546
Car -1 -1 -5.5111 61.0756 195.7106 146.0220 223.0666 1.4458 1.7293 3.8706 -28.9599 2.7892 41.2516 -6.1204 0.0341
Car -1 -1 -7.2775 254.7608 188.7178 308.5140 213.6549 1.6233 1.6094 3.9470 -23.4799 2.8047 51.6768 -7.7024 0.0281
Car -1 -1 -4.9869 657.9245 178.9789 701.6484 206.9621 1.5869 1.5749 4.1613 4.1689 1.9792 44.0643 -4.8937 0.0277
Car -1 -1 -4.2694 140.2551 189.8132 215.7026 222.4042 1.5452 1.7741 4.3552 -23.1529 2.5098 38.8010 -4.8046 0.0269
Car -1 -1 -5.3222 68.9746 194.3297 147.5728 222.1669 1.4580 1.7045 4.0701 -28.9758 2.7415 41.6246 -5.9275 0.0224
Car -1 -1 -2.7070 227.7963 190.5157 289.6329 213.0147 1.5091 1.6048 3.5491 -24.5988 2.7662 50.5347 -3.1582 0.0222
Car -1 -1 -4.6055 260.7172 187.5265 291.4908 213.4478 1.6928 1.5860 3.8944 -23.8613 2.7843 51.5940 -5.0370 0.0188
Car -1 -1 -2.5056 230.2106 190.5995 291.5234 212.9276 1.4805 1.6381 3.6229 -24.5915 2.7576 50.7990 -2.9547 0.0180
Car -1 -1 -2.2857 230.1686 189.8483 293.1316 213.2614 1.5292 1.7582 4.1036 -24.7004 2.7705 51.0972 -2.7343 0.0155
Car -1 -1 -7.0552 256.3770 188.7532 315.9931 214.2485 1.6597 1.5498 3.9294 -23.1765 2.8455 51.7162 -7.4749 0.0141
Car -1 -1 -3.8452 261.1113 186.1996 321.7230 212.7196 1.7421 1.6375 3.8045 -22.7347 2.7335 51.5493 -4.2589 0.0120
Car -1 -1 -3.6633 260.5208 186.2544 329.9930 212.0847 1.6843 1.6166 4.3194 -22.4626 2.6828 51.5624 -4.0726 0.0118
Car -1 -1 -4.9076 87.0309 195.3054 138.0168 221.7484 1.3346 1.6784 4.1102 -28.9618 2.7017 41.9102 -5.5095 0.0117
Car -1 -1 -4.9529 87.7634 193.7122 145.2110 222.7833 1.4859 1.7644 4.4421 -28.8594 2.7643 42.0921 -5.5512 0.0114
Car -1 -1 -4.1327 0.0000 196.2418 58.9729 244.4647 1.4361 1.6094 3.7980 -21.5230 2.3230 25.3902 -4.8308 0.0105
Car -1 -1 -5.1060 0.0000 197.9401 18.9715 245.0462 1.4149 1.6149 4.0107 -22.5419 2.3383 24.9697 -5.8351 0.0104
Car -1 -1 -4.8648 677.4983 179.8333 712.1052 207.3251 1.5723 1.5057 4.0152 5.1282 2.0206 44.3351 -4.7509 0.0100
Car -1 -1 -4.7379 634.9327 180.0187 664.4708 206.3011 1.4607 1.6524 4.1146 2.3050 1.9112 43.3137 -4.6857 0.0092
Car -1 -1 -3.8987 62.1653 196.1276 148.0111 227.4806 1.5326 1.6875 3.8096 -28.1612 2.8990 40.3335 -4.5053 0.0090
Car -1 -1 -4.0277 60.9623 196.8426 143.8513 225.8215 1.3967 1.7342 3.8085 -28.0663 2.7913 39.9919 -4.6368 0.0085
Car -1 -1 -3.8518 257.6171 186.2145 323.5779 212.9700 1.7467 1.6496 4.2758 -22.8316 2.7454 51.6703 -4.2663 0.0081
Car -1 -1 -4.6274 0.0000 191.7963 11.0039 241.4960 1.4807 1.7252 3.9271 -22.2257 2.1965 25.1855 -5.3453 0.0075
Car -1 -1 -4.7242 687.5096 179.9830 714.3582 208.1563 1.6078 1.5614 3.9176 5.5082 2.0646 44.2380 -4.6017 0.0072
Car -1 -1 -4.5781 686.5244 179.8676 721.6844 208.4709 1.6232 1.6092 4.0956 5.7733 2.0739 44.2054 -4.4497 0.0070
Car -1 -1 -4.8648 630.1774 179.3516 668.3734 205.6671 1.4855 1.7043 4.1052 2.3030 1.8998 43.9103 -4.8133 0.0069
Car -1 -1 -5.2803 916.3892 179.1566 1079.9541 242.5866 1.4166 1.6039 4.3646 9.8298 1.6002 18.8079 -4.8057 0.0068
Pedestrian -1 -1 -5.3566 1041.8036 181.5162 1080.5729 252.1660 1.2858 0.4474 0.4205 8.3323 1.4493 13.4193 -4.8112 0.0067
Car -1 -1 -4.1156 94.5374 192.0706 174.1917 220.5774 1.5037 1.8476 4.3535 -28.4011 2.7127 43.2110 -4.6945 0.0065
Car -1 -1 -4.1119 93.2173 191.7091 171.8723 220.8647 1.5492 1.7918 4.3464 -28.6118 2.7392 43.3621 -4.6926 0.0062
Car -1 -1 -4.4250 94.9084 192.3434 157.5843 221.8639 1.5183 1.8445 4.6300 -28.6733 2.7432 42.8747 -5.0119 0.0061
Car -1 -1 -4.0273 0.0000 194.5553 83.5676 241.7666 1.4630 1.5218 3.8098 -21.1921 2.3029 26.0246 -4.7058 0.0061
Car -1 -1 -4.5231 102.1904 196.4246 147.3513 222.8810 1.3389 1.5276 3.5446 -28.1426 2.7698 41.8836 -5.1120 0.0060
Car -1 -1 -4.0038 68.7790 197.1285 149.3207 225.4452 1.3728 1.7221 3.6392 -27.8098 2.7869 40.1395 -4.6068 0.0060
Cyclist -1 -1 -8.2939 1126.6820 154.2940 1241.0000 282.7928 1.7103 0.5755 1.9412 8.3444 1.4630 10.6132 -7.6415 0.0059
Car -1 -1 -4.1287 102.7214 189.7366 175.7658 218.7024 1.5781 1.7932 3.9883 -28.4121 2.6459 43.6474 -4.7032 0.0059
Car -1 -1 -3.7881 64.0313 198.5065 151.3266 226.5266 1.3400 1.6750 3.7446 -27.9903 2.8444 40.2831 -4.3925 0.0059
Car -1 -1 -5.2272 921.1490 176.4172 1073.7252 242.9709 1.4990 1.5778 4.1295 9.7058 1.6007 18.5701 -4.7527 0.0057
Pedestrian -1 -1 -7.7711 893.6581 169.6041 918.0147 232.2627 1.7992 0.6208 0.5291 8.6011 1.7056 21.0941 -7.3894 0.0055
Car -1 -1 -4.5588 97.4701 195.0398 148.7516 223.5169 1.4331 1.8459 4.2815 -28.4790 2.8043 42.2729 -5.1490 0.0053
Car -1 -1 -5.1719 931.4767 180.0724 1084.8346 248.6187 1.4704 1.5395 4.3525 9.7226 1.6734 18.1347 -4.6872 0.0052
Car -1 -1 -4.5999 102.6318 195.3579 150.2080 222.4321 1.3526 1.8181 4.5658 -28.4800 2.7560 42.5606 -5.1870 0.0049
Car -1 -1 -4.8510 629.9360 179.9772 665.7969 205.4170 1.4625 1.6695 4.0025 2.2636 1.9240 44.7054 -4.8013 0.0044
Car -1 -1 -4.6440 748.1854 168.6062 773.3162 192.4238 1.8730 1.7388 4.1356 12.3245 1.5387 58.9676 -4.4392 0.0043
Pedestrian -1 -1 -4.8630 0.0000 185.8057 17.7899 225.2020 1.6769 0.6417 0.6420 -26.3416 2.2495 31.4634 -5.5560 0.0043
Car -1 -1 -4.1309 83.2937 196.1181 149.2476 223.6367 1.3958 1.5779 3.2162 -27.9894 2.7683 40.9577 -4.7275 0.0041
Car -1 -1 -4.1450 574.5388 180.7313 639.2791 211.2622 1.5425 1.6250 4.0865 -0.1500 1.9995 39.7303 -4.1494 0.0040
Car -1 -1 -4.7447 99.7242 192.3413 141.2079 220.5040 1.4327 1.8743 4.3261 -28.6979 2.6342 42.1941 -5.3392 0.0039
Car -1 -1 -4.3567 646.5082 176.4452 683.8274 196.5040 1.4561 1.6111 3.8501 4.2295 1.7410 55.2114 -4.2810 0.0033
Pedestrian -1 -1 -5.2162 1184.1985 172.8048 1241.0000 293.2446 1.5230 0.5161 0.5393 7.9059 1.5221 9.4350 -4.5346 0.0033
Car -1 -1 -4.5664 84.5878 195.2360 133.3374 221.4978 1.2925 1.7232 3.9992 -28.7058 2.6436 41.3915 -5.1700 0.0033
Cyclist -1 -1 -7.7272 376.4184 188.5969 385.7331 215.5477 1.5134 0.3283 1.5309 -13.4247 2.4512 42.2142 -8.0337 0.0032
Car -1 -1 -3.9667 0.0000 189.5569 115.5184 242.9443 1.6799 1.6685 3.9978 -20.2307 2.3308 26.0633 -4.6220 0.0032
Car -1 -1 -4.6933 102.3717 193.2576 142.9726 221.5526 1.4193 1.8722 4.8526 -28.6109 2.6904 42.4137 -5.2840 0.0031
Cyclist -1 -1 -6.6049 1170.3943 155.8234 1241.0000 294.3223 1.6570 0.6655 1.8283 8.3885 1.4530 9.2927 -5.8868 0.0031
Car -1 -1 -9.0145 0.0000 0.0000 1241.0000 374.0000 1.5402 1.5875 3.5700 4.6633 1.5360 1.2945 -7.7722 0.0030
Car -1 -1 -8.9928 0.0000 0.0000 1241.0000 374.0000 1.5491 1.5801 3.5446 4.2522 1.5404 1.2587 -7.7724 0.0030
Car -1 -1 -8.9684 0.0000 0.0000 1241.0000 374.0000 1.5519 1.5834 3.5594 3.8969 1.5309 1.2309 -7.7709 0.0030
Car -1 -1 -9.0481 0.0000 0.0000 1241.0000 374.0000 1.5381 1.5937 3.5894 5.4424 1.5542 1.3622 -7.7729 0.0030
Car -1 -1 -4.6720 607.4198 179.4475 629.2756 198.2504 1.4356 1.6198 3.8502 0.6780 1.9872 58.4310 -4.6609 0.0030
Car -1 -1 -6.5245 0.0000 0.0000 1241.0000 374.0000 1.5418 1.5876 3.6452 -4.9993 1.6740 1.3983 -7.7707 0.0030
Car -1 -1 -3.4315 0.0000 0.0000 1241.0000 374.0000 1.5806 1.6045 3.7868 -5.8433 1.7154 1.7869 -4.6617 0.0030
Car -1 -1 -4.6721 607.3474 178.8414 628.8228 197.2561 1.4295 1.6139 3.8430 0.6658 1.9371 59.2462 -4.6614 0.0030
Car -1 -1 -8.9400 0.0000 0.0000 1241.0000 374.0000 1.5606 1.5766 3.5344 3.4851 1.5409 1.1883 -7.7719 0.0030
Car -1 -1 -4.4633 642.4758 177.6433 675.3120 196.8924 1.3878 1.5912 3.9257 3.7478 1.7678 55.1835 -4.3963 0.0030
Car -1 -1 -9.0629 0.0000 0.0000 1241.0000 374.0000 1.5446 1.5908 3.6017 5.8261 1.5469 1.3831 -7.7725 0.0030
Car -1 -1 -9.0307 0.0000 0.0000 1241.0000 374.0000 1.5449 1.5843 3.5618 5.0376 1.5435 1.3321 -7.7723 0.0030
Car -1 -1 -4.5850 105.0277 194.3886 152.2801 222.2679 1.4032 1.7469 4.4312 -28.2143 2.7378 42.3553 -5.1699 0.0030
Car -1 -1 -4.3906 84.5664 194.4489 147.6959 222.4280 1.3956 1.8528 3.8524 -28.2446 2.6958 41.3457 -4.9872 0.0030
Car -1 -1 -3.9103 80.7839 197.8529 147.7870 224.0354 1.3044 1.4898 2.8657 -27.7808 2.7599 40.4665 -4.5090 0.0029
Cyclist -1 -1 -7.7125 375.5147 188.5548 385.5481 215.4226 1.5001 0.3487 1.4921 -13.3704 2.4291 41.9435 -8.0196 0.0028
Cyclist -1 -1 -7.8898 889.9482 169.5824 909.3658 231.9397 1.7979 0.4640 1.7928 8.6606 1.7033 21.7264 -7.5158 0.0025
Pedestrian -1 -1 -7.6977 888.4148 167.5387 915.8321 232.2499 1.8748 0.6606 0.6683 8.6009 1.7205 21.3597 -7.3204 0.0024
Cyclist -1 -1 -4.8873 890.4467 170.1787 918.0947 232.4225 1.7771 0.4886 1.5275 8.6623 1.7004 21.3975 -4.5081 0.0023
Car -1 -1 -4.2860 311.2505 191.0299 357.7700 213.4459 1.4068 1.6434 3.6931 -19.1599 2.7201 50.2507 -4.6489 0.0023
Car -1 -1 -5.0736 904.6744 171.5164 1019.8372 233.2452 1.6174 1.6883 3.8901 9.9993 1.5820 20.9109 -4.6336 0.0023
Car -1 -1 -4.2361 317.5884 190.2917 366.8403 213.9240 1.4900 1.6869 3.7532 -18.6614 2.7543 50.3594 -4.5896 0.0022
Cyclist -1 -1 -5.8176 1169.4911 146.2140 1241.0000 283.8986 1.6076 0.6078 1.6673 8.2710 1.2962 9.3110 -5.1071 0.0020
Car -1 -1 -4.0128 91.9812 195.9434 154.6787 223.0829 1.3949 1.4145 2.9272 -27.7824 2.7628 41.2241 -4.6031 0.0020
Car -1 -1 -4.2983 63.5722 193.8469 134.0086 223.2936 1.4380 1.7792 3.9089 -28.4947 2.6714 40.3094 -4.9107 0.0017
Car -1 -1 -4.5980 106.7047 194.1908 148.9772 225.3927 1.5419 1.5769 3.2503 -26.6690 2.7759 39.9321 -5.1840 0.0016
Car -1 -1 -4.3006 105.8900 192.3273 163.3938 224.1139 1.5850 1.4647 3.2518 -26.2017 2.7059 39.8181 -4.8798 0.0014
Pedestrian -1 -1 -4.1502 1184.9155 147.9427 1241.0000 283.5980 1.4872 0.5905 0.4753 7.0113 1.2138 8.2659 -3.4644 0.0013
Pedestrian -1 -1 -3.6336 523.8448 182.3839 559.5183 243.9327 1.5129 0.4459 0.7808 -1.7794 1.7591 18.2622 -3.7302 0.0012
Cyclist -1 -1 -8.3948 870.2855 174.7792 913.0360 229.2595 1.5624 0.4994 1.4573 8.3269 1.6215 21.5079 -8.0306 0.0011
Pedestrian -1 -1 -4.8152 1176.1772 177.7083 1225.9615 299.5959 1.5731 0.4618 0.4648 7.8440 1.6399 9.6576 -4.1486 0.0009
Pedestrian -1 -1 -4.5716 752.6856 177.1852 771.9741 241.4432 1.7758 0.4597 0.5692 4.2451 1.8996 20.3314 -4.3695 0.0008
Pedestrian -1 -1 -4.5844 751.2931 178.8605 770.2382 238.2650 1.6645 0.4687 0.5311 4.2592 1.8385 20.6102 -4.3843 0.0008
Car -1 -1 -4.2464 284.1231 191.6888 325.7257 213.2355 1.5267 1.5712 3.4982 -23.6850 3.0369 56.0670 -4.6447 0.0008
Pedestrian -1 -1 -8.0042 294.5717 180.3254 306.0047 206.0319 2.1548 0.7742 0.8605 -26.3736 2.7960 61.3822 -8.4087 0.0004
Cyclist -1 -1 -4.7290 750.7867 176.9393 769.9409 239.7392 1.7332 0.5063 1.3810 4.2614 1.8544 20.7326 -4.5300 0.0004
