Car -1 -1 -4.1748 125.8639 190.7054 246.8594 241.8066 1.4463 1.6309 3.9472 -13.8532 2.0838 23.7936 -4.6975 0.9976
Car -1 -1 -4.4349 365.4081 183.2458 412.9664 209.4834 1.5434 1.7958 4.3453 -14.1506 2.2423 46.3643 -4.7299 0.9558
Car -1 -1 -4.4555 366.6344 183.2324 411.6590 210.0192 1.5789 1.7171 4.3543 -14.1828 2.2785 46.4505 -4.7506 0.9211
Car -1 -1 -4.2101 93.9562 188.3524 200.1753 235.4391 1.5162 1.5916 3.8987 -16.9276 2.1288 26.5409 -4.7735 0.8117
Car -1 -1 -4.2422 91.9999 188.5854 196.4437 236.6356 1.5396 1.6088 3.8992 -16.9796 2.1602 26.4582 -4.8085 0.7914
Car -1 -1 -4.4529 365.0053 182.6433 411.7213 209.6466 1.5828 1.7607 4.4966 -14.1593 2.2406 46.2253 -4.7489 0.7614
Car -1 -1 -4.1647 96.3804 189.3681 209.8727 236.6184 1.5202 1.6029 4.1692 -16.8309 2.1804 26.7685 -4.7218 0.7577
Pedestrian -1 -1 -3.6935 860.6936 170.2882 887.1171 221.3017 1.7790 0.7027 0.5976 9.3000 1.6893 25.5682 -3.3490 0.7366
Pedestrian -1 -1 -3.6957 858.5814 170.1886 884.7322 221.7623 1.8000 0.7217 0.5764 9.2304 1.7067 25.5963 -3.3538 0.6936
Pedestrian -1 -1 -4.8068 719.6705 177.9890 732.1381 213.2944 1.7896 0.5542 0.8379 5.9222 2.0567 37.1368 -4.6505 0.6653
Car -1 -1 -4.4237 365.7007 183.2999 413.6022 210.1074 1.5667 1.7350 4.4250 -14.0431 2.2661 46.1143 -4.7181 0.6268
Car -1 -1 -7.2677 0.0000 186.6434 101.6108 232.5702 1.5819 1.6945 3.4274 -21.5207 2.1444 27.6828 -7.9240 0.5687
Car -1 -1 -4.4564 90.7486 188.5956 176.0702 237.4622 1.5456 1.6192 4.0069 -17.3344 2.1675 26.3668 -5.0335 0.5320
Car -1 -1 -4.3996 96.8418 189.4148 186.3716 237.3048 1.5266 1.5721 4.1012 -17.2390 2.1891 26.6939 -4.9687 0.5282
Pedestrian -1 -1 -3.9268 1174.6788 177.3267 1224.5792 268.7072 1.8431 0.5943 0.5339 12.1222 1.9372 14.9102 -3.2546 0.5275
Car -1 -1 -6.8941 904.6085 184.0210 1086.4137 244.7578 1.5327 1.6731 4.1929 10.4162 1.8547 19.7197 -6.4150 0.5216
Car -1 -1 -7.2388 0.0000 187.3114 112.4377 232.9403 1.5574 1.7395 3.8806 -21.4049 2.1545 27.8463 -7.8897 0.5089
Car -1 -1 -4.1431 95.9281 189.0403 214.0316 236.2186 1.5097 1.6820 4.1799 -16.6713 2.1540 26.6330 -4.6981 0.4973
Pedestrian -1 -1 -2.9425 696.0301 177.2462 709.8113 201.9697 1.8299 0.4510 0.9511 6.9125 2.1599 53.8989 -2.8162 0.4942
Pedestrian -1 -1 -3.7707 856.7897 170.6480 884.0889 221.9666 1.7950 0.7701 0.5676 9.2201 1.7176 25.6878 -3.4303 0.4658
Car -1 -1 -7.2321 0.0000 187.0466 102.3946 232.4769 1.5605 1.6337 3.3140 -21.3494 2.1346 27.5189 -7.8873 0.4583
Pedestrian -1 -1 -3.6778 859.0710 170.0281 885.8708 222.0294 1.8222 0.7369 0.6030 9.2977 1.7228 25.7027 -3.3350 0.4392
Car -1 -1 -4.3041 88.8077 189.6593 184.3899 237.2428 1.5025 1.5707 3.5894 -16.9952 2.1526 26.0245 -4.8781 0.4307
Pedestrian -1 -1 -2.9077 696.6171 178.1850 710.3007 202.5007 1.7925 0.5493 0.9098 6.9389 2.1927 53.7898 -2.7806 0.4160
Pedestrian -1 -1 -5.5448 694.9363 177.6726 708.9623 202.3482 1.8191 0.4535 0.9920 6.8400 2.1824 53.9216 -5.4199 0.3981
Car -1 -1 -6.9731 899.8885 185.6473 1059.5510 240.6956 1.3718 1.5778 3.7495 10.0183 1.7424 19.7243 -6.5099 0.3786
Pedestrian -1 -1 -4.8124 718.9630 178.2837 732.5809 213.5523 1.7778 0.6018 0.8711 5.8867 2.0590 36.9614 -4.6564 0.3665
Car -1 -1 -6.8940 899.4952 184.5301 1077.8623 242.5783 1.4531 1.6375 4.1040 10.1701 1.7877 19.5978 -6.4222 0.3594
Pedestrian -1 -1 -4.0315 1166.9258 179.5050 1217.0551 269.1180 1.8084 0.6084 0.5354 12.0133 1.9494 14.9698 -3.3656 0.3449
Pedestrian -1 -1 -4.6787 722.1193 177.0835 734.4709 213.0189 1.8228 0.6042 0.7727 6.0523 2.0428 37.1397 -4.5190 0.3390
Car -1 -1 -2.5965 0.0000 188.4620 73.4326 233.5613 1.5411 1.6744 4.0497 -22.5290 2.1403 26.5790 -3.2948 0.3371
Pedestrian -1 -1 -4.3548 1184.2826 179.9258 1229.0862 272.4234 1.8417 0.5820 0.4735 12.1769 1.9900 14.7940 -3.6767 0.3186
Car -1 -1 -7.3233 0.0000 186.8821 107.3648 233.6648 1.5983 1.7588 3.9539 -21.5951 2.1818 27.9612 -7.9764 0.3149
Pedestrian -1 -1 -4.8869 718.0878 178.5841 733.0358 213.8870 1.7955 0.6238 0.8363 5.9238 2.0945 37.2594 -4.7311 0.3029
Car -1 -1 -6.9379 897.6693 183.8410 1075.2051 243.2903 1.4946 1.6798 4.1711 10.2234 1.8142 19.7961 -6.4680 0.3027
Car -1 -1 -2.4278 0.0000 188.3102 77.7179 232.5131 1.5559 1.6553 3.7537 -22.3503 2.1503 26.8838 -3.1166 0.2926
Pedestrian -1 -1 -7.9089 780.2489 172.7950 795.5971 208.3298 1.7896 0.7076 0.9286 9.0439 1.7863 36.8592 -7.6707 0.2842
Pedestrian -1 -1 -7.9838 778.6119 173.2688 795.5645 208.1429 1.7620 0.7182 0.9914 9.0350 1.7833 36.9995 -7.7466 0.2448
Car -1 -1 -2.1712 0.0000 188.8417 19.3701 239.5448 1.5492 1.6341 4.0469 -22.2027 2.1108 24.0999 -2.9102 0.1940
Car -1 -1 -2.0827 0.0000 187.8160 19.2258 238.2827 1.5440 1.6481 4.1150 -22.3103 2.0786 24.3595 -2.8189 0.1926
Car -1 -1 -7.2200 0.0000 184.1129 127.1226 233.5638 1.7055 1.7869 4.5311 -21.3068 2.1807 28.1941 -7.8628 0.1568
Car -1 -1 -2.5269 0.0000 187.9452 19.0149 240.8167 1.6002 1.6297 4.2038 -22.2052 2.1154 23.5532 -3.2773 0.1458
Car -1 -1 -3.0276 0.0000 188.2421 7.7189 247.7224 1.6425 1.6882 4.1321 -21.8487 2.1699 22.8304 -3.7853 0.1385
Cyclist -1 -1 -7.1218 1103.7061 182.4825 1191.8566 267.3552 1.7503 0.5782 1.6341 11.4457 1.9621 15.4365 -6.4937 0.1371
Car -1 -1 -3.6345 918.7429 184.4912 1113.6053 243.0982 1.4900 1.7124 4.3128 10.8425 1.8191 19.5587 -3.1354 0.1371
Car -1 -1 -2.2846 0.0000 188.8141 16.5165 239.8145 1.5648 1.6395 3.9259 -22.1727 2.1144 23.8225 -3.0286 0.1196
Car -1 -1 -6.6156 0.0000 185.2394 10.9023 246.9635 1.6803 1.7134 4.0039 -21.7135 2.1067 22.6853 -7.3733 0.1177
Car -1 -1 -2.6092 0.0000 189.0365 14.2067 242.6855 1.5897 1.6305 3.9054 -22.0532 2.1402 23.3366 -3.3607 0.1166
Car -1 -1 -3.9963 0.0000 189.7782 18.3765 246.9838 1.5184 1.6112 4.0940 -20.8950 2.0931 22.4442 -4.7401 0.1126
Car -1 -1 -6.8292 0.0000 187.2135 17.1201 246.4066 1.6000 1.6648 4.0045 -21.4413 2.0943 22.7000 -7.5803 0.1118
Car -1 -1 -3.5881 0.0000 189.2601 12.1395 250.8849 1.6101 1.7162 4.3862 -21.6846 2.1740 22.4602 -4.3501 0.1026
Car -1 -1 -7.7840 924.2004 186.5233 998.4374 244.3994 1.3390 1.5854 3.6411 9.5543 1.7474 19.5998 -7.3370 0.0968
Car -1 -1 -1.9946 0.0000 186.9834 84.4652 233.0134 1.5866 1.6849 3.6628 -21.9743 2.1546 27.4333 -2.6654 0.0943
Car -1 -1 -3.8467 0.0000 190.7436 17.4997 249.0704 1.5400 1.6372 4.1392 -21.2037 2.1514 22.5209 -4.5961 0.0819
Car -1 -1 -6.5257 0.0000 187.6323 10.0703 244.8428 1.5836 1.6656 3.7398 -21.8471 2.0966 23.0388 -7.2789 0.0759
Car -1 -1 -6.7193 906.0287 185.5407 1079.5173 241.8217 1.3992 1.5669 3.7659 10.0210 1.7511 19.1788 -6.2448 0.0742
Cyclist -1 -1 -8.4050 843.4445 167.1647 888.5999 223.3961 1.8548 0.5783 1.8292 8.7110 1.6669 24.7559 -8.0710 0.0708
Cyclist -1 -1 -8.1043 859.4608 168.7181 887.9588 222.4572 1.8056 0.5062 1.7384 9.1212 1.6664 25.1328 -7.7605 0.0704
Car -1 -1 -7.0501 909.1891 184.4453 1078.9406 245.1673 1.4662 1.6007 4.0391 10.1861 1.7970 19.2742 -6.5709 0.0690
Car -1 -1 -8.0067 906.8578 187.3317 990.8810 243.4323 1.3358 1.5534 3.5300 9.2673 1.7767 20.0754 -7.5805 0.0673
Car -1 -1 -2.1719 0.0000 186.3526 83.0859 232.0934 1.5942 1.6448 3.5056 -22.0336 2.1271 27.2067 -2.8479 0.0663
Car -1 -1 -7.2548 922.3594 184.2149 1075.8931 246.7889 1.4774 1.7237 3.9281 10.3878 1.8078 19.3245 -6.7687 0.0584
Car -1 -1 -4.9331 908.5284 188.9984 1000.8494 246.3603 1.3244 1.4800 3.5404 9.1956 1.8050 19.6069 -4.5011 0.0582
Car -1 -1 -7.7112 921.9984 184.2287 1008.5679 243.1273 1.3938 1.6240 3.9820 9.8657 1.7419 19.9921 -7.2593 0.0569
Car -1 -1 -7.9512 915.6970 184.9049 995.5959 242.7758 1.3843 1.6045 3.8004 9.5013 1.7554 20.1759 -7.5174 0.0565
Car -1 -1 -3.6472 0.0000 194.0260 53.6740 238.2382 1.4143 1.6336 3.9089 -23.6742 2.2749 27.2243 -4.3582 0.0518
Car -1 -1 -5.0923 892.2376 190.9047 997.3812 247.4238 1.3084 1.3582 3.4758 8.9134 1.8424 19.5941 -4.6718 0.0508
Car -1 -1 -5.1479 900.8135 189.6279 1021.9947 247.5490 1.3111 1.4907 3.5489 9.1208 1.7970 19.1377 -4.7099 0.0475
Car -1 -1 -2.4029 0.0000 187.2335 78.7536 231.5502 1.5569 1.6294 3.7055 -22.2334 2.1097 26.8478 -3.0898 0.0415
Car -1 -1 -4.8527 933.7433 182.6670 1025.6469 243.5521 1.4686 1.7096 3.9066 10.1708 1.7721 20.2116 -4.3930 0.0394
Cyclist -1 -1 -8.3112 843.8634 170.1532 878.9215 222.9768 1.7735 0.4495 1.6716 8.6726 1.6825 25.0821 -7.9826 0.0393
Car -1 -1 -3.7283 0.0000 193.3959 53.1288 237.8016 1.4296 1.5433 3.7187 -23.4113 2.2572 27.0789 -4.4364 0.0378
Car -1 -1 -1.7881 0.0000 187.6364 74.2835 233.7751 1.5670 1.6391 3.9185 -22.1127 2.1700 27.5761 -2.4594 0.0360
Car -1 -1 -2.3013 0.0000 186.9855 79.7146 232.3326 1.5856 1.6611 3.7560 -22.2861 2.1365 27.0329 -2.9861 0.0351
Car -1 -1 -2.0465 0.0000 187.6663 79.1061 234.6056 1.6081 1.6662 3.9936 -22.2461 2.1999 27.2766 -2.7261 0.0322
Car -1 -1 -8.0038 903.9953 184.2718 990.5486 241.4892 1.3885 1.5981 3.9949 9.4055 1.7465 20.5022 -7.5798 0.0302
Car -1 -1 -2.6868 0.0000 190.3033 77.7955 235.5195 1.5492 1.6533 4.4698 -22.9919 2.2367 27.0991 -3.3856 0.0301
Car -1 -1 -2.4398 0.0000 190.7201 66.2371 235.2218 1.5585 1.6712 4.2864 -23.0081 2.2424 26.7875 -3.1446 0.0278
Car -1 -1 -5.5215 895.7574 184.3685 1074.1337 250.0884 1.4190 1.5828 4.0626 9.3718 1.7491 18.5228 -5.0602 0.0271
Pedestrian -1 -1 -4.2810 1199.4211 163.4504 1241.0000 271.7448 1.8804 0.5844 0.5074 10.9660 1.7168 12.9018 -3.5884 0.0268
Car -1 -1 -4.1320 0.0000 190.5378 49.9451 235.9043 1.4207 1.6642 4.0374 -22.7023 2.1178 26.3463 -4.8383 0.0267
Pedestrian -1 -1 -4.1577 1211.1562 164.7377 1241.0000 274.0164 1.8701 0.5434 0.4708 10.9719 1.7309 12.6792 -3.4565 0.0263
Car -1 -1 -5.1559 904.4115 181.3580 1038.9680 241.2790 1.4907 1.7470 4.2370 10.1169 1.7591 20.6760 -4.7071 0.0255
Car -1 -1 -5.4522 898.4088 186.0287 1056.5422 249.7802 1.3832 1.5439 3.5983 9.1559 1.7544 18.4024 -4.9976 0.0241
Cyclist -1 -1 -8.2972 853.4610 166.4295 895.1216 221.9066 1.8282 0.5366 1.9754 9.0048 1.6162 24.7876 -7.9531 0.0215
Car -1 -1 -5.6989 910.2025 184.3751 1091.5010 248.4046 1.3578 1.5323 3.7467 9.5583 1.6775 18.0335 -5.2189 0.0210
Car -1 -1 -7.8879 926.8507 184.1843 996.2388 241.8860 1.3869 1.5713 3.8846 9.7203 1.7376 20.2596 -7.4468 0.0203
Car -1 -1 -3.9306 0.0000 194.2925 40.9174 238.7992 1.4060 1.5821 3.8867 -23.5094 2.2583 26.7024 -4.6477 0.0198
Car -1 -1 -8.1086 892.3130 185.3159 987.8024 239.9518 1.3339 1.5332 3.7089 9.1807 1.7208 20.4610 -7.6928 0.0187
Car -1 -1 -3.7119 0.0000 193.7211 33.3502 238.5395 1.3928 1.6855 3.7810 -23.7203 2.2146 26.3773 -4.4393 0.0186
Car -1 -1 -5.8185 906.2441 180.5586 1118.9683 249.4388 1.4604 1.6629 4.3584 9.8361 1.6771 18.0632 -5.3274 0.0183
Car -1 -1 -6.4630 918.4736 181.4223 1106.0352 244.7609 1.4902 1.6203 4.0140 10.2158 1.7289 18.7389 -5.9711 0.0149
Car -1 -1 -4.0553 0.0000 191.4122 40.5336 238.2222 1.4763 1.6660 3.9647 -23.1901 2.2070 26.3925 -4.7713 0.0143
Car -1 -1 -5.1754 992.7127 171.6714 1030.6708 189.0045 1.6201 1.6317 3.8516 38.5654 1.5093 69.4011 -4.6702 0.0121
Car -1 -1 -5.1053 995.4314 171.6863 1031.6005 188.5811 1.5792 1.6631 3.8984 38.7829 1.4697 69.4752 -4.5982 0.0109
Car -1 -1 -8.2027 880.9328 185.1406 984.7550 241.5715 1.3875 1.4820 3.6511 8.9522 1.7666 20.4188 -7.7955 0.0083
Car -1 -1 -4.3915 512.1808 183.1028 552.9147 206.0678 1.5390 1.7189 4.1857 -5.6204 2.3170 52.5690 -4.4980 0.0048
Car -1 -1 -4.4008 509.1878 184.9969 547.2969 208.7940 1.5870 1.6130 3.9589 -5.9164 2.5033 52.3628 -4.5133 0.0035
Car -1 -1 -5.3841 1155.4465 184.3298 1241.0000 358.6875 1.4742 1.5099 4.4348 8.7619 1.6483 8.6831 -4.6117 0.0027
Car -1 -1 -4.5000 509.4254 186.3074 540.5691 209.0250 1.5088 1.5279 3.4658 -6.1031 2.5088 51.8494 -4.6171 0.0016
