Car -1 -1 -8.1640 764.1005 190.7986 1017.8440 356.6095 1.4889 1.6427 3.8151 3.0368 1.7553 8.8094 -7.8437 0.9998
Car -1 -1 -8.0673 709.3502 185.7016 841.1329 281.1988 1.5279 1.6373 3.8738 2.9791 1.8117 14.0118 -7.8632 0.9998
Car -1 -1 -7.9812 653.1730 181.7947 699.4919 217.6664 1.4716 1.5946 3.7390 2.8816 1.8969 32.4470 -7.8941 0.9974
Car -1 -1 -4.6640 493.1502 181.2544 543.9393 227.5491 1.5120 1.6460 4.0012 -3.3160 1.8427 26.3696 -4.7885 0.9942
Car -1 -1 -4.6551 526.0997 181.5832 559.7564 211.7845 1.4914 1.5824 3.8169 -3.5895 1.9825 38.6851 -4.7476 0.9391
Car -1 -1 -4.6849 491.9149 180.6880 541.9506 227.6362 1.5380 1.6823 4.2159 -3.4074 1.8496 26.5467 -4.8119 0.8906
Car -1 -1 -4.5834 638.7798 180.5628 671.3004 205.6743 1.5344 1.6353 4.0643 2.9770 2.0651 47.5579 -4.5218 0.8646
Car -1 -1 -4.6944 638.7186 179.5517 665.5744 205.6655 1.6084 1.6939 4.0824 2.7809 2.0696 47.6179 -4.6369 0.8302
Car -1 -1 -4.6375 494.1709 181.3170 547.0236 227.1964 1.4985 1.6224 3.8111 -3.2244 1.8286 26.2246 -4.7592 0.8043
Car -1 -1 -4.6582 493.0639 181.8807 542.7416 227.4802 1.4866 1.5876 3.6585 -3.3191 1.8370 26.1491 -4.7838 0.7831
Car -1 -1 -4.6502 528.3183 180.8910 561.7299 211.8179 1.5356 1.5530 3.8863 -3.4879 1.9894 38.8096 -4.7398 0.7695
Car -1 -1 -4.7325 544.9276 179.6188 570.1976 204.5175 1.5210 1.5615 3.7182 -3.4837 1.9798 47.0471 -4.8065 0.7010
Car -1 -1 -4.5837 637.0674 179.6351 669.6711 205.5668 1.5863 1.6390 4.0256 2.8560 2.0513 47.3825 -4.5244 0.6640
Car -1 -1 -4.5094 637.9845 180.2807 674.8601 205.8592 1.5558 1.6616 3.8914 3.0459 2.0629 47.2012 -4.4459 0.6523
Car -1 -1 -4.6444 529.2642 180.6310 562.3880 211.8976 1.5517 1.5157 3.7941 -3.4343 1.9889 38.6732 -4.7329 0.6360
Car -1 -1 -4.8705 519.4346 181.5019 561.4617 212.0378 1.4956 1.6512 3.7702 -3.7990 1.9813 38.5230 -4.9687 0.6343
Car -1 -1 -7.9141 522.1511 182.4426 556.7794 211.9947 1.4492 1.6141 3.7620 -3.8589 1.9890 38.6563 -8.0135 0.5839
Car -1 -1 -4.6241 542.4612 180.5526 572.1866 205.4475 1.5151 1.5934 4.0077 -3.4364 2.0396 47.1749 -4.6969 0.5355
Car -1 -1 -4.8205 538.2320 180.5601 569.6613 205.6107 1.5152 1.6078 4.0726 -3.7340 2.0411 47.1162 -4.8996 0.5247
Car -1 -1 -4.5043 639.5484 180.2149 676.7523 205.3498 1.5341 1.6370 4.1050 3.1834 2.0410 47.5226 -4.4384 0.4963
Car -1 -1 -4.7484 637.5772 179.6888 664.8554 205.7770 1.6016 1.6317 4.1092 2.6381 2.0703 47.4495 -4.6938 0.4768
Car -1 -1 -4.8690 536.9498 179.4792 570.2235 204.6976 1.5340 1.5859 3.7511 -3.7425 1.9833 46.9557 -4.9485 0.4765
Car -1 -1 -4.7563 528.0834 181.3365 562.0632 211.8152 1.5002 1.6407 3.4445 -3.5267 1.9721 38.3441 -4.8479 0.4582
Car -1 -1 -4.8643 631.4019 179.4080 666.7746 205.4228 1.6044 1.7132 4.1755 2.5051 2.0575 47.7519 -4.8127 0.4339
Car -1 -1 -4.8844 515.3737 182.7000 559.3268 212.9924 1.4727 1.6750 3.9710 -3.9770 2.0284 38.6059 -4.9869 0.3976
Car -1 -1 -4.4649 543.3685 179.9215 581.2626 205.1196 1.5345 1.5688 3.8831 -3.1024 2.0160 47.1414 -4.5308 0.3775
Car -1 -1 -4.8425 540.2261 180.2499 571.6461 205.3187 1.5171 1.5903 3.3785 -3.5544 2.0126 46.5537 -4.9187 0.3684
Car -1 -1 -4.4300 632.6149 180.4400 672.6834 205.9373 1.5356 1.6053 3.7772 2.7701 2.0481 46.7232 -4.3717 0.3529
Car -1 -1 -5.0059 528.9061 179.5878 569.9504 204.6596 1.5168 1.6140 3.8123 -4.0069 1.9728 46.8320 -5.0912 0.3091
Car -1 -1 -4.9490 530.4301 180.5281 570.1736 205.4774 1.5031 1.6243 4.2686 -3.9835 2.0285 47.1538 -5.0333 0.3081
Car -1 -1 -4.3771 639.7571 180.6904 684.9158 205.5724 1.5093 1.6677 4.2329 3.4608 2.0493 47.4731 -4.3054 0.2579
Car -1 -1 -4.4585 542.8987 180.0696 580.1505 205.0762 1.5168 1.5870 3.4659 -3.1299 2.0019 46.6839 -4.5256 0.2381
Car -1 -1 -3.9817 633.3162 180.2700 695.3976 205.4660 1.5383 1.7046 4.1876 3.5687 2.0458 47.3352 -3.9075 0.2221
Car -1 -1 -4.3101 628.5337 180.4618 675.6520 206.9863 1.5762 1.6198 3.8932 2.7057 2.0851 46.1873 -4.2525 0.2189
Car -1 -1 -5.7095 519.3333 180.2350 579.2064 204.8780 1.5051 1.5701 3.5639 -3.9547 1.9962 46.5145 -5.7944 0.2118
Car -1 -1 -4.3632 639.6342 180.4265 683.9299 205.3364 1.5085 1.6425 3.9344 3.3933 2.0251 47.1226 -4.2923 0.1895
Car -1 -1 -5.1150 521.2528 179.5754 570.2297 204.8825 1.5271 1.6778 4.1424 -4.2624 1.9848 46.9409 -5.2055 0.1755
Car -1 -1 -4.9353 532.1223 179.8228 570.5182 205.3583 1.5360 1.7049 3.5918 -3.8497 2.0033 46.4445 -5.0180 0.1667
Car -1 -1 -4.4224 634.6186 180.4459 678.0297 206.6975 1.5570 1.7048 4.0080 2.9816 2.0660 46.2276 -4.3589 0.1558
Car -1 -1 -5.3884 516.5302 179.4540 576.2139 204.8660 1.5443 1.6694 4.0975 -4.2127 1.9924 46.9710 -5.4778 0.1529
Car -1 -1 -5.5370 513.9529 179.4367 575.9010 204.2911 1.5138 1.6311 3.9353 -4.2753 1.9570 46.7702 -5.6281 0.1385
Car -1 -1 -4.4839 629.2566 180.6447 668.1777 205.9537 1.5174 1.6885 3.8442 2.5114 2.0429 46.6205 -4.4310 0.1378
Car -1 -1 -5.8784 520.0804 180.4138 577.4669 204.9426 1.5023 1.5875 3.3077 -3.9491 1.9999 46.2494 -5.9635 0.1250
Car -1 -1 -4.2356 543.0406 180.2327 592.2500 205.3907 1.5244 1.5720 3.9448 -2.7468 2.0273 47.0853 -4.2941 0.1226
Car -1 -1 -4.3407 638.2017 180.6077 686.4968 205.4462 1.4734 1.6887 4.2236 3.3908 1.9971 46.4886 -4.2689 0.0988
Car -1 -1 -5.1262 517.2977 179.4969 565.1870 203.9115 1.4685 1.6682 3.8472 -4.5185 1.9166 46.6201 -5.2227 0.0919
Car -1 -1 -4.7349 532.2397 180.4666 561.3054 206.0284 1.5157 1.7529 4.0788 -4.1189 2.0249 46.1724 -4.8239 0.0840
Car -1 -1 -5.7115 510.2991 179.8989 574.4949 204.2225 1.4820 1.6194 3.8550 -4.3977 1.9514 46.4981 -5.8057 0.0710
Car -1 -1 -3.8709 491.1858 179.8083 564.0276 205.4829 1.4758 1.7017 4.5261 -5.1110 1.9304 44.9503 -3.9839 0.0701
Car -1 -1 -4.3248 622.3669 179.1931 671.1167 207.9496 1.6855 1.5961 4.2295 2.3378 2.1051 45.5395 -4.2744 0.0674
Car -1 -1 -4.4626 630.1002 180.4295 670.8575 207.6090 1.5868 1.6229 4.0383 2.5659 2.0870 45.5033 -4.4072 0.0608
Car -1 -1 -8.0488 668.6600 161.4844 770.7373 244.8683 2.1618 1.9646 5.1144 3.0149 1.8667 21.3152 -7.9111 0.0524
Pedestrian -1 -1 -6.6715 1104.4309 160.3333 1124.6108 217.5795 1.6214 0.5332 0.2913 14.4401 1.2665 20.7280 -6.0700 0.0462
Car -1 -1 -5.6194 504.6260 179.4485 574.1721 203.9113 1.4869 1.6804 4.3768 -4.6304 1.9310 46.7515 -5.7180 0.0444
Car -1 -1 -4.1415 642.1079 180.6940 694.0087 204.7043 1.4512 1.6244 3.6933 3.7717 1.9813 46.8532 -4.0622 0.0440
Car -1 -1 -3.9379 493.8500 179.2569 567.6573 205.3676 1.4933 1.7146 4.7676 -4.8916 1.9123 44.8479 -4.0464 0.0292
Pedestrian -1 -1 -6.7753 1109.1028 159.6093 1129.7930 218.9586 1.6831 0.5295 0.2637 14.5904 1.3072 20.7404 -6.1692 0.0279
Car -1 -1 -4.3518 509.9112 179.5451 560.9419 205.9255 1.4915 1.6500 4.4684 -4.5517 1.9246 44.3676 -4.4539 0.0268
Pedestrian -1 -1 -4.7546 985.2749 172.9043 1022.2178 278.4102 1.7183 0.5101 0.6322 6.5636 1.7189 12.1466 -4.2702 0.0258
Car -1 -1 -4.4408 623.2323 179.2126 666.6907 207.1472 1.6167 1.7057 3.9549 2.1884 2.0309 44.8818 -4.3930 0.0229
Pedestrian -1 -1 -5.1432 968.3505 175.2719 1021.9646 282.7472 1.7111 0.4936 0.7750 6.2842 1.7520 11.9031 -4.6686 0.0228
Car -1 -1 -6.0121 505.8593 180.3773 572.2888 204.0841 1.4543 1.6097 3.9384 -4.5458 1.9466 46.1115 -6.1103 0.0165
Pedestrian -1 -1 -5.1727 962.5447 175.0629 1016.6676 277.9012 1.6697 0.4969 0.7930 6.3125 1.7078 12.1311 -4.7037 0.0155
Pedestrian -1 -1 -6.6611 1104.7407 151.2197 1123.7444 216.4122 1.8664 0.5402 0.2681 14.5875 1.2467 20.9500 -6.0598 0.0131
Car -1 -1 -5.0880 544.0261 179.8229 582.1086 200.1062 1.4754 1.5753 4.0488 -3.7190 2.0383 56.1410 -5.1543 0.0110
Car -1 -1 -5.2005 537.1143 179.2760 581.0196 199.9845 1.5047 1.5966 4.2318 -4.0240 2.0227 56.0194 -5.2723 0.0107
Car -1 -1 -4.9386 551.6739 180.1996 582.1425 199.9587 1.4398 1.5141 3.9673 -3.4240 2.0339 56.2692 -4.9995 0.0094
Car -1 -1 -2.7921 498.6804 181.0155 573.8840 204.5662 1.4381 1.6626 4.5107 -4.7571 1.9776 46.3603 -2.8942 0.0090
Car -1 -1 -5.0096 543.1377 182.1042 575.5941 201.2209 1.3796 1.5117 3.6157 -3.9843 2.1213 55.9244 -5.0808 0.0078
Car -1 -1 -8.3697 654.0431 172.2799 689.2031 188.9799 1.4987 1.5060 3.9123 5.6518 1.4469 66.8431 -8.2860 0.0078
Car -1 -1 -4.2335 611.1981 177.9283 666.3027 207.5173 1.7079 1.6980 4.1251 1.7953 2.0369 44.6180 -4.1942 0.0068
Car -1 -1 -4.0842 525.4812 177.2233 582.0725 198.4231 1.4643 1.7436 4.6929 -4.1228 1.8017 53.3056 -4.1614 0.0067
Car -1 -1 -4.6405 559.2779 180.2386 582.5256 200.2452 1.4642 1.5286 4.0587 -3.0490 2.0615 56.3552 -4.6948 0.0067
Car -1 -1 -5.2694 533.8572 180.0308 579.9819 199.3026 1.3909 1.5872 4.1757 -4.1745 1.9674 55.8346 -5.3441 0.0065
Car -1 -1 -8.1576 661.2809 172.7076 688.6145 188.9906 1.4613 1.4425 3.7982 5.9559 1.4479 66.7633 -8.0694 0.0062
Car -1 -1 -4.9146 570.7336 178.4788 603.7201 200.6515 1.5260 1.5983 4.2278 -1.7465 1.9566 53.0370 -4.9478 0.0062
Car -1 -1 -4.5737 629.3271 178.9069 664.7997 207.5669 1.6446 1.6336 4.1414 2.2978 2.0361 44.5150 -4.5230 0.0061
Car -1 -1 -4.6097 547.8188 178.9203 577.2377 201.4212 1.5365 1.6757 4.7921 -3.4688 2.0022 53.0031 -4.6751 0.0058
Car -1 -1 -4.8736 568.0660 179.8758 596.6417 201.3954 1.4891 1.5120 3.7851 -2.1034 2.0264 53.2418 -4.9133 0.0057
Car -1 -1 -8.0829 664.1379 172.5347 689.3561 188.9806 1.4759 1.4736 3.8844 6.1242 1.4470 66.7785 -7.9922 0.0055
Car -1 -1 -3.2506 496.6426 180.1548 570.9116 204.3927 1.4623 1.6799 4.5121 -4.8709 1.9368 45.6185 -3.3568 0.0053
Car -1 -1 -4.9005 562.8699 183.5140 591.5305 203.8405 1.4482 1.4776 4.0351 -2.5993 2.3035 55.7800 -4.9473 0.0046
Car -1 -1 -4.7468 570.6500 183.3893 592.1154 204.5834 1.5148 1.5098 4.0519 -2.2670 2.3583 55.7126 -4.7878 0.0045
Car -1 -1 -3.8413 497.6335 179.8426 573.6205 205.9039 1.4945 1.6809 4.7320 -4.6029 1.9511 44.8880 -3.9434 0.0044
Car -1 -1 -4.8924 558.5210 183.4634 584.6337 201.4648 1.2992 1.4275 3.4451 -3.0420 2.1507 56.0878 -4.9468 0.0042
Car -1 -1 -4.6088 538.9731 177.3495 569.0110 199.0616 1.4892 1.7160 4.7252 -4.0843 1.8330 52.8595 -4.6860 0.0041
Car -1 -1 -3.4425 493.6693 180.2699 573.0807 205.4743 1.4889 1.6788 4.6721 -4.8386 1.9718 45.3175 -3.5488 0.0036
Car -1 -1 -6.7034 641.1190 181.3516 717.2386 205.8073 1.4939 1.6761 4.6207 4.4388 2.0614 46.6772 -6.6098 0.0034
Car -1 -1 -5.0723 560.8303 183.9219 595.6141 204.7338 1.4732 1.4494 3.6732 -2.4911 2.3491 55.1484 -5.1177 0.0032
Car -1 -1 -5.0290 552.6179 184.2930 588.0387 204.4888 1.4208 1.5599 3.9176 -3.1043 2.3299 55.2562 -5.0853 0.0026
Car -1 -1 -3.9978 501.0736 179.4552 570.5395 206.3116 1.5290 1.6934 4.5645 -4.5537 1.9582 44.5911 -4.0995 0.0026
Car -1 -1 -4.9023 568.5357 183.8163 595.2795 204.0374 1.4341 1.4048 3.4531 -2.1985 2.2975 55.0084 -4.9425 0.0025
Car -1 -1 -4.8859 638.2897 180.3471 675.1753 207.5842 1.5538 1.5661 4.1312 2.7956 2.0377 44.4797 -4.8241 0.0025
Cyclist -1 -1 -5.0843 951.8863 172.2363 1033.2791 282.7917 1.7285 0.5823 1.7794 6.3600 1.7186 12.1952 -4.6144 0.0023
Car -1 -1 -3.5726 492.6556 179.2483 573.5583 205.7302 1.5452 1.7711 4.7105 -4.8070 1.9612 45.0162 -3.6788 0.0021
Car -1 -1 -3.8602 501.9803 180.4205 575.3046 206.0036 1.4642 1.6537 4.5802 -4.4145 1.9577 44.8526 -3.9582 0.0016
Car -1 -1 -5.1022 558.0482 183.3392 593.5544 203.7191 1.4395 1.4605 3.5233 -2.6591 2.2637 54.8303 -5.1509 0.0015
Car -1 -1 -5.1500 638.3539 180.2703 690.5081 207.0983 1.5256 1.5765 4.1702 3.2612 2.0055 44.4924 -5.0778 0.0012
Pedestrian -1 -1 -3.6349 1216.2316 199.3141 1241.0000 360.0519 1.3843 0.4545 0.4301 5.8486 1.6347 6.5691 -2.9304 0.0010
Car -1 -1 -5.0016 567.7825 182.2036 601.2266 203.8000 1.5011 1.4637 3.8212 -1.9726 2.2265 53.9654 -5.0385 0.0010
