Car -1 -1 -4.2898 105.5358 183.0907 426.4174 374.0000 1.6224 1.6438 3.7821 -3.4184 1.7616 7.9208 -4.6861 0.9999
Car -1 -1 -7.7368 768.3254 170.5364 870.3365 254.0238 1.4968 1.6339 3.5031 4.3521 1.4549 14.8671 -7.4581 0.9999
Car -1 -1 -7.6567 502.6833 168.8971 604.0069 242.7878 1.6774 1.7528 4.5051 -1.3716 1.5873 18.7235 -7.7297 0.9998
Car -1 -1 -4.4450 386.1996 178.8611 489.5784 241.2255 1.4434 1.6002 4.2248 -4.4947 1.6213 19.2559 -4.6719 0.9997
Car -1 -1 -7.3571 813.2849 167.6466 952.0905 229.3850 1.4948 1.6015 4.4503 7.4153 1.3685 19.5357 -6.9998 0.9990
Car -1 -1 -7.3633 817.2658 166.2200 956.2606 228.0829 1.4983 1.6140 4.4725 7.5336 1.3374 19.5547 -7.0011 0.8002
Car -1 -1 -7.3631 807.1495 168.1245 950.0200 230.3795 1.4999 1.7023 4.5298 7.3041 1.3857 19.5257 -7.0106 0.7760
Car -1 -1 -7.6653 504.9569 168.4147 602.2668 243.4392 1.6987 1.6814 4.4696 -1.3654 1.5978 18.6536 -7.7382 0.7749
Car -1 -1 -7.5653 385.2014 178.8139 491.2463 240.1871 1.4376 1.6309 4.2032 -4.5344 1.6159 19.4669 -7.7918 0.6802
Car -1 -1 -8.8431 1030.7455 175.1340 1241.0000 374.0000 1.5165 1.6236 3.8498 3.4150 1.5302 2.4262 -7.9462 0.5755
Car -1 -1 -8.9960 1026.5123 49.8595 1241.0000 374.0000 1.5708 1.6666 3.9935 3.6014 1.5217 2.4163 -8.0715 0.5567
Car -1 -1 -7.1027 1042.1013 171.0944 1241.0000 374.0000 1.4264 1.5877 3.9251 4.4921 1.4198 3.5033 -6.2344 0.5332
Car -1 -1 -8.7248 1033.8296 183.6305 1241.0000 374.0000 1.4993 1.6267 3.9277 3.2380 1.5631 2.3164 -7.8340 0.4750
Car -1 -1 -8.6671 1015.3718 189.5827 1241.0000 374.0000 1.4473 1.5533 3.4655 3.2116 1.5502 2.7147 -7.8507 0.4344
Car -1 -1 -8.7263 1024.0844 183.0925 1241.0000 374.0000 1.4858 1.5898 3.6104 3.4342 1.5514 2.8103 -7.8920 0.4248
Car -1 -1 -9.2246 0.0000 0.0000 1241.0000 374.0000 1.6123 1.6369 4.2254 3.6527 1.5302 2.0576 -8.2268 0.3705
Car -1 -1 -7.2127 1030.5361 162.3901 1241.0000 374.0000 1.4510 1.6069 4.0338 4.5788 1.4102 3.7635 -6.3678 0.3130
Car -1 -1 -8.9808 0.0000 0.0000 1241.0000 374.0000 1.6603 1.6129 4.2038 3.4089 1.5684 1.6641 -7.9324 0.3124
Car -1 -1 -9.3270 1028.6592 0.0000 1241.0000 374.0000 1.6111 1.6756 4.2268 3.9563 1.4860 2.4483 -8.3632 0.3106
Car -1 -1 -8.5432 1058.4015 189.0609 1241.0000 374.0000 1.5011 1.5933 4.0047 2.9731 1.5962 2.1304 -7.6582 0.2959
Car -1 -1 -4.1725 1103.4172 116.2093 1241.0000 374.0000 1.5342 1.7094 4.4059 5.1732 1.3293 3.7198 -3.2620 0.2752
Car -1 -1 -6.8670 1092.5499 158.5157 1241.0000 374.0000 1.5583 1.6528 4.2608 4.5225 1.5336 2.7980 -5.8968 0.2725
Car -1 -1 -5.3615 1018.3262 194.1513 1241.0000 374.0000 1.4197 1.5694 3.6841 2.9745 1.5522 2.5553 -4.5564 0.2704
Car -1 -1 -3.9779 1026.0201 178.0912 1241.0000 374.0000 1.4437 1.5869 3.5697 4.2310 1.4750 3.5543 -3.1462 0.2192
Car -1 -1 -9.0557 1032.4642 161.0632 1241.0000 374.0000 1.5093 1.6414 3.9369 3.8065 1.5004 2.6471 -8.1438 0.1854
Car -1 -1 -7.0219 1034.0327 180.5885 1241.0000 374.0000 1.4557 1.6300 4.0017 4.3847 1.5025 3.2983 -6.1385 0.1669
Pedestrian -1 -1 -7.9856 182.6017 165.0250 205.8964 228.4138 1.9073 0.5682 0.4162 -12.7529 1.6715 22.0484 -8.5051 0.1185
Car -1 -1 -6.5391 1061.2819 80.0561 1241.0000 374.0000 1.6126 1.7914 4.1844 3.9514 1.5937 2.2228 -5.5365 0.1048
Pedestrian -1 -1 -4.7287 178.8557 164.1584 200.3943 228.0794 1.9287 0.5645 0.4060 -12.9192 1.6660 22.0905 -5.2529 0.0989
Pedestrian -1 -1 -4.8269 174.4003 164.6858 198.6152 228.4128 1.9041 0.5978 0.3534 -12.8897 1.6597 21.8792 -5.3542 0.0985
Pedestrian -1 -1 -4.9119 177.0373 164.6084 202.6804 228.1198 1.8953 0.6073 0.3919 -12.7885 1.6490 21.8805 -5.4357 0.0908
Pedestrian -1 -1 -5.7818 4.2876 166.0728 26.4512 225.9980 1.8449 0.5029 0.3312 -18.5797 1.6358 22.4914 -6.4665 0.0851
Car -1 -1 -4.3398 588.3041 169.6372 635.0988 194.5500 1.6421 1.7791 4.3440 0.1410 1.4297 49.9050 -4.3374 0.0824
Pedestrian -1 -1 -3.8566 987.3416 164.1068 1021.6455 235.9018 1.5406 0.4886 0.4457 8.5657 1.3526 15.7711 -3.3673 0.0817
Car -1 -1 -6.6922 1095.1937 183.2484 1241.0000 374.0000 1.4953 1.6584 3.6618 4.0321 1.5574 2.7063 -5.7623 0.0811
Car -1 -1 -8.8810 996.8409 178.6810 1241.0000 374.0000 1.5132 1.8289 3.9246 3.7907 1.5546 3.0728 -8.0378 0.0719
Pedestrian -1 -1 -5.5284 1.4662 164.3645 22.9128 224.1082 1.8304 0.4765 0.2534 -18.5643 1.5700 22.3521 -6.2157 0.0706
Car -1 -1 -6.6241 1086.9916 177.2337 1241.0000 374.0000 1.5798 1.7179 3.9961 4.0411 1.6061 2.5291 -5.6643 0.0615
Car -1 -1 -6.8954 1041.5685 179.0737 1241.0000 374.0000 1.5800 1.7197 3.9839 3.6738 1.6112 2.1379 -5.9106 0.0485
Car -1 -1 -5.0295 1198.2775 175.4070 1241.0000 374.0000 1.3948 1.5787 3.8245 4.7511 1.4163 4.1266 -4.2089 0.0459
Car -1 -1 -4.3152 593.0462 183.2676 643.0059 210.3150 1.3546 1.4723 3.5783 0.4488 1.9532 39.5611 -4.3045 0.0427
Pedestrian -1 -1 -7.3086 991.1975 158.7418 1034.4124 237.9897 1.6642 0.6160 0.5564 8.6291 1.3675 15.5582 -6.8107 0.0411
Car -1 -1 -4.9733 1129.7418 175.1353 1241.0000 374.0000 1.4475 1.5242 4.0578 4.2206 1.4673 4.1926 -4.2196 0.0411
Car -1 -1 -9.1482 1094.1913 181.3386 1241.0000 374.0000 1.4232 1.7395 4.1374 4.5292 1.4836 2.9257 -8.1962 0.0407
Car -1 -1 -7.5125 1052.3077 161.4018 1241.0000 374.0000 1.4613 1.5939 4.0268 4.6370 1.4183 4.2637 -6.7193 0.0395
Car -1 -1 -4.1353 951.9576 193.8356 1241.0000 374.0000 1.3937 1.4745 3.3740 3.6925 1.5373 3.8002 -3.4029 0.0389
Car -1 -1 -5.0145 592.4559 181.6021 640.1713 211.2699 1.4532 1.5230 3.6233 0.2478 1.9428 38.4504 -5.0087 0.0356
Car -1 -1 -5.8017 1062.7664 169.2441 1241.0000 374.0000 1.4757 1.7173 3.8360 4.2602 1.4696 3.2136 -4.9207 0.0354
Car -1 -1 -6.8429 585.7527 179.9502 658.9118 207.8061 1.4511 1.6262 3.7815 0.6623 1.8618 40.1147 -6.8270 0.0349
Car -1 -1 -4.5558 594.9104 183.7267 630.7772 210.3882 1.3352 1.4298 3.5740 0.1589 1.9591 39.5450 -4.5524 0.0342
Car -1 -1 -4.2965 1036.2343 139.0753 1241.0000 374.0000 1.5015 1.6365 4.2921 4.6488 1.3824 4.0101 -3.4734 0.0302
Cyclist -1 -1 -5.0939 985.9948 161.1398 1045.3990 238.9338 1.5948 0.5442 1.6084 8.6970 1.3543 15.6221 -4.5944 0.0302
Car -1 -1 -3.5739 577.4786 181.9152 655.5950 210.4894 1.4831 1.4864 4.0755 0.3327 2.0033 39.9285 -3.5662 0.0300
Car -1 -1 -4.8250 597.7419 181.9920 632.7504 211.2008 1.4508 1.4820 3.5705 0.2029 1.9661 38.8551 -4.8205 0.0297
Cyclist -1 -1 -5.4838 991.9143 154.5148 1078.0654 236.4782 1.6529 0.5250 1.7225 9.0017 1.2828 15.4503 -4.9649 0.0277
Car -1 -1 -7.2785 996.4634 178.2601 1241.0000 374.0000 1.4367 1.5995 4.1580 4.4308 1.4742 3.8853 -6.4649 0.0263
Car -1 -1 -4.5835 591.7661 182.3432 625.9453 208.2113 1.3298 1.4937 3.2713 -0.0650 1.8791 40.0697 -4.5857 0.0258
Car -1 -1 -6.8750 1076.6951 179.5417 1241.0000 374.0000 1.5206 1.6677 3.8989 4.3032 1.5605 2.8971 -5.9434 0.0246
Car -1 -1 -4.8063 595.6136 181.1094 627.6976 210.5272 1.4795 1.4074 3.4905 0.0143 1.9473 39.1047 -4.8065 0.0233
Pedestrian -1 -1 -3.9369 982.2938 163.2829 1019.2642 235.6279 1.5755 0.5673 0.4531 8.6366 1.3668 16.0530 -3.4514 0.0225
Pedestrian -1 -1 -3.8120 981.7856 166.1623 1015.9709 238.2758 1.5480 0.4908 0.4486 8.4427 1.4040 15.7711 -3.3287 0.0222
Car -1 -1 -6.9882 1044.9634 174.2394 1241.0000 374.0000 1.5114 1.6335 4.1765 4.4386 1.5194 3.1218 -6.0743 0.0213
Car -1 -1 -5.1642 591.8625 182.1902 649.0272 210.9583 1.3922 1.5335 3.7595 0.4607 1.9133 38.2621 -5.1528 0.0206
Car -1 -1 -5.4989 1127.1910 169.5611 1241.0000 374.0000 1.3841 1.6179 3.8635 4.6574 1.3761 3.6751 -4.6345 0.0187
Cyclist -1 -1 -4.9798 980.1168 159.9454 1020.7261 232.9349 1.5681 0.4766 1.2387 8.6723 1.2905 16.1580 -4.4952 0.0176
Pedestrian -1 -1 -5.3587 9.8249 163.1859 33.8855 224.6379 1.8932 0.5017 0.3008 -18.3924 1.5950 22.5087 -6.0381 0.0175
Pedestrian -1 -1 -7.6767 172.6819 166.7426 199.1141 228.5557 1.8235 0.6163 0.4219 -12.7330 1.6429 21.5893 -8.2044 0.0174
Cyclist -1 -1 -7.8417 996.6368 160.5282 1018.3776 232.2646 1.5591 0.4164 1.5085 9.0061 1.2909 16.4427 -7.3486 0.0171
Cyclist -1 -1 -7.7187 1000.1447 157.3799 1031.9163 233.3079 1.6209 0.4375 1.4852 9.0349 1.2903 16.1303 -7.2163 0.0165
Cyclist -1 -1 -7.9798 977.1443 157.9483 1008.7255 231.8562 1.6067 0.4365 1.4885 8.6663 1.2824 16.4595 -7.5030 0.0155
Pedestrian -1 -1 -5.4209 3.5391 162.4767 26.1826 224.8148 1.9035 0.4780 0.2711 -18.4314 1.5863 22.2911 -6.1060 0.0152
Car -1 -1 -3.3685 787.9699 176.0200 892.9730 206.1653 1.2835 1.4526 4.1836 10.0474 1.4266 31.7904 -3.0655 0.0149
Car -1 -1 -3.2164 776.5465 178.1942 878.5562 206.9347 1.2166 1.4579 4.2434 9.5633 1.4626 32.1306 -2.9301 0.0141
Car -1 -1 -5.6151 1189.6698 117.8854 1241.0000 374.0000 1.4327 1.7121 4.0339 4.9042 1.3467 3.1834 -4.6616 0.0136
Car -1 -1 -4.5075 584.8588 171.1272 621.8539 194.7975 1.5619 1.7667 4.0516 -0.4435 1.4477 49.7703 -4.5167 0.0133
Cyclist -1 -1 -6.9920 981.1790 152.4110 1062.0222 233.2878 1.7170 0.6315 1.4882 8.9382 1.2827 15.7766 -6.4849 0.0121
Car -1 -1 -4.8609 600.6769 180.3198 640.8130 211.5557 1.5413 1.5545 4.0816 0.4852 1.9640 38.7486 -4.8490 0.0119
Car -1 -1 -3.3859 788.0237 174.7420 898.8966 203.9762 1.2612 1.4941 4.4650 10.2846 1.3473 32.1275 -3.0792 0.0110
Pedestrian -1 -1 -3.6252 216.9674 174.6510 241.7856 233.7720 1.6227 0.4955 0.4328 -10.6744 1.6733 20.1419 -4.1074 0.0105
Car -1 -1 -6.6952 589.3444 180.1940 660.3596 208.9262 1.5089 1.5032 3.6381 0.7856 1.9296 39.9941 -6.6762 0.0101
Pedestrian -1 -1 -7.9467 165.5909 165.9061 189.9554 227.8381 1.8199 0.5919 0.3845 -12.9472 1.6154 21.5320 -8.4828 0.0098
Car -1 -1 -3.5629 804.9567 172.8106 912.4546 203.5155 1.3111 1.5301 4.2195 10.8666 1.3089 31.7712 -3.2365 0.0092
Cyclist -1 -1 -3.6496 967.8604 160.4862 1046.8291 236.5001 1.6339 0.5856 1.4112 8.6405 1.3678 15.8136 -3.1578 0.0090
Car -1 -1 -4.4485 586.2916 171.3019 625.8240 194.6611 1.5447 1.7324 4.0787 -0.2564 1.4417 49.9057 -4.4540 0.0077
Car -1 -1 -7.8472 996.8120 164.1744 1084.4198 239.1306 1.5419 1.5892 4.1252 10.0694 1.3630 17.0223 -7.3210 0.0074
Pedestrian -1 -1 -3.6335 213.5246 179.7540 238.5804 233.5541 1.4544 0.4862 0.4325 -10.6398 1.6475 19.9023 -4.1192 0.0066
Pedestrian -1 -1 -6.8568 980.1600 157.5540 1024.3098 241.8222 1.7697 0.5992 0.6008 8.3527 1.4481 15.4775 -6.3704 0.0057
Pedestrian -1 -1 -3.0979 231.8172 172.3023 253.7257 234.3649 1.8398 0.6660 0.5601 -11.1417 1.8231 21.8080 -3.5656 0.0044
Car -1 -1 -6.5001 767.3235 175.1860 869.9919 204.3992 1.2659 1.5349 4.1777 9.2339 1.3728 32.2964 -6.2244 0.0039
Car -1 -1 -3.2295 763.9896 176.1727 864.9473 206.6552 1.3221 1.4792 4.2742 9.1326 1.4771 32.6516 -2.9595 0.0033
Pedestrian -1 -1 -2.9009 223.9022 169.7311 249.6999 234.2164 1.9203 0.6218 0.5609 -11.3455 1.8270 21.8535 -3.3751 0.0032
Car -1 -1 -5.3412 1241.0000 85.0598 1241.0000 374.0000 1.4919 1.6550 3.8384 5.2335 1.3033 3.6250 -4.4135 0.0032
Car -1 -1 -7.6462 0.0000 211.1106 0.0000 374.0000 1.4421 1.5822 3.6523 -5.8115 1.8194 5.1711 -8.4641 0.0031
Car -1 -1 -6.5319 0.0000 0.0000 1241.0000 374.0000 1.6033 1.6248 3.7486 -4.2088 1.7072 1.0988 -7.7851 0.0030
Car -1 -1 -4.5367 580.7300 171.2883 617.4596 194.8793 1.5597 1.8353 4.2129 -0.7371 1.4559 49.9296 -4.5517 0.0028
Pedestrian -1 -1 -4.1420 120.9136 170.2852 189.8998 276.2798 1.5086 0.5749 0.6914 -6.7304 1.4718 10.6201 -4.6959 0.0026
Pedestrian -1 -1 -3.9227 108.2297 166.6411 183.0930 273.8185 1.5141 0.5421 0.7670 -6.8789 1.4260 10.6278 -4.4860 0.0022
Car -1 -1 -4.6711 577.6840 170.7863 605.0868 194.6807 1.5878 1.7312 4.2121 -1.2835 1.4501 50.0653 -4.6970 0.0021
Car -1 -1 -7.9506 1089.5344 184.0326 1241.0000 374.0000 1.4513 1.6786 4.3459 3.9890 1.5570 4.5661 -7.2648 0.0019
Cyclist -1 -1 -7.5509 859.7978 171.6136 896.6474 231.1120 1.4240 0.4406 1.5153 6.6541 1.3941 18.0055 -7.2028 0.0000
