Pedestrian -1 -1 -3.4070 748.9700 150.8457 848.8596 306.6401 1.8092 0.6151 1.0306 2.2632 1.4652 8.5250 -3.1548 0.9290
Pedestrian -1 -1 -3.4829 747.9469 149.7304 853.2451 308.4479 1.8285 0.6877 1.0500 2.2850 1.4744 8.5338 -3.2287 0.8347
Pedestrian -1 -1 -3.5131 742.7653 151.7990 838.0679 308.1934 1.8074 0.5917 0.9589 2.1668 1.4761 8.5265 -3.2712 0.6188
Cyclist -1 -1 -7.6141 269.5199 177.4583 334.8380 284.3198 1.5129 0.4836 1.8699 -4.7048 1.4702 10.9710 -8.0070 0.0102
Cyclist -1 -1 -7.6292 246.5661 175.0119 312.5018 286.1214 1.5618 0.4925 1.9110 -5.0329 1.4850 10.9236 -8.0482 0.0091
Car -1 -1 -3.7481 0.0000 180.3698 17.4958 227.7264 1.4658 1.5698 3.7696 -22.4481 1.4620 23.8942 -4.4939 0.0085
Car -1 -1 -4.0016 0.0000 182.5687 17.3134 229.9622 1.4571 1.5180 3.7528 -22.0956 1.5325 23.8010 -4.7415 0.0076
Car -1 -1 -3.5085 0.0000 179.4613 15.3581 226.9473 1.4752 1.6258 3.8435 -22.8038 1.4432 24.0493 -4.2589 0.0056
Pedestrian -1 -1 -5.9037 66.6420 170.8340 105.4596 257.2441 1.5412 0.5088 0.4087 -9.5127 1.3691 12.9065 -6.5252 0.0054
Pedestrian -1 -1 -4.3012 276.6413 198.1411 311.0960 274.1826 1.1896 0.3698 0.4165 -5.0470 1.4788 11.3674 -4.7069 0.0048
Car -1 -1 -8.9722 0.0000 0.0000 1223.0000 369.0000 1.6032 1.6043 3.6055 3.8660 1.5339 1.1534 -7.7647 0.0043
Car -1 -1 -6.2288 563.8002 164.4081 652.1384 195.9424 1.3892 1.5927 3.9124 0.1483 0.6805 32.0615 -6.2223 0.0040
Car -1 -1 -5.4635 0.0000 179.2990 105.3987 221.0455 1.4824 1.5410 3.5674 -20.7288 1.4400 26.1473 -6.1262 0.0037
Car -1 -1 -8.9608 0.0000 0.0000 1223.0000 369.0000 1.5681 1.5606 3.5236 3.4539 1.5279 1.1266 -7.7859 0.0037
Car -1 -1 -8.9247 0.0000 0.0000 1223.0000 369.0000 1.5746 1.5759 3.5386 3.0650 1.5444 1.1009 -7.7873 0.0036
Car -1 -1 -4.2787 468.8946 157.9702 583.9783 221.9172 1.7027 1.8199 4.1377 -2.2444 1.1031 21.0789 -4.3813 0.0035
Car -1 -1 -5.0618 16.5367 181.2899 112.4681 228.1425 1.6195 1.5944 3.9396 -20.1156 1.6510 26.2384 -5.7084 0.0033
Car -1 -1 -8.8583 0.0000 0.0000 1223.0000 369.0000 1.5626 1.5755 3.5093 2.6725 1.5270 1.0941 -7.7736 0.0033
Car -1 -1 -6.5104 0.0000 0.0000 1223.0000 369.0000 1.5689 1.6164 3.6799 -4.2365 1.6582 0.9565 -7.7861 0.0030
Car -1 -1 -9.0711 0.0000 0.0000 1223.0000 369.0000 1.5373 1.6039 3.8455 3.0660 1.5727 0.4021 -7.7311 0.0030
Car -1 -1 -9.0879 0.0000 0.0000 1223.0000 369.0000 1.5046 1.6097 3.8204 3.4077 1.5504 0.4286 -7.7328 0.0030
Car -1 -1 -9.0411 0.0000 0.0000 1223.0000 369.0000 1.5028 1.6091 3.8129 2.6142 1.5753 0.3831 -7.7328 0.0030
Car -1 -1 -9.0549 0.0000 0.0000 1223.0000 369.0000 1.5476 1.6125 3.6298 4.1994 1.5130 0.9898 -7.7857 0.0030
Car -1 -1 -6.5094 0.0000 0.0000 1223.0000 369.0000 1.5326 1.5802 3.5715 -5.0066 1.6658 1.2691 -7.7706 0.0030
Car -1 -1 -9.0774 0.0000 0.0000 1223.0000 369.0000 1.5440 1.6160 3.6491 4.5560 1.5004 1.0034 -7.7884 0.0030
Car -1 -1 -6.4858 0.0000 0.0000 1223.0000 369.0000 1.5479 1.5905 3.6557 -5.8143 1.7017 1.3782 -7.7703 0.0030
Car -1 -1 -9.0905 0.0000 0.0000 1223.0000 369.0000 1.6014 1.6150 3.6916 4.9841 1.5134 1.0447 -7.7861 0.0030
Car -1 -1 -8.8916 1194.3962 181.4876 1223.0000 369.0000 1.4936 1.5630 3.6017 3.9322 1.4995 2.0414 -7.8606 0.0030
Car -1 -1 -2.5011 0.0000 178.0033 21.6591 223.3825 1.5394 1.6308 4.0268 -23.4211 1.4550 25.0059 -3.2457 0.0030
Pedestrian -1 -1 -4.0732 65.1486 166.1720 103.1112 243.5341 1.7919 0.4820 0.5572 -12.3081 1.4604 16.6591 -4.6986 0.0029
Pedestrian -1 -1 -3.5520 680.5047 158.5438 705.2262 234.6553 1.8823 0.4790 0.4632 2.1653 1.3397 17.7819 -3.4313 0.0028
Pedestrian -1 -1 -4.0812 1102.9218 157.1012 1157.7737 245.1820 1.6630 0.5986 0.6327 10.1484 1.2216 13.7313 -3.4541 0.0028
Car -1 -1 -3.1919 0.0000 189.4614 83.6242 265.7732 1.3891 1.5766 4.2086 -14.1216 1.6104 15.3908 -3.9224 0.0027
Car -1 -1 -3.4955 0.0000 186.8746 100.1514 260.8088 1.4214 1.4387 3.6673 -13.7965 1.5825 15.8799 -4.1992 0.0027
Car -1 -1 -7.7125 569.1607 161.5133 616.8112 195.5601 1.5157 1.7489 3.6352 -0.5317 0.6707 33.3911 -7.7264 0.0027
Car -1 -1 -2.5352 0.0000 185.9813 79.8077 255.1816 1.4095 1.5969 4.6170 -14.6858 1.5399 15.6767 -3.2761 0.0026
Pedestrian -1 -1 -5.6763 1128.1522 221.1593 1218.7357 369.0000 1.1775 0.3366 0.4176 4.2298 1.4998 5.3445 -5.0335 0.0024
Cyclist -1 -1 -7.3157 57.7593 170.8481 132.7517 261.0312 1.5788 0.3530 1.5950 -9.5114 1.4102 13.1864 -7.9273 0.0024
Car -1 -1 -8.2757 661.5638 165.8836 735.6709 209.9974 1.6440 1.5785 3.6386 3.6424 1.0995 28.3189 -8.1474 0.0023
Car -1 -1 -7.4050 561.7945 162.4125 633.4445 198.7511 1.5849 1.8098 3.9352 -0.2958 0.7962 33.0043 -7.4120 0.0022
Car -1 -1 -6.3439 554.8887 164.6825 642.4397 195.9328 1.3730 1.5669 3.8703 -0.3498 0.6782 31.9811 -6.3528 0.0022
Pedestrian -1 -1 -8.3431 837.2013 170.3629 872.5611 235.2873 1.6093 0.7025 0.4657 6.2485 1.3584 17.8105 -8.0095 0.0022
Pedestrian -1 -1 -5.2569 761.7086 161.4890 789.8597 224.2972 1.5238 0.5190 0.4447 4.1692 1.0629 17.4455 -5.0245 0.0021
Car -1 -1 -2.6816 529.0292 159.5142 627.4926 197.7727 1.6657 1.8428 4.1304 -1.2512 0.7522 32.4729 -2.7178 0.0021
Pedestrian -1 -1 -4.3053 70.3894 192.1037 94.0400 236.1870 1.2592 0.4445 0.3625 -15.2218 1.6003 20.5406 -4.9339 0.0020
Car -1 -1 -7.6651 558.7624 159.4801 612.7963 196.2992 1.6029 1.7936 3.9525 -0.8469 0.6880 32.8784 -7.6887 0.0020
Car -1 -1 -3.3715 0.0000 190.2930 86.4091 266.5001 1.3956 1.4986 3.8155 -13.9110 1.6374 15.4473 -4.0927 0.0020
Car -1 -1 -5.0297 668.1691 165.9139 736.0452 209.3549 1.6167 1.5546 3.8572 3.7819 1.0741 28.3525 -4.8968 0.0019
Car -1 -1 -7.2544 564.4916 164.1048 637.7086 197.6988 1.4802 1.6851 3.6064 -0.1517 0.7580 33.1185 -7.2570 0.0019
Cyclist -1 -1 -8.2942 967.4268 155.3050 1030.1246 244.5104 1.6873 0.4865 1.5007 7.7928 1.2111 14.1364 -7.7981 0.0019
Car -1 -1 -6.1153 556.4882 164.0963 651.7075 196.2972 1.4036 1.5920 4.0932 -0.0343 0.6888 31.9476 -6.1144 0.0018
Car -1 -1 -5.1052 661.2972 167.0529 733.4299 209.9521 1.5861 1.4175 4.0050 3.5747 1.0892 28.2603 -4.9790 0.0017
Car -1 -1 -2.8814 534.3677 161.1189 631.5396 196.6426 1.5479 1.8485 4.0811 -0.9966 0.7036 32.1764 -2.9101 0.0017
Car -1 -1 -7.7199 575.2028 163.3086 621.2173 196.9813 1.5256 1.7200 3.7588 -0.2900 0.7469 34.0082 -7.7265 0.0017
Pedestrian -1 -1 -4.3674 285.7485 201.7815 316.9081 269.9437 1.1011 0.3804 0.3407 -5.0766 1.4595 11.7141 -4.7647 0.0016
Car -1 -1 -4.1715 543.8336 157.0894 623.9898 196.5949 1.6505 1.7575 4.0449 -0.8947 0.6726 31.7328 -4.1974 0.0015
Car -1 -1 -5.1074 648.5131 165.9639 727.3176 210.3219 1.6273 1.5395 4.3869 3.1806 1.0943 28.2602 -4.9948 0.0015
Car -1 -1 -4.2449 550.0547 161.6049 620.7706 198.7287 1.5866 1.6642 3.8595 -0.8487 0.7793 32.3183 -4.2690 0.0014
Car -1 -1 -4.1745 554.0770 163.9277 627.6100 197.9703 1.4533 1.6614 3.7457 -0.6051 0.7460 32.2226 -4.1912 0.0014
Cyclist -1 -1 -8.3492 951.4466 156.9578 1019.6846 244.2899 1.7172 0.5099 1.6571 7.8453 1.2546 14.7344 -7.8672 0.0014
Car -1 -1 -5.3989 0.0000 182.3036 101.8454 224.2363 1.4674 1.4319 3.3695 -20.4985 1.5365 25.9045 -6.0607 0.0014
Cyclist -1 -1 -8.4111 929.9368 158.6831 1003.2168 241.4944 1.6267 0.5146 1.7221 7.4650 1.1985 14.7708 -7.9500 0.0013
Car -1 -1 -4.8147 594.5246 160.9651 643.0476 198.1837 1.5540 1.7423 4.2271 0.5248 0.7385 31.7001 -4.7964 0.0013
Car -1 -1 -4.2422 549.7112 159.6606 624.3849 197.2699 1.5786 1.7240 4.0178 -0.7564 0.7041 31.8619 -4.2638 0.0013
Car -1 -1 -4.3447 560.2303 160.1975 622.6207 196.2479 1.5657 1.6650 3.6938 -0.5867 0.6841 32.7281 -4.3605 0.0013
Cyclist -1 -1 -8.3330 971.5499 150.4087 1051.3220 250.6894 1.8117 0.5110 1.8813 7.7874 1.2685 13.7217 -7.8250 0.0012
Car -1 -1 -3.3602 542.8724 158.0373 638.6766 195.3456 1.6108 1.8861 4.0096 -0.6954 0.6412 31.9172 -3.3798 0.0011
Pedestrian -1 -1 -5.8216 0.0000 171.2941 22.6364 248.0327 1.7690 0.5538 0.5294 -14.2053 1.5571 16.6294 -6.5173 0.0011
Pedestrian -1 -1 -7.7715 988.2773 151.6202 1027.2961 243.1297 1.7277 0.6234 0.5141 7.7792 1.1828 13.7358 -7.2643 0.0010
Car -1 -1 -4.0535 559.8785 162.4775 638.1869 196.4011 1.4756 1.5722 3.8925 -0.2397 0.6919 32.7775 -4.0588 0.0010
Car -1 -1 -5.4212 0.0000 180.7922 103.6698 223.9981 1.5015 1.4582 3.3062 -20.2420 1.5128 25.6308 -6.0819 0.0010
Pedestrian -1 -1 -3.5916 0.0000 172.4934 32.1036 240.4372 1.5638 0.5268 0.4770 -13.9190 1.3799 16.6010 -4.2781 0.0009
Cyclist -1 -1 -7.5246 55.7703 170.6394 116.2558 264.9326 1.6545 0.3565 1.7361 -9.7637 1.4818 13.2885 -8.1451 0.0009
Cyclist -1 -1 -8.1831 956.9354 155.8774 1008.6912 238.5594 1.5652 0.4604 1.4252 7.4734 1.0994 14.1234 -7.7039 0.0009
Cyclist -1 -1 -8.1046 964.1953 149.6829 1020.4974 248.2519 1.7910 0.4925 1.8715 7.4826 1.2314 13.8142 -7.6160 0.0009
Pedestrian -1 -1 -3.4475 761.3311 153.5029 786.5887 227.1964 1.8188 0.5635 0.4661 4.1951 1.1528 17.7492 -3.2176 0.0008
Car -1 -1 -4.4450 572.6529 162.7636 630.5196 198.4862 1.5198 1.6388 3.9682 -0.1089 0.7654 32.2099 -4.4464 0.0007
Cyclist -1 -1 -8.2956 826.3400 170.2501 873.6554 235.0063 1.5897 0.5028 1.6020 6.2333 1.3384 18.1815 -7.9690 0.0007
Pedestrian -1 -1 -3.0040 6.3479 165.2446 37.9367 240.5273 1.7638 0.5821 0.5049 -14.0033 1.4068 16.9455 -3.6836 0.0007
Pedestrian -1 -1 -8.2188 845.3348 164.7341 882.0393 236.0309 1.7716 0.7475 0.4721 6.4696 1.3802 17.8127 -7.8745 0.0006
Car -1 -1 -4.2000 560.3102 163.6335 628.9819 198.0719 1.4841 1.5903 3.5869 -0.4396 0.7575 32.4250 -4.2115 0.0006
Pedestrian -1 -1 -3.7092 1084.5391 154.8732 1150.6547 250.1891 1.8078 0.6191 0.8371 9.8984 1.3221 13.7393 -3.0942 0.0006
Car -1 -1 -4.3795 558.4919 162.4763 624.0419 197.7610 1.4793 1.6947 4.1111 -0.5639 0.7239 31.8607 -4.3952 0.0006
Car -1 -1 -5.0965 659.7073 168.7741 724.2896 207.4335 1.4363 1.4202 3.2366 3.3561 1.0009 28.0169 -4.9768 0.0006
Car -1 -1 -4.9120 583.1052 159.5733 638.9031 194.3705 1.4506 1.7192 4.0439 0.1731 0.5784 31.6235 -4.9046 0.0005
Pedestrian -1 -1 -4.3153 59.9469 188.9766 89.1151 243.3972 1.5531 0.5401 0.4634 -15.4557 1.8034 20.5579 -4.9510 0.0005
Pedestrian -1 -1 -3.4334 648.5873 172.8461 694.4556 263.5571 1.3733 0.3491 0.6317 0.9752 1.2578 10.9389 -3.3450 0.0005
Pedestrian -1 -1 -4.3833 971.4677 154.4360 1019.7398 236.7106 1.5884 0.7089 0.5388 7.7367 1.0856 14.0933 -3.8889 0.0004
Pedestrian -1 -1 -8.3090 831.8088 162.3234 869.5135 235.2514 1.8317 0.7132 0.6132 6.2434 1.3755 18.1078 -7.9808 0.0004
Car -1 -1 -5.1466 643.4382 168.0240 721.6646 208.9833 1.4862 1.5701 3.8280 2.9256 1.0338 27.7205 -5.0409 0.0004
Cyclist -1 -1 -7.7546 548.9100 170.4259 573.3170 234.8574 1.4768 0.4212 1.6995 -1.0872 1.2463 17.0636 -7.8152 0.0004
Cyclist -1 -1 -7.4647 0.0000 181.1993 31.2965 239.6184 1.7729 0.3933 1.6522 -18.7789 1.7961 22.3246 -8.1554 0.0004
Pedestrian -1 -1 -5.9675 0.0000 163.3349 28.6974 237.6855 1.7458 0.5730 0.4196 -14.2250 1.3431 16.9451 -6.6547 0.0002
Pedestrian -1 -1 -3.3880 645.8162 174.0236 696.5561 274.0211 1.4660 0.4127 0.6770 0.9381 1.3715 10.6231 -3.3006 0.0002
Pedestrian -1 -1 -4.0598 543.7675 174.0673 576.3481 246.1763 1.6045 0.4474 0.6359 -1.0653 1.4617 16.1217 -4.1228 0.0002
Cyclist -1 -1 -7.8390 843.6989 161.6316 863.8581 248.0324 1.7762 0.3926 1.6591 5.3727 1.3887 15.3826 -7.5077 0.0002
Pedestrian -1 -1 -4.0545 546.4709 180.2165 576.9368 242.6203 1.4325 0.4705 0.5586 -1.0572 1.4264 16.5941 -4.1152 0.0002
Cyclist -1 -1 -7.7614 550.4724 173.2436 572.4884 236.3582 1.4055 0.3797 1.4523 -1.0463 1.2442 16.4771 -7.8217 0.0002
Cyclist -1 -1 -7.6955 566.6596 166.5789 593.0911 234.1869 1.4960 0.3707 1.5791 -0.6137 1.1883 16.4516 -7.7301 0.0001
Cyclist -1 -1 -7.8503 555.1428 175.3579 569.8605 243.9736 1.4829 0.3177 1.7629 -1.0130 1.3721 16.1698 -7.9098 0.0001
