Car -1 -1 -7.5939 302.3084 191.0750 442.5097 283.7116 1.4037 1.5565 3.1983 -4.0618 1.5209 12.7300 -7.8971 0.9999
Car -1 -1 -7.3485 0.0000 192.0651 362.1629 375.0000 1.5153 1.6368 3.9323 -3.2231 1.5829 5.0850 -7.8901 0.9986
Car -1 -1 -7.8676 562.3158 177.5499 602.4205 214.3335 1.5661 1.7092 3.6610 -1.2139 1.2399 32.4787 -7.9051 0.9958
Car -1 -1 -7.5197 240.3520 185.3229 343.5427 240.8437 1.4401 1.5822 3.5951 -8.9213 1.4436 20.5021 -7.9256 0.9883
Car -1 -1 -7.3568 0.0000 187.2273 154.6448 252.6866 1.4116 1.5054 3.9601 -12.9877 1.4670 17.6889 -7.9831 0.9469
Car -1 -1 -7.4620 305.3823 179.2976 367.3510 211.0396 1.4504 1.5198 3.6295 -13.0540 1.1801 34.6862 -7.8198 0.9258
Car -1 -1 -7.4524 209.8633 180.6030 292.4871 222.8243 1.4541 1.5368 3.3228 -13.0690 1.2954 26.4582 -7.9074 0.9191
Car -1 -1 -7.3524 64.9095 186.1828 281.7208 278.8825 1.4876 1.5652 4.4128 -8.0592 1.5093 13.8029 -7.8727 0.9125
Car -1 -1 -7.4914 239.5706 184.6652 343.7256 240.6879 1.4559 1.5751 3.4376 -8.9052 1.4417 20.4327 -7.8979 0.8922
Car -1 -1 -4.4724 401.7688 182.6092 452.2915 212.0755 1.4013 1.5786 3.8913 -9.0507 1.2775 36.1340 -4.7165 0.8334
Car -1 -1 -7.3479 52.6635 187.4880 277.3665 282.1316 1.4761 1.5383 4.5386 -8.0753 1.5265 13.6061 -7.8752 0.8192
Car -1 -1 -7.3646 0.0000 187.0902 151.7460 252.5124 1.4103 1.5326 3.9377 -13.0466 1.4619 17.6705 -7.9935 0.8133
Car -1 -1 -7.4975 240.4612 184.7047 348.2440 240.6992 1.4553 1.6035 3.7403 -8.8802 1.4422 20.5884 -7.9003 0.7690
Car -1 -1 -7.3474 66.1220 186.2229 280.7003 278.8552 1.4908 1.5590 4.3150 -8.0577 1.5133 13.7847 -7.8681 0.7467
Car -1 -1 -4.1783 2.0905 188.1822 245.7384 289.9757 1.4545 1.5509 4.1386 -8.1029 1.5148 12.4864 -4.7444 0.7357
Car -1 -1 -7.2011 0.0000 187.4227 173.0547 252.1930 1.4014 1.5290 4.0857 -12.8409 1.4624 17.7621 -7.8200 0.7249
Car -1 -1 -7.3796 211.1643 181.3950 296.7010 223.0247 1.4328 1.4586 3.3108 -12.9455 1.3015 26.4131 -7.8316 0.6767
Car -1 -1 -7.5476 237.4580 185.4402 344.5674 240.2790 1.4201 1.6429 4.0981 -9.0332 1.4274 20.7532 -7.9537 0.6283
Car -1 -1 -7.3457 58.9086 186.8527 273.9526 278.9974 1.4818 1.6038 4.1986 -8.1776 1.5181 13.7501 -7.8739 0.6238
Car -1 -1 -7.4401 204.8482 180.6406 295.4526 223.0183 1.4544 1.5898 3.8100 -13.1563 1.2975 26.6070 -7.8956 0.6128
Car -1 -1 -7.2820 0.0000 187.3104 155.4148 252.1436 1.3981 1.4591 3.6324 -12.8395 1.4546 17.4746 -7.9085 0.5735
Car -1 -1 -7.4318 303.6219 179.0357 371.3956 212.6239 1.5359 1.6442 3.8242 -13.0436 1.2534 34.8330 -7.7879 0.5679
Car -1 -1 -4.2105 32.7678 187.2245 267.9991 285.2574 1.4583 1.5034 4.6147 -8.0207 1.5017 13.1234 -4.7502 0.5535
Pedestrian -1 -1 -7.7349 446.7660 183.9424 460.5239 213.1163 1.6687 0.7007 0.6821 -8.9215 1.5960 41.4884 -7.9458 0.5486
Car -1 -1 -7.3163 208.6381 179.8857 307.0971 221.5262 1.4287 1.5447 3.7858 -12.8741 1.2460 26.6188 -7.7631 0.5356
Car -1 -1 -7.3078 0.0000 193.4858 361.7952 375.0000 1.4933 1.5383 4.0571 -3.1093 1.5711 4.7049 -7.8661 0.5243
Car -1 -1 -7.5235 304.5421 179.5331 364.0271 211.5305 1.4638 1.5560 3.7305 -13.1865 1.2040 34.7735 -7.8838 0.5056
Car -1 -1 -4.4770 405.0728 181.5509 453.8410 211.6625 1.4367 1.5365 3.7962 -8.9493 1.2620 36.2013 -4.7180 0.5012
Pedestrian -1 -1 -3.3045 520.3165 168.9203 536.1988 201.6470 1.8978 0.5996 0.8376 -4.6865 0.9530 42.0870 -3.4150 0.4851
Car -1 -1 -7.3682 305.5865 179.4053 371.8074 212.2793 1.4999 1.5175 3.5153 -12.9254 1.2349 34.6395 -7.7231 0.4144
Car -1 -1 -4.4906 380.3270 176.4375 442.1269 218.5568 1.6475 1.6146 4.1995 -8.2179 1.3043 30.2502 -4.7540 0.4120
Car -1 -1 -4.4652 399.2194 182.1013 451.9617 212.5185 1.4322 1.6185 3.9819 -9.0440 1.2857 35.8389 -4.7110 0.4083
Pedestrian -1 -1 -2.9340 521.7316 168.5932 534.7337 201.9306 1.9404 0.6149 0.6460 -4.6936 0.9731 42.1789 -3.0445 0.4061
Car -1 -1 -4.3391 203.1549 182.3619 287.4611 224.1064 1.4044 1.5085 3.5875 -13.0623 1.3086 26.0378 -4.8002 0.4054
Car -1 -1 -4.2859 20.5046 188.0060 233.4311 289.1424 1.4240 1.4758 3.8889 -7.9538 1.4796 12.2613 -4.8515 0.4041
Car -1 -1 -4.4374 396.2807 182.3815 451.1390 212.2523 1.4129 1.6397 3.9730 -9.1796 1.2790 36.0104 -4.6856 0.3980
Car -1 -1 -4.3507 388.3611 181.7351 451.9569 212.7833 1.4462 1.6522 4.2466 -9.2580 1.2842 35.6835 -4.6031 0.3372
Car -1 -1 -4.3972 202.0198 179.2372 282.6442 222.1160 1.4555 1.5793 3.5909 -13.3025 1.2527 26.2937 -4.8617 0.3356
Car -1 -1 -4.3834 401.7800 181.5039 455.5548 210.6589 1.4095 1.5741 3.6048 -9.0920 1.2302 36.6161 -4.6254 0.3340
Pedestrian -1 -1 -7.5987 447.5525 182.8419 463.2571 212.5277 1.6989 0.7382 0.6852 -8.8223 1.5632 41.4995 -7.8073 0.3207
Pedestrian -1 -1 -7.9438 445.4501 184.1357 459.9821 213.0173 1.6426 0.7482 0.8050 -8.9578 1.5813 41.3785 -8.1561 0.2947
Car -1 -1 -4.4721 402.7448 182.2875 454.1956 212.7354 1.4217 1.5398 4.0845 -8.8435 1.2852 35.6103 -4.7142 0.2785
Car -1 -1 -4.7202 394.1789 175.5011 438.1465 214.3839 1.6570 1.8252 4.7706 -8.8925 1.2432 33.1760 -4.9804 0.2095
Car -1 -1 -4.3470 382.4960 181.7213 449.8029 213.8589 1.4283 1.5916 4.4918 -9.0697 1.2732 34.2678 -4.6042 0.2067
Car -1 -1 -7.7816 303.7984 179.5312 346.5560 212.3638 1.4863 1.6548 3.4434 -13.5149 1.2292 34.4318 -8.1533 0.1834
Car -1 -1 -2.6733 269.4157 178.5198 353.3319 211.8423 1.5175 1.5897 3.2679 -13.8753 1.2127 33.6583 -3.0618 0.1112
Car -1 -1 -2.5346 272.3067 178.4044 358.0483 212.3085 1.5464 1.6677 3.4143 -13.8397 1.2359 33.9778 -2.9189 0.1019
Car -1 -1 -2.6506 264.7545 179.5232 353.4918 212.5033 1.5102 1.5404 3.5553 -14.0666 1.2497 33.8599 -3.0419 0.0891
Car -1 -1 -2.4560 272.3208 179.2036 357.2672 212.1287 1.5059 1.5280 3.5794 -13.9374 1.2311 34.1387 -2.8412 0.0647
Car -1 -1 -2.4957 257.9832 178.0731 356.3978 210.6933 1.4891 1.6605 4.1514 -14.2900 1.1632 34.1371 -2.8896 0.0504
Car -1 -1 -2.7321 251.0517 179.5309 351.1295 211.2581 1.4502 1.5988 4.0086 -14.3484 1.1905 33.6755 -3.1323 0.0495
Car -1 -1 -2.8917 302.2773 163.9611 422.2017 216.1478 1.8472 1.6862 3.8748 -8.9874 1.0950 26.4310 -3.2166 0.0378
Car -1 -1 -2.8155 297.4270 162.3187 422.9322 216.1947 1.9273 1.7859 4.0329 -9.1290 1.1083 26.6110 -3.1431 0.0320
Car -1 -1 -2.3653 0.0000 201.3675 453.3631 375.0000 1.4229 1.7124 3.8693 -3.2430 1.5574 4.7497 -2.9386 0.0225
Car -1 -1 -6.2396 386.5558 179.7354 490.2477 219.4074 1.5173 1.6962 3.9156 -6.7337 1.3079 28.6882 -6.4684 0.0182
Pedestrian -1 -1 -4.2413 1083.5226 146.0508 1166.6586 315.8007 1.8306 0.5828 0.5501 5.7938 1.4084 8.1396 -3.6391 0.0131
Car -1 -1 -6.4326 0.0000 0.0000 1240.0000 375.0000 1.4543 1.5666 3.4973 -2.6244 1.6259 0.2693 -7.7976 0.0109
Car -1 -1 -6.2446 616.2480 179.9112 701.3544 211.8731 1.5138 1.5804 4.0489 2.4690 1.2627 35.0504 -6.1753 0.0085
Pedestrian -1 -1 -7.3732 115.9890 171.5046 144.5463 221.5591 1.6993 0.6485 0.5234 -16.4426 1.2339 24.6971 -7.9558 0.0071
Car -1 -1 -6.4626 0.0000 0.0000 1240.0000 375.0000 1.4602 1.5787 3.5436 -2.2340 1.6265 0.2974 -7.7810 0.0071
Car -1 -1 -4.8348 604.5063 173.1057 632.4666 194.9985 1.6472 1.7059 3.9472 0.7825 0.7362 56.1407 -4.8213 0.0067
Cyclist -1 -1 -7.7449 426.4035 175.1823 443.4131 215.7883 1.7005 0.5275 1.7349 -7.4817 1.2805 30.9981 -7.9801 0.0065
Cyclist -1 -1 -7.7292 426.0497 174.7640 442.9352 215.0815 1.6977 0.4969 1.7579 -7.5411 1.2577 31.1705 -7.9649 0.0047
Car -1 -1 -6.4996 0.0000 0.0000 1240.0000 375.0000 1.4757 1.6074 3.5817 -1.8257 1.5823 0.3168 -7.7549 0.0047
Pedestrian -1 -1 -4.8979 817.4604 198.8890 840.7454 258.0255 1.1157 0.3754 0.3042 4.1977 1.3818 13.8115 -4.6089 0.0046
Car -1 -1 -8.1061 591.8604 176.5392 625.3582 197.7145 1.5691 1.5785 4.2055 0.0034 0.9263 55.5009 -8.1065 0.0042
Car -1 -1 -7.6377 600.0731 175.2883 633.2805 197.7902 1.6533 1.7256 3.9902 0.7023 0.9241 54.9567 -7.6254 0.0041
Car -1 -1 -5.2454 594.4210 175.0256 636.8836 196.5302 1.6420 1.5234 4.0334 0.5675 0.8641 57.0154 -5.2359 0.0041
Cyclist -1 -1 -7.7198 419.1860 175.1928 437.7317 215.8569 1.7085 0.5347 1.8691 -7.7983 1.2875 31.1601 -7.9634 0.0041
Car -1 -1 -6.3511 617.7498 180.7209 698.0259 211.4461 1.4571 1.4833 3.7838 2.3523 1.2441 34.8364 -6.2847 0.0040
Car -1 -1 -6.5676 0.0000 0.0000 1240.0000 375.0000 1.4889 1.6053 3.6052 -1.4493 1.5799 0.3238 -7.7442 0.0038
Cyclist -1 -1 -7.7238 411.4091 175.3078 431.9336 215.8253 1.7217 0.6592 1.6503 -8.1558 1.3008 31.4048 -7.9761 0.0035
Car -1 -1 -7.6206 600.6511 174.6248 632.6044 196.7411 1.6419 1.6359 3.7777 0.7003 0.8558 55.3975 -7.6084 0.0032
Car -1 -1 -4.5663 599.8360 175.1894 628.7536 196.7678 1.6089 1.7074 3.7806 0.5210 0.8615 55.5964 -4.5573 0.0032
Pedestrian -1 -1 -4.4091 668.3043 168.2400 686.7864 208.6710 1.7492 0.6784 0.5324 3.0189 1.0149 31.4773 -4.3147 0.0031
Car -1 -1 -7.5304 89.8177 169.7144 131.4494 190.9261 1.6642 1.6678 3.7666 -40.3723 0.4482 58.4400 -8.1330 0.0030
Car -1 -1 -5.1927 581.7820 173.8275 626.5252 195.6354 1.6149 1.7280 4.1411 -0.3420 0.7718 55.4669 -5.1992 0.0030
Car -1 -1 -5.0686 632.9854 175.1982 679.0168 201.0534 1.4721 1.4270 4.0202 2.8053 0.9019 43.0582 -5.0043 0.0030
Pedestrian -1 -1 -7.2765 110.4404 169.5727 140.1766 220.9909 1.7461 0.6313 0.5854 -16.6191 1.2150 24.7066 -7.8638 0.0029
Pedestrian -1 -1 -3.7465 742.9846 176.3983 771.9748 240.9697 1.8142 0.6253 0.5545 4.2387 1.5667 20.5939 -3.5467 0.0026
Car -1 -1 -5.3049 578.3726 174.6412 623.9083 195.5602 1.5522 1.6188 3.8692 -0.5654 0.7677 55.3914 -5.3155 0.0024
Car -1 -1 -5.0925 580.9228 173.8732 621.0599 196.2291 1.6586 1.7140 4.0470 -0.5853 0.8172 55.5290 -5.1034 0.0022
Car -1 -1 -5.0371 572.0756 173.5371 611.3947 195.7892 1.6442 1.8032 4.1089 -1.2978 0.7814 55.3554 -5.0608 0.0021
Car -1 -1 -5.0379 589.0032 175.2417 624.1074 197.5289 1.6532 1.5721 3.7752 -0.1497 0.9135 55.3634 -5.0410 0.0020
Car -1 -1 -5.2110 597.5135 176.2441 637.1691 197.4052 1.6238 1.4966 3.8380 0.7074 0.9355 57.2090 -5.1991 0.0019
Car -1 -1 -5.0347 574.7177 174.4126 612.7741 195.7088 1.5745 1.7173 4.0850 -1.1419 0.7759 55.3587 -5.0556 0.0015
Car -1 -1 -5.1620 574.6567 173.2870 618.8117 196.0635 1.6881 1.7370 4.2356 -0.9176 0.8041 55.5592 -5.1789 0.0013
Car -1 -1 -4.7354 600.3267 174.4898 623.2588 196.7620 1.6569 1.6689 4.1257 0.2597 0.8591 55.5551 -4.7312 0.0013
Cyclist -1 -1 -7.9499 824.4011 181.3325 856.6260 271.5994 1.5522 0.3767 1.7710 4.2225 1.4856 13.2664 -7.6483 0.0012
Cyclist -1 -1 -7.7858 423.0955 178.0830 437.5251 214.6599 1.5500 0.4992 1.6492 -7.7607 1.2479 31.3182 -8.0270 0.0012
Pedestrian -1 -1 -2.9942 530.6160 172.9606 538.3646 199.2163 1.6429 0.4337 0.4262 -4.6342 0.8762 45.2082 -3.0961 0.0011
Car -1 -1 -5.1482 594.4506 178.1926 631.8082 195.6649 1.2739 1.4228 3.6216 0.3507 0.7620 54.3540 -5.1422 0.0011
Pedestrian -1 -1 -4.7685 421.1159 176.4746 438.7798 214.6218 1.6462 0.7112 0.7232 -7.8258 1.2691 31.4712 -5.0106 0.0010
Pedestrian -1 -1 -4.6546 824.1761 199.9860 846.3625 259.3934 1.0901 0.3824 0.3359 4.2297 1.3728 13.5257 -4.3578 0.0010
Pedestrian -1 -1 -5.0178 889.8397 183.8089 931.3883 283.1243 1.4789 0.4652 0.4489 4.5503 1.4581 10.9466 -4.6333 0.0007
Cyclist -1 -1 -6.2326 663.9071 168.9801 713.4000 218.5515 1.7747 0.8114 1.7615 2.9235 1.1936 26.2771 -6.1234 0.0007
Cyclist -1 -1 -7.9796 807.6138 167.0030 836.6796 249.6084 1.5684 0.3582 1.4996 4.2325 1.2228 14.4175 -7.6996 0.0006
Cyclist -1 -1 -7.9528 818.3046 184.7432 848.0881 262.8205 1.3795 0.3691 1.5041 4.1572 1.3713 13.4747 -7.6598 0.0006
Cyclist -1 -1 -8.0934 806.3000 175.5582 846.5448 256.2205 1.4878 0.3831 1.5328 4.1949 1.3098 14.0333 -7.8087 0.0004
Pedestrian -1 -1 -4.8436 876.3987 178.9014 912.8474 277.0173 1.4628 0.4619 0.4092 4.3168 1.3688 10.9702 -4.4777 0.0004
