Car -1 -1 -6.1483 38.4892 178.1159 235.1658 242.8226 1.6292 1.7147 4.3506 -12.5918 1.5445 19.7744 -6.7146 0.9994
Car -1 -1 -7.6644 529.4240 174.7079 574.2496 204.8162 1.4108 1.5986 3.4693 -2.4089 1.0928 35.4758 -7.7367 0.9991
Car -1 -1 -4.1947 327.6026 178.0233 395.0982 206.8213 1.4454 1.6194 4.0510 -12.6867 1.2711 38.1972 -4.5183 0.9186
Car -1 -1 -7.6063 587.6563 170.4441 622.6396 191.8927 1.5765 1.7273 4.1810 0.3468 0.7638 55.0377 -7.6050 0.8874
Car -1 -1 -4.1321 327.9400 178.9326 395.6982 207.5197 1.4318 1.5545 3.8510 -12.6166 1.3034 38.0386 -4.4554 0.8364
Car -1 -1 -4.1573 327.6824 177.3748 395.9258 206.6872 1.4692 1.5841 3.9795 -12.6405 1.2626 38.1226 -4.4805 0.8266
Car -1 -1 -7.5649 588.3814 171.0377 622.8943 191.8432 1.5283 1.6470 3.7584 0.3761 0.7597 54.8044 -7.5630 0.7665
Car -1 -1 -7.5377 588.1078 170.6550 625.6649 191.6751 1.5439 1.7411 3.9665 0.4768 0.7473 54.9186 -7.5340 0.7600
Car -1 -1 -7.6370 587.0687 170.4992 619.7977 191.7305 1.5619 1.7149 3.9368 0.2105 0.7526 54.9524 -7.6381 0.7105
Car -1 -1 -4.1703 324.1398 178.8464 389.8395 207.6500 1.4319 1.6042 3.6737 -12.7533 1.3002 37.6750 -4.4996 0.5696
Car -1 -1 -7.7041 586.1539 171.0065 615.5029 192.0402 1.5489 1.6987 3.9192 0.0088 0.7761 54.9582 -7.7088 0.5189
Car -1 -1 -7.5585 585.7121 170.7950 620.3070 191.8823 1.5379 1.6392 3.6641 0.1729 0.7571 54.3797 -7.5602 0.4884
Car -1 -1 -7.1600 328.2320 180.1423 396.9975 208.5354 1.4163 1.5171 3.5502 -12.4955 1.3488 37.7620 -7.4826 0.4799
Car -1 -1 -4.2910 325.6317 178.3886 387.7605 207.0716 1.4379 1.6449 3.9695 -12.8921 1.2821 38.0618 -4.6205 0.4727
Pedestrian -1 -1 -6.1343 830.1626 129.1805 943.8984 331.5158 1.9426 0.5578 1.0254 2.8860 1.4410 7.3884 -5.7796 0.4699
Pedestrian -1 -1 -6.2163 817.3521 135.8988 930.4100 330.1324 1.8894 0.5115 1.0595 2.7625 1.4465 7.4317 -5.8776 0.4066
Car -1 -1 -4.0652 318.9769 179.2655 386.3705 208.1479 1.4202 1.6039 3.3527 -12.8143 1.3105 37.1632 -4.4001 0.3151
Car -1 -1 -7.7894 586.7196 170.1899 611.5867 191.9266 1.6055 1.6619 4.2809 -0.1208 0.7700 55.2406 -7.7965 0.3058
Car -1 -1 -4.3594 325.2478 177.6925 386.4155 206.8577 1.4673 1.7235 4.2738 -13.0097 1.2760 38.2958 -4.6898 0.2910
Car -1 -1 -7.7179 583.8289 171.0928 612.4180 192.3362 1.5409 1.6746 3.7781 -0.1974 0.7860 54.0860 -7.7265 0.2881
Car -1 -1 -7.6616 577.6073 169.0256 602.6505 186.7007 1.5579 1.6146 3.7041 -0.9650 0.4581 65.2780 -7.6811 0.2871
Car -1 -1 -4.1929 312.8329 179.5512 382.2876 208.3019 1.4030 1.7520 3.7563 -13.0233 1.3081 37.0581 -4.5337 0.2518
Car -1 -1 -7.8877 584.9317 171.0770 609.5532 192.5193 1.5787 1.7213 4.0548 -0.3367 0.8112 54.9500 -7.8987 0.2125
Car -1 -1 -7.5061 576.5591 168.6915 609.1721 187.3835 1.6481 1.6830 4.1408 -0.7105 0.5185 65.5665 -7.5217 0.2036
Car -1 -1 -7.6054 575.6316 168.5360 605.0984 187.4133 1.6666 1.7364 4.1811 -0.9404 0.5218 65.6526 -7.6245 0.1764
Car -1 -1 -7.9710 614.3627 168.1085 637.8277 186.5484 1.5855 1.6078 3.9555 2.1903 0.4338 63.8046 -7.9417 0.1498
Pedestrian -1 -1 -6.1790 813.5046 145.1421 910.5314 326.3778 1.8237 0.4448 0.9350 2.7158 1.4586 7.6254 -5.8534 0.1404
Car -1 -1 -7.8283 619.3152 168.5050 638.0847 186.4285 1.5413 1.5870 3.8739 2.4754 0.4236 63.7548 -7.7945 0.1296
Car -1 -1 -7.4509 577.5233 167.5422 614.6182 187.3282 1.7405 1.7852 4.4955 -0.4115 0.5124 65.6074 -7.4620 0.1143
Car -1 -1 -7.9966 609.7944 168.3181 634.9043 186.8692 1.5937 1.6447 4.0643 1.8557 0.4610 63.8251 -7.9725 0.1087
Car -1 -1 -7.8413 577.9510 169.0907 596.4479 187.7969 1.6534 1.6349 4.0883 -1.2507 0.5563 65.5462 -7.8652 0.0944
Car -1 -1 -4.7068 582.6920 170.5197 608.1944 192.5357 1.6107 1.8660 3.5119 -0.4366 0.8073 54.3178 -4.7197 0.0930
Car -1 -1 -7.7689 0.0000 173.9902 38.5094 215.7848 2.1965 1.6567 4.4580 -32.6256 1.8020 40.0595 -8.4542 0.0847
Car -1 -1 -7.6924 619.5573 167.6529 644.9398 186.3076 1.5989 1.6385 4.0577 2.7964 0.4118 63.7214 -7.6536 0.0800
Car -1 -1 -7.6185 0.0000 175.1108 50.7786 215.5080 2.1251 1.6377 4.2738 -32.2861 1.7892 40.0704 -8.2986 0.0773
Car -1 -1 -7.5124 578.1544 170.5278 619.1329 193.3308 1.6137 1.6479 4.4852 -0.1386 0.8372 53.2243 -7.5199 0.0752
Car -1 -1 -7.4181 579.1508 168.0813 616.5003 186.6929 1.6353 1.7233 4.4033 -0.2528 0.4560 65.4765 -7.4268 0.0659
Car -1 -1 -7.5185 0.0000 175.9924 58.0699 214.4095 2.0119 1.6089 4.1335 -31.8769 1.7237 39.8359 -8.1952 0.0510
Car -1 -1 -3.1501 320.3933 178.3197 402.9810 207.8645 1.5018 1.7290 4.0566 -12.6607 1.3404 37.9948 -3.4747 0.0418
Car -1 -1 -2.8956 576.2722 172.0062 634.0252 192.8645 1.5308 1.6768 4.0614 0.3088 0.8340 54.0279 -2.8949 0.0389
Car -1 -1 -6.8063 614.3494 168.0781 665.9872 186.0670 1.5410 1.6565 4.2903 3.4494 0.3910 63.2513 -6.7569 0.0367
Car -1 -1 -8.0307 570.0119 168.9027 595.6981 187.8147 1.6673 1.6408 3.9927 -1.6915 0.5565 65.4521 -8.0613 0.0291
Cyclist -1 -1 -7.9689 773.3226 163.5703 782.9767 194.0014 1.6425 0.3233 1.5940 9.7279 0.6749 39.5830 -7.7343 0.0246
Car -1 -1 -7.2289 0.0000 176.6128 79.1754 213.7434 1.9651 1.5577 4.3163 -31.5106 1.7066 40.2049 -7.8955 0.0244
Cyclist -1 -1 -7.9361 630.7546 170.2893 637.2374 192.8477 1.6449 0.3389 1.6054 2.4228 0.8274 53.1879 -7.8957 0.0240
Cyclist -1 -1 -7.8394 778.0502 161.8729 784.2948 192.3877 1.6577 0.3250 1.6301 9.9712 0.5916 39.8534 -7.6007 0.0224
Car -1 -1 -2.9316 578.7520 171.0593 639.5075 192.8216 1.5896 1.6147 4.3053 0.6055 0.8269 53.7203 -2.9253 0.0223
Pedestrian -1 -1 -4.2103 83.2419 220.4569 121.2663 288.9173 1.0121 0.3493 0.3612 -7.7137 1.6222 11.0417 -4.8146 0.0222
Car -1 -1 -2.9478 578.2436 170.6029 638.9157 192.7523 1.6157 1.5378 4.3139 0.5628 0.8207 53.5801 -2.9423 0.0208
Cyclist -1 -1 -8.2345 624.2480 170.2732 636.5413 193.0526 1.6626 0.3113 1.6492 2.1564 0.8431 53.2569 -8.1992 0.0201
Car -1 -1 -6.9840 614.3723 167.6784 666.5862 186.3720 1.6018 1.6982 4.6216 3.5155 0.4173 63.6290 -6.9339 0.0193
Cyclist -1 -1 -7.9220 777.2261 163.9324 785.8135 195.2952 1.6919 0.3370 1.6147 9.9122 0.7444 39.5753 -7.6831 0.0184
Pedestrian -1 -1 -4.2082 0.0000 208.6133 27.8379 275.3036 1.1048 0.3687 0.3718 -10.1790 1.5775 12.2917 -4.8948 0.0147
Car -1 -1 -5.7322 580.2025 167.4184 640.1756 186.7805 1.6658 1.8335 5.1300 0.7860 0.4541 63.9370 -5.7248 0.0123
Car -1 -1 -5.4448 1001.1368 163.8340 1107.9214 198.7531 1.5026 1.7047 4.2999 20.7690 0.7427 33.1798 -4.8940 0.0104
Cyclist -1 -1 -7.9611 774.2191 164.8103 783.2858 195.9375 1.6679 0.3095 1.5091 9.6811 0.7738 39.2583 -7.7258 0.0090
Car -1 -1 -6.6227 613.4633 168.6584 661.6744 185.6677 1.4600 1.5189 3.9379 3.1912 0.3575 62.9548 -6.5771 0.0088
Cyclist -1 -1 -8.0258 771.9697 161.1499 783.1232 192.9169 1.7205 0.3141 1.6204 9.7285 0.6185 39.7240 -7.7920 0.0079
Car -1 -1 -2.9552 587.2615 169.4754 650.1161 192.1380 1.6535 1.5684 4.4832 1.3180 0.7761 53.6380 -2.9357 0.0077
Cyclist -1 -1 -7.8524 512.4099 171.4760 523.3282 204.9962 1.5737 0.5097 1.6004 -4.0342 1.1034 34.5491 -7.9728 0.0073
Car -1 -1 -3.3784 115.5719 176.1044 228.7135 211.5232 1.6150 1.6153 4.4658 -20.7872 1.3693 34.8946 -3.9174 0.0070
Pedestrian -1 -1 -4.0033 981.7507 156.1442 1022.5953 247.2745 1.5058 0.4507 0.4012 6.7311 1.0874 12.1521 -3.5117 0.0070
Car -1 -1 -7.8043 495.8116 173.1583 529.6755 203.7537 1.4431 1.5198 3.2425 -4.3609 1.0499 35.5573 -7.9305 0.0070
Cyclist -1 -1 -8.1664 625.9512 170.5818 636.9062 192.8223 1.6157 0.3336 1.5647 2.2220 0.8224 52.9815 -8.1296 0.0061
Cyclist -1 -1 -8.0585 629.2936 170.8641 638.2498 193.0035 1.6063 0.3367 1.5761 2.3928 0.8346 52.9225 -8.0184 0.0056
Car -1 -1 -4.7971 585.5370 174.0418 614.7437 198.0571 1.5620 1.6397 3.7811 -0.1155 1.0769 48.6788 -4.8045 0.0052
Pedestrian -1 -1 -6.8094 771.4479 162.5647 788.6691 195.4867 1.7780 0.6613 0.6682 9.7419 0.7556 39.2073 -6.5723 0.0044
Pedestrian -1 -1 -2.9307 627.0953 169.6854 636.8635 193.0884 1.6989 0.6147 0.6011 2.2492 0.8412 52.5180 -2.8930 0.0043
Car -1 -1 -2.5225 436.0057 178.3513 510.0307 207.7892 1.3361 1.4542 3.1879 -6.0807 1.1935 33.9387 -2.7035 0.0037
Pedestrian -1 -1 -6.4273 628.9365 168.8828 638.1918 193.2751 1.7791 0.6933 0.5818 2.3731 0.8588 52.7693 -6.3876 0.0034
Car -1 -1 -5.5265 0.0000 175.3461 76.0679 211.5084 1.8918 1.7697 4.3075 -30.9962 1.5701 38.6313 -6.2044 0.0034
Cyclist -1 -1 -7.8760 775.1666 166.1827 783.6377 195.5085 1.5550 0.3974 1.5941 9.6302 0.7430 38.9116 -7.6399 0.0032
Car -1 -1 -2.5104 295.8882 178.8774 374.0440 208.5548 1.4863 1.6141 3.5227 -13.8015 1.3552 37.2289 -2.8682 0.0031
Car -1 -1 -4.7709 437.2744 177.4508 469.1121 206.0465 1.3231 1.3205 3.0525 -7.2387 1.1360 34.8828 -4.9790 0.0030
Car -1 -1 -2.7295 437.5174 178.7786 511.9172 207.5170 1.3024 1.3907 3.1326 -5.9228 1.1793 33.5931 -2.9077 0.0030
Pedestrian -1 -1 -6.5728 629.4791 169.6353 638.8810 192.8723 1.6880 0.6040 0.5340 2.4081 0.8261 52.5405 -6.5322 0.0029
Pedestrian -1 -1 -3.7401 702.3112 165.7455 713.5980 199.5824 1.6758 0.5186 0.3188 5.3093 0.8957 35.8784 -3.5993 0.0029
Cyclist -1 -1 -7.7587 510.2032 171.4722 524.9099 205.5471 1.5942 0.5558 1.6401 -4.0242 1.1253 34.4342 -7.8792 0.0028
Pedestrian -1 -1 -3.8793 94.1681 218.3910 137.8698 293.2747 1.1027 0.3725 0.4158 -7.5194 1.6843 11.0668 -4.4709 0.0025
Cyclist -1 -1 -8.2095 628.1569 171.4091 640.6859 193.1972 1.5708 0.3588 1.6417 2.4249 0.8433 52.6256 -8.1686 0.0023
Car -1 -1 -4.7276 583.5063 176.3433 607.6410 198.6663 1.4645 1.5657 3.5905 -0.4198 1.1262 48.9432 -4.7411 0.0021
Car -1 -1 -4.5622 583.9572 176.1078 614.4398 198.3918 1.4618 1.5575 3.7576 -0.1062 1.1081 49.0921 -4.5693 0.0021
Pedestrian -1 -1 -3.1773 627.7219 168.8055 636.2850 192.8631 1.7560 0.7546 0.5978 2.2600 0.8293 52.8104 -3.1396 0.0020
Car -1 -1 -2.9506 435.9403 178.2458 507.3952 210.0180 1.4438 1.3667 3.0643 -6.0031 1.2962 33.3405 -3.1325 0.0015
Cyclist -1 -1 -2.6203 474.4158 173.4134 509.3274 207.1012 1.5490 0.6394 1.4933 -5.1364 1.1774 33.5957 -2.7759 0.0014
Pedestrian -1 -1 -6.4863 1119.6956 117.2041 1142.1099 184.3214 1.7369 0.6169 0.3510 13.9222 0.0735 18.9425 -5.8638 0.0014
Pedestrian -1 -1 -3.5584 767.4960 167.3271 776.2200 191.8566 1.7940 0.6159 0.4073 12.5586 0.7574 52.8781 -3.3313 0.0012
Pedestrian -1 -1 -3.4991 766.8301 167.2405 775.3732 191.4194 1.7741 0.6792 0.3980 12.5480 0.7277 53.0687 -3.2729 0.0011
Car -1 -1 -8.0369 167.1344 184.0127 215.4570 210.7352 1.5863 1.8971 4.2058 -25.8777 1.7524 45.2721 -8.5588 0.0011
Car -1 -1 -5.9042 379.9877 178.5192 456.0600 204.9039 1.3133 1.4647 3.4718 -9.3520 1.1651 36.6994 -6.1570 0.0011
Cyclist -1 -1 -7.7576 503.2215 171.6127 517.9448 207.0537 1.6556 0.5503 1.6735 -4.3541 1.1940 34.4013 -7.8876 0.0010
Pedestrian -1 -1 -6.5020 1126.3672 121.7131 1153.1129 189.0561 1.7139 0.6422 0.4187 13.9412 0.1928 18.6595 -5.8719 0.0009
Car -1 -1 -8.0718 163.9564 186.3467 213.2752 211.9657 1.5060 1.8726 3.9013 -25.9305 1.8242 45.0793 -8.5963 0.0008
Car -1 -1 -4.5555 423.1524 175.7737 460.7323 205.6739 1.3783 1.3515 2.8254 -7.6482 1.1146 34.5654 -4.7767 0.0006
Cyclist -1 -1 -7.9231 627.9962 171.8032 635.1731 193.1527 1.5381 0.4026 1.6349 2.2172 0.8395 52.5761 -7.8861 0.0006
Cyclist -1 -1 -8.0817 489.9830 172.6632 510.0249 209.7605 1.7251 0.5470 1.7987 -4.8714 1.3144 34.3414 -8.2267 0.0005
Cyclist -1 -1 -7.8460 501.5575 170.2538 515.3348 207.9837 1.7492 0.6343 1.6621 -4.4330 1.2281 34.1677 -7.9791 0.0005
Cyclist -1 -1 -8.1492 485.8757 173.2231 508.9624 208.9751 1.6543 0.6167 1.6745 -4.9640 1.2716 34.1276 -8.2976 0.0004
Pedestrian -1 -1 -5.5328 505.1425 177.6718 523.6953 210.5885 1.5160 0.6646 0.5564 -4.0718 1.3400 33.5160 -5.6579 0.0002
Pedestrian -1 -1 -5.5733 338.6273 181.3466 365.5279 227.6173 1.6949 0.7935 0.5693 -9.3160 1.6896 26.7853 -5.9103 0.0001
