Car -1 -1 -2.6138 0.0000 196.6665 289.6486 331.6902 1.4637 1.5922 4.2850 -6.6147 1.7973 9.1413 -3.2267 0.9994
Car -1 -1 -2.5995 42.3157 188.0795 342.3688 293.1784 1.5385 1.6167 3.9507 -6.6666 1.8033 11.6888 -3.1085 0.9989
Car -1 -1 -2.8159 201.9749 182.2316 402.5481 260.0499 1.6218 1.6566 3.8168 -6.8388 1.8448 16.2237 -3.2095 0.9981
Car -1 -1 -7.9880 632.0866 182.3501 677.3041 216.2271 1.5255 1.6660 4.3351 2.1218 2.0278 35.9640 -7.9302 0.9979
Car -1 -1 -6.7146 844.4204 187.9638 1095.9838 284.1693 1.5048 1.5674 3.5160 5.9644 1.7796 12.3361 -6.2746 0.9966
Car -1 -1 -6.8440 817.5429 185.5131 1019.8510 264.6589 1.4851 1.6193 3.5557 6.2917 1.7671 14.9921 -6.4545 0.9956
Car -1 -1 -6.8797 914.2261 187.9874 1241.0000 317.0570 1.5089 1.6329 3.9645 6.2795 1.7264 9.5115 -6.3113 0.9904
Car -1 -1 -7.0082 1003.0679 178.9781 1241.0000 372.0044 1.6365 1.7543 3.8707 6.2211 1.7044 7.1058 -6.3104 0.9895
Car -1 -1 -6.6100 733.0152 188.2258 887.7244 242.2094 1.4155 1.5360 3.9103 5.5259 1.8673 20.3243 -6.3491 0.9892
Car -1 -1 -2.3195 0.0000 193.3562 135.4318 374.0000 1.5691 1.6526 3.8453 -7.0453 1.7911 6.9097 -3.0953 0.9882
Car -1 -1 -2.8391 417.6806 184.0661 515.3765 217.2231 1.4311 1.4265 4.1044 -6.5110 1.9534 32.6993 -3.0347 0.9824
Car -1 -1 -3.5006 763.2826 183.4346 949.1895 252.2108 1.5412 1.6331 3.9023 5.7741 1.8084 17.3465 -3.1853 0.9774
Car -1 -1 -6.9123 913.8615 186.9711 1241.0000 317.9615 1.5253 1.6832 4.0769 6.3603 1.7309 9.5652 -6.3405 0.9760
Car -1 -1 -6.5589 731.3725 175.8420 859.3939 231.3807 1.6674 1.5878 3.5823 5.6945 1.7642 22.6057 -6.3160 0.9342
Cyclist -1 -1 -4.7065 526.2398 179.8397 540.5363 222.8635 1.6893 0.5644 1.7201 -3.1726 1.9831 29.5012 -4.8133 0.9333
Car -1 -1 -6.5667 731.0209 175.8012 867.1876 231.9364 1.6870 1.5324 3.8478 5.8108 1.7825 22.6069 -6.3190 0.9287
Car -1 -1 -6.5979 732.5988 187.2744 891.9319 241.7582 1.4327 1.4605 4.0502 5.5571 1.8537 20.2478 -6.3346 0.9200
Car -1 -1 -6.8435 914.5652 187.9586 1241.0000 319.2760 1.5322 1.6761 4.0612 6.3311 1.7485 9.4824 -6.2700 0.9022
Car -1 -1 -2.5935 44.0132 186.8526 341.0374 293.4401 1.5558 1.6162 3.8889 -6.6435 1.7986 11.6473 -3.1026 0.9006
Car -1 -1 -6.0653 403.8625 184.3879 500.0977 221.6968 1.4865 1.5555 3.6612 -6.5667 1.9786 30.0187 -6.2794 0.8947
Car -1 -1 -6.7865 818.9889 184.6799 1027.9218 263.4747 1.4913 1.5463 3.6783 6.3446 1.7514 14.9162 -6.3923 0.8856
Car -1 -1 -2.3197 0.0000 191.2419 142.6379 374.0000 1.5738 1.6526 3.8364 -7.0085 1.7751 6.9836 -3.0878 0.8766
Car -1 -1 -6.7024 844.3642 186.0862 1102.6045 283.4205 1.5148 1.5228 3.6114 5.9739 1.7540 12.2528 -6.2592 0.8378
Car -1 -1 -2.2641 0.0000 187.6590 139.2264 374.0000 1.5711 1.7031 4.2829 -7.2372 1.7351 6.9648 -3.0495 0.8338
Car -1 -1 -2.8542 415.5189 183.8392 514.0110 216.9821 1.4312 1.4365 4.1325 -6.5788 1.9417 32.6539 -3.0520 0.8298
Car -1 -1 -6.9901 1004.5429 177.0400 1241.0000 370.3866 1.6446 1.7067 3.9736 6.2411 1.6901 7.0330 -6.2858 0.8195
Car -1 -1 -6.0853 404.5772 183.8174 501.9317 221.2316 1.4906 1.6011 3.7208 -6.5180 1.9596 30.0590 -6.2976 0.7978
Car -1 -1 -2.9006 387.6284 183.5664 495.1815 221.4664 1.5088 1.6444 4.0878 -7.0071 1.9673 30.0542 -3.1282 0.7766
Car -1 -1 -6.8704 916.4767 187.2446 1241.0000 318.1338 1.5315 1.5643 3.8829 6.2271 1.7358 9.4423 -6.3026 0.7509
Car -1 -1 -2.9374 385.9572 183.0540 492.4046 221.0166 1.5079 1.6322 4.0589 -7.0809 1.9439 29.9952 -3.1677 0.6396
Car -1 -1 -6.6805 729.8649 176.7575 880.7221 231.7294 1.6304 1.6815 4.2614 6.0382 1.7590 22.6930 -6.4244 0.5893
Car -1 -1 -8.1735 611.8671 179.0441 649.8443 202.8095 1.5768 1.5914 3.6911 1.4000 2.0304 50.9103 -8.1467 0.5787
Car -1 -1 -5.1431 605.4196 178.8641 648.5474 202.5744 1.5718 1.5922 3.8072 1.1253 2.0130 50.9408 -5.1217 0.5665
Car -1 -1 -5.2474 599.3956 179.2009 648.0679 203.2789 1.5934 1.6414 3.9628 0.8952 2.0604 50.9976 -5.2305 0.5317
Car -1 -1 -8.9944 0.0000 0.0000 1241.0000 374.0000 1.4558 1.5732 3.5992 2.8255 1.6637 1.7233 -8.0455 0.5139
Pedestrian -1 -1 -5.0554 1040.0046 147.8127 1069.2183 208.1791 1.9717 0.7159 0.4355 14.6446 1.1535 23.8526 -4.5105 0.5120
Car -1 -1 -8.8725 0.0000 0.0000 1241.0000 374.0000 1.4580 1.5743 3.6174 2.6085 1.6285 1.5446 -7.9176 0.4595
Car -1 -1 -2.3604 0.0000 201.8241 57.8042 374.0000 1.5239 1.6335 3.8567 -5.8639 1.7340 4.1604 -3.2834 0.4045
Car -1 -1 -8.0572 617.8816 179.1638 650.6691 202.8851 1.5775 1.5922 3.7032 1.6460 2.0402 50.9871 -8.0256 0.3745
Car -1 -1 -4.9983 611.4413 180.0717 649.6242 203.0981 1.5212 1.6230 4.0454 1.3795 2.0546 51.1867 -4.9720 0.3743
Car -1 -1 -5.7041 0.0000 196.3456 39.3155 374.0000 1.5448 1.6451 3.9908 -5.8513 1.7189 3.8610 -6.6592 0.3627
Car -1 -1 -4.8206 621.1152 178.3678 650.6751 202.5550 1.6030 1.6640 3.7994 1.7496 2.0048 50.6664 -4.7868 0.3607
Pedestrian -1 -1 -7.9787 951.7719 173.8712 967.9461 211.9267 1.7906 0.6283 0.5327 16.5959 1.8391 34.3200 -7.5321 0.3459
Car -1 -1 -8.6479 0.0000 0.0000 1241.0000 374.0000 1.4339 1.5293 3.6198 2.3174 1.6384 1.4330 -7.7198 0.3334
Car -1 -1 -2.2300 0.0000 206.3156 69.4021 374.0000 1.5023 1.6455 3.9563 -5.9404 1.7445 4.3932 -3.1346 0.3004
Car -1 -1 -7.8107 591.0682 222.7689 1241.0000 374.0000 1.4516 1.5394 3.3230 1.3868 1.7452 2.4230 -7.3434 0.2917
Car -1 -1 -5.0703 609.6389 179.5968 652.7639 203.6960 1.5695 1.7112 3.9885 1.4005 2.0601 50.3657 -5.0432 0.2829
Pedestrian -1 -1 -5.5901 0.0000 151.7081 30.4786 238.5360 1.8540 0.4709 0.2832 -12.9489 1.4022 15.6435 -6.2732 0.2597
Car -1 -1 -9.0432 0.0000 0.0000 1241.0000 374.0000 1.5211 1.5999 3.9054 2.8321 1.6444 1.2317 -7.9680 0.2595
Car -1 -1 -5.7208 982.5739 232.3246 1241.0000 374.0000 1.3944 1.4618 3.3569 2.6861 1.6977 1.9235 -4.8425 0.2524
Car -1 -1 -6.4283 0.0000 196.5037 34.7976 374.0000 1.5472 1.6107 3.9822 -5.3208 1.7210 3.1666 -7.4245 0.2492
Pedestrian -1 -1 -8.1427 948.6172 174.1871 966.6202 212.0943 1.7850 0.6429 0.5375 16.4866 1.8487 34.3142 -7.6986 0.2477
Car -1 -1 -5.3976 1005.8835 234.9361 1241.0000 374.0000 1.4030 1.4905 3.3978 2.4143 1.7166 1.8539 -4.5567 0.2381
Car -1 -1 -2.3845 0.0000 210.8899 57.1125 374.0000 1.4851 1.6516 3.9073 -5.7929 1.7569 4.0060 -3.3186 0.2165
Car -1 -1 -6.6644 0.0000 205.7095 49.2886 374.0000 1.5695 1.6329 4.0275 -5.0274 1.8047 3.0355 -7.6524 0.2121
Car -1 -1 -4.9292 617.8330 179.2930 654.3497 203.8155 1.5901 1.6691 4.1598 1.7336 2.0569 50.1380 -4.8954 0.2026
Car -1 -1 -9.2371 0.0000 0.0000 1240.6119 374.0000 1.4927 1.6028 3.9857 2.8933 1.5952 1.3571 -8.1862 0.1995
Car -1 -1 -8.5494 0.0000 0.0000 1241.0000 374.0000 1.4538 1.5433 3.6932 1.9840 1.6449 1.4464 -7.7016 0.1985
Pedestrian -1 -1 -5.7237 0.0000 150.5085 22.4247 239.4678 1.8827 0.4449 0.2134 -12.9468 1.4095 15.5047 -6.4110 0.1838
Car -1 -1 -9.1800 0.0000 0.0000 1241.0000 374.0000 1.5020 1.6337 3.9084 3.2072 1.6656 1.7963 -8.1885 0.1756
Car -1 -1 -8.3497 0.0000 0.0000 1241.0000 374.0000 1.5589 1.5720 4.0084 1.5192 1.6504 1.4101 -7.6257 0.1746
Car -1 -1 -7.9344 655.4615 222.4282 1241.0000 374.0000 1.4399 1.5331 3.4248 1.4227 1.7161 2.1495 -7.4117 0.1545
Car -1 -1 -7.8930 0.0000 0.0000 1241.0000 374.0000 1.4994 1.5733 3.7095 1.2443 1.6618 1.9026 -7.3824 0.1526
Car -1 -1 -8.1841 0.0000 0.0000 1241.0000 374.0000 1.4547 1.5208 3.5379 1.5234 1.6670 1.7610 -7.5505 0.1363
Car -1 -1 -4.9884 618.1851 179.9507 656.9402 204.7921 1.5864 1.5833 4.1251 1.8111 2.0947 49.5221 -4.9525 0.1338
Pedestrian -1 -1 -2.6302 218.5694 146.0197 240.6939 220.6202 2.0249 0.5042 0.3334 -10.5063 1.2963 19.8422 -3.1119 0.1326
Car -1 -1 -8.4138 0.0000 0.0000 1241.0000 374.0000 1.4132 1.5414 3.5090 1.7486 1.6751 1.7910 -7.7197 0.1193
Car -1 -1 -8.2430 875.2362 230.9723 1241.0000 374.0000 1.3918 1.5092 3.3144 1.7154 1.7032 2.0828 -7.6217 0.1084
Pedestrian -1 -1 -4.1863 1116.2804 157.2954 1133.6790 208.5867 1.7978 0.4532 0.2171 18.1813 1.2522 25.5418 -3.5734 0.1028
Car -1 -1 -7.9382 0.0000 0.0000 1241.0000 374.0000 1.5142 1.5743 3.8764 1.1940 1.6311 1.5917 -7.3787 0.0944
Pedestrian -1 -1 -4.9499 0.0000 164.5460 20.4193 224.6153 1.7480 0.5727 0.5788 -17.9844 1.5060 21.3995 -5.6427 0.0915
Car -1 -1 -6.9404 0.0000 206.0302 54.7789 374.0000 1.5607 1.6039 4.0995 -4.6598 1.7932 2.9783 -7.9012 0.0720
Car -1 -1 -6.7499 806.3647 236.6082 1241.0000 374.0000 1.3962 1.7259 3.9613 2.6251 1.7080 1.9874 -5.8971 0.0675
Pedestrian -1 -1 -5.3220 7.7286 153.0275 40.3799 241.5239 1.8869 0.4748 0.2802 -12.7585 1.4638 15.6514 -5.9976 0.0671
Pedestrian -1 -1 -4.2206 1112.9104 157.9499 1130.1578 208.9028 1.7856 0.4570 0.2005 18.0544 1.2630 25.5347 -3.6108 0.0669
Pedestrian -1 -1 -5.5649 0.2022 150.8800 27.2804 241.0084 1.9023 0.4420 0.2059 -12.8188 1.4382 15.4532 -6.2490 0.0652
Pedestrian -1 -1 -4.9793 0.0000 164.3798 16.8181 224.1401 1.7370 0.6006 0.5949 -18.1112 1.4903 21.3881 -5.6758 0.0645
Pedestrian -1 -1 -3.9301 1113.2815 158.5567 1131.9227 209.5828 1.7984 0.4808 0.2822 18.2035 1.2942 25.6925 -3.3193 0.0643
Pedestrian -1 -1 -5.5804 2.7479 149.8306 29.6849 240.0159 1.9074 0.4470 0.2049 -12.7929 1.4202 15.4863 -6.2625 0.0610
Car -1 -1 -5.9242 243.1965 166.9229 439.6915 249.0568 2.0376 1.7856 4.4594 -6.9351 1.8902 18.8152 -6.2733 0.0580
Car -1 -1 -4.0231 0.0000 205.1203 39.2918 374.0000 1.4705 1.5529 3.9306 -4.6050 1.7094 3.2596 -4.9389 0.0475
Car -1 -1 -7.2450 0.0000 201.5456 48.0403 374.0000 1.5741 1.6040 4.0263 -4.2937 1.7814 3.0601 -8.1551 0.0448
Car -1 -1 -5.1889 618.2880 178.8445 670.4073 204.1170 1.5933 1.6659 4.4550 2.2391 2.0194 48.9850 -5.1440 0.0422
Pedestrian -1 -1 -5.8634 222.0091 148.1751 244.9778 223.8266 2.0522 0.5224 0.3793 -10.4010 1.3824 19.8449 -6.3409 0.0390
Pedestrian -1 -1 -3.9609 1108.0931 158.1928 1127.4149 210.7469 1.8507 0.5143 0.2717 18.0278 1.3341 25.6884 -3.3547 0.0308
Car -1 -1 -7.7357 501.7928 178.9851 534.2822 208.5301 1.7172 1.5478 3.9029 -5.6888 2.1134 44.7068 -7.8620 0.0250
Car -1 -1 -3.9596 0.0000 189.3387 146.7937 374.0000 1.6056 1.5221 3.9324 -5.8676 1.7854 5.9135 -4.7186 0.0156
Car -1 -1 -8.0446 501.8698 177.7840 541.7523 208.3994 1.7734 1.6533 4.3855 -5.5719 2.0958 44.8894 -8.1678 0.0147
Car -1 -1 -3.8668 0.0000 191.6419 136.7991 374.0000 1.5828 1.5406 3.9126 -6.0468 1.7873 5.8601 -4.6451 0.0145
Car -1 -1 -7.8389 502.0386 178.7238 529.1962 208.3487 1.7170 1.5949 3.9747 -5.8511 2.0971 44.7023 -7.9688 0.0114
Car -1 -1 -7.7675 500.1892 179.8688 529.4697 207.0966 1.5821 1.5192 3.1554 -5.8541 2.0288 44.3649 -7.8984 0.0093
Car -1 -1 -4.4679 505.9382 176.7061 538.5236 196.8497 1.6137 1.7265 4.3696 -7.3922 1.9510 60.9480 -4.5884 0.0082
Car -1 -1 -5.1932 621.5685 179.2335 670.9907 204.2176 1.5579 1.5654 4.1248 2.3438 2.0042 48.3154 -5.1456 0.0065
Car -1 -1 -4.9941 622.1817 178.6445 662.1807 204.4987 1.6029 1.5443 4.1717 2.0539 2.0050 47.9331 -4.9521 0.0050
Car -1 -1 -4.5089 614.2039 179.2716 650.4508 205.0581 1.5742 1.5213 4.4644 1.4888 2.0178 47.5633 -4.4783 0.0048
Pedestrian -1 -1 -7.7775 995.7568 151.0289 1016.0154 202.3362 1.9234 0.6506 0.3529 14.9729 1.1049 27.3730 -7.2818 0.0045
Car -1 -1 -7.8652 499.4608 178.4814 526.7205 208.7911 1.7524 1.5966 4.1202 -6.0591 2.1174 44.6721 -7.9997 0.0038
Car -1 -1 -4.2394 600.0351 178.8531 652.4136 204.8019 1.5855 1.5756 4.4980 1.0938 1.9999 47.5283 -4.2170 0.0025
Car -1 -1 -4.4691 509.1223 176.6305 542.1877 197.7728 1.6819 1.6519 4.8326 -7.0792 2.0129 60.7944 -4.5849 0.0015
Cyclist -1 -1 -8.1498 667.0958 175.9195 676.8300 197.6000 1.6433 0.3458 1.4214 4.7446 1.8825 55.6293 -8.0656 0.0014
