Car -1 -1 -8.1334 726.7114 188.9029 918.7056 310.4405 1.4191 1.6071 4.2227 2.9455 1.7137 11.1217 -7.8823 0.9998
Car -1 -1 -7.9855 652.8735 173.9797 708.0706 218.1353 1.7304 1.7631 4.2056 2.8584 1.7810 30.5207 -7.8937 0.9997
Car -1 -1 -2.8373 364.9728 176.9148 485.9019 223.5691 1.5636 1.6193 3.7896 -6.4483 1.7106 25.2562 -3.0852 0.9931
Car -1 -1 -2.4001 0.0000 184.2985 179.6791 372.5917 1.4864 1.6246 3.8566 -6.4242 1.6043 6.6250 -3.1500 0.9881
Car -1 -1 -7.9863 643.6014 179.1479 678.3717 206.3458 1.4643 1.5393 3.4455 2.8508 1.8409 41.4342 -7.9186 0.9560
Car -1 -1 -6.1105 388.6171 178.4120 508.0663 219.1689 1.4904 1.5801 4.2348 -6.1360 1.7088 27.5114 -6.3284 0.9291
Car -1 -1 -6.2002 449.2489 171.4363 536.2906 208.3356 1.8428 1.7161 4.2842 -5.9984 1.7717 37.0549 -6.3600 0.8768
Car -1 -1 -2.8079 363.8265 176.1959 487.0054 223.5313 1.5826 1.6091 3.8583 -6.4459 1.7036 25.2269 -3.0561 0.8513
Car -1 -1 -2.9289 410.7479 178.8009 509.6253 215.6252 1.4765 1.5080 3.7857 -6.2123 1.7294 29.9516 -3.1322 0.8279
Car -1 -1 -8.0344 640.1548 177.7601 679.0923 206.3810 1.5473 1.5904 3.6912 2.7766 1.8429 41.5912 -7.9687 0.7259
Car -1 -1 -7.8654 639.9694 175.9688 662.5153 197.6168 1.5330 1.6118 3.6495 3.0021 1.7716 53.4875 -7.8100 0.7239
Pedestrian -1 -1 -4.5956 279.3304 161.4455 300.5472 213.3740 1.8690 0.6285 0.7270 -11.7546 1.4581 26.4100 -5.0109 0.7101
Car -1 -1 -7.9760 643.7790 177.9021 679.5385 206.3015 1.5335 1.5872 3.8534 2.8968 1.8381 41.6258 -7.9076 0.6688
Car -1 -1 -7.9276 636.1644 175.7227 662.0848 197.7881 1.5633 1.6313 3.8883 2.8419 1.7839 53.5914 -7.8753 0.6541
Car -1 -1 -3.0192 409.2045 178.7187 509.6835 215.7687 1.4692 1.5192 3.9077 -6.2020 1.7187 29.8182 -3.2230 0.6454
Pedestrian -1 -1 -4.5918 279.7845 161.9458 301.3313 213.9362 1.8755 0.6408 0.7108 -11.7548 1.4817 26.4617 -5.0064 0.6379
Car -1 -1 -7.9442 646.2382 178.3607 680.5786 206.3119 1.5066 1.6307 3.6845 2.9901 1.8370 41.4800 -7.8733 0.6355
Car -1 -1 -7.7830 640.2859 176.0401 665.8350 198.0398 1.5513 1.6210 3.9558 3.1988 1.7966 53.5438 -7.7241 0.6287
Car -1 -1 -2.9733 437.6542 174.7765 514.8793 211.2068 1.7121 1.6317 3.4416 -6.4532 1.8069 34.8390 -3.1556 0.5562
Car -1 -1 -7.9291 646.8719 178.2868 677.9886 205.9485 1.4904 1.5138 3.3632 2.9223 1.8132 41.2238 -7.8594 0.5461
Car -1 -1 -2.8277 409.1129 178.5942 510.1714 214.9960 1.4506 1.6009 3.8160 -6.2696 1.6975 30.0736 -3.0320 0.5370
Pedestrian -1 -1 -3.3031 1166.4506 176.6037 1182.8857 212.4263 1.9019 0.6368 0.5988 30.3358 2.1055 38.8187 -2.6439 0.4728
Car -1 -1 -2.9664 445.1731 171.0467 525.4447 206.5999 1.7858 1.6765 3.8326 -6.4031 1.6947 37.0901 -3.1366 0.3927
Car -1 -1 -7.8687 636.7185 175.7512 659.5582 197.2777 1.5210 1.6233 3.5732 2.7582 1.7419 53.2853 -7.8177 0.3051
Car -1 -1 -6.5436 0.0000 188.4874 38.1073 374.0000 1.5365 1.6187 3.9796 -4.9837 1.6440 2.8351 -7.5559 0.2972
Car -1 -1 -7.6401 639.1327 175.9266 670.8108 197.7907 1.5367 1.5969 3.6600 3.3230 1.7716 53.2472 -7.5786 0.2842
Car -1 -1 -7.5860 492.8305 171.0810 538.4381 204.5959 1.7924 1.5805 3.8533 -5.2911 1.6973 40.6056 -7.7152 0.2756
Car -1 -1 -2.9786 434.6371 175.6970 515.6301 211.3723 1.6647 1.5604 3.6142 -6.4654 1.8040 34.6159 -3.1623 0.2736
Car -1 -1 -6.8749 0.0000 187.7113 47.2279 374.0000 1.4995 1.5838 3.9653 -4.5701 1.5974 2.7870 -7.8549 0.2732
Car -1 -1 -3.8560 1104.5697 182.0085 1241.0000 229.9180 1.5753 1.6378 4.1065 19.6741 1.9041 25.0083 -3.1957 0.2670
Car -1 -1 -4.1083 1106.3577 184.6125 1234.1204 231.4834 1.5026 1.6097 3.9003 19.4941 1.9350 25.1854 -3.4558 0.2637
Car -1 -1 -8.0520 629.1086 175.5439 661.0374 197.6179 1.5622 1.6257 3.8968 2.5367 1.7694 53.6122 -8.0054 0.2483
Car -1 -1 -6.3153 0.0000 183.4960 32.6209 374.0000 1.5341 1.6494 4.0927 -5.2947 1.6104 3.0113 -7.3301 0.2175
Car -1 -1 -7.7840 535.0055 172.2314 557.2965 192.6924 1.5854 1.5310 3.5862 -5.1061 1.5368 57.7137 -7.8722 0.2173
Car -1 -1 -2.8428 377.4155 180.2086 503.1617 230.7714 1.4877 1.5644 3.4931 -5.2587 1.7249 22.3951 -3.0714 0.2071
Car -1 -1 -5.8603 383.9342 177.3398 511.7505 230.6036 1.5740 1.5618 3.5886 -5.1007 1.7215 22.6396 -6.0799 0.1967
Car -1 -1 -6.2538 0.0000 184.8112 13.6680 374.0000 1.5270 1.7043 4.1570 -5.7316 1.6187 3.3558 -7.2594 0.1907
Car -1 -1 -7.8090 533.0457 171.6030 555.5719 193.2625 1.6767 1.6273 3.8654 -5.2605 1.5795 57.8230 -7.8996 0.1891
Car -1 -1 -2.9901 432.2498 174.3277 515.4146 210.9415 1.7259 1.7340 3.7469 -6.5955 1.7990 35.0166 -3.1754 0.1800
Car -1 -1 -7.1417 0.0000 189.8953 43.6004 374.0000 1.4843 1.5585 3.8619 -4.2049 1.5989 2.8075 -8.0795 0.1498
Car -1 -1 -4.1815 0.0000 188.0311 53.9101 374.0000 1.4865 1.5929 4.0148 -3.9428 1.5916 2.8546 -5.0811 0.1448
Car -1 -1 -3.9479 1102.7219 185.7004 1225.7653 231.0911 1.4583 1.5122 3.2764 18.9300 1.9168 24.7591 -3.3014 0.1372
Car -1 -1 -3.9445 0.0000 199.0355 44.5588 374.0000 1.4277 1.5522 3.3964 -4.5756 1.6119 3.2953 -4.8524 0.1367
Pedestrian -1 -1 -3.6655 1163.4097 176.4266 1181.7351 210.9982 1.8458 0.6867 0.5025 30.3444 2.0403 38.9740 -3.0081 0.1333
Car -1 -1 -5.6565 0.0000 189.6771 38.8449 374.0000 1.5231 1.5918 4.0200 -5.6126 1.6387 3.5376 -6.6302 0.1322
Car -1 -1 -4.2903 0.0000 206.2053 57.1341 374.0000 1.3977 1.5363 3.8328 -3.8493 1.6331 3.0381 -5.1503 0.1225
Car -1 -1 -6.0678 409.4051 180.0415 528.9391 230.0904 1.4762 1.5162 3.3811 -4.3438 1.7061 22.3109 -6.2585 0.1191
Car -1 -1 -4.0189 1102.9634 184.9594 1238.5486 231.3837 1.4897 1.6090 3.8937 19.3550 1.9294 25.0072 -3.3664 0.1184
Cyclist -1 -1 -8.2811 737.7161 173.6380 751.2079 197.1025 1.7419 0.3486 1.6419 10.1127 1.8017 54.4590 -8.0988 0.1167
Car -1 -1 -3.9987 1109.3363 185.7593 1239.7133 231.5991 1.4662 1.5451 3.6356 19.3450 1.9301 24.8310 -3.3431 0.1155
Car -1 -1 -7.7635 537.9653 172.2284 560.7178 193.1390 1.6211 1.4957 3.6196 -4.8536 1.5723 57.7525 -7.8473 0.0968
Cyclist -1 -1 -8.1978 735.9296 173.6702 747.6774 196.8228 1.7255 0.3432 1.6276 9.9502 1.7879 54.6627 -8.0191 0.0888
Car -1 -1 -2.3130 0.0000 197.5210 47.6456 374.0000 1.4521 1.5974 3.8896 -5.6652 1.6170 3.8141 -3.2583 0.0885
Cyclist -1 -1 -8.1643 738.1948 173.7173 749.3963 196.7972 1.7210 0.3488 1.6341 10.1078 1.7871 54.6977 -7.9829 0.0858
Car -1 -1 -2.6308 0.0000 191.2468 41.2747 374.0000 1.5126 1.6311 3.9447 -5.3697 1.6389 3.3518 -3.6072 0.0793
Car -1 -1 -2.0571 0.0000 190.3899 68.7858 374.0000 1.4410 1.6123 4.0492 -5.7590 1.5745 4.3339 -2.9529 0.0692
Car -1 -1 -2.5005 495.0301 175.3536 555.3238 197.3615 1.5389 1.6649 4.2060 -6.2308 1.7271 52.6288 -2.6182 0.0691
Car -1 -1 -6.1226 408.1606 179.1265 530.3587 229.1766 1.4900 1.6084 3.5351 -4.3745 1.6932 22.5505 -6.3126 0.0643
Car -1 -1 -5.0993 509.9888 175.3016 550.9358 197.5816 1.5485 1.6093 3.9178 -5.8788 1.7341 52.7145 -5.2102 0.0631
Car -1 -1 -2.1527 0.0000 197.3828 60.7097 374.0000 1.4615 1.6450 4.1069 -5.8202 1.6336 4.1181 -3.0767 0.0630
Car -1 -1 -2.5541 0.0000 147.0135 252.9856 322.4033 1.9570 1.7423 3.7319 -6.8096 1.6684 9.0068 -3.1875 0.0603
Car -1 -1 -2.6318 239.1462 182.3037 431.5860 250.3226 1.4281 1.5824 3.8363 -6.2737 1.6581 16.5183 -2.9900 0.0551
Cyclist -1 -1 -8.1889 736.6050 173.7404 748.3154 196.9276 1.7218 0.3476 1.6355 9.9658 1.7894 54.4776 -8.0093 0.0538
Car -1 -1 -7.5395 509.0214 173.6447 550.2582 201.4860 1.6600 1.5045 3.6532 -5.0078 1.7113 45.0731 -7.6499 0.0481
Car -1 -1 -4.9246 521.6667 175.1970 553.5723 197.7041 1.5727 1.5354 3.9068 -5.3773 1.7512 52.9499 -5.0257 0.0466
Car -1 -1 -7.7812 632.3957 175.5616 654.4755 195.0725 1.6686 1.6907 3.9052 2.9855 1.9173 64.3127 -7.7354 0.0392
Car -1 -1 -2.6995 493.3575 175.7891 555.6143 197.7876 1.5395 1.6941 4.1609 -6.2284 1.7581 52.3498 -2.8177 0.0355
Car -1 -1 -3.0343 496.9637 176.5996 551.0852 197.6806 1.4812 1.5939 3.7099 -6.1727 1.7541 51.8049 -3.1527 0.0344
Car -1 -1 -4.5394 526.6631 174.7894 556.8065 197.3537 1.5827 1.5487 3.9474 -5.0031 1.7300 52.9864 -4.6334 0.0337
Car -1 -1 -2.7637 230.1357 183.2340 422.8728 250.2402 1.4164 1.5411 3.7460 -6.3521 1.6619 16.2890 -3.1305 0.0333
Car -1 -1 -6.2695 442.5404 181.2330 556.3572 230.2352 1.4416 1.5858 3.4012 -3.4811 1.7155 22.5950 -6.4213 0.0332
Car -1 -1 -2.8475 494.5648 176.2239 553.8262 197.7895 1.5106 1.6540 3.9361 -6.2022 1.7589 52.0621 -2.9658 0.0310
Car -1 -1 -7.8974 736.9662 184.2133 813.6010 259.7433 1.4959 1.5302 3.3445 3.6566 1.7850 16.6020 -7.6853 0.0267
Car -1 -1 -2.5128 478.7584 173.8028 546.6628 201.3138 1.6369 1.6746 3.9383 -6.0738 1.6976 44.7187 -2.6474 0.0246
Car -1 -1 -7.7298 735.2106 177.9667 832.9275 259.7208 1.5849 1.6842 4.0852 4.0313 1.7170 16.4726 -7.4948 0.0199
Car -1 -1 -7.7358 711.0547 179.8907 802.2201 257.7477 1.5762 1.6739 3.9695 3.5348 1.7641 17.1426 -7.5368 0.0176
Car -1 -1 -2.6808 472.5239 174.0679 545.1967 202.4984 1.6895 1.7121 4.1015 -6.2591 1.7665 44.4624 -2.8203 0.0163
Car -1 -1 -7.3925 714.2516 179.1835 858.0854 256.4274 1.5410 1.6865 3.9219 4.1390 1.7057 16.7733 -7.1556 0.0152
Car -1 -1 -2.8331 213.5381 181.6450 419.7128 253.9005 1.4915 1.6926 3.9333 -6.4630 1.6994 16.1101 -3.2095 0.0151
Car -1 -1 -3.8023 1076.0336 188.8787 1195.0081 232.0637 1.3967 1.3811 3.0958 17.8525 1.9605 24.6472 -3.1817 0.0150
Car -1 -1 -7.4722 708.4009 179.8973 836.9449 254.5385 1.4996 1.6577 3.7765 3.8563 1.6841 16.9047 -7.2526 0.0128
Car -1 -1 -7.1310 711.1948 181.2491 876.3342 257.7291 1.5456 1.5918 3.8093 4.2499 1.7598 16.6995 -6.8869 0.0127
Car -1 -1 -7.6535 735.5385 177.4964 849.3430 259.4379 1.5904 1.7153 4.3289 4.2675 1.7118 16.5901 -7.4069 0.0125
Car -1 -1 -7.5038 729.2961 182.1644 865.4610 258.1180 1.4530 1.6850 4.2249 4.3688 1.6951 16.5648 -7.2512 0.0123
Car -1 -1 -4.3390 527.3900 175.0557 566.6126 197.6994 1.5849 1.5371 3.9510 -4.6138 1.7528 53.0244 -4.4257 0.0099
Car -1 -1 -7.0906 717.2922 180.7824 879.7917 257.7325 1.5485 1.5782 3.5535 4.2802 1.7468 16.4624 -6.8415 0.0087
Car -1 -1 -7.2112 711.0660 181.8634 861.0008 258.3083 1.5687 1.5801 3.6287 4.1507 1.8026 16.9904 -6.9766 0.0078
Car -1 -1 -7.3490 511.4624 173.5922 557.4106 201.9148 1.6909 1.4239 3.3134 -4.7048 1.7384 44.9731 -7.4530 0.0076
Car -1 -1 -2.9200 467.4728 173.8312 543.7117 202.0047 1.6802 1.7327 4.3412 -6.3851 1.7411 44.1357 -3.0632 0.0074
Car -1 -1 -4.4259 776.4391 176.1413 823.2689 201.3091 1.4064 1.5832 4.2332 11.3559 1.6126 43.1209 -4.1705 0.0073
Car -1 -1 -8.5414 1167.3138 176.6163 1241.0000 221.4707 1.9817 1.7714 4.0300 28.8383 2.1705 34.2396 -7.8462 0.0063
Car -1 -1 -7.8341 543.3605 174.8449 562.1481 192.0046 1.5022 1.6278 4.1000 -5.2110 1.6891 65.7465 -7.9132 0.0058
Car -1 -1 -7.7106 543.2344 174.9223 567.6162 193.3904 1.6152 1.6166 4.3372 -4.9648 1.8099 65.8210 -7.7859 0.0039
Car -1 -1 -7.6877 546.2891 174.9030 571.2414 193.6293 1.6384 1.5788 4.3286 -4.6615 1.8314 65.8446 -7.7585 0.0038
Car -1 -1 -4.1600 527.0317 175.2243 574.7605 197.6757 1.5670 1.5076 4.2215 -4.3247 1.7483 53.0537 -4.2413 0.0034
Car -1 -1 -7.5903 547.5474 174.8630 576.4626 193.6270 1.6402 1.5520 4.3605 -4.3625 1.8297 65.8530 -7.6565 0.0028
Car -1 -1 -7.6035 765.3895 168.3656 792.4222 185.0621 1.4898 1.5598 3.6942 15.5414 1.0890 66.3801 -7.3747 0.0018
Car -1 -1 -7.5789 771.2740 167.6943 801.6659 185.8886 1.6171 1.6770 4.0680 16.2255 1.1582 66.3133 -7.3402 0.0018
Car -1 -1 -7.5248 768.8332 168.2673 798.4977 185.8986 1.5713 1.5580 3.6479 15.9495 1.1622 66.2605 -7.2899 0.0015
Pedestrian -1 -1 -7.7242 459.4521 174.9229 484.5911 230.8260 1.6717 0.6856 0.5381 -4.2293 1.7350 21.8875 -7.9135 0.0012
