Car -1 -1 -4.2855 237.1594 189.8554 321.1429 229.3961 1.4569 1.6407 4.1392 -13.8797 2.2225 30.4371 -4.7104 0.9988
Car -1 -1 -4.2743 237.4968 190.7821 320.6962 230.1679 1.4486 1.6367 3.9791 -13.8527 2.2524 30.3595 -4.6994 0.7173
Car -1 -1 -7.6051 230.4911 188.4895 273.9193 214.5868 1.5235 1.5897 3.9506 -23.1436 2.5813 46.7313 -8.0630 0.2111
Car -1 -1 -4.5601 228.7656 188.1572 266.7409 214.5291 1.5367 1.6005 4.0087 -23.4210 2.5725 46.6968 -5.0230 0.1291
Car -1 -1 -4.3232 81.4648 194.7788 163.6017 229.0542 1.4192 1.7963 4.3057 -23.6189 2.5548 35.0927 -4.9123 0.1119
Car -1 -1 -4.2201 106.3821 191.9619 186.2219 224.3342 1.4377 1.6461 4.1298 -23.4875 2.4646 36.6683 -4.7868 0.0955
Car -1 -1 -4.4312 219.7742 188.2950 264.0948 214.4094 1.5214 1.5989 3.5491 -23.5259 2.5495 46.1664 -4.9005 0.0860
Car -1 -1 -4.6479 225.4959 188.2333 258.3194 214.8264 1.5450 1.6242 4.0765 -23.7816 2.5857 46.6486 -5.1173 0.0806
Car -1 -1 -4.2275 87.4677 195.2274 177.5065 228.8376 1.4254 1.9034 4.3697 -23.6445 2.6079 35.8804 -4.8070 0.0742
Pedestrian -1 -1 -8.1305 779.3900 171.2807 794.7680 201.4524 1.7309 0.6412 0.9045 10.2316 1.6404 41.8585 -7.8929 0.0732
Car -1 -1 -4.2032 90.8561 196.4119 178.9611 228.9198 1.3695 1.7934 4.2379 -23.4309 2.6067 35.7257 -4.7805 0.0640
Car -1 -1 -4.4130 225.7081 188.2353 270.6758 214.1598 1.5138 1.6024 3.5216 -23.1498 2.5385 46.2150 -4.8754 0.0629
Car -1 -1 -4.3084 230.2887 188.4010 282.1384 214.2876 1.5179 1.5925 3.9285 -22.8666 2.5673 46.7139 -4.7617 0.0565
Car -1 -1 -7.3142 231.9517 188.8653 290.8312 214.7727 1.5114 1.6201 3.9584 -22.5034 2.5921 46.6671 -7.7616 0.0501
Car -1 -1 -4.6308 9.8355 198.8810 53.9398 229.6768 1.4955 1.6178 3.7738 -32.3988 3.0277 40.4670 -5.3029 0.0401
Car -1 -1 -4.2715 229.3715 188.4238 280.9447 214.1671 1.5129 1.6245 3.5065 -22.7409 2.5497 46.3008 -4.7261 0.0393
Car -1 -1 -5.6774 208.7626 188.8566 285.9049 215.0657 1.5828 1.6170 4.2306 -23.1371 2.6275 46.0176 -6.1412 0.0384
Car -1 -1 -4.2492 82.7785 197.2875 167.1388 229.8726 1.3306 1.7030 4.1310 -23.3424 2.5834 34.8503 -4.8361 0.0310
Cyclist -1 -1 -4.8789 779.3889 169.7789 793.7939 201.1215 1.7980 0.5678 1.5242 10.2772 1.6213 42.1723 -4.6419 0.0309
Car -1 -1 -5.3688 205.9517 187.9548 269.7450 214.4673 1.5688 1.6870 3.7414 -23.7770 2.5645 46.0307 -5.8436 0.0294
Car -1 -1 -4.6008 10.3582 199.3854 56.0488 230.0498 1.4866 1.6009 3.4589 -32.0672 3.0319 40.1419 -5.2717 0.0293
Car -1 -1 -5.7855 203.2504 189.6608 282.5125 214.9376 1.5303 1.5742 4.2347 -23.2258 2.6133 45.6590 -6.2540 0.0291
Car -1 -1 -4.2116 91.6222 197.1855 176.9665 228.9494 1.3204 1.7084 4.1301 -23.2364 2.5846 35.3735 -4.7896 0.0270
Car -1 -1 -4.2184 101.3585 193.1245 184.4664 226.6829 1.4594 1.6994 4.1889 -23.3067 2.5347 36.1329 -4.7882 0.0259
Car -1 -1 -4.6632 69.5869 178.5998 108.1757 208.4539 1.7183 1.7137 4.4318 -32.2942 2.0929 44.7522 -5.2857 0.0234
Car -1 -1 -4.6673 6.6513 198.8356 47.4664 229.3331 1.4719 1.5903 3.7299 -32.4313 2.9890 40.1645 -5.3435 0.0204
Car -1 -1 -2.3661 184.6324 189.3353 261.9591 215.0529 1.5207 1.7557 4.3669 -24.6689 2.6041 45.9879 -2.8563 0.0199
Car -1 -1 -5.2292 199.1144 188.3254 262.2732 214.9242 1.5569 1.6948 4.2807 -24.3812 2.5890 46.2779 -5.7120 0.0198
Car -1 -1 -4.7424 0.0000 197.2685 39.8031 228.9037 1.5214 1.6624 4.0767 -32.8269 2.9452 40.0033 -5.4264 0.0184
Car -1 -1 -4.2200 81.7586 197.7600 169.9527 230.8395 1.3394 1.7079 4.2404 -23.1929 2.6126 34.7036 -4.8058 0.0176
Car -1 -1 -6.2943 232.5249 188.0504 311.6019 214.2997 1.5463 1.6970 4.5169 -21.6569 2.5570 46.2629 -6.7303 0.0164
Car -1 -1 -5.0998 730.2433 171.8669 760.9987 189.4495 1.6659 1.6138 3.8322 13.1778 1.5721 70.4053 -4.9158 0.0153
Car -1 -1 -4.2630 24.3460 195.7207 97.0122 226.5000 1.5204 1.6966 4.0138 -31.1043 2.8855 40.9481 -4.9097 0.0141
Car -1 -1 -4.6254 26.9608 198.0391 71.8700 228.9078 1.5091 1.6591 3.9430 -31.6858 3.0071 40.8197 -5.2825 0.0136
Car -1 -1 -5.4638 197.2051 188.3156 266.6730 214.7287 1.5686 1.7205 3.9118 -24.1399 2.5858 46.0215 -5.9448 0.0135
Car -1 -1 -6.1755 224.5740 188.9194 291.9582 213.5641 1.4627 1.6729 3.7081 -22.4298 2.5198 46.0774 -6.6266 0.0132
Cyclist -1 -1 -2.3560 0.0000 195.5355 42.3782 229.6156 1.8030 0.6528 1.8981 -31.9990 3.0469 39.1580 -3.0379 0.0131
Car -1 -1 -6.1360 227.0551 189.5171 302.7170 214.9576 1.5077 1.6550 4.1516 -21.9579 2.6018 45.9899 -6.5795 0.0130
Car -1 -1 -4.6631 0.9212 197.5327 44.8158 229.3681 1.5301 1.6831 4.1880 -32.7300 2.9816 40.2582 -5.3427 0.0126
Car -1 -1 -5.2813 725.4642 172.1821 761.2990 189.5706 1.6466 1.6314 3.8200 12.9589 1.5827 70.4017 -5.1003 0.0125
Car -1 -1 -2.0524 0.0000 193.4023 71.8681 226.8658 1.6012 1.6965 4.1624 -30.6717 2.7326 38.1235 -2.7267 0.0114
Car -1 -1 -5.6462 191.2840 188.6254 262.8619 214.4641 1.5485 1.6668 3.7511 -24.2601 2.5713 45.6987 -6.1321 0.0112
Car -1 -1 -6.3283 228.3940 189.1172 309.2931 215.9168 1.5706 1.7006 4.6263 -21.9244 2.6560 46.3385 -6.7683 0.0107
Car -1 -1 -5.8985 218.8311 189.0131 290.6033 212.7331 1.4332 1.5256 3.7841 -22.4967 2.4766 45.7090 -6.3538 0.0084
Car -1 -1 -5.9029 223.9123 189.5667 299.6484 214.2593 1.4852 1.6161 3.9986 -21.9978 2.5632 45.6123 -6.3503 0.0081
Car -1 -1 -4.6400 69.7367 179.3496 114.2277 210.3718 1.7807 1.9164 4.4566 -32.1413 2.2055 44.8238 -5.2594 0.0079
Car -1 -1 -3.2479 23.8023 197.7495 121.6174 228.5696 1.5064 1.7071 4.2722 -30.2824 2.9816 40.6911 -3.8847 0.0070
Car -1 -1 -5.8814 229.1729 189.2137 311.7905 214.8112 1.5460 1.6295 4.4442 -21.4472 2.6002 45.6151 -6.3190 0.0067
Car -1 -1 -6.1082 230.9203 188.6422 313.2508 214.7294 1.5509 1.6619 4.5280 -21.4781 2.5865 45.9574 -6.5435 0.0054
Car -1 -1 -4.9083 637.9335 180.4107 674.5608 205.8384 1.4154 1.4526 3.9156 2.7001 1.8911 43.4116 -4.8471 0.0051
Car -1 -1 -4.6536 57.1973 173.7195 90.0079 195.8768 1.6243 1.7594 4.3670 -41.1482 1.6932 55.3832 -5.2904 0.0051
Car -1 -1 -2.9868 25.4832 198.5283 118.0718 229.4845 1.5427 1.6748 3.9372 -30.0347 3.0372 40.3564 -3.6237 0.0049
Car -1 -1 -2.2959 26.9149 198.2673 106.0557 229.2886 1.5712 1.5418 3.4804 -29.7422 2.9998 39.4628 -2.9387 0.0046
Car -1 -1 -2.6152 20.1869 198.7408 115.1348 227.6805 1.4841 1.6803 3.8873 -29.9973 2.9551 39.9512 -3.2563 0.0045
Car -1 -1 -4.5413 0.3330 197.8406 55.8410 228.5125 1.4652 1.6982 4.3649 -32.6689 2.9503 40.5719 -5.2162 0.0044
Car -1 -1 -4.5554 0.0000 189.1349 51.0888 226.5025 1.8214 2.0456 5.1311 -32.9538 2.7917 40.2830 -5.2379 0.0043
Car -1 -1 -5.7195 228.9433 187.9378 312.2210 214.2325 1.5657 1.6389 4.5669 -21.3247 2.5358 45.3234 -6.1573 0.0042
Car -1 -1 -4.7728 635.9888 179.6433 666.0148 203.4270 1.3863 1.6210 4.1977 2.4997 1.8327 45.3627 -4.7186 0.0042
Car -1 -1 -4.3816 633.1283 177.2842 679.3328 204.4642 1.6323 1.7234 4.0996 2.9814 1.9298 46.2803 -4.3182 0.0042
Car -1 -1 -2.7742 19.0364 194.2041 127.4807 226.7484 1.6539 1.9589 4.4426 -29.8355 2.8888 40.2119 -3.4096 0.0041
Car -1 -1 -4.5252 635.9393 177.3428 671.4774 201.7706 1.4752 1.6273 3.6554 2.8077 1.7750 46.2703 -4.4654 0.0041
Car -1 -1 -4.6741 54.8446 174.2342 86.0528 195.7485 1.5623 1.7313 4.3335 -41.0794 1.6714 54.9627 -5.3138 0.0036
Car -1 -1 -4.3996 0.0000 191.1941 60.4550 223.5909 1.5864 1.7976 4.6955 -32.9455 2.6843 40.6928 -5.0771 0.0036
Car -1 -1 -4.7996 635.9655 180.4069 665.7288 203.6315 1.2930 1.4671 3.4643 2.3671 1.7619 43.0684 -4.7456 0.0035
Car -1 -1 -4.7897 729.6291 171.0079 751.0629 189.7488 1.7220 1.6439 4.6267 12.3515 1.5520 68.6805 -4.6129 0.0033
Car -1 -1 -4.7255 53.1083 175.1305 82.6901 197.2048 1.5873 1.7337 4.3066 -41.0574 1.7663 54.5810 -5.3682 0.0031
Car -1 -1 -4.4397 861.2304 177.2122 926.7672 216.5001 1.4438 1.5062 3.7316 11.3746 1.6298 28.8919 -4.0686 0.0031
Car -1 -1 -3.9381 270.6794 182.0400 336.9737 207.0639 1.4420 1.6047 3.8199 -19.1333 2.0431 45.1692 -4.3370 0.0030
Car -1 -1 -2.1347 25.7392 196.9956 96.0091 227.0925 1.4919 1.5499 3.2331 -29.8142 2.8443 39.1350 -2.7826 0.0030
Car -1 -1 -4.3309 740.2903 169.3047 776.4601 188.4302 1.7379 1.8239 4.4237 13.9787 1.4151 67.9142 -4.1291 0.0029
Car -1 -1 -4.8128 738.6851 170.9670 759.7551 189.0370 1.6565 1.5487 4.0486 13.1140 1.4832 68.2300 -4.6240 0.0028
Car -1 -1 -4.7833 618.4836 179.1429 646.9503 203.3427 1.4543 1.5547 3.6873 1.3852 1.8731 46.2096 -4.7541 0.0028
Car -1 -1 -4.9073 922.0756 170.4876 995.2728 216.0105 1.4282 1.4984 3.8646 11.7816 1.3537 24.6939 -4.4671 0.0027
Car -1 -1 -4.4930 71.1504 180.5276 123.7404 209.1634 1.6399 1.8081 4.0611 -31.7312 2.1390 44.7338 -5.1074 0.0026
Car -1 -1 -4.6501 628.4144 180.4815 655.9357 203.6397 1.2928 1.4393 3.5089 1.9269 1.7694 43.2984 -4.6064 0.0026
Car -1 -1 -4.5231 631.1404 176.2379 668.1804 202.7250 1.6161 1.7050 3.8199 2.5706 1.8440 46.6094 -4.4688 0.0025
Car -1 -1 -4.6770 614.1307 179.2994 642.0889 201.5203 1.2528 1.5670 3.5521 1.0911 1.6579 43.5562 -4.6526 0.0023
Car -1 -1 -4.8096 731.5531 171.5368 753.0380 188.8708 1.5956 1.5681 4.5565 12.5513 1.4741 68.7543 -4.6301 0.0023
Car -1 -1 -4.2602 612.4270 176.0999 662.0661 202.1056 1.5968 1.6842 3.9288 1.7860 1.8173 46.9638 -4.2229 0.0022
Car -1 -1 -4.8485 609.4283 177.4745 640.7399 200.5357 1.4125 1.5504 3.5810 0.9084 1.7239 46.8118 -4.8297 0.0022
Car -1 -1 -2.4830 0.0000 190.4170 94.1461 223.7709 1.7059 1.7259 4.0906 -30.3633 2.6685 38.6899 -3.1452 0.0022
Car -1 -1 -4.6526 743.6717 169.8319 764.1239 188.3125 1.6872 1.6618 3.9818 13.5674 1.4110 68.0115 -4.4568 0.0020
Car -1 -1 -4.8398 864.2488 175.0982 920.6175 214.2629 1.4500 1.5718 4.1762 11.2917 1.5473 29.1815 -4.4745 0.0020
Car -1 -1 -4.7845 621.3171 179.4467 651.3840 201.8157 1.2442 1.5352 3.3920 1.4950 1.6513 42.8717 -4.7503 0.0020
Car -1 -1 -4.8335 911.6194 173.8543 969.3790 217.3692 1.4193 1.3961 3.6685 11.5929 1.4571 25.5820 -4.4128 0.0019
Car -1 -1 -4.5338 614.4434 177.0854 648.5058 201.1705 1.4802 1.5997 3.6372 1.4026 1.7668 46.9720 -4.5046 0.0019
Car -1 -1 -3.7064 531.3937 182.2223 579.6895 203.2312 1.7524 1.6163 4.0082 -4.8108 2.6028 63.6751 -3.7820 0.0018
Car -1 -1 -4.5988 624.1308 178.7490 655.6382 202.5816 1.4177 1.5811 3.8711 1.9086 1.8095 45.9610 -4.5580 0.0017
Car -1 -1 -4.8043 635.9272 180.5504 667.1058 203.3153 1.2942 1.5422 4.0145 2.4788 1.7896 44.4312 -4.7495 0.0017
Car -1 -1 -4.7435 741.1436 170.2219 761.6014 189.2107 1.7419 1.7545 4.6288 13.3889 1.5001 68.6131 -4.5519 0.0016
Car -1 -1 -4.3579 539.8198 181.2730 571.1641 202.8482 1.8001 1.5432 3.8022 -4.8104 2.5684 63.8334 -4.4333 0.0016
Car -1 -1 -4.3591 620.5687 175.0595 666.7868 200.9688 1.5860 1.7147 3.9982 2.1950 1.7351 46.7133 -4.3129 0.0016
Car -1 -1 -4.8420 735.9357 170.8656 759.4123 189.0856 1.6772 1.6292 4.3961 13.0440 1.4939 68.6597 -4.6554 0.0013
Car -1 -1 -7.0125 173.5846 180.8469 237.0545 206.7468 1.9277 1.8192 4.2841 -32.1765 2.5896 57.4572 -7.5213 0.0012
Car -1 -1 -4.8979 904.6523 172.7621 969.0182 216.5347 1.4325 1.4264 3.4520 11.4021 1.4292 25.4563 -4.4815 0.0011
Car -1 -1 -7.9276 919.0171 168.6245 978.1951 214.1123 1.4803 1.5945 3.6276 11.8196 1.3423 25.4586 -7.4977 0.0009
Car -1 -1 -7.8415 911.4126 164.7005 971.6462 213.1431 1.5513 1.7809 4.0775 11.5888 1.2899 25.3304 -7.4172 0.0009
Car -1 -1 -6.7038 899.0668 169.0043 1030.0431 212.0737 1.4487 1.5834 3.7736 12.2164 1.3189 25.1119 -6.2560 0.0005
Car -1 -1 -8.2143 911.0177 167.0667 994.2296 210.9805 1.4551 1.5340 3.4394 12.0456 1.2630 25.6800 -7.7804 0.0004
Car -1 -1 -6.7267 900.5850 166.7764 1033.6355 210.4003 1.4551 1.5820 3.8003 12.1884 1.2521 24.8714 -6.2760 0.0003
