Cyclist -1 -1 -4.3711 246.3963 154.8468 372.8839 373.0000 1.8044 0.5461 1.7422 -2.7379 1.5854 6.8028 -4.7470 0.9986
Cyclist -1 -1 -4.4909 428.1512 163.6087 485.8203 273.6472 1.7400 0.5697 1.9122 -2.4835 1.4577 12.3208 -4.6913 0.9937
Car -1 -1 -4.6326 481.8311 167.7453 521.3983 201.5236 1.8986 1.9799 4.7982 -5.8837 1.1256 42.8299 -4.7733 0.9795
Pedestrian -1 -1 -7.6938 219.5962 160.7536 300.7476 319.0465 1.7651 0.7332 0.9242 -4.0831 1.5345 8.5554 -8.1333 0.9756
Pedestrian -1 -1 -8.1791 597.9291 158.9982 666.8278 306.8984 1.7388 0.5858 0.9198 0.3205 1.4750 8.9707 -8.1503 0.9545
Pedestrian -1 -1 -8.0012 649.0262 165.7903 674.0343 226.3477 1.7044 0.6090 0.7246 1.6856 1.2628 20.6014 -7.9258 0.9043
Pedestrian -1 -1 -7.9548 667.3111 154.5137 723.7699 301.8254 1.7942 0.6180 0.8617 1.1375 1.4662 9.1841 -7.8409 0.8862
Pedestrian -1 -1 -4.8227 450.8753 160.6327 484.7951 245.1437 1.8782 0.6553 1.0057 -3.1234 1.4150 16.5416 -5.0118 0.8270
Pedestrian -1 -1 -7.7278 725.7554 163.5714 751.1354 229.6491 1.6271 0.5365 0.8477 3.4365 1.1862 18.1732 -7.5487 0.8177
Pedestrian -1 -1 -4.7159 453.9173 159.7947 482.8006 245.3827 1.8974 0.6322 1.0403 -3.0979 1.4168 16.4958 -4.9040 0.8151
Pedestrian -1 -1 -8.2897 427.8607 169.2341 457.3499 223.6135 1.7309 0.6761 0.7630 -5.1979 1.3409 23.3733 -8.5114 0.7427
Pedestrian -1 -1 -4.8240 449.7341 159.3326 483.8112 244.3911 1.8822 0.6544 1.0039 -3.1350 1.3922 16.4722 -5.0145 0.7378
Pedestrian -1 -1 -5.3249 425.8776 168.4864 458.8632 223.2478 1.7368 0.7038 0.8148 -5.1914 1.3245 23.3164 -5.5468 0.7151
Pedestrian -1 -1 -7.7158 723.5214 162.7521 748.8981 229.4338 1.6424 0.5288 0.8370 3.3796 1.1812 18.1725 -7.5398 0.6530
Pedestrian -1 -1 -8.0914 431.0447 169.2720 458.4220 224.1492 1.7454 0.7012 0.7869 -5.1263 1.3569 23.3541 -8.3103 0.6421
Pedestrian -1 -1 -7.8781 652.7140 166.2433 676.1933 226.2133 1.6885 0.6456 0.7886 1.7718 1.2594 20.6365 -7.7988 0.6156
Pedestrian -1 -1 -7.2738 701.3490 160.4280 723.4818 204.8544 1.8720 0.6841 0.6665 4.7332 0.9844 30.7452 -7.1274 0.6002
Pedestrian -1 -1 -6.6277 700.3387 162.9726 734.1243 224.4816 1.7125 0.6358 0.7736 3.2484 1.1972 20.3861 -6.4769 0.5969
Pedestrian -1 -1 -2.1126 48.5927 168.0032 111.8552 262.7697 1.7658 0.6071 0.9068 -10.0807 1.5149 13.8418 -2.7385 0.5819
Pedestrian -1 -1 -3.2446 2.5307 167.7630 48.8841 285.9720 1.6880 0.5867 0.4796 -8.5715 1.4925 10.6350 -3.9165 0.5634
Pedestrian -1 -1 -6.5675 704.2521 162.7265 737.2000 223.8324 1.7039 0.6591 0.7646 3.3501 1.1809 20.4059 -6.4120 0.5500
Pedestrian -1 -1 -6.6268 701.5139 162.8298 733.9449 224.4152 1.7234 0.6482 0.7338 3.2795 1.2014 20.4902 -6.4752 0.5347
Car -1 -1 -4.3042 468.9869 172.5567 527.0417 202.9501 1.7188 1.7580 4.6557 -6.1226 1.2131 43.0984 -4.4495 0.5268
Pedestrian -1 -1 -7.9969 648.0923 165.3521 673.0259 225.6662 1.6861 0.5933 0.8085 1.6489 1.2352 20.5047 -7.9229 0.4846
Pedestrian -1 -1 -5.7146 108.2535 163.9749 127.7917 228.3653 1.8419 0.4726 0.2554 -14.0179 1.3411 20.7878 -6.3072 0.4800
Cyclist -1 -1 -8.3733 744.0620 146.2014 802.7936 239.5485 1.8939 0.3694 1.7934 3.6355 1.1783 15.4853 -8.1517 0.4748
Pedestrian -1 -1 -6.9089 746.5087 144.1313 789.3881 233.3410 1.9189 0.5784 0.7188 3.6338 1.1157 15.8595 -6.6924 0.4494
Cyclist -1 -1 -2.0243 32.2762 169.8283 116.6137 264.9676 1.7525 0.5620 1.8559 -10.2596 1.5381 13.9132 -2.6561 0.4402
Pedestrian -1 -1 -6.4225 769.6629 143.6896 796.3232 234.7296 1.8744 0.5175 0.4687 3.7636 1.0965 15.0696 -6.1870 0.4392
Pedestrian -1 -1 -5.8166 113.3735 163.7030 131.9555 227.6578 1.8286 0.4700 0.2650 -13.8834 1.3202 20.7875 -6.4047 0.4308
Pedestrian -1 -1 -6.5419 707.3600 162.1350 736.1626 224.0686 1.7353 0.7044 0.6468 3.3971 1.1932 20.5098 -6.3850 0.4231
Pedestrian -1 -1 -6.3559 764.6396 145.4195 793.3602 235.8866 1.8605 0.5279 0.5415 3.6806 1.1191 15.0763 -6.1257 0.4153
Cyclist -1 -1 -6.9827 690.7376 162.5291 748.4991 225.1477 1.7305 0.4556 1.7519 3.3511 1.2067 20.5001 -6.8279 0.4104
Cyclist -1 -1 -6.9788 689.9548 161.9078 747.0395 225.0706 1.7400 0.4647 1.7083 3.3066 1.2008 20.4289 -6.8256 0.3957
Pedestrian -1 -1 -3.1504 101.5349 163.7429 123.6700 218.8939 1.8177 0.6198 0.6079 -16.4305 1.2329 24.1032 -3.7487 0.3952
Pedestrian -1 -1 -7.6126 622.6234 172.6907 638.5527 204.6033 1.7236 0.7297 0.6858 1.5897 1.2480 39.2272 -7.5775 0.3918
Pedestrian -1 -1 -3.3922 102.1958 164.9497 132.6852 219.0711 1.7871 0.6321 0.7172 -16.3292 1.2410 24.1976 -3.9859 0.3720
Pedestrian -1 -1 -7.1930 700.6358 161.8459 723.2613 205.8814 1.8634 0.6674 0.7096 4.7345 1.0320 30.8838 -7.0472 0.3719
Pedestrian -1 -1 -3.2094 103.4142 163.7804 127.1609 218.9118 1.8247 0.6386 0.6205 -16.4175 1.2387 24.2176 -3.8052 0.3590
Pedestrian -1 -1 -7.9502 652.7172 166.5150 677.3947 225.3773 1.6429 0.6153 0.8389 1.7740 1.2251 20.4732 -7.8701 0.3025
Pedestrian -1 -1 -7.1173 697.7615 161.4475 720.7440 205.2092 1.8435 0.7095 0.6657 4.5967 0.9991 30.7463 -6.9752 0.2998
Pedestrian -1 -1 -7.0746 561.7030 172.0025 573.1837 194.2833 1.8387 0.5299 0.8230 -2.8018 1.0547 59.7621 -7.1262 0.2869
Pedestrian -1 -1 -6.4056 384.8822 171.2906 395.4190 208.0095 1.7546 0.5008 0.4276 -10.2012 1.2670 34.6399 -6.6950 0.2863
Pedestrian -1 -1 -8.3634 608.4905 155.0524 683.2584 304.9774 1.7766 0.6323 0.7735 0.4972 1.4639 8.9995 -8.3157 0.2729
Pedestrian -1 -1 -5.2427 0.0000 165.4532 37.4735 259.0407 1.7480 0.4874 0.8231 -11.4050 1.4489 13.7882 -5.9298 0.2704
Car -1 -1 -3.6694 457.7038 173.0277 529.2623 202.0676 1.6886 1.7004 3.9945 -6.5340 1.1961 43.6869 -3.8220 0.2649
Pedestrian -1 -1 -6.9429 743.8245 145.8482 786.7291 233.6983 1.9106 0.5476 0.7570 3.6159 1.1358 16.0334 -6.7298 0.2566
Pedestrian -1 -1 -3.0230 383.4819 172.2227 392.7641 208.5856 1.7414 0.4869 0.3767 -10.3059 1.2974 34.6729 -3.3149 0.2499
Pedestrian -1 -1 -6.5371 383.0541 172.4479 396.8702 208.2248 1.7024 0.4896 0.5297 -10.1772 1.2719 34.5281 -6.8267 0.2496
Cyclist -1 -1 -8.1892 744.7487 142.8864 794.5851 235.1847 1.9138 0.4524 1.8850 3.6433 1.1137 15.8572 -7.9722 0.2384
Pedestrian -1 -1 -6.3400 101.5864 164.3163 128.2724 218.7372 1.7891 0.6325 0.7054 -16.3368 1.2246 24.0808 -6.9361 0.2376
Pedestrian -1 -1 -5.4117 779.3132 147.6600 819.1539 227.2103 1.8342 0.4527 0.8706 4.6504 1.0545 17.0532 -5.1545 0.2365
Cyclist -1 -1 -7.2794 698.2014 165.0593 742.0646 225.4976 1.6618 0.3911 1.6902 3.3724 1.2102 20.5109 -7.1237 0.2277
Cyclist -1 -1 -8.2305 755.3848 145.0717 804.1099 238.3703 1.8822 0.3580 1.7903 3.7548 1.1479 15.4030 -8.0006 0.2067
Pedestrian -1 -1 -5.0799 0.0000 168.3606 30.2407 260.1905 1.6872 0.5034 0.8575 -11.3827 1.4464 13.6273 -5.7716 0.2063
Cyclist -1 -1 -7.2757 697.1050 163.6490 743.5128 225.7318 1.6952 0.4429 1.7206 3.3596 1.2082 20.4009 -7.1197 0.2047
Pedestrian -1 -1 -6.6991 751.5181 142.1848 794.9181 231.9516 1.9344 0.5690 0.7624 3.7408 1.0877 15.8315 -6.4759 0.1943
Pedestrian -1 -1 -5.2111 0.0000 163.4185 31.0593 257.2843 1.7554 0.4792 0.8588 -11.5492 1.4178 13.8151 -5.9034 0.1873
Pedestrian -1 -1 -3.1095 723.5389 164.0955 737.5071 207.1803 1.7243 0.5752 0.5431 5.2093 1.0281 29.0848 -2.9389 0.1858
Cyclist -1 -1 -6.9198 695.7217 163.0654 754.9148 225.2560 1.7273 0.4676 1.7379 3.5208 1.2158 20.5561 -6.7574 0.1837
Pedestrian -1 -1 -6.6460 592.8693 172.4999 610.2460 202.7093 1.6429 0.4626 0.8438 0.0014 1.1536 39.4337 -6.6510 0.1788
Pedestrian -1 -1 -6.6736 754.2858 148.0843 790.6475 236.8165 1.8684 0.6104 0.5676 3.6385 1.1653 15.4741 -6.4517 0.1657
Pedestrian -1 -1 -3.1935 365.1897 178.2114 378.2185 214.2018 1.6673 0.6198 0.5477 -10.7812 1.5152 33.6655 -3.5063 0.1619
Pedestrian -1 -1 -8.3254 665.2922 170.2634 691.1437 225.3805 1.5842 0.5895 0.4932 2.2093 1.2617 20.9833 -8.2270 0.1585
Cyclist -1 -1 -7.2709 693.5505 164.0039 739.9452 225.6589 1.6850 0.4555 1.6930 3.2599 1.2073 20.4125 -7.1197 0.1521
Pedestrian -1 -1 -5.7997 115.4582 165.8549 137.4406 229.3940 1.8301 0.4836 0.3508 -13.8789 1.3799 20.9480 -6.3843 0.1495
Car -1 -1 -5.1754 61.2033 170.6124 121.2160 197.5074 1.6140 1.5776 3.6367 -31.7227 0.9607 44.6569 -5.7952 0.1362
Pedestrian -1 -1 -7.9609 656.7643 168.5271 681.6168 226.5985 1.6653 0.6539 0.6080 1.9357 1.2938 20.9106 -7.8750 0.1323
Pedestrian -1 -1 -7.9808 666.5873 167.5517 690.4074 224.5448 1.6230 0.6051 0.6286 2.1924 1.2263 20.7790 -7.8822 0.0966
Pedestrian -1 -1 -6.7653 519.8356 172.2175 534.5895 197.4946 1.7626 0.4379 0.9365 -5.2088 1.1153 50.5315 -6.8724 0.0813
Pedestrian -1 -1 -3.8462 749.7509 139.5018 793.5065 233.6622 2.0476 0.5819 0.7547 3.7626 1.1349 16.0541 -3.6248 0.0795
Cyclist -1 -1 -8.0419 756.2056 139.7858 796.0338 234.5872 1.9607 0.4841 1.8770 3.7779 1.0985 15.8036 -7.8162 0.0765
Car -1 -1 -2.9184 247.8907 179.8450 376.0046 223.1291 1.4233 1.5342 3.8409 -9.8781 1.3693 24.6820 -3.3006 0.0696
Cyclist -1 -1 -6.9705 97.2783 172.5109 212.8344 294.3689 1.6748 0.3226 1.6214 -6.6329 1.5519 10.6917 -7.5205 0.0589
Pedestrian -1 -1 -3.3509 578.1623 171.9079 589.2677 194.5994 1.7743 0.4228 0.8009 -1.3736 1.0241 56.4683 -3.3800 0.0476
Pedestrian -1 -1 -5.6705 109.7797 166.6765 131.6035 229.5005 1.8148 0.4682 0.3194 -14.0745 1.3871 20.9887 -6.2606 0.0449
Car -1 -1 -3.0759 249.5152 179.9546 373.2821 224.7131 1.4388 1.5200 3.7938 -9.7754 1.3896 24.4047 -3.4584 0.0433
Pedestrian -1 -1 -6.6221 580.0046 171.4575 591.0960 194.0712 1.7662 0.4260 0.7728 -1.2284 0.9817 56.4419 -6.6488 0.0320
Cyclist -1 -1 -7.0759 50.6072 172.6251 177.2499 302.4700 1.7023 0.4439 1.6802 -6.9578 1.5867 10.2847 -7.6646 0.0272
Cyclist -1 -1 -6.9427 66.0181 170.2397 195.6767 301.7397 1.7658 0.3767 1.7127 -6.8687 1.6153 10.5163 -7.5156 0.0264
Car -1 -1 -6.1979 612.2143 173.5533 688.5237 200.6032 1.5232 1.5955 4.2916 2.8545 1.0759 41.5571 -6.1348 0.0230
Cyclist -1 -1 -7.6791 650.9384 164.7965 678.9340 227.2748 1.7186 0.5564 1.5071 1.7982 1.2596 20.5587 -7.5982 0.0183
Pedestrian -1 -1 -7.6182 615.7637 173.8927 628.4761 203.6920 1.6983 0.6270 0.5262 1.1882 1.2649 41.2732 -7.5947 0.0167
Car -1 -1 -5.7332 329.4767 175.4982 399.5454 204.8290 1.6085 1.6369 3.4056 -13.3661 1.2795 40.5771 -6.0545 0.0140
Cyclist -1 -1 -7.6277 19.6169 173.6893 65.1424 240.8689 1.5830 0.5225 1.6981 -13.8670 1.3995 17.8074 -8.2874 0.0116
Car -1 -1 -4.1665 328.0588 177.2702 383.1062 202.7174 1.3452 1.5078 3.0664 -13.5170 1.1218 39.6317 -4.4982 0.0082
Car -1 -1 -3.7587 327.5118 175.1280 401.4794 201.9564 1.4124 1.6209 3.6222 -13.0674 1.0771 39.7574 -4.0793 0.0071
Car -1 -1 -3.9245 335.0677 178.0836 404.0890 205.2819 1.4199 1.5373 3.5660 -12.6745 1.2417 39.4377 -4.2385 0.0062
Car -1 -1 -4.0796 327.8475 176.3378 393.6568 202.3026 1.3701 1.6275 3.6525 -13.3016 1.0979 39.8921 -4.4045 0.0058
Cyclist -1 -1 -7.6143 648.5869 164.6374 680.8929 227.2749 1.7294 0.5742 1.6050 1.8062 1.2643 20.6853 -7.5335 0.0056
Car -1 -1 -6.1797 334.5928 173.8135 400.0547 202.0111 1.5392 1.6037 3.3542 -13.1021 1.1198 40.3511 -6.4968 0.0050
Car -1 -1 -3.7629 330.6007 177.6654 402.0175 203.2224 1.3412 1.5058 3.5248 -12.9056 1.1401 39.5634 -4.0812 0.0041
Cyclist -1 -1 -6.3899 726.4359 146.7704 808.5004 234.9947 1.9120 0.4510 1.7260 3.6148 1.1599 15.8855 -6.1750 0.0038
Car -1 -1 -2.7853 532.3216 170.1993 596.4433 194.4431 1.8946 1.8109 4.8164 -2.9481 1.0114 57.7141 -2.8411 0.0035
Cyclist -1 -1 -7.4092 327.8204 175.9840 383.0241 239.0490 1.5891 0.7368 1.6685 -6.5013 1.4506 18.9712 -7.7405 0.0033
Cyclist -1 -1 -2.9357 349.3745 175.4541 388.9005 212.0477 1.6954 0.6497 1.6685 -10.8977 1.4155 33.6943 -3.2514 0.0031
Cyclist -1 -1 -7.9965 690.7767 154.9716 728.9844 267.5924 1.8903 0.4147 1.7212 1.8843 1.4456 12.9186 -7.8601 0.0007
Car -1 -1 -4.8438 362.0573 174.6847 400.9649 202.4297 1.5206 1.6484 3.7640 -12.7203 1.1472 41.4222 -5.1449 0.0007
Cyclist -1 -1 -7.8360 651.4148 166.3389 671.1270 226.7905 1.6627 0.5410 1.5559 1.6871 1.2462 20.5573 -7.7604 0.0002
Cyclist -1 -1 -8.0486 611.1945 154.9769 684.7912 311.1625 1.7645 0.5892 1.6034 0.4928 1.4656 8.9516 -8.0010 0.0000
