Car -1 -1 -4.0876 439.1340 178.3605 663.4427 292.1810 1.5633 1.6866 4.1456 -0.8533 1.6739 12.3290 -4.1565 0.9999
Car -1 -1 -5.1388 767.2488 185.8481 1241.0000 374.0000 1.4984 1.6510 3.7833 2.3859 1.6284 5.3238 -4.7393 0.9996
Pedestrian -1 -1 -7.9821 643.8201 173.8884 663.3058 221.0521 1.6518 0.6075 0.6763 1.4975 1.6888 25.6445 -7.9252 0.1360
Pedestrian -1 -1 -5.1749 809.2834 160.9415 825.7722 200.9437 1.8821 0.5999 0.4803 9.8046 1.3213 34.2395 -4.8987 0.1348
Pedestrian -1 -1 -7.6977 647.8471 173.6167 667.1812 220.0968 1.6394 0.6066 0.5971 1.6568 1.6667 25.8179 -7.6350 0.1201
Pedestrian -1 -1 -7.9968 645.0419 173.7755 663.4399 219.4987 1.6142 0.5699 0.6400 1.5336 1.6473 25.8299 -7.9389 0.1169
Pedestrian -1 -1 -6.1137 228.5151 177.7372 245.8887 210.2271 1.7736 0.7551 0.7383 -20.6993 2.0472 40.0007 -6.5888 0.1146
Pedestrian -1 -1 -7.5815 648.5193 174.1840 670.5673 223.0583 1.7074 0.6413 0.6133 1.7157 1.7550 25.6235 -7.5162 0.0951
Pedestrian -1 -1 -7.0386 438.5689 169.7615 458.1519 202.8017 1.7455 0.7297 0.7180 -8.6892 1.5818 38.6209 -7.2588 0.0697
Pedestrian -1 -1 -7.5197 798.5843 165.1465 816.1282 204.2843 1.7768 0.6094 0.6226 9.0361 1.4266 33.1855 -7.2565 0.0563
Pedestrian -1 -1 -5.9959 437.7592 169.2184 456.1961 203.1344 1.7888 0.7489 0.7784 -8.7226 1.5968 38.4549 -6.2178 0.0454
Pedestrian -1 -1 -3.5017 757.4551 163.2506 766.4457 199.4019 1.7069 0.4618 0.2718 7.1845 1.2532 34.3177 -3.2974 0.0450
Cyclist -1 -1 -4.4367 638.7639 177.2335 664.9070 225.6752 1.6382 0.5169 1.5609 1.4362 1.7968 25.3710 -4.3815 0.0400
Pedestrian -1 -1 -7.8005 814.6105 163.5054 831.0340 204.4452 1.7479 0.6554 0.5256 9.1500 1.3485 31.1624 -7.5178 0.0351
Pedestrian -1 -1 -4.0492 798.1885 164.0854 814.9728 200.9662 1.6869 0.5678 0.4901 9.0507 1.2855 33.3767 -3.7870 0.0314
Pedestrian -1 -1 -4.7781 1084.7898 142.9683 1115.6945 209.1122 2.0912 0.7661 0.8674 15.8250 1.1461 23.3795 -4.1891 0.0244
Cyclist -1 -1 -3.6754 637.2858 171.7929 676.7437 221.5399 1.7448 0.5626 1.3071 1.6395 1.7072 25.8540 -3.6135 0.0233
Car -1 -1 -2.6412 306.9743 174.1645 382.9977 206.2805 1.7235 1.7352 3.5542 -14.6753 1.7978 39.9376 -2.9915 0.0194
Pedestrian -1 -1 -7.7486 1037.2311 155.5342 1061.5575 210.6883 1.8775 0.6691 0.5437 15.1658 1.2876 24.9807 -7.2085 0.0166
Pedestrian -1 -1 -7.9010 1041.4396 155.2407 1065.2062 206.3665 1.7474 0.6762 0.5049 15.3343 1.1451 25.0441 -7.3571 0.0165
Pedestrian -1 -1 -3.4207 759.9246 161.2871 767.6028 196.1411 1.6460 0.4649 0.2367 7.2704 1.0994 34.3155 -3.2140 0.0162
Car -1 -1 -3.2095 1104.3220 163.3368 1232.8351 198.8962 1.5246 1.7329 4.5124 25.2529 1.1163 32.9004 -2.5594 0.0150
Pedestrian -1 -1 -8.2531 817.0048 162.2777 837.0283 202.5222 1.7174 0.6621 0.5535 9.3082 1.2657 31.1024 -7.9653 0.0149
Pedestrian -1 -1 -7.8492 1040.9332 157.6899 1065.7563 214.4399 1.9037 0.7147 0.6495 15.1055 1.3947 24.6676 -7.3054 0.0144
Pedestrian -1 -1 -4.4829 1088.0219 142.0029 1121.3691 207.9685 2.0660 0.7060 0.8811 15.8291 1.0995 23.1562 -3.8894 0.0139
Cyclist -1 -1 -4.0227 620.3785 173.8645 662.4828 226.2011 1.7895 0.5806 1.6374 1.0766 1.8261 25.5061 -3.9818 0.0138
Cyclist -1 -1 -8.4409 1021.5307 158.9852 1071.4141 213.4303 1.8305 0.6205 1.7356 15.1324 1.3639 25.1416 -7.9046 0.0138
Pedestrian -1 -1 -7.9166 1044.3130 156.2595 1072.0358 213.6616 1.9021 0.7442 0.7758 15.1148 1.3519 24.4260 -7.3682 0.0130
Car -1 -1 -2.1764 0.0000 215.4716 133.0051 374.0000 1.5284 1.6303 4.0440 -4.8224 1.7800 3.3667 -3.1001 0.0116
Pedestrian -1 -1 -2.7698 832.0659 164.2715 856.9810 217.8761 1.8016 0.6349 0.6251 7.9801 1.5129 24.6939 -2.4613 0.0103
Car -1 -1 -2.6807 302.7733 174.4503 377.5722 205.3504 1.6598 1.6055 3.5231 -14.9052 1.7498 39.8415 -3.0368 0.0093
Car -1 -1 -2.5346 300.7729 175.2421 367.9104 206.4668 1.6753 1.6581 3.0902 -15.3260 1.8115 40.0698 -2.8980 0.0084
Pedestrian -1 -1 -6.1601 430.4028 178.0728 446.8284 229.2368 1.8057 0.5873 0.5046 -6.1828 1.9947 25.8499 -6.3932 0.0084
Car -1 -1 -2.5004 301.9451 173.7240 374.6253 207.0213 1.7853 1.8231 3.3579 -15.1182 1.8350 40.1006 -2.8591 0.0078
Cyclist -1 -1 -4.4320 646.0480 173.0170 669.9333 222.1521 1.7148 0.5376 1.2329 1.6816 1.7205 25.8575 -4.3685 0.0074
Car -1 -1 -1.9326 0.0000 224.7653 70.5801 374.0000 1.4520 1.7634 4.5016 -5.6035 1.8457 3.9902 -2.8525 0.0072
Car -1 -1 -4.5548 517.8532 183.1126 594.8484 235.8941 1.2971 1.5775 3.9783 -1.4775 1.6185 20.5779 -4.6263 0.0071
Car -1 -1 -4.9503 480.1147 179.2811 584.5500 241.7939 1.3540 1.6707 4.1682 -2.1451 1.5371 18.3347 -5.0659 0.0069
Car -1 -1 -5.0261 1157.8804 162.2163 1227.0526 199.1061 1.6064 1.4622 3.4730 26.7510 1.1428 33.3017 -4.3539 0.0068
Car -1 -1 -4.8849 482.4576 180.8732 568.5393 240.5400 1.4020 1.6223 4.1896 -2.4739 1.6466 19.7964 -5.0083 0.0068
Car -1 -1 -6.5426 1088.6113 160.4485 1203.2542 195.7986 1.5640 1.6753 3.9601 24.6645 1.0148 33.4230 -5.9112 0.0066
Car -1 -1 -5.1985 1155.4606 164.2594 1236.2081 199.3367 1.5412 1.4717 3.4088 27.0683 1.1633 33.5147 -4.5236 0.0065
Pedestrian -1 -1 -5.8100 1072.4498 144.4074 1113.3315 211.7366 2.1313 0.7337 0.8640 15.6047 1.2305 23.3964 -5.2278 0.0063
Cyclist -1 -1 -4.5707 644.4874 174.3214 664.3593 222.3872 1.6741 0.5337 1.3258 1.5550 1.7279 25.8764 -4.5120 0.0060
Car -1 -1 -4.4985 497.1760 178.3407 587.5628 235.2813 1.3680 1.6402 4.0621 -1.7917 1.5349 19.8605 -4.5880 0.0059
Cyclist -1 -1 -4.5162 648.8776 175.5556 669.7903 224.3578 1.6974 0.5167 1.2548 1.7284 1.7964 25.8431 -4.4510 0.0059
Pedestrian -1 -1 -8.0432 1223.9303 155.5006 1241.0000 196.3526 1.6688 0.6073 0.6651 25.8814 0.9596 29.9137 -7.3349 0.0058
Car -1 -1 -4.4480 492.0444 178.8788 582.7084 234.4049 1.4814 1.7086 4.1266 -2.1342 1.6822 21.8997 -4.5447 0.0058
Car -1 -1 -7.4823 320.8972 172.4638 372.1873 205.8203 1.8214 1.6313 3.3610 -14.9848 1.7998 41.0993 -7.8302 0.0057
Car -1 -1 -4.6306 495.0518 178.4188 567.4725 236.6595 1.4467 1.6891 4.2806 -2.1778 1.6211 20.4946 -4.7358 0.0056
Car -1 -1 -1.9513 0.0000 223.7187 68.6486 374.0000 1.5129 1.7928 4.4206 -5.4263 1.8718 3.6805 -2.8919 0.0054
Car -1 -1 -4.9659 479.7075 178.0843 588.5295 241.2263 1.4178 1.7411 4.5062 -2.1856 1.5729 19.0173 -5.0795 0.0052
Car -1 -1 -4.7564 500.8407 178.1379 573.3905 239.7226 1.4608 1.7586 4.4926 -2.1623 1.6232 19.8719 -4.8641 0.0049
Car -1 -1 -1.9412 0.0000 222.4635 185.9360 374.0000 1.4504 1.7148 4.0069 -4.5336 1.8169 3.8194 -2.7775 0.0049
Car -1 -1 -4.5665 516.0798 180.4033 594.9134 235.9789 1.3279 1.5995 3.8797 -1.4414 1.5554 19.7748 -4.6391 0.0048
Pedestrian -1 -1 -8.4436 846.9328 165.2366 874.3121 220.3944 1.8646 0.7303 0.5020 8.5394 1.6068 24.7283 -8.1153 0.0047
Pedestrian -1 -1 -8.3165 836.4118 164.5592 864.3141 219.7244 1.8740 0.6960 0.6457 8.2365 1.5919 24.8814 -8.0010 0.0046
Pedestrian -1 -1 -8.2801 838.0698 166.0822 866.2313 224.2758 1.9654 0.7016 0.6632 8.2488 1.7364 24.7361 -7.9625 0.0045
Car -1 -1 -4.7351 506.3246 178.4433 579.5641 242.6264 1.4024 1.6414 4.0662 -1.8001 1.5599 18.2513 -4.8328 0.0041
Car -1 -1 -4.5142 510.5675 179.6868 599.2640 239.6795 1.3796 1.5896 3.9285 -1.3956 1.5797 19.1075 -4.5869 0.0038
Car -1 -1 -5.1274 1112.9775 164.0628 1190.5869 197.6719 1.4286 1.3820 3.7733 24.3766 1.0547 32.6633 -4.4908 0.0037
Car -1 -1 -4.4563 524.6423 180.6680 618.1345 235.4223 1.3435 1.6494 4.1515 -1.0277 1.5894 20.5329 -4.5065 0.0037
Car -1 -1 -4.3787 513.9689 179.2120 623.9050 240.2506 1.3908 1.6594 4.0304 -1.0052 1.5775 19.0585 -4.4315 0.0037
Car -1 -1 -6.4920 1084.3499 157.5941 1192.4312 193.2614 1.5864 1.6559 3.7944 24.4624 0.9074 33.6171 -5.8672 0.0035
Car -1 -1 -4.4705 523.4640 178.6525 617.3815 234.6817 1.3401 1.6705 3.9211 -1.0196 1.5155 19.7724 -4.5221 0.0033
Car -1 -1 -4.6647 504.9763 176.4547 574.8381 237.6142 1.4174 1.6324 4.0042 -1.7976 1.5221 18.9995 -4.7585 0.0033
Car -1 -1 -8.1426 1103.4454 157.8331 1177.3556 190.9351 1.4826 1.7799 3.9104 25.1787 0.8095 34.4572 -7.5157 0.0032
Car -1 -1 -4.4981 503.8813 179.0670 601.3011 243.4129 1.4094 1.6281 4.0622 -1.3820 1.5853 18.3392 -4.5731 0.0030
Car -1 -1 -4.6217 844.0376 174.5074 933.6185 241.7961 1.3784 1.6336 4.0938 6.6430 1.4223 17.0866 -4.2573 0.0030
Cyclist -1 -1 -4.3438 638.9655 175.1403 666.7827 222.8712 1.6494 0.5224 1.4091 1.4942 1.7331 25.7549 -4.2873 0.0030
Car -1 -1 -8.2629 1091.9779 158.6076 1173.3192 191.3081 1.4731 1.7626 3.8114 24.8708 0.8310 34.5512 -7.6431 0.0029
Car -1 -1 -4.1429 143.8776 169.8390 212.6011 198.7419 1.7223 1.7386 4.1048 -26.9116 1.5423 45.0763 -4.6787 0.0028
Car -1 -1 -7.9272 593.4130 178.0066 657.9177 236.3980 1.5800 1.6292 4.3811 0.3367 1.7538 22.1530 -7.9131 0.0027
Car -1 -1 -4.9936 1108.4388 162.2215 1176.8699 195.9948 1.4352 1.4963 3.7121 23.9752 0.9831 32.6627 -4.3649 0.0026
Car -1 -1 -4.6145 849.5305 172.6018 938.2046 236.5220 1.3812 1.6592 4.1373 7.0467 1.3755 17.8120 -4.2439 0.0025
Car -1 -1 -4.2718 145.8521 170.8223 207.3598 199.7593 1.6979 1.6849 4.0204 -26.6274 1.5784 44.4201 -4.8094 0.0023
Cyclist -1 -1 -8.6293 829.6208 164.3560 876.5558 223.0910 1.9445 0.6110 1.5461 8.2618 1.6629 24.7165 -8.3109 0.0023
Car -1 -1 -4.3919 535.7637 178.0276 641.1673 234.4836 1.3408 1.6711 4.0841 -0.5141 1.4978 19.7355 -4.4184 0.0022
Car -1 -1 -4.4153 153.1971 174.1690 203.8239 200.7486 1.5435 1.5705 3.9359 -26.3974 1.6276 44.2060 -4.9511 0.0020
Cyclist -1 -1 -3.0011 820.0717 163.6225 876.8342 221.4921 1.9291 0.7113 1.7700 8.1329 1.6211 24.7601 -2.6879 0.0017
Car -1 -1 -4.9946 1098.4106 160.9719 1169.3159 196.5621 1.5057 1.5449 3.8908 23.5359 1.0027 32.6166 -4.3740 0.0015
Cyclist -1 -1 -8.3419 1076.1521 161.2185 1124.4495 212.6745 1.4100 0.4957 1.4676 13.8732 1.0909 20.5263 -7.7544 0.0014
Car -1 -1 -5.8436 322.8957 174.4199 397.7758 206.5438 1.7255 1.6130 3.5609 -13.7940 1.8138 39.8473 -6.1751 0.0012
Pedestrian -1 -1 -3.3254 482.3703 169.5397 493.1779 206.2025 1.8455 0.6127 0.4367 -6.2552 1.6783 36.6821 -3.4935 0.0012
Pedestrian -1 -1 -6.7334 1083.7367 159.6588 1113.4033 212.6751 1.4847 0.6253 0.4710 13.8573 1.1149 20.5486 -6.1469 0.0011
Pedestrian -1 -1 -5.7385 567.6782 164.1471 578.0461 204.3415 1.8743 0.5000 0.2670 -1.7867 1.4680 33.9293 -5.7912 0.0011
Cyclist -1 -1 -7.8110 638.1585 175.0746 656.1937 228.4558 1.4711 0.4585 1.5178 1.0275 1.5370 20.7254 -7.7629 0.0011
Car -1 -1 -7.7941 592.7060 176.5444 656.5165 238.2527 1.6759 1.6940 4.4674 0.4956 1.8007 22.1648 -7.7729 0.0010
Cyclist -1 -1 -5.0898 1083.8525 162.2388 1134.3118 222.0468 1.6003 0.5630 1.6926 13.8867 1.3160 20.1934 -4.4945 0.0010
Car -1 -1 -6.1724 430.8510 169.4979 522.3959 201.1403 1.6921 1.6761 4.7827 -7.2924 1.5123 39.5893 -6.3537 0.0010
Pedestrian -1 -1 -5.6461 1088.8195 163.9666 1115.4551 213.0246 1.3649 0.5666 0.3548 13.8206 1.1174 20.3376 -5.0562 0.0010
Car -1 -1 -7.8578 636.3643 161.0081 666.3519 194.5190 1.7651 1.5786 3.7016 2.2360 1.1408 39.8932 -7.8026 0.0009
Car -1 -1 -6.0942 434.0261 168.0784 520.6451 196.9639 1.5477 1.5838 4.4418 -7.2487 1.2915 39.4696 -6.2749 0.0008
Pedestrian -1 -1 -6.4047 363.4952 170.8299 375.8661 206.4893 1.7977 0.6645 0.5220 -12.2936 1.6953 36.7865 -6.7254 0.0007
Cyclist -1 -1 -7.9620 638.6005 176.0029 658.4846 231.0357 1.5415 0.4186 1.4439 1.0642 1.6362 21.0280 -7.9130 0.0007
Pedestrian -1 -1 -2.9239 593.0592 163.5239 603.3057 205.9850 1.9757 0.6004 0.3613 -0.5949 1.5412 33.9024 -2.9418 0.0006
Car -1 -1 -5.8842 318.7101 173.8928 407.9137 207.0501 1.7854 1.8125 4.3118 -13.6586 1.8441 39.9754 -6.2118 0.0005
Pedestrian -1 -1 -5.9012 359.9740 169.5325 374.2087 204.1944 1.7667 0.6428 0.4895 -12.5300 1.5971 37.1109 -6.2249 0.0005
Pedestrian -1 -1 -3.1519 1078.8711 164.8990 1106.9684 265.2004 1.4303 0.4437 0.3296 7.0099 1.3166 10.5649 -2.5792 0.0003
Pedestrian -1 -1 -6.8725 362.8401 169.5443 378.4474 202.3048 1.6671 0.6653 0.4719 -12.3493 1.4983 37.1071 -7.1920 0.0003
