Car -1 -1 -4.5366 468.0528 182.0942 547.6901 249.4190 1.6437 1.5329 3.8883 -2.7935 1.9265 20.1299 -4.6736 0.9998
Car -1 -1 -4.2105 0.0000 195.7808 392.7479 374.0000 1.5071 1.5810 3.8580 -3.5225 1.7836 6.7549 -4.6761 0.9998
Car -1 -1 -4.4319 279.3247 176.0044 478.1970 325.6260 1.8059 1.6710 4.2339 -3.2625 1.8626 10.9188 -4.7167 0.9996
Car -1 -1 -8.0566 717.6227 186.1590 806.3834 246.7805 1.4195 1.5988 3.7252 3.9611 1.8148 19.5835 -7.8609 0.9996
Car -1 -1 -8.0621 689.7994 174.3090 764.5723 232.3428 1.8877 1.7559 4.2727 4.0295 1.9438 25.7613 -7.9094 0.9967
Car -1 -1 -4.6010 502.8939 179.6289 559.1306 233.1207 1.6924 1.5688 3.3310 -2.7102 1.9418 24.9198 -4.7090 0.9912
Car -1 -1 -4.4189 273.9314 174.6041 476.9922 322.7708 1.8029 1.6810 4.2780 -3.3222 1.8345 10.9739 -4.7072 0.8787
Car -1 -1 -8.0454 720.7558 186.5282 808.9134 246.9047 1.4110 1.6288 3.6338 4.0253 1.8150 19.5114 -7.8458 0.8031
Car -1 -1 -8.0604 549.4505 184.1396 582.1037 206.8743 1.5195 1.5935 3.9027 -3.2793 2.3715 52.3965 -8.1231 0.7874
Car -1 -1 -4.5669 502.0386 180.6936 561.8983 232.5245 1.6251 1.5807 3.3245 -2.6643 1.9129 24.8266 -4.6734 0.7765
Car -1 -1 -4.6047 501.4569 180.9468 559.0782 233.6438 1.6540 1.5981 3.7033 -2.7430 1.9556 25.0680 -4.7133 0.7741
Car -1 -1 -4.5531 467.5024 183.1888 547.0554 247.9728 1.5878 1.6043 3.9010 -2.8303 1.9062 20.2798 -4.6908 0.7327
Car -1 -1 -7.7717 503.0008 182.2377 560.1182 233.8702 1.6085 1.6536 4.1563 -2.7183 1.9650 25.3384 -7.8782 0.7211
Car -1 -1 -8.1160 544.8474 184.4483 581.0148 207.0464 1.5024 1.6162 4.0619 -3.4896 2.3791 52.3934 -8.1827 0.5834
Car -1 -1 -4.5880 516.6832 183.9313 565.0746 221.3927 1.4959 1.6358 4.2503 -3.0597 2.0234 32.2307 -4.6825 0.5688
Car -1 -1 -7.8794 557.1438 184.2296 580.6558 206.8820 1.5198 1.5996 3.8242 -3.0429 2.3762 52.3634 -7.9376 0.5631
Car -1 -1 -7.8105 557.9701 184.3191 582.5092 206.7339 1.5034 1.6123 3.9676 -2.8852 2.3678 52.4268 -7.8657 0.3758
Car -1 -1 -4.8893 548.3565 183.4858 580.0306 206.5462 1.5395 1.6436 3.7146 -3.3677 2.3350 52.0129 -4.9542 0.3505
Car -1 -1 -4.7743 555.6067 183.7022 581.9821 206.6316 1.5350 1.6686 3.6597 -3.0333 2.3458 52.0332 -4.8328 0.3264
Car -1 -1 -4.9160 551.1098 183.2440 584.9885 206.5362 1.5356 1.6663 3.8263 -3.0618 2.3063 51.4751 -4.9756 0.2924
Car -1 -1 -4.4171 504.8778 183.4884 566.1575 221.3838 1.5089 1.6018 4.0331 -3.2745 2.0125 32.0590 -4.5187 0.2531
Car -1 -1 -2.2886 533.5285 184.1091 588.1338 206.7421 1.5142 1.6674 4.0921 -3.6286 2.3619 52.3313 -2.3580 0.2489
Car -1 -1 -8.0203 538.9601 182.1141 572.4850 205.9668 1.5968 1.6838 4.6563 -4.0405 2.3042 52.6779 -8.0969 0.2351
Car -1 -1 -4.5193 509.9131 184.2490 563.9013 221.6542 1.4892 1.6230 4.1786 -3.2289 2.0313 32.1947 -4.6191 0.2327
Car -1 -1 -4.7121 560.4283 184.4556 584.9398 207.2989 1.5146 1.6908 3.7599 -2.7066 2.3767 51.7143 -4.7646 0.2220
Car -1 -1 -8.0412 540.3187 184.0017 573.5644 206.7146 1.5089 1.6530 4.1523 -3.9197 2.3514 52.3317 -8.1161 0.2079
Car -1 -1 -7.8811 542.6917 184.0320 566.6434 206.7051 1.5121 1.6134 3.8614 -4.0564 2.3501 52.1030 -7.9589 0.2002
Car -1 -1 -4.5537 516.5898 184.5232 564.8388 222.0448 1.4957 1.5277 3.9419 -3.0542 2.0460 32.0308 -4.6486 0.1895
Car -1 -1 -2.3019 532.3470 184.5441 585.1547 206.5857 1.4702 1.5888 3.9212 -3.7605 2.3455 52.1105 -2.3741 0.1878
Car -1 -1 -4.5606 512.7275 182.8376 562.8680 220.2212 1.5311 1.6641 4.0888 -3.2502 2.0129 32.7521 -4.6593 0.1604
Pedestrian -1 -1 -3.9217 918.3591 181.3229 941.5579 242.1912 1.5129 0.3718 0.3865 8.0380 1.7296 18.2454 -3.5134 0.1514
Car -1 -1 -4.6353 521.5867 183.7845 563.5134 220.5628 1.5374 1.6375 3.6931 -3.0846 2.0671 33.1259 -4.7280 0.1471
Pedestrian -1 -1 -4.1744 920.8141 177.2931 944.2743 238.9335 1.5304 0.3763 0.4285 8.0986 1.6440 18.2318 -3.7630 0.1383
Car -1 -1 -4.2968 496.4477 183.7861 571.2034 222.2770 1.4857 1.5654 4.5026 -3.2791 2.0001 31.5873 -4.4000 0.1318
Car -1 -1 -4.9894 549.5847 182.5969 587.9472 206.9965 1.5906 1.6760 3.9560 -2.9818 2.3064 50.8924 -5.0481 0.1256
Car -1 -1 -4.8930 547.6057 182.8641 579.8250 206.4877 1.5557 1.6417 3.6657 -3.3484 2.2927 51.1681 -4.9585 0.1194
Car -1 -1 -4.2919 491.7354 182.7878 565.0120 221.2513 1.5409 1.6755 4.2437 -3.6134 2.0174 32.3581 -4.4028 0.1103
Car -1 -1 -4.9429 554.5446 182.3649 591.8126 206.9752 1.6033 1.6848 4.3186 -2.6862 2.3070 51.1001 -4.9957 0.1100
Car -1 -1 -4.9576 542.3228 184.1727 577.2689 207.1071 1.5166 1.6166 3.8267 -3.6745 2.3618 51.8263 -5.0286 0.0961
Car -1 -1 -2.6575 532.0485 184.3394 588.0720 206.8821 1.5323 1.4891 3.7629 -3.6290 2.3818 51.9500 -2.7274 0.0775
Car -1 -1 -4.7578 735.8630 181.1345 770.6880 212.7724 1.4513 1.5227 3.6556 7.0667 1.8865 36.0234 -4.5663 0.0742
Car -1 -1 -2.5718 533.8649 184.2105 590.7823 206.6057 1.5177 1.5591 3.8754 -3.4865 2.3638 52.1560 -2.6387 0.0724
Car -1 -1 -4.7441 747.1200 179.9811 781.2770 211.7042 1.4414 1.5143 3.4941 7.4955 1.8097 35.4684 -4.5380 0.0686
Pedestrian -1 -1 -4.4604 1205.1115 165.6447 1241.0000 243.8473 1.5433 0.4925 0.5714 12.3962 1.4007 14.6062 -3.7670 0.0671
Pedestrian -1 -1 -4.2193 1212.3594 166.3990 1241.0000 243.1374 1.5215 0.4517 0.5192 12.5653 1.3933 14.6121 -3.5193 0.0671
Car -1 -1 -4.7216 729.0101 179.9562 762.0209 212.0979 1.4804 1.5389 3.6792 6.6994 1.8540 36.0372 -4.5399 0.0604
Car -1 -1 -4.8132 740.3325 182.2101 779.4634 213.4162 1.4378 1.5464 3.6774 7.4483 1.9328 36.2940 -4.6130 0.0579
Car -1 -1 -4.8822 537.8648 183.5013 570.1348 206.6054 1.5322 1.6774 3.8509 -4.0904 2.3273 51.8321 -4.9611 0.0531
Car -1 -1 -4.8665 505.6033 181.0575 560.2601 221.2478 1.6518 1.8049 4.4927 -3.6442 2.0544 33.0396 -4.9761 0.0525
Car -1 -1 -8.1050 531.9725 183.5446 569.5069 206.2729 1.5058 1.6550 4.4517 -4.3823 2.3172 52.4107 -8.1885 0.0465
Car -1 -1 -4.8916 740.5573 182.4782 783.6178 212.0517 1.3533 1.4750 3.5444 7.4885 1.8566 35.9712 -4.6886 0.0436
Car -1 -1 -4.8608 747.9001 180.4182 787.7978 211.2741 1.4316 1.4459 3.3944 7.8021 1.8276 36.0674 -4.6500 0.0428
Car -1 -1 -4.7187 522.9128 183.8122 559.4055 220.0351 1.5270 1.6014 4.1668 -3.2892 2.0739 33.8755 -4.8154 0.0398
Car -1 -1 -4.7165 530.8347 185.1215 567.6245 221.3577 1.4439 1.5345 3.9552 -2.7626 2.0252 32.1690 -4.8021 0.0391
Car -1 -1 -5.1337 739.5117 178.2117 799.4180 210.0430 1.4471 1.5939 3.3953 7.6862 1.7221 35.2430 -4.9212 0.0366
Car -1 -1 -4.7828 751.1868 179.6809 787.4064 209.7519 1.4098 1.5311 3.4624 7.9675 1.7718 36.4767 -4.5700 0.0358
Car -1 -1 -4.8173 520.1144 183.7381 564.7393 218.6902 1.5028 1.6737 4.4528 -3.3655 2.0634 34.8350 -4.9135 0.0341
Car -1 -1 -6.6562 543.6655 184.5317 600.1174 206.6102 1.5006 1.6457 3.7328 -2.7848 2.3692 52.1697 -6.7098 0.0315
Car -1 -1 -3.2562 544.1143 185.0896 599.2499 207.3644 1.5335 1.4320 3.8146 -2.7977 2.4296 51.8293 -3.3104 0.0225
Car -1 -1 -7.7129 732.9941 179.8573 774.0847 209.0894 1.3944 1.5947 3.6779 7.4380 1.7763 37.3756 -7.5185 0.0155
Pedestrian -1 -1 -4.3452 920.4756 177.5818 942.9315 237.0732 1.4942 0.4066 0.4102 8.1786 1.6168 18.4574 -3.9347 0.0154
Car -1 -1 -4.9563 551.8828 182.8326 588.6205 207.3856 1.5670 1.6011 4.0555 -2.8287 2.2881 49.9890 -5.0131 0.0126
Car -1 -1 -4.6716 552.6345 184.7792 591.1040 222.4134 1.4976 1.5438 4.1019 -1.6829 2.0615 32.0783 -4.7242 0.0122
Car -1 -1 -7.5840 736.8210 180.1498 787.7870 209.1472 1.3926 1.6673 3.7879 7.9764 1.7949 37.7554 -7.3779 0.0091
Car -1 -1 -5.1806 553.1078 183.3531 601.6459 207.8240 1.5529 1.6517 4.1479 -2.3347 2.3108 49.8967 -5.2277 0.0087
Car -1 -1 -4.6236 484.4573 182.4202 511.7099 207.9041 1.5823 1.4868 3.4819 -7.4331 2.2411 47.9270 -4.7771 0.0082
Car -1 -1 -4.3283 473.6409 180.7583 515.8660 207.6986 1.6863 1.6135 3.4267 -7.6721 2.2332 48.1009 -4.4861 0.0081
Car -1 -1 -7.5273 726.0554 181.2722 778.0461 209.8988 1.3800 1.6322 3.5489 7.4581 1.8443 37.8736 -7.3349 0.0081
Car -1 -1 -4.6437 553.7207 184.6573 579.8032 207.8279 1.4294 1.4804 4.1207 -2.9127 2.2593 48.6843 -4.7037 0.0075
Car -1 -1 -4.8574 558.3812 184.1395 590.1205 208.1315 1.4762 1.5189 4.3831 -2.4969 2.2760 48.8544 -4.9087 0.0074
Car -1 -1 -3.9927 520.3859 183.2497 580.2673 208.9989 1.5980 1.5614 4.3393 -4.0127 2.3322 48.7694 -4.0749 0.0060
Car -1 -1 -4.3573 534.9363 183.8289 580.3679 208.8253 1.5336 1.5987 4.4943 -3.5077 2.3109 48.7408 -4.4293 0.0045
Car -1 -1 -4.5950 545.6092 182.0965 577.2195 207.5654 1.6138 1.6805 4.2150 -3.3148 2.2741 49.4241 -4.6622 0.0035
Car -1 -1 -4.6328 573.7728 177.1658 594.8821 192.2149 1.4202 1.7713 4.0609 -2.5280 1.8586 71.3462 -4.6684 0.0034
Car -1 -1 -4.7712 569.4129 177.8041 588.8619 193.0085 1.4354 1.6965 3.8046 -3.0962 1.9384 71.3838 -4.8147 0.0034
Car -1 -1 -6.5272 0.0000 0.0000 1241.0000 374.0000 1.5757 1.6102 3.6404 -4.9730 1.7562 1.3967 -7.7720 0.0030
Car -1 -1 -6.7192 0.0000 0.0000 1241.0000 374.0000 1.5553 1.5801 3.5285 -2.6247 1.6205 1.2071 -7.7743 0.0030
Car -1 -1 -8.9461 0.0000 0.0000 1241.0000 374.0000 1.5415 1.5930 3.5900 3.8507 1.5964 1.3159 -7.7719 0.0030
Car -1 -1 -8.9155 0.0000 0.0000 1241.0000 374.0000 1.5538 1.5875 3.5673 3.4505 1.5966 1.2744 -7.7721 0.0030
Car -1 -1 -6.5715 0.0000 0.0000 1241.0000 374.0000 1.5622 1.5918 3.5831 -4.2031 1.6848 1.3466 -7.7723 0.0030
Car -1 -1 -6.5419 0.0000 0.0000 1241.0000 374.0000 1.5612 1.5932 3.5860 -4.5855 1.6931 1.3425 -7.7718 0.0030
Car -1 -1 -6.5880 0.0000 0.0000 1241.0000 374.0000 1.5578 1.5823 3.5375 -3.8223 1.6533 1.2681 -7.7733 0.0030
Car -1 -1 -6.6258 0.0000 0.0000 1241.0000 374.0000 1.5529 1.5816 3.5358 -3.4344 1.6382 1.2626 -7.7739 0.0030
Car -1 -1 -6.6569 0.0000 0.0000 1241.0000 374.0000 1.5616 1.5781 3.5157 -3.0374 1.6350 1.1978 -7.7744 0.0030
Car -1 -1 -4.8786 562.3668 175.8617 587.1185 193.8182 1.6945 1.7554 4.2239 -3.5249 2.0000 71.0952 -4.9284 0.0030
Car -1 -1 -4.8801 553.8635 183.0135 586.3058 207.4695 1.5338 1.5614 3.9272 -2.7862 2.2540 49.0768 -4.9371 0.0026
Car -1 -1 -7.5595 493.7693 168.7911 522.2172 186.3286 1.6509 1.5873 4.1990 -9.8937 1.2681 70.1175 -7.6994 0.0025
Car -1 -1 -7.5303 495.8488 168.6774 524.9727 185.3938 1.5737 1.5850 4.0866 -9.6548 1.1802 70.0818 -7.6669 0.0022
Pedestrian -1 -1 -7.9679 454.5897 180.2478 474.9975 228.9368 1.7700 0.6768 0.6032 -5.4299 2.0478 26.7406 -8.1670 0.0022
Car -1 -1 -7.6291 491.5922 168.2482 519.0201 186.6875 1.7353 1.6993 4.4109 -10.1604 1.3016 70.1703 -7.7726 0.0020
Car -1 -1 -7.4123 495.7720 167.8964 531.1469 184.8112 1.5885 1.6500 4.4856 -9.3590 1.1226 70.1497 -7.5447 0.0018
Car -1 -1 -5.1523 553.9746 182.9296 599.9181 207.1638 1.5214 1.5531 4.0359 -2.3324 2.2385 49.2282 -5.2000 0.0018
Cyclist -1 -1 -7.5829 253.3155 190.4173 304.7749 280.3675 1.5342 0.4452 1.6345 -6.2054 1.8824 13.4768 -8.0075 0.0014
Car -1 -1 -7.7789 491.0756 166.6604 513.2147 186.3894 1.8560 1.7896 4.6361 -10.4843 1.2730 70.2543 -7.9267 0.0013
Cyclist -1 -1 -7.6062 243.1437 188.2990 295.0599 280.0535 1.5371 0.4578 1.6718 -6.2795 1.8388 13.2424 -8.0418 0.0013
Car -1 -1 -3.9555 519.4025 183.1477 582.4351 208.4673 1.5803 1.7994 4.3239 -4.0046 2.3128 49.1137 -4.0370 0.0012
Pedestrian -1 -1 -7.5865 681.5034 181.0739 694.2080 211.2663 1.7601 0.5458 0.8522 4.5879 2.2533 42.8283 -7.4812 0.0011
Car -1 -1 -7.9080 487.7875 167.3229 508.8978 185.6992 1.7259 1.7801 4.5922 -10.9121 1.2061 70.1954 -8.0619 0.0007
Car -1 -1 -7.7613 489.2081 166.3584 512.3229 185.9419 1.8434 1.8304 4.3091 -10.5997 1.2316 70.1204 -7.9110 0.0005
Pedestrian -1 -1 -5.8733 704.1929 169.5267 729.7330 217.4054 1.9208 0.6870 0.8273 4.3239 1.7870 29.4566 -5.7296 0.0002
