Pedestrian -1 -1 -2.7760 443.1806 152.3041 550.8022 314.4565 1.7827 0.6096 1.0858 -1.2911 1.4731 8.1877 -2.9246 0.9300
Pedestrian -1 -1 -2.8391 436.9225 152.2969 545.8817 314.8856 1.7968 0.7170 1.0902 -1.3581 1.4856 8.2484 -2.9944 0.5955
Cyclist -1 -1 -5.2972 0.0000 178.9880 31.5565 215.1256 1.5965 0.6390 1.6997 -26.7595 1.5299 31.7878 -5.9903 0.0173
Car -1 -1 -7.6397 623.7355 169.8608 685.6377 211.0400 1.5798 1.7798 3.7948 2.0936 1.1719 29.1970 -7.5672 0.0103
Car -1 -1 -7.5988 0.0000 178.6851 56.4678 213.0807 1.5094 1.6198 3.5245 -27.1079 1.4299 32.9665 -8.2805 0.0102
Car -1 -1 -3.3620 605.5955 177.8744 700.4391 213.4613 1.3918 1.5482 3.5862 1.8883 1.2894 28.6931 -3.2953 0.0099
Car -1 -1 -5.6359 0.0000 182.8949 47.7951 214.2108 1.3687 1.5096 3.4146 -27.4820 1.4798 31.8849 -6.3406 0.0085
Car -1 -1 -1.6759 0.0000 178.7141 37.1960 215.2802 1.5907 1.6191 3.7346 -27.5599 1.5132 32.6402 -2.3706 0.0083
Car -1 -1 -4.7693 635.1472 174.4855 682.5515 213.5746 1.4707 1.6781 3.8397 2.0808 1.2446 28.5353 -4.6956 0.0082
Car -1 -1 -4.3187 0.0000 185.1939 55.5247 216.2101 1.2944 1.5113 3.5989 -26.6287 1.5202 32.0360 -5.0056 0.0082
Car -1 -1 -5.9734 0.0000 184.9336 44.7515 216.4952 1.3312 1.5561 3.5481 -27.5255 1.5385 31.6231 -6.6830 0.0077
Cyclist -1 -1 -6.8251 16.6846 169.1244 144.8706 270.2155 1.7112 0.4632 1.9126 -9.5695 1.5190 12.9385 -7.4484 0.0076
Car -1 -1 -7.4491 0.0000 176.6642 66.0527 212.0352 1.5602 1.5591 3.4584 -26.9367 1.3912 33.0632 -8.1263 0.0074
Car -1 -1 -5.3719 0.0000 180.6929 49.6277 212.8132 1.4094 1.5827 3.4625 -27.4765 1.4187 32.1749 -6.0721 0.0074
Car -1 -1 -4.2349 0.0000 186.8206 52.8472 219.3158 1.3290 1.4030 3.6025 -26.4672 1.6284 31.5670 -4.9260 0.0071
Car -1 -1 -7.7714 0.0000 179.2089 43.6409 213.7936 1.5119 1.6628 3.6742 -27.3496 1.4556 32.8929 -8.4586 0.0068
Cyclist -1 -1 -6.9127 30.8783 168.1086 140.7245 269.0038 1.7350 0.4328 1.6944 -9.5591 1.5223 13.0304 -7.5323 0.0067
Car -1 -1 -6.2814 0.0000 180.7226 100.4136 216.1572 1.5443 1.6391 3.8470 -25.7318 1.5553 32.6622 -6.9423 0.0067
Car -1 -1 -4.9058 627.4282 171.7753 695.7595 214.9391 1.5484 1.8063 4.5653 2.0870 1.2357 27.7361 -4.8299 0.0066
Car -1 -1 -6.8224 0.0000 177.5650 95.7654 214.7485 1.6262 1.6243 3.7523 -26.2437 1.4980 32.9642 -7.4884 0.0066
Car -1 -1 -4.4051 614.4228 172.0525 688.4712 211.8300 1.4307 1.7115 4.1477 1.8737 1.1271 27.6732 -4.3365 0.0066
Car -1 -1 -3.8241 602.6913 176.8434 699.1341 211.5134 1.2997 1.5771 3.6663 1.8322 1.1629 28.2097 -3.7582 0.0063
Car -1 -1 -7.3118 0.0000 180.0925 76.9409 214.7772 1.5384 1.5335 3.4765 -26.6992 1.5205 33.1821 -7.9829 0.0063
Car -1 -1 -5.4478 0.0000 182.5764 66.6581 216.5240 1.4871 1.6383 3.9444 -27.0095 1.5850 32.1990 -6.1393 0.0061
Car -1 -1 -7.8935 632.6366 168.8559 679.3600 207.5048 1.5235 1.8060 3.5400 2.0544 1.0647 29.6682 -7.8233 0.0060
Car -1 -1 -3.2208 601.9347 178.1613 694.6677 212.9598 1.3718 1.5204 3.6403 1.6808 1.2798 28.6685 -3.1612 0.0056
Car -1 -1 -8.0937 617.6638 168.1885 682.1770 207.3398 1.5288 1.8733 3.6259 1.7779 1.0483 29.5596 -8.0325 0.0054
Cyclist -1 -1 -6.8663 10.1562 165.2845 128.7759 260.3655 1.6169 0.4162 1.7888 -9.7804 1.3585 12.9345 -7.5001 0.0053
Car -1 -1 -4.5809 627.5045 175.9555 677.4196 211.0001 1.3131 1.5414 3.5836 1.9353 1.1430 28.4017 -4.5118 0.0053
Car -1 -1 -7.9236 627.6454 174.2266 675.4173 210.1160 1.3828 1.7031 3.5362 1.8229 1.1413 29.0145 -7.8598 0.0052
Car -1 -1 -4.9759 636.0212 177.4390 697.3110 214.9771 1.3867 1.4706 3.8213 2.3495 1.2739 28.1305 -4.8918 0.0050
Car -1 -1 -4.4979 631.9924 173.0560 691.0265 211.2381 1.4513 1.6229 3.8569 2.3543 1.1686 28.9564 -4.4159 0.0046
Cyclist -1 -1 -6.1184 17.4549 165.0850 154.6115 270.5322 1.8264 0.5307 1.9577 -9.4619 1.5597 12.9140 -6.7373 0.0045
Car -1 -1 -8.9755 0.0000 0.0000 1223.0000 369.0000 1.6084 1.6050 3.6073 3.8712 1.5366 1.1600 -7.7691 0.0045
Car -1 -1 -5.7497 0.0000 183.9340 83.8596 219.1820 1.5366 1.6566 4.0559 -26.4326 1.6984 32.1590 -6.4312 0.0044
Car -1 -1 -6.6084 613.6741 173.0162 714.0611 208.3646 1.3875 1.6018 3.7870 2.3635 1.0940 28.9867 -6.5261 0.0043
Car -1 -1 -3.6433 593.2077 175.5996 698.5001 211.8189 1.3636 1.6627 3.8698 1.6073 1.1793 28.1998 -3.5853 0.0043
Cyclist -1 -1 -2.4539 0.0000 182.4782 29.6875 220.1370 1.6499 0.7838 1.9731 -26.9043 1.7392 31.4251 -3.1553 0.0036
Pedestrian -1 -1 -3.1332 61.4153 165.1209 107.7842 266.1131 1.7880 0.5803 0.6719 -9.5651 1.5161 12.9487 -3.7560 0.0035
Car -1 -1 -5.9918 0.0000 185.0403 91.9525 218.4322 1.4340 1.5825 3.9220 -25.9924 1.6505 32.2251 -6.6640 0.0035
Cyclist -1 -1 -7.1483 34.1893 166.5183 124.2665 260.8949 1.6462 0.3700 1.6215 -9.7799 1.4027 13.1557 -7.7741 0.0034
Car -1 -1 -7.7116 0.0000 178.3546 43.4679 217.3292 1.6776 1.7531 3.8977 -27.2882 1.5854 32.5533 -8.4027 0.0034
Cyclist -1 -1 -7.0032 13.2792 164.5024 134.9940 269.5779 1.7438 0.4677 1.9023 -9.5183 1.4787 12.7136 -7.6321 0.0033
Car -1 -1 -4.9414 638.1989 173.6295 701.0936 210.5659 1.3386 1.5984 3.8655 2.4192 1.0899 27.6503 -4.8533 0.0033
Car -1 -1 -6.4872 0.0000 0.0000 1223.0000 369.0000 1.5499 1.5925 3.6634 -5.8156 1.7092 1.3867 -7.7704 0.0030
Pedestrian -1 -1 -6.6229 49.3065 172.5390 96.9907 261.2638 1.5757 0.5267 0.5573 -9.7754 1.4347 12.9356 -7.2564 0.0030
Cyclist -1 -1 -7.7217 836.6268 162.3262 883.3721 256.8352 1.5827 0.5607 1.9637 4.6084 1.2787 12.8425 -7.3832 0.0030
Car -1 -1 -5.1995 676.6768 169.4127 753.8497 206.7749 1.3344 1.4618 3.4642 4.1250 0.9386 27.1280 -5.0485 0.0028
Car -1 -1 -3.0406 589.0569 175.1611 685.4822 210.9807 1.4217 1.7136 3.8231 1.3441 1.2100 29.1929 -2.9933 0.0028
Cyclist -1 -1 -2.2951 0.0000 182.8730 34.3276 221.0915 1.6672 0.7797 1.9673 -26.6244 1.7747 31.4424 -2.9912 0.0026
Car -1 -1 -3.2545 617.3992 177.4243 701.1169 208.9627 1.2567 1.5783 3.2658 2.1572 1.1344 29.0243 -3.1794 0.0026
Car -1 -1 -2.9065 589.1611 176.8277 685.0475 211.6193 1.3653 1.6038 3.6593 1.3087 1.2214 29.0254 -2.8602 0.0025
Car -1 -1 -5.4950 0.0000 183.2433 115.6169 228.4103 1.5698 1.5030 3.6113 -20.0426 1.6735 25.6776 -6.1501 0.0025
Pedestrian -1 -1 -4.7558 969.0240 160.4598 1006.4435 238.8674 1.5014 0.6220 0.4377 7.4525 1.1180 13.8699 -4.2705 0.0024
Car -1 -1 -7.7357 635.7744 168.0401 685.6978 206.6136 1.5246 1.6868 3.6059 2.3859 1.0323 29.8790 -7.6550 0.0024
Car -1 -1 -5.0517 659.0419 169.5929 729.5993 210.2820 1.5076 1.5459 3.9927 3.4600 1.1037 28.3138 -4.9297 0.0024
Car -1 -1 -3.5814 622.9285 177.8343 712.7476 210.7657 1.2811 1.5695 3.2898 2.5223 1.1776 28.8094 -3.4933 0.0024
Car -1 -1 -2.4876 0.0000 184.1864 71.9995 217.5666 1.4564 1.6308 3.9268 -26.6924 1.6277 31.9301 -3.1773 0.0023
Car -1 -1 -4.3734 571.0381 166.0568 627.5966 201.0134 1.5321 1.5698 3.4420 -0.2315 0.8993 32.8716 -4.3785 0.0023
Car -1 -1 -5.1177 665.9455 172.9272 737.3704 210.0661 1.3542 1.5034 3.4857 3.6782 1.0783 27.6618 -4.9852 0.0023
Pedestrian -1 -1 -8.2621 838.3574 165.5395 872.0655 228.1101 1.5539 0.6921 0.4111 6.2494 1.1827 17.7893 -7.9281 0.0022
Pedestrian -1 -1 -2.9506 116.0776 173.7865 156.2998 267.7511 1.6713 0.4584 0.5306 -8.5843 1.5523 12.8877 -3.5252 0.0021
Car -1 -1 -5.0549 675.7383 164.6523 745.3290 204.4053 1.3906 1.4747 3.5332 3.8637 0.8365 26.6111 -4.9105 0.0021
Car -1 -1 -3.8327 590.2985 177.6868 692.4125 213.2550 1.3083 1.6284 3.8582 1.4372 1.2051 27.8103 -3.7800 0.0020
Pedestrian -1 -1 -7.6091 959.6379 153.6798 1000.4156 238.8121 1.6514 0.6268 0.4666 7.4302 1.1315 14.0976 -7.1315 0.0020
Pedestrian -1 -1 -3.2067 133.0595 175.1851 165.4258 267.6783 1.6419 0.4111 0.4728 -8.3356 1.5479 12.8561 -3.7689 0.0019
Car -1 -1 -4.9867 660.3547 170.0383 727.4688 209.7179 1.4364 1.6398 3.6935 3.3543 1.0580 27.5460 -4.8651 0.0017
Pedestrian -1 -1 -3.7480 34.2904 175.2623 76.0952 265.6987 1.5803 0.4376 0.4155 -9.8580 1.4891 12.6201 -4.3971 0.0015
Pedestrian -1 -1 -2.7170 121.9924 173.3046 162.7396 265.0884 1.6057 0.4682 0.4547 -8.3072 1.4802 12.6338 -3.2853 0.0014
Pedestrian -1 -1 -4.5156 984.8154 156.1401 1024.5649 238.1328 1.5583 0.6050 0.4362 7.7532 1.0957 13.7995 -4.0117 0.0014
Cyclist -1 -1 -8.4890 945.9887 151.9094 1036.4368 246.5645 1.7225 0.5397 1.8538 7.4480 1.2026 13.8234 -8.0026 0.0014
Cyclist -1 -1 -8.3427 965.2762 156.9711 1030.0935 239.9688 1.5771 0.4908 1.4652 7.7894 1.1304 14.1693 -7.8477 0.0013
Cyclist -1 -1 -7.4098 0.4286 171.6755 49.4436 235.1870 1.4976 0.3247 1.4662 -14.3103 1.2899 17.4234 -8.0866 0.0013
Cyclist -1 -1 -8.4941 928.6869 157.5353 1006.9882 241.7624 1.6350 0.5326 1.6690 7.4003 1.1896 14.5934 -8.0318 0.0013
Pedestrian -1 -1 -3.4074 459.6024 158.8749 533.6469 306.3463 1.7841 0.4405 0.8377 -1.4228 1.5229 8.9249 -3.5583 0.0012
Pedestrian -1 -1 -4.3954 277.0161 199.2478 308.9676 272.2363 1.1442 0.3839 0.3326 -5.0593 1.4507 11.3612 -4.8022 0.0012
Cyclist -1 -1 -7.1339 8.5630 173.6130 70.5303 234.2524 1.4331 0.3429 1.4065 -13.9448 1.2707 17.4220 -7.7981 0.0012
Car -1 -1 -4.3386 563.0511 162.7460 625.8306 198.7907 1.5714 1.6823 3.6821 -0.4493 0.7976 32.8448 -4.3503 0.0012
Cyclist -1 -1 -7.6090 242.2174 180.8177 312.0381 289.7029 1.5159 0.5025 1.9115 -5.0262 1.5216 10.8345 -8.0305 0.0011
Pedestrian -1 -1 -6.8276 3.4169 169.6311 46.0522 236.6377 1.5727 0.6413 0.5393 -13.9558 1.3180 16.9584 -7.5051 0.0011
Car -1 -1 -2.6459 0.0000 183.7708 54.9590 218.2885 1.4734 1.7063 3.4946 -27.0676 1.6253 31.5988 -3.3476 0.0011
Pedestrian -1 -1 -8.1457 845.3271 159.0164 881.3450 229.1677 1.7400 0.7438 0.4760 6.4535 1.2075 17.7947 -7.8017 0.0011
Car -1 -1 -7.7350 644.9407 164.6384 697.8621 206.6077 1.6611 1.7885 3.8986 2.8634 1.0336 30.0798 -7.6393 0.0011
Car -1 -1 -7.8502 577.1755 161.6761 599.1011 187.6526 1.8574 1.5678 4.3256 -1.2435 0.5115 52.7333 -7.8719 0.0009
Cyclist -1 -1 -8.4484 968.7109 149.2524 1056.9514 245.3508 1.7427 0.5369 1.8279 7.8321 1.1764 13.7557 -7.9390 0.0009
Car -1 -1 -5.4348 0.0000 182.2603 111.5106 228.2804 1.5805 1.4915 3.4910 -19.9140 1.6467 25.4293 -6.0914 0.0009
Cyclist -1 -1 -8.4767 941.2156 154.3102 1021.7114 241.5388 1.6366 0.5479 1.6450 7.4271 1.1456 14.1190 -7.9999 0.0008
Car -1 -1 -7.4420 494.6276 166.1770 593.5723 218.9996 1.4728 1.5967 3.9066 -1.8050 1.0738 21.8213 -7.5214 0.0007
Pedestrian -1 -1 -3.5489 646.1834 175.4148 697.2191 300.0385 1.8107 0.3902 0.6574 0.9424 1.7372 10.5611 -3.4611 0.0007
Car -1 -1 -5.5136 0.0000 181.9136 108.8666 228.2298 1.5773 1.4455 3.4718 -19.7790 1.6295 25.0416 -6.1742 0.0006
Cyclist -1 -1 -7.3153 0.0000 177.0759 46.7893 241.8457 1.4921 0.4425 1.6126 -14.3126 1.4136 17.1185 -8.0007 0.0004
Car -1 -1 -4.7954 653.6675 166.6554 706.9275 206.5098 1.5100 1.8065 4.1825 2.9709 0.9857 28.8980 -4.6923 0.0004
Pedestrian -1 -1 -6.8306 0.0000 169.7737 22.7292 242.2069 1.6752 0.5177 0.5626 -14.2835 1.4275 16.7019 -7.5269 0.0004
Pedestrian -1 -1 -6.3529 0.0000 164.1762 28.2600 237.7126 1.7222 0.6652 0.5252 -14.2633 1.3402 16.9808 -7.0405 0.0003
Cyclist -1 -1 -7.4409 558.9236 183.2016 601.4630 244.0166 1.3325 0.3514 1.6553 -0.5976 1.3987 16.3995 -7.4749 0.0002
Cyclist -1 -1 -7.7337 602.3817 171.4678 626.5663 249.3161 1.6713 0.3272 1.9221 0.1886 1.4778 16.1541 -7.7206 0.0002
Pedestrian -1 -1 -3.9580 541.4857 174.9323 579.9077 246.6254 1.5948 0.6458 0.5929 -1.0558 1.4713 16.1625 -4.0203 0.0001
Cyclist -1 -1 -7.3305 570.3977 173.9088 623.5220 248.2059 1.6122 0.3356 1.8597 -0.2009 1.4695 16.2352 -7.3409 0.0001
Cyclist -1 -1 -7.4288 559.2732 177.2783 601.9584 243.1728 1.4338 0.3486 1.5992 -0.5817 1.3640 16.1902 -7.4622 0.0001
Cyclist -1 -1 -7.6292 545.2739 177.3005 576.1326 243.0327 1.4303 0.3863 1.4646 -1.0398 1.3610 16.1388 -7.6905 0.0000
