Car -1 -1 -8.1267 738.0725 180.6905 960.5165 323.4682 1.4849 1.6404 4.2458 2.8871 1.6148 9.8624 -7.8511 0.9999
Car -1 -1 -5.7698 121.1445 178.6608 370.7651 280.8728 1.6050 1.5766 3.4852 -6.1517 1.7110 12.3194 -6.2248 0.9990
Car -1 -1 -2.9674 392.4960 178.1677 508.7623 216.5253 1.4531 1.5960 4.2657 -6.2606 1.6690 28.4640 -3.1824 0.9977
Car -1 -1 -7.9629 681.6465 173.3087 741.6349 221.7027 1.5418 1.6350 3.6286 3.3781 1.5583 24.8555 -7.8301 0.9973
Car -1 -1 -2.3979 0.0000 194.4352 267.4470 371.6274 1.4723 1.5972 4.2057 -5.9240 1.7149 7.1725 -3.0703 0.9954
Car -1 -1 -7.9517 674.0338 172.1363 722.2617 212.9935 1.5935 1.6162 3.7087 3.5600 1.5652 30.0109 -7.8354 0.9875
Car -1 -1 -2.8699 436.5636 175.4980 527.0472 209.5525 1.5570 1.6683 3.9149 -6.0716 1.6857 34.1677 -3.0449 0.9611
Car -1 -1 -5.9017 340.6330 177.0963 496.5538 231.6565 1.5420 1.6028 4.2225 -5.7255 1.6750 21.6154 -6.1582 0.9477
Car -1 -1 -2.9360 472.4984 173.9815 543.4871 206.1956 1.6808 1.6189 3.5075 -5.4664 1.7423 38.6342 -3.0761 0.9411
Car -1 -1 -5.6940 0.0000 188.0896 311.6718 314.6302 1.5137 1.6294 4.2078 -6.4932 1.7352 9.6681 -6.2731 0.9362
Car -1 -1 -7.9387 674.8506 171.7565 723.0727 212.7036 1.5917 1.6509 3.8004 3.5874 1.5488 29.9742 -7.8213 0.9021
Car -1 -1 -5.7499 119.1802 177.5992 367.9632 282.8951 1.6491 1.5028 3.4970 -6.1741 1.7352 12.2597 -6.2083 0.8798
Car -1 -1 -5.7036 0.0000 187.8976 305.4254 313.6494 1.5132 1.5358 4.0064 -6.4519 1.7300 9.6393 -6.2811 0.8776
Car -1 -1 -2.7845 438.3541 175.8503 529.1542 209.4281 1.5327 1.6574 3.9227 -6.0172 1.6798 34.3185 -2.9572 0.8693
Car -1 -1 -7.8120 665.1580 175.4939 693.4622 201.2414 1.4685 1.5549 3.4526 4.1591 1.6334 43.3416 -7.7174 0.8313
Car -1 -1 -5.7463 109.2804 179.2960 370.3955 280.3105 1.5788 1.6174 3.6704 -6.2657 1.6972 12.3426 -6.2078 0.8252
Car -1 -1 -5.6648 0.0000 185.2961 301.8960 309.0719 1.4861 1.6359 3.9958 -6.5572 1.6691 9.7356 -6.2453 0.8152
Car -1 -1 -8.3972 535.0815 176.3590 579.2387 197.4041 1.4364 1.5409 3.5541 -3.8528 1.6968 51.7747 -8.4715 0.7625
Car -1 -1 -7.9800 673.2486 172.0736 724.7676 212.9330 1.5810 1.6326 3.7474 3.5654 1.5505 29.7995 -7.8626 0.7429
Car -1 -1 -7.8275 664.8365 174.7139 692.4617 200.9450 1.5003 1.5640 4.1511 4.1627 1.6183 43.7288 -7.7337 0.7280
Car -1 -1 -3.0995 457.6959 177.8671 544.3018 208.0353 1.4512 1.6526 4.1913 -5.4451 1.7090 36.1019 -3.2486 0.7136
Car -1 -1 -5.8870 346.9022 177.0600 496.4904 231.1438 1.5197 1.5553 4.0246 -5.6091 1.6509 21.4964 -6.1398 0.6975
Car -1 -1 -2.9892 468.3329 174.6569 542.7997 205.6655 1.6162 1.6257 3.7326 -5.5748 1.7142 38.5329 -3.1324 0.6893
Car -1 -1 -2.3651 494.4478 177.9823 562.2729 204.0746 1.4203 1.5656 3.9339 -4.7965 1.7303 41.8220 -2.4791 0.6864
Car -1 -1 -7.7402 664.9125 175.4237 698.5463 201.3756 1.4762 1.5987 3.8282 4.3272 1.6381 43.4867 -7.6422 0.6732
Car -1 -1 -2.4872 0.0000 193.2944 260.5246 371.4200 1.4947 1.5266 4.0931 -5.8939 1.7172 7.0520 -3.1650 0.6731
Car -1 -1 -5.9145 349.9802 178.6200 497.9689 231.5585 1.4948 1.6424 3.9765 -5.5725 1.6759 21.6545 -6.1640 0.6590
Car -1 -1 -2.7494 440.5006 175.1896 528.4993 208.7650 1.5338 1.6149 3.7967 -5.9901 1.6486 34.3326 -2.9212 0.6392
Car -1 -1 -7.8875 664.2460 175.3573 692.2629 201.4499 1.4933 1.5500 3.5503 4.0401 1.6500 43.4590 -7.7959 0.6352
Car -1 -1 -2.4029 490.7499 178.3464 561.4506 204.5138 1.4166 1.6123 4.0113 -4.9048 1.7472 41.6491 -2.5198 0.6307
Car -1 -1 -3.1671 456.8834 176.7686 543.1014 208.1523 1.4975 1.6561 4.1467 -5.5146 1.6984 35.9036 -3.3189 0.5829
Car -1 -1 -2.9029 437.6351 175.2835 526.9487 208.9184 1.5366 1.6598 3.8681 -6.0251 1.6542 34.0532 -3.0771 0.5186
Car -1 -1 -8.3161 541.3613 176.3346 580.3154 197.2382 1.4247 1.5169 3.1697 -3.5669 1.6814 51.5116 -8.3852 0.4859
Car -1 -1 -2.4086 488.2654 178.2194 560.6060 204.9094 1.4461 1.6449 4.1012 -5.0062 1.7696 41.6913 -2.5278 0.4173
Car -1 -1 -2.9687 433.5694 175.4085 525.4614 209.6212 1.5654 1.6660 4.0319 -6.1330 1.6883 33.9813 -3.1463 0.4134
Car -1 -1 -8.3414 535.0831 175.4217 580.7340 196.8573 1.4677 1.5737 4.0309 -3.8280 1.6602 52.0383 -8.4149 0.3616
Car -1 -1 -8.3065 539.5389 175.9466 580.6762 197.3269 1.4641 1.5494 3.5534 -3.6516 1.6945 51.8937 -8.3768 0.3345
Car -1 -1 -2.5305 483.7589 178.4741 560.6503 204.8225 1.4278 1.6363 4.2179 -5.1060 1.7644 41.5427 -2.6524 0.3065
Pedestrian -1 -1 -4.2707 729.8192 162.8404 747.6918 199.8690 1.9238 0.5750 0.9587 6.7527 1.4033 38.0445 -4.0968 0.2830
Pedestrian -1 -1 -4.5477 733.7619 162.8548 748.4249 199.1148 1.8906 0.6211 0.9331 6.8987 1.3690 38.1657 -4.3706 0.2771
Car -1 -1 -2.8983 454.9155 177.5909 545.5245 208.4362 1.4980 1.6437 4.2446 -5.5344 1.7432 36.3690 -3.0487 0.2629
Car -1 -1 -4.8873 520.1261 175.2402 559.4606 203.3332 1.5438 1.5898 4.1169 -4.1927 1.6904 42.2204 -4.9861 0.2610
Car -1 -1 -8.0680 523.0605 173.6066 558.4321 198.7707 1.6411 1.6546 3.6571 -4.7878 1.6941 49.1684 -8.1649 0.2400
Car -1 -1 -8.0238 655.8276 175.0909 691.3149 201.0112 1.4840 1.5267 3.6421 3.7551 1.6244 43.5133 -7.9388 0.2357
Car -1 -1 -5.2663 501.9931 176.6241 561.9694 203.6749 1.4733 1.6005 3.9904 -4.6160 1.7029 41.9373 -5.3757 0.2132
Car -1 -1 -2.9268 498.5673 172.5472 562.8204 198.6348 1.7211 1.6497 4.0472 -5.3512 1.7006 48.6366 -3.0361 0.2074
Car -1 -1 -6.1677 545.1310 173.3547 591.8005 190.7791 1.5973 1.5793 4.1800 -3.8624 1.6442 67.1055 -6.2253 0.2044
Car -1 -1 -2.7346 482.5537 177.8792 560.3203 204.3916 1.4449 1.6366 4.0941 -5.0825 1.7410 41.1988 -2.8570 0.2036
Car -1 -1 -2.0853 0.0000 200.1669 48.1358 374.0000 1.5068 1.6278 3.9595 -6.2111 1.7288 4.7435 -2.9764 0.2000
Car -1 -1 -3.1072 503.6216 172.9569 559.8516 199.1906 1.7241 1.6135 3.6873 -5.2459 1.7308 48.3659 -3.2150 0.1860
Pedestrian -1 -1 -4.6422 732.4836 162.2420 744.9565 199.0531 1.9192 0.5866 0.9551 6.7707 1.3656 38.1519 -4.4683 0.1743
Car -1 -1 -3.1714 431.1188 175.0586 523.6754 209.9159 1.5635 1.6521 4.1606 -6.2446 1.6702 33.7660 -3.3533 0.1702
Car -1 -1 -5.1888 513.5375 176.5341 566.3255 203.4986 1.4674 1.5137 3.6846 -4.1332 1.6900 41.7569 -5.2873 0.1685
Car -1 -1 -3.1602 694.3178 171.4788 757.6257 195.4204 1.6398 1.6735 4.3075 8.0614 1.5453 50.5457 -3.0033 0.1677
Car -1 -1 -6.6103 720.4439 170.2483 800.8842 197.5173 1.5252 1.6813 4.2051 8.5869 1.3792 41.4527 -6.4078 0.1636
Car -1 -1 -3.1135 476.9078 177.3996 557.3865 204.8859 1.4994 1.6718 4.4192 -5.2469 1.7625 40.7603 -3.2411 0.1545
Car -1 -1 -6.4769 723.7727 170.4151 802.2412 197.2588 1.4999 1.6574 4.1339 8.6468 1.3633 41.1690 -6.2717 0.1480
Car -1 -1 -8.0996 519.7596 174.1526 556.7909 199.3592 1.6418 1.6327 3.8127 -4.9698 1.7340 49.2811 -8.2000 0.1388
Car -1 -1 -6.3116 726.5098 169.7678 803.5432 197.6922 1.5359 1.6698 4.1833 8.6985 1.3659 40.8819 -6.1038 0.1386
Car -1 -1 -5.0617 513.9901 175.9911 562.0201 203.5218 1.5067 1.5469 3.8688 -4.2780 1.6982 42.0404 -5.1629 0.1305
Car -1 -1 -7.9812 525.0421 173.6310 556.9681 198.9826 1.6569 1.6642 4.1081 -4.8034 1.7122 49.4789 -8.0779 0.1279
Car -1 -1 -2.4415 0.0000 181.9298 48.0616 374.0000 1.5917 1.6660 3.9870 -6.0729 1.6604 4.2077 -3.3762 0.1253
Car -1 -1 -2.1953 0.0000 196.1437 47.7565 374.0000 1.5459 1.6538 3.9699 -6.1651 1.7196 4.4954 -3.1075 0.1236
Pedestrian -1 -1 -4.3437 767.2954 168.1379 785.9130 212.9119 1.7582 0.5824 0.4979 6.5833 1.5727 28.7021 -4.1210 0.1165
Car -1 -1 -2.9141 504.6174 173.4864 563.2058 198.9279 1.6766 1.6171 3.6570 -5.1369 1.7199 48.6273 -3.0192 0.1138
Car -1 -1 -8.0515 509.8604 176.4866 557.8461 205.5057 1.5301 1.9224 4.1178 -4.4051 1.7468 40.8602 -8.1586 0.1112
Car -1 -1 -7.7577 501.7164 173.9744 539.7467 205.2572 1.6210 1.7281 3.4827 -4.8512 1.6844 39.2786 -7.8802 0.1028
Car -1 -1 -8.0158 526.4708 173.6392 559.7817 198.5037 1.6261 1.6561 3.9147 -4.6515 1.6818 49.4225 -8.1095 0.0940
Car -1 -1 -7.6834 501.6489 173.5131 545.5905 205.7119 1.6746 1.7438 3.9972 -4.7255 1.7124 39.6512 -7.8017 0.0932
Car -1 -1 -3.0247 538.0375 172.3128 585.2240 190.7783 1.6951 1.6736 4.2178 -4.5004 1.6451 67.1752 -3.0917 0.0918
Car -1 -1 -3.0295 537.5085 171.0262 585.8184 190.1956 1.7654 1.7204 4.3387 -4.5111 1.5967 67.4065 -3.0964 0.0697
Car -1 -1 -3.4860 0.0000 188.5738 46.2627 374.0000 1.5669 1.6014 3.7847 -5.4297 1.6899 3.6234 -4.4338 0.0650
Car -1 -1 -6.6947 882.1799 167.7480 975.8422 205.9814 1.6166 1.6185 3.3489 13.7524 1.4004 31.3209 -6.2848 0.0645
Car -1 -1 -3.0842 689.5927 170.7584 756.1680 194.9443 1.6572 1.7511 4.5380 7.9293 1.5133 50.7713 -2.9305 0.0621
Car -1 -1 -7.9603 530.7867 173.0831 560.6315 198.2540 1.6511 1.6445 3.6838 -4.4617 1.6671 49.3324 -8.0504 0.0606
Car -1 -1 -3.0459 541.0386 172.3873 588.6053 190.9191 1.7049 1.6292 4.2907 -4.2084 1.6617 67.2669 -3.1084 0.0566
Car -1 -1 -3.1909 502.9856 173.0036 559.7798 199.1999 1.7105 1.5540 3.6966 -5.3016 1.7204 48.1849 -3.3003 0.0549
Car -1 -1 -7.9681 722.6848 168.3636 753.6034 192.4039 1.6465 1.7093 4.0512 9.0694 1.3387 51.4901 -7.7951 0.0502
Car -1 -1 -4.4810 730.0383 169.1100 765.7646 192.8598 1.6210 1.6256 4.0331 9.8344 1.3652 51.4212 -4.2934 0.0481
Car -1 -1 -7.8410 729.1466 168.6567 753.8157 192.5447 1.6343 1.6656 3.9935 9.3696 1.3468 51.4816 -7.6623 0.0352
Car -1 -1 -7.4620 487.7374 175.3302 549.7435 206.7800 1.6239 1.8230 4.5228 -5.0211 1.7694 40.0599 -7.5863 0.0328
Car -1 -1 -4.9770 519.4529 175.2458 562.6761 203.0972 1.5300 1.5169 3.9767 -4.1093 1.6764 42.1312 -5.0741 0.0296
Car -1 -1 -4.7792 528.3113 175.4852 559.1115 203.1691 1.5240 1.5254 3.9338 -3.9501 1.6850 42.1767 -4.8724 0.0293
Car -1 -1 -7.2265 164.3346 172.5751 313.4199 240.3149 1.6268 1.5702 3.8573 -9.8240 1.6198 19.3586 -7.6909 0.0273
Car -1 -1 -6.1955 694.2425 168.7356 749.7451 189.5338 1.4903 1.4955 3.9067 8.1902 1.1949 52.8943 -6.0430 0.0268
Car -1 -1 -7.5249 163.0810 171.7399 281.8535 240.6911 1.6476 1.6707 3.6247 -10.1837 1.6207 19.1608 -8.0080 0.0188
Car -1 -1 -7.6803 484.3398 176.1084 529.3409 209.0893 1.5082 1.5848 3.5120 -5.0090 1.6743 35.1269 -7.8214 0.0163
Car -1 -1 -8.1256 714.7689 172.7738 759.9577 199.4341 1.4903 1.6010 3.9365 7.3845 1.4856 42.3733 -7.9547 0.0139
Car -1 -1 -8.2993 704.2722 173.4867 758.1843 200.1664 1.4856 1.5969 3.8710 7.0192 1.5243 42.3572 -8.1366 0.0136
Car -1 -1 -6.6566 882.8892 168.3780 989.0015 206.9330 1.6204 1.5362 3.8850 13.9784 1.4320 31.1780 -6.2390 0.0131
Car -1 -1 -4.4675 0.0000 177.2116 36.9778 204.8387 1.6708 1.4943 3.9113 -38.3602 1.9632 46.3809 -5.1558 0.0128
Car -1 -1 -4.2641 0.0000 177.5078 48.4785 204.5981 1.6394 1.4839 3.9478 -38.0902 1.9523 46.4754 -4.9480 0.0115
Car -1 -1 -4.4396 0.0000 176.5536 33.8797 204.7813 1.7038 1.6164 3.9628 -38.6006 1.9517 46.2517 -5.1324 0.0101
Car -1 -1 -7.8221 532.7380 172.5827 559.5733 198.1903 1.6917 1.7145 4.1636 -4.3980 1.6734 49.7923 -7.9101 0.0095
Car -1 -1 -4.7741 545.3141 173.3028 571.2527 195.7338 1.6866 1.7328 4.8989 -4.1472 1.7233 56.8986 -4.8469 0.0090
Car -1 -1 -6.6481 513.9039 174.5916 606.2383 208.6148 1.6448 1.7029 4.3717 -2.5731 1.7371 36.7485 -6.7180 0.0075
Car -1 -1 -8.4728 694.7179 174.4127 757.8706 201.1867 1.4832 1.6553 3.9687 6.7304 1.5790 42.3652 -8.3168 0.0069
Pedestrian -1 -1 -5.9472 97.5587 162.5472 113.6781 217.1188 1.9013 0.5201 0.3104 -17.8203 1.5419 25.4306 -6.5536 0.0059
Car -1 -1 -7.6356 497.5645 173.2380 548.0046 206.2303 1.7192 1.8773 4.3103 -4.7876 1.7413 39.8889 -7.7548 0.0058
Car -1 -1 -4.6470 543.2263 171.5362 568.9862 196.4029 1.8628 1.6906 5.0327 -4.2082 1.7637 56.5739 -4.7213 0.0025
