Pedestrian -1 -1 -5.5280 0.0000 149.4087 143.2222 337.8603 1.8773 0.7232 1.0902 -5.7093 1.5680 7.4702 -6.1585 0.9359
Pedestrian -1 -1 -5.4305 1.9537 150.6829 147.7707 337.9581 1.8624 0.7174 1.0712 -5.6566 1.5663 7.5023 -6.0546 0.7664
Pedestrian -1 -1 -3.6103 826.5486 161.0586 863.1080 255.3317 1.6335 0.4534 0.4544 4.1898 1.2970 12.5094 -3.2930 0.0185
Cyclist -1 -1 -7.8037 774.3377 170.9234 803.9390 252.5410 1.4208 0.4677 1.4659 3.3712 1.2544 13.0773 -7.5554 0.0076
Car -1 -1 -1.9965 0.0000 167.3762 52.4574 369.0000 1.6205 1.6623 4.0698 -7.1006 1.5351 6.0309 -2.8355 0.0064
Car -1 -1 -3.4667 0.0000 179.1892 16.5793 226.6132 1.4727 1.6376 3.8904 -22.7985 1.4323 24.0579 -4.2169 0.0060
Car -1 -1 -3.7012 0.0000 184.9752 22.5140 228.9806 1.3734 1.4769 3.5048 -22.4898 1.5396 24.3360 -4.4389 0.0055
Car -1 -1 -3.9831 0.0000 180.4307 15.8510 227.1873 1.4174 1.5216 4.0808 -22.0402 1.4156 23.4866 -4.7282 0.0055
Car -1 -1 -7.0018 0.0000 174.0998 101.7199 225.8097 1.5769 1.7975 4.1383 -19.5221 1.3820 23.7549 -7.6813 0.0054
Pedestrian -1 -1 -4.1901 298.6000 199.3197 334.8086 271.3421 1.1254 0.3878 0.4079 -4.6929 1.4353 11.3980 -4.5691 0.0049
Car -1 -1 -6.8151 0.0000 177.6982 108.2134 226.6319 1.5159 1.6247 3.7315 -19.2977 1.4294 23.9371 -7.4854 0.0049
Car -1 -1 -3.7730 0.0000 177.9022 19.0170 226.0897 1.4585 1.5963 4.2137 -22.3776 1.3801 23.6194 -4.5229 0.0048
Car -1 -1 -3.9952 0.0000 177.7577 66.8999 226.6957 1.4238 1.6595 3.9793 -19.5698 1.3443 22.5706 -4.7007 0.0047
Car -1 -1 -6.7637 0.0000 178.3993 114.4363 226.3837 1.5192 1.5655 3.6481 -19.3343 1.4529 24.3692 -7.4263 0.0043
Car -1 -1 -8.9685 0.0000 0.0000 1223.0000 369.0000 1.6016 1.6059 3.6094 3.8517 1.5433 1.1681 -7.7656 0.0043
Pedestrian -1 -1 -4.2525 759.5396 182.9772 792.9533 254.4931 1.2498 0.4322 0.4438 3.0251 1.2957 12.6860 -4.0221 0.0042
Car -1 -1 -1.9007 0.0000 176.4169 0.0000 369.0000 1.4867 1.6267 3.9987 -7.7328 1.4625 5.7049 -2.8075 0.0042
Pedestrian -1 -1 -4.1983 275.7095 191.7579 314.4667 271.1562 1.2398 0.4017 0.4453 -5.0208 1.4249 11.3532 -4.6026 0.0040
Cyclist -1 -1 -7.6454 243.2547 173.0967 308.7851 287.0531 1.5836 0.4914 1.9786 -5.0492 1.4811 10.8445 -8.0682 0.0040
Car -1 -1 -4.1804 461.2070 160.3178 588.9214 226.7787 1.7625 1.8401 4.2984 -2.2793 1.2276 21.0879 -4.2847 0.0038
Car -1 -1 -8.9851 0.0000 0.0000 1223.0000 369.0000 1.5894 1.6154 3.5862 4.2000 1.5236 1.2336 -7.7678 0.0037
Car -1 -1 -5.7363 0.0000 179.0124 116.6520 220.4742 1.3969 1.5661 3.6807 -19.5862 1.3470 24.8071 -6.3967 0.0037
Car -1 -1 -8.9549 0.0000 0.0000 1223.0000 369.0000 1.5708 1.5660 3.5201 3.4390 1.5329 1.1396 -7.7848 0.0036
Cyclist -1 -1 -7.8220 236.0658 177.9491 276.3061 285.1559 1.5028 0.4771 1.7953 -5.3668 1.4674 10.8288 -8.2687 0.0035
Car -1 -1 -8.9126 0.0000 0.0000 1223.0000 369.0000 1.5755 1.5849 3.5299 3.0667 1.5367 1.1137 -7.7784 0.0034
Car -1 -1 -4.1193 0.0000 180.3148 13.6943 227.0984 1.4096 1.4959 3.8598 -21.6818 1.4044 23.3231 -4.8597 0.0033
Car -1 -1 -6.5116 0.0000 0.0000 1223.0000 369.0000 1.5687 1.6171 3.6778 -4.2405 1.6587 0.9624 -7.7863 0.0030
Car -1 -1 -1.7155 0.0000 162.0359 0.0000 369.0000 1.4802 1.6546 3.9337 -6.5394 1.4164 4.0564 -2.6941 0.0030
Car -1 -1 -9.0340 0.0000 0.0000 1223.0000 369.0000 1.5035 1.6109 3.8285 2.6118 1.5826 0.4024 -7.7328 0.0030
Car -1 -1 -6.5108 0.0000 0.0000 1223.0000 369.0000 1.5320 1.5807 3.5695 -5.0084 1.6611 1.2770 -7.7707 0.0030
Car -1 -1 -9.0757 0.0000 0.0000 1223.0000 369.0000 1.5454 1.6179 3.6553 4.5565 1.5197 1.0117 -7.7884 0.0030
Car -1 -1 -6.4859 0.0000 0.0000 1223.0000 369.0000 1.5467 1.5905 3.6499 -5.8151 1.6967 1.3789 -7.7704 0.0030
Car -1 -1 -6.4862 0.0000 0.0000 1223.0000 369.0000 1.5377 1.5816 3.5747 -5.4153 1.6646 1.2598 -7.7710 0.0030
Car -1 -1 -8.8963 0.0000 0.0000 1223.0000 369.0000 1.5567 1.6051 3.6181 2.2654 1.5353 0.8002 -7.7843 0.0030
Car -1 -1 -9.0647 0.0000 0.0000 1223.0000 369.0000 1.5458 1.6042 3.8646 3.0654 1.5829 0.4217 -7.7309 0.0030
Car -1 -1 -9.0902 0.0000 0.0000 1223.0000 369.0000 1.6083 1.6141 3.6957 4.9846 1.5309 1.0449 -7.7858 0.0030
Car -1 -1 -9.0836 0.0000 0.0000 1223.0000 369.0000 1.5120 1.6095 3.8360 3.4049 1.5584 0.4428 -7.7326 0.0030
Car -1 -1 -8.8535 0.0000 0.0000 1223.0000 369.0000 1.5547 1.5733 3.5075 2.6779 1.5238 1.1067 -7.7716 0.0030
Car -1 -1 -3.9962 0.0000 178.7683 34.3014 229.4589 1.5248 1.5578 4.0267 -21.2168 1.4730 23.2926 -4.7265 0.0030
Car -1 -1 -4.1739 0.0000 181.0143 33.2225 369.0000 1.6590 1.6640 4.5054 -6.9825 1.6655 5.9965 -5.0075 0.0029
Car -1 -1 -3.9503 0.0000 175.6466 79.2708 227.7316 1.5157 1.6882 4.0536 -19.3135 1.3748 22.6533 -4.6476 0.0028
Car -1 -1 -7.5042 0.0000 177.0021 100.5413 228.8751 1.5545 1.6106 3.8829 -18.3151 1.4499 23.2822 -8.1624 0.0025
Cyclist -1 -1 -7.4815 230.0463 177.8239 308.8007 285.6553 1.4915 0.4935 1.6277 -5.0388 1.4549 10.6063 -7.9117 0.0024
Car -1 -1 -4.0086 463.5504 161.4094 594.3641 224.2099 1.7146 1.7971 3.9655 -2.2396 1.1937 21.4471 -4.1093 0.0024
Car -1 -1 -7.3422 0.0000 176.3685 120.0096 228.1407 1.5485 1.6695 4.0004 -17.9655 1.4253 23.2442 -7.9918 0.0024
Cyclist -1 -1 -7.2191 225.9530 164.2944 299.6553 265.3715 1.7295 0.4323 1.4315 -6.2291 1.4526 12.8425 -7.6592 0.0024
Car -1 -1 -5.6754 0.0000 179.6375 117.0376 226.7830 1.6029 1.5872 4.0032 -19.8233 1.5738 24.9429 -6.3390 0.0023
Car -1 -1 -7.0088 0.0000 180.9423 110.2763 226.7617 1.4223 1.4822 3.6541 -18.9890 1.4387 23.9162 -7.6716 0.0022
Car -1 -1 -7.4583 0.0000 172.5878 80.7669 225.4920 1.6227 1.7664 4.5488 -19.9200 1.3803 24.1186 -8.1404 0.0022
Pedestrian -1 -1 -7.8314 857.3113 176.8779 885.6974 238.2554 1.4793 0.6444 0.4504 6.5057 1.3923 17.3686 -7.4773 0.0021
Pedestrian -1 -1 -8.3448 841.8490 177.0078 876.9464 232.4248 1.3466 0.6768 0.4617 6.2359 1.2621 17.4606 -8.0058 0.0021
Pedestrian -1 -1 -3.1260 682.0055 160.6486 701.8979 238.4504 1.9216 0.4773 0.4885 2.1414 1.4317 17.7330 -3.0062 0.0020
Pedestrian -1 -1 -6.8617 1210.2047 151.4558 1223.0000 214.9142 1.6118 0.5225 0.3389 15.9467 0.8744 18.2405 -6.1502 0.0019
Car -1 -1 -7.0107 0.0000 175.2755 110.2812 228.7864 1.6069 1.7536 4.4319 -19.1803 1.4503 23.5634 -7.6855 0.0018
Car -1 -1 -7.9009 576.5195 160.6846 602.9199 188.6234 1.9908 1.7626 4.3237 -1.1722 0.5789 52.5969 -7.9212 0.0016
Pedestrian -1 -1 -8.3452 838.8228 174.4353 872.3717 230.1297 1.3801 0.6596 0.4522 6.2617 1.2302 17.7959 -8.0107 0.0015
Car -1 -1 -5.7095 0.0000 176.8742 117.9020 227.0091 1.6644 1.7526 4.6338 -19.9401 1.5443 24.5761 -6.3831 0.0014
Cyclist -1 -1 -7.6989 600.9612 178.7054 625.6667 246.2094 1.4852 0.3224 1.6646 0.1634 1.4461 16.4038 -7.6874 0.0014
Pedestrian -1 -1 -3.7183 1198.6816 155.1010 1223.0000 215.2972 1.5561 0.5015 0.3193 15.8853 0.8999 18.5465 -3.0168 0.0014
Car -1 -1 -7.3774 0.0000 174.7822 111.0751 225.5028 1.5646 1.6235 3.8745 -18.5889 1.3885 23.8600 -8.0310 0.0013
Cyclist -1 -1 -7.5353 282.6137 168.2158 335.1016 253.3690 1.5674 0.5052 1.4455 -5.7798 1.3417 13.7530 -7.9230 0.0013
Car -1 -1 -5.0065 0.0000 182.8993 85.5368 232.4614 1.5992 1.6027 4.3187 -20.1299 1.6903 24.8832 -5.6788 0.0013
Car -1 -1 -5.3179 0.0000 188.3101 109.1327 229.8964 1.4074 1.4968 3.6363 -20.1059 1.7052 25.6690 -5.9748 0.0013
Cyclist -1 -1 -8.0311 565.7314 182.5191 594.2311 238.0005 1.2954 0.4266 1.5734 -0.6718 1.3477 17.3817 -8.0672 0.0012
Pedestrian -1 -1 -4.4152 963.5220 155.1636 1007.6492 241.9576 1.6450 0.6395 0.5139 7.3844 1.1652 13.8081 -3.9319 0.0010
Pedestrian -1 -1 -6.9996 1218.4081 153.9908 1223.0000 216.9363 1.6008 0.5279 0.3094 16.1722 0.9270 18.2459 -6.2813 0.0010
Cyclist -1 -1 -7.8968 959.5333 153.7812 992.5486 241.3913 1.6530 0.4952 1.6947 7.3924 1.1492 14.2139 -7.4246 0.0010
Pedestrian -1 -1 -8.8101 827.4228 164.8243 857.1559 227.5371 1.5092 0.5559 0.4562 5.7848 1.1323 17.3637 -8.4922 0.0009
Cyclist -1 -1 -7.2011 0.0000 175.9299 36.8738 226.0248 1.5237 0.5404 1.5446 -18.8115 1.3850 22.2877 -7.8933 0.0008
Car -1 -1 -6.9961 0.0000 173.1399 119.8494 228.3626 1.6821 1.7359 4.1493 -18.8562 1.4582 23.7410 -7.6590 0.0008
Car -1 -1 -7.2914 0.0000 167.7820 100.7591 218.3415 1.5272 1.7645 3.9479 -18.8631 1.1434 23.4146 -7.9611 0.0008
Car -1 -1 -5.1602 0.0000 186.3152 102.3619 233.4116 1.5508 1.5894 4.2505 -20.1435 1.7731 25.3445 -5.8240 0.0007
Pedestrian -1 -1 -6.9612 1209.6372 150.8542 1223.0000 214.0199 1.6329 0.5129 0.3368 16.1976 0.8668 18.5395 -6.2499 0.0007
Pedestrian -1 -1 -5.0054 778.9060 154.8443 808.5630 222.5244 1.6741 0.6239 0.4110 4.6804 1.0398 17.7057 -4.7495 0.0006
Car -1 -1 -5.4037 0.0000 185.2135 114.5630 230.7045 1.5425 1.5459 3.7994 -19.8986 1.7198 25.3903 -6.0607 0.0006
Pedestrian -1 -1 -8.1828 846.8765 170.4845 882.2589 234.4583 1.5873 0.7161 0.4829 6.4832 1.3391 17.7901 -7.8374 0.0006
Pedestrian -1 -1 -4.7629 786.4485 150.1282 816.8824 222.2743 1.7829 0.7124 0.4451 4.8939 1.0327 17.7669 -4.4968 0.0005
Car -1 -1 -8.0720 652.7526 149.7533 694.8074 180.6062 1.7356 1.6805 3.8232 3.9998 0.0061 41.7739 -7.9752 0.0004
Cyclist -1 -1 -8.0503 962.7313 151.3057 1016.1694 245.8846 1.7049 0.5327 1.8683 7.3748 1.1790 13.7169 -7.5648 0.0004
Cyclist -1 -1 -8.0215 600.6297 173.0018 625.9485 239.0365 1.4419 0.3338 1.4772 0.1336 1.2785 16.1939 -8.0116 0.0004
Car -1 -1 -8.3906 629.7684 146.7857 689.0699 178.2387 1.7519 1.7185 3.9476 3.1519 -0.1406 41.8425 -8.3139 0.0004
Car -1 -1 -8.2549 640.5054 148.2442 691.7065 180.1954 1.7939 1.6717 3.7695 3.5455 -0.0188 41.7881 -8.1689 0.0003
Car -1 -1 -8.3454 783.7462 161.4359 883.9426 224.5248 1.6040 1.5166 2.6831 6.1675 1.1196 19.4349 -8.0410 0.0003
Cyclist -1 -1 -8.1698 611.6608 167.8013 649.8876 242.8564 1.6333 0.3773 1.6495 0.5281 1.3573 16.2312 -8.1362 0.0003
Cyclist -1 -1 -7.9086 841.0181 164.3433 866.1913 249.1627 1.7441 0.4120 1.6482 5.3506 1.4122 15.3877 -7.5787 0.0002
Cyclist -1 -1 -7.7933 547.6244 173.9486 573.4352 240.2671 1.5106 0.5060 1.9142 -1.0982 1.3617 17.0620 -7.8546 0.0002
Cyclist -1 -1 -7.8007 566.5259 179.8735 589.4484 242.7806 1.4244 0.4463 1.9920 -0.6764 1.4105 17.0089 -7.8379 0.0002
Cyclist -1 -1 -7.6423 579.6733 181.4060 611.0027 244.1544 1.4135 0.3753 1.8200 -0.2545 1.4366 16.8825 -7.6554 0.0002
Cyclist -1 -1 -7.5616 563.9261 181.1822 596.5383 240.9480 1.3206 0.3479 1.4684 -0.6024 1.3375 16.3947 -7.5958 0.0002
Pedestrian -1 -1 -3.8768 547.0854 180.1244 579.0929 243.9311 1.4640 0.5020 0.5573 -1.0265 1.4557 16.5975 -3.9357 0.0002
Cyclist -1 -1 -7.4353 573.7961 177.9847 615.5132 246.5195 1.5143 0.3251 1.6586 -0.2634 1.4591 16.4488 -7.4493 0.0001
Cyclist -1 -1 -8.0153 842.5747 167.6406 875.8180 252.6594 1.7117 0.3768 1.7465 5.3726 1.4531 15.1277 -7.6790 0.0001
Pedestrian -1 -1 -4.0664 581.6706 185.5267 607.1922 239.2673 1.2304 0.4301 0.4215 -0.2897 1.3505 16.5410 -4.0818 0.0001
Cyclist -1 -1 -7.6356 546.9285 179.0558 576.6282 238.1471 1.3062 0.3596 1.5586 -1.0320 1.2746 16.4274 -7.6953 0.0001
Cyclist -1 -1 -6.0464 537.9282 169.4636 617.4922 241.5513 1.6434 0.4871 1.7952 -0.6779 1.3922 16.5348 -6.0848 0.0001
Cyclist -1 -1 -8.1223 822.6199 164.7811 864.3353 252.4233 1.7650 0.4166 1.6033 5.0070 1.4488 15.0497 -7.8058 0.0001
Pedestrian -1 -1 -3.9537 560.8110 181.2965 595.8408 242.8746 1.4087 0.5783 0.5843 -0.6685 1.4282 16.5954 -3.9915 0.0001
Cyclist -1 -1 -7.3662 536.6752 175.3132 588.1936 246.0378 1.5242 0.3340 1.8761 -0.9880 1.4127 16.1596 -7.4243 0.0001
Cyclist -1 -1 -7.6922 583.9000 175.0003 609.2276 238.3408 1.3818 0.3300 1.5997 -0.2237 1.2622 16.2406 -7.7039 0.0000
Cyclist -1 -1 -7.5678 563.5511 175.4847 596.4778 239.4320 1.3886 0.3363 1.5188 -0.5976 1.2800 16.1304 -7.6023 0.0000
