Car -1 -1 -3.8435 398.7182 180.2883 452.3769 200.7974 1.5315 1.5697 4.1026 -14.6936 2.1461 57.5489 -4.0927 0.8045
Car -1 -1 -3.2652 471.7836 176.3484 521.2613 192.3322 1.4918 1.6358 4.5318 -10.9353 1.8343 69.3705 -3.4212 0.7303
Car -1 -1 -3.8466 397.3833 179.6001 446.6042 199.8598 1.5173 1.6838 3.5298 -14.9117 2.0703 57.2501 -4.1006 0.5628
Pedestrian -1 -1 -3.7837 180.3896 183.5139 197.7258 209.9904 1.8493 0.4136 1.0224 -30.0086 2.6164 51.3930 -4.3102 0.5472
Car -1 -1 -3.9429 397.0747 179.9329 451.4187 200.4866 1.5357 1.7154 4.2847 -14.8458 2.1247 57.7722 -4.1937 0.5322
Pedestrian -1 -1 -3.4673 181.1237 183.2886 198.4675 209.7267 1.8548 0.3940 0.9969 -30.0334 2.6069 51.5231 -3.9931 0.5287
Pedestrian -1 -1 -6.6144 1192.4227 170.2845 1241.0000 347.4915 1.6307 0.4995 0.4834 5.9553 1.6067 6.9579 -5.9280 0.5036
Car -1 -1 -3.2681 478.6205 175.8083 526.6908 192.3983 1.5564 1.6488 4.4119 -10.3776 1.8467 69.5792 -3.4159 0.4809
Pedestrian -1 -1 -3.5408 179.8455 183.4843 197.2021 209.6904 1.8368 0.4163 0.9859 -30.1175 2.6030 51.5120 -4.0679 0.4292
Car -1 -1 -3.2463 471.3713 175.9691 517.1459 191.9695 1.4945 1.5582 4.1944 -11.1268 1.7986 69.2002 -3.4055 0.3847
Car -1 -1 -3.8426 397.9210 178.6007 451.0469 199.5379 1.5679 1.6476 3.9532 -14.7098 2.0404 57.2680 -4.0932 0.3621
Pedestrian -1 -1 -6.6444 1202.7628 161.3594 1241.0000 342.5186 1.6581 0.5351 0.5084 6.0722 1.5526 6.9404 -5.9472 0.3403
Car -1 -1 -3.3771 486.9077 176.2827 532.7083 192.5937 1.5293 1.5895 4.1300 -9.7078 1.8677 69.7732 -3.5151 0.2035
Car -1 -1 -3.2289 473.3303 175.5788 519.8391 192.0626 1.5493 1.6027 4.3044 -10.9591 1.8165 69.5420 -3.3849 0.1834
Car -1 -1 -4.2573 410.4236 179.3362 452.5690 199.5827 1.5293 1.6137 4.2005 -14.3568 2.0713 58.1466 -4.4987 0.1825
Car -1 -1 -4.4382 409.9250 180.0009 445.8068 200.0728 1.5161 1.7244 4.2179 -14.6534 2.1129 58.1500 -4.6843 0.1687
Car -1 -1 -3.4136 488.4623 176.0055 536.7455 192.4912 1.5481 1.7185 4.3422 -9.4704 1.8609 70.0325 -3.5479 0.1482
Car -1 -1 -4.2361 471.1169 175.2673 504.6414 192.3497 1.5957 1.5686 3.9676 -11.8509 1.8371 70.1319 -4.4031 0.1200
Car -1 -1 -5.5314 1015.2870 182.6963 1101.7971 213.0437 1.4810 1.6355 3.8399 23.8725 2.0357 38.6215 -4.9816 0.0733
Car -1 -1 -4.6920 555.0026 176.8046 572.2262 193.6339 1.4866 1.5116 3.7303 -4.2756 1.8610 66.5253 -4.7563 0.0659
Car -1 -1 -3.3821 526.4590 177.2230 572.1090 193.7706 1.4467 1.6067 3.8365 -5.5118 1.8494 65.1791 -3.4665 0.0638
Car -1 -1 -3.3605 524.7520 177.6564 570.3983 194.1697 1.4385 1.5829 3.8418 -5.6484 1.8795 64.9626 -3.4473 0.0608
Car -1 -1 -4.8285 549.9542 176.8302 571.4018 193.8046 1.4951 1.5362 3.8121 -4.5938 1.8724 66.5119 -4.8975 0.0586
Car -1 -1 -5.1939 1011.9231 182.9084 1078.4015 212.8790 1.4990 1.6387 3.4856 23.4431 2.0680 39.0707 -4.6573 0.0574
Car -1 -1 -5.3003 1015.9756 182.4529 1092.4012 212.9158 1.4900 1.6250 3.7818 23.5198 2.0265 38.4279 -4.7550 0.0531
Car -1 -1 -4.9816 543.8453 176.7240 571.6511 193.5112 1.4750 1.5709 3.8926 -4.8647 1.8424 66.4609 -5.0548 0.0490
Car -1 -1 -4.6031 503.6648 177.5758 527.5262 196.6134 1.4957 1.5442 3.8507 -7.7903 1.8980 59.5898 -4.7328 0.0422
Car -1 -1 -7.2377 1198.0186 146.9371 1241.0000 355.8317 1.6080 1.6468 3.9869 7.8706 1.4082 6.5761 -6.3851 0.0401
Car -1 -1 -4.1388 486.1846 176.4120 541.2194 199.2476 1.5213 1.7549 4.4130 -6.7992 1.7850 51.1763 -4.2706 0.0385
Car -1 -1 -4.1198 472.9333 175.3251 510.0497 192.0236 1.5564 1.5597 4.0517 -11.4875 1.8035 70.0608 -4.2820 0.0376
Car -1 -1 -7.4058 1197.3010 146.3901 1241.0000 356.8076 1.6131 1.6592 4.0535 7.9178 1.4099 6.9065 -6.5736 0.0372
Car -1 -1 -5.2814 1012.3167 182.3649 1087.9277 213.2103 1.5396 1.6106 3.9666 23.8040 2.0832 39.2553 -4.7401 0.0364
Car -1 -1 -4.8796 498.0325 178.4808 523.7434 197.0321 1.4436 1.4880 3.7548 -8.2107 1.9220 59.3819 -5.0168 0.0353
Car -1 -1 -4.3692 470.3624 175.2655 499.9532 192.5278 1.6167 1.5854 4.0031 -12.1403 1.8583 70.2722 -4.5399 0.0332
Car -1 -1 -7.0261 1188.1008 143.5615 1241.0000 369.7008 1.6232 1.6797 4.1690 7.8133 1.4127 6.2783 -6.1552 0.0318
Car -1 -1 -4.3957 502.7928 177.7758 535.4759 196.4914 1.4623 1.5555 3.8394 -7.4769 1.8816 59.4788 -4.5206 0.0314
Car -1 -1 -4.8810 1012.4765 180.6314 1059.3071 210.8739 1.5558 1.6135 3.7955 23.6469 2.0115 40.2392 -4.3534 0.0289
Car -1 -1 -4.9115 616.4963 176.5360 640.9255 192.7158 1.5306 1.6578 3.9519 1.7998 1.9048 71.2979 -4.8868 0.0280
Car -1 -1 -4.2348 503.2680 177.4126 542.1243 196.4853 1.4887 1.5834 3.8504 -7.1713 1.8768 59.3944 -4.3548 0.0270
Car -1 -1 -4.8580 613.3978 175.5055 636.6479 191.5327 1.5226 1.7289 4.0044 1.4363 1.7921 71.3329 -4.8383 0.0268
Car -1 -1 -4.6576 1021.0188 180.8636 1059.4233 210.5698 1.5335 1.6541 3.8938 24.1102 2.0053 40.4470 -4.1238 0.0259
Car -1 -1 -7.4708 290.9938 182.1275 340.7221 210.9174 1.5411 1.4622 3.4368 -16.8755 2.0957 41.4509 -7.8555 0.0247
Car -1 -1 -5.1490 1014.8299 182.8638 1081.6760 214.2316 1.5345 1.5960 3.7392 23.2419 2.0949 38.4771 -4.6095 0.0240
Car -1 -1 -4.8347 1011.7838 180.6481 1054.8662 210.7371 1.5607 1.6163 3.7917 23.6944 2.0207 40.5546 -4.3096 0.0240
Car -1 -1 -4.9339 607.8656 175.5643 633.5663 191.7372 1.5351 1.7091 3.9410 1.0090 1.8105 71.2958 -4.9202 0.0236
Car -1 -1 -7.5009 286.1502 182.6051 337.6211 211.1916 1.5208 1.5603 3.6660 -17.1227 2.1067 41.5143 -7.8901 0.0225
Car -1 -1 -4.9613 515.7058 176.2267 542.7443 193.5486 1.5054 1.5473 3.8072 -7.3897 1.8211 65.5604 -5.0734 0.0206
Car -1 -1 -4.2157 486.5862 175.8976 534.3349 198.5301 1.5139 1.6616 3.9473 -7.0123 1.7376 50.9785 -4.3520 0.0191
Car -1 -1 -5.0252 540.8733 176.9783 570.2468 193.7580 1.4654 1.5627 3.8774 -5.0418 1.8550 66.1306 -5.1013 0.0183
Car -1 -1 -4.0991 485.4137 176.0476 536.9465 198.5578 1.4995 1.6543 3.8917 -6.9365 1.7333 50.7712 -4.2345 0.0182
Car -1 -1 -7.5379 278.8856 182.3572 331.4973 211.7171 1.5486 1.6623 3.8233 -17.4150 2.1183 41.3072 -7.9349 0.0181
Car -1 -1 -4.5297 469.6305 175.7347 493.6876 192.7166 1.5915 1.5964 4.0725 -12.4994 1.8802 70.3543 -4.7051 0.0179
Car -1 -1 -4.7779 523.4980 176.1358 543.2441 193.4550 1.5078 1.5341 3.8145 -7.0116 1.8149 65.5875 -4.8843 0.0177
Car -1 -1 -7.8208 282.0359 181.9487 317.7845 211.5074 1.5412 1.7337 4.1311 -17.7043 2.0889 41.2385 -8.2243 0.0165
Car -1 -1 -5.0080 603.8088 175.1515 631.0212 190.7255 1.4838 1.6293 3.8814 0.6850 1.7177 71.4547 -4.9988 0.0160
Car -1 -1 -5.0622 510.2169 176.2433 542.2045 193.7715 1.5175 1.5991 4.0157 -7.6550 1.8348 65.4545 -5.1785 0.0148
Car -1 -1 -7.4994 279.9335 182.4077 337.2964 211.1177 1.5162 1.6600 4.3141 -17.3875 2.0976 41.7472 -7.8921 0.0148
Car -1 -1 -6.6865 1209.3801 145.1810 1241.0000 374.0000 1.5735 1.6504 4.1396 7.7330 1.4104 5.9440 -5.7950 0.0147
Car -1 -1 -4.5800 480.8740 175.6595 510.3587 199.6844 1.6272 1.5796 3.8079 -8.1146 1.8336 51.2402 -4.7367 0.0130
Car -1 -1 -7.9867 273.9335 181.2463 317.7438 210.1341 1.5095 1.7561 4.2100 -18.0472 2.0155 41.2702 -8.3969 0.0129
Car -1 -1 -4.3267 487.5991 176.0738 532.6093 198.4353 1.5007 1.6914 4.2682 -7.0829 1.7397 51.3559 -4.4634 0.0113
Car -1 -1 -4.7046 1018.9080 180.7192 1053.0548 210.6495 1.5533 1.5879 4.0343 23.9937 2.0200 40.7088 -4.1756 0.0107
Car -1 -1 -4.5297 1093.9940 189.0617 1167.1958 233.7415 1.5934 1.7076 4.1284 21.1134 2.2965 29.2666 -3.9102 0.0100
Car -1 -1 -4.5142 485.7039 175.6995 518.1115 199.3731 1.5980 1.5397 3.8745 -7.6513 1.8072 51.1520 -4.6623 0.0097
Car -1 -1 -4.1241 1014.2471 181.5564 1088.5530 210.7992 1.5189 1.6383 3.8910 24.4224 2.0197 39.9770 -3.5794 0.0085
Car -1 -1 -4.1663 483.4206 176.0275 531.1481 198.9328 1.5267 1.6213 3.7238 -7.2009 1.7583 50.6872 -4.3070 0.0073
Car -1 -1 -4.6917 373.3454 180.3977 395.5639 202.6960 1.5253 1.4700 3.6815 -16.4612 2.0962 52.6619 -4.9935 0.0073
Car -1 -1 -5.0369 352.4575 180.3935 391.6646 202.4053 1.4897 1.5498 3.8400 -17.2744 2.0558 52.2037 -5.3553 0.0072
Car -1 -1 -4.7387 368.4531 180.6708 391.7546 202.2414 1.4647 1.5157 3.7723 -16.7813 2.0551 52.4966 -5.0469 0.0068
Car -1 -1 -5.1949 597.4243 175.2002 629.2587 190.8536 1.4915 1.6163 3.6906 0.2840 1.7298 71.3617 -5.1913 0.0067
Car -1 -1 -4.9358 358.4469 180.6911 392.8997 202.7788 1.4936 1.5547 3.8761 -17.0508 2.0839 52.3164 -5.2497 0.0063
Car -1 -1 -5.3278 592.4476 174.5461 625.9889 189.2858 1.4082 1.6343 3.4193 -0.1172 1.5793 71.2299 -5.3298 0.0060
Car -1 -1 -5.1620 345.6445 181.4898 389.4147 202.3384 1.4026 1.5222 3.7180 -17.5105 2.0462 51.9447 -5.4859 0.0058
Car -1 -1 -4.0679 327.1845 180.0304 389.7939 204.4292 1.5395 1.6573 4.5186 -17.1506 2.0539 49.3460 -4.4011 0.0055
Car -1 -1 -4.5655 473.1388 178.4100 503.8058 202.8082 1.5611 1.4922 3.9681 -8.2555 1.9541 49.0756 -4.7317 0.0053
Car -1 -1 -4.4266 487.7998 175.8717 525.5288 198.5870 1.5257 1.6010 3.9275 -7.2971 1.7476 51.0690 -4.5682 0.0053
Car -1 -1 -4.7030 124.1680 179.7151 147.4861 198.7536 1.4688 1.5537 3.6949 -38.8097 2.0489 59.0630 -5.2825 0.0052
Car -1 -1 -4.5133 472.0086 175.7398 505.2704 199.6320 1.6153 1.5756 3.9760 -8.6110 1.8281 51.2810 -4.6792 0.0052
Car -1 -1 -4.2756 322.2274 179.3594 375.8318 202.0463 1.4420 1.7103 4.5017 -17.8599 1.9091 49.5133 -4.6204 0.0047
Car -1 -1 -4.2415 124.6546 179.6847 168.9035 198.9957 1.5032 1.5349 3.7416 -38.1469 2.0842 59.4719 -4.8100 0.0042
Car -1 -1 -4.1878 333.3321 179.1750 389.9280 205.8655 1.6946 1.6701 4.3954 -16.8988 2.1458 49.2265 -4.5172 0.0041
Car -1 -1 -4.6451 1236.9231 178.1570 1241.0000 204.4073 1.5658 1.7153 4.1276 41.2204 1.9181 45.9266 -3.9172 0.0040
Car -1 -1 -4.5382 332.3709 180.6400 368.4319 203.3468 1.4327 1.6427 3.9485 -17.6243 1.9841 49.0408 -4.8818 0.0036
Car -1 -1 -7.8258 332.4689 179.7222 359.6670 203.5582 1.5008 1.6117 4.2026 -17.9042 1.9881 48.9742 -8.1748 0.0034
Car -1 -1 -4.0711 362.3050 178.1144 410.9591 197.4720 1.4681 1.6593 4.0289 -17.9521 1.9071 58.0802 -4.3699 0.0034
Car -1 -1 -8.0410 321.8566 180.0904 358.3840 204.1644 1.5057 1.5622 4.1387 -18.2485 2.0147 48.6092 -8.3986 0.0031
Car -1 -1 -7.9345 327.0417 179.2563 357.7113 203.0703 1.5009 1.6173 4.1932 -18.2118 1.9546 48.9242 -8.2894 0.0031
Car -1 -1 -3.9287 321.4107 178.2383 389.6854 201.5073 1.4954 1.6967 4.6076 -17.5637 1.8860 49.9443 -4.2655 0.0031
Car -1 -1 -4.1087 358.8669 178.2833 405.1720 196.9587 1.4180 1.6289 3.8996 -18.3360 1.8708 58.1123 -4.4133 0.0030
Car -1 -1 -4.3701 330.9984 180.2932 375.7216 202.5710 1.4184 1.6081 4.0569 -17.5138 1.9476 49.3262 -4.7099 0.0030
Car -1 -1 -4.3736 346.1057 179.3068 387.7898 204.1162 1.5914 1.5034 3.8316 -16.5550 2.0485 49.2138 -4.6968 0.0028
Car -1 -1 -4.1232 328.4954 177.6109 388.9986 201.8181 1.5560 1.6538 4.6118 -17.2812 1.9000 49.7796 -4.4560 0.0022
Car -1 -1 -4.2405 338.9344 176.8897 389.8090 203.0526 1.7006 1.5920 4.1790 -16.9016 1.9909 49.7576 -4.5667 0.0021
Cyclist -1 -1 -2.3672 360.3576 177.5677 388.2727 204.7450 1.8932 0.7994 1.8577 -16.7886 2.2331 51.3000 -2.6823 0.0018
Car -1 -1 -4.5005 333.8700 180.5374 370.4097 204.7411 1.5257 1.5641 3.7531 -17.3834 2.0648 48.6901 -4.8420 0.0017
Car -1 -1 -4.3301 473.9727 176.6589 518.4505 202.1932 1.6300 1.4554 4.3822 -7.7057 1.9004 49.0431 -4.4855 0.0012
Car -1 -1 -4.3282 481.7933 175.9777 522.7426 198.9055 1.5182 1.3893 4.1315 -7.5248 1.7460 50.5388 -4.4757 0.0011
Car -1 -1 -4.2977 91.8458 190.3419 147.2946 215.8889 1.5010 1.6056 3.7714 -31.9907 2.6915 47.1298 -4.8917 0.0005
Car -1 -1 -4.2096 192.3403 185.4536 242.5125 210.0543 1.8718 1.8217 4.1758 -32.1302 2.9408 59.1394 -4.7057 0.0004
Car -1 -1 -4.1370 82.5009 189.4317 144.9745 215.8705 1.5504 1.6175 3.5788 -31.8611 2.6575 46.3889 -4.7363 0.0002
