Car -1 -1 -3.4618 929.2955 175.9907 1002.7849 199.2372 1.4487 1.6001 3.9226 22.7611 1.6543 46.3042 -3.0078 0.9733
Car -1 -1 -4.2484 78.0146 199.5740 142.5307 231.0020 1.4676 1.4711 3.3629 -26.5996 2.9571 38.4644 -4.8505 0.9339
Car -1 -1 -3.4542 929.6583 175.2806 999.1893 198.9015 1.4726 1.6413 3.6723 22.6429 1.6315 46.2703 -3.0020 0.8002
Car -1 -1 -5.7764 129.4802 189.9926 356.2521 258.3394 1.3741 1.6141 4.1930 -8.0107 1.7720 15.8602 -6.2378 0.7958
Car -1 -1 -3.4516 927.9509 175.9535 1004.5748 198.8479 1.4270 1.6559 4.1051 22.8121 1.6308 46.3895 -2.9975 0.7067
Car -1 -1 -4.2166 75.8793 198.8680 143.0175 230.9031 1.4986 1.5213 3.3305 -26.5357 2.9422 38.3114 -4.8194 0.6705
Car -1 -1 -4.3558 74.5903 198.6698 136.3600 231.6067 1.5272 1.6025 3.3365 -26.6120 2.9555 38.1142 -4.9623 0.6558
Car -1 -1 -4.2544 75.2280 200.2868 141.8974 231.3312 1.4367 1.5263 3.4895 -26.6922 2.9690 38.4749 -4.8580 0.6319
Car -1 -1 -5.6614 132.9864 188.8424 357.6185 259.1027 1.3937 1.6584 4.2934 -8.0680 1.7738 16.0046 -6.1221 0.5986
Car -1 -1 -6.6072 931.3870 173.6445 1010.3142 197.8509 1.5093 1.6325 4.2127 22.9879 1.5608 46.1528 -6.1480 0.4825
Car -1 -1 -5.8414 121.1908 190.7531 354.6868 258.0968 1.3491 1.5502 4.2743 -8.0243 1.7592 15.7187 -6.3070 0.4235
Car -1 -1 -4.7726 242.0491 187.2810 335.4579 262.5789 1.4201 1.7216 4.5037 -7.6885 1.8060 16.9201 -5.1937 0.3118
Car -1 -1 -5.3585 161.2619 187.4240 354.3699 261.1015 1.4213 1.6307 4.3621 -8.0520 1.7851 16.3167 -5.8109 0.1880
Car -1 -1 -4.9111 213.1165 187.3202 334.5509 263.6031 1.4310 1.6807 4.5350 -7.9620 1.8129 16.7389 -5.3493 0.1463
Car -1 -1 -4.6276 240.1692 187.3653 338.4401 259.4314 1.3701 1.7102 4.3956 -7.4568 1.7595 17.0215 -5.0352 0.1412
Car -1 -1 -4.5739 239.2441 188.0092 345.6893 260.1786 1.3761 1.7001 3.9607 -7.2828 1.7733 16.7885 -4.9779 0.1343
Car -1 -1 -2.6272 192.8181 191.9547 394.0032 259.1770 1.3289 1.5950 3.7443 -6.9134 1.7738 15.8243 -3.0334 0.1256
Pedestrian -1 -1 -7.7448 811.4611 176.2710 828.0388 211.0265 1.6525 0.7186 0.4947 10.0600 1.8185 34.7435 -7.4658 0.1077
Car -1 -1 -5.3220 72.6273 200.8528 141.9860 231.6296 1.4715 1.6503 2.8919 -26.5689 2.9992 38.0983 -5.9279 0.0933
Car -1 -1 -4.6939 1151.6473 176.4423 1181.4200 199.1955 1.5924 1.6795 4.0371 41.0749 1.8675 53.2632 -4.0400 0.0881
Car -1 -1 -4.6450 1154.2324 176.5561 1187.8633 199.6757 1.6021 1.6856 4.0405 40.9976 1.8830 52.7351 -3.9873 0.0792
Car -1 -1 -7.5858 1152.7379 177.3309 1199.0312 200.0371 1.5711 1.7059 3.8325 41.1415 1.9078 52.4775 -6.9240 0.0577
Car -1 -1 -4.6677 204.8634 187.1125 295.1462 258.3819 1.3449 1.6470 3.8014 -8.1628 1.7119 16.5161 -5.1207 0.0547
Car -1 -1 -4.5323 243.7476 186.5701 357.7963 259.1385 1.3886 1.6630 4.4301 -7.1661 1.7565 17.0319 -4.9255 0.0546
Car -1 -1 -4.7361 1148.4944 176.3639 1179.0114 197.5144 1.4993 1.6991 4.0005 41.3446 1.7718 53.9683 -4.0854 0.0524
Pedestrian -1 -1 -5.0792 1148.9519 176.4493 1163.2783 200.9944 1.7451 0.5544 0.8418 39.2620 2.0059 51.9203 -4.4349 0.0318
Car -1 -1 -2.1669 30.1000 199.1028 134.6465 239.0828 1.6413 1.6860 4.4448 -24.3165 2.9051 33.1997 -2.7955 0.0144
Pedestrian -1 -1 -6.6355 913.8796 171.2143 932.5383 214.7881 1.7647 0.6067 0.5208 12.7738 1.6980 29.5381 -6.2315 0.0140
Car -1 -1 -4.8019 1210.6798 176.6264 1241.0000 199.6013 1.4458 1.7156 4.1036 41.4877 1.7093 48.2883 -4.0955 0.0137
Pedestrian -1 -1 -6.6854 146.4001 179.5264 160.0890 205.8867 1.9538 0.6856 0.6529 -34.3250 2.4588 54.1785 -7.2482 0.0133
Car -1 -1 -7.1288 265.4466 177.6237 307.5500 194.9387 1.6356 1.6081 3.9183 -31.9964 2.1214 71.4293 -7.5488 0.0132
Car -1 -1 -7.5974 1164.5404 175.5883 1211.8958 199.3135 1.6247 1.7085 3.9702 41.4282 1.8274 51.7143 -6.9251 0.0131
Pedestrian -1 -1 -3.7425 911.9186 174.1963 930.1948 212.7213 1.5788 0.5841 0.4416 12.8523 1.6347 29.9216 -3.3408 0.0121
Pedestrian -1 -1 -6.9887 913.2311 172.4811 934.2139 213.3729 1.6723 0.6200 0.5174 12.9448 1.6567 29.8803 -6.5839 0.0118
Car -1 -1 -4.7763 1226.8688 174.3696 1241.0000 199.0219 1.5228 1.7516 4.0462 41.4132 1.6256 46.9700 -4.0571 0.0116
Car -1 -1 -4.8023 1218.0032 175.1238 1241.0000 200.7160 1.5891 1.7446 4.2788 41.3033 1.7451 47.4480 -4.0894 0.0114
Car -1 -1 -4.4171 434.6089 176.9368 471.2000 195.8366 1.4663 1.7245 4.4108 -12.8670 1.8139 59.2264 -4.6304 0.0113
Car -1 -1 -4.3368 238.0251 185.7217 385.4963 258.8020 1.4114 1.6475 4.4113 -6.8202 1.7523 16.9207 -4.7150 0.0111
Car -1 -1 -4.5952 1232.5043 172.9240 1241.0000 197.2396 1.5056 1.6919 3.8924 41.6269 1.5101 46.6160 -3.8697 0.0111
Car -1 -1 -4.4334 435.9545 182.8553 481.0797 206.4410 1.3192 1.6043 4.2559 -9.2897 1.9644 44.3885 -4.6390 0.0110
Pedestrian -1 -1 -7.5105 814.5198 175.3927 831.3044 210.2958 1.6579 0.6542 0.4734 10.2021 1.7811 34.7128 -7.2275 0.0109
Car -1 -1 -5.0311 719.0856 181.4045 777.6965 216.2086 1.4497 1.5693 3.5468 6.1878 1.8605 32.8312 -4.8470 0.0107
Car -1 -1 -4.5938 1240.2244 171.3051 1241.0000 194.1620 1.4021 1.6207 3.6999 41.6128 1.3068 46.0913 -3.8628 0.0097
Car -1 -1 -6.9694 266.7750 176.5881 314.0644 194.4843 1.6933 1.6774 4.1589 -31.6102 2.0742 71.4357 -7.3848 0.0096
Car -1 -1 -4.5329 741.1096 176.7822 768.1729 195.7892 1.4739 1.5324 3.6969 11.7835 1.8045 58.7784 -4.3364 0.0095
Pedestrian -1 -1 -4.1975 916.9562 171.8280 939.8687 213.0858 1.6643 0.6627 0.5734 12.9919 1.6226 29.5435 -3.7874 0.0087
Car -1 -1 -4.6952 740.3792 177.1536 759.9444 195.8720 1.4536 1.5111 3.6108 11.4250 1.8154 58.8374 -4.5047 0.0086
Car -1 -1 -4.6408 712.5042 171.5507 734.6486 190.2274 1.5603 1.6268 3.8058 9.8104 1.4511 62.3145 -4.4857 0.0082
Car -1 -1 -5.0533 741.0121 180.5105 810.3546 217.3445 1.4615 1.6956 3.9991 7.1194 1.8185 31.5848 -4.8342 0.0079
Car -1 -1 -4.8674 718.0882 178.8719 769.0518 213.4708 1.4503 1.7042 3.7018 5.9573 1.7389 32.7653 -4.6897 0.0076
Car -1 -1 -4.6746 1176.4994 174.9861 1209.8091 197.4187 1.5163 1.7043 3.9399 41.3776 1.6734 51.2083 -3.9981 0.0057
Car -1 -1 -4.4416 433.2996 182.0238 478.9765 205.4635 1.2915 1.6392 4.1643 -9.2583 1.8717 43.5509 -4.6502 0.0055
Car -1 -1 -4.3772 712.1362 171.5425 744.4803 189.4887 1.4942 1.6145 3.7296 10.1860 1.3847 62.0984 -4.2157 0.0053
Car -1 -1 -4.8748 724.7765 180.6289 772.5977 213.0913 1.3523 1.5522 3.5829 6.1893 1.7242 32.7317 -4.6901 0.0049
Car -1 -1 -4.1218 431.7113 180.8592 496.1242 206.7860 1.4630 1.7023 4.4605 -8.9821 1.9837 44.5747 -4.3199 0.0048
Car -1 -1 -4.7765 1205.3605 175.7765 1241.0000 199.6200 1.5287 1.7359 4.0632 41.6114 1.7354 48.9381 -4.0751 0.0047
Car -1 -1 -4.2938 435.8017 181.9499 490.3681 205.7852 1.3239 1.6810 4.2460 -8.9338 1.9074 44.0540 -4.4931 0.0046
Car -1 -1 -7.0754 273.5319 177.4591 316.8950 194.7705 1.6390 1.6007 3.9931 -31.2125 2.1095 71.6099 -7.4853 0.0044
Car -1 -1 -4.8860 707.0238 171.6198 733.0446 190.3786 1.5721 1.5819 3.8044 9.4563 1.4683 62.3890 -4.7366 0.0043
Pedestrian -1 -1 -3.4920 907.0774 170.8292 926.6212 211.9900 1.7034 0.7272 0.5334 12.8098 1.6193 30.2362 -3.0953 0.0043
Car -1 -1 -5.1451 774.0668 171.8376 814.7518 194.7090 1.6734 1.6319 3.5704 13.9050 1.5987 54.6956 -4.8978 0.0043
Car -1 -1 -5.1129 785.6110 172.6177 826.7154 194.1605 1.5761 1.6844 3.7139 14.8053 1.5585 54.7438 -4.8504 0.0041
Car -1 -1 -5.0494 780.1738 172.1906 816.8770 194.2407 1.6161 1.6358 3.4389 14.2128 1.5672 54.6665 -4.7967 0.0041
Car -1 -1 -4.1069 432.9596 181.1883 497.8064 205.9757 1.3613 1.6606 4.3325 -8.6804 1.8903 43.5030 -4.3031 0.0040
Car -1 -1 -4.3210 431.0592 181.9379 485.8516 206.1467 1.3153 1.7006 4.2789 -9.0266 1.8868 43.1587 -4.5264 0.0040
Pedestrian -1 -1 -5.5888 1198.0509 180.9941 1223.0251 225.3743 1.4016 0.4815 0.4004 19.1910 1.6649 23.1186 -4.9027 0.0040
Car -1 -1 -5.1056 699.2619 171.8029 733.3922 190.0499 1.5269 1.5901 3.7682 9.1328 1.4387 62.4001 -4.9612 0.0040
Car -1 -1 -4.7072 1241.0000 172.4335 1241.0000 196.7066 1.4392 1.6264 3.8592 41.4267 1.4140 44.7490 -3.9638 0.0039
Car -1 -1 -5.3746 686.9568 171.2780 729.6704 190.1675 1.5749 1.5622 3.9254 8.4189 1.4432 62.2471 -5.2411 0.0038
Car -1 -1 -5.1161 693.8897 171.4146 728.1976 190.2393 1.5752 1.5448 3.8485 8.6803 1.4545 62.4373 -4.9789 0.0037
Car -1 -1 -4.5451 713.7998 176.5643 769.9300 213.4253 1.4979 1.8078 4.0341 5.8617 1.6733 31.9686 -4.3660 0.0036
Car -1 -1 -5.1620 724.3456 181.6282 790.8669 216.1919 1.4111 1.5024 3.5719 6.5043 1.8275 32.3490 -4.9659 0.0036
Car -1 -1 -4.7749 414.2982 179.4486 435.4916 196.1127 1.4400 1.6387 3.9121 -17.0124 2.0635 66.1373 -5.0260 0.0036
Car -1 -1 -5.2765 722.7935 177.6975 809.2271 215.1496 1.4929 1.6969 4.2041 6.6927 1.7201 31.6145 -5.0703 0.0036
Car -1 -1 -4.6750 79.6419 187.7418 107.8049 208.3551 1.4928 1.6684 4.0708 -41.1486 2.7240 57.5296 -5.2938 0.0034
Car -1 -1 -5.1410 716.2169 175.1740 790.0224 214.2192 1.6090 1.7353 3.9013 6.2350 1.7186 32.0841 -4.9513 0.0034
Car -1 -1 -4.6599 73.9496 187.2368 103.5636 208.0219 1.5003 1.6892 3.9630 -41.2655 2.6814 57.1448 -5.2833 0.0033
Car -1 -1 -4.7548 1199.7405 174.4580 1235.5677 197.3407 1.4933 1.6939 3.9658 41.5779 1.6076 49.4697 -4.0591 0.0030
Car -1 -1 -3.4603 0.0000 0.0000 1241.0000 374.0000 1.5680 1.6023 3.7982 -5.4487 1.6870 1.8310 -4.6610 0.0030
Car -1 -1 -3.4819 0.0000 0.0000 1241.0000 374.0000 1.5724 1.6019 3.7917 -5.0436 1.6780 1.7968 -4.6617 0.0030
Car -1 -1 -4.7420 1195.5873 175.4630 1230.4818 198.2122 1.4916 1.7160 3.9728 41.6093 1.6793 49.8846 -4.0500 0.0030
Car -1 -1 -4.1436 131.3694 193.5100 214.7309 230.7852 1.7181 1.6963 4.2645 -22.8097 2.8617 37.8023 -4.6837 0.0029
Car -1 -1 -5.0968 769.8308 172.6901 807.8474 193.9531 1.5533 1.6094 3.4324 13.4433 1.5410 54.5225 -4.8567 0.0029
Car -1 -1 -5.0382 691.5254 170.2849 726.8050 190.7370 1.6999 1.7253 4.2824 8.4820 1.4860 62.2368 -4.9037 0.0029
Car -1 -1 -5.2672 683.3437 170.7345 727.3995 190.2442 1.6154 1.7552 4.2845 8.1299 1.4396 62.0574 -5.1379 0.0026
Car -1 -1 -4.4533 407.3573 176.2831 441.0141 199.1598 1.8046 1.7349 3.9383 -15.2997 2.0965 59.4876 -4.7043 0.0025
Car -1 -1 -4.8661 673.1571 174.8306 710.2574 200.9769 1.5048 1.5911 4.3299 4.8990 1.6312 44.0564 -4.7566 0.0025
Car -1 -1 -4.8655 724.4948 176.1195 786.0364 213.7294 1.5063 1.9462 4.5094 6.2189 1.6594 31.5877 -4.6734 0.0018
Cyclist -1 -1 -8.1176 808.2518 172.0629 834.4728 216.7191 1.5383 0.4533 1.7240 7.4722 1.5107 25.7205 -7.8385 0.0016
Pedestrian -1 -1 -5.1244 1204.9242 178.1735 1231.6926 224.5396 1.4621 0.5167 0.4496 19.4268 1.6343 23.1062 -4.4320 0.0016
Car -1 -1 -7.8810 400.6340 173.6654 424.9602 197.9766 1.9253 1.8183 4.5461 -16.3862 1.9949 59.7428 -8.1479 0.0014
Cyclist -1 -1 -8.1134 913.5109 173.6523 934.1232 210.9451 1.5202 0.4569 1.3275 13.0516 1.5540 30.1318 -7.7087 0.0014
Car -1 -1 -5.2463 726.7771 178.9234 816.0791 215.5932 1.4177 1.7416 4.3714 6.7861 1.6982 31.0227 -5.0335 0.0013
Cyclist -1 -1 -8.3210 1203.4802 173.7376 1241.0000 222.2902 1.4951 0.5171 1.3042 19.4928 1.5238 22.9381 -7.6234 0.0007
Car -1 -1 -7.9642 397.7055 174.4368 425.2610 197.3340 1.8051 1.7431 4.1271 -16.4076 1.9401 59.4312 -8.2327 0.0003
Car -1 -1 -7.8343 404.5338 173.9991 427.7105 199.3240 2.0006 1.7593 4.4784 -16.0019 2.0987 59.5995 -8.0958 0.0003
Car -1 -1 -7.6916 404.5865 175.1112 434.1586 200.2318 1.9810 1.6525 4.5219 -15.7369 2.1746 59.6484 -7.9488 0.0003
Cyclist -1 -1 -2.7429 697.8998 168.6180 722.5810 194.0410 2.1168 0.8469 1.8829 8.4367 1.7638 60.9220 -2.6064 0.0002
Pedestrian -1 -1 -7.1008 1002.8889 168.0224 1022.6924 208.7451 2.0287 0.7391 0.4846 20.2604 1.7877 36.3718 -6.5965 0.0001
Car -1 -1 -7.7206 492.9846 176.7934 521.5757 205.0973 1.7460 1.3799 3.5193 -6.6565 2.0107 46.7672 -7.8617 0.0001
