Car -1 -1 -8.0831 701.1375 177.3577 823.4222 263.6774 1.5679 1.6432 3.8124 3.0059 1.6749 15.2450 -7.8931 0.9999
Car -1 -1 -4.3614 290.3024 193.5536 419.8188 267.8381 1.4539 1.5931 4.0834 -5.9925 2.0098 17.3282 -4.6903 0.9998
Car -1 -1 -4.2327 119.0386 199.5477 330.6437 316.8307 1.5006 1.5775 3.4544 -6.0794 1.9995 11.7578 -4.7013 0.9997
Car -1 -1 -4.4918 402.4896 178.1608 478.2537 233.1778 1.7619 1.7150 4.2843 -5.9683 1.9662 25.6688 -4.7186 0.9989
Car -1 -1 -4.5073 445.4412 179.3492 502.2265 220.2474 1.6754 1.6730 4.2186 -6.0670 1.9856 32.3600 -4.6917 0.9915
Car -1 -1 -4.5659 558.1495 179.5913 586.7447 198.6154 1.4436 1.7138 4.2680 -3.0317 2.0103 58.5205 -4.6178 0.8581
Car -1 -1 -4.4999 522.5965 180.4756 553.9360 199.6465 1.4379 1.6620 4.1956 -5.7526 2.0735 58.0285 -4.5987 0.8402
Car -1 -1 -4.5017 443.1795 180.5224 501.7973 220.5211 1.6252 1.7066 4.3322 -6.1192 1.9919 32.3424 -4.6878 0.7847
Car -1 -1 -4.5238 445.7289 179.9757 501.3187 220.3877 1.6450 1.6739 4.2123 -6.0565 1.9836 32.2236 -4.7086 0.7671
Car -1 -1 -7.8109 636.6095 176.5226 656.9775 194.7295 1.5554 1.6490 4.1947 3.3039 1.8950 64.6783 -7.7605 0.7074
Car -1 -1 -4.5171 443.1591 181.1241 500.1923 220.3517 1.5844 1.7130 4.1563 -6.1157 1.9760 32.1064 -4.7044 0.6635
Car -1 -1 -4.5160 557.4256 179.6419 587.0862 198.8754 1.4538 1.6603 3.8697 -3.0242 2.0183 58.0066 -4.5683 0.6535
Car -1 -1 -4.5933 522.9738 179.3148 550.1242 199.3518 1.5038 1.6935 3.9533 -5.8363 2.0356 57.4284 -4.6945 0.6458
Car -1 -1 -4.4679 558.6434 179.5920 590.7075 198.7562 1.4508 1.6436 4.1177 -2.8411 2.0156 58.3339 -4.5168 0.6278
Car -1 -1 -4.6387 557.9077 179.3802 582.6452 198.3195 1.4424 1.6975 4.2883 -3.2160 1.9916 58.5990 -4.6937 0.5459
Car -1 -1 -4.4909 558.7407 178.5972 591.0916 198.5361 1.5189 1.7004 4.4085 -2.8312 2.0036 58.6183 -4.5394 0.5394
Car -1 -1 -4.6095 557.3779 179.5433 582.6953 198.9018 1.4707 1.6555 3.8123 -3.2121 2.0271 58.1027 -4.6649 0.5312
Car -1 -1 -4.4484 523.0111 178.8758 557.2722 199.0628 1.5284 1.6695 4.3871 -5.6234 2.0339 58.3038 -4.5445 0.5284
Car -1 -1 -4.5685 524.9365 179.9499 552.7168 199.5672 1.4711 1.6322 4.1819 -5.6863 2.0599 57.7739 -4.6665 0.5243
Car -1 -1 -4.5681 522.0683 179.9444 550.2554 199.4372 1.4636 1.6521 4.2995 -5.9157 2.0542 57.9487 -4.6697 0.5012
Car -1 -1 -4.6323 522.6586 179.0802 548.2427 198.6865 1.4853 1.7099 4.4204 -6.0110 2.0073 58.3040 -4.7350 0.4121
Car -1 -1 -4.6554 729.3174 172.2420 751.2404 192.3070 1.5647 1.5248 4.0654 10.5495 1.5167 58.4224 -4.4780 0.4017
Car -1 -1 -4.7653 726.8009 172.3273 749.2433 192.2195 1.5555 1.5704 4.0168 10.3222 1.5140 58.5085 -4.5919 0.3759
Cyclist -1 -1 -7.6048 370.0271 176.5491 382.9559 206.3376 1.7627 0.3539 1.6306 -14.1788 1.9905 43.7254 -7.9169 0.3459
Car -1 -1 -4.6299 520.6453 179.4079 546.6669 199.1860 1.4748 1.7210 4.1253 -6.0486 2.0135 57.2640 -4.7350 0.3232
Car -1 -1 -4.7556 728.3146 173.4736 750.5229 193.0220 1.5104 1.5761 3.9165 10.3314 1.5616 57.9246 -4.5803 0.2732
Car -1 -1 -7.8315 637.4736 177.1002 656.1362 195.3816 1.5595 1.5836 3.6691 3.2806 1.9488 64.3139 -7.7811 0.2653
Car -1 -1 -4.3734 558.4033 180.1115 593.1653 198.9236 1.4125 1.6036 3.8276 -2.7307 2.0146 57.8317 -4.4208 0.2322
Car -1 -1 -6.1412 796.2478 165.8018 885.4433 204.4499 1.7454 1.7770 3.8201 10.9029 1.4266 34.2125 -5.8356 0.2314
Car -1 -1 -7.8484 635.3220 176.1274 654.0901 194.1334 1.5400 1.6241 4.0841 3.0901 1.8420 64.5510 -7.8012 0.2199
Car -1 -1 -4.5166 729.6425 172.2542 758.3565 192.2558 1.5595 1.5479 3.9704 10.8482 1.5125 58.3890 -4.3342 0.2029
Car -1 -1 -4.6876 731.9600 173.1569 753.0598 192.9167 1.5266 1.5748 3.9802 10.6357 1.5515 57.9169 -4.5072 0.2015
Car -1 -1 -4.8797 720.9261 172.6902 749.3337 192.6505 1.5607 1.5896 4.1456 10.0761 1.5475 58.4901 -4.7103 0.1934
Car -1 -1 -4.7526 555.9934 179.4618 578.3625 198.6075 1.4560 1.6426 3.8555 -3.5123 2.0075 58.2533 -4.8130 0.1814
Pedestrian -1 -1 -3.1054 800.9468 162.4779 811.7875 208.7111 1.9117 0.4967 0.4214 8.1585 1.4823 30.1339 -2.8439 0.1752
Cyclist -1 -1 -7.8097 375.6851 178.0335 383.0896 206.6158 1.6818 0.3530 1.6592 -13.9692 2.0006 43.6091 -8.1183 0.1710
Pedestrian -1 -1 -3.2377 802.7670 162.5857 811.4579 209.2988 1.9255 0.4607 0.3035 8.1485 1.5020 29.9940 -2.9754 0.1703
Cyclist -1 -1 -7.7460 373.7758 176.0078 382.9015 204.8546 1.7175 0.3545 1.6419 -14.1513 1.9131 43.9825 -8.0559 0.1688
Car -1 -1 -4.6504 527.5884 179.5854 551.3954 199.6005 1.4893 1.6259 4.1612 -5.5833 2.0424 57.2135 -4.7476 0.1681
Car -1 -1 -5.9024 0.0000 203.2917 28.6956 374.0000 1.5964 1.6329 3.8646 -7.3589 1.9101 5.8007 -6.7830 0.1679
Car -1 -1 -6.3135 800.6345 165.5675 895.2401 201.8776 1.6462 1.7117 4.1473 11.1364 1.3155 34.1115 -6.0009 0.1652
Pedestrian -1 -1 -6.2576 372.3679 175.1149 383.5333 205.0880 1.8054 0.7442 0.6289 -14.1739 1.9443 43.9735 -6.5680 0.1636
Car -1 -1 -4.6958 525.1229 178.1648 547.0619 199.8309 1.6061 1.6462 3.8837 -5.7821 2.0363 56.4763 -4.7978 0.1613
Car -1 -1 -6.7091 858.0026 166.2381 934.5595 191.3256 1.5112 1.6248 4.0692 17.5359 1.1124 44.3800 -6.3353 0.1467
Car -1 -1 -5.3167 800.6677 165.5979 882.0259 205.1986 1.7637 1.7734 3.8764 10.8503 1.4402 34.2485 -5.0127 0.1464
Cyclist -1 -1 -7.7228 375.2391 177.4559 384.8323 206.2550 1.7078 0.3436 1.6454 -14.0202 1.9928 43.8965 -8.0306 0.1351
Car -1 -1 -4.7142 556.8017 179.3602 578.4232 198.6082 1.4664 1.6900 4.2546 -3.4757 2.0143 58.6161 -4.7736 0.1350
Car -1 -1 -7.9407 631.7562 176.4602 653.5242 194.7373 1.5646 1.6052 3.9022 2.8677 1.8968 64.5337 -7.8969 0.1254
Car -1 -1 -3.7359 0.0000 206.7594 56.0544 374.0000 1.5349 1.6177 4.1191 -6.6001 1.8808 5.2350 -4.6110 0.1155
Cyclist -1 -1 -4.6750 699.7468 184.2393 717.7045 232.6574 1.5027 0.5310 1.5598 3.1889 1.8875 23.5895 -4.5432 0.1090
Car -1 -1 -2.2993 0.0000 212.0313 55.5068 374.0000 1.5321 1.6578 3.8332 -7.5382 1.9251 6.4084 -3.1447 0.1086
Car -1 -1 -5.1988 814.3442 164.7474 891.5306 201.9734 1.6456 1.7074 4.1147 11.3283 1.2870 34.0681 -4.8807 0.1069
Car -1 -1 -2.5132 0.0000 211.3374 45.2512 374.0000 1.5325 1.6153 3.7982 -7.4345 1.9218 6.0777 -3.3769 0.1020
Cyclist -1 -1 -7.7422 698.1881 182.7678 718.1782 233.0800 1.5427 0.4685 1.6265 3.1331 1.8742 23.3028 -7.6111 0.0904
Car -1 -1 -4.6756 556.9962 178.3266 579.7768 198.7845 1.5299 1.6568 3.8824 -3.2819 1.9765 56.9655 -4.7334 0.0895
Car -1 -1 -4.7511 520.9838 179.9315 543.9515 199.5748 1.4695 1.6594 4.3003 -6.2747 2.0587 57.8475 -4.8590 0.0870
Car -1 -1 -6.8147 860.8146 164.0780 939.2682 190.3185 1.5818 1.7074 4.2249 17.8889 1.0525 44.6598 -6.4362 0.0869
Pedestrian -1 -1 -3.1816 799.8436 161.1066 806.9822 207.9767 1.9308 0.4660 0.2658 7.9911 1.4466 29.9796 -2.9240 0.0868
Cyclist -1 -1 -5.0266 692.3896 184.0454 722.2086 232.2384 1.5080 0.5553 1.4060 3.1301 1.8862 23.6636 -4.8975 0.0847
Car -1 -1 -6.2379 799.1130 166.7854 895.4852 204.7433 1.7028 1.7217 4.2031 11.0988 1.4303 33.9120 -5.9246 0.0842
Car -1 -1 -6.2875 791.1844 166.4102 880.8482 204.3220 1.7372 1.7544 3.9889 10.7146 1.4416 34.4806 -5.9890 0.0830
Car -1 -1 -5.3424 802.7687 164.9496 891.2401 205.4033 1.7798 1.7702 4.2736 11.0362 1.4317 34.0513 -5.0319 0.0806
Car -1 -1 -4.9078 716.4592 170.1176 748.6153 191.2408 1.6557 1.7099 4.6207 9.9242 1.4409 58.8906 -4.7420 0.0766
Pedestrian -1 -1 -7.9950 699.5666 181.1097 718.7674 229.0872 1.5407 0.5580 0.4598 3.1766 1.8117 23.4830 -7.8630 0.0580
Cyclist -1 -1 -8.1973 701.5995 182.1917 733.1849 231.5012 1.5130 0.4577 1.6973 3.4100 1.8262 23.3482 -8.0549 0.0524
Car -1 -1 -6.4652 808.3176 166.3022 908.9175 202.8662 1.6662 1.7349 4.2360 11.6069 1.3673 34.0407 -6.1396 0.0502
Cyclist -1 -1 -4.5235 700.8958 182.7528 724.9463 231.0580 1.5132 0.5320 1.4077 3.3374 1.8479 23.6636 -4.3859 0.0491
Car -1 -1 -6.2640 552.4067 180.6277 604.3488 198.9951 1.4226 1.5682 4.0746 -2.5279 2.0500 57.4277 -6.3082 0.0480
Car -1 -1 -6.9237 796.8294 165.3446 888.5779 200.8338 1.6269 1.6959 3.9519 11.0833 1.2824 34.5239 -6.6159 0.0456
Cyclist -1 -1 -4.5931 704.0214 182.5771 724.8881 231.3573 1.5178 0.5016 1.5449 3.3765 1.8463 23.5855 -4.4534 0.0445
Car -1 -1 -4.7688 495.4395 183.8774 525.9050 211.5751 1.4762 1.5427 3.7154 -5.8531 2.1476 41.9959 -4.9070 0.0440
Pedestrian -1 -1 -7.7202 703.9107 180.3072 723.6911 227.6692 1.5158 0.5818 0.4706 3.3339 1.7613 23.4929 -7.5818 0.0431
Car -1 -1 -6.6509 808.1527 165.9836 908.3348 200.2704 1.5859 1.7018 4.1704 11.7103 1.2678 34.3104 -6.3250 0.0382
Pedestrian -1 -1 -6.3869 369.8921 175.1054 382.3688 205.8491 1.8379 0.7627 0.6433 -14.1966 1.9754 43.6843 -6.6997 0.0340
Car -1 -1 -4.7249 492.4144 183.6757 521.0938 210.3168 1.4346 1.6061 4.3164 -6.2093 2.1123 42.9447 -4.8681 0.0332
Pedestrian -1 -1 -7.9450 702.9996 179.8282 722.2648 226.9081 1.5205 0.5772 0.5304 3.3144 1.7516 23.6630 -7.8083 0.0288
Car -1 -1 -8.2666 811.0297 165.3914 879.1179 204.2478 1.7454 1.7803 3.5578 11.0454 1.4099 34.2724 -7.9577 0.0278
Cyclist -1 -1 -3.5677 692.2444 181.7445 739.9905 228.8174 1.4934 0.5680 1.4352 3.4125 1.7890 23.5442 -3.4264 0.0195
Car -1 -1 -4.8686 536.2101 176.7731 559.5240 195.2050 1.6773 1.5974 4.0473 -5.9674 2.0620 68.7318 -4.9553 0.0179
Car -1 -1 -8.1689 446.1406 183.3552 505.7955 217.2001 1.5578 1.6890 4.5169 -6.9925 2.1319 37.0792 -8.3545 0.0166
Car -1 -1 -4.6222 709.5911 177.4043 743.3285 202.6112 1.3622 1.6029 3.7465 6.7368 1.6377 41.7314 -4.4637 0.0157
Car -1 -1 -4.7699 540.0447 176.7418 559.0604 194.7555 1.6438 1.5777 3.9446 -5.8078 2.0253 68.7952 -4.8542 0.0131
Car -1 -1 -8.1336 455.5774 185.5803 506.3144 215.9629 1.4032 1.5814 3.7667 -6.7171 2.0927 37.0709 -8.3121 0.0122
Car -1 -1 -4.7015 556.4293 179.9436 577.2293 199.7268 1.4344 1.5474 3.8734 -3.3410 2.0008 55.7029 -4.7615 0.0112
Car -1 -1 -4.6413 548.2678 178.6933 572.6841 200.0207 1.5518 1.5991 4.0085 -3.8109 2.0178 55.6059 -4.7099 0.0110
Car -1 -1 -8.1799 437.4930 181.1195 503.3960 215.6252 1.5951 1.8355 4.9570 -7.3141 2.0509 37.2111 -8.3731 0.0102
Car -1 -1 -4.7314 492.0128 183.9292 521.3273 210.5976 1.4175 1.6131 3.9481 -6.1104 2.0961 42.1560 -4.8750 0.0100
Car -1 -1 -4.6554 542.8367 176.8965 561.3581 194.3467 1.5979 1.5431 4.0018 -5.5330 1.9956 69.0219 -4.7355 0.0095
Car -1 -1 -2.6634 347.4779 177.6928 408.6717 196.7950 1.4000 1.5364 4.1654 -17.5445 1.7729 54.5466 -2.9734 0.0092
Car -1 -1 -5.4411 1184.2522 162.4444 1241.0000 191.4706 1.4531 1.5310 3.6773 32.4479 0.9317 37.9786 -4.7380 0.0072
Car -1 -1 -4.5514 711.5919 177.0156 749.2726 202.9809 1.3998 1.5419 3.9488 6.9648 1.6521 41.6933 -4.3875 0.0072
Car -1 -1 -4.8458 483.8334 179.2584 522.2094 206.1056 1.5047 1.7412 4.3133 -6.5864 1.9142 43.8566 -4.9944 0.0065
Pedestrian -1 -1 -5.8480 342.6530 165.9239 353.4877 216.5795 2.1102 0.5173 0.2314 -11.0504 1.8212 30.3255 -6.1950 0.0059
Car -1 -1 -8.2105 370.8512 177.7297 407.1859 196.8899 1.3922 1.5416 3.4772 -16.9627 1.7775 55.2178 -8.5075 0.0036
Car -1 -1 -7.9588 380.4494 176.6616 405.8282 197.6657 1.5434 1.5329 3.2874 -16.7269 1.8455 55.4881 -8.2505 0.0035
Car -1 -1 -8.0927 375.0672 177.5055 406.8513 197.5876 1.4651 1.5531 3.4928 -16.8762 1.8343 55.4176 -8.3873 0.0034
Car -1 -1 -8.1946 818.1568 156.4773 851.8411 179.7215 2.1194 1.7123 4.1994 21.1111 0.6259 67.9210 -7.8946 0.0030
Car -1 -1 -7.9616 826.3464 157.9017 849.7096 179.6560 1.9839 1.6528 4.1445 21.4321 0.6200 67.9941 -7.6576 0.0028
Car -1 -1 -7.7804 830.1983 156.3797 851.9842 177.9702 1.9622 1.6505 4.2522 21.7370 0.4647 67.8559 -7.4718 0.0027
Car -1 -1 -7.6537 378.9916 168.7069 417.0352 196.2827 2.1496 1.9943 5.1275 -17.2563 1.8260 58.8827 -7.9379 0.0017
