Car -1 -1 -4.2225 53.5301 194.8558 212.5886 271.1811 1.3897 1.5124 3.2873 -10.3198 1.9235 15.8161 -4.7932 0.9998
Car -1 -1 -8.0071 431.9353 180.3071 470.8981 208.9557 1.5204 1.6059 3.9164 -9.2017 1.9708 41.5107 -8.2243 0.6515
Car -1 -1 -8.0365 429.0793 180.8397 470.6288 209.3267 1.5042 1.5979 4.1944 -9.3162 1.9891 41.5986 -8.2559 0.6502
Car -1 -1 -7.9534 435.8219 180.7927 471.7922 209.1868 1.5014 1.6178 4.1543 -9.0896 1.9835 41.6213 -8.1675 0.6242
Car -1 -1 -8.0943 424.7988 180.4767 469.9751 209.1553 1.5176 1.6255 3.9889 -9.4278 1.9781 41.4718 -8.3169 0.5700
Car -1 -1 -4.8946 430.0400 180.8029 469.3491 209.2447 1.4984 1.5812 3.4155 -9.1685 1.9699 40.9455 -5.1139 0.2808
Car -1 -1 -4.6499 441.3998 180.7868 472.3602 208.5769 1.4740 1.5183 3.2767 -8.6986 1.9434 40.9901 -4.8582 0.2063
Pedestrian -1 -1 -3.6588 1064.3595 177.8029 1129.4326 309.2976 1.5825 0.4725 0.4970 5.9729 1.6453 8.9520 -3.0864 0.1971
Car -1 -1 -4.6136 440.3526 180.7463 474.1044 208.9634 1.5024 1.5377 3.6826 -8.7580 1.9758 41.4012 -4.8212 0.1920
Car -1 -1 -7.5878 319.4319 182.1212 382.4882 222.3613 1.6826 1.7831 3.7472 -11.8041 2.1310 32.9979 -7.9292 0.1705
Car -1 -1 -7.5008 320.4001 183.0423 386.0966 222.3427 1.6379 1.7223 3.4163 -11.5952 2.1234 32.6837 -7.8396 0.1555
Car -1 -1 -5.0729 416.2013 180.4433 469.2766 210.1603 1.5654 1.6375 4.0176 -9.6368 2.0210 41.2193 -5.3016 0.1065
Pedestrian -1 -1 -3.7045 1073.1552 176.1473 1141.9962 306.5696 1.5682 0.4910 0.5168 6.0956 1.6098 8.9389 -3.1220 0.0960
Car -1 -1 -4.7408 662.5378 177.8764 693.4216 204.8785 1.4531 1.6457 4.3194 3.8597 1.7595 41.8568 -4.6500 0.0885
Car -1 -1 -4.2745 659.4411 176.9600 716.1765 203.7307 1.4454 1.6748 4.1476 4.5282 1.6958 41.8419 -4.1680 0.0789
Car -1 -1 -4.9710 421.0959 180.1571 466.9821 209.3235 1.5356 1.6754 3.5756 -9.4935 1.9697 40.9482 -5.1978 0.0779
Car -1 -1 -7.6745 316.3507 181.3809 373.7985 221.7661 1.6807 1.7779 3.9751 -12.0843 2.0956 33.0266 -8.0231 0.0766
Pedestrian -1 -1 -6.7986 1073.1840 177.1763 1143.1273 314.0416 1.5963 0.5239 0.4964 5.9438 1.6498 8.7110 -6.2164 0.0708
Car -1 -1 -8.0756 624.4986 174.9729 662.8628 200.4917 1.7139 1.7653 4.4864 2.3053 1.8710 51.2173 -8.0313 0.0689
Car -1 -1 -4.4198 659.6442 177.4407 707.3235 204.1014 1.4290 1.6029 4.1981 4.2632 1.7080 41.6918 -4.3191 0.0668
Car -1 -1 -4.8280 654.8582 177.1825 690.9532 204.6225 1.4863 1.6001 4.1767 3.5614 1.7498 41.8616 -4.7442 0.0608
Car -1 -1 -5.6081 401.7746 180.0000 474.3130 208.8291 1.5409 1.5725 3.8600 -9.7812 1.9605 40.8625 -5.8420 0.0515
Car -1 -1 -5.4154 401.0220 180.9446 472.4710 210.6786 1.5707 1.6543 4.1577 -9.9197 2.0519 41.0419 -5.6515 0.0512
Car -1 -1 -4.9441 621.8834 173.8511 659.2634 199.8975 1.7569 1.6729 4.3927 2.0853 1.8305 51.1629 -4.9040 0.0440
Cyclist -1 -1 -5.3316 1038.5813 178.4649 1165.7223 316.5362 1.5545 0.5308 1.4546 5.9663 1.6294 8.9225 -4.7582 0.0423
Cyclist -1 -1 -8.5380 1060.7894 171.1745 1210.4757 320.2474 1.6134 0.4731 1.6746 6.1695 1.5949 8.6631 -7.9359 0.0379
Car -1 -1 -7.5942 321.0060 180.2194 387.1671 222.5366 1.7632 1.7887 4.3572 -11.6740 2.1236 33.0858 -7.9313 0.0374
Car -1 -1 -5.9699 400.7159 180.7879 473.1742 208.5338 1.4986 1.5674 3.6423 -9.7011 1.9530 40.4253 -6.2043 0.0347
Car -1 -1 -4.1731 659.1685 177.1939 718.6289 202.9983 1.3912 1.6318 3.9253 4.5619 1.6538 41.6501 -4.0653 0.0317
Pedestrian -1 -1 -7.3938 138.9431 174.6850 162.4245 218.4989 1.9204 0.6915 0.5812 -20.3940 2.0021 31.9782 -7.9579 0.0284
Pedestrian -1 -1 -4.6347 1092.8413 170.0155 1157.9458 310.4554 1.6167 0.6095 0.5452 6.1654 1.5837 8.7096 -4.0353 0.0261
Car -1 -1 -5.7752 393.1002 181.2666 471.7117 210.2745 1.5516 1.6470 4.0103 -10.0373 2.0412 40.6869 -6.0159 0.0230
Car -1 -1 -4.8801 655.9705 178.1242 692.1556 204.8423 1.4257 1.4374 3.7603 3.5752 1.7404 41.1971 -4.7947 0.0210
Pedestrian -1 -1 -7.3118 135.8746 173.6192 159.7894 219.5215 2.0151 0.6930 0.5793 -20.5240 2.0490 31.9833 -7.8788 0.0176
Car -1 -1 -6.1428 399.2564 181.4127 471.1674 208.7881 1.4621 1.5208 3.7032 -9.6942 1.9480 40.0547 -6.3791 0.0169
Car -1 -1 -5.3094 938.3672 179.7726 1023.0825 213.7446 1.5702 1.6648 4.2936 18.5936 1.9413 36.4970 -4.8419 0.0154
Car -1 -1 -4.5864 888.0309 173.9209 929.9704 210.9103 1.8737 1.6001 4.0766 16.0978 1.9341 38.8426 -4.1968 0.0145
Car -1 -1 -3.3243 381.7710 182.5583 470.1048 212.9636 1.5579 1.6516 4.4892 -10.1631 2.1147 39.7372 -3.5735 0.0133
Car -1 -1 -2.9394 388.5054 182.3083 469.3030 210.6702 1.5269 1.6664 4.1351 -10.1205 2.0678 40.3787 -3.1839 0.0131
Car -1 -1 -4.9091 875.2166 174.2771 921.9484 210.8204 1.8614 1.6398 3.6188 15.4289 1.9415 38.8287 -4.5340 0.0130
Car -1 -1 -5.3575 807.1347 183.8847 872.6795 209.8345 1.5774 1.7034 4.6902 15.3264 2.3564 48.4767 -5.0536 0.0113
Car -1 -1 -3.0998 387.8020 182.7943 468.3859 211.2704 1.4991 1.6393 4.2580 -10.0818 2.0680 40.0794 -3.3451 0.0110
Car -1 -1 -8.1875 869.3322 177.1418 921.1305 211.2542 1.7394 1.5731 3.3485 15.2870 1.9805 38.9226 -7.8163 0.0102
Cyclist -1 -1 -3.3942 947.4423 176.8581 987.0992 211.0431 1.7698 0.7364 1.7418 18.7699 1.9834 38.0157 -2.9391 0.0093
Car -1 -1 -5.4022 930.0918 177.7983 1014.8641 211.0307 1.5651 1.5552 4.1658 18.3602 1.8323 36.8425 -4.9435 0.0091
Car -1 -1 -4.7163 885.4016 172.9658 920.1685 210.9782 1.9280 1.6478 3.8613 15.6418 1.9340 38.7066 -4.3354 0.0087
Car -1 -1 -4.5556 386.0392 190.4678 415.0197 211.1823 1.4552 1.5776 3.8821 -16.2892 2.8751 56.1533 -4.8371 0.0070
Pedestrian -1 -1 -7.0610 1211.6967 173.1824 1241.0000 237.0620 1.7673 0.6356 0.5333 17.4181 1.7763 20.3023 -6.3596 0.0065
Car -1 -1 -4.4315 388.9879 190.3739 422.5805 210.6145 1.4344 1.5373 3.7625 -15.9139 2.8465 56.2832 -4.7062 0.0064
Car -1 -1 -5.2507 927.6798 175.9996 1003.2333 209.8438 1.6073 1.5549 4.0918 17.9686 1.7765 36.7642 -4.7997 0.0061
Pedestrian -1 -1 -6.4772 846.3362 183.5046 860.0840 211.4712 1.7568 0.7188 0.7034 15.4780 2.4418 46.0312 -6.1554 0.0055
Pedestrian -1 -1 -4.3376 82.1672 179.8708 110.2885 225.9641 1.8482 0.7145 0.7406 -21.0497 2.1393 29.5123 -4.9531 0.0052
Car -1 -1 -6.8372 1021.4811 186.6370 1093.4401 213.0168 1.6182 1.6495 3.5617 28.4274 2.5117 45.9604 -6.2867 0.0052
Pedestrian -1 -1 -5.3206 1056.4987 172.4146 1077.1815 211.5367 1.9243 0.6612 0.5661 22.6162 1.9024 35.7900 -4.7612 0.0051
Car -1 -1 -5.6226 873.5903 175.5210 951.2486 206.8564 1.8371 1.8448 4.2118 18.7431 2.0115 44.9778 -5.2306 0.0051
Car -1 -1 -4.7463 384.1456 189.4312 407.3367 210.3875 1.4680 1.5916 3.9746 -16.7015 2.8048 56.0617 -5.0349 0.0051
Car -1 -1 -6.6011 1020.7829 186.6406 1091.6996 211.9229 1.5204 1.6452 3.4944 28.2956 2.4201 45.9025 -6.0521 0.0051
Car -1 -1 -5.2084 928.8210 177.7162 1005.9169 212.4883 1.6874 1.8241 4.1763 18.5405 1.9557 37.7336 -4.7553 0.0049
Car -1 -1 -5.3333 928.2051 179.7652 1012.2874 214.3182 1.6323 1.7092 4.2467 18.4274 2.0099 37.2154 -4.8772 0.0047
Car -1 -1 -4.9200 749.6368 185.9992 782.9797 209.5487 1.6002 1.5986 4.0216 11.4677 2.6074 53.2879 -4.7097 0.0046
Car -1 -1 -4.4336 519.5268 176.6090 557.1029 198.3846 1.5525 1.6887 4.3727 -5.3954 1.8481 54.5400 -4.5321 0.0046
Pedestrian -1 -1 -3.5324 1222.7212 166.4565 1241.0000 240.5151 1.7173 0.5188 0.3188 14.7310 1.5687 17.0276 -2.8282 0.0045
Car -1 -1 -4.6270 385.0673 188.5880 409.9074 210.2141 1.5412 1.5547 3.5259 -16.5016 2.8040 56.0425 -4.9125 0.0045
Car -1 -1 -4.3258 392.2263 190.1562 428.9754 210.3126 1.4288 1.5104 3.6133 -15.5329 2.8229 56.2634 -4.5944 0.0043
Car -1 -1 -3.4294 928.4836 178.5484 997.5814 208.7630 1.5427 1.5048 2.9765 18.6014 1.8516 38.1936 -2.9797 0.0041
Car -1 -1 -3.4200 923.4866 177.7248 1002.9250 209.7929 1.6443 1.7468 3.4550 18.7458 1.9117 38.5033 -2.9704 0.0039
Car -1 -1 -5.3888 923.9075 178.7301 1014.9871 213.8345 1.6467 1.7671 4.4459 18.2677 1.9669 36.9992 -4.9339 0.0037
Car -1 -1 -4.9231 746.4172 185.5971 778.6979 208.8452 1.5965 1.5916 3.6809 11.2236 2.5722 53.4171 -4.7177 0.0037
Pedestrian -1 -1 -7.1660 1204.1046 170.0885 1241.0000 237.1273 1.8647 0.7107 0.5987 17.4105 1.7875 20.4741 -6.4689 0.0037
Car -1 -1 -4.1489 393.0019 189.0327 437.7064 210.2250 1.5000 1.5839 3.7899 -15.1500 2.8065 56.2376 -4.4113 0.0034
Cyclist -1 -1 -6.4094 941.8046 173.6724 984.7917 212.0641 2.0008 0.7220 1.9705 18.6889 2.0447 38.2874 -5.9589 0.0034
Car -1 -1 -3.2615 382.0909 180.9276 472.5238 210.8998 1.5453 1.6914 4.6553 -10.0875 2.0074 39.7023 -3.5092 0.0034
Car -1 -1 -3.5774 924.6863 180.1428 996.7065 209.7642 1.5251 1.5983 3.0535 18.5691 1.9207 38.3683 -3.1301 0.0031
Car -1 -1 -7.0951 51.0088 187.5285 153.2306 226.5031 1.5209 1.5105 3.7122 -22.1443 2.2023 31.5723 -7.7030 0.0030
Car -1 -1 -5.4238 1018.1913 179.8212 1099.4286 212.8728 1.9069 1.8145 4.4558 27.8173 2.3634 44.9626 -4.8733 0.0028
Car -1 -1 -5.1349 924.3564 180.7102 979.8918 211.0412 1.5300 1.5279 3.1483 18.2992 1.9694 38.8027 -4.6976 0.0028
Car -1 -1 -5.3090 1016.1372 185.9287 1076.4403 212.8803 1.5673 1.5229 3.5299 27.4168 2.4245 45.5177 -4.7703 0.0026
Cyclist -1 -1 -8.5993 997.4378 167.4901 1035.8678 211.1336 1.9967 0.4797 1.7927 19.0639 1.7510 33.9377 -8.0916 0.0026
Car -1 -1 -7.3090 50.6727 187.5937 135.0132 225.6558 1.4998 1.4679 3.3295 -22.5004 2.1775 31.4723 -7.9258 0.0026
Cyclist -1 -1 -7.9729 634.4131 176.3269 642.9288 200.5653 1.6182 0.4013 1.5025 1.9167 1.8581 49.1543 -7.9346 0.0025
Cyclist -1 -1 -6.5275 848.5790 180.8134 874.1481 210.6257 1.8788 0.6029 1.4360 15.9949 2.3903 46.0296 -6.1956 0.0024
Car -1 -1 -5.4300 1013.6370 181.6168 1096.0765 213.5214 1.8253 1.7108 4.6823 27.6359 2.4023 45.0806 -4.8835 0.0023
Pedestrian -1 -1 -6.8694 1223.9089 153.1916 1241.0000 235.6348 1.7376 0.5999 0.3388 13.5594 1.3229 15.5253 -6.1612 0.0022
Car -1 -1 -6.6112 923.6989 177.4119 1017.0738 211.1302 1.7325 1.7911 4.0997 19.1351 1.9829 38.5374 -6.1539 0.0022
Car -1 -1 -4.8365 923.7245 180.8575 967.1248 210.4545 1.4925 1.7398 3.1408 18.0835 1.9454 39.0959 -4.4066 0.0021
Car -1 -1 -7.9838 908.5970 174.2225 943.8059 199.9223 1.6960 1.7201 3.9487 21.8189 1.7946 49.9794 -7.5747 0.0019
Car -1 -1 -3.7648 920.4227 180.1210 999.2178 211.5083 1.6056 1.6532 3.4802 18.6230 2.0049 38.5486 -3.3183 0.0018
Car -1 -1 -5.2342 927.8869 177.2740 1000.2095 212.1101 1.7246 1.7440 3.8267 18.6094 1.9704 38.1929 -4.7843 0.0018
Pedestrian -1 -1 -7.8435 411.4622 162.6582 430.5911 217.9873 2.3533 0.7897 0.7173 -8.1918 1.9194 31.1329 -8.0991 0.0016
Cyclist -1 -1 -6.5965 949.9012 174.0529 988.9494 210.5031 1.9089 0.6901 1.7247 19.0191 1.9730 38.2835 -6.1390 0.0015
Pedestrian -1 -1 -2.5407 283.6031 178.1069 297.7048 208.0546 2.0512 0.7879 0.5435 -22.1632 2.4182 50.0119 -2.9562 0.0014
Pedestrian -1 -1 -7.1803 1213.8744 152.2625 1241.0000 233.5479 1.7357 0.6011 0.3079 13.5454 1.2957 15.7322 -6.4790 0.0014
Cyclist -1 -1 -7.6746 159.4395 177.7648 172.4243 209.4335 1.9179 0.3810 1.7381 -27.6288 2.2288 44.8487 -8.2243 0.0013
Car -1 -1 -5.4667 921.9234 177.0716 993.2214 211.5233 1.7418 1.5755 3.3493 18.5673 1.9788 38.7632 -5.0235 0.0013
Car -1 -1 -7.0026 52.5230 185.8497 162.8842 226.6678 1.6015 1.5967 3.8860 -21.9907 2.2098 31.7129 -7.6052 0.0011
Cyclist -1 -1 -7.7573 157.8014 179.8891 168.4265 208.8593 1.7343 0.3994 1.6165 -27.5309 2.1749 44.4042 -8.3098 0.0011
Cyclist -1 -1 -6.3086 943.8268 172.0266 983.7434 207.7835 1.8843 0.7718 1.9024 18.9490 1.8404 38.7666 -5.8574 0.0011
Cyclist -1 -1 -8.6940 949.7942 173.5772 984.1245 208.4792 1.8278 0.6143 1.6612 19.0953 1.8671 38.7075 -8.2392 0.0010
Car -1 -1 -5.6623 926.9750 175.4666 1004.9632 211.4106 1.8145 1.7449 3.3453 18.9400 1.9607 38.5845 -5.2096 0.0009
Car -1 -1 -5.1731 942.1348 176.0997 999.4691 208.9255 1.6833 1.5890 2.9703 19.2949 1.8641 38.7811 -4.7149 0.0007
