Car -1 -1 -4.4611 316.7175 179.2831 466.7916 278.3084 1.5298 1.6767 4.0355 -3.9106 1.6676 13.4517 -4.7396 0.9998
Car -1 -1 -4.8047 640.6857 174.3787 704.6310 228.9476 1.6565 1.7302 3.9871 1.9505 1.7112 24.0198 -4.7254 0.9996
Car -1 -1 -4.5661 480.0985 178.5921 536.5772 216.9072 1.4658 1.7328 4.4085 -4.2518 1.7255 30.4779 -4.7041 0.9996
Car -1 -1 -7.9811 625.2772 178.7577 673.7010 216.6764 1.4979 1.6114 3.6158 1.5920 1.7660 30.9474 -7.9308 0.9933
Car -1 -1 -4.7511 617.2417 176.4258 651.0267 209.8631 1.5733 1.5357 3.8883 1.1294 1.7624 36.3163 -4.7208 0.9511
Car -1 -1 -4.6174 515.9854 176.0485 544.7605 201.4230 1.5218 1.4883 3.3646 -5.0101 1.7300 45.3928 -4.7271 0.9169
Car -1 -1 -4.7976 642.2617 174.4779 705.9129 228.6029 1.6426 1.7512 3.8926 1.9953 1.7006 23.9641 -4.7163 0.8547
Car -1 -1 -7.9955 625.0522 179.0128 675.9095 216.9214 1.4926 1.6435 3.8106 1.6329 1.7739 31.0208 -7.9441 0.8331
Car -1 -1 -4.6672 515.2388 176.1343 542.0418 201.6903 1.5333 1.5303 3.3161 -5.1257 1.7473 45.4330 -4.7793 0.8229
Car -1 -1 -8.0017 622.5771 178.9980 671.0792 216.6110 1.4816 1.5423 3.6243 1.4768 1.7606 30.9168 -7.9550 0.8193
Car -1 -1 -7.9807 627.5399 179.3111 675.3026 216.7027 1.4695 1.5867 3.5212 1.6685 1.7611 30.7985 -7.9277 0.7813
Car -1 -1 -4.5375 480.3175 178.6643 538.0438 217.3065 1.4715 1.6710 4.3214 -4.1959 1.7330 30.3255 -4.6743 0.7488
Car -1 -1 -4.6090 514.4176 176.0516 545.1398 202.2918 1.5650 1.5599 3.5228 -5.0256 1.7729 45.2299 -4.7194 0.6113
Car -1 -1 -4.5436 516.0082 176.1660 549.0042 202.2168 1.5586 1.5161 3.3828 -4.8671 1.7744 45.3455 -4.6503 0.5733
Car -1 -1 -4.7669 618.4246 176.7337 654.6035 209.3550 1.5267 1.5836 4.0918 1.2438 1.7328 36.3213 -4.7335 0.5428
Car -1 -1 -4.5469 526.6616 174.7854 556.9218 198.2588 1.6412 1.5542 4.1090 -4.9887 1.7881 52.8986 -4.6408 0.4381
Car -1 -1 -8.1957 479.0698 177.1224 533.8578 209.0720 1.5786 1.6587 3.9135 -5.5905 1.8176 38.3346 -8.3400 0.4074
Car -1 -1 -4.4101 528.3120 174.5147 565.3768 197.9132 1.6379 1.5785 4.0442 -4.6186 1.7644 52.9563 -4.4970 0.3955
Cyclist -1 -1 -4.6937 763.8535 173.8898 781.5308 229.1062 1.6453 0.5137 1.7543 5.0227 1.6786 22.4474 -4.4770 0.3435
Car -1 -1 -4.4468 529.3712 174.2597 565.9250 197.5577 1.6530 1.7195 3.9821 -4.6122 1.7611 53.5604 -4.5327 0.3051
Car -1 -1 -8.2281 479.4505 176.7507 534.9727 209.1733 1.5990 1.6855 3.6241 -5.5048 1.8150 38.0557 -8.3712 0.2495
Car -1 -1 -8.2461 480.8526 176.0096 540.0031 209.2884 1.6152 1.6858 3.8776 -5.2676 1.7881 37.5166 -8.3851 0.2253
Car -1 -1 -2.3038 468.7340 176.7218 538.4997 210.1981 1.6441 1.6232 3.5698 -5.6084 1.8548 37.6056 -2.4513 0.2208
Car -1 -1 -8.0729 488.7510 177.0099 535.0916 208.7604 1.5721 1.6734 3.6566 -5.2848 1.8037 38.2574 -8.2097 0.1924
Car -1 -1 -4.2507 528.5663 174.6470 573.6168 198.0213 1.6338 1.6275 4.1339 -4.3059 1.7707 52.9942 -4.3318 0.1894
Pedestrian -1 -1 -4.5704 760.6093 172.0486 783.3354 226.5105 1.6735 0.6132 0.6354 5.0226 1.6485 22.5762 -4.3550 0.1893
Car -1 -1 -4.6423 609.4299 175.8470 636.8909 198.6810 1.5318 1.6592 4.2128 0.9405 1.7527 51.1446 -4.6244 0.1844
Car -1 -1 -8.3922 469.1982 176.2455 534.7498 209.5564 1.6370 1.6662 3.8392 -5.7536 1.8242 37.8802 -8.5423 0.1835
Car -1 -1 -4.7816 606.7690 176.7439 633.9324 199.0798 1.4865 1.6134 4.3315 0.6607 1.7730 50.9964 -4.7692 0.1700
Car -1 -1 -4.6761 534.8843 175.7128 558.1652 198.6122 1.5917 1.5522 3.9687 -4.6316 1.8081 52.6782 -4.7637 0.1388
Car -1 -1 -7.8961 601.0077 175.6949 619.1439 191.2866 1.4562 1.5980 3.7139 -0.0350 1.7389 69.9681 -7.8969 0.1230
Car -1 -1 -4.8039 527.6555 175.8096 553.6872 198.3606 1.5626 1.5369 3.8428 -5.1117 1.7859 52.5600 -4.9007 0.0928
Car -1 -1 -4.7202 609.0707 176.6295 632.2291 199.2685 1.5035 1.5595 3.9989 0.6954 1.7784 50.5913 -4.7070 0.0874
Car -1 -1 -5.0889 611.5304 177.0992 675.4379 209.0930 1.4837 1.6820 4.4790 1.5719 1.7121 36.4868 -5.0467 0.0846
Car -1 -1 -4.7970 524.6204 174.9825 551.2565 198.2443 1.6204 1.5925 4.1064 -5.3399 1.7823 52.8218 -4.8976 0.0736
Car -1 -1 -4.8536 599.8553 176.5503 630.4123 199.5212 1.5208 1.5779 4.0468 0.2883 1.7903 50.5613 -4.8484 0.0725
Car -1 -1 -7.9074 497.9557 176.5901 533.3436 208.3518 1.5837 1.6606 3.8708 -5.1180 1.7935 38.5160 -8.0390 0.0700
Car -1 -1 -4.4144 610.4226 176.3020 648.6262 199.4660 1.5295 1.5641 4.0107 1.3770 1.7805 50.4332 -4.3877 0.0696
Car -1 -1 -4.5222 607.7853 176.6454 640.5051 199.7548 1.5265 1.5560 4.0487 1.0000 1.8028 50.5055 -4.5029 0.0665
Car -1 -1 -4.7928 606.9545 178.4318 633.1213 200.3984 1.4367 1.5088 3.7896 0.6324 1.8389 50.1212 -4.7808 0.0622
Car -1 -1 -7.4631 603.1902 174.6699 631.1703 189.9799 1.4344 1.4757 3.5469 0.7030 1.6150 69.9766 -7.4534 0.0604
Car -1 -1 -5.0181 488.2684 174.7650 545.5696 211.1151 1.7313 1.6830 4.2918 -4.8640 1.8348 36.9082 -5.1487 0.0565
Cyclist -1 -1 -8.2874 822.2930 176.7505 869.0940 252.1905 1.5665 0.3246 1.5942 5.1090 1.6563 15.8774 -7.9823 0.0539
Car -1 -1 -2.7708 461.3895 176.1517 537.6190 209.3533 1.6507 1.6220 3.5474 -5.7276 1.8262 37.2838 -2.9226 0.0498
Car -1 -1 -4.2919 611.8344 176.6776 656.9628 199.7622 1.5144 1.5983 4.1311 1.7155 1.7922 50.2714 -4.2585 0.0466
Car -1 -1 -5.4877 606.8525 177.0359 684.9814 208.2619 1.4888 1.6818 3.9912 1.7520 1.7149 36.9999 -5.4413 0.0455
Cyclist -1 -1 -8.1260 760.6840 174.7658 791.7194 229.6472 1.6109 0.4692 1.7267 5.0269 1.6715 22.1140 -7.9061 0.0455
Pedestrian -1 -1 -8.5869 945.8308 177.8481 985.0627 241.1837 1.6017 0.6796 0.6078 9.1536 1.7335 18.6951 -8.1385 0.0427
Car -1 -1 -4.5421 536.1924 175.7741 567.0033 198.9422 1.6023 1.5572 4.1598 -4.2435 1.8235 52.5834 -4.6226 0.0415
Car -1 -1 -4.5025 601.2043 174.1591 624.0468 190.0516 1.4966 1.5368 3.4501 0.2598 1.6264 70.0976 -4.4992 0.0381
Pedestrian -1 -1 -7.9284 962.8068 179.0201 991.3303 241.4093 1.5774 0.6077 0.6464 9.4742 1.7408 18.7390 -7.4673 0.0376
Car -1 -1 -4.4436 603.7087 173.9862 628.9800 190.0096 1.5090 1.5519 3.6325 0.6247 1.6219 70.1853 -4.4351 0.0327
Car -1 -1 -4.8095 596.8416 176.1307 634.9742 209.1995 1.5520 1.5411 3.7779 0.2085 1.7250 36.2020 -4.8043 0.0266
Pedestrian -1 -1 -8.0869 959.4047 176.9328 988.2623 239.1293 1.6001 0.5746 0.4873 9.4755 1.7084 18.9038 -7.6291 0.0256
Car -1 -1 -7.8652 601.4268 174.2483 618.3106 190.3885 1.5283 1.6027 3.9017 -0.0546 1.6682 70.6202 -7.8664 0.0249
Car -1 -1 -5.0364 606.7092 179.5514 647.1671 202.9030 1.4742 1.4899 4.1641 1.0692 1.9495 49.0283 -5.0153 0.0223
Car -1 -1 -4.7793 612.0720 179.1363 638.1288 200.9015 1.4049 1.5127 4.2539 0.9767 1.8586 49.9829 -4.7604 0.0221
Car -1 -1 -5.0142 511.9039 176.0028 549.9929 198.5945 1.5577 1.6040 4.1078 -5.8306 1.7964 52.5681 -5.1245 0.0218
Car -1 -1 -4.5901 602.4883 173.7050 622.9722 190.2225 1.5657 1.5653 3.7042 0.2725 1.6508 70.5285 -4.5866 0.0218
Car -1 -1 -4.4935 603.7223 173.4660 628.0032 190.0661 1.5709 1.5841 3.8124 0.5817 1.6321 70.4666 -4.4856 0.0215
Car -1 -1 -4.0930 529.8165 174.1565 583.3364 198.2213 1.6798 1.6604 4.4174 -3.8953 1.7793 52.9362 -4.1665 0.0211
Car -1 -1 -5.1703 671.2916 175.4560 729.1776 206.3324 1.5737 1.5732 3.8372 4.8013 1.7222 39.1949 -5.0499 0.0178
Car -1 -1 -5.3070 611.7244 177.0133 665.7198 200.5504 1.4624 1.5992 3.9885 1.8180 1.7492 47.6940 -5.2696 0.0174
Car -1 -1 -4.3514 604.1474 173.0202 633.8267 189.7093 1.5765 1.5957 3.9719 0.8890 1.5929 70.3430 -4.3391 0.0168
Car -1 -1 -8.0594 593.1965 174.2858 618.6125 190.6985 1.5468 1.6436 4.2823 -0.4539 1.6912 70.6629 -8.0662 0.0149
Car -1 -1 -5.1872 612.1154 176.7399 658.6324 199.9235 1.4451 1.5280 3.7279 1.5992 1.7123 47.6606 -5.1543 0.0145
Car -1 -1 -4.8657 617.3543 174.1803 669.6093 212.8149 1.6588 1.7193 4.6105 1.4347 1.7245 33.5300 -4.8239 0.0117
Car -1 -1 -5.1179 616.1111 177.0123 662.5937 200.3860 1.4341 1.5539 4.0594 1.8354 1.7184 47.2155 -5.0798 0.0115
Car -1 -1 -5.4982 610.0587 178.0004 667.6849 200.1919 1.3936 1.5423 3.8860 1.8586 1.7508 48.1651 -5.4603 0.0114
Car -1 -1 -5.4033 609.0679 178.7307 663.1617 201.2561 1.4076 1.5478 3.7723 1.6691 1.8149 48.0799 -5.3693 0.0113
Car -1 -1 -5.2720 605.5339 178.8879 656.6580 201.9899 1.4394 1.4758 4.0580 1.3275 1.8599 48.1890 -5.2452 0.0112
Car -1 -1 -4.8226 614.0396 176.7588 645.3551 200.5573 1.4604 1.5824 4.1919 1.2096 1.7269 47.1402 -4.7975 0.0107
Car -1 -1 -5.0789 676.7888 175.2464 726.4713 205.7904 1.5529 1.4590 3.5780 4.8473 1.6879 38.8951 -4.9564 0.0104
Car -1 -1 -5.0818 609.4576 177.9862 651.8940 200.6444 1.3993 1.5293 3.7618 1.2836 1.7513 47.5059 -5.0554 0.0101
Car -1 -1 -5.0199 618.9628 175.7738 667.4092 201.5968 1.3701 1.6013 3.9786 1.7862 1.5439 40.8942 -4.9771 0.0096
Car -1 -1 -5.4557 611.8808 176.4654 674.9099 200.3169 1.4829 1.5960 4.4076 2.1248 1.7325 47.7272 -5.4120 0.0096
Car -1 -1 -5.2840 665.7834 175.8418 727.9030 206.7786 1.5998 1.5667 3.8292 4.6903 1.7728 39.7755 -5.1680 0.0089
Car -1 -1 -4.9718 615.0879 176.2868 654.4800 199.9059 1.4539 1.5606 4.1254 1.5392 1.6888 47.2370 -4.9398 0.0089
Car -1 -1 -4.8513 629.2833 175.2980 668.1943 201.3757 1.4042 1.6796 3.9431 2.1279 1.5506 41.2716 -4.8006 0.0081
Car -1 -1 -5.0913 615.1894 177.4218 665.5153 201.4866 1.2969 1.5830 3.8632 1.6658 1.5742 41.7629 -5.0521 0.0080
Car -1 -1 -6.4775 671.2429 165.3773 748.3823 194.9569 1.7385 1.8938 4.3161 5.9356 1.2987 43.4807 -6.3431 0.0077
Car -1 -1 -5.1588 614.9257 176.9177 668.7838 201.1550 1.3194 1.6055 3.8927 1.7668 1.5681 42.0905 -5.1176 0.0076
Car -1 -1 -5.1566 503.8667 176.3456 550.5817 197.8567 1.4747 1.6380 4.4054 -6.1010 1.7397 52.5148 -5.2720 0.0075
Car -1 -1 -5.2217 606.2599 175.7482 665.9284 202.1370 1.4263 1.6421 4.1033 1.4108 1.6020 41.6813 -5.1886 0.0073
Car -1 -1 -8.3517 662.6174 173.5495 723.9017 206.1615 1.7147 1.8524 3.6501 4.5284 1.7550 40.0644 -8.2405 0.0071
Car -1 -1 -7.6212 614.3102 175.6301 664.4935 207.9102 1.6178 1.7574 4.3104 1.6094 1.7759 38.8712 -7.5807 0.0069
Car -1 -1 -8.4352 655.3600 173.2197 718.4239 205.4763 1.7155 1.8192 3.6178 4.2208 1.7368 40.4450 -8.3324 0.0067
Car -1 -1 -4.2895 605.3354 173.3868 637.5980 189.1522 1.4855 1.6061 4.0988 1.1323 1.5387 70.3303 -4.2738 0.0064
Car -1 -1 -4.7337 635.0202 176.0738 664.5837 201.9060 1.3712 1.5720 3.7484 2.1673 1.5608 40.6704 -4.6813 0.0063
Pedestrian -1 -1 -3.5836 833.5370 177.4689 869.0430 252.1052 1.5699 0.5357 0.5445 5.1298 1.6707 15.5143 -3.2708 0.0056
Car -1 -1 -1.8872 0.0000 186.8402 10.3865 374.0000 1.3828 1.6055 3.7413 -5.2779 1.4801 3.6768 -2.8151 0.0048
Car -1 -1 -5.1186 621.6571 176.1179 673.8827 201.1307 1.3690 1.6373 3.8760 2.1142 1.5688 42.1418 -5.0693 0.0047
Car -1 -1 -5.1722 614.4421 176.8454 670.0908 201.9182 1.3734 1.6168 4.0738 1.8011 1.6198 42.4091 -5.1306 0.0046
Car -1 -1 -4.2266 498.3903 176.7496 551.4462 199.7639 1.4867 1.6905 4.5995 -5.8468 1.7689 49.8883 -4.3431 0.0040
Pedestrian -1 -1 -6.6188 1044.2020 168.1189 1063.6598 218.7944 1.5235 0.4873 0.3612 13.4636 1.3809 21.9682 -6.0753 0.0037
Car -1 -1 -6.4569 672.1730 164.6913 757.1150 192.1143 1.6170 2.1029 4.7919 6.2417 1.1354 43.6765 -6.3162 0.0034
Cyclist -1 -1 -4.7902 956.3312 173.7852 987.3492 240.2660 1.6930 0.6124 1.4449 9.5517 1.7185 19.1811 -4.3350 0.0032
Car -1 -1 -2.5777 569.2816 176.1044 623.3295 192.5000 1.5329 1.6990 5.1561 -1.3770 1.8587 70.3383 -2.5976 0.0028
Pedestrian -1 -1 -6.5441 1041.3977 165.9090 1058.2047 215.7031 1.5095 0.4777 0.3250 13.4476 1.2986 22.1471 -6.0047 0.0023
Pedestrian -1 -1 -3.7671 1052.1969 170.5421 1107.7756 299.2335 1.4924 0.4460 0.3587 5.5383 1.4653 8.6023 -3.2112 0.0017
