Car -1 -1 -8.3471 525.3712 162.4090 588.3414 191.6340 1.6563 1.8366 4.5254 -3.2861 1.0641 43.2941 -8.4227 0.9765
Car -1 -1 -5.0783 435.0511 158.8214 492.0261 194.4097 1.8728 1.7150 4.2048 -8.2503 1.1341 40.2043 -5.2797 0.9557
Car -1 -1 -8.2719 480.7645 162.6774 533.0619 192.5061 1.6644 1.6546 3.7380 -6.1187 1.0962 42.2828 -8.4150 0.9054
Car -1 -1 -8.2586 481.1260 162.7048 532.1660 192.1575 1.6422 1.6242 3.7086 -6.1275 1.0760 42.2373 -8.4020 0.8500
Pedestrian -1 -1 -5.2954 34.4958 158.1732 70.0095 216.3043 1.8863 0.4935 0.9392 -18.4432 1.4096 23.8002 -5.9493 0.7220
Pedestrian -1 -1 -3.1032 481.2078 162.2988 501.1349 197.7696 1.7981 0.5101 0.9869 -6.1108 1.2627 36.8911 -3.2665 0.7133
Pedestrian -1 -1 -3.1501 482.8528 162.0539 502.7662 197.6830 1.8077 0.5182 0.9997 -6.0420 1.2594 36.9484 -3.3114 0.7105
Car -1 -1 -8.3016 529.3931 163.0276 588.7510 191.4113 1.6092 1.7662 4.5110 -3.1545 1.0518 43.3021 -8.3742 0.7063
Pedestrian -1 -1 -3.1261 481.1564 162.0790 500.7505 197.8789 1.8164 0.5180 0.9823 -6.1295 1.2694 36.9376 -3.2898 0.6675
Pedestrian -1 -1 -3.1753 483.2681 161.5499 502.4785 197.0458 1.7975 0.5038 0.9524 -6.0279 1.2247 36.8771 -3.3366 0.6574
Car -1 -1 -8.2410 436.5347 161.2880 491.1717 194.2813 1.7415 1.6655 3.7934 -8.2073 1.1307 40.1254 -8.4417 0.6307
Car -1 -1 -8.3385 529.8674 165.8390 586.8445 193.4406 1.5604 1.6568 4.1038 -3.1630 1.1635 42.9705 -8.4118 0.6001
Car -1 -1 -8.4099 524.5274 164.9972 584.7454 192.7066 1.5665 1.6171 4.1568 -3.3810 1.1221 42.9452 -8.4883 0.5806
Car -1 -1 -4.5202 633.5690 162.9433 667.5728 187.0031 1.5608 1.6052 3.8025 2.7530 0.9176 48.8468 -4.4645 0.5658
Car -1 -1 -5.4244 669.0425 158.8951 735.9472 188.7363 1.8411 1.7791 4.5266 5.9134 0.9796 46.8941 -5.3000 0.5629
Car -1 -1 -8.6638 745.0852 159.7490 797.2722 184.2711 1.6684 1.5893 3.4481 11.3179 0.7765 50.9645 -8.4467 0.5528
Car -1 -1 -8.6487 742.0870 159.7739 799.4178 184.3029 1.6655 1.6733 3.9007 11.3029 0.7771 51.0820 -8.4323 0.5489
Car -1 -1 -8.4746 931.4854 161.7590 979.3802 180.6437 1.5471 1.6269 4.0118 29.2264 0.6378 61.2267 -8.0312 0.5270
Car -1 -1 -5.4095 672.6196 160.4561 735.2267 187.5214 1.6742 1.7419 4.1892 6.0111 0.9070 46.8669 -5.2829 0.5120
Car -1 -1 -5.3098 675.2743 160.4239 736.9532 186.7388 1.6309 1.7398 4.5234 6.1752 0.8602 47.1302 -5.1805 0.4959
Car -1 -1 -8.1062 487.1274 161.3693 534.2408 192.1976 1.7220 1.7550 4.1975 -5.9493 1.0802 42.5780 -8.2444 0.4654
Car -1 -1 -4.4811 633.5811 161.7746 671.0929 186.7953 1.6202 1.6556 4.0569 2.8815 0.9024 48.9020 -4.4229 0.4423
Car -1 -1 -8.5899 931.0760 162.0803 979.8752 180.8595 1.5335 1.6089 3.7519 29.1048 0.6534 60.9489 -8.1464 0.4294
Car -1 -1 -8.6604 802.3426 161.9849 855.0305 184.9242 1.7017 1.6250 3.8158 16.7735 0.8951 55.5877 -8.3690 0.4161
Car -1 -1 -8.5607 808.3920 162.1246 857.3435 184.3763 1.6507 1.6639 3.5819 17.0697 0.8544 55.4989 -8.2640 0.4011
Car -1 -1 -4.9599 444.7926 162.9567 492.9807 193.9151 1.6341 1.7450 3.8258 -7.9425 1.1114 40.1873 -5.1540 0.3843
Car -1 -1 -7.9978 929.4506 159.2305 959.2903 180.5183 1.6941 1.6754 3.9273 27.5228 0.6096 59.5417 -7.5668 0.3058
Car -1 -1 -8.6310 745.6193 160.5520 799.5064 184.3472 1.6173 1.5768 3.6907 11.4222 0.7809 51.0254 -8.4122 0.3045
Car -1 -1 -6.8757 629.3770 162.0038 699.2347 186.5970 1.5892 1.7564 4.4634 3.6340 0.8878 48.4953 -6.8016 0.2807
Car -1 -1 -4.2680 632.7778 161.4871 681.2859 186.4899 1.6139 1.6656 4.1204 3.1940 0.8799 48.7786 -4.2033 0.2798
Car -1 -1 -5.5075 908.2396 159.1507 964.9035 180.0920 1.6638 1.7418 4.2567 26.8965 0.5748 59.6272 -5.0857 0.2734
Car -1 -1 -8.3350 836.0662 160.2941 885.4282 182.9633 1.6994 1.8231 4.3544 19.4957 0.7575 56.3783 -8.0039 0.2540
Car -1 -1 -8.7647 925.5151 161.5786 977.8856 180.5587 1.5450 1.6647 3.7498 28.7132 0.6269 60.7830 -8.3254 0.2510
Car -1 -1 -8.4401 830.4482 160.5221 883.5281 183.0151 1.6839 1.7837 4.3862 19.1975 0.7604 56.3667 -8.1136 0.2465
Car -1 -1 -8.6551 855.9874 161.3578 914.1662 183.0543 1.6312 1.7058 4.2687 21.4652 0.7666 56.5423 -8.2941 0.2400
Car -1 -1 -5.5974 911.8934 160.0044 965.0392 180.2956 1.6077 1.6399 3.7821 26.8870 0.5893 59.2270 -5.1732 0.2221
Car -1 -1 -6.5345 633.0552 163.5372 697.8919 187.2354 1.5411 1.6325 4.0264 3.6433 0.9349 48.0780 -6.4596 0.2162
Car -1 -1 -5.5364 750.8274 159.0890 801.0010 183.1859 1.6292 1.6296 3.1545 11.5622 0.6983 50.5458 -5.3130 0.1922
Car -1 -1 -5.5831 749.4800 161.3857 799.0008 184.6436 1.5698 1.4889 3.1521 11.4149 0.7955 50.4070 -5.3619 0.1837
Car -1 -1 -8.5159 831.2355 161.2418 882.2557 184.0361 1.7004 1.6613 3.9463 19.0534 0.8339 55.9625 -8.1895 0.1759
Car -1 -1 -5.7171 904.5389 160.1416 962.1216 180.7669 1.6378 1.6620 4.0693 26.5651 0.6280 59.4498 -5.2988 0.1694
Car -1 -1 -5.7627 905.6682 160.0700 961.9388 180.7613 1.6380 1.5970 3.9345 26.4876 0.6257 59.1778 -5.3438 0.1588
Car -1 -1 -6.6189 630.7003 161.8099 700.1464 186.8810 1.6280 1.7376 4.2966 3.6594 0.9105 48.2456 -6.5439 0.1479
Car -1 -1 -5.6882 897.3501 158.6960 960.5928 181.0268 1.7695 1.7004 4.6097 26.2460 0.6473 59.5769 -5.2752 0.0936
Car -1 -1 -3.5928 629.4459 162.8700 693.6744 186.8850 1.5589 1.6260 3.9813 3.4206 0.9105 48.3333 -3.5228 0.0906
Car -1 -1 -8.6839 850.5723 160.3258 912.6072 183.7018 1.7521 1.7441 4.5560 21.1720 0.8128 56.5077 -8.3273 0.0830
Car -1 -1 -3.3748 629.6469 163.4395 688.2415 186.9167 1.5270 1.6026 3.6164 3.2047 0.9144 48.0207 -3.3088 0.0729
Car -1 -1 -5.9540 910.0663 160.5543 964.4413 180.4678 1.5777 1.5939 3.7361 26.7173 0.6029 59.0224 -5.5309 0.0678
Car -1 -1 -3.2280 620.9194 163.5378 681.1891 187.6431 1.5729 1.5792 3.8721 2.6639 0.9647 47.9307 -3.1731 0.0671
Car -1 -1 -3.3215 628.2495 164.2666 685.0468 187.2399 1.4906 1.4789 3.5419 3.0338 0.9331 47.7570 -3.2587 0.0659
Car -1 -1 -7.7789 839.7015 161.0885 867.7640 183.7849 1.6713 1.7710 3.6573 18.6305 0.8046 55.1603 -7.4549 0.0621
Car -1 -1 -5.7664 525.5548 166.0635 591.7407 190.2309 1.4274 1.5831 3.7448 -3.1807 1.0260 44.1371 -5.8382 0.0612
Car -1 -1 -3.3546 632.8591 164.7303 695.7191 187.7521 1.4937 1.5300 3.9200 3.5460 0.9663 47.8466 -3.2813 0.0566
Cyclist -1 -1 -7.8866 274.1310 170.3079 287.7448 214.7086 1.5366 0.3932 1.5878 -11.8047 1.4482 25.7695 -8.3125 0.0416
Car -1 -1 -8.0295 930.9193 159.8682 961.8845 180.0766 1.6183 1.6390 4.0340 27.8741 0.5781 59.9405 -7.5962 0.0410
Car -1 -1 -7.7148 933.9254 159.8953 962.3804 180.3644 1.6269 1.6229 3.7559 27.8188 0.5966 59.3662 -7.2786 0.0376
Car -1 -1 -7.3438 927.8029 159.3701 975.3038 180.3382 1.6662 1.7122 4.1733 28.0368 0.5944 59.2472 -6.9039 0.0368
Cyclist -1 -1 -7.9064 275.5165 171.4213 288.7925 214.8861 1.5213 0.3605 1.4827 -11.8634 1.4709 25.9960 -8.3310 0.0333
Cyclist -1 -1 -7.7679 276.1163 172.2467 290.4929 215.2254 1.5134 0.3467 1.4768 -11.8837 1.4917 26.1609 -8.1908 0.0308
Car -1 -1 -3.7204 847.8483 163.0558 907.1119 183.9614 1.5636 1.6979 3.9744 20.4342 0.8305 55.2408 -3.3680 0.0300
Car -1 -1 -3.7390 851.0402 162.4256 913.6988 183.6655 1.5869 1.6906 4.2804 20.8091 0.8075 55.2373 -3.3807 0.0288
Car -1 -1 -8.3444 930.3117 161.5434 971.9650 179.9570 1.4883 1.7127 3.4312 28.3297 0.5738 60.0755 -7.9057 0.0258
Car -1 -1 -6.8488 830.9957 162.6121 898.4511 184.6093 1.6410 1.7362 4.6646 19.4446 0.8767 55.2018 -6.5119 0.0234
Car -1 -1 -7.3444 883.4659 163.6028 923.6371 184.0452 1.5383 1.4067 3.4048 22.7338 0.8419 55.9122 -6.9602 0.0201
Cyclist -1 -1 -7.8399 275.4263 168.5382 286.0034 213.1887 1.5982 0.3293 1.6490 -12.2009 1.4434 26.6476 -8.2657 0.0190
Car -1 -1 -8.2097 706.3796 159.9787 755.1301 185.6752 1.6896 1.7992 4.6640 8.2487 0.8427 49.9043 -8.0471 0.0188
Car -1 -1 -3.6146 843.3591 162.1906 904.3961 183.5690 1.5953 1.7056 4.0307 20.0393 0.7993 54.9418 -3.2668 0.0161
Car -1 -1 -6.0525 602.2806 161.7128 671.9675 186.0180 1.5734 1.6305 4.3840 1.7844 0.8519 48.0749 -6.0159 0.0143
Cyclist -1 -1 -7.7032 279.8854 168.4591 297.7637 213.1728 1.5925 0.3441 1.7199 -11.8632 1.4357 26.5725 -8.1196 0.0126
Cyclist -1 -1 -7.8748 279.6706 169.8547 297.0596 213.6703 1.5220 0.5396 1.5588 -11.5913 1.4175 25.8833 -8.2923 0.0122
Car -1 -1 -7.7751 936.9357 160.9867 963.3647 181.3790 1.6289 1.6957 3.7529 28.1329 0.6806 59.6840 -7.3366 0.0122
Cyclist -1 -1 -7.8870 279.2877 169.4057 295.1336 212.8037 1.4922 0.4622 1.6598 -11.5318 1.3734 25.6575 -8.3058 0.0121
Car -1 -1 -3.6587 711.0538 168.0308 768.0651 189.7088 1.4163 1.5103 3.4751 8.6590 1.1009 48.4336 -3.4831 0.0121
Car -1 -1 -6.8020 826.4194 162.5979 883.7197 183.8795 1.5825 1.7235 3.7669 18.5862 0.8196 54.8625 -6.4771 0.0111
Car -1 -1 -3.0209 792.2659 173.4224 893.5007 211.4976 1.5360 1.5992 3.9405 9.8590 1.5611 30.7001 -2.7134 0.0108
Car -1 -1 -2.7732 791.1415 172.6469 900.4345 212.1051 1.5902 1.6319 4.1566 10.0423 1.5815 31.0177 -2.4634 0.0103
Car -1 -1 -8.7249 800.8499 171.2847 900.2688 211.7648 1.6309 1.6438 3.9294 10.2648 1.5674 31.1731 -8.4101 0.0101
Car -1 -1 -3.6017 708.2903 167.9080 764.2263 189.7177 1.4212 1.4811 3.3748 8.3943 1.0986 48.2091 -3.4306 0.0093
Cyclist -1 -1 -7.9628 270.0237 169.9624 284.7595 214.1938 1.5637 0.3289 1.4896 -12.1443 1.4612 26.2327 -8.3928 0.0091
Car -1 -1 -6.9426 823.5394 162.6325 877.1265 183.6184 1.5610 1.6129 3.6595 18.2994 0.8004 55.0417 -6.6234 0.0084
Car -1 -1 -3.7115 712.0271 166.6503 770.1943 189.0710 1.4701 1.5879 3.5741 8.8197 1.0630 48.7268 -3.5337 0.0073
Car -1 -1 -5.1165 701.4841 161.4829 754.9903 185.0564 1.5428 2.0158 4.4935 8.0320 0.7983 49.6470 -4.9572 0.0069
Car -1 -1 -7.2057 882.6890 162.7311 926.8738 183.8510 1.5867 1.4279 3.3495 22.7261 0.8259 55.6776 -6.8201 0.0064
Car -1 -1 -6.7528 827.6014 162.4036 882.7526 183.3566 1.5577 1.5429 3.6540 18.5286 0.7805 54.6691 -6.4279 0.0062
Car -1 -1 -6.7410 854.1876 161.6404 910.3925 182.9580 1.5965 1.6616 3.6530 20.7185 0.7564 55.0439 -6.3829 0.0043
Cyclist -1 -1 -7.5648 280.1270 169.6446 307.1427 213.0196 1.5327 0.4941 1.4895 -11.5480 1.4190 26.2653 -7.9756 0.0042
Cyclist -1 -1 -2.3210 239.3875 164.4700 289.2043 212.5168 1.6840 0.5869 1.7368 -12.4484 1.3899 25.8817 -2.7655 0.0032
Cyclist -1 -1 -7.9424 267.2166 171.5308 283.9259 213.7693 1.4817 0.4276 1.3927 -12.1126 1.4349 26.0208 -8.3744 0.0027
Cyclist -1 -1 -5.3231 254.0612 167.9618 291.1891 213.4770 1.6045 0.4737 1.4398 -12.2080 1.4317 26.0015 -5.7584 0.0024
Pedestrian -1 -1 -3.7816 270.7778 168.8309 296.0710 213.2870 1.5752 0.6542 0.5473 -11.7962 1.4323 25.9634 -4.2045 0.0019
Car -1 -1 -6.9984 884.7883 163.4171 933.9893 184.3550 1.5752 1.3902 3.4254 22.9917 0.8650 55.4883 -6.6076 0.0019
Car -1 -1 -5.1553 830.3413 167.8911 904.4963 208.6471 1.6459 1.5494 3.6991 10.9479 1.4452 31.0608 -4.8199 0.0018
Cyclist -1 -1 -5.1779 265.0984 169.9953 298.5086 215.4721 1.6070 0.4548 1.5553 -11.9534 1.5056 26.1620 -5.6029 0.0015
Car -1 -1 -5.0361 841.2645 170.2974 908.1415 210.9923 1.6418 1.4719 4.0488 11.2897 1.5384 31.1492 -4.6919 0.0015
Cyclist -1 -1 -5.1992 265.0943 171.6999 297.7830 215.2332 1.5288 0.4312 1.4773 -11.8746 1.4880 25.9615 -5.6246 0.0015
Pedestrian -1 -1 -6.0762 307.9228 165.8239 316.7869 198.0435 1.6979 0.5329 0.3324 -15.8424 1.3271 38.3149 -6.4660 0.0011
Pedestrian -1 -1 -4.9513 538.0317 161.8770 548.5829 189.8975 1.5725 0.4957 0.4735 -3.8092 0.9562 40.7967 -5.0441 0.0007
Pedestrian -1 -1 -5.8047 206.4969 165.4044 218.4812 199.1908 1.5794 0.4952 0.2996 -18.7601 1.2309 33.9808 -6.3060 0.0004
Pedestrian -1 -1 -7.0574 270.2506 168.1634 296.7049 213.4494 1.6120 0.6229 0.6097 -11.8461 1.4448 26.0819 -7.4802 0.0003
Cyclist -1 -1 -5.1502 647.2705 162.3722 669.0551 188.8863 1.5899 0.7388 1.5509 2.9011 0.9611 44.1228 -5.0852 0.0002
