Car -1 -1 -2.7429 200.1761 169.8505 408.5190 233.5228 1.4696 1.6389 4.3572 -7.3425 1.3999 17.4862 -3.1354 0.9999
Car -1 -1 -8.0317 704.2628 177.2043 826.8699 290.8853 1.5928 1.4258 2.6284 2.3195 1.6701 11.5356 -7.8394 0.9996
Car -1 -1 -7.9277 676.6312 181.7004 762.2178 256.0159 1.4553 1.6127 3.8126 2.3417 1.6818 16.5482 -7.7906 0.9985
Car -1 -1 -7.2629 0.0000 189.3886 359.3892 374.0000 1.5410 1.6341 3.8966 -2.9681 1.6795 4.1037 -7.8596 0.9979
Car -1 -1 -7.7143 519.2991 175.0077 566.7372 210.4382 1.4513 1.5699 3.7299 -2.9244 1.5512 31.6867 -7.8061 0.9959
Cyclist -1 -1 -4.6287 585.5657 166.0044 602.8726 211.3840 1.8151 0.5677 1.8235 -0.6848 1.5408 29.7876 -4.6521 0.9957
Car -1 -1 -4.5929 476.5276 166.8118 545.4425 224.5361 1.7416 1.7779 3.9996 -3.2150 1.5590 23.7810 -4.7264 0.9940
Car -1 -1 -4.7625 629.7618 171.7800 655.9157 195.5829 1.5454 1.5640 3.8907 2.1534 1.4754 48.7975 -4.7190 0.9288
Car -1 -1 -4.5811 479.2451 168.5305 546.5705 223.3592 1.6520 1.6800 3.9810 -3.1481 1.5214 23.7311 -4.7121 0.8956
Car -1 -1 -7.2913 0.0000 189.6894 359.1398 374.0000 1.5227 1.6207 3.9363 -2.9674 1.6665 4.1901 -7.8789 0.8938
Car -1 -1 -2.7220 197.3981 168.7883 406.1114 234.5334 1.5134 1.6901 4.3484 -7.4157 1.4195 17.5065 -3.1176 0.8722
Car -1 -1 -7.7285 516.9584 174.4790 564.1860 210.6181 1.4786 1.5940 3.8227 -3.0246 1.5539 31.6293 -7.8236 0.8576
Car -1 -1 -4.7026 631.8187 171.6685 656.7230 195.5694 1.5486 1.6133 4.1726 2.3056 1.4714 48.8773 -4.6561 0.8462
Car -1 -1 -7.2394 0.0000 189.6058 352.0450 374.0000 1.5688 1.6821 4.0012 -3.0474 1.7084 4.0222 -7.8571 0.8370
Car -1 -1 -4.8060 626.3693 171.1496 656.2131 195.3604 1.5701 1.6230 4.2300 2.0477 1.4593 48.9479 -4.7648 0.8333
Car -1 -1 -4.7551 628.8901 170.4658 656.9644 195.1378 1.6003 1.7079 4.3331 2.1602 1.4451 48.9673 -4.7117 0.8172
Car -1 -1 -4.6079 478.5642 167.0571 546.4476 224.8545 1.7413 1.7938 4.0942 -3.1672 1.5663 23.8083 -4.7393 0.8120
Car -1 -1 -7.3377 0.0000 185.7816 357.2873 374.0000 1.5203 1.6057 3.9438 -2.9423 1.6325 4.2656 -7.9137 0.7734
Car -1 -1 -4.5675 566.8131 166.5154 590.9280 184.8572 1.6565 1.6643 4.1801 -2.8925 1.0838 67.3295 -4.6106 0.6822
Car -1 -1 -7.7376 517.0497 174.1358 564.0145 210.2735 1.4714 1.6032 3.8242 -3.0087 1.5304 31.4444 -7.8327 0.6732
Car -1 -1 -4.6029 566.7415 165.4813 591.5965 183.7223 1.6495 1.8245 4.7342 -2.8727 0.9825 67.6706 -4.6454 0.6440
Car -1 -1 -4.5407 566.8839 165.6283 594.1812 185.2603 1.7711 1.8047 4.5279 -2.7356 1.1189 67.4564 -4.5813 0.6334
Car -1 -1 -7.7131 521.0304 174.9330 567.6870 210.5856 1.4555 1.5449 3.5414 -2.8505 1.5511 31.4750 -7.8032 0.6257
Car -1 -1 -4.7128 633.5667 172.5585 657.8342 195.8091 1.5033 1.5684 3.7860 2.3658 1.4839 48.5816 -4.6649 0.5398
Car -1 -1 -4.4523 567.1807 166.9998 594.8793 184.8947 1.6136 1.6084 3.9834 -2.6845 1.0854 67.1805 -4.4923 0.4891
Car -1 -1 -4.7205 633.6294 171.2628 659.7648 195.3075 1.5648 1.7000 4.4724 2.4473 1.4610 49.2263 -4.6715 0.4539
Car -1 -1 -8.0399 623.8308 172.4713 657.0200 195.7638 1.5022 1.5919 3.5216 1.9706 1.4773 48.3932 -7.9999 0.4132
Car -1 -1 -4.2741 565.4492 166.9734 597.9271 184.4751 1.5727 1.5988 3.6766 -2.6130 1.0440 66.8420 -4.3133 0.3924
Car -1 -1 -7.8737 631.1949 171.6007 656.3013 195.1090 1.5139 1.5995 3.3514 2.1903 1.4329 48.1602 -7.8289 0.3587
Car -1 -1 -4.3342 567.0671 166.4592 599.4067 184.6189 1.6343 1.6252 4.0549 -2.4739 1.0585 67.1167 -4.3711 0.2672
Car -1 -1 -4.7134 566.9180 166.1584 585.3356 184.7485 1.6760 1.6597 4.0704 -3.1762 1.0721 67.1253 -4.7608 0.2506
Car -1 -1 -4.3062 563.7488 166.3752 597.0770 183.9323 1.5654 1.7054 3.7958 -2.7108 0.9874 66.4081 -4.3471 0.2084
Car -1 -1 -4.1714 566.3680 166.6359 602.0052 184.0555 1.5622 1.5957 3.7431 -2.3779 1.0043 66.7336 -4.2072 0.0949
Car -1 -1 -8.1287 557.7643 165.9289 585.9822 184.5814 1.6784 1.6275 3.8560 -3.5928 1.0549 67.0122 -8.1823 0.0786
Pedestrian -1 -1 -8.1341 454.1130 166.2233 475.2069 212.9443 1.7225 0.6378 0.5815 -5.4872 1.4777 27.0061 -8.3331 0.0736
Pedestrian -1 -1 -8.0134 450.3206 166.0839 470.4851 213.9174 1.7653 0.6529 0.5959 -5.6508 1.5152 27.0238 -8.2180 0.0668
Car -1 -1 -2.4073 550.6560 166.8812 594.0145 184.9921 1.6301 1.6287 3.9287 -3.5271 1.0922 66.8114 -2.4601 0.0658
Car -1 -1 -3.6081 560.6023 167.3993 608.7625 184.8586 1.5738 1.7098 4.1271 -2.3565 1.0818 66.7813 -3.6435 0.0645
Car -1 -1 -6.8873 562.9240 167.1815 610.1255 184.2105 1.5310 1.6652 4.1567 -2.1754 1.0207 66.7755 -6.9200 0.0642
Car -1 -1 -6.2042 451.4250 169.2733 528.6111 205.8668 1.7132 1.6391 3.5480 -5.7670 1.5452 34.7460 -6.3679 0.0581
Pedestrian -1 -1 -8.0286 453.4216 165.2901 474.6702 213.5299 1.7682 0.6770 0.6233 -5.4819 1.4907 26.8621 -8.2285 0.0476
Cyclist -1 -1 -7.8050 401.1415 164.8417 421.5123 230.0026 1.7141 0.4578 1.6783 -5.5033 1.5030 19.8495 -8.0725 0.0409
Pedestrian -1 -1 -7.9985 430.9549 164.9897 452.6045 217.9918 1.6976 0.6067 0.5977 -5.5288 1.4454 23.4985 -8.2276 0.0399
Car -1 -1 -6.8311 562.6323 167.3153 607.7984 184.2926 1.5265 1.6376 3.8846 -2.2981 1.0282 66.6284 -6.8657 0.0383
Pedestrian -1 -1 -8.0419 447.7105 166.8031 468.3874 214.0795 1.7300 0.6517 0.5951 -5.6926 1.5083 26.8035 -8.2496 0.0373
Pedestrian -1 -1 -7.1258 739.3412 169.0929 766.8229 222.3506 1.6422 0.6444 0.5497 4.4457 1.5259 22.6711 -6.9353 0.0358
Pedestrian -1 -1 -7.4238 744.0167 169.1030 772.5415 222.4759 1.6433 0.6992 0.5831 4.6084 1.5275 22.6571 -7.2263 0.0329
Car -1 -1 -4.2060 567.4063 166.4032 604.8834 183.9613 1.5739 1.6175 4.2510 -2.1948 0.9954 66.9389 -4.2389 0.0299
Car -1 -1 -3.0423 559.1559 168.3121 600.4579 184.8619 1.5074 1.6151 3.6698 -2.7897 1.0934 66.6328 -3.0842 0.0290
Cyclist -1 -1 -7.7174 390.3753 162.0324 416.9836 228.2862 1.7384 0.4722 1.7137 -5.6995 1.4542 19.8137 -7.9944 0.0288
Pedestrian -1 -1 -7.7980 399.3222 160.8918 424.9833 229.0214 1.8419 0.6482 0.6158 -5.4934 1.5182 19.8755 -8.0648 0.0254
Car -1 -1 -6.3612 557.2626 167.8713 600.6208 185.2913 1.5738 1.6559 3.8580 -2.8908 1.1233 66.2435 -6.4049 0.0228
Pedestrian -1 -1 -7.9232 426.6383 164.7364 448.0154 218.9127 1.7351 0.6336 0.6548 -5.6787 1.4748 23.5161 -8.1580 0.0227
Car -1 -1 -7.5641 344.3520 169.5045 441.8036 229.2135 1.5998 1.6714 3.9782 -6.3261 1.5097 21.3245 -7.8496 0.0225
Car -1 -1 -5.8862 551.9331 166.5213 598.7556 185.1786 1.6842 1.7289 3.9578 -3.2169 1.1122 66.6209 -5.9346 0.0205
Car -1 -1 -2.7505 552.5070 167.8234 595.0637 185.1834 1.5611 1.6255 3.5510 -3.3415 1.1084 66.2443 -2.8010 0.0177
Pedestrian -1 -1 -3.4701 1178.6848 167.0099 1237.7554 281.1326 1.6189 0.6419 0.4793 8.7324 1.5357 10.6186 -2.7960 0.0147
Car -1 -1 -2.2816 547.1471 166.6299 589.3073 184.7674 1.6287 1.6713 4.0292 -3.9152 1.0695 66.8209 -2.3402 0.0133
Pedestrian -1 -1 -7.8296 472.5598 167.6465 489.2551 209.6986 1.7530 0.6784 0.6554 -5.4877 1.5356 30.4531 -8.0068 0.0131
Cyclist -1 -1 -4.8514 430.6594 166.6065 453.6930 220.1403 1.6924 0.5363 1.4509 -5.5424 1.4946 23.5839 -5.0802 0.0126
Car -1 -1 -7.5926 354.2967 170.0200 443.8683 229.1334 1.5794 1.5499 3.9391 -6.1411 1.5034 21.2609 -7.8710 0.0118
Pedestrian -1 -1 -8.0742 467.3002 169.9322 486.2003 209.7442 1.6552 0.6571 0.6508 -5.6650 1.5335 30.4272 -8.2572 0.0106
Pedestrian -1 -1 -7.8903 473.2667 168.8534 490.6366 210.8536 1.7544 0.7000 0.6496 -5.4645 1.5870 30.5301 -8.0664 0.0105
Pedestrian -1 -1 -7.6210 746.2949 166.5774 773.7073 222.4796 1.7094 0.7128 0.6320 4.6316 1.5172 22.4996 -7.4212 0.0090
Cyclist -1 -1 -7.7780 401.7926 164.9336 422.3279 230.7982 1.7487 0.4182 1.7459 -5.5385 1.5381 20.0535 -8.0446 0.0087
Pedestrian -1 -1 -4.3768 890.6712 194.9279 921.5255 278.0409 1.2672 0.3628 0.3351 4.6135 1.6224 11.3763 -4.0015 0.0074
Car -1 -1 -5.6009 550.7850 166.4534 592.3296 184.6590 1.6366 1.6192 3.6154 -3.5806 1.0609 66.5815 -5.6547 0.0073
Car -1 -1 -4.7685 958.2921 170.5523 1002.8362 205.7852 1.5424 1.6159 3.6874 17.1523 1.4413 33.5999 -4.3004 0.0072
Car -1 -1 -2.6250 547.3977 166.6025 591.0920 184.4514 1.6015 1.5527 3.7252 -3.7685 1.0403 66.2636 -2.6818 0.0067
Car -1 -1 -4.6459 962.5886 168.6182 1007.4391 205.4574 1.6168 1.6297 3.7218 17.5003 1.4306 33.6809 -4.1706 0.0065
Pedestrian -1 -1 -7.8084 419.8505 182.9786 438.1596 217.0164 1.8085 0.9336 0.5637 -9.7977 2.3595 38.9244 -8.0539 0.0046
Cyclist -1 -1 -7.8155 797.8618 173.3281 821.8923 237.3518 1.4276 0.4945 1.6255 4.6557 1.4390 16.9515 -7.5526 0.0039
Car -1 -1 -4.4856 962.2999 165.3896 1021.3461 203.5895 1.6814 1.6354 3.8337 17.8539 1.3526 33.7461 -4.0029 0.0039
Cyclist -1 -1 -7.9056 455.7029 169.0248 471.3041 214.7825 1.6664 0.4887 1.6542 -5.5638 1.5267 27.1391 -8.1064 0.0038
Car -1 -1 -7.7061 975.3838 165.5510 1032.3064 207.8770 1.8341 1.7012 4.4726 18.3300 1.5173 33.5651 -7.2103 0.0027
Pedestrian -1 -1 -7.7601 420.0880 179.1857 439.0161 215.4272 1.9379 0.9471 0.5429 -9.7974 2.2832 39.0404 -8.0049 0.0027
Car -1 -1 -5.8728 414.8197 177.7346 505.9197 206.6288 1.5197 1.6043 4.6466 -8.2384 1.7961 39.6376 -6.0768 0.0023
Cyclist -1 -1 -7.8977 672.5550 170.7315 695.7581 240.6128 1.7145 0.5074 1.7487 1.8454 1.6621 18.5887 -7.8012 0.0023
Cyclist -1 -1 -8.4388 749.0595 159.8621 796.9609 221.9711 1.8503 0.6699 1.5989 4.9828 1.4630 22.3619 -8.2230 0.0021
Pedestrian -1 -1 -6.6997 954.9805 162.1768 976.8816 211.9525 1.8171 0.6910 0.4855 13.1166 1.4270 26.6937 -6.2477 0.0021
Car -1 -1 -6.0241 416.5443 177.2069 505.4978 206.3631 1.5625 1.6144 4.5538 -8.2302 1.8084 39.8799 -6.2267 0.0020
Car -1 -1 -3.9339 0.0000 182.2915 230.0768 374.0000 1.4903 1.7297 4.1430 -6.2268 1.6187 7.6802 -4.5985 0.0018
Cyclist -1 -1 -4.5854 790.0710 167.9658 825.0080 241.4565 1.6362 0.5855 1.7844 4.6201 1.5271 17.0014 -4.3252 0.0018
Car -1 -1 -3.8407 0.0000 180.8464 207.5201 374.0000 1.5223 1.6315 4.0087 -6.2688 1.6256 7.2375 -4.5365 0.0018
Cyclist -1 -1 -8.5242 734.4377 167.0100 780.7034 221.9203 1.6604 0.6158 1.5028 4.5624 1.4834 22.6267 -8.3284 0.0017
Car -1 -1 -3.8266 0.0000 182.1331 224.7977 374.0000 1.4986 1.6123 4.0705 -5.9782 1.6163 7.0220 -4.5134 0.0017
Car -1 -1 -3.6340 0.0000 190.5103 175.7424 374.0000 1.3447 1.5158 3.7320 -6.2730 1.5552 6.6018 -4.3738 0.0013
Car -1 -1 -3.6315 0.0000 180.2883 200.0256 374.0000 1.4913 1.6695 4.1365 -6.5528 1.5875 7.1384 -4.3557 0.0013
Cyclist -1 -1 -6.0455 740.0159 157.7991 806.8863 223.0192 1.9404 0.8227 1.8718 4.9893 1.4922 22.2475 -5.8284 0.0011
Cyclist -1 -1 -7.7054 470.7482 169.9233 492.5190 210.7051 1.6845 0.6754 1.6415 -5.4807 1.5631 30.6329 -7.8814 0.0011
Car -1 -1 -7.5048 432.8976 165.2188 478.9487 195.3074 1.8066 1.5175 4.1195 -9.6818 1.3478 45.4676 -7.7137 0.0010
Car -1 -1 -3.9500 0.0000 173.1064 276.7123 374.0000 1.6626 1.7444 4.6567 -5.3962 1.6655 6.8882 -4.5961 0.0010
Cyclist -1 -1 -4.8147 787.9649 170.1109 822.2439 238.4894 1.5452 0.6049 1.6722 4.5723 1.4829 17.1772 -4.5595 0.0009
Pedestrian -1 -1 -5.7896 195.5016 143.7514 245.5803 241.2297 1.5970 0.6516 0.4900 -6.6005 1.1199 12.1480 -6.2784 0.0007
Cyclist -1 -1 -7.8791 451.6844 168.7780 466.6648 214.8883 1.6789 0.5089 1.6354 -5.7235 1.5302 27.1261 -8.0855 0.0006
Car -1 -1 -7.7462 432.8293 164.6472 467.4936 195.1372 1.8379 1.7139 4.0109 -10.0813 1.3429 45.5799 -7.9629 0.0006
Car -1 -1 -7.6963 433.8916 164.3807 470.5853 195.0618 1.8463 1.6494 3.9939 -9.9220 1.3361 45.4591 -7.9102 0.0006
Pedestrian -1 -1 -3.1937 1181.3055 149.8519 1241.0000 344.1984 1.8819 0.6092 0.5548 6.1703 1.6589 7.3961 -2.5187 0.0005
Pedestrian -1 -1 -4.8227 938.8511 162.5865 973.7296 244.3500 1.6546 0.5960 0.4810 7.1020 1.4465 14.9247 -4.3867 0.0003
Cyclist -1 -1 -5.8215 441.3006 166.3275 488.0787 213.7393 1.7444 0.5763 1.6326 -5.4885 1.5040 27.0371 -6.0204 0.0002
