Car -1 -1 -4.5166 371.3599 182.9502 517.1511 290.8824 1.5302 1.6488 4.3812 -2.7822 1.7404 12.8437 -4.7267 0.9999
Car -1 -1 -5.0047 718.8120 187.0596 982.3854 360.3641 1.4897 1.6964 4.0326 2.4378 1.6983 8.5735 -4.7382 0.9999
Car -1 -1 -7.9511 651.6968 177.4855 703.9178 222.5891 1.6382 1.7014 3.3055 2.5464 1.8296 28.2076 -7.8627 0.9994
Car -1 -1 -4.9514 703.8364 179.0950 825.5870 273.6487 1.5747 1.4846 3.4170 2.8045 1.7105 13.9875 -4.7586 0.9974
Car -1 -1 -4.6260 513.0306 182.7856 561.1261 224.8056 1.4864 1.5784 3.2408 -2.8130 1.8930 27.9258 -4.7261 0.9972
Car -1 -1 -7.9250 645.9255 182.6947 685.0985 217.2828 1.4584 1.5401 3.3597 2.4559 1.9319 33.0605 -7.8522 0.8699
Car -1 -1 -7.9361 646.7258 181.3808 687.3803 216.6788 1.4967 1.5713 3.4058 2.5297 1.9080 33.1278 -7.8613 0.8578
Car -1 -1 -7.9683 632.1804 176.2055 662.5380 203.0941 1.8564 1.7104 4.3828 2.6495 2.1110 52.6175 -7.9188 0.7748
Car -1 -1 -7.9329 633.5233 175.3966 662.5095 203.1457 1.9217 1.7487 4.5354 2.7006 2.1151 52.6810 -7.8825 0.7652
Car -1 -1 -7.9622 637.9297 178.3365 677.1903 210.4497 1.5762 1.6240 4.1192 2.4259 1.8823 38.2259 -7.8999 0.6365
Car -1 -1 -7.6563 370.6043 182.6385 518.4553 287.9562 1.5368 1.7179 4.5743 -2.8579 1.7474 13.2525 -7.8656 0.6028
Car -1 -1 -4.9404 636.0028 180.2299 686.8992 211.2276 1.4894 1.6642 4.6481 2.6125 1.9049 38.2504 -4.8733 0.5765
Car -1 -1 -4.6774 552.7350 182.0114 575.8840 204.3316 1.5116 1.5478 3.7606 -3.3131 2.1995 52.3252 -4.7408 0.5723
Car -1 -1 -4.5410 552.2783 182.1055 582.8751 204.4819 1.5104 1.5799 3.8924 -3.0718 2.2079 52.3979 -4.5998 0.5273
Car -1 -1 -7.8955 649.9280 181.3133 689.5460 217.3169 1.5016 1.6290 3.5787 2.6206 1.9067 32.7651 -7.8171 0.5255
Car -1 -1 -7.8310 651.7808 180.4362 689.4438 216.8300 1.5324 1.6269 3.7158 2.7769 1.9005 33.1204 -7.7488 0.4853
Car -1 -1 -4.5023 551.4120 182.1695 583.3591 204.2984 1.4912 1.6183 3.4379 -3.0652 2.1854 51.9762 -4.5614 0.4607
Car -1 -1 -7.9757 639.9197 178.3800 680.8338 210.5602 1.5776 1.6621 4.0555 2.5689 1.8853 38.1539 -7.9095 0.4229
Car -1 -1 -4.6100 549.8071 182.4565 576.3734 204.2547 1.4695 1.5744 3.3315 -3.3699 2.1815 51.8274 -4.6751 0.4162
Car -1 -1 -8.0492 646.5311 180.3729 702.1257 216.6621 1.5077 1.7183 4.3080 2.8339 1.8761 33.1406 -7.9653 0.3887
Pedestrian -1 -1 -7.4860 477.4881 175.3069 497.3413 220.0648 1.8812 0.6361 0.6711 -5.2660 1.9868 30.7619 -7.6547 0.3510
Car -1 -1 -8.0179 628.9923 175.7382 660.9733 202.1929 1.8271 1.6539 4.1706 2.4703 2.0452 52.4746 -7.9716 0.3451
Pedestrian -1 -1 -7.7394 481.3313 176.1021 498.4963 219.5583 1.8308 0.6552 0.6297 -5.1619 1.9705 30.7786 -7.9047 0.3248
Car -1 -1 -4.6429 553.3252 182.1432 579.3540 204.2482 1.4749 1.6065 3.6933 -3.1172 2.1622 51.5560 -4.7034 0.2895
Car -1 -1 -7.6389 649.5378 181.6567 702.7345 217.6770 1.4917 1.6604 3.7465 3.0313 1.9178 32.9124 -7.5486 0.2862
Car -1 -1 -7.9917 641.4385 177.5742 685.5455 210.0960 1.5890 1.7215 4.3880 2.7245 1.8530 38.1530 -7.9215 0.2646
Car -1 -1 -4.8184 548.4307 182.4631 575.3286 204.6010 1.4907 1.5533 3.7021 -3.5458 2.2121 52.2415 -4.8864 0.2646
Car -1 -1 -7.9900 636.5052 178.6227 675.4612 210.4676 1.5589 1.5644 3.4845 2.3226 1.8750 37.7695 -7.9296 0.2270
Car -1 -1 -7.4746 647.4584 181.2919 712.6745 217.8929 1.5007 1.6810 3.7031 3.1757 1.9048 32.5510 -7.3789 0.1854
Pedestrian -1 -1 -7.7174 479.0051 176.0659 496.5239 219.4381 1.8335 0.6544 0.6763 -5.2740 1.9723 30.9012 -7.8856 0.1808
Car -1 -1 -4.8536 547.4393 181.8530 577.9138 204.4334 1.4951 1.6631 3.6010 -3.4256 2.1580 51.2477 -4.9205 0.1803
Car -1 -1 -7.9369 633.8568 175.1656 661.4851 201.9997 1.8534 1.6534 4.1096 2.6602 2.0273 52.2757 -7.8869 0.1727
Car -1 -1 -4.4198 552.9968 182.4187 588.6679 204.7144 1.4999 1.5447 3.8385 -2.8301 2.2207 52.3451 -4.4741 0.1700
Car -1 -1 -4.7278 634.9667 179.5127 667.8508 210.9139 1.5288 1.6397 4.0391 2.1053 1.8986 38.0491 -4.6735 0.1653
Car -1 -1 -4.7729 547.4070 182.8306 572.2128 204.7399 1.4671 1.5645 3.4284 -3.6583 2.2073 51.7580 -4.8436 0.1502
Car -1 -1 -7.6997 646.3995 177.6399 689.2273 210.3680 1.5865 1.6666 3.8011 3.0240 1.8493 37.6161 -7.6207 0.1476
Car -1 -1 -4.6216 637.0157 178.3312 677.5795 210.8964 1.5516 1.7399 3.9397 2.4473 1.8492 37.1591 -4.5570 0.1362
Pedestrian -1 -1 -7.8619 482.9715 176.5617 499.1677 218.9238 1.7896 0.6780 0.6736 -5.1455 1.9503 30.9399 -8.0259 0.1349
Car -1 -1 -4.9501 540.2289 182.0586 574.5225 204.1883 1.4834 1.5791 3.9759 -3.8820 2.1771 52.2744 -5.0243 0.1255
Car -1 -1 -7.4611 643.5128 177.6778 699.6085 210.4482 1.5796 1.6222 3.6567 3.1971 1.8424 37.3634 -7.3770 0.1250
Car -1 -1 -7.5633 649.3775 180.2728 711.5450 216.5594 1.5032 1.7192 4.1601 3.2556 1.8660 33.0615 -7.4666 0.1244
Car -1 -1 -7.8276 646.5800 178.2910 681.4695 210.7623 1.5815 1.7291 3.9304 2.8415 1.8820 37.8686 -7.7539 0.1084
Car -1 -1 -7.3739 647.0143 181.5650 719.9443 217.8038 1.4856 1.6524 3.9550 3.3484 1.9055 32.6987 -7.2734 0.0955
Car -1 -1 -4.5967 642.3292 177.9501 682.7249 211.2122 1.5804 1.5996 4.2943 2.7260 1.8590 37.2338 -4.5248 0.0884
Cyclist -1 -1 -3.3953 462.0623 175.3399 504.4475 217.4773 1.7510 0.6811 1.6591 -5.4376 1.8587 30.7138 -3.5696 0.0675
Car -1 -1 -4.7010 631.8069 179.8377 669.2192 211.4086 1.4822 1.8071 4.2830 2.0585 1.8617 37.0430 -4.6465 0.0673
Car -1 -1 -5.0353 623.4794 179.3450 674.8942 211.1731 1.5369 1.5998 3.6103 1.9482 1.8924 37.5928 -4.9846 0.0635
Car -1 -1 -5.5432 530.0212 182.5004 582.6293 204.3561 1.4755 1.5627 3.6917 -3.9188 2.1941 52.0146 -5.6185 0.0596
Car -1 -1 -4.6676 650.0491 180.1157 692.1564 218.8597 1.5414 1.6643 4.2175 2.7019 1.8825 31.7275 -4.5841 0.0527
Car -1 -1 -4.7089 536.6598 177.9210 553.9693 194.7545 1.5380 1.6097 4.4387 -6.2504 2.0423 69.5776 -4.7985 0.0526
Car -1 -1 -4.5678 482.7188 180.1770 521.5886 210.0692 1.6132 1.6546 4.1800 -6.2663 2.0610 42.0575 -4.7152 0.0509
Car -1 -1 -2.7394 533.1003 183.3331 584.9839 204.4878 1.4382 1.5986 3.3457 -3.6701 2.2067 51.6404 -2.8105 0.0470
Car -1 -1 -6.0824 531.9494 182.3942 586.6417 203.5253 1.4492 1.5683 3.6490 -3.6233 2.1421 51.4142 -6.1529 0.0457
Cyclist -1 -1 -7.8939 654.3128 175.9213 667.4126 216.4391 1.7912 0.5162 1.8913 2.2752 1.9352 32.9948 -7.8263 0.0445
Car -1 -1 -4.8952 529.4113 177.5808 553.8301 194.5758 1.5506 1.5861 4.2458 -6.6227 2.0194 69.3484 -4.9904 0.0432
Car -1 -1 -4.8549 533.2647 178.4193 553.9769 194.7702 1.4847 1.4594 3.6417 -6.3707 2.0299 68.7806 -4.9473 0.0409
Car -1 -1 -7.4816 646.9748 177.7465 705.6229 210.8894 1.5903 1.6567 4.1084 3.4643 1.8591 37.4808 -7.3907 0.0402
Car -1 -1 -4.8014 534.3954 176.9441 554.0599 194.0689 1.5722 1.5352 3.9006 -6.3596 1.9763 69.2820 -4.8929 0.0399
Car -1 -1 -5.0055 524.1707 177.8478 553.8440 194.9628 1.5550 1.6263 4.4071 -6.8713 2.0504 69.2744 -5.1043 0.0370
Cyclist -1 -1 -6.3714 469.6711 175.5783 511.3875 218.9812 1.8249 0.7349 1.7083 -5.1767 1.9437 30.9784 -6.5362 0.0363
Car -1 -1 -4.6649 642.8108 178.6373 676.9409 211.9492 1.5554 1.5396 4.0291 2.5287 1.8644 36.5044 -4.5969 0.0361
Car -1 -1 -3.2985 543.6934 183.4527 598.3395 205.1097 1.4821 1.5247 3.7102 -2.8334 2.2569 51.6273 -3.3536 0.0337
Cyclist -1 -1 -7.3629 477.4960 175.5612 510.7506 219.3517 1.8257 0.6440 1.8045 -5.0298 1.9459 31.1583 -7.5222 0.0329
Car -1 -1 -4.5876 482.7450 183.4606 520.8330 211.9795 1.4950 1.6397 4.4089 -6.2321 2.1404 41.7012 -4.7355 0.0328
Car -1 -1 -4.5450 479.3843 180.0412 519.9734 209.1951 1.5794 1.6650 4.2518 -6.4420 2.0216 42.2839 -4.6958 0.0328
Car -1 -1 -4.9469 528.8386 178.4741 553.1550 194.7966 1.4827 1.5291 3.5125 -6.6205 2.0329 68.7678 -5.0429 0.0319
Car -1 -1 -7.6449 646.6136 178.1977 696.2382 211.4762 1.6003 1.7545 4.1973 3.2296 1.8959 37.6874 -7.5607 0.0310
Car -1 -1 -4.2739 553.6599 182.3909 597.0839 204.7064 1.4919 1.5737 4.0483 -2.4913 2.2111 52.2654 -4.3218 0.0307
Car -1 -1 -5.5890 524.8674 182.1462 579.9724 203.9406 1.4714 1.5512 3.8514 -4.1937 2.1625 51.9428 -5.6697 0.0296
Car -1 -1 -4.6624 537.6153 177.0469 555.8654 194.0292 1.5622 1.5553 3.9326 -6.0750 1.9765 69.3525 -4.7498 0.0270
Car -1 -1 -3.7869 548.3453 182.6589 605.0285 204.6895 1.4815 1.6010 3.9082 -2.4084 2.2137 52.0421 -3.8334 0.0266
Car -1 -1 -4.5554 484.6512 180.6785 523.3633 210.1924 1.5950 1.6228 4.0380 -6.1665 2.0732 42.0967 -4.7005 0.0227
Car -1 -1 -5.8804 523.9225 182.2892 580.8084 203.7607 1.4606 1.5714 3.7382 -4.1460 2.1525 51.5957 -5.9606 0.0192
Car -1 -1 -3.5007 547.8184 183.5226 606.1539 205.5413 1.4879 1.5773 3.8667 -2.3940 2.2738 51.6867 -3.5473 0.0190
Car -1 -1 -5.1881 518.5383 177.0971 554.0916 194.2713 1.5661 1.6267 4.2315 -7.1102 1.9852 69.1084 -5.2905 0.0180
Cyclist -1 -1 -6.4504 467.6311 175.4013 510.2838 219.5176 1.8432 0.6870 1.7059 -5.2148 1.9538 30.8194 -6.6171 0.0178
Car -1 -1 -4.5598 536.7704 177.9859 560.7120 194.4846 1.5060 1.6430 4.4598 -5.8895 2.0167 69.5611 -4.6443 0.0174
Car -1 -1 -5.0829 523.4715 178.3955 552.2386 195.1884 1.5285 1.5739 3.4821 -6.9274 2.0716 68.8435 -5.1832 0.0172
Car -1 -1 -5.9893 522.8306 182.9099 579.2062 203.8662 1.4266 1.5880 3.7021 -4.2174 2.1589 51.4014 -6.0712 0.0172
Car -1 -1 -6.9129 639.7996 178.1126 712.0852 211.0161 1.5916 1.5773 3.4147 3.3479 1.8720 36.9544 -6.8239 0.0141
Car -1 -1 -3.2021 553.0725 184.0226 608.3878 205.0606 1.4378 1.5271 3.8407 -2.1328 2.2462 51.2842 -3.2440 0.0118
Car -1 -1 -7.0328 643.6202 177.6874 719.8120 211.5368 1.6183 1.6323 3.7675 3.6441 1.8765 36.7994 -6.9355 0.0116
Car -1 -1 -4.6415 472.2182 185.2681 510.4216 216.2640 1.3257 1.5424 3.3316 -5.5840 1.9397 33.9755 -4.8037 0.0072
Car -1 -1 -4.6621 478.3815 184.8476 514.4473 212.6852 1.3987 1.7798 4.3426 -6.3483 2.1081 40.4465 -4.8173 0.0071
Car -1 -1 -4.6507 465.2692 185.4591 506.1803 220.7392 1.4291 1.5891 3.7872 -5.6017 2.0327 32.6019 -4.8200 0.0069
Car -1 -1 -4.6736 643.4210 178.1865 680.7565 214.8826 1.6709 1.6816 4.8305 2.6236 1.9556 36.0711 -4.6022 0.0069
Cyclist -1 -1 -7.3537 472.9222 175.6860 507.3335 220.3164 1.8480 0.7406 1.6786 -5.1621 1.9726 30.9073 -7.5184 0.0053
Cyclist -1 -1 -7.5810 475.7769 173.9075 504.0417 218.7319 1.8541 0.7601 1.6994 -5.1492 1.9000 30.7721 -7.7460 0.0050
Car -1 -1 -4.8482 587.4279 180.3174 618.2286 201.6738 1.4211 1.6629 4.0353 -0.5836 1.9765 51.6103 -4.8599 0.0042
Car -1 -1 -3.4089 553.5224 182.6899 615.6909 204.4339 1.4756 1.6208 4.1644 -1.8540 2.1981 51.6247 -3.4451 0.0041
Car -1 -1 -4.8880 620.4246 179.0630 664.7437 211.3615 1.5714 1.6450 3.9887 1.6195 1.9160 37.9937 -4.8463 0.0031
Car -1 -1 -4.5890 587.5441 180.2811 616.4587 201.1167 1.4114 1.6278 3.9638 -0.5735 1.9717 52.4059 -4.6004 0.0030
Car -1 -1 -4.6024 637.9327 179.1536 680.1710 214.7240 1.6107 1.6163 4.4928 2.4581 1.9440 35.8591 -4.5352 0.0028
Car -1 -1 -4.9209 637.0620 175.3372 670.0542 202.1481 1.7745 1.4826 4.0185 2.9586 1.9543 50.2414 -4.8630 0.0019
Cyclist -1 -1 -7.4598 471.1501 175.6381 501.5674 220.0126 1.8322 0.6900 1.6755 -5.3051 1.9542 30.7974 -7.6295 0.0011
Car -1 -1 -4.7190 646.3524 178.8405 683.3492 215.5906 1.6427 1.6938 4.9324 2.6381 1.9586 35.5888 -4.6462 0.0009
Pedestrian -1 -1 -6.5078 829.2825 154.6177 849.9470 237.3679 1.8332 0.5464 0.3260 5.1209 1.4289 16.2687 -6.2087 0.0006
Car -1 -1 -4.7511 644.3240 179.9906 680.5090 216.1337 1.6196 1.5831 4.4383 2.4793 1.9922 35.4596 -4.6825 0.0005
Cyclist -1 -1 -7.7791 647.4670 184.0857 658.6755 217.2307 1.4198 0.3891 1.5566 1.8881 1.9338 32.2443 -7.7218 0.0000
Cyclist -1 -1 -7.8181 649.3935 184.9603 658.6372 216.7949 1.3585 0.3646 1.3718 1.9151 1.9072 32.0232 -7.7596 0.0000
