Car -1 -1 -7.0451 699.9119 203.9895 760.5251 234.6507 1.4720 1.4990 3.0558 6.4915 3.2242 39.1298 -6.8829 0.9190
Car -1 -1 -7.0255 698.5864 203.6379 762.6180 234.3109 1.4697 1.5636 3.2259 6.5236 3.2074 39.1972 -6.8628 0.8204
Car -1 -1 -7.1266 698.0833 202.5270 759.1118 233.1765 1.4581 1.5520 3.1611 6.3927 3.1285 39.0237 -6.9664 0.6464
Car -1 -1 -7.0364 698.3635 203.0511 762.3269 233.8105 1.4775 1.5906 3.2207 6.5229 3.1861 39.2744 -6.8740 0.5740
Car -1 -1 -7.0336 699.7751 202.2166 757.9224 232.8753 1.4789 1.5185 2.8203 6.3805 3.1205 38.9317 -6.8733 0.5737
Car -1 -1 -7.0446 700.9890 199.9158 770.2652 232.4347 1.5718 1.5840 3.6352 6.8264 3.1092 39.3284 -6.8749 0.5137
Pedestrian -1 -1 -4.4015 21.2500 176.6032 85.0550 311.2553 1.9228 0.5025 0.8956 -8.3967 1.9814 10.8371 -5.0490 0.4927
Pedestrian -1 -1 -4.2432 21.4357 179.1261 89.7806 310.6492 1.8770 0.4819 0.8319 -8.3261 1.9744 10.7919 -4.8886 0.4346
Car -1 -1 -3.1187 927.9445 176.3900 1068.2184 228.2613 1.5122 1.6245 3.7965 12.1843 1.6321 22.8885 -2.6354 0.3805
Pedestrian -1 -1 -4.1568 9.9296 177.5864 83.1232 310.4277 1.8892 0.4965 0.8186 -8.4084 1.9621 10.7239 -4.8100 0.3803
Car -1 -1 -7.0623 700.4468 197.8695 768.6450 231.1409 1.6090 1.6212 3.5208 6.7245 3.0218 39.0847 -6.8941 0.3776
Car -1 -1 -7.1624 696.4877 203.4007 753.2348 232.8886 1.3881 1.5858 2.7953 6.1245 3.0877 38.6335 -7.0073 0.3197
Pedestrian -1 -1 -4.4730 0.0000 175.6384 45.8827 273.4523 1.7455 0.6142 0.5865 -10.9106 1.7980 13.2940 -5.1506 0.2821
Pedestrian -1 -1 -5.9297 34.6627 176.8299 54.0349 242.4109 1.8074 0.4942 0.2709 -15.8780 1.9199 20.1949 -6.5897 0.2630
Pedestrian -1 -1 -7.8376 1165.6603 170.5986 1207.1213 251.6339 1.7397 0.7052 0.5228 12.6562 1.6910 15.9151 -7.1754 0.2379
Car -1 -1 -3.1621 929.7000 177.4318 1062.1560 228.7596 1.4936 1.5909 3.5713 12.0287 1.6473 22.7692 -2.6820 0.2059
Pedestrian -1 -1 -4.2667 3.1160 177.6105 62.6177 274.3247 1.7130 0.6088 0.6956 -10.6161 1.8025 13.2257 -4.9334 0.1696
Cyclist -1 -1 -7.7693 1041.3950 175.3433 1072.3132 235.1377 1.7328 0.6714 1.6568 13.4923 1.8109 21.8487 -7.2228 0.1585
Car -1 -1 -3.0326 912.3436 178.0771 1057.3398 228.9270 1.4823 1.6897 3.9878 11.9663 1.6629 23.2008 -2.5622 0.1473
Pedestrian -1 -1 -7.9013 1161.4375 171.2274 1205.9850 250.1635 1.7046 0.7421 0.5575 12.6741 1.6692 16.0228 -7.2416 0.1380
Pedestrian -1 -1 -5.5466 27.6456 175.7385 53.0672 240.9681 1.7830 0.5366 0.2597 -15.8542 1.8639 20.0242 -6.2100 0.1110
Cyclist -1 -1 -7.3457 1033.6461 167.4199 1090.4385 229.1397 1.8036 0.7217 1.7143 13.6247 1.6445 21.8188 -6.7941 0.1034
Pedestrian -1 -1 -5.5487 23.8786 177.5892 49.8930 241.3301 1.7577 0.5297 0.2895 -16.0995 1.8919 20.2120 -6.2150 0.0964
Pedestrian -1 -1 -4.1408 0.0000 178.3539 61.1099 274.2495 1.6817 0.5946 0.7785 -10.6074 1.7846 13.1178 -4.8110 0.0912
Pedestrian -1 -1 -8.0055 1037.4590 179.6663 1065.5059 238.2829 1.7157 0.6396 0.5223 13.1398 1.9225 21.5667 -7.4650 0.0638
Car -1 -1 -3.5381 966.1539 175.7375 1169.1862 253.9795 1.5310 1.6793 3.2235 9.4814 1.5960 15.2688 -2.9916 0.0619
Pedestrian -1 -1 -7.8440 1180.3306 166.4037 1224.9252 248.5453 1.7512 0.7458 0.5642 12.9472 1.6134 15.8374 -7.1683 0.0600
Pedestrian -1 -1 -5.6566 40.4389 177.9672 64.3115 244.7359 1.8353 0.5562 0.2473 -15.6233 1.9798 20.1573 -6.3097 0.0585
Cyclist -1 -1 -4.9609 1030.5774 180.9280 1068.7646 237.1308 1.6139 0.6090 1.5507 13.2058 1.8667 21.7880 -4.4226 0.0584
Car -1 -1 -7.8795 550.9033 187.6202 569.9476 205.1214 1.5609 1.7368 4.3628 -4.8844 3.0477 70.4109 -7.9490 0.0563
Cyclist -1 -1 -7.1257 1032.9503 170.7103 1095.3301 233.2511 1.8231 0.6915 1.6077 13.5377 1.7603 21.5935 -6.5724 0.0533
Pedestrian -1 -1 -4.2647 21.0248 178.5883 70.9973 274.0570 1.7041 0.5292 0.5639 -10.3989 1.8117 13.2493 -4.9205 0.0528
Pedestrian -1 -1 -7.8660 1173.7676 166.4791 1214.1511 246.7171 1.7384 0.6853 0.5512 12.9334 1.6000 16.0599 -7.1974 0.0478
Pedestrian -1 -1 -3.9759 1187.5693 146.0262 1241.0000 283.9011 1.9032 0.5350 0.4277 8.5919 1.5326 10.2565 -3.2932 0.0462
Pedestrian -1 -1 -7.5456 0.0000 177.4083 37.8764 274.8830 1.7085 0.6092 0.6131 -10.9114 1.7933 13.0810 -8.2309 0.0443
Car -1 -1 -7.7935 552.7656 187.3151 573.1026 205.0724 1.5934 1.7261 4.3203 -4.5832 3.0482 70.4357 -7.8587 0.0416
Pedestrian -1 -1 -8.0483 1034.9388 178.4072 1062.7878 236.0454 1.6979 0.6045 0.6143 13.1552 1.8678 21.7213 -7.5105 0.0398
Pedestrian -1 -1 -7.1655 10.1107 178.5822 71.7969 278.6414 1.7608 0.5572 0.7050 -10.3701 1.8674 13.0990 -7.8255 0.0357
Car -1 -1 -3.5441 971.8975 175.9888 1179.1500 254.3614 1.5186 1.6609 3.2569 9.5574 1.5887 15.1329 -2.9902 0.0347
Car -1 -1 -3.6212 946.0219 180.3756 1178.6830 259.6508 1.5320 1.7074 3.7648 9.2543 1.6992 15.0945 -3.0806 0.0332
Cyclist -1 -1 -6.9129 1032.9958 167.3452 1105.6704 229.5187 1.8177 0.7580 1.7156 13.6436 1.6563 21.5339 -6.3549 0.0332
Pedestrian -1 -1 -7.9216 1155.0836 175.6530 1203.9360 254.5435 1.6799 0.7999 0.5600 12.4439 1.7429 15.8517 -7.2657 0.0264
Pedestrian -1 -1 -5.5175 15.2123 177.4466 44.2675 243.1034 1.7838 0.6067 0.2844 -16.0981 1.9126 19.9626 -6.1897 0.0258
Pedestrian -1 -1 -5.3762 0.0000 187.4902 48.0733 364.7284 1.8179 0.5668 0.5159 -6.6080 1.9823 7.7885 -6.0632 0.0221
Pedestrian -1 -1 -5.2009 0.0000 191.5818 28.1177 367.5016 1.7184 0.6037 0.5467 -6.6247 1.9229 7.5103 -5.9063 0.0208
Car -1 -1 -7.7542 555.2973 186.7561 577.0294 204.4094 1.5806 1.6844 4.4584 -4.2647 2.9807 70.4240 -7.8149 0.0191
Car -1 -1 -3.6204 987.8204 171.9104 1241.0000 253.1574 1.5756 1.7281 4.2038 10.4155 1.5570 15.0929 -3.0260 0.0185
Car -1 -1 -6.6976 1007.8636 169.4910 1241.0000 252.2659 1.5704 1.6481 4.2858 10.7943 1.5063 14.9260 -6.0813 0.0181
Car -1 -1 -4.9987 650.4974 192.9898 680.6918 213.2513 1.5454 1.5784 3.5881 4.6240 3.2946 60.7695 -4.9238 0.0133
Car -1 -1 -3.4623 988.7328 175.2608 1237.3029 252.6094 1.4605 1.5976 3.9267 10.1763 1.5145 14.9911 -2.8756 0.0099
Pedestrian -1 -1 -7.0172 1182.5532 129.6530 1241.0000 252.7178 1.9429 0.7144 0.6604 9.8972 1.2605 11.7635 -6.3303 0.0096
Pedestrian -1 -1 -4.0207 1176.2228 142.1803 1237.8486 285.3271 1.9688 0.5041 0.4457 8.3887 1.5466 10.2161 -3.3478 0.0088
Cyclist -1 -1 -2.2580 0.0000 177.4035 84.0720 273.8452 1.7077 0.5288 1.7051 -10.6630 1.7938 13.2590 -2.9257 0.0084
Car -1 -1 -3.6709 984.0533 174.5721 1228.4891 249.4408 1.4699 1.7515 3.8975 10.2290 1.5081 15.1902 -3.0877 0.0083
Car -1 -1 -5.1843 643.0057 192.1908 680.4062 212.5790 1.5484 1.5809 3.7964 4.2914 3.2314 60.7545 -5.1148 0.0073
Car -1 -1 -5.4817 750.6938 187.7710 837.3326 222.2919 1.4522 1.6419 4.0366 8.6456 2.2072 34.3759 -5.2380 0.0067
Car -1 -1 -6.6972 1149.9597 158.1206 1241.0000 229.2913 1.4494 1.5247 4.1277 14.7166 1.1490 16.0639 -5.9649 0.0063
Car -1 -1 -4.3849 653.7646 187.1815 688.5266 208.1982 1.7537 1.8667 4.3377 5.5921 3.1067 65.7894 -4.3011 0.0062
Pedestrian -1 -1 -6.0672 40.6426 173.1371 58.4859 243.7945 1.9190 0.6135 0.2616 -15.5279 1.9267 19.9325 -6.7227 0.0062
Car -1 -1 -6.2550 1160.9071 153.7189 1241.0000 238.1903 1.5627 1.5799 4.2886 14.5140 1.2084 15.4123 -5.5093 0.0061
Car -1 -1 -5.2025 757.4820 189.9576 827.5320 225.2289 1.5031 1.6327 3.8671 8.6895 2.3778 34.8365 -4.9608 0.0059
Car -1 -1 -5.3180 747.2610 189.0138 821.6379 220.5774 1.3519 1.6248 3.8038 8.3665 2.1837 35.0873 -5.0865 0.0058
Car -1 -1 -4.3161 655.1666 186.3612 690.5757 207.4376 1.7685 1.6981 4.2837 5.7460 3.0424 65.7727 -4.2300 0.0058
Car -1 -1 -5.5421 740.3041 186.2328 834.6886 221.5322 1.4813 1.7431 4.2885 8.3025 2.1583 34.2604 -5.3070 0.0058
Car -1 -1 -4.4407 656.5269 186.3104 689.1990 206.5264 1.6896 1.8438 4.4858 5.7647 2.9646 65.9563 -4.3544 0.0053
Car -1 -1 -3.4895 1004.9964 172.7994 1241.0000 254.9309 1.5525 1.8741 4.4561 10.9508 1.5512 15.1343 -2.8729 0.0052
Pedestrian -1 -1 -5.8752 119.0186 183.0365 146.5302 244.5049 1.9854 0.7145 0.5155 -15.8033 2.3270 23.8331 -6.4559 0.0044
Car -1 -1 -5.5273 732.6413 190.9018 817.5210 220.4710 1.2469 1.6424 3.9697 7.9201 2.1772 35.0993 -5.3079 0.0040
Car -1 -1 -4.1921 655.7094 187.2448 695.0245 207.8414 1.7245 1.6577 4.2935 5.9712 3.0804 65.7679 -4.1025 0.0039
Car -1 -1 -7.3917 347.0633 160.8378 395.3565 190.5886 2.2386 1.7899 4.4684 -18.7003 1.3342 56.6329 -7.7094 0.0038
Car -1 -1 -5.3581 633.9196 189.7738 682.5975 210.7816 1.5918 1.7469 4.4712 3.9949 3.0725 60.8045 -5.2935 0.0037
Cyclist -1 -1 -8.0130 484.0917 178.6323 495.1981 208.9164 1.7715 0.4216 1.5133 -7.2617 2.1242 43.2904 -8.1787 0.0032
Car -1 -1 -4.4150 623.4286 181.3851 656.7027 202.5522 1.7152 1.7784 4.0268 2.6144 2.4790 62.4305 -4.3739 0.0032
Car -1 -1 -6.4712 1157.8888 166.1540 1241.0000 242.0883 1.4783 1.5908 4.0373 14.5518 1.3476 15.7771 -5.7357 0.0031
Car -1 -1 -6.5831 1035.7815 171.2396 1241.0000 260.2714 1.6112 1.8623 4.6218 11.4730 1.5817 14.7276 -5.9314 0.0031
Car -1 -1 -6.6667 0.0000 0.0000 1241.0000 374.0000 1.5677 1.5956 3.7299 -3.3902 1.6773 1.4253 -7.7711 0.0030
Car -1 -1 -6.8132 0.0000 0.0000 1241.0000 374.0000 1.5606 1.5806 3.6014 -2.1913 1.6355 1.2608 -7.7716 0.0030
Car -1 -1 -6.7006 0.0000 0.0000 1241.0000 374.0000 1.5638 1.5914 3.6844 -2.9986 1.6515 1.3549 -7.7720 0.0030
Car -1 -1 -6.7666 0.0000 0.0000 1241.0000 374.0000 1.5607 1.5874 3.6718 -2.5841 1.6458 1.3637 -7.7710 0.0030
Car -1 -1 -4.6036 533.6114 188.2360 560.7711 212.0409 1.6543 1.6094 4.3335 -4.7887 2.8762 55.1487 -4.6904 0.0030
Car -1 -1 -4.5107 654.8328 185.9010 685.6694 205.9644 1.6810 1.9574 4.4932 5.5335 2.9189 66.0459 -4.4280 0.0029
Car -1 -1 -4.5611 523.5026 188.3222 552.7814 212.3248 1.6650 1.5928 4.3235 -5.4716 2.8928 55.0865 -4.6602 0.0024
Cyclist -1 -1 -8.0231 484.7508 178.1664 495.7805 209.0642 1.8177 0.3884 1.6193 -7.2697 2.1443 43.5618 -8.1880 0.0023
Car -1 -1 -4.6977 520.5042 189.3280 544.4993 213.6780 1.6709 1.7469 4.6335 -5.9156 2.9838 55.1294 -4.8047 0.0023
Pedestrian -1 -1 -6.8223 1050.1144 163.9688 1071.4733 208.0959 1.6607 0.6857 0.3910 17.1303 1.3260 27.4994 -6.2703 0.0020
Car -1 -1 -4.8140 539.1130 188.7244 566.1543 211.1987 1.5536 1.6411 4.1440 -4.4488 2.8145 55.1528 -4.8947 0.0017
Car -1 -1 -4.7834 420.6416 189.8984 455.4858 219.8780 1.6060 1.7487 4.0229 -10.3971 2.6804 43.3145 -5.0181 0.0012
Cyclist -1 -1 -8.0495 485.7824 176.1487 498.5573 207.9775 1.8631 0.4603 1.5551 -7.0980 2.0638 43.2105 -8.2118 0.0010
Car -1 -1 -4.1373 348.3919 164.6349 397.4701 190.8507 1.9782 1.6534 4.1783 -18.5880 1.3577 56.6771 -4.4530 0.0010
Car -1 -1 -4.5073 418.6229 188.4998 457.8887 215.2380 1.4656 1.6073 3.5625 -10.3313 2.4467 43.4608 -4.7398 0.0009
Car -1 -1 -4.8748 444.2920 190.3033 479.1071 218.5876 1.5258 1.4552 3.7893 -9.0041 2.6256 43.4577 -5.0785 0.0009
Car -1 -1 -4.5162 420.6766 183.5956 462.2839 213.3709 1.6576 1.6785 4.1534 -10.2016 2.3405 43.7873 -4.7442 0.0008
Pedestrian -1 -1 -3.8173 1045.8430 155.8308 1075.2828 198.3104 1.7808 0.7993 0.7187 19.1128 1.0669 30.6886 -3.2648 0.0007
Cyclist -1 -1 -8.0475 486.4355 175.9917 498.1382 206.2829 1.7867 0.4252 1.4417 -7.1314 1.9787 43.4646 -8.2096 0.0007
Cyclist -1 -1 -7.2801 0.0000 180.7684 62.0712 277.3740 1.6584 0.4466 1.6065 -10.9494 1.8135 13.3431 -7.9576 0.0005
Car -1 -1 -4.7275 429.3049 189.7866 459.4139 220.4134 1.6436 1.6799 4.0030 -9.9906 2.7082 43.2361 -4.9538 0.0005
Cyclist -1 -1 -6.9395 1147.6066 157.4118 1241.0000 248.8737 1.9540 0.8063 1.7141 12.9067 1.6238 15.8338 -6.2652 0.0004
Cyclist -1 -1 -4.2863 0.0000 179.0831 74.8846 277.4518 1.6906 0.5016 1.5967 -10.6235 1.8127 13.3412 -4.9492 0.0004
Car -1 -1 -4.9124 437.2881 188.3873 473.5166 213.9262 1.4088 1.4740 3.6113 -9.5230 2.4003 44.1221 -5.1242 0.0003
Cyclist -1 -1 -8.7832 1144.1860 172.5267 1230.0009 247.2285 1.5786 0.6094 1.3937 12.7095 1.5714 16.0002 -8.1214 0.0003
