Car -1 -1 -4.5772 475.5418 189.6240 542.2308 239.1359 1.4621 1.7180 4.1459 -3.4247 2.0861 24.7865 -4.7138 0.9990
Car -1 -1 -4.5860 476.7043 188.8365 543.1580 238.5334 1.4737 1.7534 4.0416 -3.3833 2.0661 24.7291 -4.7213 0.8503
Car -1 -1 -4.5686 474.3776 190.4506 542.3669 239.7729 1.4484 1.7120 4.3387 -3.4543 2.1088 24.9156 -4.7057 0.8109
Car -1 -1 -4.5714 474.5368 189.6093 541.9125 239.5319 1.4696 1.7130 4.1212 -3.4334 2.0905 24.6885 -4.7089 0.7808
Car -1 -1 -7.8872 596.8426 183.7755 617.4457 204.0840 1.6392 1.6470 3.4341 -0.2933 2.6017 61.8639 -7.8924 0.1976
Car -1 -1 -7.7796 598.1754 183.9699 620.5560 204.8653 1.6810 1.6477 3.8957 -0.0497 2.6695 62.1796 -7.7809 0.1923
Car -1 -1 -7.8535 595.3333 183.3624 616.0614 204.5155 1.7067 1.7301 4.0174 -0.3973 2.6421 62.2324 -7.8604 0.1221
Pedestrian -1 -1 -4.3461 903.0366 164.9787 942.7701 250.4913 1.7623 0.5809 0.6573 6.5868 1.5997 15.3083 -3.9474 0.1189
Car -1 -1 -4.8009 595.3206 183.0436 619.1206 204.1603 1.6612 1.6433 4.1359 -0.2924 2.5520 60.9597 -4.8062 0.1179
Car -1 -1 -7.9540 592.9799 183.8361 615.9132 203.7660 1.5957 1.6208 3.3513 -0.5227 2.5575 61.4580 -7.9630 0.0921
Car -1 -1 -7.9599 590.8911 183.1590 615.6240 204.3838 1.7066 1.7017 4.0941 -0.6387 2.6254 62.2197 -7.9706 0.0850
Car -1 -1 -7.8294 596.1577 182.6787 616.9580 203.7042 1.7016 1.7020 3.9457 -0.2929 2.5759 62.2434 -7.8346 0.0820
Pedestrian -1 -1 -4.1784 906.6823 165.9886 948.3325 251.3842 1.7450 0.5392 0.6682 6.6173 1.6044 15.1594 -3.7747 0.0651
Pedestrian -1 -1 -4.4071 895.9244 167.0567 933.6030 254.3472 1.8019 0.5619 0.6891 6.4281 1.6819 15.3386 -4.0178 0.0420
Pedestrian -1 -1 -4.2416 895.8356 167.3669 937.1569 256.6961 1.8166 0.5328 0.7187 6.3662 1.7047 15.1096 -3.8507 0.0358
Cyclist -1 -1 -4.8437 907.8629 167.5405 944.8832 253.0604 1.7203 0.5162 1.4463 6.6274 1.6131 15.2802 -4.4423 0.0097
Cyclist -1 -1 -3.8971 883.8699 166.0380 964.9828 255.0857 1.8209 0.5615 1.6485 6.6176 1.6812 15.3041 -3.4968 0.0085
Car -1 -1 -4.4267 510.7519 184.1069 552.1247 209.1845 1.5708 1.6120 4.5721 -5.3867 2.3835 49.7364 -4.5345 0.0081
Car -1 -1 -4.3990 505.9571 183.2449 549.3469 207.9569 1.5532 1.6395 4.5890 -5.6514 2.3046 49.7890 -4.5119 0.0079
Car -1 -1 -4.2862 506.9239 184.5112 554.3563 210.0375 1.6158 1.6098 4.3795 -5.4856 2.4632 50.1348 -4.3952 0.0078
Car -1 -1 -6.1095 570.2373 184.0589 626.3193 204.8450 1.6941 1.7292 4.5360 -1.0015 2.6648 61.3190 -6.1263 0.0078
Car -1 -1 -4.4466 493.3953 182.9353 539.2073 209.2400 1.4409 1.6624 4.3176 -5.6205 2.0799 43.5023 -4.5748 0.0076
Car -1 -1 -3.9394 1095.3264 184.9504 1241.0000 374.0000 1.4242 1.6095 4.1662 5.0851 1.5027 3.6728 -3.0319 0.0070
Car -1 -1 -7.6028 653.6793 181.5840 694.2876 206.8293 1.4133 1.5668 3.8104 3.8985 1.9688 43.8746 -7.5153 0.0070
Car -1 -1 -7.4873 653.7173 181.9264 701.6257 209.9193 1.5599 1.5274 4.1134 4.1228 2.1378 43.8035 -7.3947 0.0069
Car -1 -1 -4.6234 651.6749 180.4034 684.3123 205.9378 1.4402 1.6539 3.7936 3.5316 1.9202 43.8924 -4.5441 0.0069
Cyclist -1 -1 -4.9857 905.4988 168.8083 953.2795 252.5122 1.6717 0.5156 1.5061 6.6453 1.5906 15.1905 -4.5812 0.0065
Pedestrian -1 -1 -4.9237 277.1695 191.7129 303.2806 257.6240 1.3947 0.4239 0.5205 -7.0542 1.8160 15.7950 -5.3380 0.0060
Pedestrian -1 -1 -8.1267 259.2256 188.3989 294.2849 262.3885 1.5602 0.5474 0.6374 -7.3565 1.9095 15.8110 -8.5562 0.0052
Car -1 -1 -4.4830 1241.0000 174.2394 1241.0000 374.0000 1.4061 1.6356 3.9043 6.1672 1.4165 4.0678 -3.5283 0.0052
Car -1 -1 -6.2313 585.6422 183.9299 633.6695 204.6422 1.6982 1.8162 3.9897 -0.0272 2.6536 61.2465 -6.2323 0.0049
Car -1 -1 -4.4964 493.6224 181.4306 537.6282 207.9738 1.4457 1.7056 4.3508 -5.5948 1.9830 42.9879 -4.6255 0.0049
Car -1 -1 -4.1715 1188.4714 182.5343 1241.0000 374.0000 1.4137 1.6606 4.0876 5.5199 1.4761 3.6753 -3.2248 0.0046
Car -1 -1 -4.2026 502.6157 183.6434 552.3521 206.7264 1.4793 1.5474 4.3475 -5.7705 2.2716 50.6995 -4.3158 0.0045
Car -1 -1 -4.5413 1241.0000 153.5303 1241.0000 374.0000 1.4512 1.6325 3.9741 6.9879 1.3726 4.4945 -3.5717 0.0045
Car -1 -1 -5.2285 1241.0000 153.1126 1241.0000 374.0000 1.3712 1.6265 3.8820 8.2945 1.2708 5.7632 -4.2887 0.0040
Car -1 -1 -4.7290 641.0574 179.6519 668.7116 208.8198 1.6619 1.6093 4.2584 2.6781 2.0992 44.2814 -4.6696 0.0036
Pedestrian -1 -1 -3.2975 807.1407 168.5920 824.4370 227.0487 1.9106 0.5309 0.4706 6.7579 1.7710 23.8737 -3.0256 0.0036
Cyclist -1 -1 -7.4634 270.1707 192.3405 314.6669 261.7242 1.4311 0.3674 1.4748 -7.0893 1.8840 16.0397 -7.8740 0.0035
Car -1 -1 -4.1286 0.0000 176.0975 0.0000 374.0000 1.4582 1.6318 3.8320 -8.2282 1.4934 5.8122 -5.0624 0.0033
Car -1 -1 -4.5622 1241.0000 142.3242 1241.0000 374.0000 1.4385 1.6121 3.8902 6.5221 1.3321 4.0649 -3.5809 0.0033
Car -1 -1 -6.2234 587.7485 183.9727 628.1194 203.3356 1.5882 1.5192 3.3305 -0.1810 2.5412 61.0129 -6.2268 0.0032
Car -1 -1 -6.1661 575.8587 183.5499 626.5540 204.3027 1.7013 1.5378 4.1456 -0.7507 2.6219 61.1431 -6.1789 0.0031
Car -1 -1 -7.5265 1241.0000 154.9397 1241.0000 374.0000 1.4515 1.6562 4.0180 7.5879 1.3534 5.3429 -6.5950 0.0031
Car -1 -1 -4.1294 0.0000 164.1115 0.0000 374.0000 1.5107 1.6706 3.8873 -7.8561 1.4703 5.4236 -5.0725 0.0031
Car -1 -1 -8.9335 0.0000 0.0000 1241.0000 374.0000 1.5577 1.5826 3.5387 3.4727 1.5938 1.2085 -7.7718 0.0030
Car -1 -1 -3.4619 0.0000 0.0000 1241.0000 374.0000 1.5730 1.6071 3.8160 -5.4516 1.6978 1.8386 -4.6615 0.0030
Car -1 -1 -6.5959 0.0000 0.0000 1241.0000 374.0000 1.5519 1.5839 3.6151 -3.8079 1.6495 1.3041 -7.7719 0.0030
Car -1 -1 -3.5017 0.0000 199.8930 0.0000 374.0000 1.5500 1.6031 3.6635 -6.2365 1.7105 2.4233 -4.6631 0.0030
Car -1 -1 -6.6640 0.0000 0.0000 1241.0000 374.0000 1.5532 1.5747 3.5420 -2.9895 1.6318 1.2119 -7.7715 0.0030
Car -1 -1 -9.0797 0.0000 0.0000 1241.0000 374.0000 1.5425 1.6036 3.6192 6.2226 1.6111 1.3926 -7.7738 0.0030
Car -1 -1 -8.8875 0.0000 0.0000 1241.0000 374.0000 1.5582 1.5872 3.5615 3.0930 1.6038 1.2116 -7.7707 0.0030
Car -1 -1 -9.0355 0.0000 0.0000 1241.0000 374.0000 1.5487 1.5882 3.5512 5.0374 1.5946 1.3048 -7.7723 0.0030
Car -1 -1 -6.5824 0.0000 0.0000 1241.0000 374.0000 1.5475 1.5918 3.6789 -4.2057 1.6625 1.4043 -7.7716 0.0030
Car -1 -1 -6.6413 0.0000 0.0000 1241.0000 374.0000 1.5457 1.5834 3.6156 -3.3986 1.6437 1.3201 -7.7716 0.0030
Car -1 -1 -3.4827 0.0000 0.0000 1241.0000 374.0000 1.5767 1.6056 3.8011 -5.0456 1.6886 1.7997 -4.6621 0.0030
Car -1 -1 -9.0522 0.0000 0.0000 1241.0000 374.0000 1.5366 1.5956 3.5804 5.4405 1.5964 1.3369 -7.7729 0.0030
Car -1 -1 -9.0159 0.0000 0.0000 1241.0000 374.0000 1.5388 1.5900 3.5664 4.6613 1.5857 1.2846 -7.7720 0.0030
Car -1 -1 -3.6031 0.0000 191.5642 0.0000 374.0000 1.5599 1.5916 3.6300 -4.6851 1.6680 2.3317 -4.6653 0.0030
Car -1 -1 -4.5432 1241.0000 141.4683 1241.0000 374.0000 1.4980 1.6441 3.8625 6.0954 1.4036 3.6858 -3.5512 0.0030
Car -1 -1 -8.9951 0.0000 0.0000 1241.0000 374.0000 1.5517 1.5841 3.5394 4.2495 1.5874 1.2459 -7.7723 0.0030
Car -1 -1 -8.9623 0.0000 0.0000 1241.0000 374.0000 1.5484 1.5882 3.5676 3.8841 1.5931 1.2529 -7.7710 0.0030
Car -1 -1 -9.0669 0.0000 0.0000 1241.0000 374.0000 1.5500 1.5948 3.5817 5.8223 1.5938 1.3588 -7.7729 0.0030
Car -1 -1 -6.5512 0.0000 0.0000 1241.0000 374.0000 1.5532 1.5939 3.6899 -4.6199 1.6670 1.4023 -7.7721 0.0030
Car -1 -1 -3.6451 0.0000 189.2060 29.2284 374.0000 1.5583 1.5891 3.6439 -4.2541 1.6530 2.3353 -4.6648 0.0030
Car -1 -1 -5.8511 1241.0000 165.6856 1241.0000 374.0000 1.5449 1.5886 3.6513 5.7873 1.5429 2.0317 -4.6627 0.0030
Car -1 -1 -6.7830 0.0000 0.0000 1241.0000 374.0000 1.5502 1.5696 3.4854 -2.1726 1.6214 1.1535 -7.7708 0.0030
Car -1 -1 -5.8392 1241.0000 173.8423 1241.0000 374.0000 1.5495 1.5869 3.6484 5.4543 1.5545 1.9635 -4.6613 0.0030
Car -1 -1 -5.7907 1241.0000 80.7588 1241.0000 374.0000 1.5601 1.5829 3.6500 4.6540 1.5548 1.9025 -4.6614 0.0030
Car -1 -1 -3.4813 0.0000 205.7952 0.0000 374.0000 1.5559 1.6180 3.6737 -6.5808 1.7521 2.4271 -4.6615 0.0030
Car -1 -1 -5.8754 1241.0000 177.2181 1241.0000 374.0000 1.5423 1.5940 3.6742 6.2240 1.5656 2.0321 -4.6625 0.0030
Car -1 -1 -8.7672 0.0000 0.0000 1241.0000 374.0000 1.5592 1.5833 3.5358 2.2896 1.6067 1.1808 -7.7705 0.0030
Car -1 -1 -6.8939 48.1941 0.0000 1241.0000 374.0000 1.5456 1.5733 3.5109 -1.7631 1.6168 1.1909 -7.7705 0.0030
Car -1 -1 -3.6135 0.0000 189.2702 39.3300 374.0000 1.5618 1.5793 3.6543 -3.8918 1.6482 1.9492 -4.6641 0.0030
Car -1 -1 -9.0927 0.0000 0.0000 1241.0000 374.0000 1.5513 1.6051 3.6370 6.5934 1.6096 1.4046 -7.7742 0.0030
Car -1 -1 -8.8430 0.0000 0.0000 1241.0000 374.0000 1.5614 1.5799 3.5317 2.6907 1.5982 1.1676 -7.7711 0.0030
Car -1 -1 -6.7349 0.0000 0.0000 1241.0000 374.0000 1.5487 1.5775 3.5643 -2.5740 1.6255 1.2443 -7.7710 0.0030
Car -1 -1 -4.3132 1241.0000 125.4944 1241.0000 374.0000 1.5481 1.6587 3.9340 6.4588 1.4034 3.2207 -3.2411 0.0030
Car -1 -1 -3.4399 0.0000 0.0000 1241.0000 374.0000 1.5856 1.6150 3.8431 -5.8429 1.7417 1.8395 -4.6621 0.0030
Car -1 -1 -4.2678 1241.0000 155.1111 1241.0000 374.0000 1.5303 1.6707 3.9649 5.3786 1.4775 3.2321 -3.2780 0.0030
Car -1 -1 -4.2459 503.3547 183.8720 551.7922 206.9544 1.4596 1.5433 4.3736 -5.7016 2.2606 50.1584 -4.3590 0.0029
Car -1 -1 -7.5674 1241.0000 157.8097 1241.0000 374.0000 1.4413 1.6360 3.9841 6.7469 1.3761 4.5449 -6.6192 0.0028
Car -1 -1 -4.5925 642.2726 179.0842 675.2664 206.0848 1.5396 1.5538 4.0214 2.9971 1.9396 44.2418 -4.5258 0.0028
Car -1 -1 -5.9274 649.1256 182.6122 709.4698 209.8167 1.5121 1.4465 3.2311 4.0365 2.1039 42.4283 -5.8338 0.0028
Car -1 -1 -7.5688 1241.0000 156.8749 1241.0000 374.0000 1.4661 1.6487 4.0874 7.1124 1.3879 5.0007 -6.6384 0.0028
Cyclist -1 -1 -4.5769 266.9432 193.4337 301.0523 264.7333 1.4266 0.4671 1.5471 -7.1322 1.8975 15.7115 -4.9972 0.0025
Pedestrian -1 -1 -4.1455 699.8413 167.5328 710.5942 198.7169 2.2972 0.6551 0.4437 7.0347 1.9049 53.5332 -4.0160 0.0022
Car -1 -1 -4.3665 501.3737 181.2569 546.0424 204.7635 1.5036 1.6812 4.4323 -5.9719 2.1150 50.1804 -4.4848 0.0021
Pedestrian -1 -1 -3.5317 815.3474 163.6676 839.3322 224.9806 1.9688 0.6610 0.5347 7.0335 1.6735 23.5255 -3.2453 0.0020
Pedestrian -1 -1 -3.5813 812.1812 169.1087 834.0461 224.2695 1.8002 0.5911 0.4864 7.0013 1.6777 23.8784 -3.3000 0.0019
Pedestrian -1 -1 -8.1204 736.0266 168.8000 754.0931 206.2126 1.9266 0.7769 0.6538 6.9792 1.7175 37.5149 -7.9384 0.0019
Car -1 -1 -6.3600 592.2542 184.4323 639.5631 204.8158 1.6733 1.5726 3.9009 0.4551 2.6698 61.1993 -6.3531 0.0019
Pedestrian -1 -1 -4.8281 731.8891 169.4999 747.2448 205.2771 1.8456 0.7222 0.5801 6.6969 1.6722 37.5310 -4.6534 0.0017
Car -1 -1 -3.0812 649.3209 181.9902 712.4745 208.8946 1.5263 1.6254 3.6358 4.1879 2.0811 42.7570 -2.9848 0.0015
Car -1 -1 -4.7669 746.0571 175.8242 776.8921 201.5773 1.4777 1.5933 4.4197 9.2024 1.6690 44.2367 -4.5636 0.0013
Pedestrian -1 -1 -8.0503 732.2482 165.0191 748.4189 206.7476 2.1376 0.7257 0.5545 6.6856 1.7360 37.2471 -7.8746 0.0011
Pedestrian -1 -1 -3.0465 807.9498 163.9241 827.9362 224.7634 1.9510 0.6083 0.5744 6.7345 1.6643 23.5252 -2.7716 0.0009
Pedestrian -1 -1 -4.4684 802.4605 168.0582 822.0456 223.9676 1.8464 0.5254 0.5150 6.7323 1.6877 24.1819 -4.2007 0.0007
Pedestrian -1 -1 -6.0697 643.2189 180.4729 656.4235 212.2450 1.7909 0.5541 0.6511 2.2381 2.2293 41.1943 -6.0164 0.0006
Cyclist -1 -1 -2.5976 250.7271 189.8361 330.6699 262.3620 1.5257 0.5598 1.5257 -7.0046 1.9045 15.7320 -3.0107 0.0006
