Car -1 -1 -8.1144 721.3019 172.7951 883.7737 276.4012 1.5238 1.6458 4.1845 3.1084 1.5226 12.7256 -7.8811 0.9998
Car -1 -1 -8.2653 793.0690 174.2934 1202.9064 374.0000 1.5208 1.6380 3.8872 2.9504 1.5376 6.6174 -7.8634 0.9998
Car -1 -1 -4.2950 126.9210 179.2894 396.1296 344.7619 1.6982 1.6243 4.0047 -4.3039 1.8012 9.5669 -4.7082 0.9997
Car -1 -1 -7.9364 497.3460 179.0908 528.3304 204.5788 1.4692 1.5925 3.6549 -6.0625 1.8705 44.5039 -8.0714 0.9756
Car -1 -1 -3.9644 0.0000 182.8972 183.8043 374.0000 1.6547 1.6436 3.7283 -4.4341 1.7395 4.2246 -4.7427 0.9585
Car -1 -1 -7.9588 658.7336 167.5560 712.3077 216.1928 1.7426 1.6160 4.0868 2.7994 1.5525 27.9004 -7.8605 0.9576
Car -1 -1 -8.0771 626.1526 173.6663 665.0377 201.6288 1.5537 1.5270 3.4485 1.9947 1.6027 42.0280 -8.0305 0.9519
Car -1 -1 -7.9580 658.0292 166.7983 712.6257 216.6106 1.7860 1.6668 3.9960 2.7895 1.5686 27.8740 -7.8599 0.9055
Car -1 -1 -3.9804 0.0000 184.0268 181.4846 374.0000 1.6114 1.6630 3.5017 -4.4896 1.7066 4.3862 -4.7473 0.8356
Car -1 -1 -7.9904 579.8321 176.6712 604.4415 195.1277 1.4856 1.5926 3.5906 -1.5574 1.8168 60.7652 -8.0163 0.7941
Car -1 -1 -7.9786 580.6471 176.2943 605.1999 194.9279 1.5024 1.6116 3.7447 -1.4952 1.8018 60.8760 -8.0035 0.7693
Car -1 -1 -7.9149 499.7312 178.9988 529.7204 203.9624 1.4397 1.6044 3.7874 -5.9617 1.8366 44.6172 -8.0474 0.7264
Car -1 -1 -3.9843 0.0000 186.5423 177.1088 374.0000 1.5957 1.6252 4.0466 -4.3726 1.7106 3.9977 -4.7815 0.6587
Car -1 -1 -3.8680 0.0000 180.2892 186.4637 374.0000 1.6915 1.7181 3.7724 -4.5770 1.7547 4.2322 -4.6612 0.6161
Car -1 -1 -8.0753 626.5653 174.5518 667.5810 201.9653 1.5186 1.6023 3.7391 2.0832 1.6222 42.1947 -8.0268 0.6000
Car -1 -1 -7.8941 500.3743 179.5475 528.9792 204.7034 1.4382 1.5870 3.6137 -5.9053 1.8656 44.1868 -8.0266 0.5362
Car -1 -1 -7.9719 660.4663 167.2498 719.8336 216.9248 1.7555 1.7738 3.9002 2.9254 1.5572 27.4616 -7.8676 0.5277
Car -1 -1 -7.9727 581.7084 176.4977 605.2934 195.2496 1.5077 1.5761 3.4420 -1.4354 1.8223 60.5351 -7.9967 0.4973
Car -1 -1 -4.8467 650.9243 171.0870 698.2038 208.1612 1.5889 1.6138 3.9730 2.8424 1.5129 32.9475 -4.7619 0.4940
Pedestrian -1 -1 -7.2472 130.5784 180.7729 214.9105 313.2350 1.7817 0.7075 0.7586 -6.1902 1.8973 10.1566 -7.7834 0.4928
Car -1 -1 -7.9833 578.9334 174.4485 604.8440 194.5322 1.6308 1.6724 4.0893 -1.5920 1.7702 61.0795 -8.0096 0.4442
Car -1 -1 -7.9522 583.1622 176.2920 605.9454 194.8430 1.4960 1.5697 3.5632 -1.3518 1.7939 60.7388 -7.9747 0.4242
Car -1 -1 -4.8579 560.8560 176.9494 583.0240 193.5720 1.5655 1.6376 3.8119 -3.7892 1.9796 70.9824 -4.9114 0.4103
Car -1 -1 -4.8400 650.2625 170.5463 695.6669 208.4124 1.6290 1.5632 3.9505 2.7811 1.5294 33.0492 -4.7573 0.3464
Car -1 -1 -7.9079 609.4050 173.3446 633.7822 197.6875 1.5843 1.4587 3.3802 0.7228 1.6183 48.7451 -7.8936 0.3131
Car -1 -1 -4.8541 650.2756 173.3335 696.1717 208.7291 1.5057 1.5269 3.8460 2.7645 1.5285 32.7118 -4.7711 0.2836
Pedestrian -1 -1 -7.2395 124.5516 181.3395 211.1801 313.9497 1.7585 0.7008 0.7865 -6.1860 1.8812 10.0397 -7.7804 0.2824
Car -1 -1 -8.0551 575.4075 176.3291 603.0197 194.8892 1.4923 1.5986 3.7696 -1.8079 1.7945 60.7894 -8.0851 0.2756
Pedestrian -1 -1 -7.3479 138.7314 181.9984 223.9942 313.5344 1.7712 0.7628 0.7468 -6.0633 1.9043 10.1502 -7.8754 0.2712
Car -1 -1 -4.6994 566.6102 177.0181 583.3639 193.3768 1.5452 1.6014 3.7556 -3.4433 1.9658 71.0279 -4.7480 0.2602
Car -1 -1 -4.9935 555.3268 177.3231 582.3455 193.8387 1.5485 1.6158 3.9459 -4.0955 2.0008 70.9340 -5.0514 0.2403
Car -1 -1 -4.9059 651.7722 169.7054 707.0763 208.7377 1.6550 1.7056 4.1859 3.0338 1.5212 32.7633 -4.8149 0.2138
Pedestrian -1 -1 -2.9402 518.9320 174.8076 531.4955 198.7036 1.8183 0.6612 0.8421 -6.5274 1.9688 55.3287 -3.0575 0.2052
Car -1 -1 -4.9800 649.8289 168.8811 711.1569 207.5173 1.6633 1.7820 4.0542 3.1248 1.4920 33.2135 -4.8875 0.1772
Car -1 -1 -4.5787 492.2537 178.9806 523.4345 202.0707 1.4953 1.6165 3.9597 -7.0348 1.9345 49.7658 -4.7188 0.1592
Car -1 -1 -4.7963 606.4094 172.6186 633.8440 197.6763 1.6199 1.5570 3.3342 0.6156 1.6043 48.3627 -4.7841 0.1338
Car -1 -1 -4.9496 649.7466 174.0456 713.2269 211.7509 1.5027 1.6542 4.7288 2.9672 1.5582 31.3694 -4.8567 0.1334
Car -1 -1 -8.1126 607.8357 173.5506 645.3391 197.2208 1.5396 1.5859 3.9585 1.0530 1.5888 49.1663 -8.0917 0.1196
Car -1 -1 -4.4192 491.7045 178.7714 532.2853 201.6860 1.4737 1.6422 4.1442 -6.7291 1.8989 49.7039 -4.5535 0.1194
Car -1 -1 -8.0074 612.8893 173.0237 644.1247 197.2253 1.5749 1.5693 3.6378 1.1848 1.5866 48.8867 -7.9838 0.1177
Car -1 -1 -7.9674 610.9806 173.2233 638.5272 197.3452 1.5723 1.4733 3.4823 0.9356 1.5980 48.8902 -7.9488 0.1113
Car -1 -1 -4.5220 566.6034 177.2485 590.0349 193.5510 1.5330 1.6013 3.8727 -3.1061 1.9774 70.9785 -4.5660 0.0865
Car -1 -1 -7.8818 534.6486 176.5742 554.5317 195.5585 1.4595 1.4904 3.4971 -5.3083 1.7677 58.0107 -7.9730 0.0683
Car -1 -1 -7.7181 534.5720 176.4460 559.1046 195.5717 1.4709 1.4998 3.5406 -5.0723 1.7682 57.9749 -7.8054 0.0601
Car -1 -1 -4.6774 491.4642 179.3298 516.0397 202.4444 1.4920 1.5410 3.9165 -7.3221 1.9564 49.7441 -4.8232 0.0528
Car -1 -1 -7.9280 529.1707 176.4256 551.2440 195.3977 1.4558 1.5009 3.5607 -5.6578 1.7517 57.9585 -8.0252 0.0515
Car -1 -1 -4.1165 489.4342 177.6183 546.6296 201.6902 1.5545 1.7489 4.4102 -6.3286 1.8992 49.8907 -4.2424 0.0397
Car -1 -1 -4.5544 491.2540 179.3407 524.0453 202.4266 1.4810 1.6284 3.8948 -6.9885 1.9420 49.3506 -4.6947 0.0344
Car -1 -1 -7.8198 493.1274 178.1599 519.3614 201.6182 1.5440 1.6837 3.8816 -7.2456 1.9293 50.4247 -7.9622 0.0301
Car -1 -1 -4.9364 483.2585 179.6162 519.3840 201.8659 1.4280 1.5834 4.1389 -7.5843 1.9158 49.8710 -5.0869 0.0287
Car -1 -1 -4.9094 464.1190 179.2306 498.9246 202.5866 1.4870 1.5781 4.0235 -8.8447 1.9412 49.2775 -5.0865 0.0279
Car -1 -1 -7.5987 491.3508 178.0329 527.9288 201.2154 1.5268 1.6218 3.8072 -6.9952 1.9025 50.3936 -7.7364 0.0279
Car -1 -1 -4.6436 471.8986 179.4811 499.5972 202.4409 1.4741 1.5963 4.2190 -8.5591 1.9508 49.7612 -4.8135 0.0233
Cyclist -1 -1 -7.7990 538.7643 174.6067 546.4999 196.1689 1.6741 0.5153 1.7485 -5.3489 1.8145 57.0470 -7.8924 0.0231
Car -1 -1 -4.6736 490.0679 179.9672 514.7979 202.3447 1.4281 1.5250 3.7804 -7.3414 1.9327 49.2552 -4.8211 0.0215
Car -1 -1 -7.9645 602.7791 172.8135 629.9081 197.4531 1.6011 1.4444 3.5172 0.3643 1.5982 48.7097 -7.9574 0.0214
Car -1 -1 -7.7009 507.6699 174.1577 536.3275 195.7545 1.6445 1.6706 3.9662 -6.9641 1.7512 57.1945 -7.8219 0.0211
Car -1 -1 -4.7616 472.0289 180.0630 498.4916 202.8130 1.4472 1.5843 3.9926 -8.5988 1.9613 49.3651 -4.9336 0.0209
Car -1 -1 -4.7598 484.9833 179.7738 510.5847 202.3702 1.4446 1.5438 3.9925 -7.7671 1.9396 49.5314 -4.9149 0.0192
Car -1 -1 -4.3920 568.0317 177.1087 596.5171 193.2566 1.5143 1.6073 4.0540 -2.7122 1.9454 70.9796 -4.4304 0.0178
Car -1 -1 -3.3669 433.2466 178.8461 503.2693 202.5500 1.4884 1.6461 4.2880 -9.4076 1.8981 47.7512 -3.5608 0.0140
Car -1 -1 -7.7502 512.2421 174.2886 538.5425 195.7964 1.6388 1.6781 3.8844 -6.6978 1.7561 57.1899 -7.8666 0.0121
Car -1 -1 -4.7924 481.6074 179.7968 508.7268 201.8134 1.4004 1.5288 3.6743 -7.8765 1.8914 49.0993 -4.9511 0.0118
Car -1 -1 -3.1695 436.5386 178.9666 500.8493 202.6204 1.5118 1.6171 4.1317 -9.4367 1.9287 48.0010 -3.3629 0.0111
Car -1 -1 -4.6420 476.4667 179.3973 503.6861 202.1379 1.4595 1.5620 4.1171 -8.2442 1.9287 49.6517 -4.8061 0.0110
Car -1 -1 -6.2490 493.7343 176.4453 554.5259 200.6358 1.5927 1.6424 4.0158 -5.8034 1.8402 48.7869 -6.3672 0.0106
Cyclist -1 -1 -7.9307 614.8934 169.0212 626.0143 197.3751 1.8697 0.5953 1.9753 0.6640 1.6167 48.5846 -7.9176 0.0085
Car -1 -1 -5.6731 0.0000 0.0000 1241.0000 374.0000 1.5608 1.6007 3.4552 3.4897 1.5233 1.7509 -4.6332 0.0082
Car -1 -1 -4.7628 477.0551 180.4977 502.6394 202.5775 1.4040 1.5278 3.8938 -8.2851 1.9486 49.3762 -4.9285 0.0081
Car -1 -1 -8.0452 346.4928 182.4047 396.4161 213.6363 1.4202 1.6281 4.1428 -12.1113 1.9305 36.3651 -8.3649 0.0081
Car -1 -1 -2.7163 447.6939 180.0117 509.5569 201.5449 1.3922 1.6343 3.7729 -8.8911 1.8877 48.7328 -2.8962 0.0075
Cyclist -1 -1 -7.5873 538.1708 174.7766 552.6976 196.5313 1.6870 0.6958 1.8009 -5.1256 1.8413 57.0670 -7.6768 0.0075
Car -1 -1 -2.2117 321.4713 183.2553 400.6476 214.2916 1.4039 1.6448 3.9795 -12.3627 1.9434 35.6453 -2.5436 0.0069
Car -1 -1 -5.7144 0.0000 0.0000 1241.0000 374.0000 1.5533 1.6082 3.5496 3.8858 1.4983 1.7687 -4.6323 0.0069
Car -1 -1 -3.0319 436.2124 179.4302 501.8942 202.6677 1.5049 1.6552 4.1581 -9.4202 1.9538 48.2889 -3.2239 0.0061
Car -1 -1 -2.0457 333.2883 182.5318 407.8624 212.9060 1.3836 1.7536 4.3962 -12.1693 1.9007 36.4115 -2.3664 0.0058
Cyclist -1 -1 -7.7666 537.8890 174.9007 546.6754 196.4873 1.6698 0.5393 1.7626 -5.3589 1.8333 56.8646 -7.8605 0.0054
Car -1 -1 -6.1645 492.3416 177.6893 554.1376 201.0633 1.5311 1.6502 3.9513 -5.8207 1.8608 48.4309 -6.2839 0.0051
Car -1 -1 -3.7910 301.2384 182.5899 403.2465 219.2763 1.5390 1.7352 4.3232 -12.0090 2.0251 33.7634 -4.1307 0.0046
Car -1 -1 -5.1321 332.2687 182.3489 398.0777 212.9949 1.3858 1.6296 3.9476 -12.2523 1.8839 35.8703 -5.4593 0.0036
Car -1 -1 -7.8337 385.1680 184.4720 415.6260 215.0941 1.4288 1.4177 2.9390 -10.6045 2.0417 36.4839 -8.1151 0.0033
Car -1 -1 -2.9281 300.5103 183.0039 397.7196 214.7507 1.4521 1.7559 4.1388 -12.5722 1.9583 34.8707 -3.2720 0.0031
Car -1 -1 -9.0103 0.0000 0.0000 1241.0000 374.0000 1.5183 1.5979 3.5635 4.5952 1.4770 1.3187 -7.7771 0.0030
Car -1 -1 -8.8444 0.0000 0.0000 1241.0000 374.0000 1.5480 1.5932 3.5113 2.7130 1.5326 1.1790 -7.7720 0.0030
Car -1 -1 -8.9592 0.0000 0.0000 1241.0000 374.0000 1.5319 1.5938 3.5211 3.8365 1.5173 1.2624 -7.7741 0.0030
Car -1 -1 -9.0811 0.0000 0.0000 1241.0000 374.0000 1.5417 1.6237 3.7075 4.9895 1.4724 1.1271 -7.7877 0.0030
Car -1 -1 -8.8895 0.0000 0.0000 1241.0000 374.0000 1.5454 1.5909 3.5074 3.0846 1.5307 1.2059 -7.7720 0.0030
Car -1 -1 -8.9816 0.0000 0.0000 1241.0000 374.0000 1.5247 1.5933 3.5589 4.2241 1.4745 1.3144 -7.7748 0.0030
Car -1 -1 -8.9244 0.0000 0.0000 1241.0000 374.0000 1.5379 1.5901 3.5228 3.4701 1.5154 1.2491 -7.7725 0.0030
Pedestrian -1 -1 -7.8706 383.8987 183.3202 402.9965 220.0068 1.7607 0.8846 0.4941 -10.6092 2.2765 35.2092 -8.1617 0.0030
Car -1 -1 -3.9378 314.4078 181.9110 402.2126 216.9182 1.4760 1.6077 3.8717 -11.6766 1.9238 33.5999 -4.2702 0.0024
Cyclist -1 -1 -7.5291 538.0051 174.6151 553.8685 196.3656 1.6833 0.7375 1.7191 -5.0722 1.8242 56.9118 -7.6179 0.0010
Car -1 -1 -4.8384 354.3215 179.1560 399.9313 210.9308 1.4744 1.7065 3.9768 -11.8661 1.8118 36.5017 -5.1510 0.0009
Car -1 -1 -5.0476 659.4949 161.7923 707.3770 193.2427 1.9718 1.7961 4.3501 4.7444 1.2780 47.5620 -4.9492 0.0004
Pedestrian -1 -1 -7.6834 388.1338 180.1121 412.0542 218.0658 1.8261 1.0214 0.6844 -10.2931 2.1845 35.2648 -7.9659 0.0003
Pedestrian -1 -1 -7.8443 392.6411 180.5877 414.1128 217.1684 1.7618 1.0044 0.7959 -10.1966 2.1474 35.4865 -8.1226 0.0002
Cyclist -1 -1 -8.1041 479.9773 180.0667 495.8982 203.4666 1.5220 0.6362 1.7621 -8.2350 2.0153 48.4424 -8.2720 0.0001
Pedestrian -1 -1 -2.0076 396.9715 179.3703 421.6369 216.2235 1.7699 0.8795 0.8795 -9.9135 2.0958 35.4922 -2.2785 0.0001
Cyclist -1 -1 -7.9483 488.8116 180.4731 497.5185 203.0969 1.4766 0.4227 1.6543 -7.8938 1.9976 48.5208 -8.1091 0.0001
Cyclist -1 -1 -7.4062 112.9858 177.2617 217.8008 322.6602 1.8410 0.5999 1.5779 -6.1579 1.9067 9.9984 -7.9468 0.0000
