Car -1 -1 -4.3035 253.3405 192.5650 329.2610 233.1613 1.4419 1.5303 3.4807 -12.7895 2.2832 29.0625 -4.7151 0.9925
Car -1 -1 -7.8612 599.7151 179.2510 631.1488 207.9025 1.5846 1.7761 3.8557 0.2666 1.9799 42.6962 -7.8556 0.8972
Car -1 -1 -7.8173 599.3363 179.5525 630.6354 207.9015 1.5589 1.7089 4.1903 0.3044 1.9758 42.8127 -7.8108 0.8584
Car -1 -1 -4.3031 250.4365 194.0756 329.7089 233.8562 1.3951 1.5649 3.7245 -12.8708 2.3073 29.1588 -4.7158 0.7272
Car -1 -1 -7.8877 598.0352 179.2120 629.4268 207.9913 1.5851 1.7088 4.1833 0.1403 1.9805 42.7923 -7.8850 0.7042
Car -1 -1 -4.3021 251.5269 192.9956 328.9708 232.9941 1.4081 1.5954 3.3988 -12.7229 2.2597 28.8154 -4.7149 0.5760
Car -1 -1 -7.8529 599.1175 180.6639 630.1608 208.9190 1.5406 1.7380 3.7857 0.2334 2.0186 42.2897 -7.8480 0.5481
Car -1 -1 -4.4301 293.2157 179.4384 339.8773 207.0496 1.7239 1.7661 4.2828 -19.6156 2.1848 48.3268 -4.8141 0.5388
Car -1 -1 -7.9324 595.0829 180.3889 630.0540 208.2555 1.5234 1.7539 3.8187 0.0705 1.9873 42.4812 -7.9313 0.5161
Car -1 -1 -4.4592 290.9255 179.4726 338.9603 206.7164 1.6944 1.8588 4.7257 -19.7985 2.1619 48.5368 -4.8449 0.4301
Car -1 -1 -4.5739 293.1020 180.5051 330.5202 208.0619 1.7104 1.7615 4.0481 -19.8850 2.2440 48.1738 -4.9637 0.4209
Car -1 -1 -4.2735 292.0510 180.5542 349.0060 207.1211 1.6547 1.7781 4.5832 -19.4568 2.1984 48.6369 -4.6525 0.2917
Car -1 -1 -4.1634 71.7771 197.6032 179.5726 244.1507 1.4544 1.6248 3.5665 -17.5517 2.4176 26.2810 -4.7478 0.2140
Car -1 -1 -4.5657 290.5694 179.4685 331.2748 206.5677 1.6796 1.8601 4.6146 -20.0197 2.1455 48.3873 -4.9563 0.1879
Car -1 -1 -4.2646 294.0440 179.9195 348.0227 207.7791 1.7410 1.7266 4.1403 -19.2982 2.2344 48.2925 -4.6431 0.1818
Car -1 -1 -4.5224 293.5857 180.9233 333.2371 207.9592 1.6656 1.7299 3.8212 -19.5899 2.2217 47.7144 -4.9103 0.1660
Car -1 -1 -4.0826 53.8534 199.9817 163.5625 246.0252 1.4001 1.6102 3.1693 -17.6038 2.4167 25.4417 -4.6832 0.1494
Car -1 -1 -4.3627 77.5711 197.9097 168.0425 244.6133 1.4553 1.5938 3.6287 -17.8355 2.4439 26.5277 -4.9503 0.1314
Car -1 -1 -4.3890 69.0334 197.5497 159.6314 245.2954 1.4764 1.6586 3.5452 -17.9501 2.4403 26.2390 -4.9844 0.1212
Car -1 -1 -3.6235 4.0968 199.0950 156.8793 250.3532 1.4684 1.6721 3.9389 -18.2405 2.4547 24.9918 -4.2491 0.1212
Car -1 -1 -4.6914 291.4973 180.9425 321.1802 207.8174 1.6600 1.7335 3.9514 -20.1988 2.2222 48.0223 -5.0879 0.1091
Pedestrian -1 -1 -2.5045 0.0000 188.7431 15.1270 235.2668 1.8172 0.4596 0.4274 -24.0147 2.4518 28.5896 -3.1987 0.0986
Pedestrian -1 -1 -2.2035 0.0000 187.9273 9.8226 234.2796 1.8069 0.4882 0.3453 -24.2118 2.4096 28.5865 -2.9017 0.0890
Car -1 -1 -2.9707 2.3246 199.0966 148.6832 247.6084 1.4742 1.6201 3.8880 -18.5760 2.4492 25.2307 -3.6005 0.0827
Car -1 -1 -5.3792 44.7763 198.4883 159.9861 243.8839 1.4554 1.6079 3.4223 -18.1966 2.4178 25.8299 -5.9883 0.0764
Pedestrian -1 -1 -5.2222 0.0000 189.1864 7.8944 235.0497 1.7736 0.5169 0.4414 -24.2209 2.4246 28.4510 -5.9230 0.0760
Car -1 -1 -7.4354 78.6861 197.7943 180.5407 244.1152 1.4458 1.6597 3.9995 -17.8050 2.4481 26.8977 -8.0158 0.0659
Car -1 -1 -2.9401 11.2960 199.4189 149.2378 247.6868 1.4712 1.5977 3.6146 -18.3234 2.4487 25.0858 -3.5661 0.0651
Car -1 -1 -4.2439 61.7055 200.5976 166.0929 247.0937 1.3686 1.5682 3.5521 -17.3208 2.4134 25.3195 -4.8392 0.0628
Car -1 -1 -2.6475 23.1999 200.4100 161.2580 245.9371 1.4518 1.7479 3.5465 -18.1729 2.4631 25.4042 -3.2638 0.0624
Car -1 -1 -3.5946 0.0000 199.0481 155.1063 251.3234 1.4641 1.6080 4.2017 -18.2318 2.4408 24.6790 -4.2259 0.0532
Car -1 -1 -4.6955 31.3157 187.6282 71.4618 220.6244 1.5299 1.5621 3.7901 -28.8015 2.3325 37.2224 -5.3507 0.0474
Car -1 -1 -2.7993 0.0000 199.7887 152.6533 248.0327 1.5046 1.6212 4.0285 -18.6753 2.5013 25.3578 -3.4293 0.0462
Car -1 -1 -2.5482 10.8940 200.5907 150.9939 244.8728 1.4484 1.6215 3.7417 -18.7088 2.4645 25.5676 -3.1752 0.0456
Car -1 -1 -3.8639 13.1662 200.1450 157.8942 251.1855 1.4422 1.5972 3.9247 -17.8394 2.4558 24.7165 -4.4842 0.0393
Cyclist -1 -1 -4.1693 312.8979 182.1488 333.0665 209.9011 1.7658 0.5704 1.4248 -18.7840 2.3826 47.1604 -4.5468 0.0322
Pedestrian -1 -1 -7.3752 31.9163 188.8784 55.4912 226.2347 1.8083 0.7173 0.6038 -27.9761 2.6067 35.6014 -8.0378 0.0299
Car -1 -1 -2.3696 27.8437 201.0897 153.3491 245.2612 1.4342 1.5613 3.5734 -18.5780 2.4844 25.8038 -2.9889 0.0287
Car -1 -1 -4.6756 25.5171 186.8983 66.4821 221.2852 1.6033 1.5169 3.6822 -29.0335 2.3641 37.1631 -5.3355 0.0250
Car -1 -1 -2.2085 40.2761 199.1455 155.6804 244.5275 1.4618 1.5827 3.5913 -18.5400 2.4599 26.0823 -2.8218 0.0246
Car -1 -1 -4.0356 33.2389 201.4752 159.8749 249.9447 1.3976 1.6663 3.5732 -17.5524 2.4545 24.8133 -4.6465 0.0245
Car -1 -1 -3.4388 961.9683 176.6345 1241.0000 271.1205 1.3464 1.5095 3.6154 7.7323 1.4133 11.6023 -2.8632 0.0224
Pedestrian -1 -1 -7.2849 314.1618 182.7144 329.3250 210.0604 1.7436 0.5534 0.8296 -18.7255 2.3891 46.7973 -7.6639 0.0216
Car -1 -1 -4.7098 34.9566 187.0721 76.4501 220.9066 1.5682 1.6256 3.8491 -28.5653 2.3402 37.1678 -5.3617 0.0208
Pedestrian -1 -1 -3.1147 932.5618 171.6146 953.2126 220.9619 2.0455 0.6140 0.7760 13.9620 1.9938 30.3541 -2.6879 0.0205
Cyclist -1 -1 -1.9345 15.9260 183.0378 48.9827 219.1766 1.7407 0.7029 1.7769 -28.8080 2.2583 35.9358 -2.6068 0.0178
Car -1 -1 -3.2839 957.7110 172.4526 1241.0000 270.0841 1.4129 1.6144 3.8371 7.8638 1.4068 11.9711 -2.7144 0.0162
Car -1 -1 -3.3516 955.4985 174.1556 1241.0000 270.3222 1.3844 1.5516 3.8276 7.7968 1.4080 11.8270 -2.7807 0.0162
Car -1 -1 -2.0323 49.6403 199.5673 156.1952 245.5913 1.4551 1.6069 3.9435 -18.6010 2.4924 26.3771 -2.6420 0.0159
Car -1 -1 -2.7915 0.0000 199.9613 148.1674 248.0176 1.4971 1.6780 4.2002 -19.0101 2.5056 25.4535 -3.4282 0.0158
Car -1 -1 -3.1827 954.5510 169.0051 1241.0000 267.7853 1.4373 1.5365 3.9702 8.0184 1.3810 12.1650 -2.6115 0.0122
Car -1 -1 -5.1855 778.2227 181.2444 841.2402 209.0404 1.3706 1.6297 3.9785 10.6715 1.8481 38.9702 -4.9207 0.0118
Car -1 -1 -2.7920 765.8147 182.0522 854.0446 213.6117 1.5808 1.6741 4.3050 10.7868 2.1046 39.1905 -2.5259 0.0117
Pedestrian -1 -1 -8.4751 1191.2068 173.3694 1241.0000 283.3436 1.5784 0.6314 0.4835 9.0101 1.5859 10.6212 -7.7858 0.0117
Car -1 -1 -4.4052 822.8790 180.6625 869.5364 205.5790 1.4374 1.6652 3.9293 14.7366 1.9467 45.0114 -4.0913 0.0097
Car -1 -1 -4.5025 103.3694 187.3363 162.8490 223.9250 1.6018 1.7182 3.4458 -23.1095 2.3429 35.0226 -5.0825 0.0093
Pedestrian -1 -1 -5.1625 56.6694 185.4879 84.9682 229.7387 1.7835 0.7590 0.5846 -22.3253 2.3136 29.8224 -5.8010 0.0092
Car -1 -1 -3.3985 941.5644 167.3022 1238.7090 270.9357 1.4987 1.6080 3.7241 7.4936 1.4181 11.7513 -2.8427 0.0090
Car -1 -1 -4.8990 783.9039 180.4245 827.8679 207.8119 1.3849 1.6141 3.8984 10.6509 1.8211 39.5968 -4.6386 0.0090
Car -1 -1 -2.5529 0.9380 200.4632 153.4136 244.8007 1.4619 1.6357 4.1936 -19.0181 2.4842 25.8204 -3.1831 0.0085
Car -1 -1 -3.0695 764.0580 181.5055 847.3826 211.8369 1.5629 1.7694 4.3019 10.7108 2.0559 39.5982 -2.8078 0.0081
Car -1 -1 -8.4327 773.8267 178.4753 844.8947 205.9838 1.3506 1.7160 4.0287 10.5171 1.6672 38.4983 -8.1685 0.0065
Car -1 -1 -8.3007 1042.2209 172.2989 1241.0000 266.2379 1.3892 1.5042 3.4327 8.9746 1.3806 12.4866 -7.6890 0.0054
Cyclist -1 -1 -2.3773 5.2886 182.2326 49.6071 219.3046 1.7952 0.6922 1.6944 -28.7514 2.2627 35.5711 -3.0536 0.0052
Car -1 -1 -4.7965 777.3481 181.2217 816.1616 210.2358 1.5288 1.7920 4.2587 10.6605 2.0366 41.5631 -4.5477 0.0050
Car -1 -1 -2.1128 68.3372 188.6951 163.8198 225.7969 1.6280 1.9374 4.1859 -23.9405 2.4328 34.9140 -2.7106 0.0049
Car -1 -1 -3.5263 984.2029 173.6224 1241.0000 278.4968 1.4435 1.6778 3.9726 8.1660 1.4565 11.2218 -2.9102 0.0049
Car -1 -1 -8.0840 792.2048 180.4295 839.5007 208.0204 1.3816 1.6233 3.8037 11.0613 1.8124 39.1275 -7.8110 0.0047
Cyclist -1 -1 -3.3680 1098.0717 160.8548 1241.0000 275.0177 1.6277 0.7759 1.8295 8.5649 1.4563 11.0154 -2.7205 0.0047
Pedestrian -1 -1 -7.7933 54.9926 188.1966 79.1115 230.6014 1.6958 0.7582 0.5381 -22.3114 2.3341 29.6013 -8.4351 0.0046
Car -1 -1 -7.7216 102.9777 185.6575 160.1056 223.1069 1.6489 1.8018 4.1458 -23.5396 2.3199 35.5727 -8.3029 0.0045
Car -1 -1 -4.4315 828.7338 179.8732 882.2217 213.1352 1.6884 1.7332 4.0865 13.5180 2.0956 39.7160 -4.1063 0.0045
Pedestrian -1 -1 -6.8847 15.0516 187.2944 41.5759 227.4685 1.5581 0.5741 0.6002 -23.1136 2.1380 28.6199 -7.5596 0.0042
Pedestrian -1 -1 -8.0718 1180.7323 163.4741 1210.4739 218.1893 2.0302 0.7919 0.4323 21.9752 1.6819 27.1418 -7.3969 0.0040
Car -1 -1 -5.2646 769.2588 180.0686 830.0657 206.7971 1.4683 1.6901 3.8963 11.1693 1.9179 42.8870 -5.0120 0.0030
Car -1 -1 -1.9001 83.3691 188.2901 157.1797 225.4723 1.6337 1.7948 3.9821 -23.9630 2.4276 35.2095 -2.4944 0.0028
Cyclist -1 -1 -5.1418 206.9454 179.1213 232.2235 212.6737 1.8655 0.6572 1.6143 -22.3047 2.2291 41.1463 -5.6361 0.0025
Pedestrian -1 -1 -7.8613 155.0992 178.9141 175.4609 220.7855 1.9981 0.8362 0.6586 -21.6600 2.2967 35.0779 -8.4113 0.0025
Cyclist -1 -1 -4.5435 212.1573 181.0922 230.2641 212.7002 1.7436 0.6258 1.7325 -22.2276 2.2243 41.2040 -5.0358 0.0025
Car -1 -1 -5.2245 775.6978 179.5574 834.4858 205.7651 1.4409 1.6579 3.8984 11.4775 1.8580 42.8352 -4.9649 0.0025
Car -1 -1 -6.5884 945.9865 166.6210 1241.0000 272.5749 1.5043 1.4786 3.7557 7.4553 1.4155 11.4412 -6.0231 0.0023
Car -1 -1 -8.3154 915.5693 174.3694 1133.4650 279.0544 1.5364 1.6534 3.8992 6.8971 1.5667 12.6187 -7.8256 0.0022
Car -1 -1 -7.9065 100.8360 187.2634 150.5266 222.3364 1.5318 1.8220 4.1727 -23.9419 2.2857 35.5506 -8.4960 0.0020
Car -1 -1 -8.4006 916.0488 173.1445 1149.8887 277.7602 1.5284 1.5787 4.0158 7.0115 1.5340 12.5973 -7.9033 0.0020
Car -1 -1 -4.3779 489.8394 177.1734 520.0371 194.2892 1.6002 1.7327 3.9247 -10.2631 2.0351 70.6068 -4.5221 0.0018
Car -1 -1 -4.7272 574.9251 177.0179 593.2826 194.5446 1.6450 1.7342 4.2218 -2.5897 2.0663 70.8979 -4.7639 0.0018
Cyclist -1 -1 -4.5767 217.1262 182.0390 234.2814 211.3919 1.6236 0.6523 1.6199 -22.0393 2.1606 41.3301 -5.0642 0.0018
Car -1 -1 -7.9901 94.0811 189.2944 148.5646 222.1416 1.4381 1.7132 3.9859 -24.2571 2.2982 35.7054 -8.5836 0.0018
Car -1 -1 -4.6330 700.0338 175.5506 736.8103 207.5844 1.5612 1.5903 4.0640 5.6699 1.7098 37.6877 -4.4853 0.0017
Car -1 -1 -4.4478 486.9890 178.0927 513.7606 194.4007 1.5229 1.6654 3.7598 -10.7133 2.0495 70.6044 -4.5981 0.0015
Pedestrian -1 -1 -8.0718 150.5241 182.4156 172.1165 222.3563 1.9019 0.7764 0.6237 -21.8592 2.3731 35.0882 -8.6258 0.0014
Cyclist -1 -1 -5.1345 212.2215 179.9449 234.2579 210.3431 1.6962 0.6243 1.3215 -22.1319 2.1073 41.2156 -5.6249 0.0012
Pedestrian -1 -1 -4.6623 768.2812 181.5347 788.3452 232.6623 1.3753 0.5168 0.4575 4.5701 1.6166 19.7970 -4.4395 0.0008
Cyclist -1 -1 -4.1570 102.2035 193.7953 149.4601 244.9413 1.6998 0.6087 1.6416 -17.1236 2.4634 25.4896 -4.7440 0.0006
Car -1 -1 -6.5666 699.9129 177.4329 788.0546 210.0131 1.5854 1.6671 4.0708 6.6898 1.8230 36.4445 -6.3870 0.0005
Pedestrian -1 -1 -7.3151 151.7795 183.4794 174.1545 224.5387 1.8764 0.7243 0.5026 -20.7074 2.3711 33.3619 -7.8673 0.0005
Cyclist -1 -1 -8.4618 737.6980 166.6314 787.1445 230.6303 1.7232 0.4869 1.6674 4.2133 1.5553 20.2895 -8.2607 0.0004
Pedestrian -1 -1 -6.7961 148.8959 183.8232 172.2231 226.4079 1.9167 0.6841 0.6601 -20.6971 2.4274 33.1632 -7.3507 0.0003
Cyclist -1 -1 -8.5118 740.3826 169.8400 787.2269 229.1340 1.6136 0.4465 1.5313 4.2841 1.5312 20.4209 -8.3086 0.0003
Pedestrian -1 -1 -2.2325 443.1339 186.6703 487.6052 288.0730 1.7056 0.4094 0.7157 -2.5886 1.9546 12.6306 -2.4317 0.0002
