Pedestrian -1 -1 -7.9497 780.7960 164.2516 802.2921 222.9724 1.8617 0.5877 0.8838 5.8215 1.5887 23.3561 -7.7090 0.9169
Pedestrian -1 -1 -5.6744 737.2939 167.9599 753.2969 195.3246 1.9085 0.4662 1.0254 9.5015 1.5668 50.8500 -5.4911 0.6369
Pedestrian -1 -1 -5.8195 984.5461 159.2457 1027.5319 237.8833 1.6151 0.5985 0.5937 8.3068 1.3353 15.2342 -5.3289 0.5780
Cyclist -1 -1 -5.7230 965.4935 157.9151 1045.8418 238.2057 1.6168 0.5355 1.4202 8.2987 1.3157 15.2788 -5.2340 0.5608
Cyclist -1 -1 -5.5125 961.4418 157.1445 1039.3292 239.3054 1.6619 0.5137 1.5260 8.2446 1.3439 15.4000 -5.0294 0.5358
Pedestrian -1 -1 -2.8432 990.3143 162.2739 1030.7700 238.2387 1.5522 0.5164 0.6217 8.3539 1.3357 15.1461 -2.3478 0.4951
Pedestrian -1 -1 -5.4262 993.4725 160.4634 1039.2986 237.4247 1.5700 0.5512 0.6365 8.4374 1.3170 15.0889 -4.9251 0.4843
Pedestrian -1 -1 -7.9442 689.0773 166.8624 704.9313 205.8267 1.9093 0.6754 1.2002 4.2900 1.6154 35.9662 -7.8269 0.4676
Cyclist -1 -1 -5.6632 977.7115 157.7180 1059.5503 238.0009 1.5916 0.5462 1.4305 8.4503 1.2912 15.0673 -5.1608 0.4358
Pedestrian -1 -1 -6.4599 740.2758 167.6911 755.7462 195.0534 1.9175 0.4713 1.0017 9.6837 1.5554 50.8037 -6.2730 0.4257
Cyclist -1 -1 -7.9836 688.3413 168.1038 705.6368 206.0813 1.8501 0.6291 1.7632 4.2938 1.6184 36.0354 -7.8665 0.3954
Pedestrian -1 -1 -7.9576 688.6334 168.2699 704.9858 205.6779 1.8403 0.6879 1.2012 4.2965 1.6145 36.1021 -7.8407 0.3900
Pedestrian -1 -1 -5.5310 991.1001 162.0469 1036.6508 238.6041 1.5740 0.5919 0.5938 8.4545 1.3515 15.2093 -5.0323 0.3385
Pedestrian -1 -1 -5.6632 736.5283 168.0654 752.4517 196.0627 1.9572 0.4790 1.0159 9.4677 1.6222 50.9722 -5.4810 0.3286
Cyclist -1 -1 -5.3611 980.2662 158.9880 1048.6912 238.1069 1.5862 0.5077 1.3923 8.4325 1.3079 15.1918 -4.8630 0.2904
Cyclist -1 -1 -6.2464 969.4103 159.4219 1048.5726 238.2458 1.5960 0.5331 1.4376 8.3412 1.3237 15.2026 -5.7532 0.2755
Cyclist -1 -1 -6.2517 966.3521 158.7867 1044.3998 239.5470 1.6442 0.5481 1.4270 8.3080 1.3575 15.2822 -5.7623 0.2671
Pedestrian -1 -1 -7.8612 690.3293 166.7992 703.8187 205.4712 1.8880 0.6530 1.1648 4.2793 1.5921 35.8416 -7.7438 0.1736
Cyclist -1 -1 -8.8883 988.2286 157.8246 1081.7063 241.1953 1.6165 0.4876 1.6275 8.6364 1.3248 14.8183 -8.3696 0.1713
Car -1 -1 -5.5337 1054.2273 206.3832 1149.5144 243.4472 1.5106 1.7136 3.5876 23.6231 3.2206 34.8634 -4.9431 0.1699
Car -1 -1 -4.0652 18.6737 186.6651 118.1929 221.4244 1.5362 1.6953 4.2784 -26.7191 2.2611 35.7404 -4.7038 0.1390
Car -1 -1 -5.3736 1056.8851 207.4297 1152.0540 244.6048 1.5016 1.6299 4.1009 23.9194 3.2865 35.1544 -4.7810 0.1349
Car -1 -1 -5.4292 1049.7888 207.8230 1147.8613 245.0558 1.4963 1.6179 4.1467 23.6842 3.3074 35.2152 -4.8419 0.1160
Car -1 -1 -5.7111 1037.1454 205.5860 1144.7723 242.9150 1.5045 1.5555 4.1863 23.3148 3.2028 35.2166 -5.1311 0.1062
Cyclist -1 -1 -5.5371 974.2907 159.2635 1057.4194 242.2025 1.6241 0.5429 1.5287 8.3141 1.3577 14.9405 -5.0381 0.0933
Pedestrian -1 -1 -2.8861 733.8706 168.5806 749.3391 195.7653 1.8996 0.5437 0.9675 9.2478 1.6007 50.8700 -2.7076 0.0881
Car -1 -1 -3.8935 24.4341 184.6725 128.0534 219.8981 1.5696 1.7111 4.0403 -26.3430 2.1897 35.7334 -4.5253 0.0867
Pedestrian -1 -1 -2.8850 738.8051 168.5156 753.0308 195.7414 1.8923 0.5508 0.8695 9.4982 1.5905 50.5852 -2.7008 0.0859
Car -1 -1 -3.5376 1059.2522 207.9329 1166.1516 244.4595 1.5642 1.7119 3.8256 23.8927 3.3000 34.4832 -2.9366 0.0752
Car -1 -1 -5.4804 1065.9917 205.0880 1167.6656 243.1682 1.5123 1.8193 3.7454 23.7420 3.1213 34.0292 -4.8762 0.0736
Car -1 -1 -5.3553 1072.3390 205.6907 1167.5413 243.1452 1.5088 1.8620 3.6239 23.9717 3.1462 34.1431 -4.7481 0.0684
Car -1 -1 -5.4168 1078.5526 204.9736 1184.7819 242.3013 1.4390 1.8724 3.9133 23.9258 3.0133 33.3407 -4.7994 0.0648
Car -1 -1 -7.0361 749.0883 173.1962 836.7666 207.8993 1.5522 1.6460 3.9508 8.5897 1.5688 33.9865 -6.7910 0.0604
Car -1 -1 -3.3731 1074.2037 207.3353 1178.4948 243.7334 1.5113 1.6079 3.7362 24.2819 3.2112 34.1344 -2.7598 0.0577
Pedestrian -1 -1 -4.8335 677.7515 171.9381 686.3350 198.1451 1.8277 0.4831 0.9917 5.0404 1.7635 50.8218 -4.7357 0.0570
Car -1 -1 -3.9626 1083.1917 206.7663 1178.4309 242.2184 1.5187 1.5182 3.7516 24.6001 3.1771 34.1720 -3.3436 0.0512
Car -1 -1 -3.6890 1078.5767 203.1213 1193.5261 237.8169 1.5170 1.6033 4.1807 24.7981 2.9904 34.1746 -3.0662 0.0497
Car -1 -1 -4.7388 1095.0795 205.0081 1141.6669 243.1842 1.5467 1.7005 3.5716 24.1984 3.1708 34.4931 -4.1320 0.0470
Car -1 -1 -3.2127 1086.0353 204.9701 1198.8582 242.7337 1.5072 1.6013 4.1064 24.5863 3.0792 33.5611 -2.5855 0.0434
Cyclist -1 -1 -8.6619 942.3578 160.1627 1020.7330 240.0620 1.6385 0.4532 1.6421 7.9664 1.3780 15.6463 -8.1991 0.0434
Car -1 -1 -3.4437 1088.2424 203.3054 1210.3110 240.2082 1.5330 1.6308 4.2956 25.1489 3.0242 33.8704 -2.8100 0.0384
Car -1 -1 -4.9559 1081.6133 206.6544 1145.4630 245.3141 1.5463 1.5550 4.1300 24.2344 3.2854 34.9247 -4.3541 0.0376
Car -1 -1 -5.0882 1087.7467 203.0724 1168.8999 242.5798 1.5801 1.8552 3.6788 24.2224 3.0850 33.9338 -4.4733 0.0375
Car -1 -1 -4.1142 1064.7036 205.7828 1158.4113 242.9690 1.5736 1.7712 4.0222 24.1716 3.2343 34.8410 -3.5125 0.0335
Car -1 -1 -3.8273 29.8621 184.2516 129.9052 220.5026 1.6313 1.7571 3.7216 -26.2068 2.2279 35.7638 -4.4563 0.0335
Car -1 -1 -4.8550 1106.2566 203.4259 1168.3909 242.9076 1.5672 1.8105 3.8443 24.7529 3.0996 34.0511 -4.2314 0.0325
Car -1 -1 -7.0333 749.3860 174.0559 837.3311 208.6670 1.5572 1.6322 4.0191 8.6820 1.6168 34.2655 -6.7876 0.0313
Car -1 -1 -5.2577 1076.2056 205.5052 1175.9199 244.1042 1.4844 1.9201 4.0077 23.6348 3.0845 33.3030 -4.6455 0.0292
Car -1 -1 -6.9220 743.4871 173.8877 840.0197 208.7872 1.5884 1.6578 4.3561 8.6644 1.6399 34.5397 -6.6788 0.0281
Car -1 -1 -6.5781 1084.7061 207.5509 1191.7621 243.6389 1.4915 1.6680 3.7281 24.6656 3.1878 33.8895 -5.9540 0.0277
Car -1 -1 -5.2471 1093.1501 200.8454 1197.1080 240.2433 1.5275 1.8769 4.3763 24.6125 2.9133 33.4626 -4.6180 0.0277
Pedestrian -1 -1 -7.7185 676.7015 172.6555 686.3280 197.9469 1.7749 0.5695 0.8589 5.0382 1.7607 51.1210 -7.6212 0.0275
Car -1 -1 -5.4860 1082.7853 203.5521 1196.8464 243.5933 1.5413 1.9194 4.0739 24.2169 3.0470 33.2387 -4.8615 0.0258
Car -1 -1 -6.7655 1087.7797 206.4582 1192.8163 241.9958 1.5194 1.6674 3.6277 24.8589 3.1525 33.9875 -6.1390 0.0253
Car -1 -1 -4.6601 1101.2098 203.4167 1149.9507 242.2284 1.5748 1.7200 3.9422 24.7402 3.1295 34.6326 -4.0447 0.0214
Car -1 -1 -5.1709 1097.6869 198.3450 1194.6144 240.2471 1.6602 1.8454 4.4189 24.8898 2.9352 33.7630 -4.5406 0.0212
Car -1 -1 -4.3070 1088.4298 207.0898 1167.8245 245.6052 1.5823 1.6066 4.1266 24.7775 3.3040 34.5322 -3.6896 0.0210
Cyclist -1 -1 -7.9557 677.4625 172.8371 685.4229 197.8627 1.7565 0.3984 1.6250 5.0596 1.7550 51.4555 -7.8586 0.0180
Car -1 -1 -4.8574 1108.1628 195.9219 1174.1959 238.6363 1.7494 1.8917 4.4316 25.2823 2.9304 34.5478 -4.2305 0.0144
Car -1 -1 -5.4953 1069.8469 172.8712 1151.1304 197.2401 1.6082 1.8119 4.7376 34.6078 1.6092 50.1144 -4.8940 0.0122
Car -1 -1 -5.5626 1076.0187 172.8285 1162.0033 197.1790 1.5786 1.8290 4.7690 34.6295 1.5767 49.3109 -4.9535 0.0117
Car -1 -1 -7.8161 1095.7577 205.7156 1138.5558 242.0178 1.4733 1.5694 3.7891 24.4948 3.1512 34.8633 -7.2085 0.0092
Car -1 -1 -4.9019 648.2183 177.2467 673.0944 192.6574 1.4573 1.7554 3.8455 4.9626 1.9039 71.3938 -4.8332 0.0090
Car -1 -1 -5.5499 1084.7715 171.6935 1169.2047 195.8120 1.5410 1.7699 4.6052 34.6280 1.4666 48.5418 -4.9334 0.0089
Car -1 -1 -5.0395 642.0220 177.0910 672.6378 194.0101 1.5922 1.7245 4.2970 4.6226 2.0244 71.3524 -4.9755 0.0075
Car -1 -1 -4.3565 341.1194 179.7543 378.8245 197.4393 1.3713 1.6441 4.0094 -20.6102 1.9599 59.5526 -4.6886 0.0068
Car -1 -1 -4.2439 335.8377 179.9673 377.9257 197.4159 1.3328 1.6188 3.9744 -20.6291 1.9335 58.8853 -4.5798 0.0066
Car -1 -1 -4.6846 347.8711 178.7594 370.5441 197.0692 1.4395 1.6752 4.2269 -21.0035 1.9526 60.4576 -5.0179 0.0062
Car -1 -1 -4.7235 655.4374 176.2832 674.3327 191.8303 1.4744 1.8114 3.8974 5.3798 1.8225 71.3124 -4.6488 0.0060
Car -1 -1 -4.4344 336.0977 179.1474 370.8035 196.9321 1.3663 1.6244 4.0338 -20.9385 1.8982 58.9549 -4.7745 0.0054
Car -1 -1 -4.4683 346.7149 179.8581 379.1187 197.9327 1.4195 1.6440 3.9937 -20.6352 2.0247 60.3204 -4.7968 0.0054
Pedestrian -1 -1 -7.8875 1157.2201 180.1873 1183.4130 227.8157 1.7000 0.7301 0.6419 20.4254 1.9725 26.3728 -7.2345 0.0051
Car -1 -1 -4.6566 351.4907 177.9736 374.7620 196.1237 1.4638 1.6520 4.1079 -21.0765 1.9164 61.6322 -4.9851 0.0038
Car -1 -1 -6.4175 0.0000 157.9982 49.7812 198.1038 2.0421 1.7466 4.2834 -33.1147 1.2854 38.9141 -7.1192 0.0036
Car -1 -1 -4.5438 350.9657 178.5615 378.7901 196.2946 1.4403 1.6138 4.0123 -21.0695 1.9476 62.0680 -4.8701 0.0035
Car -1 -1 -4.6235 658.2857 176.0780 679.1489 191.0825 1.4241 1.7354 3.7287 5.8098 1.7514 71.3210 -4.5429 0.0035
Car -1 -1 -4.1977 339.1211 179.5134 381.9096 197.8308 1.4039 1.5871 3.8902 -20.3231 1.9657 58.8524 -4.5291 0.0033
Car -1 -1 -6.5559 0.0000 160.6638 46.1853 200.1700 2.0070 1.6430 3.9358 -33.0112 1.3874 38.7462 -7.2582 0.0031
Car -1 -1 -9.0643 0.0000 0.0000 1241.0000 374.0000 1.5446 1.5916 3.6023 5.8200 1.5532 1.3753 -7.7729 0.0030
Car -1 -1 -4.3423 353.6577 179.9133 386.9640 196.6282 1.3946 1.5588 3.6896 -21.1333 2.0357 63.6730 -4.6618 0.0030
Car -1 -1 -4.3297 346.7467 179.4051 381.3037 196.2775 1.3920 1.5517 3.7843 -21.4437 1.9809 62.9627 -4.6570 0.0030
Car -1 -1 -9.0191 0.0000 0.0000 1241.0000 374.0000 1.5421 1.5884 3.5705 4.6705 1.5519 1.2716 -7.7719 0.0030
Car -1 -1 -8.9757 0.0000 0.0000 1241.0000 374.0000 1.5549 1.5859 3.5607 3.8999 1.5536 1.2005 -7.7712 0.0030
Car -1 -1 -9.0000 0.0000 0.0000 1241.0000 374.0000 1.5553 1.5828 3.5476 4.2616 1.5601 1.2280 -7.7726 0.0030
Car -1 -1 -4.3359 351.1942 179.4560 385.3630 196.3323 1.3928 1.5517 3.7615 -21.0754 1.9862 62.9691 -4.6579 0.0030
Car -1 -1 -4.3352 349.6269 179.8948 383.2831 196.5202 1.3870 1.5578 3.7059 -21.4780 2.0266 63.6878 -4.6595 0.0030
Car -1 -1 -9.0503 0.0000 0.0000 1241.0000 374.0000 1.5317 1.5923 3.5857 5.4418 1.5556 1.3480 -7.7727 0.0030
Car -1 -1 -9.0349 0.0000 0.0000 1241.0000 374.0000 1.5464 1.5863 3.5639 5.0406 1.5574 1.3108 -7.7726 0.0030
Car -1 -1 -4.5686 661.8452 175.6496 685.1456 191.2280 1.4758 1.7455 3.9713 6.2796 1.7599 71.2530 -4.4815 0.0027
Cyclist -1 -1 -6.5398 1157.2258 177.5145 1213.2468 225.1796 1.6841 0.6786 1.4645 20.8289 1.8570 26.2136 -5.8743 0.0024
Pedestrian -1 -1 -6.5899 676.4147 172.2569 690.2310 197.0428 1.7232 0.5105 0.8469 5.0991 1.6814 50.5012 -6.4903 0.0022
Cyclist -1 -1 -6.6302 1161.3889 177.9545 1223.8159 226.3740 1.7095 0.7053 1.6183 21.0762 1.8985 26.1912 -5.9586 0.0021
Cyclist -1 -1 -3.9368 1167.3546 178.3672 1227.1799 226.9685 1.7266 0.7171 1.6815 21.2622 1.9300 26.1933 -3.2609 0.0017
Car -1 -1 -5.0610 0.0000 176.8767 55.7082 202.6304 1.3796 1.4042 3.5187 -32.8846 1.6143 40.6373 -5.7382 0.0015
Pedestrian -1 -1 -5.4254 723.6106 170.4774 734.2241 192.0013 1.8636 0.6454 0.6494 10.3452 1.6575 62.9187 -5.2636 0.0009
Car -1 -1 -3.7069 916.5842 191.5083 983.3895 215.6697 1.7279 1.5997 4.3777 25.5485 3.1600 54.3323 -3.2701 0.0009
Car -1 -1 -6.8773 915.9220 192.0219 989.6414 216.0999 1.7218 1.8459 4.8749 26.0394 3.2149 54.9296 -6.4373 0.0008
Pedestrian -1 -1 -3.4290 703.1306 172.6618 709.3763 193.2848 1.7863 0.6807 0.3600 8.3607 1.7694 62.8621 -3.2978 0.0004
Car -1 -1 -6.8871 917.5352 192.1087 987.2505 215.9128 1.7030 1.6306 4.6840 25.9212 3.1948 54.7281 -6.4476 0.0003
Cyclist -1 -1 -7.9605 782.0118 165.5642 805.6107 225.1353 1.8454 0.5534 1.6403 5.8487 1.6192 23.2017 -7.7172 0.0001
