Car -1 -1 -7.8166 583.9017 181.4953 617.0106 212.2448 1.4819 1.5957 3.8737 -0.4954 1.9580 37.8267 -7.8302 0.9936
Car -1 -1 -7.8012 533.1899 181.2076 561.2528 205.1385 1.4241 1.5951 3.7626 -4.0146 1.9805 46.1775 -7.8879 0.9915
Car -1 -1 -4.3354 271.7732 180.3913 329.5718 210.1199 1.4377 1.5332 3.6436 -16.1142 1.8502 37.6686 -4.7374 0.9872
Car -1 -1 -7.7977 532.4440 181.1876 561.2225 205.4745 1.4423 1.6214 3.8449 -4.0339 1.9973 46.1330 -7.8849 0.8426
Car -1 -1 -7.8204 532.6520 180.7299 560.2419 205.1106 1.4499 1.6312 3.9412 -4.0666 1.9761 46.2210 -7.9082 0.8372
Car -1 -1 -7.8223 584.5980 181.1298 617.7534 211.9804 1.4911 1.6224 3.9134 -0.4580 1.9482 37.9046 -7.8349 0.8002
Car -1 -1 -7.7450 533.3266 181.0599 564.5671 205.0802 1.4299 1.5918 3.7799 -3.8998 1.9763 46.1658 -7.8293 0.7979
Car -1 -1 -7.8342 583.2444 181.2551 615.6505 211.7833 1.4715 1.6120 4.0100 -0.5559 1.9358 37.8939 -7.8493 0.7975
Car -1 -1 -4.3725 273.7545 180.2476 327.4537 210.2441 1.4509 1.4968 3.4522 -16.0714 1.8534 37.5418 -4.7748 0.7462
Car -1 -1 -4.3177 269.1761 180.1164 329.6490 209.9941 1.4478 1.5996 3.6947 -16.1984 1.8459 37.7208 -4.7211 0.7345
Car -1 -1 -4.3125 266.7141 180.1701 328.7404 211.4324 1.4977 1.5842 3.8056 -16.1295 1.8957 37.3673 -4.7177 0.5777
Car -1 -1 -7.7514 533.8582 180.8819 564.5173 205.2197 1.4464 1.5987 3.3961 -3.8522 1.9739 45.7247 -7.8355 0.4685
Car -1 -1 -7.7142 876.1387 181.9442 917.5320 213.4514 1.5332 1.5846 3.3809 15.1174 2.0357 38.0480 -7.3392 0.0390
Car -1 -1 -4.5768 870.5353 180.4009 912.0735 213.7304 1.6337 1.6308 3.1977 14.7945 2.0493 37.9730 -4.2085 0.0323
Pedestrian -1 -1 -6.8263 400.3724 173.8706 419.1760 208.2466 1.8131 0.6446 0.7425 -10.7427 1.8678 38.5758 -7.0965 0.0321
Car -1 -1 -4.7095 209.6021 179.7193 231.1600 199.5359 1.5637 1.5447 3.8903 -32.6575 2.1585 60.4576 -5.2032 0.0313
Pedestrian -1 -1 -6.4013 399.6501 173.9189 414.2597 207.5887 1.7732 0.5735 0.6861 -10.8520 1.8302 38.4213 -6.6751 0.0276
Car -1 -1 -7.7906 871.0790 181.7120 905.5968 213.0450 1.5393 1.5112 3.4396 14.7996 2.0334 38.3880 -7.4258 0.0259
Pedestrian -1 -1 -6.5005 400.0505 174.5674 416.7035 207.8360 1.7481 0.5815 0.7456 -10.7673 1.8400 38.3906 -6.7725 0.0249
Car -1 -1 -4.5229 873.7547 180.7747 918.0804 214.4475 1.6466 1.5389 3.6014 15.1031 2.0860 38.1260 -4.1490 0.0247
Car -1 -1 -4.5532 209.1552 179.8729 237.4111 199.4673 1.5472 1.5036 3.7715 -32.3866 2.1547 60.4541 -5.0434 0.0234
Car -1 -1 -4.6494 229.5773 180.2008 256.5324 201.6717 1.5284 1.5844 3.8124 -27.8787 2.1075 54.8384 -5.1180 0.0232
Car -1 -1 -4.5976 233.6040 180.0697 262.6952 201.4245 1.5243 1.5536 3.7656 -27.5269 2.0935 54.9140 -5.0606 0.0215
Pedestrian -1 -1 -6.7577 399.5796 174.4146 416.5327 207.7313 1.7607 0.6528 0.6475 -10.8516 1.8449 38.6336 -7.0301 0.0167
Car -1 -1 -7.9302 866.5612 181.3197 903.6125 213.0523 1.5571 1.5613 3.4160 14.4986 2.0275 38.2558 -7.5710 0.0143
Car -1 -1 -4.4071 210.2426 179.8064 244.9171 199.4100 1.5517 1.5014 3.7721 -32.0502 2.1536 60.5138 -4.8926 0.0140
Cyclist -1 -1 -5.5661 838.2753 176.9885 874.1245 212.9643 1.9265 0.6387 1.9245 13.5455 2.1602 39.8574 -5.2413 0.0126
Cyclist -1 -1 -8.0316 401.0225 174.4713 415.6889 207.2928 1.7349 0.4617 1.7602 -10.9780 1.8243 39.1202 -8.3038 0.0121
Car -1 -1 -4.5907 621.7102 181.8948 644.3929 199.9341 1.6617 1.7329 4.2154 2.2769 2.5775 70.8986 -4.5592 0.0097
Car -1 -1 -4.1583 209.1723 179.7639 254.3084 199.2701 1.5471 1.5507 3.8715 -31.7473 2.1464 60.6225 -4.6391 0.0092
Car -1 -1 -4.6386 865.4710 179.9587 905.2582 213.6305 1.6532 1.7484 2.9396 14.4306 2.0423 37.8452 -4.2774 0.0091
Pedestrian -1 -1 -8.2593 944.1414 177.0168 962.0502 210.1516 1.8337 0.6513 0.7743 19.1815 2.0689 40.4284 -7.8196 0.0089
Pedestrian -1 -1 -4.9306 1195.2777 167.2089 1224.5447 222.5249 1.7603 0.6101 0.5963 19.3699 1.5803 23.3644 -4.2450 0.0086
Car -1 -1 -3.4406 186.2990 180.1323 254.1985 201.8360 1.4748 1.6696 4.0276 -28.2979 2.0235 52.4053 -3.9338 0.0078
Pedestrian -1 -1 -3.7176 1220.0227 177.8626 1241.0000 230.8475 1.6329 0.5177 0.4323 19.4594 1.7913 22.5750 -3.0131 0.0075
Pedestrian -1 -1 -8.1719 942.5118 176.6937 959.8825 210.3264 1.8669 0.6495 0.8444 19.1620 2.0851 40.6131 -7.7344 0.0075
Car -1 -1 -4.9781 1115.7411 183.4297 1195.2941 227.9000 1.5284 1.5561 3.4058 20.6862 1.9594 27.5572 -4.3398 0.0069
Cyclist -1 -1 -5.8762 836.4558 175.5681 874.7164 211.6565 1.9448 0.6361 1.9050 13.5279 2.0978 39.8874 -5.5520 0.0069
Car -1 -1 -4.8266 617.8420 182.3387 640.1199 199.8622 1.6125 1.7094 4.2506 1.8164 2.5738 70.9626 -4.8016 0.0068
Cyclist -1 -1 -5.4254 1178.2981 176.5922 1234.0538 233.9199 1.7803 0.4559 1.5825 19.1808 1.9049 23.3087 -4.7436 0.0068
Car -1 -1 -4.4327 620.8169 182.3535 649.7689 199.8270 1.6000 1.7154 4.3447 2.5038 2.5642 70.9333 -4.3981 0.0066
Car -1 -1 -4.7924 1128.9957 189.1372 1190.4579 237.3022 1.6000 1.5100 4.0151 20.8101 2.2676 27.4911 -4.1503 0.0064
Car -1 -1 -5.1093 849.5214 181.4050 906.6430 213.0403 1.5544 1.6934 3.2154 14.0134 2.0238 37.9886 -4.7590 0.0063
Pedestrian -1 -1 -4.0470 699.9483 176.4086 726.5492 244.4458 1.7221 0.5135 0.4478 2.6157 1.8153 18.6384 -3.9107 0.0062
Cyclist -1 -1 -5.3329 1189.9083 174.9403 1241.0000 229.9091 1.7040 0.4544 1.5520 19.4206 1.7732 23.2176 -4.6431 0.0058
Pedestrian -1 -1 -8.4540 842.7092 177.9391 864.1585 213.8454 1.9545 0.7051 0.9610 13.4495 2.2400 39.9923 -8.1325 0.0057
Pedestrian -1 -1 -5.3141 1188.8860 171.6971 1224.2371 230.8311 1.8847 0.6409 0.6203 19.2346 1.8476 23.3320 -4.6314 0.0050
Pedestrian -1 -1 -4.8195 858.9803 172.6544 875.2231 211.3193 2.0538 0.7382 0.7992 13.7813 2.0428 38.7992 -4.4811 0.0048
Cyclist -1 -1 -7.8451 894.2417 177.2814 906.1220 214.5937 1.8797 0.5603 1.8416 15.0599 2.1156 37.5357 -7.4668 0.0046
Pedestrian -1 -1 -5.1255 1189.6783 166.4073 1221.6799 218.6640 1.6836 0.6204 0.5900 19.4387 1.4756 23.6136 -4.4432 0.0043
Pedestrian -1 -1 -5.6992 841.3994 176.5026 863.5914 213.3104 2.0173 0.7250 0.9277 13.4876 2.2235 40.2502 -5.3787 0.0043
Car -1 -1 -5.2957 1167.7717 191.2357 1241.0000 234.0157 1.3640 1.5395 3.4564 22.2967 2.0812 26.3596 -4.5997 0.0042
Pedestrian -1 -1 -3.8092 1224.0870 179.2597 1241.0000 232.3199 1.6171 0.5565 0.4873 19.4488 1.8178 22.3481 -3.1001 0.0042
Car -1 -1 -4.5484 1115.6444 184.9285 1184.5825 230.5315 1.5890 1.5985 3.5328 20.8711 2.0858 27.9001 -3.9117 0.0042
Cyclist -1 -1 -5.6606 835.1189 176.5580 873.1708 212.9635 1.9620 0.6772 1.9752 13.5110 2.1726 40.0881 -5.3384 0.0040
Cyclist -1 -1 -8.6714 829.6367 172.4028 865.2003 211.7836 2.1367 0.7558 1.8633 13.1569 2.1119 40.1468 -8.3574 0.0039
Pedestrian -1 -1 -3.7916 1078.8680 170.9018 1107.0813 226.7583 1.8159 0.6086 0.5058 15.8632 1.7521 23.7782 -3.2095 0.0039
Car -1 -1 -4.6506 883.4068 180.1717 913.1418 204.4581 1.4107 1.5098 3.7825 18.0405 1.8891 45.1694 -4.2733 0.0038
Pedestrian -1 -1 -8.3633 834.6769 173.4076 858.0201 211.6832 2.1078 0.8561 1.0055 13.1655 2.1389 40.3272 -8.0505 0.0036
Car -1 -1 -5.3458 1113.6219 187.1042 1234.7806 236.1183 1.6148 1.5863 3.7856 20.7411 2.1812 26.7885 -4.6929 0.0032
Car -1 -1 -5.2019 1126.0182 183.3273 1241.0000 235.9569 1.7384 1.8701 4.3649 21.5046 2.1645 27.0659 -4.5364 0.0032
Car -1 -1 -5.4524 1136.9420 185.5767 1241.0000 235.4520 1.6297 1.7294 4.4262 22.2319 2.1451 26.9880 -4.7692 0.0032
Car -1 -1 -4.7830 880.4391 179.2265 910.0423 204.5277 1.4833 1.4485 3.7975 17.8518 1.9014 45.3499 -4.4106 0.0031
Cyclist -1 -1 -7.8618 883.2896 176.4251 896.8448 214.6657 1.9551 0.6423 2.0536 14.7646 2.1490 38.1643 -7.4958 0.0031
Car -1 -1 -4.4946 23.2790 181.8808 65.8956 203.3271 1.4605 1.6452 3.9513 -41.5573 2.1510 53.0749 -5.1566 0.0030
Car -1 -1 -4.4917 18.8594 181.7691 62.0179 203.4394 1.4650 1.6422 3.9419 -41.5401 2.1418 52.6671 -5.1572 0.0030
Car -1 -1 -4.4979 27.8349 181.2870 69.6970 202.5924 1.4660 1.6418 3.9316 -41.5511 2.1154 53.4607 -5.1563 0.0030
Pedestrian -1 -1 -3.5437 1215.9218 178.2113 1241.0000 239.0143 1.8452 0.5827 0.6362 19.2384 2.0135 22.3355 -2.8398 0.0029
Car -1 -1 -5.1374 903.8674 168.0984 961.5954 196.6647 1.8509 1.9485 4.3192 21.7627 1.5425 48.9200 -4.7214 0.0028
Car -1 -1 -4.3445 1109.6401 182.5363 1208.7671 228.8774 1.6517 1.8151 3.9430 21.5072 2.0554 28.2901 -3.7001 0.0027
Pedestrian -1 -1 -6.6840 864.7997 176.7838 886.1379 216.0841 2.1074 0.7611 0.8563 14.3696 2.3227 39.1746 -6.3355 0.0027
Cyclist -1 -1 -5.3879 1181.0579 177.1678 1235.2119 234.0651 1.7707 0.4999 1.5188 19.2650 1.9145 23.3319 -4.7045 0.0027
Cyclist -1 -1 -8.6553 830.4766 179.7773 867.9105 215.5164 1.9400 0.6877 2.1167 13.4311 2.3407 40.6889 -8.3392 0.0026
Pedestrian -1 -1 -5.8709 853.5566 173.0178 872.8296 210.7009 1.9950 0.7725 0.7295 13.5541 2.0036 38.7343 -5.5372 0.0026
Cyclist -1 -1 -5.1169 1185.1362 170.6576 1230.4254 225.4533 1.7245 0.5625 1.5482 19.4198 1.6551 23.5291 -4.4335 0.0025
Cyclist -1 -1 -5.9851 833.2123 176.0372 872.9279 212.5245 1.9809 0.7449 1.9649 13.4969 2.1618 40.1981 -5.6640 0.0024
Pedestrian -1 -1 -8.4029 836.7262 172.1971 859.5984 211.3004 2.1392 0.8239 0.9589 13.1708 2.1030 40.0344 -8.0878 0.0021
Cyclist -1 -1 -5.3496 936.6275 174.5573 962.0214 208.7844 1.8976 0.6351 1.3191 19.1322 1.9952 40.7836 -4.9143 0.0021
Car -1 -1 -4.7077 1134.0487 181.3619 1194.7694 232.5615 1.7641 1.7426 4.2205 21.2843 2.1176 27.7991 -4.0600 0.0020
Car -1 -1 -5.4912 1129.5957 185.9251 1241.0000 236.7440 1.6609 1.7414 4.3895 22.0115 2.1912 27.0215 -4.8136 0.0020
Cyclist -1 -1 -5.4127 1173.9515 173.5685 1229.6788 230.5778 1.7970 0.5430 1.5242 19.2237 1.8208 23.5313 -4.7344 0.0019
Car -1 -1 -7.6344 851.6027 183.8506 895.7643 213.8965 1.5594 1.5647 3.8600 14.9816 2.2151 40.9958 -7.2869 0.0019
Car -1 -1 -4.7646 1136.7803 180.2353 1203.6860 226.2604 1.6068 1.8074 4.1796 21.7027 1.9173 28.1428 -4.1132 0.0018
Car -1 -1 -4.7968 1122.0393 183.6529 1187.5828 227.0612 1.5129 1.7035 3.7105 21.1426 1.9648 28.1822 -4.1587 0.0018
Cyclist -1 -1 -7.8388 884.3427 175.0550 898.1737 213.1778 1.9419 0.6558 1.9079 14.7330 2.0602 37.8772 -7.4710 0.0018
Car -1 -1 -4.9398 1113.6851 181.2487 1190.2937 220.1167 1.3830 1.6588 3.3955 21.1701 1.7348 28.3764 -4.3043 0.0017
Pedestrian -1 -1 -6.7379 869.6996 174.2072 890.5480 214.8145 2.1782 0.8154 0.7793 14.6238 2.2522 39.1786 -6.3837 0.0016
Car -1 -1 -4.3192 1102.7509 182.3937 1201.1677 225.9370 1.5484 1.7641 3.8076 21.1162 1.9432 28.1528 -3.6812 0.0016
Car -1 -1 -4.8987 1126.9561 180.4752 1190.9136 216.6166 1.3201 1.4384 3.2273 21.8376 1.6434 28.8654 -4.2564 0.0015
Car -1 -1 -5.3810 1150.8544 189.8054 1241.0000 237.8629 1.5406 1.6239 3.8861 22.0396 2.2082 26.4714 -4.6928 0.0015
Cyclist -1 -1 -6.6176 1090.6433 172.3135 1163.8987 226.8992 1.9943 0.9469 2.0355 19.3438 1.9743 27.0983 -6.0033 0.0014
Car -1 -1 -4.6793 1126.7478 182.7224 1186.8442 227.4749 1.5619 1.7659 4.0456 21.4084 1.9772 28.2528 -4.0364 0.0013
Car -1 -1 -4.6428 846.0222 182.0944 881.0063 214.3194 1.6792 1.6161 3.9254 14.3827 2.2304 40.9384 -4.3078 0.0012
Car -1 -1 -5.1258 1097.7019 178.0730 1190.3595 221.2348 1.5794 1.5588 3.8062 21.2280 1.8029 28.9174 -4.4979 0.0012
Car -1 -1 -4.5530 848.2070 181.6288 887.8469 212.5134 1.6127 1.5441 3.7846 14.6104 2.1340 40.8611 -4.2124 0.0011
Car -1 -1 -4.8403 1120.2719 178.9469 1184.1624 216.8577 1.3854 1.5934 3.4004 21.5472 1.6445 28.8428 -4.2040 0.0008
Car -1 -1 -5.2844 1133.1273 181.9843 1241.0000 225.2747 1.4826 1.5632 3.8134 21.9313 1.8554 27.5148 -4.6172 0.0006
Pedestrian -1 -1 -6.9516 161.1500 171.5212 183.5533 203.7053 1.5628 0.5743 0.7472 -21.5611 1.4978 35.4867 -7.4944 0.0004
Cyclist -1 -1 -7.7932 402.2889 175.3716 412.8404 207.0971 1.6571 0.4451 1.6492 -10.8833 1.7947 38.6762 -8.0660 0.0004
Cyclist -1 -1 -4.8967 834.3505 171.2725 848.4842 194.7100 1.8721 0.7597 1.8617 18.7604 1.7455 58.6052 -4.5887 0.0001
