Car -1 -1 -4.3213 320.2573 181.5501 374.5483 208.4332 1.4928 1.6468 4.0537 -15.7787 2.0412 43.4628 -4.6679 0.9801
Car -1 -1 -4.2883 296.2103 174.1690 348.5080 201.1084 1.8140 1.7461 4.4778 -20.3165 1.9109 51.0851 -4.6653 0.9063
Car -1 -1 -4.6140 425.5133 177.4965 446.8154 194.4023 1.5151 1.5628 4.0031 -16.3489 1.9651 67.9015 -4.8497 0.8349
Car -1 -1 -4.3055 321.4917 181.5605 375.9275 207.9084 1.4658 1.5906 4.1167 -15.7614 2.0174 43.6349 -4.6505 0.8150
Car -1 -1 -4.3309 319.4472 182.4736 372.7469 208.8092 1.4594 1.6600 3.9429 -15.8524 2.0649 43.4408 -4.6791 0.8118
Car -1 -1 -4.3868 458.3209 177.3476 488.4959 193.8408 1.4686 1.5684 4.0255 -12.7589 1.9017 67.4956 -4.5733 0.7249
Car -1 -1 -4.4889 425.9880 177.6932 452.7111 194.4256 1.5015 1.5887 4.0604 -16.0567 1.9707 67.9624 -4.7204 0.6902
Car -1 -1 -4.4356 297.8063 173.8111 342.8750 200.7026 1.8135 1.7841 4.5546 -20.5046 1.8842 51.1830 -4.8151 0.6822
Car -1 -1 -4.7220 425.6258 177.9095 442.8386 194.5822 1.4892 1.5279 3.9516 -16.5614 1.9788 67.8245 -4.9609 0.6788
Car -1 -1 -4.4171 456.7790 177.7419 486.1214 194.1881 1.4650 1.5920 4.0455 -12.9654 1.9370 67.6163 -4.6061 0.6132
Car -1 -1 -4.2038 296.3338 174.3090 350.2125 200.7235 1.7734 1.6451 4.2975 -20.1929 1.8803 50.9263 -4.5798 0.5862
Car -1 -1 -4.2038 319.3016 182.1339 377.9171 208.1750 1.4332 1.6175 3.8669 -15.6151 2.0148 43.2041 -4.5490 0.5499
Pedestrian -1 -1 -7.7911 769.5262 171.1653 782.3041 201.5059 1.7804 0.7064 0.5319 9.7829 1.6810 42.6953 -7.5678 0.5468
Car -1 -1 -4.4432 456.1915 177.7660 484.5229 194.1569 1.4487 1.5758 4.0110 -12.9637 1.9191 67.0706 -4.6337 0.5392
Car -1 -1 -4.2586 458.3949 177.0811 493.1229 193.7880 1.4887 1.5998 4.0092 -12.5425 1.8966 67.5251 -4.4419 0.5230
Car -1 -1 -4.4153 459.0899 177.3862 488.1749 193.7194 1.4463 1.5562 3.9976 -12.6671 1.8806 67.1138 -4.6014 0.4449
Car -1 -1 -4.4952 455.9053 178.0000 482.4463 194.3683 1.4581 1.5948 4.1084 -13.1878 1.9551 67.6546 -4.6873 0.4214
Car -1 -1 -4.3597 295.4491 175.3988 342.4573 201.5503 1.7506 1.7334 4.1651 -20.4605 1.9370 50.8169 -4.7409 0.4008
Car -1 -1 -4.4611 425.9529 177.7048 453.8786 194.7822 1.5220 1.6050 3.9634 -15.8794 1.9884 67.4366 -4.6918 0.3741
Car -1 -1 -4.4654 456.9781 177.2307 485.4148 193.6436 1.4667 1.6040 4.3880 -13.0421 1.8919 67.9084 -4.6548 0.3733
Car -1 -1 -4.6352 423.8485 177.5074 446.2355 194.7328 1.5194 1.6980 4.2798 -16.2584 1.9664 67.1071 -4.8723 0.3343
Car -1 -1 -4.3316 426.0486 177.5403 458.9367 194.3845 1.5077 1.5918 4.1411 -15.7531 1.9628 67.9564 -4.5589 0.3326
Car -1 -1 -7.5260 303.9254 175.0356 348.3908 200.5062 1.7326 1.6561 4.3118 -20.2802 1.8951 51.6468 -7.8987 0.3285
Car -1 -1 -7.6868 278.6011 180.5526 315.5490 205.0894 1.4728 1.5717 3.8193 -20.2054 1.9918 46.6321 -8.0938 0.3127
Car -1 -1 -4.8019 421.2628 178.2968 442.3799 194.9233 1.4821 1.5733 4.0275 -16.8104 2.0102 67.8927 -5.0440 0.2934
Car -1 -1 -4.4937 423.9124 177.8195 452.9112 195.2287 1.5310 1.7070 4.3727 -15.8877 2.0062 66.9046 -4.7263 0.2903
Pedestrian -1 -1 -7.6731 766.5687 170.8826 780.5255 200.8102 1.7560 0.7218 0.5403 9.6495 1.6400 42.7261 -7.4529 0.2789
Car -1 -1 -7.7001 749.7103 165.0822 789.5139 197.0197 1.8812 1.7678 4.4274 9.9421 1.4231 44.8837 -7.4838 0.2080
Car -1 -1 -2.5116 233.0594 179.4437 306.8145 203.9155 1.4685 1.6676 3.9520 -21.2851 1.8914 45.1367 -2.9502 0.1918
Car -1 -1 -4.5309 453.6231 177.9749 479.0924 194.4346 1.4491 1.6084 4.0539 -13.2901 1.9376 66.8319 -4.7268 0.1739
Car -1 -1 -4.3535 427.6903 177.6038 459.0536 194.6018 1.5186 1.5604 4.0048 -15.6185 1.9779 67.7185 -4.5796 0.1547
Car -1 -1 -7.6019 750.7926 166.4122 794.2111 196.4339 1.7667 1.6859 3.9844 10.0557 1.3873 44.6183 -7.3820 0.1338
Car -1 -1 -5.6694 0.0000 188.9627 80.6817 221.7150 1.4526 1.6103 3.2579 -27.0615 2.2265 33.7815 -6.3411 0.1321
Pedestrian -1 -1 -7.8036 770.2842 172.0503 783.9381 202.2560 1.7649 0.7591 0.5448 9.8141 1.7176 42.5243 -7.5787 0.1283
Car -1 -1 -2.3136 246.0387 179.4068 310.7304 203.4590 1.4437 1.6454 3.7027 -20.9852 1.8708 45.5894 -2.7430 0.1203
Car -1 -1 -7.5077 751.3705 165.8710 802.4561 196.4594 1.7983 1.7412 4.2772 10.3498 1.3874 44.6882 -7.2819 0.1143
Car -1 -1 -4.3055 460.3515 177.2565 492.9931 193.7306 1.4633 1.5570 3.9541 -12.4201 1.8866 67.3155 -4.4876 0.1139
Car -1 -1 -4.7340 421.5515 178.0733 441.5777 195.1198 1.5012 1.7176 4.0255 -16.6235 2.0015 67.0382 -4.9764 0.1004
Car -1 -1 -6.9325 755.3210 167.5788 828.3916 195.6165 1.6505 1.6581 4.1775 11.0729 1.3397 44.0606 -6.6882 0.0984
Car -1 -1 -7.8331 751.8895 167.4729 781.1492 198.7696 1.8438 1.6924 3.9402 9.6777 1.5265 44.6205 -7.6213 0.0972
Car -1 -1 -2.4114 239.5744 179.4656 308.4366 203.6254 1.4510 1.6432 3.8050 -21.1688 1.8791 45.4091 -2.8457 0.0971
Car -1 -1 -5.6515 0.0000 190.2634 82.3963 223.6127 1.4803 1.6283 4.0631 -27.4699 2.3193 33.8804 -6.3291 0.0962
Pedestrian -1 -1 -7.3768 1041.7094 184.5155 1070.4669 238.1801 1.8657 0.6878 0.5708 15.8514 2.2882 25.7191 -6.8303 0.0950
Car -1 -1 -7.1535 752.8005 167.3899 820.3792 196.0106 1.6829 1.6817 4.2753 10.8511 1.3613 44.3683 -6.9155 0.0891
Pedestrian -1 -1 -6.8720 1044.1041 186.3174 1074.1951 239.3264 1.8367 0.7270 0.6001 15.8604 2.3204 25.5656 -6.3227 0.0759
Car -1 -1 -4.8287 418.2998 177.8289 440.4093 194.9575 1.5224 1.5583 3.9282 -16.9367 2.0018 67.4696 -5.0740 0.0754
Car -1 -1 -2.5984 226.1302 180.2067 307.1990 204.5213 1.4555 1.7732 4.2594 -21.3875 1.9245 44.9528 -3.0404 0.0732
Car -1 -1 -7.3193 751.4963 166.8085 814.1907 196.0052 1.7162 1.7272 4.4965 10.7001 1.3605 44.6288 -7.0859 0.0725
Car -1 -1 -6.6621 759.7717 169.0063 836.0273 196.2432 1.6056 1.6484 4.1442 11.2930 1.3784 43.6141 -6.4107 0.0694
Car -1 -1 -2.3731 0.0000 191.9368 75.7127 224.8350 1.4442 1.6942 4.4394 -27.9124 2.3676 33.8974 -3.0583 0.0608
Car -1 -1 -4.6462 454.8885 178.3408 474.8831 195.2797 1.5016 1.5697 4.0100 -13.5489 2.0298 67.4076 -4.8441 0.0602
Car -1 -1 -2.5213 0.0000 192.5317 73.5872 225.9939 1.4641 1.6291 4.3015 -27.8642 2.4078 33.6551 -3.2091 0.0597
Car -1 -1 -7.5910 753.8752 169.6787 794.3606 197.3781 1.6247 1.6075 3.3529 10.0450 1.4382 44.1804 -7.3692 0.0546
Car -1 -1 -7.7628 266.5213 179.8721 300.7291 204.5717 1.4557 1.6627 3.3021 -20.5253 1.9147 45.3964 -8.1855 0.0479
Car -1 -1 -7.4994 275.6842 181.1261 323.5065 205.2082 1.4389 1.5392 3.9868 -19.9853 1.9953 46.5337 -7.9032 0.0442
Car -1 -1 -7.6908 271.7333 180.7607 309.3752 204.6792 1.4061 1.5834 3.7984 -20.2583 1.9300 45.8006 -8.1054 0.0425
Car -1 -1 -4.9448 413.5592 177.8935 440.7584 194.9377 1.5183 1.5824 4.0488 -17.2069 2.0061 67.7143 -5.1931 0.0412
Car -1 -1 -6.8309 758.8486 165.0538 837.4952 193.5152 1.6747 1.7266 4.3752 11.4082 1.2154 43.9191 -6.5787 0.0399
Car -1 -1 -7.5888 271.2476 180.3070 315.7454 204.8950 1.4552 1.5952 4.0367 -20.1891 1.9529 46.0963 -7.9998 0.0381
Car -1 -1 -2.4340 0.0000 188.8192 74.6208 222.4234 1.4867 1.5807 3.1263 -27.0800 2.2476 33.5611 -3.1092 0.0370
Pedestrian -1 -1 -7.7483 766.8586 171.0480 780.3760 201.2772 1.7640 0.7238 0.5489 9.5983 1.6583 42.4815 -7.5281 0.0348
Car -1 -1 -2.7500 219.4491 179.8836 304.0137 205.3307 1.5184 1.8110 4.3515 -21.5235 1.9630 44.6442 -3.1972 0.0341
Car -1 -1 -6.4758 762.7681 169.9759 835.9927 196.5774 1.5626 1.5594 4.0206 11.2792 1.3932 43.2836 -6.2229 0.0283
Car -1 -1 -7.4826 755.8869 166.8592 806.8671 195.6434 1.6891 1.6719 4.1606 10.5853 1.3370 44.5294 -7.2510 0.0275
Car -1 -1 -4.7272 456.0683 177.6736 474.6921 196.2822 1.5774 1.5669 3.9084 -12.9358 2.0205 64.3128 -4.9253 0.0228
Car -1 -1 -4.5531 454.0256 178.6400 478.2192 196.1816 1.5038 1.5193 4.0782 -13.0055 2.0436 65.2838 -4.7493 0.0225
Car -1 -1 -2.5263 0.0000 184.2184 72.4655 219.0496 1.5341 1.5884 3.3627 -27.1236 2.0719 33.2683 -3.2065 0.0165
Car -1 -1 -4.4684 264.2185 179.1095 304.2429 204.8071 1.5081 1.4645 3.5422 -20.3586 1.9153 45.1301 -4.8903 0.0160
Car -1 -1 -7.3544 0.0000 190.9682 78.9432 224.8914 1.4507 1.5689 3.4937 -27.4176 2.3676 34.6857 -8.0197 0.0136
Car -1 -1 -2.3201 250.5894 179.6449 316.1041 203.6218 1.4529 1.7026 3.7709 -20.8999 1.9007 46.0957 -2.7439 0.0128
Car -1 -1 -7.1633 0.0000 190.0108 87.9056 224.2474 1.4759 1.5810 3.4765 -27.1776 2.3408 34.6284 -7.8251 0.0127
Car -1 -1 -4.8771 457.7689 178.5481 485.4678 197.4355 1.5479 1.6836 4.2934 -12.1064 2.0616 62.8280 -5.0671 0.0126
Cyclist -1 -1 -7.4368 232.5819 178.1532 250.8711 207.7416 1.6761 0.3195 1.6145 -21.4529 1.9901 41.9801 -7.9069 0.0113
Pedestrian -1 -1 -7.8915 1095.5438 174.3542 1118.2694 223.0735 1.8090 0.6805 0.6000 18.7159 1.8662 27.2527 -7.2953 0.0112
Car -1 -1 -4.1068 136.3741 180.8019 221.8316 214.9293 1.6102 1.7603 4.0727 -22.0872 2.0418 37.1141 -4.6407 0.0107
Car -1 -1 -7.1401 1.1989 187.9957 103.5705 225.2696 1.6053 1.7408 3.9331 -26.7446 2.3761 34.7290 -7.7928 0.0096
Cyclist -1 -1 -7.3404 227.4404 177.5795 251.0632 207.6498 1.6890 0.3941 1.7695 -21.4491 1.9676 41.7001 -7.8131 0.0084
Car -1 -1 -4.9990 1053.9769 176.1742 1114.8004 210.5441 1.4814 1.5097 3.0592 21.6530 1.6412 33.1055 -4.4242 0.0076
Car -1 -1 -4.9730 455.9759 177.6466 484.4537 196.2031 1.5692 1.5134 3.9715 -12.4945 2.0096 64.2271 -5.1647 0.0076
Cyclist -1 -1 -5.1350 56.7630 177.8023 90.2599 217.6863 1.7829 0.5542 1.7836 -24.6582 2.0143 33.1009 -5.7715 0.0067
Car -1 -1 -4.0423 140.2541 176.7973 233.9158 213.6457 1.7622 1.9381 4.2549 -21.7339 1.9776 37.2307 -4.5678 0.0058
Car -1 -1 -4.3465 157.3365 176.0011 226.7097 212.9130 1.8019 1.8684 3.8433 -21.7302 1.9746 37.6139 -4.8676 0.0050
Pedestrian -1 -1 -7.9319 1092.6609 174.1475 1116.4911 222.3787 1.7989 0.6910 0.6798 18.7303 1.8486 27.4032 -7.3379 0.0050
Cyclist -1 -1 -6.6049 761.0009 168.4085 788.8385 198.8531 1.7873 0.5943 1.4954 9.7260 1.5260 42.7285 -6.3830 0.0042
Car -1 -1 -5.0060 1055.6276 175.7975 1115.8191 212.2981 1.5772 1.4263 3.2014 21.7709 1.7194 33.1937 -4.4300 0.0041
Cyclist -1 -1 -2.3201 0.1712 178.1536 56.2097 220.7242 1.9178 0.7043 2.1900 -26.7566 2.1646 33.1396 -2.9955 0.0038
Car -1 -1 -7.2239 1110.7004 160.0134 1164.1534 178.2704 1.3836 1.5593 3.5523 40.8778 0.4102 55.9704 -6.5956 0.0037
Car -1 -1 -4.1232 149.7587 175.9408 235.4989 214.2370 1.8538 1.8374 4.1603 -21.5602 2.0227 37.4112 -4.6431 0.0036
Cyclist -1 -1 -8.1007 1105.5427 168.9693 1125.3865 214.0334 1.8713 0.3395 1.4477 21.4528 1.7097 30.6998 -7.4957 0.0035
Car -1 -1 -4.3829 465.0219 178.1538 497.3381 197.6228 1.6059 1.5964 3.8709 -11.1707 2.0808 62.6591 -4.5590 0.0032
Car -1 -1 -4.5723 464.6802 178.5842 489.2527 197.9822 1.6001 1.5746 3.8603 -11.5394 2.1128 62.6379 -4.7541 0.0029
Pedestrian -1 -1 -8.4144 1108.2939 168.2021 1135.2930 210.9318 1.7734 0.7499 0.5399 21.3959 1.5800 30.2336 -7.8035 0.0027
Car -1 -1 -4.7349 464.2639 179.3887 483.0902 198.0754 1.5299 1.5140 3.7986 -11.8542 2.1139 62.4984 -4.9219 0.0026
Car -1 -1 -7.9268 1065.3602 172.7081 1117.5507 212.2020 1.6452 1.6371 3.7048 21.2861 1.6388 32.0736 -7.3455 0.0024
Pedestrian -1 -1 -7.2853 1108.0361 167.4028 1133.1918 213.1018 1.8751 0.6634 0.5492 21.1950 1.6511 30.0172 -6.6755 0.0022
Cyclist -1 -1 -8.0074 1111.5420 166.4847 1130.2590 213.5804 1.9343 0.4144 1.4690 21.4615 1.6724 30.3851 -7.3974 0.0022
Car -1 -1 -4.9035 457.0381 178.8545 484.3845 198.1083 1.5722 1.5970 3.9480 -12.0945 2.1084 62.3763 -5.0946 0.0022
Cyclist -1 -1 -8.4994 1092.6982 166.1075 1125.6682 213.0511 1.9468 0.3688 1.4136 21.1370 1.6667 30.6380 -7.9004 0.0011
Pedestrian -1 -1 -6.8196 1104.6572 167.0458 1128.2407 209.0013 1.7364 0.7035 0.5198 21.1698 1.4957 30.2315 -6.2136 0.0011
Car -1 -1 -7.8878 1062.6115 173.9009 1109.8822 211.5701 1.5697 1.6092 3.6165 21.1070 1.6189 32.1401 -7.3114 0.0011
