Car -1 -1 -7.1539 45.4458 175.4502 274.2209 272.1043 1.7175 1.7013 4.2562 -9.2120 1.7799 15.1793 -7.6919 0.5835
Car -1 -1 -7.1807 43.5074 178.1194 256.9291 274.0271 1.7085 1.7202 3.8246 -9.3958 1.8329 15.0776 -7.7304 0.5210
Car -1 -1 -7.1669 36.0091 174.4159 275.0848 269.8763 1.7026 1.7604 4.5529 -9.3547 1.7406 15.3273 -7.7075 0.4096
Car -1 -1 -4.1195 74.9709 177.2620 277.3740 263.3352 1.5884 1.6981 4.1416 -9.1856 1.6968 15.6580 -4.6429 0.3829
Car -1 -1 -4.1807 80.9780 178.2186 271.7271 261.6330 1.5756 1.7122 4.1420 -9.3800 1.7095 15.9740 -4.7047 0.3692
Pedestrian -1 -1 -7.2089 830.0215 171.2990 853.5652 216.1792 1.7036 0.6207 0.6135 8.8908 1.6443 27.8200 -6.9032 0.2904
Pedestrian -1 -1 -6.9651 9.0707 187.9142 49.9661 251.2063 1.6593 0.5503 0.6617 -15.7148 2.0736 19.4803 -7.6374 0.2300
Car -1 -1 -7.4928 314.0980 181.1664 401.7921 227.0671 1.4950 1.6671 4.0910 -9.1176 1.8217 26.3195 -7.8236 0.1896
Car -1 -1 -7.5402 309.5130 179.9841 393.1843 226.8706 1.5278 1.6921 3.9814 -9.2981 1.8056 26.1344 -7.8792 0.1887
Pedestrian -1 -1 -7.3945 825.7767 172.6676 847.7120 217.2471 1.6945 0.6108 0.5900 8.7070 1.6871 27.8507 -7.0951 0.1747
Car -1 -1 -7.4830 321.5667 181.7776 407.6294 227.8755 1.5168 1.6439 4.0158 -8.9683 1.8705 26.5785 -7.8058 0.1648
Car -1 -1 -4.3304 304.0908 180.3175 397.4263 229.5363 1.5589 1.7044 4.0575 -9.0950 1.8442 25.5424 -4.6697 0.1553
Pedestrian -1 -1 -6.7034 17.6952 190.3364 53.0402 252.1487 1.6155 0.5698 0.5636 -15.5415 2.0958 19.4552 -7.3709 0.1311
Car -1 -1 -7.5383 312.0479 181.4721 397.4559 226.4397 1.4693 1.7032 4.2778 -9.3132 1.8120 26.5573 -7.8729 0.1281
Car -1 -1 -7.9127 474.1724 180.6887 505.7330 208.5921 1.4832 1.5674 3.7091 -6.9686 1.9544 41.4482 -8.0787 0.1187
Car -1 -1 -4.7009 0.0000 199.5400 36.4592 232.4225 1.5052 1.6160 3.4845 -31.2213 2.9765 37.9228 -5.3864 0.1152
Car -1 -1 -2.7265 333.0079 183.3436 452.6765 224.7068 1.4524 1.6140 3.9610 -8.1004 1.8587 26.9152 -3.0166 0.1135
Car -1 -1 -4.3151 469.4147 181.3371 517.4959 208.8936 1.4407 1.4848 3.3727 -6.5551 1.9397 40.6539 -4.4744 0.1112
Car -1 -1 -2.5707 339.4271 182.9844 448.6161 224.7488 1.4445 1.5764 3.6108 -8.0560 1.8385 26.8252 -2.8602 0.1089
Car -1 -1 -4.7216 0.0000 200.4609 37.1741 232.4147 1.4715 1.5393 3.5614 -31.4836 3.0080 38.3045 -5.4063 0.1058
Car -1 -1 -2.7109 331.8660 182.1907 453.0023 224.3022 1.4750 1.5962 4.0116 -8.0892 1.8356 26.8172 -3.0016 0.0959
Pedestrian -1 -1 -7.0925 824.8261 171.5880 852.2600 215.8271 1.6657 0.6154 0.8071 8.7055 1.6177 27.6318 -6.7909 0.0956
Car -1 -1 -4.4222 0.0000 201.0631 19.6328 236.4685 1.5195 1.7732 4.1305 -31.9471 3.0456 36.7946 -5.1337 0.0935
Car -1 -1 -4.4108 0.0000 201.1492 22.7042 235.9764 1.4724 1.7321 4.2863 -31.6298 2.9968 36.5696 -5.1204 0.0882
Car -1 -1 -4.7014 0.9237 198.6798 42.1623 230.9612 1.4831 1.6317 3.7608 -31.2256 2.9245 38.2991 -5.3822 0.0796
Car -1 -1 -8.0379 461.5842 179.8829 502.2103 209.2682 1.5547 1.6000 3.8754 -7.4075 1.9769 41.2721 -8.2149 0.0750
Pedestrian -1 -1 -8.1120 433.6952 182.2122 448.2997 211.0259 1.7606 0.7457 0.6370 -10.5384 2.3477 44.8396 -8.3420 0.0694
Car -1 -1 -4.7344 0.0000 198.8309 42.0323 231.9510 1.5052 1.6613 3.6728 -30.9141 2.9344 37.7683 -5.4171 0.0672
Car -1 -1 -4.3836 294.4506 180.8907 385.9743 230.6972 1.5332 1.6528 4.3305 -9.2934 1.8368 25.1000 -4.7352 0.0665
Pedestrian -1 -1 -4.2940 799.3285 162.1736 819.5720 200.9520 1.8313 0.6957 0.7409 9.5190 1.3266 34.5812 -4.0280 0.0633
Pedestrian -1 -1 -8.0498 948.2199 150.1940 967.8098 192.0617 1.8497 0.6727 0.6500 15.5188 0.8483 32.2743 -7.6053 0.0548
Cyclist -1 -1 -5.3646 826.9217 169.9785 865.0107 216.4574 1.7298 0.5964 1.4967 8.9841 1.6225 27.6590 -5.0542 0.0518
Pedestrian -1 -1 -3.5753 1188.9176 154.7922 1203.4677 198.1836 1.6925 0.4829 0.2639 23.0331 0.9877 28.4097 -2.8992 0.0510
Cyclist -1 -1 -5.0801 822.0341 173.5609 851.1773 217.2072 1.6495 0.5697 1.5088 8.7547 1.6775 28.0664 -4.7813 0.0483
Car -1 -1 -4.6399 2.1943 198.2932 49.2635 230.9659 1.4854 1.6391 3.9925 -30.8990 2.9061 38.1952 -5.3168 0.0483
Car -1 -1 -4.3736 473.3242 181.5715 516.5711 208.6402 1.4428 1.4957 3.0899 -6.5619 1.9601 41.1801 -4.5311 0.0449
Car -1 -1 -2.4487 0.0000 173.6361 193.7482 262.0148 1.5990 1.6586 3.7611 -10.4756 1.6149 14.0112 -3.0818 0.0448
Car -1 -1 -4.2874 273.0005 182.4060 378.1862 232.5134 1.4577 1.6248 4.2507 -9.3503 1.8036 23.9851 -4.6558 0.0439
Car -1 -1 -4.8097 0.0000 199.1313 46.2330 233.3117 1.5288 1.6639 3.8437 -30.4567 2.9552 37.2243 -5.4921 0.0409
Pedestrian -1 -1 -6.5903 1188.2352 153.6622 1200.8052 196.7397 1.6867 0.4837 0.2489 23.0585 0.9349 28.5217 -5.9156 0.0387
Car -1 -1 -4.4054 296.7574 183.0676 385.0133 231.5511 1.4437 1.5959 4.2014 -9.0611 1.8206 24.5174 -4.7563 0.0384
Pedestrian -1 -1 -7.4078 823.9283 172.5686 846.4511 217.3490 1.7155 0.6445 0.5947 8.7182 1.7043 28.0785 -7.1103 0.0355
Car -1 -1 -4.4051 0.0000 202.3688 29.5050 235.9601 1.4667 1.7174 3.9448 -31.9195 3.0858 37.4360 -5.1077 0.0352
Car -1 -1 -8.1606 451.9211 178.5596 501.0694 208.9462 1.6113 1.6853 3.7803 -7.6849 1.9523 41.0998 -8.3447 0.0342
Pedestrian -1 -1 -3.9152 833.2507 172.0759 860.2302 216.4225 1.6675 0.6766 0.7093 9.0049 1.6379 27.5916 -3.6034 0.0333
Pedestrian -1 -1 -4.0595 798.7242 162.1938 821.5806 202.2471 1.8840 0.7065 0.8092 9.5187 1.3822 34.4648 -3.7927 0.0288
Pedestrian -1 -1 -6.5556 1188.5576 155.2085 1199.8867 198.7801 1.6964 0.4964 0.2177 22.9184 1.0091 28.3631 -5.8812 0.0276
Car -1 -1 -4.4524 0.0000 203.1304 23.8325 234.8936 1.3742 1.6700 4.1036 -32.2840 3.0462 37.6426 -5.1579 0.0241
Car -1 -1 -7.7794 447.3015 178.9553 486.5646 211.0547 1.4987 1.6570 3.9609 -7.2283 1.8248 36.5374 -7.9738 0.0228
Car -1 -1 -4.4452 414.6388 181.1398 452.9028 206.7469 1.5309 1.5248 3.3943 -11.2166 2.0782 45.9665 -4.6836 0.0225
Car -1 -1 -4.3813 0.0000 199.7226 32.8801 234.1003 1.4870 1.7514 3.8463 -31.1351 2.9288 36.6176 -5.0826 0.0180
Cyclist -1 -1 -6.8864 24.5327 171.1025 102.2303 234.1675 1.7823 0.5313 1.8566 -16.1848 1.7325 21.3556 -7.5290 0.0162
Car -1 -1 -4.4339 410.5692 179.3530 451.6367 203.5985 1.4531 1.5701 3.7834 -11.4336 1.8861 46.1913 -4.6756 0.0159
Car -1 -1 -4.6257 442.2582 177.5542 470.1418 201.3997 1.6137 1.6123 4.0322 -11.0221 1.9642 51.7563 -4.8348 0.0156
Car -1 -1 -7.7616 449.9209 180.0034 489.0310 210.6687 1.4373 1.6119 3.7135 -7.1243 1.8192 36.6445 -7.9527 0.0141
Car -1 -1 -2.4228 438.0595 178.5021 518.2275 209.1963 1.6527 1.6970 4.5301 -7.6324 1.9915 41.4329 -2.6043 0.0126
Pedestrian -1 -1 -6.4898 43.5214 165.3711 77.8752 235.0614 1.9986 0.7035 0.6748 -16.1712 1.7837 21.1778 -7.1360 0.0124
Car -1 -1 -2.5410 433.0965 178.7905 517.1957 209.4705 1.6497 1.7282 4.5320 -7.7376 2.0021 41.1633 -2.7261 0.0115
Car -1 -1 -6.0473 449.8821 180.3920 524.3894 207.4214 1.4615 1.6217 3.8484 -6.8949 1.8939 40.4769 -6.2154 0.0098
Car -1 -1 -4.7312 440.5424 177.4570 464.6359 200.4586 1.5465 1.6015 4.0891 -11.3086 1.8890 51.5575 -4.9464 0.0087
Car -1 -1 -7.5840 455.2207 179.0860 505.8378 209.0860 1.5233 1.6693 4.2442 -7.0973 1.8852 39.7394 -7.7600 0.0086
Car -1 -1 -6.6385 0.0000 164.4033 120.7064 239.9096 1.9785 1.8090 3.9515 -16.9587 1.7567 21.0650 -7.3103 0.0072
Pedestrian -1 -1 -7.8897 818.6082 169.3744 838.2738 218.1991 1.8625 0.7042 0.5762 8.3939 1.7295 27.8917 -7.6009 0.0067
Pedestrian -1 -1 -3.4213 1179.5175 146.3263 1192.3687 197.2388 1.9970 0.5890 0.2418 22.7970 0.9562 28.6194 -2.7538 0.0066
Car -1 -1 -2.6613 429.4257 179.8815 516.8206 208.9795 1.5589 1.8117 4.5466 -7.7861 1.9719 40.9154 -2.8486 0.0062
Car -1 -1 -4.4347 365.3360 182.5987 449.3208 229.0803 1.4239 1.6532 4.4753 -7.0207 1.7955 25.2902 -4.7033 0.0057
Car -1 -1 -3.4248 0.0000 162.8962 101.3823 242.4583 2.0109 1.9837 4.1493 -17.3116 1.7589 20.5115 -4.1195 0.0056
Car -1 -1 -7.3157 479.2723 180.3747 545.5069 210.8384 1.3985 1.6087 3.7181 -4.8664 1.7961 36.1485 -7.4490 0.0054
Car -1 -1 -4.7917 711.4885 172.5649 737.1494 193.6883 1.6128 1.6591 4.3915 9.0181 1.5904 57.3430 -4.6369 0.0054
Car -1 -1 -7.4122 475.9178 180.8884 534.2379 211.0393 1.3912 1.5332 3.5336 -5.2489 1.8156 36.2275 -7.5555 0.0049
Car -1 -1 -7.7793 435.4475 179.5695 472.3540 212.7007 1.4415 1.4454 3.3446 -7.3222 1.7727 33.8610 -7.9911 0.0048
Car -1 -1 -6.6933 0.0000 163.7775 138.2780 241.1544 2.0673 1.7382 3.9898 -16.6600 1.8245 21.4437 -7.3479 0.0045
Car -1 -1 -5.0837 492.8937 177.4266 530.6221 196.1047 1.4398 1.6381 4.1985 -8.0897 1.8272 58.9468 -5.2198 0.0043
Car -1 -1 -2.4331 486.0445 177.4224 544.3912 198.5710 1.6418 1.7288 4.7354 -7.7867 2.0272 58.9027 -2.5643 0.0042
Car -1 -1 -7.6765 367.8190 180.2981 435.8744 225.4314 1.4462 1.6817 3.7667 -7.3751 1.7315 25.7240 -7.9535 0.0041
Cyclist -1 -1 -5.0115 825.2377 173.6599 852.3752 218.0229 1.6638 0.5853 1.4604 8.7622 1.6953 27.8174 -4.7099 0.0039
Car -1 -1 -4.7575 716.2595 171.7044 739.2710 193.6824 1.6752 1.6035 4.0937 9.2620 1.5873 57.1221 -4.5979 0.0039
Car -1 -1 -4.6229 422.7051 180.6129 450.9190 205.2553 1.4821 1.4593 3.4437 -11.1225 1.9996 46.3450 -4.8575 0.0037
Car -1 -1 -3.6147 0.0000 165.7267 110.9115 243.9169 1.9959 1.9043 4.0388 -17.0302 1.8137 20.6498 -4.2981 0.0036
Cyclist -1 -1 -4.9022 827.3182 172.9948 850.7849 217.6448 1.6654 0.5735 1.5213 8.7368 1.6706 27.7049 -4.6004 0.0033
Car -1 -1 -6.3683 375.4473 165.1749 429.2457 184.7612 1.6971 1.7147 4.4654 -18.4760 1.0314 64.1182 -6.6479 0.0032
Car -1 -1 -4.7674 734.2167 173.1914 758.2505 194.9326 1.4733 1.4638 3.4320 9.5206 1.4976 50.7479 -4.5834 0.0027
Cyclist -1 -1 -6.5433 820.0229 168.9597 861.4102 215.2209 1.7609 0.6953 1.3869 8.8468 1.6124 27.8425 -6.2392 0.0026
Car -1 -1 -4.5247 715.3758 171.0088 747.2308 193.9211 1.7418 1.6798 4.5542 9.6429 1.6012 57.2775 -4.3591 0.0024
Car -1 -1 -7.5676 370.8349 180.6593 447.2882 222.6523 1.3560 1.7195 3.4013 -7.1016 1.6518 25.6542 -7.8355 0.0023
Car -1 -1 -7.7075 437.7122 178.5781 480.1750 212.5404 1.4813 1.4661 3.3789 -7.0632 1.7627 33.7830 -7.9125 0.0023
Car -1 -1 -7.7051 436.1216 178.0698 482.9891 210.9886 1.4446 1.5927 4.1077 -7.1504 1.7083 34.4222 -7.9088 0.0023
Car -1 -1 -4.7163 732.0941 172.5352 752.2312 195.1689 1.5432 1.3536 3.1719 9.2749 1.5211 50.8740 -4.5374 0.0022
Car -1 -1 -7.7002 431.4748 176.9479 479.3041 210.7062 1.4900 1.6491 3.8439 -7.3232 1.6954 34.2875 -7.9095 0.0018
Cyclist -1 -1 -7.7023 477.9756 178.7484 490.9616 211.0439 1.5458 0.4087 1.5076 -6.2222 1.8423 35.5713 -7.8747 0.0015
Cyclist -1 -1 -8.0013 468.9771 178.3531 483.9228 210.7297 1.5464 0.4951 1.5904 -6.6324 1.8236 35.5772 -8.1847 0.0014
Pedestrian -1 -1 -5.2356 46.7573 171.7813 86.0665 233.5944 1.7921 0.7395 0.5811 -16.1453 1.7607 21.3736 -5.8767 0.0009
Cyclist -1 -1 -7.3119 480.0594 178.0296 503.6216 210.6766 1.5603 0.4736 1.4312 -5.8406 1.8199 35.4754 -7.4744 0.0008
Pedestrian -1 -1 -6.2262 1145.3282 145.4335 1163.4009 195.5409 1.9672 0.7151 0.5397 21.6654 0.8904 28.7742 -5.5858 0.0007
Pedestrian -1 -1 -5.7719 55.5466 172.9077 91.5597 232.6984 1.7453 0.7439 0.5671 -15.9987 1.7466 21.4663 -6.4066 0.0007
Pedestrian -1 -1 -8.8488 1136.5608 148.1428 1160.6840 195.8032 1.8935 0.7090 0.4686 21.6101 0.9115 29.0106 -8.2135 0.0007
Car -1 -1 -6.3855 376.4822 166.3518 426.8703 185.0931 1.6240 1.4435 4.1673 -18.4898 1.0603 63.9732 -6.6660 0.0006
Pedestrian -1 -1 -7.7679 1144.0107 145.5373 1166.5602 195.3862 1.9746 0.6912 0.4143 21.8447 0.8922 28.9659 -7.1267 0.0004
Pedestrian -1 -1 -7.1189 1146.3873 146.3538 1171.0328 195.5460 1.9392 0.6758 0.4189 21.8632 0.8942 28.8146 -6.4748 0.0004
Cyclist -1 -1 -6.5433 731.2094 172.3804 758.0945 199.5665 1.8504 0.7079 1.6881 9.2060 1.8179 49.5304 -6.3610 0.0002
