Car -1 -1 -8.1303 730.6158 176.7689 987.7650 347.4388 1.5654 1.6690 4.3387 2.6260 1.6251 8.8875 -7.8533 0.9999
Car -1 -1 -7.9536 650.2514 180.4551 704.4393 224.4780 1.4292 1.5614 3.5795 2.2991 1.7201 25.8456 -7.8666 0.9993
Car -1 -1 -7.2882 0.0000 190.9496 353.3734 374.0000 1.5286 1.6519 3.9877 -3.0225 1.6836 4.1734 -7.8860 0.9966
Car -1 -1 -8.1112 735.1816 176.7220 989.6107 350.1714 1.5679 1.6657 4.3896 2.6433 1.6268 8.8345 -7.8309 0.8606
Car -1 -1 -7.9457 650.8835 179.9065 705.4391 224.6931 1.4571 1.5928 3.7228 2.3325 1.7284 25.9259 -7.8578 0.8323
Car -1 -1 -4.7509 651.7728 181.1594 694.2017 219.1860 1.4673 1.6284 3.9212 2.5786 1.8434 30.7073 -4.6686 0.7704
Car -1 -1 -7.2779 0.0000 193.0803 352.7819 374.0000 1.5278 1.5808 4.0075 -2.9475 1.6968 4.0146 -7.8809 0.6774
Car -1 -1 -7.7709 648.8389 180.6310 692.0349 218.0824 1.4758 1.5734 3.5190 2.6075 1.8305 31.0724 -7.6886 0.6352
Car -1 -1 -7.8857 654.2418 177.4705 690.1397 212.0207 1.6294 1.6713 4.0300 3.0664 1.8766 36.6310 -7.8035 0.6227
Car -1 -1 -8.0299 644.3007 175.5078 692.3235 211.0280 1.6800 1.7634 3.7857 2.8413 1.8208 36.3918 -7.9532 0.6057
Car -1 -1 -7.8429 649.6096 181.0525 688.4630 218.5661 1.4735 1.5684 3.5889 2.5066 1.8467 31.0111 -7.7637 0.5954
Car -1 -1 -8.1289 639.9043 175.1528 693.3470 211.4580 1.7046 1.7262 3.6426 2.7318 1.8254 36.0813 -8.0546 0.5607
Car -1 -1 -7.4739 673.1103 172.4868 721.2970 200.3345 1.7398 1.6923 4.2378 5.7372 1.7166 47.3438 -7.3545 0.5455
Car -1 -1 -4.8614 648.9106 180.5491 703.3367 219.7877 1.4983 1.6852 4.0140 2.6700 1.8443 30.4133 -4.7753 0.5453
Car -1 -1 -4.7166 649.2112 181.1499 692.3837 219.8993 1.4714 1.6894 3.9586 2.4917 1.8430 30.3088 -4.6360 0.4953
Car -1 -1 -7.8223 656.9182 177.1721 692.6596 212.2152 1.6528 1.6882 4.0023 3.2963 1.8842 36.6330 -7.7339 0.4893
Car -1 -1 -7.8770 655.0655 175.0107 691.8959 210.3496 1.6755 1.7475 3.6616 3.1074 1.7894 36.3199 -7.7929 0.4739
Car -1 -1 -7.8957 655.3417 179.7652 699.1437 218.2316 1.5093 1.6932 3.8203 2.7827 1.8242 30.9579 -7.8075 0.4599
Car -1 -1 -7.7080 650.5028 175.4858 696.4329 211.1194 1.6597 1.7494 3.8183 3.1765 1.7981 35.9706 -7.6212 0.4523
Car -1 -1 -7.7437 649.7178 180.2563 697.0895 218.2081 1.5017 1.6537 3.7291 2.7636 1.8431 31.3172 -7.6571 0.3937
Car -1 -1 -7.8954 678.8789 171.8919 707.1060 200.8353 1.8082 1.6624 3.6887 5.3326 1.7478 46.9760 -7.7836 0.3422
Car -1 -1 -7.7743 648.9807 181.3581 691.3882 217.7895 1.4459 1.5628 3.6733 2.6325 1.8395 31.4805 -7.6923 0.3411
Car -1 -1 -4.7856 651.4365 180.2186 700.7283 220.2054 1.4668 1.6506 4.7411 2.5971 1.7942 29.7251 -4.7000 0.3337
Car -1 -1 -4.5598 635.1078 180.9624 689.6067 220.3506 1.4834 1.6890 4.0158 2.2147 1.8466 30.2026 -4.4880 0.3128
Car -1 -1 -7.6705 653.5152 175.0682 700.5496 210.9877 1.6936 1.7241 3.6333 3.3768 1.8106 36.2472 -7.5789 0.2827
Car -1 -1 -7.2885 672.4734 172.5676 728.0447 200.6493 1.7537 1.7002 4.0555 5.9061 1.7355 47.1650 -7.1652 0.2826
Car -1 -1 -6.8952 668.6558 172.3625 732.5278 201.0780 1.7930 1.7048 3.8168 5.8361 1.7620 46.7005 -6.7721 0.2799
Car -1 -1 -8.3249 664.2416 171.9120 716.2572 201.3992 1.8357 1.7054 4.0686 5.1499 1.7767 47.1225 -8.2171 0.2757
Car -1 -1 -7.8107 677.3743 172.2662 705.7603 200.5548 1.7688 1.6776 4.1356 5.3500 1.7317 47.2868 -7.6992 0.2732
Car -1 -1 -7.1796 677.0428 172.4346 738.1424 200.1126 1.7257 1.6572 4.2571 6.3682 1.6992 47.0561 -7.0464 0.2684
Car -1 -1 -8.2166 631.5793 175.9440 693.2448 211.7377 1.6768 1.7389 4.1213 2.5314 1.8420 36.4101 -8.1483 0.2618
Car -1 -1 -4.7485 648.2623 180.5093 692.5045 220.5539 1.4588 1.6109 4.6769 2.3572 1.7973 29.5623 -4.6704 0.2506
Car -1 -1 -8.1193 668.4726 173.1716 709.5093 201.2248 1.7594 1.6431 4.1406 5.1097 1.7809 47.4747 -8.0132 0.2483
Car -1 -1 -7.2981 676.2924 172.4834 731.2552 200.3485 1.7407 1.6615 4.0876 6.1391 1.7173 47.1833 -7.1699 0.2372
Car -1 -1 -7.4993 649.5845 175.3090 710.1443 211.4701 1.6859 1.8009 3.8191 3.5050 1.8154 36.0377 -7.4037 0.1926
Car -1 -1 -2.6163 654.7456 172.1716 720.5548 201.4520 1.8277 1.6581 3.9496 4.9882 1.7848 46.8717 -2.5114 0.1856
Car -1 -1 -8.3156 658.0787 173.8417 710.9271 201.4337 1.7275 1.6710 4.4172 4.8279 1.7957 47.7043 -8.2158 0.1770
Car -1 -1 -7.1986 668.9745 172.7002 728.2812 200.6772 1.7572 1.6871 4.1551 5.8245 1.7472 47.3910 -7.0775 0.1765
Car -1 -1 -7.2305 647.3451 176.4332 718.6986 211.8559 1.6557 1.7088 3.7096 3.6517 1.8440 36.0759 -7.1310 0.1710
Pedestrian -1 -1 -7.8505 505.0556 174.3404 521.3132 220.8249 1.7815 0.6191 0.7327 -3.8119 1.8399 28.0827 -7.9848 0.1569
Pedestrian -1 -1 -4.6487 504.7488 173.1893 521.4584 221.1768 1.8390 0.6063 0.5936 -3.7978 1.8518 27.9722 -4.7830 0.1544
Car -1 -1 -4.4991 671.1203 171.3360 708.2871 201.6544 1.8674 1.6563 3.6033 5.1305 1.7736 46.4138 -4.3902 0.1525
Car -1 -1 -8.4910 656.9593 172.4196 716.1645 201.7339 1.8284 1.6828 4.1911 4.9224 1.8010 47.2355 -8.3882 0.1449
Car -1 -1 -7.8183 685.1796 171.6962 714.0917 201.3156 1.8391 1.7366 3.6032 5.8029 1.7669 46.7173 -7.6959 0.1375
Car -1 -1 -4.5854 645.1721 173.4300 690.7473 212.5536 1.7870 1.7108 4.1578 2.8483 1.8166 35.2328 -4.5060 0.1369
Car -1 -1 -4.5038 652.1948 175.2703 703.4666 212.2017 1.6746 1.6668 4.1973 3.3367 1.7999 35.2625 -4.4109 0.1242
Car -1 -1 -4.6171 651.4505 174.2428 694.6075 212.7673 1.7476 1.7181 4.0144 3.0722 1.8187 35.0133 -4.5309 0.1227
Car -1 -1 -7.6720 655.8636 175.7783 702.6981 211.4509 1.6803 1.7087 3.7190 3.4999 1.8355 36.3405 -7.5773 0.1155
Car -1 -1 -5.0416 678.8530 170.9690 722.5184 201.4489 1.8684 1.6368 3.7615 5.7268 1.7525 46.2379 -4.9197 0.1079
Car -1 -1 -4.6293 680.2790 171.1629 708.4814 201.5417 1.8631 1.5110 3.5011 5.3897 1.7591 46.1161 -4.5141 0.1014
Car -1 -1 -6.3980 661.4556 171.2140 727.6906 201.4151 1.8976 1.6885 4.0394 5.3405 1.7943 46.1825 -6.2841 0.0970
Car -1 -1 -4.2986 633.1361 174.0173 700.5765 213.8112 1.7805 1.6667 4.2506 2.7611 1.8398 34.6829 -4.2205 0.0950
Pedestrian -1 -1 -7.8759 498.9939 174.8398 515.4091 221.1877 1.7719 0.6158 0.6029 -4.0317 1.8495 27.9618 -8.0184 0.0919
Car -1 -1 -4.4186 670.2029 170.6263 710.6313 201.9840 1.9200 1.5688 3.7153 5.1539 1.7833 46.1958 -4.3087 0.0892
Car -1 -1 -7.0633 676.0789 172.2422 740.2008 199.9549 1.7258 1.6174 4.2073 6.3658 1.6874 46.8459 -6.9295 0.0823
Car -1 -1 -3.2029 635.5605 174.6292 714.7239 210.6095 1.7240 1.7117 3.7818 3.1209 1.8135 35.5650 -3.1167 0.0815
Car -1 -1 -6.5000 668.4047 171.7417 734.7936 200.9024 1.8357 1.6331 3.9762 5.8302 1.7654 46.4195 -6.3763 0.0809
Car -1 -1 -6.9214 641.3872 175.0273 716.1221 210.7680 1.6724 1.6498 3.3391 3.3530 1.7838 35.5252 -6.8286 0.0725
Car -1 -1 -7.4745 684.4189 172.2555 730.9117 200.7568 1.7640 1.6664 3.8956 6.3376 1.7266 46.7628 -7.3411 0.0679
Car -1 -1 -6.2848 672.0143 171.6033 735.8193 200.8705 1.8399 1.6476 3.9992 5.9944 1.7609 46.4271 -6.1576 0.0639
Car -1 -1 -8.3592 659.6669 171.3421 714.5027 201.9562 1.9002 1.7588 4.1426 4.9322 1.8060 47.0355 -8.2558 0.0562
Car -1 -1 -7.4150 651.7344 175.1926 714.9460 211.6730 1.7042 1.8155 3.5118 3.6577 1.8267 35.9320 -7.3149 0.0510
Car -1 -1 -7.6190 655.5898 174.9891 709.8442 208.7015 1.5247 1.7747 3.8585 3.5455 1.6342 35.0137 -7.5194 0.0455
Car -1 -1 -4.9158 655.6517 175.1620 706.9390 213.0439 1.6957 1.6280 4.1686 3.3195 1.8134 34.7221 -4.8219 0.0447
Car -1 -1 -3.1183 664.6807 171.7492 726.5517 201.1095 1.8574 1.7152 3.9105 5.5221 1.7872 46.7670 -3.0019 0.0447
Car -1 -1 -7.0997 647.6635 175.5700 721.3726 211.2100 1.6640 1.7072 3.4930 3.6776 1.8051 35.7515 -6.9986 0.0406
Car -1 -1 -2.5227 644.8854 173.9719 716.4359 202.9029 1.7996 1.7512 4.4632 4.5464 1.8757 47.1697 -2.4277 0.0379
Car -1 -1 -5.0253 685.3956 171.6769 729.1887 201.3443 1.7983 1.6127 3.9268 6.0892 1.7267 45.8143 -4.8945 0.0359
Car -1 -1 -6.1972 628.7444 181.3177 719.2359 218.6532 1.4979 1.6758 3.6968 2.7030 1.8701 30.6093 -6.1106 0.0315
Car -1 -1 -2.9791 656.9192 171.0855 723.2067 201.2514 1.8896 1.6423 4.0379 5.1407 1.7785 46.5297 -2.8702 0.0305
Car -1 -1 -6.9384 648.2073 174.7610 721.3978 210.0960 1.6555 1.6212 3.2769 3.6512 1.7532 35.5248 -6.8374 0.0202
Car -1 -1 -4.3499 629.8788 174.1142 699.7827 214.4434 1.7558 1.7176 4.7642 2.6362 1.8194 34.0923 -4.2740 0.0154
Car -1 -1 -7.8698 671.5255 176.0039 707.1801 211.0203 1.6626 1.7025 3.4213 3.9228 1.8289 36.3608 -7.7637 0.0142
Car -1 -1 -4.9864 662.1083 174.7513 719.0709 213.2116 1.7086 1.6118 4.1868 3.7326 1.8047 34.4694 -4.8800 0.0141
Car -1 -1 -4.8738 694.0993 172.6858 732.7379 201.9848 1.7604 1.7077 4.4498 6.4421 1.7500 45.5973 -4.7348 0.0136
Car -1 -1 -7.9657 708.7352 174.0607 743.0723 201.3877 1.6057 1.6356 4.1070 7.0907 1.6836 44.6681 -7.8098 0.0123
Car -1 -1 -4.4570 652.9608 179.1543 697.6471 204.6526 1.4213 1.7390 3.9663 3.9454 1.8193 43.4479 -4.3676 0.0106
Car -1 -1 -6.5931 656.2808 174.1622 736.7530 211.3110 1.7310 1.6396 3.5242 4.1113 1.7959 34.8450 -6.4772 0.0100
Car -1 -1 -6.8880 679.5321 171.8727 747.4985 200.2236 1.7656 1.5922 4.1822 6.6597 1.7041 46.5818 -6.7473 0.0094
Car -1 -1 -4.3468 644.0074 176.1950 696.8521 205.2168 1.6653 1.7408 4.5222 3.7421 1.8817 44.3740 -4.2637 0.0083
Car -1 -1 -4.4687 721.2953 173.9133 762.5494 198.4881 1.4021 1.5628 3.8649 7.9459 1.4686 43.4291 -4.2893 0.0079
Car -1 -1 -4.4422 661.5087 170.0836 707.2130 203.9554 2.0154 1.6875 4.6430 4.7033 1.8502 45.4008 -4.3402 0.0079
Car -1 -1 -7.1201 653.1432 175.5957 727.5616 210.9459 1.6514 1.6712 3.6350 3.9793 1.7941 35.8233 -7.0109 0.0075
Cyclist -1 -1 -7.8065 715.8463 173.5177 723.7972 200.1086 1.5767 0.4019 1.6624 6.6173 1.6174 43.6812 -7.6576 0.0073
Car -1 -1 -8.2276 694.5443 173.8132 744.1634 201.5242 1.6282 1.6116 4.1915 6.6868 1.6904 44.7726 -8.0807 0.0068
Car -1 -1 -6.9516 653.4984 176.2558 728.6807 210.5427 1.5954 1.6105 3.4117 3.9580 1.7699 35.4765 -6.8419 0.0068
Car -1 -1 -7.5528 715.8704 174.6593 758.4035 197.5428 1.3321 1.5666 3.6453 7.8068 1.4476 44.2937 -7.3799 0.0058
Car -1 -1 -7.5218 715.4072 173.8888 756.5441 197.0714 1.3586 1.5347 3.1804 7.7118 1.4242 44.2045 -7.3506 0.0054
Car -1 -1 -5.0490 727.1979 173.6584 780.3615 199.7047 1.4307 1.6997 4.2825 8.2620 1.4798 42.0142 -4.8566 0.0054
Car -1 -1 -7.4461 717.5684 174.3208 764.8414 198.1660 1.3855 1.5410 3.6131 8.0179 1.4787 44.0924 -7.2678 0.0053
Car -1 -1 -5.3366 713.9419 173.3872 783.4822 200.0202 1.4472 1.6199 4.4757 7.8934 1.4794 41.6719 -5.1511 0.0049
Car -1 -1 -7.7481 716.6270 174.7931 747.6891 197.7396 1.3453 1.5376 3.4665 7.5294 1.4696 44.4939 -7.5819 0.0045
Car -1 -1 -5.1544 718.6054 175.7765 772.1612 199.3593 1.2595 1.4252 3.9748 7.6213 1.4344 41.1595 -4.9730 0.0043
Car -1 -1 -5.5087 709.8192 173.8942 782.2355 199.1987 1.4059 1.6076 4.2763 7.9077 1.4700 42.4794 -5.3263 0.0042
Car -1 -1 -5.0717 720.6921 173.2286 776.5108 198.9439 1.3893 1.7072 4.3362 7.8259 1.4117 41.3327 -4.8862 0.0041
Cyclist -1 -1 -8.2216 781.1790 166.8192 813.4436 217.2992 1.8432 0.5543 1.8208 7.0175 1.6225 27.2824 -7.9731 0.0027
Car -1 -1 -6.5505 712.0551 171.9833 784.1880 195.8887 1.4135 1.6237 3.9952 8.2852 1.3617 43.6359 -6.3645 0.0019
Cyclist -1 -1 -7.8064 508.9941 177.1525 520.4143 211.1593 1.4648 0.4374 1.3978 -4.2599 1.6592 31.9739 -7.9383 0.0013
Car -1 -1 -5.1648 686.0699 171.5940 739.1881 202.3674 1.8224 1.5235 4.3417 6.3030 1.7475 45.0306 -5.0271 0.0010
Car -1 -1 -5.1386 683.7113 171.2956 734.3508 202.7446 1.8620 1.4707 4.2938 6.0752 1.7694 44.9880 -5.0057 0.0008
