Car -1 -1 -7.7647 565.4530 173.3976 643.9533 245.2439 1.6431 1.6765 3.7818 -0.0879 1.6582 18.4857 -7.7703 1.0000
Car -1 -1 -8.1227 780.5727 168.6425 901.2503 246.2457 1.5721 1.5796 4.0099 5.1041 1.4865 16.6399 -7.8307 0.9998
Car -1 -1 -7.9625 764.3071 171.4650 832.5137 226.1416 1.5603 1.6038 4.0947 5.7857 1.5204 22.7288 -7.7170 0.9988
Car -1 -1 -7.9656 747.1494 163.3091 793.6193 207.4868 1.9106 1.6479 3.8376 7.2731 1.4975 33.1973 -7.7523 0.9963
Car -1 -1 -8.3432 926.4066 174.7533 1241.0000 374.0000 1.4951 1.6657 4.2703 3.2982 1.5117 4.2222 -7.7140 0.9937
Car -1 -1 -2.3219 0.0000 197.8853 216.8672 325.7787 1.4196 1.6364 3.4816 -7.3904 1.7890 9.5503 -2.9672 0.9931
Car -1 -1 -7.7923 586.4578 169.6080 648.3551 229.3188 1.7787 1.7686 4.3882 0.2872 1.6817 23.7464 -7.7811 0.9909
Car -1 -1 -7.7531 626.7600 176.2798 666.7459 211.9518 1.4856 1.4485 3.4396 1.6420 1.6468 32.2055 -7.7032 0.9679
Car -1 -1 -7.7208 623.6204 176.1878 667.7690 211.8487 1.4870 1.5259 3.5095 1.6040 1.6445 32.2985 -7.6722 0.9188
Car -1 -1 -2.3117 0.0000 196.3093 213.2881 325.5551 1.4396 1.6385 3.3570 -7.3833 1.7861 9.5558 -2.9563 0.9033
Car -1 -1 -7.8026 587.1160 171.1886 647.5829 229.7678 1.7412 1.7605 4.4419 0.2845 1.6914 23.7183 -7.7915 0.8394
Car -1 -1 -7.9714 764.7394 171.2109 835.0867 225.7951 1.5566 1.6459 3.9280 5.8081 1.5095 22.6309 -7.7239 0.8262
Car -1 -1 -7.9289 748.7303 163.1115 793.9513 207.8460 1.9302 1.7105 4.0815 7.3313 1.5096 33.2735 -7.7143 0.8055
Car -1 -1 -7.9461 738.2507 166.7736 772.5121 197.9700 1.8060 1.6348 4.3914 8.7843 1.4537 44.0395 -7.7509 0.8040
Car -1 -1 -5.2706 925.6140 167.9936 1241.0000 374.0000 1.5385 1.6753 4.6760 3.2915 1.5282 3.9023 -4.6071 0.7921
Car -1 -1 -7.7612 625.9217 176.5494 666.7027 211.6230 1.4613 1.5262 3.2262 1.6163 1.6343 32.1263 -7.7120 0.7714
Car -1 -1 -4.6641 588.0565 166.7552 646.9072 229.1634 1.8331 1.7019 4.2783 0.2796 1.6536 23.3788 -4.6530 0.7321
Car -1 -1 -2.3319 0.0000 195.4397 213.1297 325.7888 1.4564 1.5490 3.4870 -7.3756 1.7852 9.4682 -2.9803 0.7316
Pedestrian -1 -1 -6.2639 561.0497 170.1578 581.8394 213.5374 1.7557 0.5692 0.8392 -1.6163 1.6462 29.5016 -6.3187 0.7088
Car -1 -1 -7.8365 585.0696 169.8268 644.8804 229.0868 1.7627 1.7809 4.2905 0.1472 1.6723 23.6270 -7.8312 0.7048
Car -1 -1 -7.9546 745.6421 164.1109 791.5635 207.6328 1.8773 1.6593 3.8461 7.1759 1.4999 33.1263 -7.7436 0.6989
Car -1 -1 -7.7357 581.6895 171.4469 649.4551 229.4911 1.7408 1.7463 4.2922 0.2316 1.6983 23.8794 -7.7269 0.6979
Car -1 -1 -2.3192 0.0000 195.5215 218.5688 324.7385 1.4347 1.6226 3.1676 -7.1821 1.7667 9.4869 -2.9540 0.6778
Car -1 -1 -7.8977 742.0420 165.6172 774.1689 198.8394 1.9228 1.7162 4.2919 8.9487 1.5036 44.0123 -7.6988 0.6508
Car -1 -1 -7.7287 627.2050 175.6161 669.4510 211.2411 1.4904 1.5118 3.0405 1.7008 1.6191 32.0691 -7.6768 0.5662
Car -1 -1 -2.8029 454.9982 167.3603 514.5510 193.6247 1.8246 1.6812 3.8289 -8.9082 1.4426 51.2719 -2.9743 0.5493
Car -1 -1 -7.7354 624.7765 175.0159 669.5436 211.2138 1.5147 1.5705 3.8649 1.6850 1.6178 32.4727 -7.6846 0.5369
Car -1 -1 -4.5808 769.0857 172.1679 820.3849 213.8819 1.5364 1.5288 3.4805 7.2933 1.5109 28.4757 -4.3330 0.4722
Car -1 -1 -7.7455 620.2342 174.7652 665.5433 211.1865 1.5284 1.6372 3.8492 1.4957 1.6196 32.5185 -7.7006 0.4685
Car -1 -1 -7.5329 766.5864 171.8962 835.1857 213.7015 1.5573 1.6310 3.5118 7.6220 1.5213 28.7946 -7.2772 0.4509
Car -1 -1 -7.8758 631.5105 173.6002 665.6323 205.8021 1.5692 1.6589 3.7081 1.9007 1.6092 37.1242 -7.8255 0.3793
Pedestrian -1 -1 -6.3518 667.7481 173.7457 679.0009 196.6484 1.8172 0.5142 0.8597 5.0244 1.8883 57.5357 -6.2656 0.3593
Car -1 -1 -7.8502 741.5494 166.1692 771.1413 198.4616 1.8617 1.6785 3.8778 8.8188 1.4760 43.6656 -7.6526 0.3559
Car -1 -1 -4.5511 625.8014 173.1501 670.0087 206.5231 1.5849 1.6373 3.8073 1.9206 1.6003 36.3357 -4.4993 0.3489
Car -1 -1 -7.7321 767.0760 172.6185 819.0331 214.3419 1.5522 1.6040 3.5101 7.3026 1.5431 28.7686 -7.4865 0.3451
Car -1 -1 -7.7556 632.7003 174.2330 670.5914 205.7455 1.5275 1.6062 3.5281 2.1388 1.6015 37.0055 -7.6988 0.3190
Car -1 -1 -7.6311 723.9904 172.0776 750.1303 188.3636 1.4856 1.5850 4.0012 11.9768 1.4145 67.9713 -7.4577 0.3111
Car -1 -1 -7.4378 768.0212 171.9508 842.8333 213.7771 1.5579 1.6074 3.5010 7.7851 1.5240 28.7434 -7.1764 0.3060
Car -1 -1 -7.7676 637.2710 173.8585 672.7999 205.6490 1.5474 1.5337 3.4636 2.3132 1.6013 37.0628 -7.7063 0.2761
Car -1 -1 -7.7111 741.4916 166.3380 779.5359 199.1916 1.8880 1.7078 4.0027 9.1094 1.5133 43.6380 -7.5071 0.2566
Car -1 -1 -4.4609 724.4767 171.7599 750.8342 187.7910 1.4578 1.5442 3.7901 11.9752 1.3580 67.6592 -4.2868 0.2264
Car -1 -1 -7.3011 766.2533 171.6614 854.6438 214.0446 1.5749 1.6143 3.8547 7.9770 1.5303 28.7155 -7.0333 0.2221
Car -1 -1 -4.6133 632.8680 173.6847 671.8030 206.6396 1.5517 1.5723 3.9082 2.1286 1.5954 36.1308 -4.5554 0.2140
Car -1 -1 -7.4724 772.9127 172.5790 848.7545 215.0471 1.5725 1.6176 3.8041 8.0033 1.5620 28.7205 -7.2038 0.2116
Car -1 -1 -4.3998 725.1160 171.1372 754.5269 187.4552 1.4873 1.5775 3.9920 12.2237 1.3305 67.8962 -4.2228 0.2076
Car -1 -1 -7.9480 735.1630 166.9998 769.6901 199.3752 1.8734 1.6632 4.1334 8.5769 1.5343 43.8892 -7.7566 0.2075
Car -1 -1 -8.2512 611.9634 173.0778 671.6008 206.4528 1.6141 1.6650 3.9058 1.5285 1.6259 37.0437 -8.2108 0.2058
Car -1 -1 -4.7004 781.1338 173.2394 825.3981 215.0170 1.5056 1.5551 3.5188 7.4455 1.5213 27.9417 -4.4432 0.2040
Car -1 -1 -2.6921 594.1366 172.4924 677.2103 205.7684 1.6256 1.7178 3.8863 1.2656 1.6076 36.9118 -2.6586 0.1765
Car -1 -1 -7.1698 767.0648 171.7941 859.6620 214.2812 1.5769 1.6145 3.5975 8.0062 1.5373 28.4784 -6.8989 0.1693
Car -1 -1 -7.4762 725.6715 171.2971 758.6497 187.6249 1.4852 1.6332 4.1643 12.4342 1.3433 67.8321 -7.2959 0.1585
Car -1 -1 -4.6101 620.5195 173.2318 661.3315 207.1471 1.6102 1.6805 3.7486 1.5639 1.6300 36.2771 -4.5679 0.1391
Car -1 -1 -7.7184 723.0642 171.9252 745.5783 188.5224 1.5147 1.5701 3.9994 11.7209 1.4297 67.9942 -7.5487 0.1351
Car -1 -1 -4.6095 770.0931 172.5982 821.0591 215.5046 1.5206 1.5168 3.8315 7.1158 1.5113 27.6319 -4.3606 0.1345
Car -1 -1 -4.5192 721.6324 171.9002 746.3068 188.1533 1.4735 1.5690 3.8539 11.6012 1.3867 67.4927 -4.3500 0.1051
Car -1 -1 -4.5742 761.7476 171.3996 815.8937 215.6662 1.5968 1.5554 3.7272 6.9602 1.5441 28.0474 -4.3340 0.1020
Car -1 -1 -6.8202 766.4136 171.8876 869.1241 213.1146 1.5366 1.5966 3.5286 8.0300 1.5002 28.1203 -6.5453 0.0903
Car -1 -1 -2.6405 389.6826 174.0977 446.7011 194.5433 1.6021 1.6810 4.1314 -15.4350 1.7041 58.0100 -2.8997 0.0846
Car -1 -1 -4.7132 723.9293 171.4487 741.5817 188.4019 1.5534 1.5976 4.1750 11.5924 1.4243 68.3032 -4.5461 0.0803
Car -1 -1 -7.0039 766.5912 171.5847 875.3879 214.1489 1.5740 1.6145 4.0369 8.2325 1.5268 28.2731 -6.7239 0.0796
Car -1 -1 -2.9000 593.6392 173.6048 673.8811 206.1858 1.5910 1.6687 3.7809 1.1820 1.6302 36.6079 -2.8685 0.0765
Car -1 -1 -4.3683 611.6219 173.9432 673.3341 208.0226 1.5638 1.6887 4.3026 1.6320 1.6207 35.5685 -4.3233 0.0652
Car -1 -1 -7.0742 766.5888 171.5360 857.9187 212.6575 1.5212 1.6073 3.2711 7.8683 1.4721 28.2036 -6.8053 0.0637
Car -1 -1 -5.9481 397.8702 174.5170 449.1507 193.9044 1.5190 1.5866 3.6475 -14.9007 1.6537 57.6353 -6.2003 0.0573
Car -1 -1 -2.9922 596.0782 173.5789 672.9643 205.3451 1.5507 1.6267 3.6779 1.2222 1.5881 36.4072 -2.9594 0.0563
Car -1 -1 -6.0379 406.5728 174.4228 458.8129 193.9790 1.5397 1.5994 3.7857 -14.1892 1.6668 57.7487 -6.2781 0.0562
Car -1 -1 -3.1665 592.3389 175.0956 674.1702 206.2321 1.5160 1.6774 3.9985 1.0992 1.6304 36.0999 -3.1369 0.0544
Car -1 -1 -6.1172 405.6598 174.4921 460.4599 194.1990 1.5521 1.6792 4.0552 -14.2068 1.6856 57.9771 -6.3568 0.0535
Car -1 -1 -7.6188 414.9500 174.6632 443.0757 194.2344 1.5353 1.5289 3.1011 -14.6573 1.6855 58.4494 -7.8637 0.0516
Pedestrian -1 -1 -3.0551 442.3235 179.7549 468.0587 256.6023 1.5623 0.4804 0.4833 -3.2634 1.7079 14.9851 -3.2667 0.0493
Car -1 -1 -4.5437 625.8494 174.7104 671.6545 208.1519 1.5361 1.5950 4.0807 1.9264 1.6328 35.5489 -4.4905 0.0443
Car -1 -1 -2.7437 398.0466 174.7734 451.0609 193.9873 1.5057 1.6121 3.7873 -14.8716 1.6621 57.8325 -2.9946 0.0439
Car -1 -1 -2.6969 391.2229 174.5774 446.9533 194.5033 1.5590 1.6086 4.0166 -15.3090 1.6996 57.8187 -2.9549 0.0365
Pedestrian -1 -1 -3.5594 446.4625 183.2338 474.5743 255.9111 1.4721 0.3986 0.4487 -3.1595 1.6917 14.9917 -3.7644 0.0362
Car -1 -1 -2.5316 388.6435 173.9628 444.3236 194.7581 1.6301 1.7012 4.1061 -15.6377 1.7216 58.2210 -2.7931 0.0357
Car -1 -1 -2.7538 399.6726 174.6686 451.0731 194.4489 1.5545 1.7064 3.6275 -14.8469 1.7029 58.0014 -3.0036 0.0345
Car -1 -1 -5.3681 767.1283 170.7856 864.3602 215.0269 1.5691 1.5929 3.7744 7.7384 1.4955 27.6392 -5.0984 0.0343
Car -1 -1 -6.3401 771.2251 171.4732 876.5342 213.2919 1.5401 1.5542 3.7844 8.0970 1.4889 27.7494 -6.0596 0.0284
Car -1 -1 -7.6801 413.1099 174.6726 439.1294 194.5940 1.5643 1.4790 3.4431 -14.9675 1.7166 58.7538 -7.9287 0.0262
Car -1 -1 -4.7865 720.3543 171.8948 740.3763 188.2933 1.4998 1.5620 3.9944 11.3030 1.4118 68.0512 -4.6229 0.0258
Car -1 -1 -4.6814 630.3004 174.0643 666.2438 208.5619 1.5447 1.5970 4.4474 1.8558 1.6065 34.7499 -4.6290 0.0213
Cyclist -1 -1 -7.5800 639.3854 178.3624 660.7365 222.3763 1.4948 0.3542 1.5404 1.3785 1.6951 25.4881 -7.5273 0.0197
Pedestrian -1 -1 -3.2299 899.1104 140.0172 929.7823 256.4722 2.0340 0.4349 0.4625 5.3738 1.4602 12.8784 -2.8434 0.0137
Car -1 -1 -4.6436 632.9904 173.9193 670.8985 207.6766 1.5308 1.5648 4.0391 2.0412 1.5852 34.9546 -4.5863 0.0117
Car -1 -1 -2.7788 576.5762 174.9110 673.7957 211.2091 1.5211 1.6007 3.9876 0.6285 1.6160 31.8905 -2.7599 0.0114
Car -1 -1 -7.4464 412.5845 173.7969 450.1834 194.3842 1.6156 1.6759 3.6096 -14.5190 1.6945 58.7174 -7.6881 0.0094
Car -1 -1 -7.4893 411.2955 174.3060 446.2389 194.0219 1.5486 1.6188 3.4984 -14.7503 1.6703 58.7784 -7.7344 0.0075
Car -1 -1 -8.0214 731.9963 168.8312 766.4729 196.0571 1.7656 1.6218 4.0716 9.3439 1.5044 48.8434 -7.8338 0.0061
Pedestrian -1 -1 -4.0979 0.0000 156.9145 26.1789 232.3582 2.1805 0.6118 0.3550 -17.5379 1.7195 21.0536 -4.7863 0.0053
Car -1 -1 -7.5562 409.5364 173.9410 444.2320 194.5665 1.6209 1.6420 4.0114 -14.9435 1.7125 58.9650 -7.8036 0.0046
Car -1 -1 -4.8274 732.4835 170.1629 765.0960 195.5085 1.6109 1.6402 4.2491 9.1581 1.4396 48.0377 -4.6405 0.0037
Car -1 -1 -4.9253 729.8287 168.9423 771.1198 195.7377 1.6875 1.7294 4.6173 9.2015 1.4408 47.7688 -4.7365 0.0037
Car -1 -1 -7.6412 723.9568 170.6637 755.0711 195.3062 1.6145 1.4555 3.1386 8.7888 1.4707 49.0016 -7.4651 0.0024
Pedestrian -1 -1 -3.2287 903.1495 153.5684 935.8828 245.2655 1.5788 0.4429 0.4877 5.3904 1.2465 12.7079 -2.8363 0.0023
Pedestrian -1 -1 -4.4727 206.7187 167.8639 228.7190 219.2862 1.6850 0.5684 0.3685 -13.0337 1.5212 23.8928 -4.9676 0.0018
Car -1 -1 -7.9086 733.9385 169.3849 758.8007 195.4881 1.6982 1.4510 3.4974 9.1535 1.4722 48.7693 -7.7245 0.0017
Pedestrian -1 -1 -3.8365 209.2252 168.1153 231.3868 220.7247 1.7400 0.6369 0.3192 -13.0800 1.5830 24.1313 -4.3288 0.0012
Car -1 -1 -7.6651 393.2050 170.8862 419.9358 196.6830 2.2523 1.5578 4.2181 -18.3549 2.0802 65.1654 -7.9388 0.0004
Car -1 -1 -7.6172 395.7681 169.7291 425.2162 196.6272 2.3505 1.5921 4.3364 -18.0177 2.0771 65.2437 -7.8859 0.0003
Car -1 -1 -7.6463 400.2853 166.9096 428.4431 195.6199 2.5109 1.6066 4.2953 -17.6826 1.9907 65.2916 -7.9100 0.0002
