Car -1 -1 -7.6941 1064.6062 177.4726 1171.2689 249.9484 1.6120 1.6569 3.7284 12.8257 1.7405 18.2109 -7.0887 0.9975
Car -1 -1 -4.6071 999.4938 176.4078 1049.4094 210.0205 1.5771 1.7659 4.3559 21.0394 1.7685 36.6223 -4.0895 0.9064
Car -1 -1 -7.8448 1107.2133 180.8947 1177.3997 235.1065 1.4891 1.6367 3.9016 16.5154 1.7623 22.4845 -7.2181 0.8684
Car -1 -1 -4.5709 1174.9772 177.4741 1226.0872 207.7856 1.5697 1.6617 3.9659 32.6591 1.8375 39.9185 -3.8892 0.8603
Car -1 -1 -4.5262 999.6996 176.0094 1056.8263 210.2254 1.6093 1.7541 4.3004 21.1882 1.7785 36.5475 -4.0048 0.8554
Car -1 -1 -7.6617 1067.6439 178.8177 1179.3741 249.8800 1.5779 1.6457 3.7223 12.9718 1.7438 18.2223 -7.0512 0.7242
Car -1 -1 -4.6006 1174.6056 178.1371 1223.4696 208.4945 1.5616 1.6924 3.7308 32.3914 1.8660 39.6948 -3.9202 0.6826
Car -1 -1 -4.7055 1000.6655 176.2665 1043.8052 210.5054 1.6095 1.8080 4.4033 20.9453 1.7941 36.7469 -4.1913 0.6671
Car -1 -1 -4.5065 1001.3768 176.6550 1057.8273 210.0344 1.5615 1.6865 4.0018 21.0924 1.7631 36.2762 -3.9838 0.6466
Car -1 -1 -7.8864 1101.4500 179.7757 1176.2157 234.3130 1.5052 1.7134 3.9419 16.3812 1.7417 22.5660 -7.2652 0.6316
Car -1 -1 -7.7510 1106.2957 181.6939 1184.9716 234.0470 1.4344 1.5954 3.9160 16.6507 1.7332 22.4275 -7.1191 0.6222
Car -1 -1 -4.6212 998.0894 176.3604 1046.2520 210.5079 1.5991 1.7684 3.9899 20.7750 1.7859 36.3719 -4.1061 0.5668
Car -1 -1 -4.6691 1177.3652 178.4635 1220.4880 207.9611 1.5220 1.6950 4.3833 32.8636 1.8519 40.2701 -3.9886 0.5418
Car -1 -1 -4.4466 1177.5842 177.8113 1238.4624 207.7822 1.5493 1.6472 3.8136 32.8531 1.8337 39.6623 -3.7589 0.5409
Car -1 -1 -4.6167 1175.4525 178.3746 1220.8981 208.0344 1.5313 1.5981 3.9319 32.5514 1.8516 39.9458 -3.9369 0.5396
Car -1 -1 -4.5357 1178.1528 178.5918 1231.2935 208.2634 1.5214 1.6371 3.6955 32.5630 1.8499 39.5267 -3.8506 0.5252
Car -1 -1 -7.8425 1105.2766 181.8422 1173.6621 235.5070 1.4701 1.5947 3.5459 16.2996 1.7713 22.3023 -7.2182 0.5061
Car -1 -1 -4.5382 1000.4843 178.2431 1053.7115 210.7889 1.5070 1.7121 3.6161 20.7944 1.7899 35.9881 -4.0182 0.4738
Car -1 -1 -7.7427 1108.7433 181.0873 1187.8933 234.5582 1.4631 1.5649 3.8929 16.6437 1.7397 22.3074 -7.1086 0.4628
Car -1 -1 -4.7441 997.1950 177.4809 1041.2894 211.1824 1.5774 1.7890 4.2476 20.7052 1.8272 36.6993 -4.2343 0.4303
Car -1 -1 -4.6749 1000.7849 178.3541 1042.9607 210.4314 1.4865 1.7168 3.1123 20.4322 1.7727 35.8198 -4.1605 0.3748
Car -1 -1 -7.8230 1113.6012 181.4708 1182.7776 235.3001 1.4662 1.5928 3.3747 16.4266 1.7510 22.0546 -7.1897 0.3742
Car -1 -1 -4.7250 1175.9358 179.0249 1214.8840 208.3926 1.5129 1.6081 4.1315 32.5083 1.8744 40.1845 -4.0488 0.3168
Car -1 -1 -4.6894 1174.8728 179.1527 1217.4508 209.5164 1.5317 1.7279 3.9083 31.9163 1.8924 39.3005 -4.0114 0.3010
Car -1 -1 -4.3236 1069.0310 174.9930 1121.8510 197.8471 1.4770 1.5872 3.9614 32.7667 1.6264 48.7267 -3.7348 0.2443
Car -1 -1 -4.1385 1068.6854 176.5968 1130.7314 199.7562 1.4899 1.6082 3.8717 32.8193 1.7484 48.4028 -3.5458 0.2244
Car -1 -1 -4.7572 1180.3813 179.3765 1226.5264 209.9167 1.5334 1.7480 3.5451 31.9782 1.9032 39.0022 -4.0746 0.2174
Car -1 -1 -4.7380 1189.2804 178.4882 1232.4460 208.9344 1.5482 1.6949 3.7349 32.7304 1.8713 39.4211 -4.0491 0.2004
Car -1 -1 -4.4252 1068.1782 175.0225 1114.8271 198.4257 1.5169 1.5961 3.9372 32.6825 1.6695 48.9917 -3.8400 0.1753
Car -1 -1 -4.5693 1072.8071 176.9293 1109.4200 200.0196 1.4796 1.5667 3.6533 32.5192 1.7655 48.7863 -3.9845 0.1283
Car -1 -1 -3.0869 1040.3209 181.4560 1187.9144 235.4492 1.4817 1.5590 3.5978 15.2939 1.7648 22.0601 -2.4875 0.1232
Car -1 -1 -4.5405 1075.5817 176.6237 1115.1541 200.0779 1.4988 1.5836 3.9096 32.7516 1.7632 48.7005 -3.9517 0.1230
Car -1 -1 -4.3099 1071.7668 174.1539 1128.5699 197.4837 1.5084 1.6536 4.2418 33.0720 1.5991 48.7038 -3.7165 0.1230
Car -1 -1 -3.6186 1068.7352 176.5270 1139.9607 199.9041 1.5121 1.6147 3.5656 32.8048 1.7613 48.0021 -3.0223 0.0963
Car -1 -1 -4.7718 1176.0063 177.8297 1227.8738 210.6064 1.6300 1.9040 3.6963 31.5238 1.9098 38.5628 -4.0907 0.0898
Car -1 -1 -3.0606 1026.3304 181.3359 1173.3696 235.0686 1.4827 1.4886 3.6393 14.9409 1.7630 22.1606 -2.4741 0.0882
Car -1 -1 -5.1644 1207.3165 179.1780 1241.0000 208.7744 1.5846 1.5714 3.9851 36.4632 1.9682 41.6699 -4.4495 0.0703
Car -1 -1 -4.6014 1069.7395 174.9443 1104.5216 198.6561 1.5351 1.5670 3.8616 32.4253 1.6826 49.0477 -4.0204 0.0645
Car -1 -1 -2.9466 1034.9548 181.1867 1186.3448 235.6534 1.5035 1.5349 3.6242 15.3493 1.7819 22.3047 -2.3505 0.0504
Car -1 -1 -7.4116 1080.0876 175.5424 1140.2129 199.5161 1.5311 1.6835 4.1926 33.4336 1.7172 48.2604 -6.8090 0.0468
Car -1 -1 -5.2043 1197.9874 178.5452 1241.0000 208.6887 1.6174 1.5993 4.0711 36.0423 1.9630 41.6917 -4.4954 0.0451
Car -1 -1 -3.3301 1071.7122 176.4317 1143.6128 201.0274 1.5613 1.6041 3.6713 32.7916 1.8048 47.6970 -2.7311 0.0438
Car -1 -1 -5.0226 1202.9069 180.8776 1241.0000 209.4293 1.5467 1.6096 3.7526 36.3992 2.0392 42.2762 -4.3157 0.0414
Car -1 -1 -2.9825 1031.9094 180.3642 1180.6333 235.4534 1.5218 1.5234 3.5826 15.1490 1.7710 22.1958 -2.3904 0.0321
Car -1 -1 -4.7293 1215.6173 184.7484 1241.0000 212.2047 1.5031 1.5915 4.2781 37.5558 2.2558 43.5239 -4.0212 0.0265
Car -1 -1 -4.8827 1081.4911 175.8471 1121.4612 198.9984 1.4702 1.5889 3.7248 32.8572 1.6789 48.3680 -4.2892 0.0264
Car -1 -1 -4.9941 1073.5831 175.4316 1120.5225 199.3783 1.5277 1.6566 3.6126 32.5938 1.7075 48.4289 -4.4049 0.0238
Car -1 -1 -4.7757 1215.1842 184.0050 1241.0000 211.6620 1.5201 1.5050 3.7294 37.2792 2.2169 43.1656 -4.0672 0.0194
Car -1 -1 -4.8467 1061.9169 174.4656 1098.7667 198.3015 1.5510 1.5899 3.8586 32.0618 1.6655 49.3160 -4.2733 0.0177
Car -1 -1 -4.8057 1216.1656 183.4935 1241.0000 211.4853 1.5289 1.6220 4.1338 37.5338 2.1975 43.2034 -4.0942 0.0145
Car -1 -1 -4.6434 1068.9150 175.0562 1118.7183 208.8166 1.4840 1.6979 4.0859 22.8834 1.5944 34.1319 -4.0572 0.0139
Car -1 -1 -5.1265 1192.3068 179.7728 1241.0000 208.3622 1.5544 1.6392 3.8513 36.0328 1.9798 42.3152 -4.4250 0.0125
Car -1 -1 -5.1213 1213.5164 181.9088 1241.0000 209.9906 1.5140 1.5581 3.7118 37.1159 2.0684 42.1979 -4.4038 0.0123
Car -1 -1 -4.9346 1213.7795 181.4688 1241.0000 210.1231 1.5487 1.5236 3.6969 36.7288 2.0757 42.1820 -4.2221 0.0122
Car -1 -1 -5.1116 1049.8871 174.6608 1100.4828 198.2282 1.5350 1.5569 3.7427 31.6670 1.6631 49.2752 -4.5435 0.0115
Car -1 -1 -4.6668 1062.2207 173.1548 1088.4821 191.3866 1.5662 1.7860 4.2569 41.4754 1.5936 64.3096 -4.0964 0.0114
Car -1 -1 -4.9011 1188.6821 170.1873 1241.0000 210.4536 1.8902 1.8096 4.1255 30.5097 1.7648 36.1140 -4.2040 0.0112
Car -1 -1 -4.9533 1205.6001 183.4050 1241.0000 211.2782 1.5407 1.4897 3.2984 36.9289 2.1964 43.0590 -4.2482 0.0108
Car -1 -1 -4.7297 1078.2357 174.6715 1124.2122 209.1587 1.4925 1.6715 4.0462 22.7690 1.5823 33.6064 -4.1386 0.0108
Car -1 -1 -4.9646 1053.1981 172.4919 1098.9764 197.6893 1.6563 1.6475 4.1373 31.9715 1.6322 49.6527 -4.3955 0.0103
Car -1 -1 -4.5853 1071.3417 173.4715 1102.0891 192.6007 1.5906 1.7093 4.1785 41.1452 1.6455 62.2790 -4.0039 0.0085
Pedestrian -1 -1 -3.4624 1059.5712 170.4841 1074.3854 191.9313 1.7775 0.5711 0.9091 38.0879 1.5808 60.1845 -2.9007 0.0082
Car -1 -1 -3.9792 1163.5455 172.0234 1241.0000 213.3075 2.0086 1.7815 4.8138 30.7529 1.9679 36.3218 -3.2811 0.0079
Car -1 -1 -7.4534 1186.0266 171.2519 1241.0000 212.0659 1.9452 1.8676 4.7355 31.2834 1.8686 36.2826 -6.7463 0.0075
Car -1 -1 -4.8138 1069.1884 171.6839 1097.3719 190.7956 1.6175 1.6482 4.0658 41.4211 1.5181 63.2494 -4.2364 0.0074
Car -1 -1 -1.9204 0.0000 191.5322 175.3064 374.0000 1.3271 1.5857 3.8995 -4.3362 1.4574 3.5873 -2.7635 0.0065
Car -1 -1 -4.7002 1066.3047 170.2405 1091.8171 190.8670 1.7551 1.8346 4.3338 41.4068 1.5324 63.7071 -4.1262 0.0054
Car -1 -1 -4.6747 1077.1514 174.5157 1123.1785 207.5802 1.4553 1.6679 3.9328 23.1229 1.5382 34.0469 -4.0824 0.0053
Car -1 -1 -5.2471 1188.5663 182.0219 1241.0000 209.8488 1.5388 1.5953 3.5376 36.4560 2.1089 43.0126 -4.5478 0.0043
Pedestrian -1 -1 -4.4055 503.1425 186.6356 526.0593 238.4204 1.1932 0.4407 0.3798 -2.2931 1.5213 16.9698 -4.5385 0.0041
Pedestrian -1 -1 -4.5935 494.9486 185.3266 517.0654 238.2412 1.2229 0.4731 0.3850 -2.4943 1.5194 16.9679 -4.7380 0.0040
Car -1 -1 -1.7664 0.0000 197.1117 154.4182 374.0000 1.3325 1.6174 4.0228 -4.4455 1.5247 3.9665 -2.5755 0.0039
Car -1 -1 -4.8061 1081.3123 174.1038 1134.4669 208.3937 1.4901 1.6531 3.9007 23.0770 1.5517 33.6158 -4.2089 0.0037
Pedestrian -1 -1 -6.4389 819.9739 172.1075 829.4304 211.8050 1.8661 0.5455 0.3470 10.1366 1.8307 34.2107 -6.1537 0.0034
Car -1 -1 -4.7176 1088.6001 173.1612 1133.3226 206.7365 1.4808 1.6453 3.8153 23.4548 1.4958 33.9016 -4.1168 0.0034
Car -1 -1 -7.2402 1178.8230 167.7100 1241.0000 209.4345 1.9964 1.8908 4.7035 31.1331 1.7499 36.0180 -6.5318 0.0033
Car -1 -1 -4.8352 1241.0000 176.1582 1241.0000 202.5813 1.4638 1.6988 3.9664 41.6301 1.6681 42.5905 -4.0650 0.0030
Car -1 -1 -4.8537 1241.0000 176.3055 1241.0000 203.9021 1.4698 1.7027 3.9838 41.5981 1.6759 41.0571 -4.0657 0.0030
Car -1 -1 -4.8443 1241.0000 176.5177 1241.0000 203.5989 1.4694 1.7039 3.9867 41.6135 1.6921 41.8228 -4.0653 0.0030
Car -1 -1 -5.0136 1079.1924 174.8474 1150.3689 208.7128 1.4498 1.6082 3.7764 23.0643 1.5468 33.1721 -4.4106 0.0030
Car -1 -1 -4.7114 1106.4912 175.7128 1142.2126 201.5389 1.3968 1.6095 3.7984 29.5154 1.5689 41.4856 -4.0967 0.0030
Car -1 -1 -4.8307 1241.0000 174.8484 1241.0000 200.8643 1.4624 1.6854 3.9524 41.6083 1.5866 42.9624 -4.0650 0.0030
Car -1 -1 -4.8289 1089.9935 173.3451 1144.3833 207.2831 1.4789 1.6160 3.7596 23.4570 1.5028 33.5391 -4.2230 0.0030
Car -1 -1 -5.0456 1085.4020 175.4735 1143.4869 200.8461 1.3878 1.6081 3.7502 29.1799 1.5470 41.9065 -4.4410 0.0030
Car -1 -1 -4.8483 1241.0000 175.0085 1241.0000 202.3694 1.4784 1.6933 3.9666 41.5904 1.6080 41.4092 -4.0645 0.0030
Car -1 -1 -4.9028 1094.5660 176.3428 1145.1943 202.5791 1.3886 1.6267 3.8060 28.7285 1.5957 40.8094 -4.2931 0.0030
Car -1 -1 -4.8393 1241.0000 174.8537 1241.0000 201.5433 1.4717 1.6891 3.9516 41.6037 1.5940 42.1832 -4.0646 0.0030
Car -1 -1 -4.7998 1101.7137 176.3153 1144.3499 202.5806 1.4018 1.6304 3.8299 29.1379 1.6086 41.1181 -4.1870 0.0030
Pedestrian -1 -1 -4.6662 652.0132 179.8458 670.5015 230.2001 1.4470 0.5194 0.4706 1.4501 1.6534 21.0699 -4.5993 0.0028
Pedestrian -1 -1 -4.3669 491.0369 189.1119 513.3268 238.3387 1.1087 0.3787 0.4545 -2.5418 1.4901 16.6816 -4.5165 0.0028
Pedestrian -1 -1 -4.6564 650.6531 178.2202 669.3633 225.6942 1.3893 0.5337 0.3995 1.4361 1.5499 21.3987 -4.5911 0.0016
Pedestrian -1 -1 -4.3209 662.5381 176.1472 684.6265 221.7169 1.3114 0.5191 0.4327 1.8129 1.4089 21.1197 -4.2371 0.0014
Pedestrian -1 -1 -4.4498 660.2585 178.1503 679.8087 224.4059 1.3522 0.4978 0.3800 1.7341 1.5111 21.4159 -4.3708 0.0009
Cyclist -1 -1 -7.6502 499.6813 177.3886 530.6375 239.1727 1.3570 0.4281 1.4464 -2.2309 1.4662 16.6919 -7.7817 0.0008
Pedestrian -1 -1 -4.6880 701.3682 185.6313 715.5599 228.3636 1.1805 0.3884 0.2842 2.7085 1.5410 20.2048 -4.5574 0.0005
Pedestrian -1 -1 -4.4851 553.0239 187.1485 574.5033 245.8259 1.2337 0.3857 0.3797 -1.0433 1.5447 15.4946 -4.5521 0.0005
Pedestrian -1 -1 -4.3706 706.1942 183.0954 725.2996 226.7494 1.2010 0.4484 0.3220 2.9130 1.4911 20.2127 -4.2302 0.0004
Pedestrian -1 -1 -4.3997 552.9916 181.4660 577.3364 243.2222 1.3247 0.4370 0.3785 -1.0309 1.5156 15.7805 -4.4647 0.0004
Cyclist -1 -1 -7.9523 498.6282 165.9152 522.3989 230.1292 1.4962 0.4336 1.4014 -2.4809 1.3343 17.5445 -8.0914 0.0004
Cyclist -1 -1 -7.5750 500.2058 173.9427 536.4327 236.8114 1.4252 0.4479 1.5511 -2.2169 1.4521 17.1854 -7.7020 0.0002
