Pedestrian -1 -1 -6.5981 784.2592 150.0007 907.1042 327.9877 1.7920 0.6480 1.0703 2.4520 1.4853 7.4466 -6.2907 0.9831
Pedestrian -1 -1 -6.6044 784.7124 153.5047 907.5302 327.6526 1.7566 0.6921 1.0590 2.4681 1.4847 7.4850 -6.2965 0.8623
Pedestrian -1 -1 -6.5719 778.9897 156.2653 901.4028 327.9851 1.7439 0.6335 1.0910 2.4132 1.4982 7.5039 -6.2710 0.6662
Pedestrian -1 -1 -6.6976 1168.7906 157.8316 1208.8014 226.7980 1.7461 0.5916 0.6070 15.0308 1.1725 18.2663 -6.0160 0.0051
Pedestrian -1 -1 -5.2640 1159.3201 158.7752 1198.0958 223.6971 1.6755 0.5490 0.6130 15.0301 1.1151 18.5848 -4.5907 0.0045
Car -1 -1 -8.9703 0.0000 0.0000 1223.0000 369.0000 1.5999 1.6045 3.6096 3.8616 1.5306 1.1677 -7.7664 0.0042
Car -1 -1 -8.9832 0.0000 0.0000 1223.0000 369.0000 1.5904 1.6118 3.6015 4.2170 1.5202 1.2448 -7.7668 0.0039
Car -1 -1 -8.9571 0.0000 0.0000 1223.0000 369.0000 1.5691 1.5639 3.5149 3.4481 1.5228 1.1381 -7.7857 0.0036
Car -1 -1 -8.9129 0.0000 0.0000 1223.0000 369.0000 1.5737 1.5843 3.5281 3.0692 1.5344 1.1141 -7.7785 0.0035
Car -1 -1 -2.6594 528.4878 158.4318 627.6716 196.5226 1.6626 1.8068 4.2098 -1.2694 0.6995 32.5830 -2.6960 0.0031
Car -1 -1 -6.5119 0.0000 0.0000 1223.0000 369.0000 1.5690 1.6170 3.6818 -4.2396 1.6580 0.9640 -7.7862 0.0030
Car -1 -1 -9.0403 0.0000 0.0000 1223.0000 369.0000 1.5023 1.6090 3.8135 2.6142 1.5840 0.3852 -7.7327 0.0030
Car -1 -1 -9.0710 0.0000 0.0000 1223.0000 369.0000 1.5413 1.6029 3.8462 3.0657 1.5832 0.4018 -7.7309 0.0030
Car -1 -1 -6.4875 0.0000 0.0000 1223.0000 369.0000 1.5396 1.5825 3.5867 -5.4150 1.6690 1.2678 -7.7709 0.0030
Car -1 -1 -6.4873 0.0000 0.0000 1223.0000 369.0000 1.5499 1.5920 3.6641 -5.8152 1.7055 1.3877 -7.7704 0.0030
Car -1 -1 -9.0890 0.0000 0.0000 1223.0000 369.0000 1.5113 1.6080 3.8214 3.4078 1.5611 0.4238 -7.7326 0.0030
Car -1 -1 -9.0781 0.0000 0.0000 1223.0000 369.0000 1.5521 1.6150 3.6539 4.5620 1.5178 1.0000 -7.7881 0.0030
Car -1 -1 -8.8999 0.0000 0.0000 1223.0000 369.0000 1.5564 1.6044 3.6152 2.2647 1.5326 0.7900 -7.7844 0.0030
Car -1 -1 -3.4102 0.0000 0.0000 1223.0000 369.0000 1.5657 1.5984 3.7601 -6.2610 1.6980 1.7440 -4.6605 0.0030
Car -1 -1 -8.9464 0.0000 0.0000 1223.0000 369.0000 1.5069 1.6091 3.8338 1.8131 1.6012 0.3560 -7.7325 0.0030
Car -1 -1 -6.5118 0.0000 0.0000 1223.0000 369.0000 1.5334 1.5812 3.5791 -5.0081 1.6652 1.2826 -7.7706 0.0030
Car -1 -1 -8.8553 0.0000 0.0000 1223.0000 369.0000 1.5524 1.5717 3.4999 2.6792 1.5202 1.1008 -7.7715 0.0030
Car -1 -1 -6.5133 0.0000 0.0000 1223.0000 369.0000 1.5368 1.5722 3.4930 -4.6134 1.6543 1.1616 -7.7711 0.0030
Car -1 -1 -7.5195 560.2639 159.3533 625.5422 196.8340 1.6367 1.8259 4.0229 -0.5128 0.7135 33.0715 -7.5329 0.0027
Car -1 -1 -4.1579 463.0815 161.1710 589.5153 223.9496 1.6989 1.7982 4.3078 -2.2879 1.1761 21.4644 -4.2607 0.0026
Car -1 -1 -6.1452 563.8320 163.8038 655.6793 195.6315 1.3946 1.5523 3.9856 0.2233 0.6632 32.0410 -6.1363 0.0026
Car -1 -1 -7.7527 577.8359 161.3279 621.0050 195.5053 1.5476 1.6956 3.7694 -0.2339 0.6796 33.9734 -7.7576 0.0025
Car -1 -1 -8.0285 568.7449 162.1377 599.9637 185.2633 1.6493 1.6612 3.9293 -1.5688 0.3397 52.5190 -8.0563 0.0025
Car -1 -1 -8.2797 604.8329 149.7366 684.8511 197.2354 1.8919 1.7536 4.4614 1.5974 0.6668 30.5587 -8.2260 0.0023
Pedestrian -1 -1 -4.6149 1161.3341 158.4433 1202.1923 252.5776 1.5152 0.4897 0.4354 9.5001 1.1605 11.7072 -3.9448 0.0022
Car -1 -1 -7.4080 562.3306 161.0304 632.9182 197.6002 1.5957 1.7905 3.8762 -0.2974 0.7464 32.9870 -7.4150 0.0022
Car -1 -1 -4.0806 545.0565 159.6514 626.6436 195.5917 1.5169 1.6970 3.9103 -0.8235 0.6372 31.9321 -4.1042 0.0020
Car -1 -1 -2.8449 533.2808 160.4567 633.9886 196.0402 1.5501 1.7928 4.2496 -0.9753 0.6771 32.2281 -2.8730 0.0019
Car -1 -1 -7.2832 563.9679 161.7840 639.8816 197.8688 1.5849 1.7768 3.8103 -0.1054 0.7631 33.1383 -7.2844 0.0019
Car -1 -1 -4.1753 552.7812 163.3426 628.3036 199.4808 1.5333 1.5985 4.0119 -0.6083 0.8055 32.1363 -4.1922 0.0018
Car -1 -1 -4.1987 548.6035 159.4040 624.7240 196.6104 1.5604 1.6478 4.0352 -0.7738 0.6759 31.8201 -4.2209 0.0018
Car -1 -1 -7.8264 576.0651 160.7365 599.6146 185.8126 1.8003 1.6423 3.9693 -1.2435 0.3814 52.7522 -7.8480 0.0018
Car -1 -1 -4.2739 557.3906 160.3939 623.7179 196.5793 1.5528 1.6012 3.7219 -0.6197 0.6902 32.3662 -4.2909 0.0017
Car -1 -1 -4.1091 561.6845 161.1776 635.9916 195.3735 1.4876 1.5650 3.7903 -0.2485 0.6472 32.7643 -4.1147 0.0017
Cyclist -1 -1 -8.2233 931.7758 157.4138 995.5958 241.6507 1.5514 0.5025 1.7499 6.9723 1.1266 13.9154 -7.7661 0.0016
Cyclist -1 -1 -7.6679 554.1240 172.1133 580.2227 232.3864 1.5213 0.3898 1.6528 -1.0257 1.3099 18.6906 -7.7200 0.0016
Pedestrian -1 -1 -7.4224 553.4940 170.1196 582.5648 234.6416 1.6293 0.5623 0.5683 -0.9906 1.3675 18.2222 -7.4740 0.0016
Car -1 -1 -4.4503 622.6293 167.7983 687.8580 209.6477 1.5535 1.6137 4.0625 2.0687 1.0822 28.4303 -4.3767 0.0016
Car -1 -1 -7.9292 632.4559 155.6601 677.1975 199.6466 1.7484 1.5971 3.9038 2.0312 0.7613 30.0608 -7.8606 0.0014
Pedestrian -1 -1 -4.1178 968.3889 159.7294 1010.2560 235.9236 1.4477 0.5742 0.4316 7.4439 1.0534 13.7892 -3.6306 0.0014
Pedestrian -1 -1 -8.3186 837.4366 170.4550 871.6561 229.2428 1.4590 0.6816 0.4525 6.2424 1.2100 17.8169 -7.9854 0.0013
Pedestrian -1 -1 -4.8121 945.3085 155.0210 987.4280 236.8501 1.5474 0.6700 0.5693 6.9720 1.0660 13.7555 -4.3505 0.0013
Cyclist -1 -1 -8.3224 952.2200 156.6611 1028.0750 240.6526 1.5299 0.4715 1.9072 7.4390 1.0961 13.8366 -7.8368 0.0013
Pedestrian -1 -1 -6.4344 0.0000 159.2926 36.6377 242.9086 1.9072 0.7256 0.6795 -13.9093 1.4238 16.6222 -7.1200 0.0012
Cyclist -1 -1 -7.5543 565.9727 174.0525 599.2382 232.7969 1.4790 0.3627 1.8091 -0.6140 1.3170 18.7213 -7.5848 0.0011
Car -1 -1 -4.7462 599.4699 160.2368 640.9151 198.2618 1.5900 1.7059 4.2070 0.5958 0.7429 31.6801 -4.7257 0.0011
Car -1 -1 -4.7525 649.0155 172.9157 693.0750 210.1435 1.3512 1.5478 3.7463 2.4872 1.0762 27.5733 -4.6618 0.0011
Car -1 -1 -4.6532 643.6018 174.1955 686.7173 214.1587 1.4654 1.4633 4.0780 2.4166 1.2344 28.0495 -4.5665 0.0010
Car -1 -1 -7.8511 641.5884 156.0483 683.2513 199.5042 1.7299 1.6570 3.9835 2.4288 0.7567 30.2002 -7.7698 0.0010
Pedestrian -1 -1 -6.0485 745.4819 160.0593 754.6637 183.7422 1.9716 0.6951 0.6095 12.1816 0.2698 59.3044 -5.8452 0.0010
Car -1 -1 -4.6903 664.2037 159.0565 707.8431 203.2699 1.5160 1.4930 3.7164 3.0074 0.7810 26.1870 -4.5754 0.0010
Car -1 -1 -4.8918 666.7809 171.1315 723.6608 210.3893 1.4204 1.5394 3.7100 3.4043 1.0817 27.4771 -4.7682 0.0009
Cyclist -1 -1 -7.4769 1.2163 166.4559 48.3822 229.8055 1.4865 0.3203 1.5939 -14.2932 1.1573 17.3996 -8.1536 0.0009
Car -1 -1 -4.3867 571.8926 162.0060 631.4017 196.5999 1.4829 1.5861 3.7964 -0.1110 0.6903 32.3598 -4.3881 0.0008
Pedestrian -1 -1 -6.2714 745.6738 158.2194 752.5654 183.8928 2.1501 0.6435 0.5616 12.1601 0.2841 59.5888 -6.0694 0.0008
Pedestrian -1 -1 -4.2230 278.6642 201.8349 311.1550 267.0520 1.0239 0.3710 0.3219 -5.0425 1.3733 11.3914 -4.6276 0.0008
Car -1 -1 -7.7124 644.9292 154.3913 697.9332 200.9316 1.8474 1.6960 4.0715 2.8829 0.8113 30.2447 -7.6165 0.0008
Car -1 -1 -4.7760 660.4554 169.6877 710.7662 210.4166 1.4733 1.6870 3.9104 3.0434 1.0824 27.5691 -4.6656 0.0008
Cyclist -1 -1 -8.3152 946.4321 158.2988 1012.9181 237.9743 1.5124 0.5060 1.6012 7.4543 1.0914 14.2255 -7.8399 0.0008
Pedestrian -1 -1 -8.0786 845.0833 162.5435 882.0356 231.1573 1.6983 0.7726 0.5297 6.4631 1.2542 17.8096 -7.7345 0.0007
Car -1 -1 -7.9612 783.9863 155.2807 817.0392 182.9470 1.7760 1.6658 4.5341 13.1483 0.1571 47.7593 -7.6925 0.0007
Car -1 -1 -4.5593 581.9056 157.6112 638.3431 199.1984 1.6951 1.8007 4.6146 0.2873 0.7624 31.2434 -4.5483 0.0007
Car -1 -1 -4.8576 653.3847 164.2324 712.6616 207.5411 1.5956 1.7087 4.4833 3.0051 0.9965 28.3233 -4.7513 0.0007
Pedestrian -1 -1 -4.6814 859.4301 176.4712 885.2034 253.6769 1.5138 0.4733 0.4165 5.3033 1.4351 14.1447 -4.3284 0.0007
Car -1 -1 -7.8417 791.1465 154.6535 818.0596 180.5471 1.6555 1.6641 4.4844 13.4546 0.0031 47.5910 -7.5661 0.0007
Pedestrian -1 -1 -4.7171 685.2806 183.3314 707.6276 277.4938 1.4223 0.3359 0.5882 1.3697 1.4680 11.0102 -4.5951 0.0006
Pedestrian -1 -1 -6.2471 0.0000 163.1290 18.0482 233.5533 1.6233 0.5577 0.4991 -14.2185 1.2232 16.6711 -6.9419 0.0006
Pedestrian -1 -1 -3.7561 648.2294 169.2452 695.7350 256.1132 1.3114 0.3543 0.6502 0.9910 1.1418 10.9898 -3.6666 0.0006
Cyclist -1 -1 -8.0582 613.1429 169.0276 649.5737 250.8073 1.7573 0.4467 1.9100 0.5359 1.5111 16.1721 -8.0241 0.0006
Cyclist -1 -1 -7.3004 12.3807 165.8580 68.4113 229.3102 1.5013 0.3542 1.4675 -13.9688 1.1552 17.4776 -7.9639 0.0005
Car -1 -1 -4.9254 584.7050 159.6769 640.2245 194.8497 1.4694 1.6535 4.0903 0.2392 0.5997 31.7072 -4.9159 0.0005
Pedestrian -1 -1 -2.7418 115.5264 172.6084 156.4208 256.5312 1.4597 0.3588 0.5023 -8.3459 1.3228 12.5179 -3.3162 0.0005
Pedestrian -1 -1 -5.5422 1112.2078 189.5451 1223.0000 369.0000 1.3502 0.5070 0.4705 4.2065 1.4226 5.3520 -4.9025 0.0005
Pedestrian -1 -1 -4.3839 60.6313 188.2000 90.0452 245.7864 1.6442 0.5415 0.5327 -15.4722 1.8726 20.6126 -5.0189 0.0005
Pedestrian -1 -1 -6.7891 666.0392 159.1512 677.9356 189.6469 1.7049 0.5762 0.4442 3.7640 0.5115 39.8810 -6.6939 0.0004
Pedestrian -1 -1 -4.8672 841.7727 157.2658 879.9853 256.6701 1.9441 0.6415 0.5215 5.0634 1.4900 14.1429 -4.5289 0.0004
Pedestrian -1 -1 -6.3359 6.1270 158.0618 42.6243 237.3029 1.8447 0.7304 0.6450 -13.9610 1.3227 16.9471 -7.0139 0.0004
Car -1 -1 -4.2177 558.1623 163.0584 628.0667 197.7453 1.4854 1.5725 3.8053 -0.5008 0.7387 32.3289 -4.2312 0.0004
Pedestrian -1 -1 -3.9641 564.3577 171.3792 595.6223 236.7233 1.6412 0.5901 0.5438 -0.6831 1.4125 18.1575 -3.9993 0.0004
Cyclist -1 -1 -7.8677 601.4989 171.3711 621.4316 246.6119 1.6209 0.4246 1.7330 0.0912 1.4246 16.0994 -7.8604 0.0003
Cyclist -1 -1 -8.3754 605.6005 172.9416 659.6203 247.0761 1.5580 0.3728 1.7476 0.5433 1.3995 15.7192 -8.3398 0.0003
Cyclist -1 -1 -8.0259 597.4320 173.6866 627.4103 248.4257 1.5687 0.3802 1.6659 0.1036 1.4261 15.6934 -8.0177 0.0002
Cyclist -1 -1 -4.9105 835.5497 161.4267 881.5088 259.3959 1.8604 0.5722 1.4882 5.0213 1.4986 14.2030 -4.5761 0.0002
Pedestrian -1 -1 -4.4624 863.8135 169.6738 895.4455 258.5549 1.6928 0.4701 0.5003 5.3173 1.4870 13.8061 -4.1008 0.0002
Cyclist -1 -1 -7.4758 0.0000 180.7403 30.9626 239.2468 1.7716 0.4339 1.6932 -18.7838 1.7797 22.2887 -8.1674 0.0002
Pedestrian -1 -1 -4.3983 599.9644 181.1870 628.3957 245.0725 1.3991 0.5174 0.4648 0.1636 1.4151 15.7944 -4.3864 0.0002
Pedestrian -1 -1 -3.7696 644.2137 171.4145 696.9603 289.3907 1.7096 0.4150 0.6719 0.9318 1.5783 10.5966 -3.6829 0.0002
Cyclist -1 -1 -8.2497 591.7153 181.4574 638.8403 250.7439 1.4215 0.3796 1.7388 0.1548 1.4439 15.4074 -8.2382 0.0002
Pedestrian -1 -1 -6.0059 0.0000 161.0592 30.5180 227.9425 1.5663 0.6806 0.4778 -14.2411 1.1114 16.9654 -6.6931 0.0002
Pedestrian -1 -1 -4.1379 382.8552 191.6306 421.1639 268.1091 1.2295 0.4575 0.4150 -3.4079 1.4184 11.7101 -4.4120 0.0002
Pedestrian -1 -1 -4.4186 616.0416 172.3885 646.7996 247.2006 1.6324 0.5522 0.5463 0.5489 1.4557 15.7756 -4.3828 0.0001
Cyclist -1 -1 -8.1364 858.3644 157.9333 913.0384 264.4324 1.9424 0.4846 1.8215 5.4053 1.5312 13.8235 -7.7698 0.0001
Pedestrian -1 -1 -4.5966 848.3552 169.9448 880.5368 261.6119 1.7411 0.5323 0.5688 5.0211 1.5410 13.8025 -4.2535 0.0001
Cyclist -1 -1 -8.1556 545.3823 175.3055 580.8155 243.8570 1.4953 0.3630 1.5547 -1.0212 1.3824 16.2144 -8.2155 0.0001
Cyclist -1 -1 -7.9947 851.2226 166.1414 890.3210 267.0411 1.8349 0.4569 1.7087 5.0937 1.5741 13.7408 -7.6456 0.0000
