Car -1 -1 -6.7101 791.2856 183.7625 1037.9374 269.1697 1.4942 1.6791 4.0116 5.6425 1.7165 13.7942 -6.3302 0.9999
Car -1 -1 -2.5807 0.0000 173.7107 269.4569 339.4286 1.7137 1.7303 4.1698 -6.5649 1.7247 8.5046 -3.2233 0.9998
Car -1 -1 -7.9657 639.8672 182.1686 691.7216 221.3431 1.3731 1.5666 4.0090 2.0720 1.7643 28.2921 -7.8940 0.9997
Car -1 -1 -6.0132 315.3373 182.3396 472.8347 234.3372 1.4896 1.5755 4.2919 -6.4804 1.7866 21.7929 -6.2995 0.9991
Car -1 -1 -6.0381 383.8217 175.5037 501.8570 218.0506 1.6632 1.7519 4.3647 -6.7501 1.7737 29.2391 -6.2635 0.9917
Car -1 -1 -2.7036 128.5328 187.5829 382.0257 270.9936 1.4389 1.5523 3.9835 -6.5597 1.7306 13.5156 -3.1483 0.9847
Car -1 -1 -7.9782 633.1039 180.3952 675.0923 210.1888 1.4172 1.6625 4.1373 2.1951 1.8311 37.5143 -7.9208 0.9788
Car -1 -1 -2.5681 1.9249 188.3490 331.8290 294.6265 1.4666 1.6371 4.1201 -6.7168 1.7244 11.1204 -3.1013 0.9703
Car -1 -1 -6.7033 791.6078 181.7378 1038.6425 268.8685 1.5281 1.6303 4.0172 5.6270 1.7079 13.7309 -6.3228 0.9452
Car -1 -1 -2.5392 11.0508 188.8602 335.0120 294.4014 1.4481 1.6937 4.0748 -6.6816 1.7184 11.1985 -3.0671 0.9420
Car -1 -1 -5.5541 0.0000 198.0731 194.5844 374.0000 1.4653 1.6995 4.2694 -6.0991 1.7049 5.9082 -6.3329 0.9329
Car -1 -1 -6.0096 312.1903 181.8014 470.2237 233.1199 1.4725 1.5809 4.3049 -6.5737 1.7529 21.8158 -6.2994 0.8750
Car -1 -1 -2.5872 0.0000 172.1280 270.1837 340.8868 1.7354 1.7271 4.2543 -6.5828 1.7276 8.4733 -3.2327 0.8528
Car -1 -1 -6.2216 432.3280 179.3708 518.7517 212.9528 1.5322 1.6220 3.9538 -6.3834 1.8517 34.3692 -6.4043 0.8525
Car -1 -1 -2.8370 309.5419 181.5777 474.5841 232.8697 1.4694 1.6161 4.4960 -6.5454 1.7429 21.8010 -3.1258 0.8336
Car -1 -1 -2.7116 116.6607 187.4193 379.1850 270.8311 1.4303 1.4953 4.1303 -6.6559 1.7175 13.4438 -3.1640 0.8176
Car -1 -1 -2.4746 0.0000 174.6233 272.6165 334.5265 1.6986 1.7491 4.2938 -6.6357 1.7217 8.6135 -3.1164 0.8162
Car -1 -1 -2.5629 190.4863 185.5176 392.0157 254.5941 1.3996 1.5985 3.8887 -7.1193 1.7022 16.1431 -2.9727 0.8158
Car -1 -1 -7.6998 551.9064 179.9508 581.1155 200.8199 1.4221 1.5558 3.8128 -3.1563 1.9574 52.4809 -7.7600 0.8084
Car -1 -1 -7.8710 623.9559 176.8387 644.4402 197.4585 1.5268 1.5182 3.5917 1.8221 1.8454 55.9318 -7.8391 0.8001
Car -1 -1 -6.3009 427.6175 177.4715 520.1202 213.3553 1.6244 1.6479 4.2098 -6.4844 1.8510 34.2143 -6.4873 0.7939
Car -1 -1 -5.6738 0.0000 191.0349 183.2142 374.0000 1.5265 1.6802 4.2709 -6.1065 1.7011 5.7200 -6.4686 0.7902
Car -1 -1 -7.9668 632.5965 180.0500 672.8416 210.6188 1.4610 1.6324 3.9923 2.1257 1.8548 37.4839 -7.9112 0.7768
Car -1 -1 -2.4522 198.4860 185.8791 395.0401 255.2881 1.3944 1.6871 3.9163 -7.1211 1.7141 16.3648 -2.8572 0.7305
Car -1 -1 -2.8392 461.0667 183.8569 533.9564 210.4500 1.4010 1.5881 3.6817 -6.2392 2.0260 39.9446 -2.9936 0.7264
Car -1 -1 -5.5273 0.0000 207.9735 201.7182 374.0000 1.3866 1.6887 3.9529 -5.9265 1.7213 6.0348 -6.2816 0.7134
Car -1 -1 -5.5332 0.0000 193.7865 192.1274 374.0000 1.4976 1.6821 4.2113 -6.1325 1.6972 5.9974 -6.3075 0.7097
Car -1 -1 -4.6225 551.3652 179.1839 578.7111 200.1046 1.4294 1.6324 4.0866 -3.2704 1.9088 52.6152 -4.6847 0.7017
Car -1 -1 -7.9141 621.2343 176.6467 643.8920 197.0807 1.5113 1.5257 3.7544 1.6931 1.8152 55.9692 -7.8844 0.6738
Car -1 -1 -6.0914 426.8559 181.3356 522.0166 212.8234 1.4524 1.6487 4.2450 -6.4837 1.8684 34.5747 -6.2758 0.6474
Car -1 -1 -7.7663 551.1451 179.6490 576.7560 200.1611 1.4006 1.5430 3.6428 -3.3376 1.9103 52.3244 -7.8301 0.6415
Car -1 -1 -7.8402 550.5072 179.7102 572.9957 200.7288 1.4330 1.5713 3.8702 -3.5119 1.9499 52.4544 -7.9072 0.5944
Car -1 -1 -7.8354 624.6832 176.5275 645.7173 196.8906 1.5099 1.5692 3.4560 1.9490 1.8032 55.9042 -7.8012 0.5858
Car -1 -1 -6.0635 439.0289 180.4539 522.5275 212.3161 1.4706 1.6189 3.6787 -6.1980 1.8442 34.6144 -6.2398 0.5680
Car -1 -1 -7.9288 492.4727 178.2079 524.9716 205.7925 1.5935 1.6964 3.8641 -6.3271 1.9392 44.5537 -8.0695 0.5486
Car -1 -1 -4.8157 634.1033 179.7295 673.6191 210.4120 1.4647 1.6321 3.8896 2.1766 1.8388 37.3113 -4.7585 0.5128
Car -1 -1 -2.8979 455.0727 182.9056 532.1121 210.2399 1.4410 1.5998 3.9157 -6.4103 2.0073 39.7077 -3.0574 0.5023
Pedestrian -1 -1 -4.6892 1031.4869 149.3093 1054.7996 210.5807 1.8741 0.6137 0.6096 13.4540 1.1536 22.4900 -4.1561 0.4960
Car -1 -1 -2.6846 173.5799 183.4598 389.9976 253.6936 1.4411 1.5772 4.0767 -7.1937 1.6877 15.9332 -3.1029 0.4862
Pedestrian -1 -1 -4.6420 1032.1064 147.4696 1056.4965 209.8655 1.9025 0.6142 0.5762 13.4423 1.1282 22.4114 -4.1078 0.4689
Car -1 -1 -7.6178 552.3124 179.6701 585.7451 200.6485 1.4269 1.5621 3.8906 -2.9682 1.9417 52.4664 -7.6745 0.4534
Car -1 -1 -7.6644 552.5546 179.1952 583.3481 200.4799 1.4473 1.5565 3.6882 -3.0321 1.9222 52.1420 -7.7226 0.4372
Car -1 -1 -2.7705 172.9429 185.2089 387.2424 255.2201 1.4113 1.5544 3.9534 -7.1123 1.6951 15.7231 -3.1894 0.4334
Car -1 -1 -6.5214 520.8455 178.1424 573.5361 196.6397 1.4699 1.7119 4.0479 -5.2225 1.9174 59.6305 -6.6088 0.4176
Car -1 -1 -2.8940 167.4215 178.8822 383.9645 250.6966 1.4813 1.6437 4.1427 -7.4051 1.6265 16.2482 -3.3159 0.4006
Car -1 -1 -7.9524 618.6912 176.3784 644.2932 197.1213 1.5307 1.6294 3.5163 1.6001 1.8112 55.6731 -7.9243 0.3972
Car -1 -1 -4.7423 621.9323 175.7469 646.3040 197.0339 1.5566 1.7403 3.8754 1.7849 1.7855 55.2277 -4.7106 0.3722
Car -1 -1 -3.1607 469.1774 178.1788 533.5444 205.7756 1.6035 1.7222 3.7671 -6.5947 1.9331 43.5405 -3.3106 0.3074
Car -1 -1 -5.9107 430.9107 180.9376 523.8199 213.4945 1.4907 1.6274 4.0985 -6.4145 1.8938 34.8158 -6.0920 0.3071
Car -1 -1 -2.7596 459.4849 182.7584 536.3153 210.4597 1.4580 1.6582 3.8830 -6.2503 2.0255 40.1145 -2.9137 0.2984
Car -1 -1 -8.0015 487.3358 178.2678 523.2061 206.2330 1.6149 1.6738 3.5448 -6.5094 1.9620 44.3558 -8.1468 0.2825
Car -1 -1 -2.9487 476.6458 181.8293 537.9023 208.4047 1.4091 1.5482 3.0969 -5.6588 1.9131 39.6872 -3.0898 0.2575
Car -1 -1 -6.4850 521.3177 178.6471 574.5151 196.6952 1.4310 1.6460 4.1213 -5.1501 1.9192 59.4675 -6.5714 0.2090
Car -1 -1 -6.2816 0.0000 188.2472 178.9417 374.0000 1.5036 1.6929 4.4846 -6.0425 1.6649 5.3587 -7.1021 0.2062
Car -1 -1 -2.8783 476.2863 181.8237 546.6871 209.1412 1.4465 1.6751 3.5498 -5.4637 1.9560 39.9569 -3.0138 0.2021
Car -1 -1 -7.9299 519.7733 178.1064 541.3906 196.6900 1.4734 1.5334 3.3499 -6.6529 1.9230 60.0070 -8.0402 0.1373
Car -1 -1 -3.1415 495.5931 178.0654 545.0822 196.7588 1.4892 1.6756 3.9702 -7.3693 1.9239 59.1566 -3.2653 0.1342
Car -1 -1 -6.6377 519.1395 177.6281 574.3761 197.0649 1.5433 1.7737 4.2087 -5.2658 1.9501 59.8292 -6.7255 0.1248
Car -1 -1 -3.1511 459.9493 178.3720 526.0256 205.9922 1.5996 1.6802 3.8493 -7.0683 1.9401 43.4039 -3.3120 0.1217
Car -1 -1 -3.2451 463.0991 178.3510 528.6409 206.1633 1.6009 1.6250 3.7360 -6.8986 1.9402 43.3007 -3.4026 0.1217
Car -1 -1 -7.9822 519.7612 179.3385 545.0526 198.2870 1.4890 1.6029 3.9464 -6.5347 2.0491 60.2481 -8.0902 0.1042
Car -1 -1 -3.0810 503.3520 178.3636 545.4293 196.3022 1.4360 1.6157 3.3384 -7.0256 1.8948 59.2161 -3.1990 0.0782
Car -1 -1 -4.6375 545.6450 176.7310 564.7820 192.9707 1.5326 1.5946 3.8512 -5.3799 1.9239 70.9421 -4.7132 0.0750
Car -1 -1 -2.9287 497.9223 177.9777 547.4536 196.5473 1.4924 1.6093 3.8017 -7.2048 1.9216 59.5037 -3.0491 0.0749
Car -1 -1 -3.0274 458.0972 177.5341 525.7850 206.2369 1.6853 1.7575 3.8662 -7.1321 1.9744 43.6496 -3.1889 0.0742
Car -1 -1 -8.0765 437.9578 173.2164 493.7462 214.3324 1.7518 1.6706 3.8826 -6.6685 1.7691 32.8922 -8.2754 0.0721
Car -1 -1 -4.3900 545.0834 176.6047 573.1572 192.8568 1.5278 1.6044 3.8845 -4.9837 1.9067 70.8711 -4.4603 0.0720
Car -1 -1 -5.9492 320.6490 177.4457 434.9922 223.7665 1.5373 1.4340 3.4721 -7.9930 1.7001 24.8591 -6.2577 0.0709
Car -1 -1 -8.0014 516.4343 179.3345 542.9537 198.5549 1.5085 1.6169 4.0612 -6.7647 2.0689 60.2622 -8.1131 0.0697
Car -1 -1 -7.9572 522.6350 178.6384 545.5342 197.4878 1.4907 1.5359 3.5452 -6.3757 1.9876 60.1186 -8.0628 0.0691
Car -1 -1 -4.9491 538.9459 176.7916 564.7374 193.0811 1.5282 1.6167 4.0541 -5.7654 1.9268 70.9227 -5.0303 0.0684
Car -1 -1 -3.1955 489.5037 176.6493 544.6469 195.9772 1.5325 1.7752 4.3799 -7.6400 1.8491 58.9788 -3.3241 0.0580
Car -1 -1 -8.1866 428.9757 173.8506 493.6765 214.8044 1.7402 1.6958 3.9127 -6.8721 1.7882 32.8762 -8.3915 0.0559
Car -1 -1 -2.9760 493.7924 177.6522 545.5254 196.4801 1.5134 1.7043 4.0009 -7.4364 1.9143 59.4067 -3.1004 0.0387
Cyclist -1 -1 -2.7874 498.7673 177.0320 532.9198 209.2563 1.7179 0.7734 1.6746 -5.1457 1.9477 39.1741 -2.9177 0.0367
Car -1 -1 -5.8998 309.3816 178.1118 437.4203 225.4323 1.5674 1.5709 3.9169 -8.1947 1.7561 25.0228 -6.2136 0.0341
Car -1 -1 -2.7617 340.8297 178.8784 479.1138 226.8433 1.5583 1.6452 4.2685 -6.8565 1.7736 24.7632 -3.0296 0.0286
Car -1 -1 -7.9847 451.3405 179.5950 491.8449 209.0541 1.4378 1.6466 3.5173 -7.3729 1.8108 38.0267 -8.1754 0.0280
Car -1 -1 -5.0959 460.1417 180.6357 522.1480 213.8880 1.4859 1.5514 4.1654 -5.9382 1.8914 35.4452 -5.2612 0.0272
Car -1 -1 -3.4005 413.7418 170.7085 514.9030 213.6899 1.7967 1.7477 4.0645 -6.4639 1.7067 31.8439 -3.5996 0.0244
Car -1 -1 -8.0667 508.4786 181.8866 545.6487 206.7177 1.4767 1.5568 4.0706 -5.4413 2.0879 46.6706 -8.1826 0.0216
Car -1 -1 -7.8330 499.7990 182.9059 527.8505 209.7433 1.3932 1.4932 3.4074 -5.4095 1.9827 40.5622 -7.9652 0.0196
Car -1 -1 -3.4767 392.9228 170.1930 504.6726 214.7520 1.8261 1.8348 4.4049 -7.0531 1.7167 31.5086 -3.6955 0.0185
Car -1 -1 -8.1166 447.1270 180.8454 493.3180 210.4306 1.4277 1.5606 3.2863 -7.3634 1.8642 37.6206 -8.3090 0.0185
Car -1 -1 -7.6902 501.3842 182.4544 538.1651 209.7067 1.4191 1.5070 3.4750 -5.0685 1.9822 40.5820 -7.8142 0.0177
Car -1 -1 -8.1928 424.9391 171.9958 493.1161 211.6264 1.6860 1.8309 3.9247 -6.9718 1.6492 32.8481 -8.4008 0.0174
Car -1 -1 -5.2333 451.1648 180.1598 526.9063 214.3106 1.5302 1.6659 4.4770 -6.0639 1.9128 35.5541 -5.4015 0.0173
Car -1 -1 -2.6841 323.5872 179.6563 446.8129 228.3952 1.5851 1.6856 3.6970 -7.7592 1.8301 24.9022 -2.9836 0.0169
Car -1 -1 -5.0169 466.4754 179.5778 525.9529 214.0398 1.5497 1.6238 4.5067 -5.7466 1.9047 35.7527 -5.1756 0.0153
Car -1 -1 -4.4738 517.9742 180.6418 553.4014 205.9902 1.5699 1.4500 3.9662 -4.9324 2.1101 48.0174 -4.5761 0.0128
Car -1 -1 -3.1841 456.7993 178.4253 526.8082 207.3867 1.6676 1.6587 4.0673 -7.1364 2.0107 43.2448 -3.3471 0.0126
Car -1 -1 -4.8635 515.6234 182.0886 547.6097 206.4214 1.4659 1.5247 3.6906 -5.1690 2.0918 46.9502 -4.9730 0.0117
Car -1 -1 -4.8180 523.6544 181.2172 551.5004 204.3986 1.3940 1.4137 3.6083 -4.7503 1.9569 46.6794 -4.9193 0.0085
Car -1 -1 -4.7068 523.4833 182.1444 546.1284 205.8941 1.4358 1.4106 3.6985 -4.9246 2.0656 47.0260 -4.8111 0.0058
Car -1 -1 -6.5644 440.5399 174.6365 522.4236 215.4849 1.7251 1.5010 3.2871 -5.7383 1.8073 31.9941 -6.7409 0.0052
Car -1 -1 -4.7818 482.1865 179.6454 521.7598 213.2239 1.5117 1.6236 4.4861 -5.4562 1.8706 35.8058 -4.9325 0.0051
Car -1 -1 -4.6971 526.5879 180.9774 549.0419 205.9397 1.5164 1.4027 4.1991 -4.7414 2.0737 47.3822 -4.7967 0.0038
Pedestrian -1 -1 -5.4252 339.5295 165.6218 352.1120 188.2044 1.9186 0.7501 0.6799 -22.6476 1.3038 61.7934 -5.7754 0.0010
Pedestrian -1 -1 -5.3138 340.3650 166.6332 351.9607 188.6789 1.8783 0.7503 0.5594 -22.6738 1.3480 61.9445 -5.6635 0.0004
Pedestrian -1 -1 -5.5106 341.8484 169.0394 353.2003 188.7283 1.6736 0.7202 0.5737 -22.4963 1.3491 61.7791 -5.8586 0.0003
