Car -1 -1 -7.6937 478.6118 187.1850 571.0756 252.5454 1.3512 1.6096 4.3588 -2.0507 1.7545 18.1035 -7.8058 0.9998
Car -1 -1 -7.9290 683.8177 175.6997 727.4511 212.9362 1.4999 1.5551 4.2261 4.0728 1.6325 31.5426 -7.8023 0.9992
Car -1 -1 -7.7670 534.4321 179.8468 588.7683 224.2576 1.4823 1.6568 4.2267 -1.7702 1.7632 26.8848 -7.8328 0.9989
Car -1 -1 -8.5571 935.2018 180.5955 1241.0000 374.0000 1.4239 1.5752 4.0590 3.3053 1.4847 3.6571 -7.8620 0.9638
Car -1 -1 -8.0003 707.1048 175.1189 792.1938 241.1714 1.5565 1.6124 3.9335 3.5349 1.6225 19.1317 -7.8212 0.9551
Car -1 -1 -7.9003 665.9522 175.7132 692.3096 198.4937 1.4616 1.5778 4.0980 4.6149 1.6634 48.9011 -7.8072 0.8363
Car -1 -1 -5.4528 942.6571 181.3822 1241.0000 374.0000 1.4917 1.6506 4.1761 3.3613 1.5574 3.4845 -4.7275 0.8339
Car -1 -1 -7.7844 535.6634 179.8575 588.5107 223.9467 1.4753 1.6746 4.3002 -1.7588 1.7578 26.9819 -7.8495 0.8233
Car -1 -1 -7.9497 682.1277 174.5843 731.0558 212.9170 1.5523 1.6928 4.3370 4.1145 1.6331 31.6113 -7.8220 0.8232
Car -1 -1 -7.7403 533.8113 179.6828 590.7229 224.4207 1.4901 1.6442 4.1782 -1.7386 1.7636 26.8082 -7.8051 0.8078
Car -1 -1 -4.5953 534.2642 179.8376 589.9392 224.1295 1.4785 1.6226 3.7156 -1.7406 1.7539 26.5816 -4.6607 0.8034
Car -1 -1 -7.9770 680.7375 175.0983 727.8589 212.2746 1.5060 1.5550 3.8094 3.9939 1.6092 31.3651 -7.8521 0.7978
Pedestrian -1 -1 -4.4897 861.6935 147.2752 921.7819 286.5566 1.8409 0.6774 0.5274 3.8277 1.5025 9.9427 -4.1330 0.7902
Car -1 -1 -7.9995 705.5058 174.7139 789.7072 241.9196 1.5828 1.5920 3.9049 3.4728 1.6368 19.0793 -7.8230 0.7716
Car -1 -1 -7.9614 682.4210 174.3931 730.3723 212.5495 1.5439 1.6230 4.0245 4.0828 1.6148 31.3863 -7.8338 0.7230
Car -1 -1 -7.8455 669.0592 175.6737 693.4061 198.6095 1.4704 1.5734 4.0720 4.8053 1.6693 48.8824 -7.7485 0.6974
Pedestrian -1 -1 -4.6364 863.4852 147.0878 917.8165 285.3873 1.8435 0.6710 0.5258 3.8362 1.4998 9.9972 -4.2808 0.6926
Car -1 -1 -7.9727 660.5385 175.7094 691.1003 199.0043 1.4929 1.5839 3.9847 4.3729 1.6935 48.7496 -7.8842 0.6734
Car -1 -1 -7.9318 662.6613 175.7310 690.9737 199.0414 1.4968 1.5825 4.1331 4.4571 1.6998 48.9190 -7.8419 0.6321
Car -1 -1 -7.9968 707.6083 171.5972 804.9289 245.0161 1.6710 1.7929 4.4522 3.5844 1.6421 18.6850 -7.8110 0.6176
Car -1 -1 -7.9978 707.5322 174.9243 795.3658 240.3862 1.5570 1.6973 4.0742 3.6191 1.6182 19.3598 -7.8165 0.5903
Car -1 -1 -4.8888 704.7983 169.3366 809.3969 246.9946 1.7263 1.7340 4.7977 3.5352 1.6478 18.4461 -4.7032 0.5488
Car -1 -1 -4.7795 664.7338 175.2189 692.6213 197.4911 1.4518 1.6214 4.1272 4.6448 1.6207 49.5577 -4.6870 0.4964
Car -1 -1 -7.8853 668.3383 176.1305 693.7212 199.3875 1.4811 1.5706 3.4755 4.6845 1.7079 48.2370 -7.7895 0.3633
Car -1 -1 -7.7386 669.6182 174.9011 700.1894 198.0324 1.4833 1.5962 4.1660 5.0801 1.6279 48.8671 -7.6360 0.3381
Pedestrian -1 -1 -3.7367 896.4974 162.8809 934.6953 248.8727 1.7166 0.5064 0.5208 6.1695 1.5172 14.7044 -3.3473 0.3050
Car -1 -1 -8.0173 655.5598 175.8843 689.6511 199.8165 1.5318 1.6243 4.2239 4.1625 1.7460 48.9012 -7.9333 0.2724
Pedestrian -1 -1 -3.4556 938.4525 145.3757 982.7414 251.9873 1.7687 0.4650 0.5550 5.8825 1.3125 12.2356 -3.0174 0.2531
Pedestrian -1 -1 -4.2859 868.5740 145.0697 929.5059 283.9969 1.8607 0.6305 0.5301 3.9781 1.4883 10.0744 -3.9206 0.2396
Pedestrian -1 -1 -3.8371 890.0302 161.9147 930.8840 248.8415 1.7297 0.4940 0.5872 6.0568 1.5117 14.6828 -3.4536 0.2355
Pedestrian -1 -1 -3.3725 579.8672 172.4502 593.5815 198.6049 1.8303 0.5456 0.8639 -1.6735 1.8017 50.8690 -3.4057 0.2353
Pedestrian -1 -1 -5.0363 901.9987 153.8021 926.0309 207.4226 1.8734 0.6055 0.6515 10.7150 1.2075 25.5549 -4.6437 0.1398
Pedestrian -1 -1 -3.7276 895.3034 164.3829 933.1757 249.5275 1.7102 0.5042 0.5220 6.1786 1.5398 14.7915 -3.3397 0.1358
Pedestrian -1 -1 -5.0048 899.2240 153.1769 923.1625 206.9205 1.8840 0.6007 0.7196 10.6671 1.1939 25.6809 -4.6155 0.1128
Pedestrian -1 -1 -5.9414 571.8860 170.3083 586.4202 198.2596 1.8743 0.5093 0.8605 -2.1155 1.7033 48.7527 -5.9850 0.1123
Car -1 -1 -7.7222 672.6021 175.5639 703.8392 198.5327 1.4672 1.5935 3.9752 5.2858 1.6578 48.7095 -7.6151 0.0830
Car -1 -1 -2.8209 142.3620 190.9770 387.5830 273.4863 1.3841 1.4391 3.8648 -6.3244 1.7449 13.4439 -3.2535 0.0762
Pedestrian -1 -1 -3.8309 906.3271 155.6283 933.3997 207.5067 1.8059 0.6022 0.6421 10.8997 1.2060 25.4977 -3.4314 0.0632
Car -1 -1 -7.6669 264.9841 189.0688 389.6106 271.8877 1.3768 1.6397 4.0284 -5.7280 1.7603 14.9525 -8.0275 0.0496
Pedestrian -1 -1 -6.8101 903.2711 154.2597 932.0267 207.8811 1.8496 0.6572 0.6870 10.7173 1.2079 25.2583 -6.4133 0.0448
Pedestrian -1 -1 -4.8603 764.0809 190.4118 790.7746 270.1994 1.2730 0.3670 0.3995 2.6831 1.5654 11.8168 -4.6434 0.0428
Pedestrian -1 -1 -2.8664 891.9235 150.3208 921.6472 206.1056 1.9321 0.6779 0.8211 10.4464 1.1513 25.5094 -2.4821 0.0406
Car -1 -1 -2.6772 145.4918 191.2944 393.1381 273.2416 1.4141 1.5372 3.9789 -6.3849 1.7844 13.6632 -3.1075 0.0392
Pedestrian -1 -1 -3.7121 886.2807 163.6372 922.2338 248.6944 1.7201 0.4925 0.4977 6.0110 1.5334 14.8814 -3.3358 0.0296
Cyclist -1 -1 -6.1969 882.6658 150.8163 936.8965 206.1610 1.9212 0.5887 1.7425 10.6288 1.1559 25.7063 -5.8092 0.0247
Pedestrian -1 -1 -4.1502 238.0125 212.5129 276.8769 295.8075 1.1489 0.3369 0.4066 -5.1244 1.7314 10.3835 -4.5992 0.0235
Pedestrian -1 -1 -4.2072 889.3254 154.5316 930.2935 241.6493 1.8907 0.6076 0.6513 6.6369 1.4928 16.1009 -3.8233 0.0209
Car -1 -1 -7.6046 270.9521 189.1357 407.2662 271.7801 1.3768 1.6254 4.2035 -5.4964 1.7649 15.0448 -7.9498 0.0142
Car -1 -1 -4.1854 160.2723 180.4044 319.1033 256.8288 1.5310 1.6362 3.6328 -8.4240 1.7249 16.6897 -4.6469 0.0130
Cyclist -1 -1 -3.1409 886.5494 151.1677 941.1001 208.0844 1.9652 0.5851 1.7590 10.6845 1.2161 25.5197 -2.7488 0.0127
Car -1 -1 -2.3503 180.3888 186.4579 409.8989 275.3485 1.5060 1.6753 4.2319 -6.2833 1.8043 14.2716 -2.7587 0.0121
Car -1 -1 -4.8614 664.0860 176.5743 701.3237 202.9507 1.4974 1.6437 4.0373 4.3069 1.7325 43.6002 -4.7641 0.0097
Pedestrian -1 -1 -3.8514 219.4606 209.8673 262.7900 298.7734 1.2024 0.3704 0.4032 -5.2825 1.7401 10.2303 -4.3181 0.0091
Car -1 -1 -4.5013 693.9378 167.7450 720.3051 185.5264 1.6623 1.6924 4.1718 9.3933 1.1844 69.7028 -4.3682 0.0085
Car -1 -1 -7.7480 691.4137 168.4587 713.9835 186.5990 1.7011 1.7252 4.3556 9.0014 1.2887 69.9820 -7.6209 0.0075
Pedestrian -1 -1 -4.6065 897.5983 153.8479 929.6785 242.3269 1.8968 0.5892 0.6851 6.6463 1.4891 15.9097 -4.2180 0.0072
Car -1 -1 -4.8725 669.8359 176.6023 706.8151 202.2313 1.4554 1.6063 3.8842 4.6422 1.6916 43.5388 -4.7675 0.0061
Car -1 -1 -7.7774 688.3374 169.1366 709.2988 186.1975 1.6008 1.7020 4.2501 8.6193 1.2517 69.9534 -7.6556 0.0061
Pedestrian -1 -1 -4.1303 231.8944 208.4119 276.2669 294.5067 1.1725 0.3850 0.4445 -5.1182 1.6907 10.2747 -4.5828 0.0060
Car -1 -1 -8.0138 663.7153 172.7719 700.8623 199.6241 1.6436 1.7053 4.2500 4.5555 1.6383 46.3387 -7.9168 0.0059
Pedestrian -1 -1 -4.7246 915.5133 148.9217 949.1097 243.3130 2.0161 0.6585 0.5488 6.9926 1.5046 15.7914 -4.3152 0.0057
Cyclist -1 -1 -3.3794 887.3002 153.2271 942.7494 208.7401 1.9289 0.6101 1.7080 10.7190 1.2467 25.5055 -2.9860 0.0055
Car -1 -1 -4.7042 641.5340 175.6285 669.2674 202.5266 1.4666 1.5272 3.9452 2.6032 1.6347 41.7794 -4.6429 0.0052
Car -1 -1 -4.9295 633.9055 173.8470 673.7361 199.3749 1.4543 1.5650 3.9334 2.5457 1.5164 43.3309 -4.8716 0.0050
Car -1 -1 -7.8911 686.1869 168.9275 705.4209 186.0514 1.6069 1.6849 4.2458 8.2628 1.2381 69.8918 -7.7742 0.0045
Car -1 -1 -4.9229 683.3677 174.3537 724.8879 200.0602 1.4275 1.6165 3.9259 5.4313 1.5194 42.3285 -4.7965 0.0043
Car -1 -1 -4.9753 641.6204 173.4842 684.5052 199.4304 1.4487 1.5221 3.9865 3.0349 1.4874 42.4920 -4.9050 0.0043
Cyclist -1 -1 -8.2076 882.7820 155.6149 942.6857 247.0035 1.9044 0.5317 2.0472 6.6460 1.5448 16.0670 -7.8226 0.0041
Car -1 -1 -4.9605 649.9604 173.1638 695.5511 200.5282 1.4909 1.5945 4.3125 3.5201 1.5094 41.6197 -4.8771 0.0040
Car -1 -1 -5.7211 178.0376 181.3866 368.6873 248.4980 1.4603 1.6352 3.7952 -7.9232 1.6739 17.0300 -6.1510 0.0040
Car -1 -1 -4.9100 1054.8723 175.4556 1164.1553 234.2028 1.2499 1.4453 3.5839 11.8858 1.3195 17.4545 -4.3203 0.0037
Car -1 -1 -7.1512 193.9607 179.7110 364.8547 250.1321 1.4798 1.7586 3.7644 -7.9375 1.6664 17.6149 -7.5694 0.0033
Car -1 -1 -4.0246 187.1925 165.8865 311.9484 220.1127 1.5727 1.6002 3.6056 -11.3342 1.3703 22.8651 -4.4804 0.0029
Cyclist -1 -1 -7.8616 928.4970 166.6195 952.3286 239.2725 1.7397 0.5139 1.9287 8.2963 1.5901 18.2641 -7.4419 0.0028
Car -1 -1 -5.8622 173.5223 175.9336 373.5872 244.4029 1.5457 1.8134 3.9497 -7.9865 1.6231 17.2904 -6.2894 0.0026
Car -1 -1 -4.5628 237.8601 169.4646 320.1069 227.0710 1.6366 1.7375 4.0978 -10.3393 1.5400 22.7062 -4.9860 0.0025
Cyclist -1 -1 -7.9419 920.6490 167.7756 949.8566 236.5466 1.6858 0.5186 1.7363 8.3122 1.5610 18.5930 -7.5280 0.0023
Cyclist -1 -1 -8.2585 898.7158 167.3958 954.4388 239.5520 1.7315 0.5270 2.0141 7.9488 1.6002 18.3214 -7.8557 0.0022
Cyclist -1 -1 -8.8479 874.1084 149.0706 933.0789 207.1534 1.9924 0.6303 1.9073 10.3915 1.1763 25.7123 -8.4681 0.0020
Car -1 -1 -4.7586 1075.4120 172.8950 1160.5919 232.7954 1.2991 1.4782 3.6223 12.2127 1.2999 17.5810 -4.1596 0.0020
Cyclist -1 -1 -8.2374 903.8492 161.5986 965.6655 253.4693 1.8827 0.4937 2.0157 7.0156 1.6517 15.8004 -7.8272 0.0020
Cyclist -1 -1 -3.6858 873.3732 163.4379 957.6836 251.5441 1.7544 0.4489 1.5843 6.1706 1.5666 14.7118 -3.2965 0.0016
Pedestrian -1 -1 -4.0122 900.5631 162.0384 937.1179 236.9164 1.8871 0.6640 0.5567 7.9094 1.6142 18.6073 -3.6167 0.0015
Pedestrian -1 -1 -6.4745 1085.8823 113.9519 1153.0803 305.6541 1.8251 0.5515 0.4394 5.0165 1.2640 7.2087 -5.8858 0.0014
Cyclist -1 -1 -5.3106 890.5838 153.7904 937.9874 209.9787 1.9104 0.6279 1.8019 10.6711 1.2619 25.4781 -4.9184 0.0014
Pedestrian -1 -1 -3.3480 1088.3657 115.7346 1150.2400 317.3797 1.8947 0.5416 0.3826 4.9415 1.3577 7.1023 -2.7599 0.0012
Car -1 -1 -4.2813 1037.7509 172.6406 1180.7979 230.7378 1.2967 1.5335 3.6294 12.2238 1.2917 17.6994 -3.6850 0.0012
Pedestrian -1 -1 -4.3118 290.4942 202.5471 319.1454 279.3951 1.2263 0.3199 0.3525 -5.0541 1.7200 11.8277 -4.7082 0.0011
Pedestrian -1 -1 -3.2499 1071.3612 128.3205 1139.5089 320.4787 1.7916 0.5044 0.4860 4.7754 1.3761 7.0620 -2.6751 0.0011
Car -1 -1 -4.5665 241.5893 166.5655 317.8999 219.1266 1.5427 1.6883 3.7291 -10.5609 1.3579 23.2024 -4.9896 0.0009
Pedestrian -1 -1 -3.8121 907.7287 157.6581 940.8398 231.7335 1.9084 0.6691 0.4855 8.2089 1.5166 18.9758 -3.4100 0.0008
Pedestrian -1 -1 -3.6941 912.0754 159.2850 947.5955 232.1147 1.8427 0.6957 0.5530 8.2041 1.4991 18.6396 -3.2858 0.0005
Cyclist -1 -1 -5.4362 889.0267 151.5499 935.4189 209.0117 1.9706 0.6165 1.5856 10.6530 1.2397 25.5942 -5.0462 0.0003
Car -1 -1 -5.1460 1059.6500 167.5028 1211.7911 228.8880 1.3459 1.6174 3.5874 12.6652 1.2283 17.7294 -4.5338 0.0003
Car -1 -1 -6.6955 684.6390 172.3409 791.9324 211.9987 1.6131 1.7418 4.1420 5.3867 1.5919 30.6885 -6.5240 0.0002
Car -1 -1 -6.3933 690.6467 174.3607 802.2414 212.6931 1.5462 1.6948 4.4190 5.5867 1.6110 30.1842 -6.2126 0.0001
Car -1 -1 -6.5066 688.6470 173.1884 796.8236 211.8994 1.5838 1.6882 4.2204 5.5078 1.5981 30.4799 -6.3301 0.0001
Pedestrian -1 -1 -7.7082 669.5234 175.5385 685.0292 200.9636 1.6383 0.9510 0.4332 4.3390 1.8137 46.8843 -7.6170 0.0000
Pedestrian -1 -1 -7.8580 673.9516 175.4794 688.0103 201.1951 1.6604 0.9053 0.4951 4.5818 1.8320 46.9358 -7.7617 0.0000
Pedestrian -1 -1 -7.8590 673.4835 175.3642 688.1255 201.1084 1.6703 0.9475 0.5177 4.5935 1.8352 47.1743 -7.7630 0.0000
