Pedestrian -1 -1 -4.8538 758.8055 169.6055 778.6539 218.6014 1.7921 0.6097 0.8008 5.8467 1.6730 26.8118 -4.6420 0.8873
Pedestrian -1 -1 -5.6217 903.2050 163.1695 937.7382 229.3396 1.7249 0.6155 0.5928 8.2165 1.4722 19.2184 -5.2238 0.7028
Pedestrian -1 -1 -8.9877 906.9341 162.7225 942.1641 228.6797 1.7030 0.5925 0.6679 8.2646 1.4411 19.0768 -8.5850 0.6856
Cyclist -1 -1 -8.1617 682.3106 171.1405 703.2906 206.3314 1.8490 0.6148 1.7527 4.4059 1.7587 38.8301 -8.0501 0.3869
Pedestrian -1 -1 -8.1313 682.6816 170.4911 701.7031 205.6001 1.8632 0.7234 1.1725 4.3894 1.7375 38.9298 -8.0204 0.3606
Pedestrian -1 -1 -8.2029 682.4891 170.0328 702.8533 205.6959 1.8850 0.7112 1.2200 4.4014 1.7356 38.8132 -8.0913 0.3563
Pedestrian -1 -1 -6.0259 733.5711 171.9326 746.7727 196.3870 1.8359 0.5008 0.8850 9.8184 1.7664 54.5810 -5.8493 0.2082
Pedestrian -1 -1 -6.0893 733.3099 171.4773 746.0666 196.4103 1.8769 0.4742 0.8775 9.8029 1.7730 54.6966 -5.9133 0.1989
Pedestrian -1 -1 -6.5050 698.9227 175.2364 709.3318 194.6131 1.7661 0.4353 0.8704 8.5982 1.9849 66.0872 -6.3766 0.0823
Pedestrian -1 -1 -7.3626 747.2195 171.0043 762.4056 200.6056 1.7457 0.6893 0.5936 8.5941 1.6363 42.9991 -7.1671 0.0782
Pedestrian -1 -1 -8.2805 748.3857 169.8741 763.8989 200.4830 1.8037 0.7063 0.6285 8.6518 1.6278 42.9055 -8.0833 0.0693
Car -1 -1 -4.6685 710.8929 175.7736 731.3369 195.7918 1.6520 1.5765 4.0024 9.5920 1.9122 62.2772 -4.5168 0.0648
Cyclist -1 -1 -7.9407 677.4892 174.8450 686.7146 198.7759 1.7674 0.5289 1.8571 5.3987 1.9197 54.3748 -7.8427 0.0570
Cyclist -1 -1 -5.5239 891.0753 162.3884 949.6759 229.5648 1.7202 0.5258 1.4728 8.2100 1.4519 19.2568 -5.1270 0.0532
Cyclist -1 -1 -7.9580 676.6625 174.8987 687.2591 198.9101 1.7647 0.6015 1.8140 5.3589 1.9202 54.0913 -7.8602 0.0504
Car -1 -1 -4.2036 712.3922 176.6031 753.8401 194.5589 1.4631 1.6421 4.2580 10.5665 1.7956 61.8762 -4.0357 0.0384
Car -1 -1 -4.6233 713.2938 176.1523 735.8215 195.1550 1.5608 1.5720 4.0072 9.8691 1.8543 62.1401 -4.4669 0.0368
Car -1 -1 -4.3581 711.5059 176.2845 745.9528 194.8161 1.5142 1.5931 4.1189 10.2025 1.8188 61.9473 -4.1960 0.0359
Car -1 -1 -4.6781 712.3774 176.2761 733.3115 196.0041 1.6210 1.6476 4.2829 9.7519 1.9270 62.3277 -4.5240 0.0272
Pedestrian -1 -1 -3.2341 723.5085 172.8610 731.7126 192.3158 1.7902 0.4489 0.7086 10.8398 1.7905 66.6419 -3.0740 0.0230
Car -1 -1 -4.4781 711.7286 175.9261 740.8933 194.1815 1.4902 1.5942 3.9584 9.9606 1.7619 61.7517 -4.3193 0.0226
Car -1 -1 -4.5540 719.8489 176.5525 755.4203 205.5639 1.5850 1.4793 3.6868 7.4141 1.8097 41.9103 -4.3806 0.0214
Car -1 -1 -4.8486 704.7913 175.5345 728.7331 195.1530 1.6245 1.5317 3.7841 9.1422 1.8622 62.1631 -4.7036 0.0213
Cyclist -1 -1 -8.1701 671.3359 174.9277 686.5844 198.9536 1.7630 0.5856 1.8581 5.1312 1.9210 54.0857 -8.0764 0.0184
Car -1 -1 -4.8527 713.0089 173.7306 741.6648 194.0818 1.6712 1.8271 4.2440 9.9464 1.7483 61.5754 -4.6937 0.0179
Pedestrian -1 -1 -2.8630 722.6033 172.3345 731.8790 192.4048 1.8471 0.4712 0.7470 10.8295 1.7990 66.7774 -2.7033 0.0174
Car -1 -1 -4.7518 1182.4738 187.5206 1220.9938 213.3608 1.5082 1.7478 4.1019 38.2390 2.5020 46.7387 -4.0697 0.0159
Car -1 -1 -4.8991 1168.5677 186.9732 1216.6019 213.7908 1.5803 1.6909 4.0586 37.8515 2.5427 47.0112 -4.2248 0.0154
Pedestrian -1 -1 -3.1289 724.9996 173.5720 732.6042 192.0808 1.7021 0.4313 0.6884 10.9528 1.7684 66.6469 -2.9671 0.0132
Car -1 -1 -5.1618 1148.8677 184.8385 1219.4639 211.0645 1.5596 1.8400 4.5107 37.6509 2.3882 47.5041 -4.4951 0.0128
Car -1 -1 -4.7899 1175.4559 186.4138 1217.2889 213.4409 1.5870 1.7595 4.3342 38.0520 2.5119 46.9462 -4.1123 0.0120
Car -1 -1 -8.4032 1068.4364 162.9135 1134.9829 198.6765 2.6008 1.9623 4.7782 37.2741 1.8776 54.9028 -7.8096 0.0108
Car -1 -1 -7.5224 666.5065 175.3818 704.8199 197.2922 1.5972 1.5880 4.3990 5.8321 1.7994 55.4653 -7.4186 0.0105
Cyclist -1 -1 -7.6260 680.4250 174.9554 694.6697 198.8624 1.7623 0.6468 1.9515 5.8253 1.9234 54.3959 -7.5203 0.0103
Car -1 -1 -6.6113 1240.5955 150.2813 1241.0000 374.0000 1.6090 1.6349 4.1801 7.1582 1.5117 4.9638 -5.6747 0.0102
Pedestrian -1 -1 -7.9003 677.8254 174.5211 686.9820 198.7762 1.7954 0.6353 0.9674 5.3841 1.9210 53.9777 -7.8019 0.0099
Car -1 -1 -4.3742 1174.1449 189.5859 1232.9460 215.4286 1.5237 1.7142 4.0079 38.3273 2.6456 46.6176 -3.6898 0.0098
Car -1 -1 -4.6246 1171.8668 188.1264 1214.2800 215.5614 1.6082 1.7842 4.4085 37.9476 2.6488 46.9651 -3.9486 0.0091
Car -1 -1 -5.1126 1157.1952 188.1366 1217.4895 213.8610 1.5131 1.6362 3.9765 37.5726 2.5558 47.1098 -4.4429 0.0086
Pedestrian -1 -1 -3.0514 723.8454 173.2118 732.4312 192.3510 1.7624 0.4618 0.7462 10.9117 1.7954 66.7698 -2.8905 0.0086
Car -1 -1 -6.8939 1203.3494 156.0317 1241.0000 374.0000 1.6084 1.7103 4.1605 7.3029 1.5152 5.4100 -5.9869 0.0083
Car -1 -1 -4.4601 1172.8483 187.9922 1225.0452 214.5850 1.5751 1.7070 3.9162 38.1002 2.5934 46.6977 -3.7794 0.0079
Car -1 -1 -4.9009 1163.8132 185.1902 1213.5258 212.2232 1.5979 1.6971 4.5313 37.7706 2.4463 47.2405 -4.2299 0.0076
Car -1 -1 -7.1193 1187.6151 158.0416 1241.0000 374.0000 1.5762 1.7317 4.1968 7.4053 1.4767 5.7927 -6.2371 0.0075
Car -1 -1 -5.6084 1209.1895 180.9582 1241.0000 374.0000 1.4553 1.6791 3.9927 6.2111 1.5287 4.5590 -4.7016 0.0074
Pedestrian -1 -1 -7.4455 1105.8131 156.8317 1131.7036 209.5198 2.0445 0.7045 0.4727 19.9927 1.4225 28.4223 -6.8377 0.0066
Car -1 -1 -7.3105 1165.2880 147.4525 1241.0000 374.0000 1.5959 1.7403 4.6319 7.4504 1.4237 6.1311 -6.4519 0.0064
Car -1 -1 -4.1254 1170.1130 189.6722 1241.0000 214.7552 1.4952 1.7202 4.0364 38.2831 2.6074 46.3172 -3.4383 0.0061
Car -1 -1 -8.3343 655.2249 175.1106 700.5300 197.7102 1.6498 1.5992 4.4168 5.1370 1.8303 55.4875 -8.2429 0.0060
Cyclist -1 -1 -8.2042 670.7801 174.7559 687.0150 199.0700 1.7783 0.6385 1.7575 5.1039 1.9224 53.8483 -8.1107 0.0060
Car -1 -1 -4.7375 1172.1072 184.0415 1212.8466 211.0890 1.5927 1.9215 4.9615 37.9649 2.3632 47.1594 -4.0632 0.0059
Pedestrian -1 -1 -7.5879 1104.0720 162.2922 1126.9111 207.6281 1.7729 0.6505 0.4392 19.9943 1.3595 28.6060 -6.9830 0.0054
Car -1 -1 -5.2391 1148.1559 187.5567 1215.6929 214.3042 1.5854 1.6578 3.9999 37.2537 2.5888 47.1649 -4.5742 0.0053
Cyclist -1 -1 -7.5988 679.9286 174.3554 695.9631 198.7288 1.7917 0.7355 1.9383 5.8353 1.9064 54.2063 -7.4926 0.0049
Car -1 -1 -4.8543 427.0406 180.9881 450.6508 199.3390 1.5754 1.5540 3.9514 -15.6911 2.3425 65.9497 -5.0874 0.0048
Car -1 -1 -4.4383 343.8681 182.7861 389.0369 209.3742 1.4839 1.6004 3.8716 -14.7297 2.1125 43.7164 -4.7618 0.0046
Car -1 -1 -7.5015 1182.1036 164.1326 1241.0000 374.0000 1.5444 1.7128 4.0164 7.1066 1.4873 6.2619 -6.6766 0.0045
Car -1 -1 -5.0394 1157.1758 186.4438 1211.0159 213.1387 1.5962 1.6840 3.5442 37.3540 2.5194 47.0809 -4.3723 0.0044
Car -1 -1 -7.5153 1168.4862 143.2520 1241.0000 374.0000 1.5786 1.7683 4.5222 7.3241 1.3822 6.4914 -6.6923 0.0042
Car -1 -1 -4.6892 432.2834 181.2647 450.5263 199.2745 1.5483 1.5357 3.9481 -15.4341 2.3426 66.0730 -4.9181 0.0041
Car -1 -1 -5.1384 643.4940 177.0712 676.9257 192.8283 1.3964 1.6437 3.8763 4.6177 1.8010 67.1713 -5.0704 0.0037
Car -1 -1 -5.6999 1241.0000 131.8680 1241.0000 374.0000 1.4738 1.6975 4.0321 7.4700 1.3092 4.9296 -4.7397 0.0033
Car -1 -1 -5.1254 640.6211 177.2137 672.9137 193.4396 1.4388 1.6266 3.7410 4.2955 1.8562 67.1088 -5.0621 0.0033
Car -1 -1 -4.2131 430.7141 181.2611 467.7095 199.7064 1.5860 1.5908 3.9951 -14.7148 2.3811 66.1303 -4.4316 0.0032
Car -1 -1 -5.3692 1140.6797 187.1524 1214.4144 213.4846 1.5689 1.6796 4.0053 36.9706 2.5432 47.1745 -4.7081 0.0031
Car -1 -1 -4.7655 1209.6829 172.4280 1241.0000 195.0703 1.4612 1.6755 3.9414 41.5897 1.4334 48.6383 -4.0613 0.0030
Car -1 -1 -4.7582 1200.5905 172.9650 1236.3563 195.3002 1.4656 1.6766 3.9402 41.6111 1.4732 49.4420 -4.0618 0.0030
Car -1 -1 -4.7611 1205.0237 172.9359 1241.0000 195.4145 1.4631 1.6893 3.9681 41.6249 1.4686 49.0674 -4.0608 0.0030
Car -1 -1 -4.7534 1196.0021 173.4934 1231.2942 195.6907 1.4666 1.6919 3.9681 41.6507 1.5124 49.8839 -4.0609 0.0030
Car -1 -1 -4.7529 1191.6591 174.1826 1226.1991 196.2124 1.4623 1.6734 3.9494 41.6077 1.5583 50.2232 -4.0642 0.0030
Car -1 -1 -4.7489 1187.2095 174.5559 1221.3225 196.5580 1.4712 1.6872 3.9700 41.6450 1.5953 50.6619 -4.0640 0.0030
Car -1 -1 -5.3896 1133.4562 186.0991 1213.9075 211.4807 1.5097 1.7386 4.4776 36.9729 2.4233 47.5279 -4.7320 0.0029
Car -1 -1 -3.3047 900.5922 195.6883 957.4639 217.0835 1.6231 1.5770 4.0235 25.8737 3.5200 58.6898 -2.8920 0.0028
Car -1 -1 -5.0272 1124.1942 183.4498 1184.7198 208.2199 1.4686 1.8147 4.5955 35.5973 2.1999 47.3563 -4.3861 0.0028
Car -1 -1 -6.8478 916.8923 194.9066 981.3906 215.2351 1.5502 1.9136 4.4337 27.6440 3.3888 58.9326 -6.4118 0.0028
Car -1 -1 -6.9590 919.3486 195.9625 988.9635 218.1540 1.6659 1.9070 5.0437 28.0169 3.5981 58.8282 -6.5172 0.0025
Car -1 -1 -5.3972 1125.5393 187.3097 1206.6514 212.2410 1.4748 1.7397 4.5538 36.5718 2.4755 47.6589 -4.7461 0.0025
Car -1 -1 -5.4888 1121.5540 183.5600 1209.9679 210.6671 1.6118 1.8557 4.6337 36.2077 2.3480 47.2248 -4.8382 0.0020
Car -1 -1 -5.5409 1130.5309 186.9547 1212.6276 213.7578 1.5857 1.7453 4.1331 36.5734 2.5499 47.1716 -4.8850 0.0020
Car -1 -1 -6.6262 924.5186 190.7412 997.4355 212.9551 1.7109 1.8155 5.0069 28.4292 3.1928 58.6201 -6.1773 0.0016
Car -1 -1 -3.5329 902.0679 194.7755 961.7765 215.1826 1.5729 1.6034 4.1038 25.9490 3.3698 58.2992 -3.1167 0.0016
Car -1 -1 -5.2251 913.0674 195.6884 959.5979 216.9883 1.5508 1.7357 3.9562 26.5858 3.4817 58.9751 -4.8042 0.0016
Car -1 -1 -3.3825 901.7171 194.5917 966.3855 217.2519 1.7261 1.6697 4.5133 26.2020 3.5256 58.5224 -2.9641 0.0015
Car -1 -1 -3.3832 924.8528 193.1778 992.4371 215.4576 1.6826 1.7804 4.6194 28.0708 3.3616 58.2788 -2.9370 0.0014
Car -1 -1 -5.1815 910.0898 194.9384 953.6974 215.8937 1.5371 1.6272 3.9964 26.3525 3.4130 59.2606 -4.7656 0.0014
Car -1 -1 -6.0989 898.5445 195.9481 963.3474 218.0195 1.6108 1.7966 4.5890 26.1735 3.5627 58.9568 -5.6837 0.0013
Car -1 -1 -5.3750 900.4581 193.1264 952.8709 215.0774 1.6104 1.7406 4.1634 25.9302 3.3387 59.2913 -4.9652 0.0011
Car -1 -1 -3.5935 916.0548 197.1968 982.6328 218.0297 1.6023 1.7613 4.5806 27.4737 3.6085 58.5556 -3.1575 0.0010
Car -1 -1 -3.8552 900.0159 193.2891 961.8287 215.8259 1.6768 1.6171 4.5866 25.6562 3.3531 57.7534 -3.4397 0.0010
Car -1 -1 -4.7948 937.6023 195.7624 963.1475 215.0233 1.4038 1.5879 3.6943 27.9472 3.3524 59.3737 -4.3575 0.0009
Car -1 -1 -6.3886 907.2256 194.8892 975.7999 217.7160 1.7029 1.9274 4.8922 26.8961 3.5490 58.7710 -5.9621 0.0008
Car -1 -1 -4.8976 936.0579 194.1808 969.0833 214.7720 1.4988 1.7351 3.9012 27.9322 3.3043 58.9887 -4.4580 0.0008
Car -1 -1 -3.5243 918.6563 195.7469 983.4786 216.4651 1.5885 1.6249 4.4518 27.4997 3.4683 58.3213 -3.0863 0.0007
Pedestrian -1 -1 -3.4344 82.9670 176.4401 109.3167 215.3420 1.7998 0.7434 0.8350 -24.2836 1.9715 34.0424 -4.0505 0.0007
Car -1 -1 -3.6101 906.1078 193.4594 978.3848 215.3284 1.6685 1.7260 5.0258 26.5642 3.3472 57.8303 -3.1821 0.0007
Pedestrian -1 -1 -3.6709 762.7100 170.6812 781.0164 203.7157 1.6403 0.7150 0.6203 8.0918 1.5321 36.2630 -3.4536 0.0006
Car -1 -1 -8.2603 919.8293 197.2177 958.6225 216.6904 1.4235 1.4916 3.8730 27.1039 3.5005 59.5727 -7.8359 0.0006
Car -1 -1 -8.1640 925.1638 196.3354 960.7650 216.2357 1.4565 1.5375 3.9131 27.4474 3.4634 59.6433 -7.7353 0.0006
Car -1 -1 -8.3263 913.5294 196.8929 955.0187 216.7203 1.4541 1.5457 3.8171 26.6987 3.5037 59.5835 -7.9076 0.0005
Car -1 -1 -3.4766 902.2108 194.0926 977.9267 216.6555 1.7276 1.6576 5.3150 26.5948 3.4752 58.3170 -3.0514 0.0003
