Car -1 -1 -4.4263 437.5111 169.3207 536.0778 235.6301 1.7616 1.7249 4.2871 -3.5653 1.6674 21.4013 -4.5900 0.9996
Car -1 -1 -4.4833 521.4946 178.1339 584.7759 218.3243 1.4534 1.6120 4.1838 -2.2335 1.6803 28.8575 -4.5605 0.9983
Car -1 -1 -4.4925 609.8158 175.9457 646.6603 200.8913 1.4667 1.4999 3.8298 1.1448 1.6679 44.9699 -4.4677 0.9941
Cyclist -1 -1 -7.8519 699.4095 167.8996 717.6404 220.1377 1.7723 0.6138 1.8010 3.4205 1.6039 25.4128 -7.7203 0.9194
Car -1 -1 -4.4144 434.2469 170.2553 534.1399 235.5237 1.7334 1.7380 4.2091 -3.6373 1.6641 21.3624 -4.5817 0.8147
Car -1 -1 -7.5668 438.3537 168.7310 539.8917 236.3633 1.7942 1.7131 4.6960 -3.5078 1.6845 21.5789 -7.7267 0.8056
Car -1 -1 -4.4765 518.5364 176.3904 584.1904 219.0930 1.5482 1.6475 4.2987 -2.2929 1.7000 28.7833 -4.5559 0.8032
Car -1 -1 -4.4086 437.3135 170.0342 537.5974 235.8186 1.7407 1.7051 4.2742 -3.5327 1.6658 21.3280 -4.5714 0.7740
Car -1 -1 -4.4275 439.9629 169.9701 537.3469 235.8857 1.7539 1.7123 4.2323 -3.5141 1.6768 21.4040 -4.5890 0.7726
Car -1 -1 -4.5860 684.4436 172.6423 707.1520 190.5151 1.6275 1.6240 4.0887 8.0795 1.6080 67.8844 -4.4683 0.7645
Car -1 -1 -4.5168 609.0801 175.3784 645.6810 200.5912 1.4853 1.5491 3.9470 1.0944 1.6498 45.0196 -4.4931 0.7627
Cyclist -1 -1 -7.8258 698.8073 169.2519 717.6213 220.0611 1.7129 0.6080 1.9313 3.4124 1.5911 25.3261 -7.6940 0.7314
Car -1 -1 -4.4842 521.7681 176.8832 584.1508 218.9661 1.5213 1.5705 4.1466 -2.2273 1.6932 28.6660 -4.5617 0.7238
Car -1 -1 -4.6064 683.0782 172.4402 706.4813 190.0977 1.6081 1.7379 4.4385 8.0094 1.5701 68.0688 -4.4901 0.7219
Car -1 -1 -4.4994 608.6282 175.5629 646.2103 200.8298 1.4771 1.5932 3.6231 1.0815 1.6514 44.5474 -4.4757 0.6432
Car -1 -1 -4.6485 685.0623 173.4714 704.4694 190.9474 1.5846 1.5734 3.7434 7.9370 1.6437 67.5441 -4.5323 0.6371
Car -1 -1 -4.4657 610.0355 175.9725 648.8888 200.9246 1.4625 1.5702 3.6427 1.2137 1.6641 44.7474 -4.4393 0.6232
Car -1 -1 -4.6603 683.2481 172.9157 702.3612 190.4460 1.5941 1.5863 3.8768 7.7685 1.5997 67.6686 -4.5469 0.5015
Car -1 -1 -4.5176 684.5682 173.4740 709.0103 190.6038 1.5517 1.5613 3.8536 8.1354 1.6113 67.5844 -4.3987 0.4584
Car -1 -1 -4.5215 605.1068 175.5007 642.3919 201.4579 1.4993 1.6023 3.7282 0.8473 1.6679 44.0708 -4.5029 0.3729
Car -1 -1 -4.4293 603.9554 174.3120 648.8416 201.6723 1.5765 1.6543 4.1272 1.0188 1.6696 44.0277 -4.4068 0.3604
Car -1 -1 -4.4219 684.4792 173.0473 713.4501 190.4227 1.5783 1.6017 4.0886 8.3682 1.5968 67.7848 -4.3000 0.2979
Car -1 -1 -4.6696 684.2006 173.5533 704.4562 191.5778 1.6113 1.6974 4.0157 7.8097 1.6778 66.7826 -4.5541 0.2495
Car -1 -1 -4.1292 680.8055 173.0941 721.4747 190.7424 1.6034 1.7070 4.3039 8.5742 1.6264 67.8037 -4.0043 0.2471
Car -1 -1 -4.4775 684.7156 173.7946 711.4235 190.6480 1.5163 1.6059 3.9290 8.2193 1.6065 67.2747 -4.3568 0.2212
Car -1 -1 -4.6935 682.7703 173.3449 700.7040 190.6896 1.5616 1.5910 3.6284 7.5866 1.6082 66.9725 -4.5816 0.2166
Car -1 -1 -4.4816 600.9449 174.2519 643.0159 202.0308 1.5782 1.6412 4.0886 0.7368 1.6662 43.3964 -4.4652 0.2045
Car -1 -1 -4.3400 684.3116 173.7166 715.8974 190.7369 1.5378 1.5880 4.0106 8.4451 1.6208 67.5508 -4.2165 0.1901
Car -1 -1 -6.5121 691.1881 175.2722 790.3016 212.7675 1.4617 1.5939 3.6680 5.1881 1.5620 29.1396 -6.3382 0.1775
Cyclist -1 -1 -8.3758 692.6044 171.5942 723.8954 213.6780 1.6143 0.4859 1.6020 3.8235 1.5657 28.5112 -8.2445 0.1350
Car -1 -1 -4.7723 684.6302 172.4240 705.9981 191.5022 1.6947 1.6983 4.0324 7.7699 1.6562 66.1556 -4.6562 0.1214
Pedestrian -1 -1 -4.3527 685.9363 170.9785 706.2720 212.6588 1.6769 0.6526 0.6094 3.4718 1.6011 29.4488 -4.2371 0.1019
Cyclist -1 -1 -6.7148 692.9136 168.1142 737.7169 212.9130 1.7702 0.5875 1.6941 4.1922 1.5826 29.0343 -6.5734 0.1012
Car -1 -1 -7.9299 692.9808 175.4441 737.5235 213.7423 1.4885 1.5537 3.5654 4.2932 1.6028 30.1184 -7.7903 0.0997
Car -1 -1 -3.9461 679.5682 173.2480 721.0438 190.2464 1.5419 1.6051 3.8776 8.4291 1.5794 67.3784 -3.8225 0.0986
Cyclist -1 -1 -6.5167 686.4968 171.3297 727.1461 213.9621 1.6894 0.5559 1.5283 3.8345 1.6287 28.9484 -6.3869 0.0680
Pedestrian -1 -1 -7.2958 695.0627 171.6761 715.5387 213.3694 1.6499 0.6151 0.5544 3.7811 1.6030 28.9621 -7.1679 0.0646
Cyclist -1 -1 -6.4850 694.8657 168.3646 739.8845 213.4830 1.7736 0.5902 1.6863 4.2196 1.5968 28.7062 -6.3411 0.0641
Cyclist -1 -1 -6.2403 686.7540 171.3335 726.5006 213.9535 1.6718 0.5544 1.5469 3.8038 1.6118 28.7081 -6.1105 0.0635
Cyclist -1 -1 -8.1534 688.9482 173.7185 712.2248 214.7043 1.5813 0.4556 1.6185 3.5477 1.6164 28.7104 -8.0323 0.0628
Cyclist -1 -1 -7.8467 699.6351 171.2026 710.2228 213.7641 1.6806 0.4149 1.6249 3.8164 1.6151 29.3245 -7.7192 0.0548
Car -1 -1 -4.3081 685.6284 173.9091 717.8711 190.8420 1.5224 1.6140 3.8083 8.5489 1.6234 67.1795 -4.1825 0.0524
Cyclist -1 -1 -5.0712 693.0890 170.8823 718.9290 213.7327 1.6627 0.4942 1.5792 3.7779 1.5859 28.8227 -4.9428 0.0523
Car -1 -1 -5.0594 687.6458 175.8425 755.5159 215.5311 1.4519 1.5105 3.5787 4.3003 1.5778 28.5849 -4.9122 0.0469
Cyclist -1 -1 -8.2280 684.5338 172.0076 708.9860 214.0648 1.6583 0.4138 1.6269 3.4652 1.6246 29.2896 -8.1120 0.0461
Pedestrian -1 -1 -7.4756 697.5518 171.8562 718.1437 213.9212 1.6320 0.6526 0.5342 3.8056 1.5930 28.3859 -7.3443 0.0458
Car -1 -1 -5.2591 683.2926 173.3133 771.7458 214.9812 1.5232 1.6819 3.8391 4.5109 1.5424 28.5171 -5.1044 0.0438
Car -1 -1 -5.3758 687.1846 174.4302 780.4821 215.6116 1.4691 1.5964 3.7091 4.6634 1.5341 27.9040 -5.2125 0.0427
Cyclist -1 -1 -3.0052 681.3945 172.9116 723.3635 214.2788 1.6180 0.5581 1.5959 3.6315 1.6201 28.6985 -2.8812 0.0371
Cyclist -1 -1 -8.2026 685.8182 173.1813 708.7202 213.7552 1.5924 0.4183 1.5188 3.4665 1.6057 29.1181 -8.0859 0.0346
Cyclist -1 -1 -7.8417 699.1144 172.1088 710.8106 213.7819 1.6367 0.4552 1.4692 3.7908 1.6071 29.0972 -7.7141 0.0341
Car -1 -1 -4.5611 548.3726 173.6947 585.1269 200.5438 1.5621 1.6536 4.0805 -2.6359 1.6158 44.2190 -4.6207 0.0282
Car -1 -1 -5.1635 686.3537 176.7086 760.1440 215.9429 1.4086 1.4865 3.4089 4.2960 1.5683 28.1157 -5.0140 0.0241
Pedestrian -1 -1 -7.5987 688.5817 170.5052 707.0930 212.2171 1.6556 0.6143 0.5787 3.4903 1.5621 29.0199 -7.4808 0.0231
Car -1 -1 -3.7863 680.3248 173.8110 725.1298 190.7058 1.5275 1.5714 3.9907 8.6111 1.6184 67.0966 -3.6595 0.0206
Pedestrian -1 -1 -7.4246 692.5533 173.3136 709.7550 213.7415 1.5896 0.5337 0.4678 3.5840 1.6078 28.7171 -7.3023 0.0189
Car -1 -1 -4.6721 547.9963 172.3421 577.8998 199.4256 1.5799 1.6668 3.9831 -2.8694 1.5497 44.1011 -4.7371 0.0178
Pedestrian -1 -1 -7.3673 696.0771 171.7821 715.2640 213.8349 1.6513 0.6055 0.4744 3.7612 1.6089 28.7017 -7.2390 0.0176
Car -1 -1 -5.5695 688.5028 173.7140 798.7619 215.3854 1.4818 1.6287 4.1113 5.0308 1.5172 27.8546 -5.3932 0.0160
Car -1 -1 -4.1987 582.3663 173.8908 642.4066 203.1070 1.6183 1.6407 4.2735 0.1643 1.6821 42.3893 -4.1954 0.0137
Car -1 -1 -8.0983 537.0944 171.7688 579.0050 198.7365 1.5813 1.6413 4.0352 -3.2859 1.5174 44.4825 -8.1720 0.0130
Car -1 -1 -8.1642 535.3283 171.5296 583.2908 198.7225 1.6008 1.7169 4.3479 -3.2394 1.5225 44.8119 -8.2363 0.0117
Car -1 -1 -4.5277 548.3919 171.2590 587.5710 198.8450 1.6271 1.7199 3.9762 -2.5838 1.5327 44.6380 -4.5856 0.0101
Pedestrian -1 -1 -6.3405 666.0022 171.4846 670.4335 188.5892 1.5696 0.5996 0.3725 5.3444 1.4436 66.5160 -6.2610 0.0084
Car -1 -1 -4.4967 552.0750 171.0280 590.2550 199.3654 1.6731 1.6021 3.6949 -2.3882 1.5650 44.5544 -4.5503 0.0074
Car -1 -1 -4.7377 549.5862 170.4257 579.8501 198.7085 1.6644 1.7505 4.4970 -2.8904 1.5212 44.7795 -4.8022 0.0057
Car -1 -1 -2.8846 502.1056 171.9955 580.9055 198.9141 1.5862 1.7386 4.4603 -4.1601 1.5353 43.7364 -2.9792 0.0057
Car -1 -1 -4.5982 545.6099 170.9606 582.4041 198.4147 1.6207 1.8316 3.9723 -2.8300 1.5086 44.6248 -4.6616 0.0055
Car -1 -1 -2.7378 510.1272 172.2338 583.9286 198.1668 1.5325 1.6852 4.1655 -3.8752 1.4956 44.0886 -2.8253 0.0053
Pedestrian -1 -1 -4.1782 873.1172 153.9708 905.7569 223.0110 2.1107 0.7049 0.6793 8.6820 1.5331 22.5465 -3.8156 0.0053
Car -1 -1 -2.6025 523.0675 172.9191 585.8489 200.5953 1.6303 1.6231 3.4776 -3.4251 1.6341 44.0100 -2.6802 0.0050
Car -1 -1 -2.6002 510.2776 171.1021 586.4720 198.3779 1.6105 1.7031 4.4185 -3.8329 1.5068 44.3392 -2.6863 0.0048
Car -1 -1 -5.7710 541.1763 176.9832 595.5603 199.4016 1.4476 1.4492 3.3709 -2.8338 1.7328 48.4934 -5.8295 0.0039
Car -1 -1 -4.5378 550.5347 169.9877 589.9135 198.7978 1.6978 1.7078 4.3745 -2.4477 1.5286 44.7936 -4.5924 0.0039
Car -1 -1 -4.2141 550.6910 169.9242 599.8800 198.6271 1.6950 1.3961 3.7944 -2.1338 1.5217 44.6207 -4.2621 0.0033
Car -1 -1 -8.9978 0.0000 0.0000 1241.0000 374.0000 1.5532 1.5793 3.5403 4.2552 1.5420 1.2361 -7.7725 0.0030
Car -1 -1 -9.0359 0.0000 0.0000 1241.0000 374.0000 1.5452 1.5827 3.5532 5.0389 1.5445 1.3043 -7.7724 0.0030
Car -1 -1 -9.0180 0.0000 0.0000 1241.0000 374.0000 1.5445 1.5858 3.5679 4.6703 1.5341 1.2764 -7.7718 0.0030
Pedestrian -1 -1 -6.3111 666.6737 169.3108 672.0630 189.2297 1.8365 0.7147 0.4771 5.4815 1.5096 66.8961 -6.2300 0.0017
Car -1 -1 -4.7252 553.2366 169.8050 586.0283 198.0363 1.6705 1.9406 4.3147 -2.5782 1.4898 44.9139 -4.7826 0.0014
Car -1 -1 -4.1373 556.1874 169.0994 613.9951 198.5517 1.7299 1.6386 4.0292 -1.5199 1.5090 44.5280 -4.1716 0.0013
Pedestrian -1 -1 -4.0244 907.2350 165.0968 940.3263 229.5734 1.4198 0.5561 0.3973 7.0009 1.2487 16.2268 -3.6241 0.0012
Pedestrian -1 -1 -6.1500 666.0284 170.8661 672.1718 188.4520 1.6297 0.6834 0.4852 5.4884 1.4451 67.2492 -6.0693 0.0011
Car -1 -1 -5.3211 549.8984 177.4583 596.9955 199.3717 1.4009 1.4720 3.4325 -2.5287 1.7228 48.6928 -5.3731 0.0010
Pedestrian -1 -1 -4.8433 967.7277 163.5322 1001.7477 241.2687 1.4604 0.5255 0.4091 7.1250 1.2850 13.8349 -4.3768 0.0010
Pedestrian -1 -1 -3.9860 1111.3828 158.3296 1166.7681 251.3585 1.4800 0.5528 0.4774 8.5908 1.2486 11.8022 -3.3689 0.0009
Pedestrian -1 -1 -3.5072 1018.6377 145.5795 1068.8782 258.1434 1.9164 0.5826 0.5777 7.5193 1.4517 12.6179 -2.9806 0.0009
Pedestrian -1 -1 -5.4616 1098.7185 164.6960 1150.6781 254.4497 1.4336 0.5036 0.4737 8.3522 1.3030 11.7957 -4.8575 0.0008
Pedestrian -1 -1 -4.0607 1032.5887 147.2407 1081.9807 251.2234 1.7701 0.5617 0.4761 7.7700 1.3338 12.6316 -3.5200 0.0008
Pedestrian -1 -1 -4.1052 910.2884 158.3051 950.2993 234.1295 1.6303 0.6501 0.4784 7.0088 1.3172 15.9164 -3.6977 0.0006
Cyclist -1 -1 -8.5247 960.5394 156.8174 1053.1323 255.9896 1.7543 0.4937 1.8279 7.4304 1.4704 13.7075 -8.0376 0.0006
Cyclist -1 -1 -8.3392 910.1937 160.7633 970.7330 237.2918 1.5724 0.4887 1.5986 7.0774 1.3237 15.6394 -7.9218 0.0006
Cyclist -1 -1 -8.7034 953.1960 156.1066 1080.5012 258.5345 1.7483 0.4884 2.3010 7.4589 1.4622 13.4795 -8.2078 0.0005
Pedestrian -1 -1 -4.6578 977.1560 153.1273 1014.8411 249.4197 1.7919 0.6143 0.5308 7.3370 1.4245 13.8118 -4.1789 0.0005
Car -1 -1 -5.0734 819.9406 167.2054 917.1331 216.1634 1.6326 1.6515 5.0391 9.3182 1.4439 26.6029 -4.7404 0.0005
Cyclist -1 -1 -7.6780 919.7289 160.2198 955.5927 240.5771 1.7444 0.4666 1.7336 7.4611 1.4699 16.5125 -7.2609 0.0004
Cyclist -1 -1 -8.0466 908.3772 158.9890 950.5057 234.8731 1.6009 0.5318 1.6669 7.0469 1.3081 16.0928 -7.6411 0.0003
Cyclist -1 -1 -8.1857 920.6521 156.0744 970.6672 243.6635 1.8573 0.4878 1.6462 7.4279 1.5012 16.1422 -7.7620 0.0003
Cyclist -1 -1 -8.0767 904.6562 161.8035 940.8673 233.7161 1.5679 0.4398 1.4262 7.0696 1.3267 16.4725 -7.6783 0.0003
Cyclist -1 -1 -8.1087 897.4136 161.1479 937.7324 237.5128 1.6893 0.4263 1.7296 7.1050 1.4301 16.8474 -7.7164 0.0003
