Car -1 -1 -7.3356 63.6496 191.9726 271.9404 279.0414 1.4073 1.5996 4.0559 -8.3075 1.5579 13.9703 -7.8639 0.9978
Car -1 -1 -7.8319 618.2466 176.8688 695.5749 247.7983 1.6447 1.7976 3.9805 1.2660 1.4513 18.7303 -7.7659 0.9977
Car -1 -1 -4.0513 0.0000 185.5000 74.1560 215.1989 1.4751 1.8147 4.1151 -30.5157 1.4910 37.8151 -4.7271 0.9854
Car -1 -1 -7.7389 682.2783 182.2998 714.9117 206.8463 1.4370 1.5961 3.4881 5.5612 1.2664 43.9657 -7.6143 0.9573
Car -1 -1 -7.1558 0.0000 201.6263 244.1858 375.0000 1.4476 1.6541 4.1806 -4.4373 1.6087 4.9529 -7.8597 0.9520
Car -1 -1 -7.6965 481.4097 175.7642 523.6086 208.5516 1.6020 1.5914 3.6604 -5.3925 1.1403 36.9631 -7.8407 0.9335
Car -1 -1 -7.1326 0.0000 192.0353 86.6115 275.5591 1.3818 1.5384 3.7495 -12.3988 1.5334 14.0813 -7.8452 0.9248
Car -1 -1 -7.6613 479.1564 175.4731 524.4688 208.6486 1.6205 1.6448 3.5953 -5.4243 1.1448 36.9489 -7.8064 0.8641
Car -1 -1 -4.2437 108.5603 181.2609 174.1717 208.3426 1.4627 1.5437 3.8540 -26.4246 1.2492 40.8212 -4.8155 0.8136
Car -1 -1 -7.1460 0.0000 191.1930 89.3112 277.3265 1.4209 1.5603 3.9909 -12.4574 1.5553 14.1359 -7.8591 0.8133
Car -1 -1 -7.7042 681.2818 182.2215 716.5904 207.0051 1.4495 1.6106 3.7590 5.6004 1.2745 44.0704 -7.5791 0.7835
Car -1 -1 -4.0905 0.0000 184.3957 74.3376 214.8161 1.5070 1.7602 4.2651 -30.4522 1.4665 37.7882 -4.7657 0.7634
Car -1 -1 -7.2768 65.4792 192.5295 277.0422 279.6729 1.4043 1.5604 3.9394 -8.2261 1.5665 13.9283 -7.8021 0.7601
Car -1 -1 -7.7593 680.9003 181.7918 712.8195 206.6486 1.4544 1.6157 3.5426 5.4554 1.2542 43.9649 -7.6371 0.7390
Car -1 -1 -7.7271 683.0660 181.6589 716.5372 206.6419 1.4614 1.6156 3.4035 5.6260 1.2535 43.8997 -7.6009 0.7334
Car -1 -1 -3.9629 0.0000 189.4117 88.8782 279.7973 1.4504 1.6317 4.2846 -12.4868 1.5443 13.8997 -4.6854 0.7210
Car -1 -1 -7.7448 682.4826 180.7330 714.5818 206.2596 1.4927 1.6024 3.2427 5.5331 1.2307 43.7991 -7.6204 0.7014
Car -1 -1 -7.6605 484.7511 175.0702 527.8783 207.2397 1.5774 1.5281 3.6634 -5.2186 1.0801 37.1200 -7.7995 0.6752
Car -1 -1 -7.6378 478.9527 175.9364 527.2524 208.5855 1.5895 1.6831 3.7784 -5.3511 1.1379 36.9420 -7.7810 0.6722
Car -1 -1 -4.0203 0.0000 199.4727 243.2354 375.0000 1.4517 1.6442 4.3367 -4.3692 1.5901 4.7842 -4.7328 0.6461
Car -1 -1 -4.0732 0.0000 185.0558 72.5387 215.4491 1.5079 1.8919 4.2009 -30.6299 1.5001 37.8005 -4.7510 0.6122
Car -1 -1 -7.1692 0.0000 192.2060 87.9668 277.2342 1.3948 1.5237 3.8188 -12.3076 1.5502 14.0374 -7.8797 0.6114
Car -1 -1 -4.3327 108.9538 181.3461 168.5758 208.6222 1.4719 1.5211 3.8155 -26.5736 1.2633 40.8118 -4.9072 0.5929
Car -1 -1 -4.1572 109.6831 181.2395 182.5372 208.0795 1.4588 1.5883 4.0776 -26.3339 1.2429 41.1195 -4.7242 0.5535
Car -1 -1 -3.9766 0.0000 190.3409 88.4827 279.4151 1.4246 1.5860 4.2054 -12.3941 1.5386 13.8548 -4.6969 0.5530
Car -1 -1 -7.5252 480.4927 176.5191 535.5586 208.8988 1.5721 1.7208 3.6081 -5.0833 1.1500 36.8368 -7.6617 0.5358
Pedestrian -1 -1 -6.3413 785.6675 172.1334 800.3382 211.5600 1.7890 0.7149 0.6091 8.4695 1.1955 33.0267 -6.0928 0.5105
Car -1 -1 -4.5952 483.2717 177.6814 522.7451 208.2535 1.5014 1.5858 3.8244 -5.4067 1.1316 37.2360 -4.7387 0.5022
Car -1 -1 -4.0761 108.3628 181.5703 184.8324 208.3847 1.4493 1.5764 4.0199 -26.1735 1.2524 40.9126 -4.6425 0.4943
Car -1 -1 -4.4653 109.3523 180.9900 162.8048 208.5771 1.4885 1.5791 4.1190 -26.8457 1.2607 40.9916 -5.0424 0.4718
Car -1 -1 -7.1432 0.0000 192.6531 98.7575 273.2223 1.3748 1.5013 3.6462 -12.3311 1.5433 14.4376 -7.8411 0.4699
Car -1 -1 -7.3339 124.2394 159.6228 264.8705 219.3577 1.6226 1.8942 3.9937 -12.2279 0.9275 21.5311 -7.8451 0.4556
Car -1 -1 -4.5147 749.9370 181.3438 777.2815 198.5435 1.5312 1.6986 4.0826 14.3716 1.1866 66.2051 -4.3022 0.4402
Car -1 -1 -4.3124 102.3983 182.0805 164.7246 209.5941 1.4713 1.5883 3.7354 -26.6093 1.3038 40.4208 -4.8918 0.4218
Car -1 -1 -7.7633 480.2373 175.3056 520.0032 208.1967 1.6061 1.6732 4.0306 -5.5414 1.1224 37.1622 -7.9106 0.4137
Car -1 -1 -7.3013 121.9589 163.2154 251.9988 223.5217 1.6174 1.7369 3.4009 -12.1916 1.0275 21.0066 -7.8217 0.3583
Car -1 -1 -7.4582 484.3660 175.7051 541.0017 208.1759 1.5809 1.5298 3.8419 -4.8696 1.1180 37.0540 -7.5883 0.3548
Car -1 -1 -4.4843 108.0264 180.8707 157.7311 208.9635 1.5100 1.5202 3.7917 -26.8347 1.2766 40.6811 -5.0647 0.3384
Pedestrian -1 -1 -6.2625 783.8346 171.9792 798.1396 211.5690 1.7957 0.7061 0.6252 8.3839 1.1955 33.0281 -6.0164 0.3329
Car -1 -1 -4.3101 98.3095 181.8981 165.4808 210.7144 1.5208 1.6780 4.0047 -26.4503 1.3459 40.0587 -4.8909 0.3328
Car -1 -1 -4.0894 102.5651 181.4293 179.9189 209.0018 1.4690 1.6032 3.9971 -26.1035 1.2674 40.3366 -4.6610 0.2874
Car -1 -1 -4.5939 748.8395 181.2857 772.5556 198.2396 1.5088 1.6813 3.9844 14.0848 1.1592 66.1293 -4.3854 0.2839
Car -1 -1 -4.4183 433.7469 179.4634 505.2399 219.8482 1.4469 1.5818 4.1470 -5.3094 1.2409 27.9009 -4.6049 0.2742
Car -1 -1 -4.4099 752.0755 181.4915 782.7441 198.7670 1.5337 1.6670 3.8933 14.6570 1.2032 65.9236 -4.1925 0.2736
Car -1 -1 -4.5274 445.9113 179.5610 506.4781 219.7301 1.4402 1.5498 4.2455 -5.0585 1.2376 27.9018 -4.7055 0.2731
Car -1 -1 -7.3545 124.7501 159.6525 265.7746 219.3728 1.6225 1.8663 4.2124 -12.2599 0.9282 21.6467 -7.8646 0.2576
Car -1 -1 -4.4450 473.9603 176.3264 528.0286 210.0491 1.5928 1.6821 3.9977 -5.3165 1.1731 36.0392 -4.5908 0.2410
Car -1 -1 -4.4719 750.4473 181.4967 778.7656 198.8941 1.5393 1.6714 3.8234 14.3481 1.2104 65.6900 -4.2582 0.2210
Car -1 -1 -4.6238 109.8468 181.6012 151.4482 209.6235 1.5101 1.6039 4.1427 -27.1405 1.3154 40.9417 -5.2065 0.1908
Car -1 -1 -7.3087 129.3393 158.8429 264.8009 219.5114 1.6456 1.7695 3.8047 -12.1144 0.9304 21.4320 -7.8178 0.1734
Pedestrian -1 -1 -6.6650 782.3887 171.5350 802.2996 211.8737 1.8200 0.7020 0.6650 8.3873 1.2029 32.8255 -6.4173 0.1713
Car -1 -1 -4.5474 748.6592 181.7525 774.0537 199.2573 1.5408 1.6498 3.8822 13.9849 1.2361 65.3813 -4.3380 0.1614
Car -1 -1 -7.7223 459.8561 180.7551 511.4279 215.5603 1.3684 1.6264 3.9974 -5.1120 1.1932 30.2886 -7.8884 0.1371
Car -1 -1 -4.6976 749.9945 181.6298 768.8607 198.4258 1.5000 1.6513 4.2019 14.0293 1.1799 66.4289 -4.4907 0.1338
Car -1 -1 -4.3681 427.0500 178.4781 507.2979 219.0898 1.4501 1.5864 4.6556 -5.4129 1.2096 28.0896 -4.5570 0.1247
Car -1 -1 -7.7261 452.9902 178.3922 505.9499 215.1632 1.4579 1.7087 4.0484 -5.4174 1.1875 30.5627 -7.9004 0.1085
Car -1 -1 -4.5938 459.0972 179.6121 507.8269 214.8227 1.4277 1.6232 3.9252 -5.3565 1.2006 31.1479 -4.7630 0.1051
Car -1 -1 -4.4252 437.9788 178.7795 509.7408 215.5747 1.4162 1.8155 4.1606 -5.4979 1.1686 29.8317 -4.6062 0.0925
Car -1 -1 -4.5728 454.9607 179.5891 507.8255 216.9651 1.4074 1.5812 3.8028 -5.0664 1.1957 28.9947 -4.7445 0.0913
Car -1 -1 -7.7173 454.5750 180.4117 507.8918 216.4448 1.4237 1.6729 4.1471 -5.3301 1.2340 30.5036 -7.8892 0.0861
Car -1 -1 -4.1729 414.0941 179.3107 506.3933 219.5845 1.4443 1.6027 4.1661 -5.6803 1.2327 28.0108 -4.3715 0.0682
Car -1 -1 -4.9181 743.4445 182.2585 770.8987 199.0666 1.4937 1.6782 3.9655 13.6415 1.2311 65.8684 -4.7152 0.0580
Car -1 -1 -4.3092 86.5345 182.5994 155.6382 212.1841 1.5107 1.6294 4.0356 -26.2261 1.3773 38.8417 -4.9002 0.0553
Car -1 -1 -4.4093 751.7029 181.0344 784.9731 197.8416 1.4952 1.7305 4.5278 14.8449 1.1234 66.3454 -4.1906 0.0500
Car -1 -1 -4.5299 99.5002 180.5694 150.8924 210.3913 1.5797 1.7326 3.6820 -26.8851 1.3337 40.1110 -5.1176 0.0493
Car -1 -1 -4.0719 411.3206 178.2204 509.0127 217.4385 1.4287 1.5742 4.2089 -5.7706 1.1740 28.4258 -4.2706 0.0480
Car -1 -1 -4.7403 466.0744 178.7490 509.5862 220.1494 1.4747 1.5322 4.1479 -4.7346 1.2446 27.7900 -4.9078 0.0370
Car -1 -1 -4.6635 528.2710 177.3064 553.9208 199.0062 1.4327 1.5678 3.9577 -4.5760 0.9106 49.4713 -4.7556 0.0357
Car -1 -1 -4.3145 75.4242 182.8733 152.1664 213.4064 1.5485 1.8393 4.4033 -26.5676 1.4299 38.7977 -4.9121 0.0318
Car -1 -1 -4.5552 457.4023 178.2530 511.5607 215.4557 1.4826 1.6559 4.0784 -5.2259 1.2053 30.6959 -4.7228 0.0312
Car -1 -1 -4.3042 753.9568 181.4803 788.4934 199.0009 1.5534 1.6187 4.0416 14.9895 1.2224 65.8454 -4.0818 0.0287
Car -1 -1 -4.5877 89.8302 182.0228 141.5527 212.9612 1.5986 1.8312 4.1034 -26.9131 1.4338 39.3881 -5.1842 0.0183
Car -1 -1 -4.0258 55.3624 181.3462 148.2517 214.1662 1.6633 1.8352 4.1822 -27.0613 1.4673 38.5869 -4.6344 0.0141
Car -1 -1 -4.5214 56.8298 179.1600 103.8608 207.9957 1.6880 1.6268 3.8109 -32.3538 1.3337 44.1513 -5.1512 0.0096
Car -1 -1 -4.5235 18.8836 171.1074 59.1769 192.6982 1.5075 1.6057 3.7955 -41.3005 0.5226 52.2476 -5.1901 0.0087
Car -1 -1 -4.4488 19.0809 170.1864 66.1207 193.2645 1.6158 1.6803 4.1215 -41.2669 0.5637 52.5546 -5.1122 0.0084
Pedestrian -1 -1 -5.0718 999.4659 190.4982 1045.0015 280.7042 1.3395 0.4996 0.3657 6.2333 1.4215 10.9175 -4.5644 0.0081
Car -1 -1 -4.6614 0.0000 172.3032 13.8845 197.2791 1.5470 1.8114 4.4317 -39.9983 0.7474 46.8359 -5.3656 0.0070
Car -1 -1 -3.7156 43.3491 179.3015 144.7333 211.2556 1.5883 1.6429 4.1213 -27.0399 1.2945 37.9497 -4.3316 0.0069
Car -1 -1 -4.9292 626.5103 178.7487 669.2065 203.7963 1.3909 1.6427 4.0770 2.2607 1.0320 42.0646 -4.8763 0.0064
Car -1 -1 -4.5580 15.2285 170.1754 54.3099 191.9537 1.5118 1.6536 3.6820 -41.3446 0.4679 51.9103 -5.2282 0.0060
Car -1 -1 -4.6990 643.4608 173.6455 659.2838 189.4714 1.5235 1.5178 3.3495 4.3136 0.4098 70.9257 -4.6389 0.0059
Cyclist -1 -1 -6.8709 812.0389 168.7943 859.9228 212.1250 1.6511 0.6669 1.6899 8.8296 1.0255 27.9498 -6.5682 0.0056
Car -1 -1 -4.3240 78.2073 179.7418 147.5165 210.5556 1.5401 1.5835 4.0901 -26.1542 1.2666 38.0934 -4.9227 0.0053
Car -1 -1 -4.0761 61.0506 180.1441 145.5979 210.7354 1.5313 1.5709 4.0201 -26.5926 1.2776 38.0156 -4.6835 0.0050
Car -1 -1 -4.4280 641.6062 173.7596 667.3462 189.6522 1.5257 1.6120 3.5331 4.6283 0.4261 70.9483 -4.3635 0.0049
Car -1 -1 -8.0829 594.3917 175.0049 624.8594 195.1874 1.5769 1.6342 3.8278 0.0983 0.7793 58.2145 -8.0817 0.0047
Pedestrian -1 -1 -4.4062 210.8562 207.1073 252.5044 299.3957 1.2642 0.4121 0.4302 -5.3900 1.5829 10.2112 -4.8813 0.0046
Car -1 -1 -7.5712 57.3648 178.2190 109.5770 207.2498 1.6886 1.5705 3.7920 -31.9444 1.2818 43.8621 -8.1981 0.0043
Car -1 -1 -6.3871 457.7858 169.6019 513.5800 192.2021 1.7889 1.8908 4.2943 -9.9458 0.5532 58.3896 -6.5554 0.0035
Car -1 -1 -5.3515 626.6476 172.2615 664.0720 188.9560 1.5966 1.6169 3.9929 3.6674 0.3579 70.8574 -5.3004 0.0034
Car -1 -1 -5.1711 633.0617 172.6453 662.3427 188.7380 1.5431 1.4948 3.4673 3.9011 0.3379 70.8170 -5.1166 0.0032
Car -1 -1 -4.3909 0.0000 167.2062 44.5582 191.8696 1.6514 1.6722 4.1245 -41.2672 0.4457 50.3560 -5.0750 0.0025
Car -1 -1 -4.5292 94.4067 179.6135 147.2434 210.3720 1.5362 1.5727 4.1862 -25.7828 1.2565 38.1352 -5.1208 0.0025
Car -1 -1 -3.0065 452.7321 170.0113 510.0598 191.5137 1.7128 1.8151 4.3711 -10.2172 0.5018 58.2502 -3.1796 0.0018
Car -1 -1 -2.9056 436.3631 168.5921 509.7326 191.4501 1.8178 1.7203 5.5891 -10.8820 0.4960 58.1715 -3.0900 0.0018
Car -1 -1 -2.6201 448.1768 169.9554 509.6954 190.7920 1.6298 1.6779 4.6517 -10.3760 0.4363 57.8028 -2.7972 0.0016
Car -1 -1 -3.1762 451.1056 168.2638 507.1621 190.2619 1.7473 1.7491 4.4220 -10.4833 0.4010 58.4186 -3.3533 0.0013
Cyclist -1 -1 -8.3948 987.9789 163.6381 1090.1385 289.1933 1.6976 0.4289 1.7426 6.2405 1.4061 10.5952 -7.8743 0.0005
Cyclist -1 -1 -6.6373 601.0171 169.9474 624.6936 193.9804 1.8684 0.6389 1.7472 0.3818 0.6816 56.4846 -6.6309 0.0000
