Car -1 -1 -7.8804 704.2120 170.8701 744.1397 208.0178 1.5759 1.6621 3.6746 5.1601 0.9675 32.4258 -7.7243 0.9854
Car -1 -1 -7.9660 674.7597 174.5984 702.3694 195.8399 1.4868 1.5749 3.7264 5.8079 0.7438 52.1815 -7.8561 0.9167
Car -1 -1 -7.8722 706.1494 170.8306 744.0577 206.9402 1.5330 1.5944 3.7739 5.2201 0.9225 32.4984 -7.7146 0.7904
Car -1 -1 -7.9582 673.6908 174.3585 701.0920 195.5139 1.4810 1.5839 3.7703 5.7258 0.7211 52.2113 -7.8500 0.7722
Car -1 -1 -7.9039 703.3201 170.5593 743.6035 207.4658 1.5661 1.5998 3.4459 5.1111 0.9443 32.3020 -7.7487 0.7634
Car -1 -1 -7.8659 679.3973 174.3991 702.1675 195.9621 1.5079 1.5844 3.9989 5.9921 0.7517 52.3398 -7.7529 0.6585
Car -1 -1 -7.9548 676.1910 173.9994 702.3256 195.6307 1.5081 1.5314 3.3685 5.8208 0.7263 51.8101 -7.8439 0.4967
Car -1 -1 -7.8185 679.7112 174.4183 703.0247 195.3915 1.4636 1.5556 3.6337 6.0621 0.7103 52.0766 -7.7036 0.4925
Car -1 -1 -4.7355 627.1816 180.1645 655.1364 204.5654 1.4947 1.6830 4.3283 2.0782 1.1854 46.2160 -4.6912 0.3087
Car -1 -1 -4.7430 623.8252 176.5541 652.2818 202.8841 1.6215 1.6911 4.4134 1.8887 1.0883 46.4857 -4.7031 0.1355
Car -1 -1 -4.7112 624.3046 179.0713 652.4084 204.2907 1.5395 1.7154 4.2461 1.9300 1.1646 46.0397 -4.6700 0.0723
Car -1 -1 -3.4254 540.4333 178.4315 601.5159 200.7711 1.4099 1.5591 3.6737 -2.4221 0.9819 46.7104 -3.4773 0.0215
Car -1 -1 -8.1788 563.3519 177.3296 604.9137 200.1654 1.5438 1.6745 4.2110 -1.7432 1.0108 50.8640 -8.2133 0.0186
Car -1 -1 -3.1738 544.8955 178.2210 598.4219 200.2121 1.4114 1.5566 3.4438 -2.4103 0.9626 47.0558 -3.2250 0.0179
Car -1 -1 -4.5208 575.5950 173.4483 609.1268 200.9505 1.7675 1.6012 3.5344 -1.0176 1.0114 48.0775 -4.5423 0.0140
Cyclist -1 -1 -6.9076 83.2367 182.5584 239.5517 335.3577 1.7820 0.4552 1.7769 -5.7453 1.7512 9.2901 -7.4490 0.0133
Car -1 -1 -4.5296 571.2503 174.4945 604.6847 200.6249 1.6781 1.5716 3.8364 -1.3105 0.9898 48.1827 -4.5571 0.0107
Car -1 -1 -4.5467 563.7979 178.6523 592.7187 196.3918 1.3249 1.5962 4.0708 -2.2708 0.8349 55.8086 -4.5876 0.0092
Pedestrian -1 -1 -3.7837 1001.0896 164.4894 1039.4357 255.4795 1.7264 0.4754 0.4457 7.9210 1.3333 13.9042 -3.2749 0.0092
Pedestrian -1 -1 -4.4078 1012.6685 171.7285 1051.6012 253.5213 1.5365 0.5272 0.4916 8.1321 1.2833 13.8648 -3.8866 0.0079
Pedestrian -1 -1 -3.2883 819.9893 168.9917 835.0137 201.6163 1.7019 0.7321 0.6550 11.5507 0.8557 37.9093 -2.9950 0.0074
Car -1 -1 -4.7295 571.4073 177.0261 608.3417 213.0651 1.5712 1.6119 4.1440 -0.9104 1.2143 33.4453 -4.7569 0.0074
Car -1 -1 -4.6362 576.2886 173.5878 605.1788 196.4476 1.6886 1.8919 4.4957 -1.2874 0.8299 55.3958 -4.6597 0.0074
Pedestrian -1 -1 -4.6416 1009.9156 173.2681 1039.7415 255.3311 1.5757 0.4818 0.4363 8.1401 1.3465 14.1182 -4.1275 0.0062
Cyclist -1 -1 -8.1857 825.6674 169.7680 842.6497 199.6566 1.5395 0.3991 1.4371 11.8478 0.7440 37.7516 -7.8841 0.0062
Pedestrian -1 -1 -3.4994 822.8468 168.9473 839.3108 200.9992 1.6719 0.7356 0.6073 11.7311 0.8234 37.8819 -3.2016 0.0059
Cyclist -1 -1 -7.5465 596.4825 175.7558 607.1029 198.7611 1.7043 0.3566 1.5210 -0.4641 1.0036 54.0344 -7.5555 0.0058
Pedestrian -1 -1 -3.6436 995.1295 166.7870 1036.2552 255.9454 1.7152 0.5208 0.5106 7.9361 1.3608 14.0898 -3.1395 0.0055
Car -1 -1 -4.3241 562.1155 174.1980 606.6395 194.9272 1.5390 1.8636 4.5775 -1.7790 0.7211 55.8389 -4.3562 0.0054
Car -1 -1 -4.5699 569.6219 175.6801 614.6630 213.9263 1.6623 1.5242 4.1083 -0.7009 1.2480 33.3746 -4.5912 0.0041
Car -1 -1 -4.6422 580.4357 172.6860 608.1609 196.9710 1.8006 1.8454 4.3106 -1.0180 0.8717 55.4984 -4.6609 0.0033
Car -1 -1 -4.4947 578.4760 173.5555 612.0540 197.2512 1.7502 1.8081 3.7570 -0.9389 0.8891 55.1166 -4.5121 0.0032
Car -1 -1 -5.8370 1240.0000 187.3921 1240.0000 375.0000 1.5481 1.5889 3.6895 5.4596 1.5600 1.9850 -4.6600 0.0030
Car -1 -1 -3.4327 0.0000 0.0000 1240.0000 375.0000 1.5830 1.6045 3.8065 -5.8610 1.6788 1.8080 -4.6619 0.0030
Car -1 -1 -5.8526 1240.0000 186.9361 1240.0000 375.0000 1.5534 1.5865 3.6903 5.7964 1.5629 2.0294 -4.6615 0.0030
Car -1 -1 -6.5608 0.0000 0.0000 1240.0000 375.0000 1.5366 1.5783 3.5752 -4.1890 1.6355 1.3058 -7.7702 0.0030
Car -1 -1 -5.7909 1240.0000 0.0000 1240.0000 375.0000 1.5663 1.5833 3.6739 4.6615 1.5391 1.9136 -4.6606 0.0030
Car -1 -1 -6.5235 0.0000 0.0000 1240.0000 375.0000 1.5436 1.5873 3.6506 -5.0047 1.6551 1.4034 -7.7704 0.0030
Car -1 -1 -8.9770 0.0000 0.0000 1240.0000 375.0000 1.5545 1.5879 3.5770 3.8872 1.5706 1.2025 -7.7711 0.0030
Car -1 -1 -5.8612 1240.0000 190.6721 1240.0000 375.0000 1.5394 1.6043 3.6987 7.0288 1.5725 2.4590 -4.6626 0.0030
Car -1 -1 -9.0186 0.0000 0.0000 1240.0000 375.0000 1.5441 1.5932 3.5986 4.6593 1.5848 1.2815 -7.7718 0.0030
Car -1 -1 -9.0515 0.0000 0.0000 1240.0000 375.0000 1.5342 1.5969 3.6283 5.4416 1.5937 1.3493 -7.7722 0.0030
Car -1 -1 -9.0607 0.0000 0.0000 1240.0000 375.0000 1.5499 1.5991 3.6808 5.8072 1.5911 1.4073 -7.7732 0.0030
Car -1 -1 -5.8270 1240.0000 186.3318 1240.0000 375.0000 1.5427 1.5991 3.6674 6.2468 1.5495 2.3997 -4.6620 0.0030
Car -1 -1 -9.0364 0.0000 0.0000 1240.0000 375.0000 1.5498 1.5912 3.6037 5.0304 1.5855 1.3113 -7.7726 0.0030
Car -1 -1 -8.9981 0.0000 0.0000 1240.0000 375.0000 1.5554 1.5871 3.5765 4.2540 1.5802 1.2457 -7.7723 0.0030
Car -1 -1 -6.4994 0.0000 0.0000 1240.0000 375.0000 1.5496 1.5894 3.6578 -5.4195 1.6560 1.3949 -7.7710 0.0030
Car -1 -1 -8.0599 716.6168 168.4366 745.8889 186.9103 1.5455 1.7168 3.9284 10.6206 0.1419 62.1337 -7.8917 0.0029
Car -1 -1 -8.2179 709.6367 169.7129 744.9088 188.3170 1.5470 1.6967 3.9342 10.2290 0.2580 61.8719 -8.0551 0.0026
Car -1 -1 -6.3525 712.4873 171.2169 799.9017 208.0445 1.5580 1.6045 3.6333 6.3912 0.9659 31.4407 -6.1541 0.0026
Pedestrian -1 -1 -5.5128 0.0000 201.0363 37.6354 367.8766 1.4646 0.5105 0.4002 -5.7262 1.6167 6.6319 -6.2052 0.0025
Car -1 -1 -4.6383 584.3644 172.6240 610.4499 196.4007 1.8371 1.7817 4.3616 -0.8111 0.8644 57.7734 -4.6527 0.0024
Car -1 -1 -4.6297 587.4970 174.0516 611.1663 197.8138 1.8394 1.5799 3.9731 -0.6622 0.9754 57.6837 -4.6415 0.0024
Car -1 -1 -6.3148 707.8932 170.3503 783.3904 208.8456 1.6205 1.6115 3.1478 5.9218 0.9949 31.2980 -6.1298 0.0023
Pedestrian -1 -1 -7.9045 841.1431 170.3660 858.8425 208.8476 1.8126 0.7613 0.7292 11.5208 1.1133 34.3129 -7.5835 0.0023
Car -1 -1 -8.1054 719.7655 167.9718 751.3286 186.9403 1.5893 1.7556 3.9461 11.0131 0.1447 62.2667 -7.9315 0.0022
Car -1 -1 -5.0408 573.1256 173.5635 613.4487 195.0939 1.6748 1.8027 4.8537 -1.2502 0.7686 58.5066 -5.0625 0.0022
Car -1 -1 -4.4678 539.4474 182.2856 582.7420 206.3536 1.3340 1.5907 4.0475 -2.6993 1.1717 41.9761 -4.5320 0.0022
Cyclist -1 -1 -6.7178 781.8790 168.9460 822.7402 210.3930 1.7448 0.5856 1.5848 8.2618 1.0600 30.6869 -6.4575 0.0022
Car -1 -1 -4.8003 580.3852 172.3254 609.1455 195.7705 1.8062 1.8950 4.7396 -1.1081 0.8133 57.8378 -4.8197 0.0020
Car -1 -1 -7.5294 374.1696 182.5788 468.1747 235.0634 1.5317 1.6498 4.2298 -5.9201 1.4549 23.1504 -7.7774 0.0019
Car -1 -1 -4.2341 580.2398 173.3125 619.1413 196.4235 1.7061 1.5981 3.3806 -0.6054 0.8275 54.9359 -4.2454 0.0019
Pedestrian -1 -1 -6.3609 597.5624 176.0917 605.6745 197.8861 1.6146 0.6700 0.5537 -0.4806 0.9388 53.6127 -6.3702 0.0016
Car -1 -1 -5.1978 722.6655 167.8562 760.6360 186.6127 1.5640 1.6952 3.6650 11.4832 0.1166 61.9418 -5.0156 0.0015
Car -1 -1 -4.9078 580.1641 171.9113 612.7942 195.6956 1.8425 1.7354 4.7890 -0.9797 0.8120 58.2118 -4.9249 0.0013
Car -1 -1 -5.1860 729.1869 167.5995 768.2715 189.0391 1.7600 1.6539 3.9037 11.9254 0.3140 61.1163 -4.9946 0.0013
Cyclist -1 -1 -8.0197 597.4432 177.4248 611.6301 213.6076 1.5923 0.3881 1.5366 -0.1901 1.2496 32.4252 -8.0259 0.0012
Car -1 -1 -4.7424 606.2482 175.1987 627.4041 193.7908 1.5138 1.6609 3.6412 0.7193 0.6984 60.3658 -4.7310 0.0012
Cyclist -1 -1 -7.3505 597.4471 174.7254 613.8666 198.7587 1.7775 0.3913 1.8539 -0.1704 1.0018 54.0739 -7.3541 0.0010
Cyclist -1 -1 -7.4879 598.0856 174.1990 612.9718 200.0504 1.9057 0.5089 1.7979 -0.1802 1.0937 53.9231 -7.4916 0.0009
Cyclist -1 -1 -8.2375 746.6800 166.6630 771.5775 204.1416 1.6159 0.4700 1.7052 6.6601 0.8162 31.8749 -8.0336 0.0008
Cyclist -1 -1 -3.9247 772.4408 170.1452 805.2752 207.9734 1.6274 0.4418 1.5337 7.9046 0.9792 31.5099 -3.6814 0.0008
Cyclist -1 -1 -5.0832 837.8134 169.9455 863.3577 207.1808 1.7363 0.6421 1.5181 11.5355 1.0244 34.2953 -4.7616 0.0007
Pedestrian -1 -1 -4.2472 775.8862 168.8910 794.0563 206.5278 1.6442 0.5582 0.6317 7.8081 0.9312 31.8245 -4.0090 0.0006
Cyclist -1 -1 -4.0088 775.7802 168.6149 806.0620 207.9510 1.6711 0.4357 1.4563 7.9007 0.9660 31.1392 -3.7628 0.0005
Car -1 -1 -4.7203 776.4233 175.7264 813.2713 209.6170 1.3967 1.4783 3.6343 8.1480 1.0058 31.5674 -4.4703 0.0005
Cyclist -1 -1 -7.5552 776.7975 167.1518 797.5980 207.2203 1.7164 0.4781 1.4738 7.8439 0.9427 31.5478 -7.3140 0.0005
Pedestrian -1 -1 -7.8931 762.8193 168.5532 775.8655 200.4585 1.4011 0.5440 0.4702 7.1182 0.6695 31.8481 -7.6754 0.0004
Pedestrian -1 -1 -4.1555 249.9207 210.6948 292.1965 303.5186 1.3265 0.4160 0.4013 -5.0245 1.7111 10.6213 -4.5881 0.0004
Cyclist -1 -1 -4.4625 780.4400 169.1919 797.0848 204.9530 1.5299 0.4027 1.2936 7.8779 0.8445 31.4176 -4.2193 0.0004
Cyclist -1 -1 -8.2179 757.7872 169.3207 777.4313 200.9093 1.3802 0.3914 1.3651 7.0942 0.6859 32.1129 -8.0026 0.0004
Cyclist -1 -1 -8.0367 767.7759 168.5553 783.7527 203.2459 1.5141 0.4329 1.4485 7.4582 0.7871 32.1087 -7.8107 0.0004
Cyclist -1 -1 -7.6776 604.8428 175.6850 619.8868 210.8434 1.5394 0.4205 1.5049 0.1763 1.1222 32.2523 -7.6726 0.0004
Cyclist -1 -1 -7.8663 601.2664 177.4112 612.2736 214.3064 1.5961 0.4644 1.6293 -0.0881 1.2586 31.9159 -7.8695 0.0004
Pedestrian -1 -1 -5.7407 766.6185 177.3631 780.0075 207.6414 1.2966 0.4878 0.3658 7.1211 0.9605 31.0866 -5.5179 0.0003
Pedestrian -1 -1 -4.4309 769.7483 169.4234 784.4774 200.7195 1.3718 0.5225 0.4840 7.4661 0.6798 31.8491 -4.2030 0.0003
Pedestrian -1 -1 -4.9550 768.5947 178.4660 781.9760 210.8353 1.3771 0.4651 0.4391 7.1383 1.0901 30.8057 -4.7297 0.0003
Cyclist -1 -1 -4.9211 782.6444 165.0298 804.0858 209.2984 1.8408 0.5133 1.8305 7.9040 1.0016 30.8162 -4.6726 0.0003
Cyclist -1 -1 -4.7932 774.3282 174.0542 790.7872 209.7175 1.4935 0.5575 1.5486 7.4687 1.0263 30.9124 -4.5586 0.0002
Pedestrian -1 -1 -4.1999 776.3434 170.6651 795.8562 209.5007 1.6744 0.5859 0.6495 7.7596 1.0472 31.4300 -3.9603 0.0002
Cyclist -1 -1 -8.3436 759.0064 171.2460 781.8849 202.1245 1.3355 0.3852 1.3661 7.1492 0.7315 31.8008 -8.1247 0.0002
Cyclist -1 -1 -3.4221 765.6356 168.6218 803.2969 205.4654 1.5632 0.5341 1.4759 7.5256 0.8593 30.7977 -3.1849 0.0002
Cyclist -1 -1 -8.3226 758.7748 173.8035 784.4258 206.3059 1.3878 0.4326 1.5596 7.1294 0.9007 31.5036 -8.1024 0.0002
Cyclist -1 -1 -4.7335 772.8495 171.8970 786.7238 207.0024 1.4828 0.5473 1.4394 7.4022 0.9204 31.1240 -4.5024 0.0002
Pedestrian -1 -1 -3.9171 774.9475 176.4141 790.9180 207.5223 1.3199 0.5103 0.4311 7.4729 0.9466 30.8308 -3.6817 0.0001
Cyclist -1 -1 -7.9702 772.3119 171.9330 786.1014 204.4145 1.3977 0.4198 1.4475 7.5092 0.8263 31.6748 -7.7397 0.0001
Cyclist -1 -1 -3.3157 765.7595 169.7621 801.2477 205.9620 1.5491 0.5692 1.4119 7.5540 0.8879 31.0895 -3.0798 0.0001
Pedestrian -1 -1 -4.2612 772.4644 173.4350 787.6021 205.6277 1.3771 0.5214 0.3837 7.4055 0.8733 31.0631 -4.0296 0.0001
Pedestrian -1 -1 -4.6460 772.6591 169.7962 787.4183 205.9057 1.5581 0.5920 0.5718 7.4838 0.8929 31.3791 -4.4143 0.0001
Cyclist -1 -1 -4.6788 774.5724 170.9993 784.6804 204.2762 1.4274 0.3942 1.2385 7.4927 0.8177 31.4836 -4.4475 0.0001
