Car -1 -1 -7.5330 169.9659 172.7917 471.1435 374.0000 1.6408 1.6840 4.1189 -2.7975 1.6400 7.9064 -7.8637 0.9998
Car -1 -1 -4.5366 446.3858 176.5674 479.3152 200.2075 1.5444 1.6182 3.5413 -10.0841 1.8080 49.4902 -4.7370 0.9782
Car -1 -1 -7.7939 591.9799 172.6477 621.1346 197.2356 1.5221 1.6544 3.9824 -0.2172 1.5090 46.7004 -7.7990 0.9501
Cyclist -1 -1 -2.5742 711.1344 152.6527 807.3019 253.6036 1.8019 0.4895 1.7970 2.7449 1.4410 13.6754 -2.3812 0.9323
Cyclist -1 -1 -8.8483 709.6074 151.8573 809.4798 253.9832 1.8173 0.5080 1.8718 2.7476 1.4434 13.6733 -8.6550 0.8988
Car -1 -1 -7.7984 591.2952 172.8664 619.6283 197.3505 1.5143 1.6159 4.0112 -0.2887 1.5149 46.6715 -7.8050 0.8473
Pedestrian -1 -1 -6.9257 680.0955 164.5159 716.9351 236.8773 1.6885 0.6416 0.6115 2.0635 1.4936 17.2671 -6.8096 0.8293
Pedestrian -1 -1 -3.5298 705.0336 154.5474 750.3782 242.6427 1.8243 0.6763 0.7494 2.4449 1.4449 15.3576 -3.3757 0.7886
Pedestrian -1 -1 -6.9650 678.2976 163.4827 714.5839 236.6683 1.7033 0.6185 0.6043 2.0083 1.4849 17.2157 -6.8517 0.7867
Car -1 -1 -4.5395 447.1421 176.7118 479.4683 200.0207 1.5173 1.5949 3.4421 -10.0136 1.7899 49.2876 -4.7392 0.7744
Car -1 -1 -4.4069 308.7322 182.4125 382.9070 225.0443 1.4374 1.5200 3.8587 -9.8910 1.8229 27.1651 -4.7534 0.7364
Pedestrian -1 -1 -7.0332 679.9431 163.0350 717.9303 236.1643 1.7003 0.6237 0.6485 2.0693 1.4717 17.2199 -6.9164 0.7341
Cyclist -1 -1 -2.8554 700.8478 153.1759 781.8794 237.6038 1.8398 0.5589 1.7194 2.9180 1.4107 16.3546 -2.6827 0.7322
Pedestrian -1 -1 -8.7702 715.3036 151.5087 768.1458 238.0371 1.8902 0.5771 1.0392 2.9240 1.4236 16.3399 -8.5970 0.7194
Car -1 -1 -4.3103 295.6205 181.7553 382.2916 226.0218 1.4825 1.5732 4.0366 -10.0861 1.8412 27.0446 -4.6645 0.6855
Car -1 -1 -4.5469 444.8076 175.3875 479.1198 199.8532 1.6019 1.7224 3.6791 -10.1432 1.7820 49.4996 -4.7483 0.6647
Pedestrian -1 -1 -6.0474 319.3337 166.1091 355.9896 258.2381 1.8621 0.5782 0.5890 -5.6712 1.7255 14.9065 -6.4057 0.6505
Car -1 -1 -4.4879 317.2290 183.8876 382.1724 227.3034 1.4624 1.5153 3.6508 -9.7624 1.9066 27.1717 -4.8302 0.5836
Car -1 -1 -4.7628 592.9861 171.1220 622.7273 196.1824 1.5561 1.7101 4.3481 -0.2169 1.4483 47.0224 -4.7678 0.5204
Pedestrian -1 -1 -3.6559 677.0172 163.3107 692.3667 190.3172 1.7668 0.6226 0.8059 4.8982 1.1421 47.6497 -3.5544 0.4999
Pedestrian -1 -1 -8.4240 717.0975 152.8865 764.3364 237.9595 1.8648 0.6029 1.0088 2.9072 1.4268 16.3981 -8.2524 0.4935
Car -1 -1 -7.9817 301.0399 176.5422 337.3804 205.1696 1.6497 1.5898 3.8185 -17.8660 1.8857 44.1637 -8.3644 0.4681
Pedestrian -1 -1 -5.9931 323.2469 166.0769 359.9950 257.4227 1.8512 0.5711 0.5724 -5.5971 1.7136 14.9259 -6.3466 0.4652
Pedestrian -1 -1 -3.8685 700.6699 156.2478 747.3444 243.3494 1.7808 0.6356 0.7361 2.3497 1.4410 15.2190 -3.7190 0.4446
Pedestrian -1 -1 -3.3655 254.2885 176.5461 273.8324 214.2928 1.7075 0.7020 0.6731 -15.9687 1.8796 33.2172 -3.8108 0.4244
Car -1 -1 -4.4814 307.1174 183.4497 378.8176 228.9808 1.4941 1.5889 4.0848 -9.8539 1.9183 26.7869 -4.8312 0.4072
Car -1 -1 -7.5967 320.6060 181.4681 383.8622 223.1596 1.4563 1.4543 3.4263 -9.8636 1.8078 27.7003 -7.9362 0.4063
Pedestrian -1 -1 -3.7139 674.3324 163.8856 690.7376 190.6376 1.7489 0.6378 0.8712 4.7564 1.1623 47.6525 -3.6154 0.3736
Cyclist -1 -1 -8.4958 708.7262 152.2778 776.6761 239.6607 1.8683 0.5489 1.7766 2.9221 1.4280 16.3431 -8.3228 0.3688
Pedestrian -1 -1 -3.4193 714.0437 152.9171 762.2015 237.1512 1.8666 0.6309 0.9347 2.8430 1.4245 16.3540 -3.2510 0.3679
Car -1 -1 -7.5590 311.8711 181.1825 383.1420 224.0975 1.4958 1.5748 3.6335 -10.0391 1.8369 27.7227 -7.9038 0.3255
Car -1 -1 -8.0089 295.2672 176.4808 334.3701 205.0817 1.6435 1.6184 3.9839 -18.1217 1.8757 44.1252 -8.3967 0.2876
Pedestrian -1 -1 -3.8931 147.1484 209.3325 190.8605 288.2652 1.3186 0.4749 0.4477 -7.7464 1.9691 12.5927 -4.4356 0.2841
Car -1 -1 -7.3299 92.4452 186.6487 195.9876 231.8611 1.4160 1.5621 3.3858 -16.3035 1.9338 25.3748 -7.8965 0.2666
Car -1 -1 -4.4772 388.1028 179.8651 455.1094 220.1994 1.4160 1.6041 4.1009 -7.2894 1.7090 28.1124 -4.7290 0.2409
Pedestrian -1 -1 -7.0655 710.3717 154.8774 761.6496 238.4548 1.8381 0.6586 0.9680 2.8154 1.4425 16.4172 -6.8995 0.2360
Car -1 -1 -7.8809 307.9776 176.4955 338.1254 205.0782 1.6455 1.6119 3.7890 -17.6121 1.8783 44.1227 -8.2589 0.2150
Pedestrian -1 -1 -3.5262 145.8904 176.4739 159.8679 198.6278 1.8231 0.6046 0.8160 -38.0675 2.1266 60.0494 -4.0893 0.2043
Car -1 -1 -7.4553 88.6707 186.4650 189.8549 232.6308 1.4313 1.6405 3.7931 -16.5842 1.9512 25.5646 -8.0262 0.1927
Pedestrian -1 -1 -6.5975 302.8708 175.3592 320.2030 206.2126 1.7859 0.5315 0.8151 -17.5362 1.9341 42.3079 -6.9885 0.1788
Car -1 -1 -7.6769 89.3631 186.7634 168.9533 233.3748 1.4243 1.6413 3.9896 -16.9155 1.9570 25.4915 -8.2582 0.1712
Pedestrian -1 -1 -7.5194 233.9683 179.5820 255.6891 219.7371 1.6802 0.6232 0.7184 -15.5859 1.9701 30.7220 -7.9857 0.1443
Car -1 -1 -4.5119 387.0425 179.2899 451.3950 220.9625 1.4130 1.5446 4.1282 -7.1482 1.6742 27.2170 -4.7668 0.1384
Car -1 -1 -2.8304 170.0199 177.4658 282.9371 212.0386 1.5353 1.6774 4.3325 -17.7871 1.7572 33.5620 -3.3147 0.1282
Car -1 -1 -4.5098 389.4772 179.9709 453.4021 220.7820 1.4097 1.5777 4.0786 -7.1982 1.7033 27.7231 -4.7619 0.1144
Car -1 -1 -7.3040 100.2982 186.9953 206.3262 232.3713 1.4270 1.5482 3.5217 -16.0943 1.9623 25.5595 -7.8615 0.1124
Car -1 -1 -7.2992 94.0085 186.3875 203.4118 231.8611 1.4327 1.5764 3.6512 -16.3084 1.9479 25.6535 -7.8610 0.1107
Car -1 -1 -2.7115 171.6098 178.5545 285.6676 211.9928 1.5083 1.6998 4.4258 -17.8508 1.7830 33.8395 -3.1939 0.1072
Car -1 -1 -4.5182 381.8363 180.7242 449.4491 222.9206 1.4248 1.6448 4.4568 -7.3435 1.7492 27.4898 -4.7773 0.1059
Car -1 -1 -2.8290 297.9433 179.9920 441.5276 229.8884 1.4411 1.5668 3.8304 -7.2487 1.6649 21.8587 -3.1461 0.0941
Car -1 -1 -4.5299 138.5933 185.0581 174.2404 205.6386 1.4656 1.6659 3.8391 -35.1509 2.4471 55.9539 -5.0889 0.0914
Car -1 -1 -3.9743 0.0000 190.3395 102.4144 245.3262 1.3983 1.6770 4.3276 -17.9473 1.9838 21.9635 -4.6536 0.0901
Car -1 -1 -2.9658 165.9949 178.5149 280.6092 214.1115 1.5479 1.6816 4.4377 -17.7852 1.8207 33.3266 -3.4530 0.0852
Car -1 -1 -4.5726 137.3170 184.9476 172.2545 205.6255 1.4641 1.7039 4.3416 -35.3915 2.4438 56.1425 -5.1331 0.0844
Car -1 -1 -3.1419 295.8104 179.8825 440.2247 234.0374 1.4691 1.5544 3.8980 -7.1204 1.6892 21.2754 -3.4616 0.0770
Car -1 -1 -2.9574 297.1920 180.4995 441.1520 232.1470 1.4518 1.5703 3.8667 -7.1627 1.6916 21.6224 -3.2741 0.0746
Car -1 -1 -2.7091 304.6968 180.4820 447.4174 230.5957 1.4436 1.5605 3.8614 -7.1614 1.6876 22.1018 -3.0194 0.0632
Car -1 -1 -4.0125 0.0000 188.0502 100.4987 244.4695 1.4673 1.6967 4.3700 -18.1129 1.9799 22.1527 -4.6921 0.0605
Pedestrian -1 -1 -7.6247 777.2693 165.6054 793.2342 201.0371 1.8347 0.6679 0.7264 9.1530 1.4591 37.8372 -7.3896 0.0465
Car -1 -1 -2.8267 314.1313 182.1127 449.7513 230.4869 1.3883 1.5393 3.6078 -6.8701 1.6779 21.8032 -3.1289 0.0427
Car -1 -1 -2.5307 307.0619 179.8347 450.2692 230.4390 1.4483 1.6219 4.0362 -7.2147 1.6781 22.4053 -2.8392 0.0408
Car -1 -1 -8.3114 724.4307 153.6819 780.2469 191.1066 2.2873 1.7511 4.3926 9.0559 1.1152 46.4472 -8.1204 0.0144
Car -1 -1 -5.0159 334.5205 177.1206 375.4655 198.8845 1.3456 1.5291 3.5747 -16.7564 1.6358 47.2395 -5.3552 0.0084
Cyclist -1 -1 -7.8401 778.5213 167.0366 793.0948 201.9163 1.7816 0.7237 1.6578 9.1655 1.4841 37.7472 -7.6042 0.0084
Car -1 -1 -1.9451 329.1928 177.0854 376.1704 200.1715 1.4148 1.6029 3.7836 -16.7846 1.7010 46.8889 -2.2873 0.0077
Car -1 -1 -4.3675 438.3207 176.2627 472.7398 195.5105 1.5658 1.6350 3.9294 -13.1428 1.8656 61.4805 -4.5775 0.0077
Car -1 -1 -4.1285 438.0857 176.4034 479.4461 195.9284 1.5833 1.5917 3.8333 -12.8388 1.8949 61.3392 -4.3343 0.0071
Car -1 -1 -4.9768 337.4741 176.5040 378.9647 198.6217 1.3711 1.5994 3.9585 -16.6432 1.6217 47.5027 -5.3124 0.0064
Cyclist -1 -1 -3.3951 690.3070 155.6201 765.1942 242.7044 1.8176 0.4137 1.5159 2.4440 1.4576 15.3411 -3.2409 0.0059
Cyclist -1 -1 -7.6570 778.8215 165.7357 799.5496 202.1439 1.8631 0.7348 1.7406 9.3737 1.4985 37.8661 -7.4166 0.0057
Pedestrian -1 -1 -3.8331 0.0000 204.1861 25.5166 262.2052 1.3896 0.5613 0.4826 -15.0084 2.1785 17.8840 -4.5241 0.0048
Car -1 -1 -5.0130 421.9654 175.0763 455.2262 195.1457 1.6265 1.5934 4.1115 -14.5786 1.8212 61.1328 -5.2465 0.0044
Car -1 -1 -4.3893 435.9398 175.8130 470.4794 196.1283 1.6509 1.6057 4.2601 -13.3364 1.9118 61.4833 -4.6023 0.0044
Car -1 -1 -4.9303 341.1629 176.0801 378.0689 198.3441 1.3861 1.5487 3.6042 -16.5193 1.6065 47.4251 -5.2640 0.0039
Car -1 -1 -7.3028 201.9976 184.3419 258.8905 211.0047 1.5881 1.6055 3.5620 -24.3673 2.3555 46.3870 -7.7844 0.0037
Car -1 -1 -4.5454 435.6271 175.3595 464.5366 196.2724 1.7014 1.6972 4.3937 -13.6051 1.9224 61.4762 -4.7626 0.0036
Pedestrian -1 -1 -3.9746 0.0000 200.6362 26.6802 257.3004 1.3947 0.4381 0.3350 -15.0478 2.0987 18.1131 -4.6608 0.0036
Car -1 -1 -7.8488 444.4138 178.8839 477.9578 209.2934 1.4137 1.5696 3.6508 -7.5055 1.7327 36.2589 -8.0519 0.0034
Car -1 -1 -6.0849 779.7610 170.6547 856.3102 201.6168 1.3948 1.4810 3.2306 9.7288 1.2954 33.9014 -5.8081 0.0030
Car -1 -1 -4.7520 437.5777 175.2195 459.4232 196.3744 1.7152 1.6405 4.2327 -13.7643 1.9231 61.2608 -4.9724 0.0025
Pedestrian -1 -1 -2.8156 286.1602 175.4074 291.1760 196.5040 1.7221 0.5291 0.2181 -26.4071 1.9324 59.2398 -3.2335 0.0024
Car -1 -1 -5.0688 425.4715 175.8220 461.6348 195.4028 1.5844 1.6610 4.1000 -14.1763 1.8448 61.2100 -5.2957 0.0020
Pedestrian -1 -1 -2.7295 284.3736 174.4355 289.1122 197.7122 1.9024 0.4845 0.1756 -26.5688 2.0325 59.2477 -3.1496 0.0017
Pedestrian -1 -1 -2.9576 127.7759 175.5461 142.5196 199.7185 1.9908 0.6866 0.9141 -39.5248 2.2163 60.0268 -3.5380 0.0016
Car -1 -1 -4.4834 780.0656 172.2417 822.7832 201.7259 1.3186 1.2780 3.1133 8.9956 1.2909 33.9432 -4.2269 0.0015
Car -1 -1 -7.0091 774.3754 167.7851 842.8851 197.4783 1.3682 1.4042 2.9859 9.4688 1.1343 34.5393 -6.7440 0.0012
Car -1 -1 -7.6896 772.9052 164.0393 819.0163 197.9910 1.5493 1.6698 3.1001 8.9317 1.1467 34.6801 -7.4399 0.0010
Cyclist -1 -1 -2.2764 347.5891 172.7054 376.4323 200.5554 1.7627 0.7476 1.8314 -16.0033 1.7530 46.4557 -2.6067 0.0010
Car -1 -1 -3.6326 758.5750 168.4653 841.1760 199.8215 1.4391 1.4926 3.5034 8.9550 1.2374 34.2542 -3.3794 0.0009
Car -1 -1 -8.0380 774.9188 167.4460 818.0114 195.9048 1.3108 1.4803 2.9518 8.8949 1.0614 34.7534 -7.7898 0.0009
Car -1 -1 -7.5561 782.1491 170.4012 828.2846 197.7643 1.2636 1.3546 2.9602 9.4391 1.1500 34.9327 -7.2946 0.0008
Car -1 -1 -7.8209 782.2574 170.7772 813.9855 198.9184 1.3057 1.4046 3.0632 9.1505 1.2090 35.1453 -7.5686 0.0007
Car -1 -1 -4.5282 779.1092 167.2367 823.6635 198.0835 1.3915 1.4732 3.3437 9.1135 1.1378 34.3742 -4.2715 0.0007
Car -1 -1 -7.8255 782.7907 167.8394 819.7844 201.2554 1.5362 1.6477 4.2990 9.4085 1.3054 35.4646 -7.5686 0.0006
Car -1 -1 -7.5768 782.2651 168.4803 835.7634 200.1869 1.4503 1.5071 3.8949 9.6769 1.2499 35.0603 -7.3100 0.0006
Pedestrian -1 -1 -6.9157 1032.9159 147.6630 1073.9463 227.3960 1.5253 0.5455 0.4439 8.6020 1.0431 14.0957 -6.3772 0.0005
Pedestrian -1 -1 -5.0087 1152.2717 168.5047 1195.0455 263.6620 1.4309 0.3967 0.4627 8.6347 1.3652 11.1350 -4.3623 0.0004
Pedestrian -1 -1 -6.7777 1043.4872 146.5946 1075.8867 225.6621 1.4889 0.4886 0.3315 8.5659 0.9941 13.8396 -6.2331 0.0003
Pedestrian -1 -1 -4.7955 1148.3646 162.7993 1184.1869 261.1100 1.4942 0.4027 0.4156 8.6106 1.3411 11.2495 -4.1552 0.0002
Pedestrian -1 -1 -3.5135 1034.9624 144.7755 1068.3998 228.9072 1.5777 0.4622 0.4007 8.3826 1.0509 13.7917 -2.9770 0.0001
