Car -1 -1 -4.2010 152.9216 184.2121 262.1646 232.1742 1.5165 1.6668 3.9495 -14.2526 1.9526 25.7362 -4.7027 0.9982
Pedestrian -1 -1 -4.9678 760.2007 174.9111 784.2016 223.2677 1.7016 0.6423 0.8472 5.7606 1.7762 25.8621 -4.7517 0.8689
Car -1 -1 -4.1937 151.5889 183.4263 260.8622 231.7707 1.5247 1.6179 3.9623 -14.2354 1.9290 25.6215 -4.6967 0.8367
Pedestrian -1 -1 -8.5092 710.3800 171.9765 727.4417 203.3449 1.8941 0.7339 0.7352 6.6149 1.8408 44.0684 -8.3617 0.6925
Pedestrian -1 -1 -4.9859 758.9308 174.6490 782.6980 222.8802 1.6984 0.6308 0.8171 5.7123 1.7635 25.8665 -4.7717 0.6729
Pedestrian -1 -1 -4.9811 759.7303 175.2193 783.8498 223.6951 1.7102 0.6315 0.8807 5.7667 1.7964 25.9559 -4.7656 0.6419
Pedestrian -1 -1 -8.4128 710.3756 172.3900 726.8019 203.2741 1.8691 0.7355 0.6964 6.6048 1.8407 44.1335 -8.2657 0.6100
Car -1 -1 -4.1586 146.4527 185.8152 258.3525 233.3664 1.4723 1.6504 3.8085 -14.2163 1.9620 25.3392 -4.6656 0.6097
Pedestrian -1 -1 -4.5281 840.2879 164.9562 864.4514 215.6461 1.8107 0.6795 0.9451 8.8099 1.5283 26.3520 -4.2094 0.5762
Pedestrian -1 -1 -4.3863 842.3663 164.9729 869.2018 214.5647 1.7730 0.6704 0.9273 8.9392 1.4910 26.3686 -4.0633 0.5378
Pedestrian -1 -1 -5.0010 761.9882 174.4373 785.3408 223.0391 1.7042 0.6047 0.8069 5.7885 1.7613 25.7515 -4.7830 0.4741
Pedestrian -1 -1 -4.6679 844.5591 166.0263 865.1827 215.2538 1.7672 0.6813 0.9053 8.9338 1.5218 26.4472 -4.3461 0.4344
Pedestrian -1 -1 -7.6582 771.2110 171.2630 787.1920 205.6525 1.7664 0.6679 0.8087 8.7727 1.6843 37.5665 -7.4310 0.3626
Pedestrian -1 -1 -4.7002 841.5189 166.0191 860.7715 216.0148 1.7992 0.6597 0.8615 8.8052 1.5529 26.4797 -4.3830 0.3422
Pedestrian -1 -1 -3.9943 1026.9758 164.8963 1073.2915 246.4574 1.6566 0.6597 0.4967 9.1177 1.4947 15.0464 -3.4587 0.1742
Pedestrian -1 -1 -7.2652 773.4742 171.0147 792.3528 205.3806 1.7664 0.6677 0.7232 8.9663 1.6716 37.5784 -7.0332 0.1509
Car -1 -1 -8.3561 1163.1814 157.8892 1235.3197 194.7467 2.2925 1.8663 4.1432 38.3078 1.3614 47.0838 -7.6764 0.1502
Car -1 -1 -8.4676 1162.2633 158.8359 1239.9421 194.3168 2.1926 1.8290 4.1343 38.1198 1.3260 46.7121 -7.7865 0.1355
Pedestrian -1 -1 -7.9656 1162.2931 184.3549 1187.2421 233.7390 1.7749 0.6549 0.6123 20.7402 2.2050 26.5656 -7.3087 0.0919
Pedestrian -1 -1 -4.2831 1020.9482 163.6452 1062.8315 246.6795 1.7065 0.5981 0.5213 9.0567 1.5169 15.2235 -3.7555 0.0691
Car -1 -1 -8.4374 1154.4585 158.5519 1227.9042 194.7003 2.2745 1.7674 4.1370 38.1505 1.3743 47.5402 -7.7644 0.0589
Pedestrian -1 -1 -3.3006 671.3027 174.1407 679.0403 193.8319 1.8453 0.5429 0.6471 6.1154 1.9667 67.9494 -3.2117 0.0582
Pedestrian -1 -1 -3.3595 670.5938 173.7700 680.0959 193.4606 1.8422 0.4713 0.8061 6.1199 1.9284 67.8183 -3.2703 0.0491
Pedestrian -1 -1 -3.0541 669.6478 173.3621 678.6349 193.3365 1.8688 0.4881 0.8026 6.0102 1.9164 67.8314 -2.9665 0.0433
Car -1 -1 -4.9876 1038.4890 173.1132 1086.1841 199.4715 1.5927 1.6577 3.4540 28.4424 1.6094 45.5238 -4.4324 0.0374
Pedestrian -1 -1 -6.0579 670.4645 174.2659 677.9961 193.5941 1.8093 0.5724 0.5944 6.0298 1.9427 67.9584 -5.9702 0.0338
Pedestrian -1 -1 -6.5725 1191.9167 190.4936 1224.7125 242.0032 1.7634 0.6972 0.7183 21.0689 2.3972 25.4769 -5.8880 0.0278
Car -1 -1 -4.0511 194.1237 185.0473 272.2131 211.5407 1.3751 1.6282 4.4465 -21.8265 2.1229 41.9334 -4.5287 0.0272
Car -1 -1 -4.1325 202.7121 183.8570 276.8425 210.4713 1.4127 1.6601 4.5577 -21.7840 2.0980 42.6026 -4.6029 0.0265
Car -1 -1 -5.4390 1034.4941 173.8049 1104.6669 195.9390 1.6442 1.8549 4.8532 35.7636 1.7216 56.3633 -4.8763 0.0206
Car -1 -1 -5.3721 1029.5083 173.6006 1096.6500 195.9125 1.6846 1.8835 4.9009 35.7700 1.7461 57.1812 -4.8158 0.0201
Car -1 -1 -4.4096 138.3425 183.0688 195.8972 211.9416 1.4949 1.6657 3.9841 -25.1190 2.1053 41.0019 -4.9566 0.0198
Car -1 -1 -4.6517 146.8147 184.5488 182.5549 212.9059 1.4416 1.4710 3.5983 -24.8056 2.1243 40.2088 -5.2017 0.0174
Car -1 -1 -4.0528 189.1387 182.5580 265.4818 209.8062 1.4173 1.6423 4.1703 -21.8359 2.0018 41.2910 -4.5368 0.0146
Car -1 -1 -7.7144 160.4531 182.9452 235.7449 231.5589 1.6931 1.9973 4.1157 -16.1140 2.1213 28.3571 -8.2274 0.0142
Car -1 -1 -4.0567 1045.7500 174.3594 1111.8754 199.9477 1.5517 1.6244 3.6082 29.3826 1.6487 45.2862 -3.4845 0.0135
Car -1 -1 -4.7549 1057.2988 174.3907 1090.1404 200.1671 1.5552 1.5879 3.3725 29.2367 1.6559 45.6109 -4.1882 0.0135
Car -1 -1 -4.3685 140.3273 182.9510 201.4585 211.4921 1.4645 1.6661 4.0559 -24.7144 2.0638 40.6990 -4.9116 0.0122
Car -1 -1 -5.0115 1177.5659 188.4047 1241.0000 238.6687 1.5894 1.6678 3.5792 22.0422 2.1922 26.0099 -4.3147 0.0120
Car -1 -1 -4.0031 184.4937 182.8226 267.5387 211.2518 1.4874 1.6918 4.5457 -22.1863 2.0984 41.8404 -4.4883 0.0119
Car -1 -1 -5.0135 1035.6189 173.4106 1087.7588 198.3934 1.5178 1.6754 4.0641 28.7533 1.5548 46.1112 -4.4591 0.0118
Car -1 -1 -4.1322 195.5963 182.6868 270.2729 209.9624 1.4547 1.6616 4.5674 -22.1523 2.0662 42.5371 -4.6101 0.0109
Car -1 -1 -4.7082 1055.4500 173.3276 1087.4034 199.6506 1.5911 1.6461 4.0658 29.2747 1.6223 45.8466 -4.1432 0.0106
Car -1 -1 -4.7737 1048.1962 174.1874 1084.2822 199.4139 1.5221 1.6718 4.1526 28.9924 1.6109 45.9930 -4.2145 0.0097
Car -1 -1 -3.7548 1045.5454 174.0607 1124.1062 200.3506 1.5991 1.6925 3.8045 29.4609 1.6754 44.8855 -3.1773 0.0094
Car -1 -1 -4.9210 1042.4945 173.8068 1084.9515 200.0640 1.5930 1.5292 3.7398 28.7951 1.6560 45.9405 -4.3644 0.0092
Car -1 -1 -7.3682 138.6528 181.1484 210.4268 209.7270 1.5038 1.8146 4.0705 -24.8319 2.0017 41.2556 -7.9074 0.0090
Car -1 -1 -7.2834 136.6322 180.7843 208.8442 210.1631 1.5663 1.7331 3.8604 -25.0778 2.0434 41.4781 -7.8246 0.0089
Car -1 -1 -5.0369 128.3032 185.0803 187.1855 213.4475 1.4395 1.6193 3.8929 -25.1845 2.1499 40.0800 -5.5951 0.0088
Car -1 -1 -5.0130 1032.8489 173.4995 1083.1478 198.8909 1.5416 1.5903 4.0193 28.4889 1.5844 46.0588 -4.4622 0.0088
Car -1 -1 -3.4723 1049.6703 173.1096 1132.9384 199.0376 1.5512 1.6708 3.9398 29.5702 1.5671 44.4946 -2.8892 0.0086
Car -1 -1 -5.0060 1172.3704 188.6465 1241.0000 238.2415 1.5780 1.6091 3.6414 21.9743 2.1950 26.2146 -4.3145 0.0081
Car -1 -1 -4.8138 1050.7567 173.7981 1086.4011 199.8832 1.5789 1.5195 3.7670 29.0528 1.6412 45.8448 -4.2522 0.0079
Car -1 -1 -5.1855 1024.7820 173.0799 1088.8527 199.1024 1.5824 1.7039 4.2708 28.4212 1.5972 46.1078 -4.6363 0.0078
Car -1 -1 -4.3143 135.6149 183.0898 194.6795 210.3391 1.4363 1.5848 3.6551 -25.4861 2.0507 41.4057 -4.8634 0.0078
Car -1 -1 -4.3342 141.3070 183.9779 196.3773 212.8098 1.4722 1.4619 3.3546 -24.4189 2.1157 39.9875 -4.8797 0.0076
Car -1 -1 -6.4120 1002.7521 175.4777 1080.0135 201.1898 1.5460 1.6801 3.9687 26.9385 1.7159 45.2546 -5.8783 0.0073
Car -1 -1 -3.8667 141.8155 183.8498 221.5573 213.4221 1.5083 1.5320 3.7594 -23.8933 2.1535 40.3320 -4.3988 0.0071
Car -1 -1 -4.7532 143.6942 184.2502 177.7011 212.9446 1.4583 1.4610 3.7256 -25.0785 2.1232 40.1704 -5.3086 0.0071
Car -1 -1 -3.7852 135.0051 184.3175 211.8511 213.8537 1.4932 1.5050 3.4006 -24.0379 2.1545 39.7794 -4.3260 0.0068
Car -1 -1 -5.1445 1021.4830 172.8512 1081.4894 200.7527 1.6997 1.6640 4.1601 28.0918 1.6992 46.1138 -4.6005 0.0066
Car -1 -1 -4.6894 144.7335 183.0202 182.0840 212.0847 1.4878 1.6860 4.1042 -25.1525 2.0915 40.6694 -5.2406 0.0065
Car -1 -1 -4.0503 141.4998 184.2085 212.1913 211.1741 1.3906 1.5407 3.5696 -24.3565 2.0593 40.6470 -4.5875 0.0061
Car -1 -1 -8.3927 1052.3496 163.6454 1116.6576 192.8077 2.2739 2.0432 5.0901 38.5560 1.5556 58.8437 -7.8152 0.0051
Car -1 -1 -6.2812 1004.4690 173.6937 1081.7557 200.4913 1.6187 1.7196 4.1087 27.2110 1.6735 45.4883 -5.7453 0.0051
Car -1 -1 -4.7477 138.7505 184.0421 174.9403 211.6705 1.4149 1.5974 3.5295 -25.4409 2.0708 40.4082 -5.3068 0.0044
Pedestrian -1 -1 -7.7901 1004.0062 177.4117 1018.1038 207.2760 1.7298 0.6950 0.4802 23.4766 1.9992 42.3019 -7.2868 0.0042
Car -1 -1 -4.5482 176.7517 183.3934 229.0912 214.5955 1.4002 1.6267 4.0336 -20.2839 1.9578 36.0213 -5.0581 0.0042
Car -1 -1 -3.9458 143.3625 183.8991 220.7955 210.8872 1.3884 1.6878 3.6602 -24.0987 2.0416 40.7144 -4.4776 0.0036
Car -1 -1 -4.3899 179.1544 181.7351 243.2607 213.1559 1.4517 1.6521 4.0170 -20.2070 1.9287 36.6593 -4.8909 0.0036
Car -1 -1 -4.5260 296.7845 176.7649 320.9385 191.9603 1.4215 1.4299 4.2139 -29.5490 1.8171 70.8436 -4.9201 0.0034
Car -1 -1 -4.6593 1144.2299 173.2099 1176.0387 194.2346 1.5312 1.7210 3.9822 41.6952 1.5589 54.6959 -4.0108 0.0033
Car -1 -1 -4.6473 137.3513 183.1507 176.3939 211.4447 1.4549 1.6062 3.9052 -25.5603 2.0659 40.7321 -5.2049 0.0032
Car -1 -1 -4.6395 1104.5720 170.7418 1134.9282 190.7332 1.5694 1.7393 4.0678 41.5132 1.4033 58.7676 -4.0271 0.0030
Car -1 -1 -9.0202 0.0000 0.0000 1241.0000 374.0000 1.5475 1.5900 3.5757 4.6764 1.5709 1.2659 -7.7717 0.0030
Car -1 -1 -4.6422 1098.4182 170.4406 1127.6866 189.7551 1.5387 1.7164 4.0137 41.5362 1.3461 59.5832 -4.0359 0.0030
Car -1 -1 -4.6612 1151.1581 171.3178 1183.2830 193.0983 1.5657 1.7125 3.9570 41.6397 1.4550 53.9292 -4.0066 0.0030
Car -1 -1 -4.6441 1092.7758 171.3860 1121.1373 190.3370 1.5298 1.6961 3.9861 41.5507 1.4110 60.3351 -4.0435 0.0030
Car -1 -1 -9.0516 0.0000 0.0000 1241.0000 374.0000 1.5368 1.5928 3.5910 5.4551 1.5717 1.3393 -7.7719 0.0030
Car -1 -1 -9.0660 0.0000 0.0000 1241.0000 374.0000 1.5470 1.5916 3.6056 5.8283 1.5681 1.3643 -7.7726 0.0030
Car -1 -1 -3.4832 0.0000 0.0000 1241.0000 374.0000 1.5741 1.6049 3.8013 -5.0454 1.6828 1.8031 -4.6619 0.0030
Car -1 -1 -4.7034 297.0100 174.9616 314.6400 190.7151 1.4890 1.5559 4.1724 -29.9324 1.7026 71.0190 -5.1011 0.0029
Car -1 -1 -7.3225 145.3132 181.9430 214.7208 210.5132 1.5078 1.6770 3.8578 -24.5198 2.0513 41.2395 -7.8563 0.0027
Car -1 -1 -8.4841 1049.8495 165.6137 1108.8575 192.0290 2.0825 1.7124 4.5167 38.3855 1.5114 59.1887 -7.9113 0.0026
Car -1 -1 -6.4083 1011.2416 174.2213 1085.6505 200.3271 1.5744 1.7060 3.7945 27.3657 1.6627 45.2229 -5.8674 0.0026
Pedestrian -1 -1 -3.6093 757.4520 180.7058 794.1740 240.2967 1.5382 0.4719 0.8192 4.3221 1.7487 19.0417 -3.3903 0.0022
Car -1 -1 -4.7555 292.7215 175.0012 313.1088 191.5710 1.5601 1.6517 4.5318 -30.2418 1.7781 70.9569 -5.1573 0.0021
Pedestrian -1 -1 -8.5287 1004.7730 173.6660 1023.4990 203.6628 1.9949 0.8450 0.6983 27.0847 2.0495 48.4211 -8.0218 0.0020
Car -1 -1 -4.1293 293.2911 176.8353 331.6372 191.4995 1.3715 1.4032 4.1925 -29.1902 1.7743 70.8655 -4.5189 0.0019
Car -1 -1 -4.4887 128.7191 184.5813 175.3158 211.5545 1.3876 1.4188 3.7738 -25.9242 2.0846 40.8867 -5.0511 0.0018
Cyclist -1 -1 -8.7167 996.1478 171.8336 1025.5157 201.9329 1.9978 0.7336 1.6540 27.0609 1.9298 48.7942 -8.2133 0.0016
Car -1 -1 -4.0248 296.9372 176.1441 339.0901 191.8736 1.4820 1.5471 4.1846 -28.7566 1.8163 71.1424 -4.4079 0.0010
Pedestrian -1 -1 -8.9908 1000.6213 171.2950 1019.6993 202.6672 2.0799 0.9050 0.8167 26.8276 1.9763 48.4337 -8.4880 0.0009
Cyclist -1 -1 -8.9657 989.2476 169.8891 1022.1724 200.3539 2.0205 0.7614 1.8010 26.7243 1.8236 48.8095 -8.4677 0.0009
Cyclist -1 -1 -3.6277 177.0255 175.4362 209.4583 211.0454 1.9600 0.6348 1.4527 -23.4851 2.1079 40.6127 -4.1494 0.0008
Cyclist -1 -1 -3.0550 992.5198 168.6623 1025.8323 200.4255 2.0983 0.8360 1.8979 26.8168 1.8211 48.5394 -2.5532 0.0008
Cyclist -1 -1 -8.8496 990.7833 169.5539 1024.5883 201.4391 2.1047 0.8040 1.8548 26.7585 1.8866 48.6345 -8.3496 0.0007
Cyclist -1 -1 -8.7352 995.7946 171.7592 1027.8274 202.3009 2.0181 0.8154 1.7700 27.0447 1.9455 48.6497 -8.2308 0.0006
Cyclist -1 -1 -3.1525 703.6021 170.3161 730.0978 201.4539 1.8861 0.7253 1.5915 6.4990 1.7321 44.1719 -3.0079 0.0001
Cyclist -1 -1 -3.2693 703.0319 170.5054 731.4818 201.7994 1.8924 0.7559 1.6323 6.5014 1.7501 44.0254 -3.1242 0.0000
