Pedestrian -1 -1 -2.4593 41.0908 154.7801 177.7408 335.2649 1.8204 0.5623 1.0709 -5.2609 1.5614 7.4592 -3.0519 0.9700
Pedestrian -1 -1 -2.4840 44.8556 156.1895 184.1063 333.5286 1.7931 0.5803 1.0862 -5.2170 1.5477 7.4763 -3.0718 0.8377
Pedestrian -1 -1 -5.7814 64.8320 166.2661 117.3846 262.4563 1.7272 0.5531 0.5865 -9.4880 1.4720 13.0043 -6.3983 0.4787
Pedestrian -1 -1 -5.5098 51.1762 166.0933 110.5045 262.1104 1.7159 0.6038 0.6343 -9.6603 1.4588 12.9807 -6.1360 0.2594
Pedestrian -1 -1 -5.7624 70.8051 168.4668 121.3109 263.0676 1.7190 0.5511 0.5608 -9.5011 1.5007 13.1481 -6.3749 0.2492
Pedestrian -1 -1 -5.5427 50.9278 168.5049 111.2050 264.7383 1.6836 0.6247 0.6090 -9.4587 1.4742 12.7153 -6.1685 0.0972
Pedestrian -1 -1 -5.6355 79.0834 166.9319 132.1932 262.9583 1.7257 0.5512 0.5822 -9.2154 1.4822 12.9944 -6.2391 0.0721
Cyclist -1 -1 -7.4503 36.5036 166.8489 110.7761 268.7959 1.6855 0.4245 1.6441 -9.4266 1.4602 12.5383 -8.0810 0.0517
Pedestrian -1 -1 -4.6085 782.6863 182.6919 808.6689 256.6111 1.2937 0.4103 0.4302 3.3693 1.3341 12.6639 -4.3529 0.0484
Pedestrian -1 -1 -4.4282 846.7260 161.1554 880.6727 257.2875 1.6598 0.4654 0.4298 4.5328 1.3262 12.5185 -4.0871 0.0462
Pedestrian -1 -1 -4.2265 828.7844 164.3390 864.7775 258.6795 1.6258 0.4425 0.4556 4.2268 1.3477 12.5024 -3.9064 0.0442
Pedestrian -1 -1 -6.7114 102.4995 174.1063 145.9081 263.2057 1.6348 0.4860 0.5246 -9.1047 1.5178 13.3238 -7.2980 0.0442
Cyclist -1 -1 -7.6538 68.3310 163.9992 123.8166 267.7563 1.7223 0.4632 1.6585 -9.0763 1.4487 12.5890 -8.2647 0.0370
Cyclist -1 -1 -6.9895 4.7559 163.9276 112.0149 265.9929 1.7086 0.4258 1.6248 -9.7911 1.4316 12.6756 -7.6332 0.0224
Pedestrian -1 -1 -4.4399 774.7942 174.0739 807.0259 254.7803 1.4431 0.4621 0.4807 3.3635 1.3286 12.9661 -4.1902 0.0221
Cyclist -1 -1 -7.9696 846.1140 162.6637 883.6811 259.0090 1.6161 0.4117 1.7932 4.6251 1.3173 12.7800 -7.6285 0.0221
Pedestrian -1 -1 -4.0354 831.4406 169.6190 869.2953 263.6000 1.5822 0.4228 0.4608 4.1855 1.3994 12.2058 -3.7113 0.0203
Car -1 -1 -3.9406 0.0000 178.9607 20.6403 220.8026 1.4471 1.5608 4.1085 -24.4819 1.3941 26.5334 -4.6781 0.0137
Cyclist -1 -1 -7.9168 778.7092 170.3522 812.7618 254.1172 1.4374 0.4882 1.5777 3.4269 1.2637 12.9540 -7.6624 0.0113
Car -1 -1 -3.7055 0.0000 178.2589 20.2462 219.4132 1.4254 1.5821 4.0796 -24.8345 1.3480 26.6645 -4.4476 0.0112
Cyclist -1 -1 -8.0154 772.9742 169.3253 808.8413 253.2256 1.4894 0.4328 1.3028 3.4112 1.2914 13.2189 -7.7668 0.0110
Cyclist -1 -1 -7.9911 830.0262 165.2571 872.1106 265.0711 1.6487 0.4544 1.7238 4.2990 1.3973 12.5677 -7.6675 0.0090
Car -1 -1 -3.5122 0.0000 177.4850 20.2965 218.7935 1.4408 1.6422 4.1326 -25.1376 1.3359 26.8785 -4.2565 0.0086
Pedestrian -1 -1 -3.4866 102.0676 179.6267 137.6820 259.0339 1.5092 0.4534 0.4472 -9.4815 1.4929 13.7523 -4.0777 0.0074
Cyclist -1 -1 -7.5324 110.7569 174.0083 168.6649 263.5300 1.5643 0.3521 1.7576 -8.7305 1.4513 13.2503 -8.1022 0.0070
Cyclist -1 -1 -7.6353 63.7983 169.8749 118.5314 264.5901 1.6329 0.4424 1.6962 -9.5032 1.4501 13.0571 -8.2511 0.0062
Cyclist -1 -1 -7.5520 55.9116 165.5933 119.8568 264.2079 1.6859 0.4573 1.6519 -9.4756 1.4314 12.9434 -8.1704 0.0050
Car -1 -1 -3.7443 0.0000 184.2979 26.4125 223.2210 1.3740 1.4901 3.6254 -24.7952 1.5312 27.2744 -4.4746 0.0044
Car -1 -1 -4.0266 0.0000 179.3062 67.6771 228.1403 1.4205 1.6807 3.9226 -19.4711 1.3861 22.5428 -4.7303 0.0043
Pedestrian -1 -1 -4.5277 400.9279 207.8842 426.2964 271.4164 1.0006 0.3460 0.3010 -3.1433 1.4503 11.4391 -4.7870 0.0041
Car -1 -1 -8.9850 0.0000 0.0000 1223.0000 369.0000 1.5892 1.6155 3.5860 4.2089 1.5194 1.2327 -7.7667 0.0038
Cyclist -1 -1 -8.0920 614.4597 174.4160 651.1197 249.5839 1.6333 0.4444 1.7097 0.5743 1.5014 16.2450 -8.0557 0.0037
Car -1 -1 -8.9739 0.0000 0.0000 1223.0000 369.0000 1.5903 1.6036 3.5958 3.8565 1.5314 1.1694 -7.7708 0.0036
Car -1 -1 -4.2266 461.5286 157.6959 586.7466 225.4558 1.7935 1.8833 4.3298 -2.3005 1.1902 21.0745 -4.3318 0.0034
Car -1 -1 -8.9504 0.0000 0.0000 1223.0000 369.0000 1.5607 1.5698 3.5151 3.4456 1.5175 1.1421 -7.7802 0.0033
Car -1 -1 -8.9049 0.0000 0.0000 1223.0000 369.0000 1.5601 1.5813 3.5338 3.0770 1.5241 1.1239 -7.7721 0.0031
Car -1 -1 -8.3474 661.3207 166.9447 743.5621 211.3424 1.6286 1.6428 3.7218 3.7415 1.1316 27.9673 -8.2141 0.0030
Car -1 -1 -9.0741 0.0000 0.0000 1223.0000 369.0000 1.5439 1.6169 3.6575 4.5584 1.5091 1.0191 -7.7882 0.0030
Car -1 -1 -6.5132 0.0000 0.0000 1223.0000 369.0000 1.5347 1.5822 3.5828 -5.0076 1.6694 1.2904 -7.7706 0.0030
Car -1 -1 -6.4866 0.0000 0.0000 1223.0000 369.0000 1.5506 1.5926 3.6597 -5.8161 1.7100 1.3828 -7.7705 0.0030
Car -1 -1 -9.0369 0.0000 0.0000 1223.0000 369.0000 1.5026 1.6099 3.8216 2.6129 1.5789 0.3946 -7.7328 0.0030
Car -1 -1 -8.8977 0.0000 0.0000 1223.0000 369.0000 1.5563 1.6047 3.6176 2.2658 1.5323 0.7967 -7.7844 0.0030
Car -1 -1 -9.0881 0.0000 0.0000 1223.0000 369.0000 1.5992 1.6147 3.6977 4.9849 1.5255 1.0568 -7.7859 0.0030
Car -1 -1 -6.5151 0.0000 0.0000 1223.0000 369.0000 1.5357 1.5732 3.4987 -4.6126 1.6557 1.1707 -7.7710 0.0030
Car -1 -1 -8.8545 0.0000 0.0000 1223.0000 369.0000 1.5546 1.5730 3.5072 2.6783 1.5240 1.1036 -7.7716 0.0030
Car -1 -1 -9.0673 0.0000 0.0000 1223.0000 369.0000 1.5421 1.6036 3.8551 3.0657 1.5782 0.4135 -7.7309 0.0030
Car -1 -1 -6.5135 0.0000 0.0000 1223.0000 369.0000 1.5700 1.6180 3.6875 -4.2396 1.6630 0.9718 -7.7862 0.0030
Car -1 -1 -9.0856 0.0000 0.0000 1223.0000 369.0000 1.5090 1.6089 3.8295 3.4058 1.5535 0.4359 -7.7327 0.0030
Car -1 -1 -3.8826 0.0000 180.7420 73.9821 233.3459 1.5080 1.6450 3.8268 -19.1807 1.5166 22.2903 -4.5844 0.0030
Car -1 -1 -5.1551 0.0000 188.1562 105.4281 238.2960 1.4431 1.4752 3.2992 -17.4518 1.6988 22.1841 -5.8131 0.0029
Car -1 -1 -8.0003 574.3049 163.5841 602.6980 186.7473 1.6548 1.5854 3.6903 -1.2546 0.4463 52.4631 -8.0223 0.0028
Cyclist -1 -1 -2.1676 47.2263 168.0843 138.7404 264.7404 1.7003 0.4919 1.7171 -9.4443 1.4823 12.9693 -2.7836 0.0028
Car -1 -1 -8.4092 657.1204 169.7953 742.3014 212.9940 1.6035 1.5510 3.8942 3.6805 1.2064 28.3381 -8.2798 0.0025
Car -1 -1 -8.2288 656.7792 169.0471 729.0457 211.5462 1.5865 1.5917 3.7910 3.4234 1.1592 28.4283 -8.1085 0.0020
Pedestrian -1 -1 -5.8148 0.0000 174.5762 18.3142 237.2695 1.4523 0.4528 0.3976 -14.2162 1.3154 16.6439 -6.5104 0.0019
Car -1 -1 -2.4256 642.6624 167.2008 757.4660 214.2740 1.7109 1.7586 4.4167 3.6405 1.2278 27.9340 -2.2958 0.0018
Pedestrian -1 -1 -6.7057 1173.8864 158.8396 1198.4720 225.3491 1.6942 0.4977 0.3114 14.9887 1.1427 18.2907 -6.0261 0.0018
Cyclist -1 -1 -7.6897 94.3204 171.8007 140.0605 266.6431 1.6532 0.4076 1.7292 -9.1234 1.5019 13.1957 -8.2816 0.0018
Pedestrian -1 -1 -8.4432 837.9901 174.6716 872.1661 234.8005 1.4866 0.6651 0.4629 6.2467 1.3428 17.7887 -8.1094 0.0017
Car -1 -1 -3.8338 0.0000 178.4830 93.4977 230.1103 1.5129 1.7567 4.0686 -19.1594 1.4541 22.8836 -4.5222 0.0017
Car -1 -1 -5.1163 664.1982 167.5297 739.3282 210.7471 1.6105 1.5629 3.9238 3.7761 1.1274 28.4473 -4.9841 0.0015
Pedestrian -1 -1 -4.7248 1154.2386 156.8839 1179.6371 231.0773 1.9149 0.5132 0.4051 14.7091 1.3057 18.5657 -4.0615 0.0015
Cyclist -1 -1 -4.9054 1153.2651 155.4072 1196.4010 224.9330 1.7182 0.5733 1.5201 14.6671 1.0984 18.2803 -4.2361 0.0014
Car -1 -1 -5.3665 673.8219 162.1699 767.8096 209.1443 1.6761 1.5001 3.9087 4.3526 1.0223 27.3035 -5.2085 0.0014
Pedestrian -1 -1 -5.5424 1115.8766 201.1076 1223.0000 369.0000 1.2860 0.4658 0.4492 4.2111 1.4502 5.3559 -4.9026 0.0014
Car -1 -1 -5.3438 665.6038 165.6780 760.4421 210.8631 1.6454 1.6471 3.9925 4.1408 1.1059 27.8972 -5.1963 0.0013
Pedestrian -1 -1 -6.2475 0.0000 168.8806 28.5400 244.4015 1.7277 0.5756 0.5804 -13.9464 1.4622 16.5800 -6.9356 0.0013
Pedestrian -1 -1 -4.0610 1163.4337 159.9745 1191.8113 232.5555 1.8792 0.4854 0.3179 15.0034 1.3481 18.5805 -3.3886 0.0012
Pedestrian -1 -1 -4.2995 404.7283 201.9267 433.1411 268.0613 1.0647 0.3573 0.3153 -3.1222 1.4248 11.6859 -4.5520 0.0011
Car -1 -1 -5.1163 649.7658 167.2238 728.0439 211.7610 1.6300 1.5579 4.1712 3.2079 1.1444 28.0988 -5.0021 0.0011
Car -1 -1 -5.2025 654.8502 167.4987 738.1588 208.3877 1.5203 1.5124 4.2122 3.5642 1.0372 28.5266 -5.0778 0.0011
Pedestrian -1 -1 -6.4050 1164.8190 156.8679 1186.3790 224.0629 1.7075 0.5141 0.3696 14.7081 1.1073 18.2821 -5.7344 0.0010
Cyclist -1 -1 -7.5101 4.6450 170.6758 50.5282 236.7709 1.5574 0.3588 1.5648 -14.2733 1.3262 17.4581 -8.1847 0.0010
Car -1 -1 -5.0247 639.9018 169.6553 710.7541 211.0030 1.4895 1.5664 4.0571 2.6276 1.0991 27.6201 -4.9292 0.0009
Car -1 -1 -5.0238 0.0000 189.8947 87.3635 236.4539 1.3308 1.4803 3.5117 -18.0726 1.6504 22.4430 -5.6932 0.0009
Car -1 -1 -2.4531 634.4891 165.5418 748.3892 210.5036 1.6542 1.7398 4.3989 3.3404 1.1041 28.2028 -2.3348 0.0009
Car -1 -1 -5.0425 0.0000 188.6940 99.7376 236.5337 1.3793 1.5620 3.8826 -18.0100 1.6623 22.6871 -5.7050 0.0008
Pedestrian -1 -1 -4.1658 376.4175 205.5266 411.1692 277.5168 1.1183 0.4027 0.3680 -3.4440 1.5293 11.3726 -4.4505 0.0008
Pedestrian -1 -1 -5.9186 4.1562 162.0505 42.1013 241.1076 1.8525 0.6194 0.5117 -13.9749 1.4205 16.9416 -6.5973 0.0008
Car -1 -1 -2.8590 623.9023 170.3986 744.6345 213.3694 1.5897 1.6859 4.4198 3.0802 1.2162 27.7823 -2.7481 0.0008
Cyclist -1 -1 -7.5684 240.6421 178.4731 320.6039 294.9204 1.6187 0.5226 2.1223 -4.9966 1.5910 10.9149 -7.9851 0.0007
Pedestrian -1 -1 -5.1813 774.9646 154.0197 805.4059 225.9878 1.7792 0.6285 0.3929 4.6019 1.1249 17.7396 -4.9300 0.0007
Pedestrian -1 -1 -4.2016 275.5135 204.5024 315.6455 272.6078 1.0593 0.4481 0.4098 -5.0274 1.4539 11.3856 -4.6053 0.0007
Cyclist -1 -1 -7.0940 328.4698 180.6526 431.1514 277.1285 1.3769 0.5264 1.6349 -3.4910 1.3798 10.9427 -7.3926 0.0007
Car -1 -1 -5.0457 659.2400 168.5954 724.5300 210.1155 1.5268 1.4975 3.4353 3.3221 1.0893 27.8374 -4.9265 0.0006
Pedestrian -1 -1 -8.1379 847.8883 170.9220 883.0245 236.7922 1.6319 0.7220 0.4771 6.5008 1.3950 17.7780 -7.7914 0.0006
Pedestrian -1 -1 -3.3702 667.0238 157.5089 676.9332 188.5878 1.7393 0.6002 0.4315 3.7645 0.4527 39.8954 -3.2750 0.0006
Cyclist -1 -1 -7.3737 14.4947 170.4028 67.4095 237.9898 1.5956 0.3774 1.4631 -13.9312 1.3576 17.4458 -8.0368 0.0005
Cyclist -1 -1 -7.7107 572.1423 170.3579 594.6897 231.5836 1.5464 0.3546 1.7294 -0.5990 1.2905 18.7369 -7.7403 0.0005
Cyclist -1 -1 -8.0673 594.5186 169.6841 627.7365 242.6735 1.5931 0.4349 1.5753 0.0801 1.3573 16.2475 -8.0607 0.0004
Pedestrian -1 -1 -5.8648 0.0000 159.7460 29.9842 240.6478 1.8971 0.6019 0.4385 -14.2237 1.4107 16.9279 -6.5525 0.0004
Car -1 -1 -5.0888 647.3946 170.4454 719.1678 209.8564 1.4370 1.5607 3.6298 2.9641 1.0707 27.7378 -4.9817 0.0003
Cyclist -1 -1 -8.2941 587.0807 167.3931 632.4219 240.6225 1.5620 0.4211 1.4808 0.0436 1.2827 15.8411 -8.2895 0.0003
Car -1 -1 -4.7705 665.2067 163.0132 714.8552 207.4879 1.5859 1.6553 3.9257 3.1738 0.9626 27.2208 -4.6540 0.0003
Pedestrian -1 -1 -4.3415 383.9353 202.2276 418.3567 268.2000 1.0587 0.4414 0.3718 -3.4155 1.4246 11.6885 -4.6167 0.0002
Pedestrian -1 -1 -3.8077 1197.2368 155.2342 1223.0000 214.1825 1.5249 0.5037 0.2694 15.8349 0.8716 18.5460 -3.1077 0.0002
Pedestrian -1 -1 -3.7619 1208.6075 152.1324 1223.0000 213.4861 1.5580 0.5114 0.2577 15.8472 0.8380 18.2207 -3.0530 0.0002
Pedestrian -1 -1 -4.4248 287.2236 201.8118 316.9089 274.9578 1.1730 0.3519 0.3927 -5.0482 1.5318 11.6775 -4.8212 0.0001
Pedestrian -1 -1 -4.0781 369.7252 176.8044 404.9049 264.6750 1.6814 0.4591 0.4857 -4.3024 1.6110 13.8348 -4.3715 0.0001
Cyclist -1 -1 -7.9130 586.4482 179.2664 606.1858 241.8127 1.3676 0.3614 1.4956 -0.2530 1.3409 16.2183 -7.9265 0.0000
