Pedestrian -1 -1 -6.1301 419.2224 158.1956 522.9583 314.3347 1.7532 0.7970 1.0927 -1.6055 1.5032 8.3527 -6.3113 0.9630
Pedestrian -1 -1 -5.4715 82.6006 170.5899 137.3229 264.5621 1.6745 0.4523 0.7151 -9.0711 1.4983 12.8956 -6.0711 0.0172
Pedestrian -1 -1 -4.1519 1121.5483 151.3750 1171.5879 242.9254 1.6865 0.4926 0.6341 10.1887 1.1503 13.3691 -3.5104 0.0115
Pedestrian -1 -1 -5.3579 64.2819 178.2539 112.0701 263.0439 1.5116 0.4801 0.5370 -9.4827 1.4719 12.9143 -5.9778 0.0083
Pedestrian -1 -1 -3.7571 834.6516 170.0453 873.6734 259.6188 1.5074 0.4635 0.4471 4.2404 1.3318 12.1841 -3.4285 0.0069
Pedestrian -1 -1 -5.6322 103.8110 169.9497 157.3975 264.8145 1.6936 0.4359 0.6873 -8.6722 1.5056 12.8646 -6.2122 0.0053
Pedestrian -1 -1 -3.8127 829.9670 169.9900 868.0505 255.6449 1.4770 0.4712 0.4361 4.2574 1.2962 12.4883 -3.4901 0.0051
Pedestrian -1 -1 -8.3674 837.2596 170.1567 871.7794 228.7640 1.4537 0.6965 0.4334 6.2413 1.1975 17.8139 -8.0342 0.0047
Pedestrian -1 -1 -4.1534 840.5287 169.3334 882.3499 255.9557 1.4884 0.5371 0.4536 4.4833 1.2969 12.5006 -3.8152 0.0047
Car -1 -1 -8.9698 0.0000 0.0000 1223.0000 369.0000 1.6037 1.5995 3.6118 3.8590 1.5494 1.1687 -7.7663 0.0047
Car -1 -1 -4.3819 0.0000 175.5868 12.6828 218.5074 1.4620 1.5583 4.3457 -23.9402 1.2949 26.3889 -5.1109 0.0044
Car -1 -1 -8.9918 0.0000 0.0000 1223.0000 369.0000 1.5851 1.6067 3.5837 4.2103 1.5309 1.2446 -7.7759 0.0041
Car -1 -1 -8.9618 0.0000 0.0000 1223.0000 369.0000 1.5819 1.5638 3.5495 3.4525 1.5471 1.1364 -7.7894 0.0041
Car -1 -1 -3.2037 0.0000 189.0936 70.5726 262.0508 1.3379 1.4748 3.9129 -14.1951 1.5479 15.3317 -3.9385 0.0038
Car -1 -1 -8.9243 0.0000 0.0000 1223.0000 369.0000 1.5770 1.5772 3.5557 3.0606 1.5492 1.1112 -7.7903 0.0038
Cyclist -1 -1 -8.3712 611.1305 172.8240 661.3433 247.2803 1.5379 0.3744 1.5366 0.6132 1.3797 15.3728 -8.3304 0.0037
Cyclist -1 -1 -8.0616 827.4744 168.8220 881.5715 263.5037 1.5450 0.5061 1.8575 4.3228 1.3548 12.4897 -7.7344 0.0035
Car -1 -1 -8.8568 0.0000 0.0000 1223.0000 369.0000 1.5655 1.5760 3.5084 2.6714 1.5310 1.0987 -7.7736 0.0033
Pedestrian -1 -1 -2.3169 98.7927 172.4182 148.7717 264.0868 1.6010 0.3840 0.6748 -8.6300 1.4602 12.6146 -2.9034 0.0033
Car -1 -1 -4.3704 0.0000 174.2775 43.4664 221.0345 1.5971 1.6473 4.1992 -22.8151 1.3848 26.4065 -5.0753 0.0032
Car -1 -1 -4.4521 0.0000 176.6496 50.7901 220.2897 1.5331 1.5143 3.7768 -22.5810 1.3981 26.8705 -5.1434 0.0032
Car -1 -1 -7.7299 570.3683 161.8373 616.8198 195.7441 1.5109 1.7530 3.6267 -0.5042 0.6795 33.4062 -7.7429 0.0032
Car -1 -1 -6.4861 0.0000 0.0000 1223.0000 369.0000 1.5472 1.5904 3.6573 -5.8144 1.6979 1.3799 -7.7704 0.0030
Car -1 -1 -9.0681 0.0000 0.0000 1223.0000 369.0000 1.5374 1.6047 3.8514 3.0660 1.5779 0.4118 -7.7311 0.0030
Car -1 -1 -6.5097 0.0000 0.0000 1223.0000 369.0000 1.5326 1.5801 3.5723 -5.0080 1.6626 1.2708 -7.7707 0.0030
Car -1 -1 -9.0766 0.0000 0.0000 1223.0000 369.0000 1.5462 1.6176 3.6524 4.5574 1.5254 1.0074 -7.7883 0.0030
Car -1 -1 -9.0855 0.0000 0.0000 1223.0000 369.0000 1.5064 1.6102 3.8258 3.4065 1.5589 0.4369 -7.7328 0.0030
Car -1 -1 -6.5103 0.0000 0.0000 1223.0000 369.0000 1.5684 1.6162 3.6784 -4.2381 1.6547 0.9565 -7.7862 0.0030
Car -1 -1 -9.0375 0.0000 0.0000 1223.0000 369.0000 1.5031 1.6097 3.8181 2.6129 1.5801 0.3931 -7.7328 0.0030
Pedestrian -1 -1 -8.4224 845.2610 164.5924 881.3168 229.0619 1.5977 0.7296 0.4431 6.4646 1.2038 17.8197 -8.0783 0.0029
Car -1 -1 -7.3958 561.3879 162.3754 633.1506 198.6579 1.5807 1.8029 3.8918 -0.3132 0.7913 32.9473 -7.4034 0.0028
Car -1 -1 -3.4347 0.0000 190.6517 79.7657 261.1810 1.2968 1.4040 3.6128 -13.9371 1.5464 15.4536 -4.1566 0.0028
Car -1 -1 -4.5907 0.0000 175.3578 10.5641 218.7885 1.4792 1.5826 4.1692 -23.3981 1.3043 26.2489 -5.3109 0.0027
Pedestrian -1 -1 -7.7245 974.7305 160.2460 1015.0291 239.3743 1.5376 0.6507 0.4974 7.7459 1.1444 14.1306 -7.2307 0.0026
Car -1 -1 -3.5217 0.0000 186.5173 94.9348 257.0776 1.3639 1.3901 3.5292 -13.8237 1.5154 15.8734 -4.2266 0.0025
Car -1 -1 -6.3566 554.7285 165.0351 642.1947 196.1815 1.3687 1.5736 3.8537 -0.3579 0.6893 32.0141 -6.3657 0.0025
Car -1 -1 -7.6467 558.5815 159.5574 613.7347 196.2563 1.5974 1.7853 3.9258 -0.8290 0.6860 32.8692 -7.6697 0.0024
Car -1 -1 -7.2494 564.1559 164.7633 637.5082 198.3055 1.4764 1.6792 3.6018 -0.1644 0.7839 33.0811 -7.2524 0.0024
Cyclist -1 -1 -7.5650 238.3571 180.9566 314.2459 290.4767 1.5171 0.5067 1.9091 -5.0106 1.5251 10.7820 -7.9871 0.0023
Car -1 -1 -5.3726 0.0000 183.7116 104.7604 226.2841 1.4771 1.4583 3.5694 -20.4184 1.6000 25.8518 -6.0334 0.0022
Cyclist -1 -1 -8.2385 676.0294 172.8152 734.0125 261.9512 1.5684 0.5291 1.5331 1.7990 1.4336 13.2492 -8.1050 0.0021
Car -1 -1 -2.7013 528.9542 159.8649 627.5272 198.1198 1.6685 1.8518 4.1331 -1.2499 0.7687 32.5015 -2.7374 0.0021
Car -1 -1 -4.3890 0.0000 173.4803 43.7998 215.4457 1.4451 1.5835 4.0779 -22.8065 1.2037 26.5352 -5.0912 0.0021
Car -1 -1 -2.9069 534.8898 162.1323 631.8753 197.5619 1.5480 1.8539 4.0979 -0.9746 0.7457 32.2203 -2.9349 0.0020
Cyclist -1 -1 -8.2003 958.3679 153.3609 1019.5679 247.3557 1.7217 0.4732 1.7302 7.4308 1.2249 13.8402 -7.7154 0.0020
Car -1 -1 -7.7317 575.6699 163.9551 620.9268 197.7242 1.5318 1.7256 3.7757 -0.2864 0.7815 34.0483 -7.7382 0.0020
Car -1 -1 -4.8126 594.6976 161.4896 642.8925 198.7629 1.5580 1.7373 4.2424 0.5261 0.7636 31.7395 -4.7943 0.0019
Car -1 -1 -4.1432 542.4409 157.4915 626.1962 198.4615 1.7096 1.7979 4.1528 -0.8744 0.7497 31.7460 -4.1686 0.0017
Car -1 -1 -4.2080 548.9330 161.4222 622.5834 199.4530 1.6254 1.6765 3.9197 -0.8326 0.8102 32.3438 -4.2316 0.0017
Cyclist -1 -1 -8.4538 971.7463 154.1729 1054.5194 247.1965 1.6899 0.4787 1.7352 7.8292 1.2120 13.7299 -7.9437 0.0017
Car -1 -1 -4.6856 0.0000 172.7001 51.0020 215.7696 1.5274 1.5910 3.8337 -22.2813 1.2511 27.0803 -5.3666 0.0016
Car -1 -1 -4.3397 560.9642 160.3186 623.4143 196.2695 1.5618 1.6631 3.6675 -0.5521 0.6853 32.7247 -4.3545 0.0016
Car -1 -1 -4.1724 553.6082 163.9892 628.2442 198.7844 1.4833 1.6841 3.7917 -0.5994 0.7796 32.2031 -4.1890 0.0016
Cyclist -1 -1 -8.6571 921.3134 160.0505 1007.6090 243.8495 1.6432 0.5038 1.7303 7.4160 1.2426 14.7641 -8.1985 0.0016
Car -1 -1 -4.2298 549.6879 160.1694 625.4201 197.9435 1.5862 1.7340 4.0317 -0.7340 0.7327 31.8806 -4.2507 0.0015
Car -1 -1 -5.2741 0.0000 183.4737 109.1836 227.3894 1.5193 1.5859 3.8999 -20.4656 1.6351 26.0667 -5.9322 0.0015
Car -1 -1 -5.3648 0.0000 181.5641 106.2701 227.2458 1.5711 1.5080 3.6797 -20.2222 1.6116 25.5689 -6.0263 0.0015
Car -1 -1 -3.3970 543.7249 158.3129 641.7764 196.3810 1.6424 1.9052 4.0836 -0.6026 0.6854 31.9712 -3.4138 0.0015
Car -1 -1 -5.0341 19.8470 189.9467 112.5010 234.0684 1.4748 1.5823 3.9327 -19.9949 1.8481 26.1571 -5.6793 0.0014
Cyclist -1 -1 -8.4910 964.1793 160.4913 1033.9365 242.8380 1.5628 0.4467 1.4271 7.8103 1.1835 14.1568 -7.9946 0.0014
Car -1 -1 -4.0688 560.4714 163.4645 636.8539 196.6746 1.4460 1.5694 3.8028 -0.2586 0.7044 32.7796 -4.0747 0.0014
Cyclist -1 -1 -8.4403 948.1116 159.1934 1020.2932 244.7446 1.6822 0.4970 1.6218 7.8173 1.2636 14.7352 -7.9597 0.0013
Pedestrian -1 -1 -4.0396 1162.1338 156.1856 1206.5264 245.5757 1.4433 0.4366 0.3613 9.5066 1.0511 11.6695 -3.3675 0.0013
Cyclist -1 -1 -7.2955 0.0000 180.6454 42.8367 235.3387 1.6873 0.4014 1.5903 -18.7741 1.6924 22.6303 -7.9794 0.0013
Cyclist -1 -1 -8.3504 606.3188 164.9452 658.8484 242.6960 1.6427 0.4167 1.6783 0.5470 1.3144 15.7822 -8.3147 0.0011
Pedestrian -1 -1 -2.4237 115.4977 173.5616 165.4326 263.7375 1.5758 0.4042 0.6368 -8.3228 1.4549 12.6024 -2.9940 0.0011
Cyclist -1 -1 -8.4382 945.4060 156.3121 1013.2300 237.5754 1.5436 0.4561 1.4668 7.4291 1.0845 14.1840 -7.9631 0.0011
Car -1 -1 -3.0961 544.4645 160.3653 634.9439 194.5571 1.5092 1.8178 4.0041 -0.6797 0.6207 32.1706 -3.1151 0.0010
Pedestrian -1 -1 -7.8208 989.4047 156.1679 1024.0051 239.1289 1.5743 0.5753 0.4910 7.7813 1.1129 13.7757 -7.3147 0.0009
Cyclist -1 -1 -7.8167 621.5594 164.2747 644.0190 246.4027 1.7753 0.4507 1.8197 0.6075 1.4249 16.2080 -7.7782 0.0009
Car -1 -1 -4.4315 572.5990 163.9054 629.7891 198.8896 1.4930 1.6012 3.8345 -0.1307 0.7850 32.2384 -4.4337 0.0009
Car -1 -1 -8.8183 840.5250 170.4489 1063.9594 251.0155 1.5255 1.6551 4.2182 7.4081 1.3356 15.6268 -8.3818 0.0009
Car -1 -1 -4.3702 558.0722 163.2095 624.2936 198.8269 1.4945 1.6959 4.1138 -0.5679 0.7692 31.8881 -4.3860 0.0008
Car -1 -1 -4.8826 582.9199 159.9898 636.6539 194.9228 1.4554 1.7251 4.0964 0.1190 0.6011 31.6195 -4.8769 0.0008
Pedestrian -1 -1 -4.9545 778.7878 161.8739 803.0397 221.6526 1.4832 0.5104 0.3800 4.6184 1.0214 17.7355 -4.7022 0.0008
Car -1 -1 -4.2014 560.8434 164.1324 628.5551 198.3739 1.4778 1.5829 3.5205 -0.4393 0.7716 32.4390 -4.2130 0.0008
Car -1 -1 -7.9433 571.0272 160.9268 598.0370 184.5974 1.6910 1.6563 4.0327 -1.5557 0.2927 52.6090 -7.9708 0.0007
Pedestrian -1 -1 -4.2500 276.1537 190.0372 314.3147 275.0511 1.3345 0.3972 0.4625 -5.0366 1.4919 11.3957 -4.6541 0.0007
Car -1 -1 -7.7292 574.2117 161.0527 602.1710 184.4835 1.6782 1.6033 3.9045 -1.2116 0.2853 52.6673 -7.7502 0.0007
Pedestrian -1 -1 -3.3405 448.0813 177.9315 502.4573 295.6446 1.5054 0.3872 0.6432 -1.7689 1.4730 9.3412 -3.5197 0.0007
Cyclist -1 -1 -7.4613 0.5642 174.9092 61.0098 244.6729 1.5995 0.4535 1.8427 -13.9370 1.4716 17.1588 -8.1326 0.0006
Cyclist -1 -1 -8.2308 592.1507 176.2140 637.4584 247.3585 1.4693 0.4043 1.6526 0.1471 1.3811 15.4460 -8.2197 0.0006
Cyclist -1 -1 -8.1418 593.7482 168.1283 630.8040 243.1017 1.5892 0.3942 1.5668 0.1000 1.3273 15.7943 -8.1338 0.0005
Pedestrian -1 -1 -6.7285 0.0000 165.4767 36.7575 237.3988 1.6447 0.6462 0.6090 -13.9026 1.3015 16.5818 -7.4149 0.0005
Car -1 -1 -8.6317 856.0536 164.3950 1071.4969 246.5751 1.5580 1.7453 4.2455 7.6569 1.2530 15.6951 -8.1840 0.0004
Pedestrian -1 -1 -4.3983 474.4579 182.2644 515.4078 295.6915 1.4416 0.3378 0.6931 -1.5016 1.4663 9.3668 -4.5502 0.0004
Pedestrian -1 -1 -8.4438 830.4981 158.7165 869.4821 228.5518 1.7474 0.7126 0.6272 6.2200 1.2027 18.0868 -8.1162 0.0004
Pedestrian -1 -1 -4.3592 286.2916 196.8498 318.8521 273.8501 1.2403 0.3610 0.4499 -5.0573 1.5171 11.7203 -4.7550 0.0004
Car -1 -1 -7.7831 657.7020 149.9426 689.7991 180.8568 1.7507 1.6392 3.6625 4.1101 0.0203 41.9851 -7.6842 0.0003
Cyclist -1 -1 -7.7291 598.6265 164.9695 625.9009 241.8557 1.6641 0.4309 1.5755 0.1362 1.3283 16.1125 -7.7191 0.0003
Cyclist -1 -1 -7.7598 840.8906 159.5277 867.6042 243.4216 1.7237 0.4147 1.5312 5.3637 1.2931 15.3098 -7.4275 0.0002
Pedestrian -1 -1 -6.2581 746.9056 154.9359 751.4803 179.1726 2.0302 0.6742 0.3613 12.1757 -0.1127 59.6365 -6.0559 0.0002
Cyclist -1 -1 -8.1555 565.2916 174.0017 599.2771 236.8533 1.3978 0.3682 1.4722 -0.5880 1.2536 16.4802 -8.1886 0.0002
Pedestrian -1 -1 -6.6186 4.5324 161.2816 45.1184 232.2321 1.6570 0.6903 0.5601 -13.9355 1.2085 16.9328 -7.2960 0.0002
Cyclist -1 -1 -7.8814 553.9087 169.2085 570.9006 241.0567 1.5575 0.3406 1.6249 -1.0263 1.3131 16.1512 -7.9418 0.0002
Cyclist -1 -1 -7.5140 19.2849 171.8126 60.7032 237.5551 1.5549 0.3432 1.3911 -13.9550 1.3498 17.4368 -8.1782 0.0002
Cyclist -1 -1 -7.5929 9.1941 166.3202 45.8578 234.0818 1.6038 0.3307 1.4338 -14.2814 1.2685 17.4573 -8.2677 0.0001
Cyclist -1 -1 -7.8382 571.8273 170.4156 589.0490 236.2496 1.4293 0.3698 1.4498 -0.5935 1.2107 16.0784 -7.8724 0.0001
Pedestrian -1 -1 -4.1229 350.1643 180.0305 389.0731 261.6804 1.5624 0.5186 0.5250 -4.6534 1.5538 13.8527 -4.4384 0.0000
Pedestrian -1 -1 -4.1548 373.0150 175.6972 404.1083 259.0410 1.6002 0.4099 0.4419 -4.2807 1.5084 13.8427 -4.4465 0.0000
