Car -1 -1 -4.4386 383.9404 180.9540 449.4672 219.5873 1.4809 1.6456 4.0127 -8.1298 1.8459 30.5226 -4.6972 0.9995
Car -1 -1 -4.0234 0.0000 199.2806 146.1815 366.9819 1.4088 1.6263 4.3462 -7.9742 1.8164 8.9445 -4.7368 0.9855
Car -1 -1 -4.0355 0.0000 200.5775 148.9335 354.1426 1.3831 1.6160 3.9188 -7.9548 1.8119 9.1896 -4.7348 0.7967
Car -1 -1 -4.4460 384.4287 180.6683 449.9573 219.0269 1.4767 1.6674 4.0728 -8.1425 1.8305 30.6537 -4.7039 0.7789
Car -1 -1 -4.0176 0.0000 200.2352 147.1700 353.4497 1.3728 1.6291 3.9746 -8.0151 1.7963 9.1726 -4.7215 0.7646
Car -1 -1 -4.0041 0.0000 196.9626 144.6579 374.0000 1.4545 1.6717 4.5486 -8.0208 1.8253 8.8205 -4.7271 0.7130
Car -1 -1 -4.0265 0.0000 195.8638 148.2968 373.0393 1.4511 1.6203 4.6081 -7.9415 1.8071 8.8424 -4.7434 0.6588
Car -1 -1 -4.4313 384.7510 181.1937 449.9017 219.9815 1.4718 1.5952 3.9540 -8.0281 1.8440 30.2317 -4.6892 0.5398
Car -1 -1 -7.4726 376.0879 176.8907 435.5410 212.2205 1.7101 1.6832 3.7403 -10.5276 1.9295 37.3200 -7.7461 0.3607
Car -1 -1 -4.6057 389.2782 180.1510 429.9869 210.7561 1.4835 1.6483 4.0125 -10.5582 1.8898 38.0954 -4.8747 0.3323
Car -1 -1 -7.8408 383.8683 177.6443 418.8348 212.2819 1.6629 1.6519 4.1826 -10.8452 1.9263 37.4925 -8.1209 0.2681
Car -1 -1 -7.6687 381.5619 176.4971 429.4215 211.7639 1.7072 1.6674 4.0470 -10.5844 1.9065 37.4491 -7.9427 0.2529
Car -1 -1 -7.6214 375.2707 178.2641 424.7399 211.9003 1.6188 1.6291 3.7387 -10.8136 1.9120 37.2443 -7.9025 0.2377
Car -1 -1 -4.6915 386.5733 180.8020 421.6358 212.1527 1.5158 1.6926 4.0767 -10.8817 1.9601 38.1796 -4.9677 0.2119
Car -1 -1 -7.9696 376.6498 180.6006 418.7501 212.1599 1.5007 1.6121 4.4300 -11.2173 1.9317 37.8203 -8.2564 0.2056
Car -1 -1 -7.8667 377.7202 179.4828 412.1788 212.8370 1.5827 1.6170 3.9437 -11.1494 1.9437 37.2044 -8.1563 0.2005
Car -1 -1 -4.4152 371.9310 177.0533 428.5408 212.4482 1.6729 1.6397 4.0475 -10.6081 1.8976 36.6235 -4.6956 0.1993
Car -1 -1 -7.3860 377.7697 175.8001 444.4978 212.0906 1.7592 1.7536 3.9145 -10.2693 1.9202 37.4093 -7.6525 0.1905
Car -1 -1 -7.5962 368.9225 178.6212 423.2628 212.3049 1.5946 1.7221 3.8639 -10.8706 1.9039 36.7824 -7.8820 0.1841
Car -1 -1 -7.5704 403.0021 175.8185 457.0456 211.8838 1.7511 1.6786 3.9271 -9.2855 1.9125 37.3578 -7.8128 0.1735
Car -1 -1 -7.5056 388.4244 174.9284 447.8257 211.4731 1.7832 1.7522 3.8897 -9.9222 1.8963 37.4519 -7.7632 0.1713
Car -1 -1 -7.5798 399.0331 174.5681 453.7721 210.2977 1.7442 1.6768 4.2156 -9.5168 1.8382 37.5576 -7.8267 0.1491
Car -1 -1 -7.8567 374.3779 178.2681 409.0880 211.6846 1.5887 1.6215 3.8274 -11.2439 1.8818 37.0400 -8.1498 0.1390
Car -1 -1 -7.7290 403.8418 176.0034 447.5493 211.9465 1.7469 1.7323 3.7910 -9.5334 1.9185 37.4042 -7.9773 0.1314
Car -1 -1 -7.6310 384.6337 176.6741 433.4115 212.4273 1.7252 1.6798 3.4598 -10.2748 1.9299 36.9603 -7.9007 0.1118
Car -1 -1 -4.3835 247.0014 179.3312 278.9046 197.5490 1.5554 1.4848 3.6406 -31.1712 2.1543 64.8475 -4.8302 0.0967
Car -1 -1 -4.5989 246.7510 179.1293 270.4251 197.1687 1.5359 1.5090 3.5982 -31.5185 2.1155 64.7345 -5.0507 0.0847
Car -1 -1 -7.5264 404.1176 176.1896 458.9357 211.7674 1.7200 1.6487 3.6474 -9.1559 1.9000 37.1241 -7.7670 0.0697
Car -1 -1 -4.1309 0.0000 192.8202 124.2854 255.4178 1.3704 1.5223 3.8167 -14.7809 1.9501 19.0039 -4.7853 0.0668
Car -1 -1 -7.6747 396.1938 175.7077 443.0315 211.4332 1.7404 1.7477 3.4353 -9.8012 1.8943 37.2144 -7.9309 0.0666
Car -1 -1 -4.7254 246.3877 179.3390 266.2601 197.4138 1.5351 1.5549 3.8020 -31.8019 2.1355 64.7954 -5.1803 0.0621
Car -1 -1 -7.6053 401.8552 175.9283 451.9956 212.1259 1.7562 1.6730 3.5463 -9.3871 1.9215 37.0833 -7.8520 0.0588
Car -1 -1 -7.8549 399.1111 175.7114 434.2610 210.6908 1.6719 1.6484 3.6792 -9.8967 1.8252 36.8030 -8.1162 0.0540
Car -1 -1 -4.1353 0.0000 193.5007 132.9604 252.6078 1.3360 1.6034 3.8384 -15.0141 1.9546 19.6555 -4.7813 0.0437
Car -1 -1 -4.0036 0.0000 189.8516 123.5757 255.7638 1.4388 1.5993 4.0400 -14.9901 1.9312 18.8626 -4.6683 0.0421
Car -1 -1 -4.2391 189.6927 185.5101 290.8383 225.8953 1.4459 1.7421 4.6677 -15.0686 2.0065 29.6388 -4.7061 0.0247
Car -1 -1 -7.6511 402.0769 176.6517 454.3549 215.2843 1.8028 1.7033 4.3490 -9.1084 2.0052 36.3120 -7.8955 0.0247
Car -1 -1 -4.2387 0.0000 193.7588 142.8705 248.9757 1.2769 1.7043 3.7080 -14.9089 1.9169 20.1378 -4.8699 0.0138
Car -1 -1 -4.1539 0.7675 192.3354 153.1907 246.2622 1.2834 1.6897 3.8481 -15.0408 1.8920 20.5757 -4.7791 0.0126
Car -1 -1 -4.5952 393.6701 178.6604 431.5700 205.0317 1.4458 1.6741 4.2812 -11.6812 1.8078 42.7850 -4.8605 0.0118
Car -1 -1 -4.4181 385.3269 179.3855 434.2198 205.4432 1.4075 1.6133 4.1417 -11.6532 1.8073 42.1123 -4.6868 0.0113
Car -1 -1 -4.2793 385.6249 179.8744 442.9916 206.4150 1.4226 1.6334 4.1370 -11.3531 1.8522 42.0039 -4.5420 0.0111
Car -1 -1 -7.4182 206.8828 185.8584 298.6514 223.1959 1.3895 1.8074 4.3323 -15.0324 1.9793 30.5548 -7.8723 0.0110
Cyclist -1 -1 -4.8131 638.7281 177.7599 652.5977 210.8624 1.5529 0.5382 1.2616 1.6674 1.7929 34.6849 -4.7661 0.0082
Car -1 -1 -4.2700 195.7458 185.5475 288.2149 223.6764 1.3749 1.7496 4.1377 -14.9554 1.9303 29.4974 -4.7359 0.0069
Car -1 -1 -4.7041 1144.2366 181.7020 1174.8639 204.0085 1.5720 1.7927 4.0582 41.6424 2.2690 54.7125 -4.0565 0.0068
Cyclist -1 -1 -5.9423 626.6246 175.5921 656.3682 208.2567 1.5437 0.6391 1.2912 1.4761 1.6772 34.7272 -5.9007 0.0065
Car -1 -1 -4.7506 1132.1418 183.5239 1163.0719 204.8963 1.5280 1.7514 4.0496 41.5879 2.3866 55.9162 -4.1141 0.0064
Car -1 -1 -7.7682 0.9877 170.2040 41.2185 194.5703 1.6291 1.8214 4.1588 -41.1629 1.4516 50.4721 -8.4499 0.0061
Car -1 -1 -4.4250 392.5987 178.9117 441.1417 205.6208 1.4648 1.6448 4.2002 -11.3836 1.8404 42.6555 -4.6846 0.0060
Car -1 -1 -4.7926 1154.8951 180.5087 1189.5363 202.4886 1.5204 1.6982 3.9474 41.6093 2.1102 53.5038 -4.1347 0.0058
Car -1 -1 -4.7163 1138.2343 183.4748 1167.6276 204.4852 1.4906 1.7530 4.0043 41.6846 2.3383 55.4755 -4.0748 0.0058
Cyclist -1 -1 -5.1661 631.3871 176.1831 653.8762 208.8132 1.5382 0.5767 1.2878 1.5284 1.7020 34.8624 -5.1232 0.0057
Car -1 -1 -7.7841 5.7649 170.2242 43.2688 194.2499 1.6230 1.7688 4.0277 -41.2761 1.4450 50.8986 -8.4630 0.0054
Pedestrian -1 -1 -6.6586 346.5500 179.8484 358.5132 204.9009 1.6705 0.7095 0.5398 -17.4483 2.1476 48.8049 -7.0006 0.0053
Car -1 -1 -4.7288 1148.7349 181.6878 1179.4792 203.9702 1.5598 1.7530 3.9807 41.6353 2.2504 54.3126 -4.0778 0.0051
Car -1 -1 -4.7000 1160.1932 179.9728 1190.4615 202.0757 1.5213 1.7016 4.0004 41.5898 2.0656 53.1056 -4.0387 0.0051
Car -1 -1 -4.7903 1192.5978 183.2955 1232.1390 207.6119 1.5448 1.7680 4.0593 41.5411 2.2975 49.8685 -4.0991 0.0049
Car -1 -1 -4.7921 1151.3665 181.0441 1185.5469 202.8306 1.5188 1.7012 3.8790 41.6872 2.1548 53.9624 -4.1374 0.0047
Car -1 -1 -4.7154 1121.4611 183.8519 1149.6233 204.3148 1.4955 1.7511 3.9539 41.5540 2.3982 57.1256 -4.0894 0.0047
Car -1 -1 -4.7965 1127.2255 185.1564 1159.5857 204.7863 1.4067 1.7025 3.8156 41.6018 2.4029 56.3751 -4.1637 0.0047
Car -1 -1 -4.7532 1189.4119 182.6815 1225.3932 206.4995 1.5301 1.7481 4.0355 41.5231 2.2434 50.2537 -4.0659 0.0046
Car -1 -1 -4.7306 1124.4905 183.1210 1153.3416 203.6203 1.4926 1.7425 3.8788 41.5071 2.3291 56.7177 -4.1017 0.0045
Car -1 -1 -4.7110 1185.3246 183.2017 1218.9349 207.0675 1.5425 1.7660 4.1115 41.5140 2.2994 50.6500 -4.0277 0.0043
Car -1 -1 -6.6821 618.3421 178.5571 690.0385 203.8654 1.7383 1.8594 4.8124 3.1500 2.1622 51.9921 -6.6225 0.0042
Cyclist -1 -1 -4.7365 640.2086 175.5754 652.0332 207.6608 1.5202 0.5395 1.1633 1.7001 1.6536 34.8736 -4.6888 0.0039
Cyclist -1 -1 -5.5774 340.7108 178.8213 363.3228 203.1921 1.6242 0.4051 1.5466 -17.4743 2.0311 48.7784 -5.9200 0.0037
Car -1 -1 -4.6542 1113.5388 181.2635 1143.3945 200.9109 1.4679 1.7241 4.0242 41.5413 2.1661 57.8198 -4.0340 0.0033
Car -1 -1 -7.2948 197.8027 185.3888 298.7603 223.9364 1.4124 1.7748 4.2256 -14.9696 1.9723 30.0542 -7.7537 0.0033
Car -1 -1 -2.5831 182.4673 185.8628 243.0610 211.7196 1.5583 1.5636 2.9471 -24.9001 2.3888 45.2188 -3.0842 0.0032
Cyclist -1 -1 -7.7059 349.1320 179.7932 358.3771 203.9223 1.6060 0.3616 1.6098 -17.5432 2.0880 49.3229 -8.0463 0.0031
Car -1 -1 -2.4317 183.4062 185.7161 241.8880 211.7975 1.5640 1.5211 2.9407 -24.9910 2.3908 45.3499 -2.9332 0.0029
Pedestrian -1 -1 -7.6216 799.5885 180.5053 836.6357 253.5970 1.5954 0.6740 0.6617 4.6514 1.7727 16.2965 -7.3492 0.0028
Cyclist -1 -1 -7.7356 196.9409 178.8433 208.8182 208.2105 1.8703 0.4647 1.8112 -26.6893 2.2700 47.2558 -8.2475 0.0026
Pedestrian -1 -1 -6.5909 346.4530 181.2779 356.7322 205.7464 1.6240 0.5989 0.4930 -17.4182 2.1950 48.5435 -6.9340 0.0025
Pedestrian -1 -1 -6.7363 349.4938 179.1402 361.5729 204.6126 1.6905 0.6379 0.5414 -17.1397 2.1164 48.5064 -7.0746 0.0023
Cyclist -1 -1 -7.9405 347.5794 180.0407 355.3642 203.5511 1.5525 0.3635 1.5634 -17.5613 2.0472 48.9129 -8.2838 0.0021
Cyclist -1 -1 -7.6495 354.5128 179.0910 365.7297 203.9095 1.6548 0.4035 1.6226 -17.1187 2.0883 49.3574 -7.9820 0.0020
Pedestrian -1 -1 -6.5806 735.2784 165.2357 748.3375 210.0784 2.0122 0.6620 0.4043 5.9340 1.6700 32.7294 -6.4034 0.0017
Car -1 -1 -7.2455 117.5202 189.4736 248.2766 234.0596 1.3325 1.8426 4.2514 -14.8934 1.9677 25.3945 -7.7716 0.0016
Car -1 -1 -4.6094 771.2850 176.2669 796.2573 195.9753 1.8457 1.9279 4.6419 17.1006 2.1928 70.9496 -4.3743 0.0016
Cyclist -1 -1 -8.0479 340.0397 182.3873 351.8628 204.8464 1.4735 0.4425 1.6512 -17.9169 2.1296 48.8579 -8.3979 0.0016
Pedestrian -1 -1 -7.6411 797.2331 171.5037 834.6207 248.3360 1.7144 0.7041 0.6688 4.6775 1.6840 16.5598 -7.3714 0.0013
Car -1 -1 -7.6931 350.6912 181.7559 381.8846 205.0730 1.5130 1.4884 3.6502 -16.9485 2.1558 50.2078 -8.0174 0.0012
Cyclist -1 -1 -7.9584 344.4920 182.2021 353.2402 204.8398 1.4947 0.3839 1.7250 -17.8470 2.1432 49.2126 -8.3049 0.0012
Pedestrian -1 -1 -3.4515 758.4214 168.8338 770.2297 211.5600 1.5186 0.4753 0.2809 5.4907 1.3754 25.8966 -3.2454 0.0012
Cyclist -1 -1 -7.6594 191.8517 179.3440 208.6195 210.5885 1.9684 0.5664 2.0192 -26.6788 2.3998 46.9400 -8.1740 0.0011
Cyclist -1 -1 -5.0332 793.5791 173.7491 838.7483 247.7738 1.6265 0.5627 1.4374 4.6701 1.6477 16.6037 -4.7645 0.0011
Cyclist -1 -1 -7.7233 352.6927 178.9373 362.8478 204.1266 1.6667 0.4447 1.6066 -17.1470 2.0863 48.9759 -8.0587 0.0011
Pedestrian -1 -1 -7.4445 196.6413 177.4257 211.9860 206.3676 1.8577 0.6740 0.6242 -26.3253 2.1559 46.7678 -7.9550 0.0011
Car -1 -1 -7.5337 350.3844 181.5661 390.2262 204.9530 1.5228 1.5672 3.6121 -16.6364 2.1496 50.1345 -7.8529 0.0011
Cyclist -1 -1 -7.6711 200.7160 178.1859 213.4297 205.5363 1.7429 0.4534 1.5222 -26.3195 2.0964 47.0840 -8.1786 0.0010
Car -1 -1 -7.3549 350.9638 180.7145 399.5506 204.2112 1.5211 1.5660 3.8231 -16.2683 2.0885 50.0868 -7.6677 0.0010
Pedestrian -1 -1 -8.2716 739.5663 169.9390 755.9743 206.3924 1.6403 0.6113 0.4241 6.2083 1.5088 32.7432 -8.0863 0.0009
Cyclist -1 -1 -7.6803 349.5620 178.6971 361.0081 204.0131 1.6889 0.4431 1.7532 -17.4829 2.0964 49.4539 -8.0188 0.0009
Cyclist -1 -1 -5.0323 790.1025 179.2663 828.0312 243.2074 1.4346 0.4488 1.3521 4.6252 1.5917 17.0154 -4.7720 0.0008
Cyclist -1 -1 -7.6208 195.7337 177.2006 214.8902 210.0291 2.0749 0.6312 2.0379 -26.3541 2.3639 46.9535 -8.1301 0.0007
Pedestrian -1 -1 -5.9729 468.5619 179.3073 478.8445 197.4600 1.3607 0.4270 0.6650 -10.3257 1.8502 54.5164 -6.1596 0.0005
Pedestrian -1 -1 -2.9154 469.8598 177.4822 480.1026 196.6009 1.4427 0.4479 0.6818 -10.2820 1.7955 54.8013 -3.1003 0.0002
Pedestrian -1 -1 -5.7299 466.2078 173.8831 477.7010 195.4560 1.6279 0.5402 0.6753 -10.5228 1.7064 54.8563 -5.9189 0.0002
