Car -1 -1 -7.7730 400.8874 180.8995 441.8651 214.6535 1.4978 1.6049 4.0483 -9.1730 1.9134 35.1652 -8.0268 0.9049
Car -1 -1 -7.7368 402.1776 180.7878 446.5538 216.1300 1.5712 1.6146 4.1894 -9.0401 1.9824 35.2405 -7.9865 0.8268
Pedestrian -1 -1 -7.8591 368.8111 156.2318 392.4642 218.1062 2.0883 0.7646 0.6926 -7.9300 1.5270 24.7994 -8.1659 0.6737
Car -1 -1 -7.8666 404.2103 180.4188 439.4025 214.2514 1.5031 1.5639 3.5892 -9.1530 1.8886 34.8601 -8.1219 0.6696
Pedestrian -1 -1 -7.7228 363.4444 156.3825 389.5553 218.7310 2.1032 0.7639 0.7268 -8.0540 1.5473 24.7661 -8.0344 0.5453
Pedestrian -1 -1 -7.8610 370.7233 157.4493 393.3683 218.2613 2.0588 0.7346 0.7151 -7.9084 1.5370 24.8813 -8.1660 0.5437
Car -1 -1 -4.4932 467.7256 174.7433 496.4465 198.8146 2.1422 1.7628 4.0973 -11.7928 2.3218 66.6252 -4.6680 0.5372
Car -1 -1 -7.8204 398.1719 180.9568 436.7684 215.1100 1.5103 1.6737 4.1939 -9.3729 1.9304 35.1977 -8.0792 0.4656
Pedestrian -1 -1 -3.4621 1223.2399 179.8339 1241.0000 226.6833 1.9312 0.7260 0.5936 26.2488 2.2286 30.3252 -2.7540 0.3476
Pedestrian -1 -1 -4.0993 1214.3422 181.9912 1241.0000 227.7506 1.8873 0.7083 0.7302 26.0445 2.2771 30.3679 -3.3958 0.2569
Pedestrian -1 -1 -7.8227 365.1302 157.8776 388.7127 219.0672 2.0683 0.7491 0.7733 -8.0712 1.5618 24.8645 -8.1339 0.2558
Car -1 -1 -5.0749 1063.7546 182.6712 1122.4098 212.0969 1.5513 1.4921 3.9129 27.6602 2.1438 41.4945 -4.4907 0.2310
Pedestrian -1 -1 -4.5839 36.1537 204.3233 54.8958 242.4113 1.3969 0.5048 0.4450 -21.4070 2.6017 27.3105 -5.2441 0.1877
Car -1 -1 -4.7241 1012.8336 179.6433 1047.2502 206.7358 1.5105 1.7250 4.5262 25.4230 1.9452 43.8260 -4.2018 0.1796
Car -1 -1 -4.7377 1008.4412 179.2495 1042.1030 206.2021 1.5091 1.6377 4.4234 25.1442 1.9181 43.8444 -4.2203 0.1537
Pedestrian -1 -1 -7.9575 885.0418 183.8328 898.3364 216.6967 1.7826 0.6266 0.5420 15.4624 2.3918 39.7117 -7.5894 0.1497
Pedestrian -1 -1 -4.3186 28.4127 203.7441 53.2446 244.3717 1.4859 0.6139 0.4316 -21.4343 2.6591 27.1208 -4.9828 0.1487
Pedestrian -1 -1 -5.9276 880.8619 183.3781 896.2052 216.3998 1.7787 0.7115 0.5762 15.2553 2.3629 39.6150 -5.5631 0.1447
Car -1 -1 -3.7214 1080.0485 185.3272 1171.2367 213.8355 1.5299 1.6288 3.9000 28.7613 2.2428 40.3761 -3.1064 0.1412
Pedestrian -1 -1 -4.3225 884.1819 183.5931 900.0074 216.9093 1.7985 0.6570 0.5342 15.4600 2.3945 39.6413 -3.9538 0.1370
Car -1 -1 -3.8998 1078.2083 185.7528 1163.6975 213.8982 1.5053 1.6253 3.8873 28.7359 2.2516 40.6753 -3.2886 0.1285
Car -1 -1 -4.9843 1070.1794 182.8973 1124.7791 212.5282 1.5548 1.5442 4.0691 27.9243 2.1625 41.5082 -4.3959 0.1120
Pedestrian -1 -1 -6.6853 904.7587 174.9127 923.9209 216.6893 1.8226 0.7218 0.5377 13.3986 1.9143 31.8782 -6.2913 0.1104
Car -1 -1 -4.9021 1076.8217 183.8394 1127.2666 213.3107 1.5357 1.6177 4.1573 28.1781 2.2010 41.4889 -4.3093 0.0911
Car -1 -1 -4.4386 76.6603 190.5694 133.8451 220.5526 1.5456 1.6455 4.2207 -29.4210 2.6354 42.1335 -5.0454 0.0837
Car -1 -1 -4.2617 78.0312 190.4089 148.5094 219.9938 1.5322 1.6690 4.3477 -29.0732 2.6173 42.3396 -4.8606 0.0696
Pedestrian -1 -1 -6.6785 32.5756 196.2285 63.5720 244.1057 1.7373 0.7246 0.6958 -21.1745 2.6316 27.1338 -7.3366 0.0666
Pedestrian -1 -1 -4.6953 1208.7045 180.0890 1230.4305 226.4776 1.9290 0.6975 0.8782 25.9266 2.2425 30.7385 -3.9999 0.0665
Car -1 -1 -3.9669 76.3013 190.2079 162.3842 219.9356 1.5414 1.6597 4.3519 -28.7120 2.6143 42.3467 -4.5601 0.0583
Car -1 -1 -7.8711 1074.7311 177.2674 1125.6161 218.5747 1.4566 1.5270 3.2307 18.6379 1.6359 27.5937 -7.2824 0.0581
Car -1 -1 -5.3174 1050.9304 183.5846 1122.4919 211.7959 1.4901 1.4951 3.8538 27.3134 2.1366 41.5395 -4.7395 0.0526
Car -1 -1 -3.7938 77.9574 189.5694 169.1609 219.6398 1.5578 1.6393 4.3158 -28.4088 2.5898 42.2514 -4.3830 0.0498
Car -1 -1 -4.9666 1138.0719 186.6873 1204.8319 223.6563 1.5517 1.5972 3.5378 26.0742 2.2343 33.6775 -4.3126 0.0480
Pedestrian -1 -1 -7.0160 37.0282 195.6106 68.9977 241.8770 1.7051 0.6910 0.6703 -21.1688 2.5805 27.3714 -7.6698 0.0431
Pedestrian -1 -1 -6.3223 977.2595 179.7728 995.7106 220.9106 1.8744 0.6907 0.7290 17.4323 2.1998 33.5006 -5.8468 0.0429
Car -1 -1 -4.7602 545.2932 178.6912 563.8920 194.9125 1.5063 1.6295 3.6434 -5.4383 2.0900 70.2830 -4.8375 0.0397
Car -1 -1 -2.5463 57.0736 208.0949 147.2694 241.8335 1.4277 1.5613 3.0209 -23.2248 3.0788 33.0101 -3.1559 0.0360
Pedestrian -1 -1 -6.3849 975.0433 180.5219 994.3956 220.6941 1.8420 0.6701 0.7343 17.4539 2.2046 33.6997 -5.9112 0.0350
Cyclist -1 -1 -3.2304 1140.8352 169.6991 1199.2678 217.6539 1.8890 0.6175 1.8146 22.5661 1.7645 29.1690 -2.5772 0.0347
Car -1 -1 -2.7178 42.6420 208.0027 141.5491 242.9367 1.4278 1.5608 3.2987 -23.4804 3.0761 32.7574 -3.3361 0.0345
Car -1 -1 -5.2475 1008.0900 182.1376 1080.6669 209.3811 1.4619 1.6376 4.3612 25.3706 2.0350 42.3850 -4.7117 0.0336
Cyclist -1 -1 -6.8906 32.1817 189.7174 92.1942 239.0943 1.7908 0.6518 1.7856 -21.0960 2.4617 27.7675 -7.5359 0.0325
Car -1 -1 -2.3902 49.9003 208.0914 143.1395 241.4200 1.3895 1.5143 3.3649 -23.5855 3.0550 33.1306 -3.0053 0.0261
Car -1 -1 -4.9971 1129.7052 181.0910 1192.4872 215.7990 1.6262 1.5206 3.7853 27.9886 2.0694 36.8129 -4.3514 0.0247
Pedestrian -1 -1 -3.4683 1199.6913 180.2542 1230.1621 226.0692 1.9267 0.6836 0.8233 25.9037 2.2487 30.9605 -2.7768 0.0241
Cyclist -1 -1 -7.1992 28.0620 192.1249 78.4936 240.3988 1.7503 0.5690 1.7756 -21.4327 2.5152 27.7594 -7.8523 0.0224
Car -1 -1 -4.9802 992.6224 178.2088 1043.6306 205.5559 1.5423 1.6048 4.2623 24.6815 1.8841 43.8390 -4.4708 0.0219
Pedestrian -1 -1 -7.1885 892.4097 179.6145 908.9684 209.7018 1.7337 0.7475 0.5027 16.9737 2.1332 42.2274 -6.8093 0.0203
Car -1 -1 -8.0124 540.3792 178.8776 561.6533 194.1805 1.4156 1.5424 3.3583 -5.7622 2.0147 69.9890 -8.0946 0.0198
Car -1 -1 -2.2165 53.4948 207.5041 142.0923 240.8367 1.3638 1.5596 3.5066 -23.7805 3.0317 33.4583 -2.8309 0.0198
Car -1 -1 -4.9799 987.0661 177.2682 1038.5538 205.2971 1.5950 1.6754 4.1745 24.4404 1.8774 43.9847 -4.4760 0.0194
Cyclist -1 -1 -6.2361 24.9312 195.3824 82.7520 244.4248 1.7609 0.7272 1.7055 -21.1428 2.6409 27.4117 -6.8886 0.0193
Car -1 -1 -5.0699 980.3676 177.8649 1035.6351 205.2969 1.5632 1.6511 3.9499 24.1256 1.8825 43.9452 -4.5710 0.0180
Car -1 -1 -7.9925 540.8944 178.4320 562.7382 194.3921 1.4789 1.6121 3.7626 -5.7114 2.0374 70.2765 -8.0737 0.0178
Pedestrian -1 -1 -6.3268 972.2676 179.6294 989.9995 220.7634 1.8735 0.7274 0.6967 17.1815 2.1922 33.4957 -5.8571 0.0158
Pedestrian -1 -1 -6.9434 890.5431 178.8127 905.7978 208.2896 1.7016 0.6946 0.5087 16.8232 2.0534 42.2209 -6.5672 0.0151
Pedestrian -1 -1 -4.1715 1177.9734 181.2629 1209.4288 226.3867 1.8720 0.7112 0.8336 24.6995 2.2338 30.5909 -3.4976 0.0148
Pedestrian -1 -1 -4.1909 1173.7954 180.4882 1203.8853 225.8964 1.8858 0.6881 0.8040 24.4946 2.2142 30.5918 -3.5210 0.0136
Car -1 -1 -4.7302 942.6655 179.5809 984.1210 219.1256 1.5993 1.5483 3.1015 15.3364 1.9088 31.5022 -4.2814 0.0136
Cyclist -1 -1 -5.9610 14.2338 191.9922 73.2142 242.7928 1.8355 0.7250 1.5973 -21.3167 2.5710 27.1349 -6.6223 0.0130
Pedestrian -1 -1 -6.6817 892.6920 180.4414 906.9545 208.5029 1.6097 0.7355 0.5231 16.8157 2.0546 41.9639 -6.3035 0.0118
Car -1 -1 -4.7895 95.6242 187.3636 138.7794 221.5286 1.6992 1.6663 3.9706 -27.1939 2.5392 39.7157 -5.3870 0.0115
Cyclist -1 -1 -6.8402 973.7278 177.9043 1016.4094 220.3289 1.9397 0.6579 1.6497 17.8123 2.1764 33.4695 -6.3554 0.0110
Car -1 -1 -7.9367 544.4534 179.1631 562.0581 193.9243 1.3676 1.4425 3.1518 -5.5381 1.9936 69.9499 -8.0158 0.0110
Pedestrian -1 -1 -7.1227 1180.2872 183.1469 1210.6848 224.6751 1.7152 0.7212 0.6860 24.6320 2.1547 30.4173 -6.4473 0.0106
Cyclist -1 -1 -2.6523 0.0000 189.7127 56.0133 242.7355 1.9271 0.7012 1.9352 -22.1315 2.5720 27.0875 -3.3327 0.0105
Car -1 -1 -4.3960 84.3216 207.7864 146.4582 241.0798 1.3067 1.5063 3.0075 -22.8943 3.0054 33.4412 -4.9928 0.0102
Pedestrian -1 -1 -3.5386 1191.7052 177.9768 1226.0314 227.0441 2.0649 0.7532 0.9102 25.6395 2.2879 30.9575 -2.8522 0.0100
Cyclist -1 -1 -7.9259 639.5958 175.6650 647.4412 204.0058 1.6378 0.3401 1.6813 1.9435 1.8072 42.7107 -7.8812 0.0096
Cyclist -1 -1 -8.0545 859.9693 177.4785 874.2885 212.0878 1.6195 0.3644 1.4293 12.3147 1.8462 34.6921 -7.7166 0.0088
Car -1 -1 -7.7125 545.6196 178.5715 566.9951 193.9968 1.4325 1.5636 3.7858 -5.2299 2.0054 70.3887 -7.7868 0.0086
Cyclist -1 -1 -2.2178 0.0000 190.1313 60.0909 241.1235 1.8675 0.7461 2.0039 -22.1142 2.5391 27.4483 -2.8914 0.0072
Car -1 -1 -4.4279 85.0343 192.3842 141.4424 223.9911 1.4803 1.5449 3.3888 -26.0801 2.5567 37.9293 -5.0272 0.0071
Pedestrian -1 -1 -4.7780 42.9161 181.2035 63.6177 225.4308 1.9919 0.7189 0.5536 -25.5881 2.3798 33.1088 -5.4322 0.0070
Car -1 -1 -4.3355 83.8444 191.2818 142.3716 223.5279 1.5445 1.5288 3.0351 -26.2054 2.5592 38.0935 -4.9350 0.0068
Car -1 -1 -4.7246 98.4603 192.9629 135.6895 224.3046 1.4903 1.5865 3.5741 -26.4822 2.6218 38.6918 -5.3218 0.0059
Pedestrian -1 -1 -4.2396 1193.7644 177.9841 1227.3586 225.9388 2.0014 0.7620 0.9341 25.5590 2.2237 30.7643 -3.5517 0.0056
Car -1 -1 -7.6340 940.0332 176.0188 996.1606 217.7565 1.7468 1.5261 3.5730 16.0492 1.8966 32.3516 -7.1777 0.0055
Car -1 -1 -5.4906 765.6691 182.6823 828.8016 210.3040 1.6528 1.6877 3.9233 12.0561 2.3189 46.8033 -5.2406 0.0052
Car -1 -1 -3.9041 56.3246 206.3446 145.0842 243.0986 1.4121 1.5540 3.0019 -22.7653 2.9868 32.3072 -4.5144 0.0051
Cyclist -1 -1 -7.8091 30.6540 190.9300 53.4619 240.7387 1.8092 0.6054 1.7533 -21.8691 2.5262 27.7438 -8.4721 0.0049
Pedestrian -1 -1 -1.8974 116.1759 179.4171 137.3759 216.9775 1.8551 0.6343 0.8979 -24.3818 2.1902 36.3461 -2.4851 0.0041
Car -1 -1 -4.6174 97.0741 192.8267 139.0629 224.3217 1.5008 1.5356 3.3263 -26.2536 2.6176 38.5287 -5.2126 0.0040
Car -1 -1 -4.6751 95.7479 206.3668 137.9512 241.6941 1.3763 1.4822 3.6323 -23.0252 3.0315 33.7105 -5.2709 0.0036
Car -1 -1 -7.8652 944.7225 177.0674 982.7197 217.3809 1.6788 1.4531 3.3012 15.7157 1.8773 32.2281 -7.4156 0.0035
Pedestrian -1 -1 -6.2942 1228.9396 176.1471 1241.0000 223.3380 2.0493 0.7052 0.4948 27.5858 2.1962 31.8222 -5.5851 0.0034
Pedestrian -1 -1 -7.6870 1019.2607 179.7088 1040.7996 216.6327 1.6533 0.7278 0.8383 19.2099 1.9725 33.0690 -7.1651 0.0032
Car -1 -1 -8.0052 937.0084 178.5747 985.0667 217.3791 1.6073 1.4296 3.2663 15.5543 1.8762 32.1796 -7.5591 0.0030
Pedestrian -1 -1 -7.4124 858.5703 175.0927 878.6265 215.4369 1.8891 0.7298 0.5576 12.2478 1.9966 34.2909 -7.0727 0.0030
Car -1 -1 -4.4569 91.5703 204.9274 152.1388 240.9698 1.4098 1.4520 3.6662 -22.7574 2.9950 33.6988 -5.0474 0.0029
Car -1 -1 -4.0431 79.8523 203.8509 174.0933 243.8711 1.5887 1.5706 3.9099 -22.5306 3.1260 33.7773 -4.6280 0.0027
Pedestrian -1 -1 -6.6405 15.2034 193.4926 51.6583 243.9443 1.8053 0.7439 0.8545 -21.4829 2.5884 26.8326 -7.3109 0.0026
Cyclist -1 -1 -7.8120 122.7125 179.3562 138.1345 221.1366 2.0436 0.5644 1.9911 -24.3567 2.3821 36.6015 -8.3960 0.0024
Pedestrian -1 -1 -7.8487 127.3046 181.2419 144.0572 221.5161 1.9846 0.6985 0.9535 -23.9557 2.4142 36.3905 -8.4278 0.0017
Car -1 -1 -7.2352 15.1110 192.6288 134.0869 239.5542 1.6286 1.7599 4.0844 -21.2639 2.4745 28.8245 -7.8665 0.0017
Cyclist -1 -1 -7.6803 129.8130 181.5704 149.7764 217.4638 1.7555 0.5563 1.7244 -23.8985 2.2086 36.6308 -8.2553 0.0013
Car -1 -1 -3.7794 0.1823 194.5734 123.0754 243.3046 1.6252 1.6245 3.4565 -20.9267 2.5136 27.6351 -4.4231 0.0011
Pedestrian -1 -1 -6.4251 751.3127 176.0639 763.4637 202.4371 1.8248 0.7108 0.7365 10.2589 2.0504 50.3917 -6.2259 0.0007
Pedestrian -1 -1 -5.9642 423.5667 182.2922 428.9374 202.1536 1.8573 0.5872 0.3234 -17.3535 2.7513 68.0665 -6.2133 0.0002
Pedestrian -1 -1 -6.0182 424.7028 181.4812 430.5320 202.3469 1.9521 0.6301 0.3818 -17.2288 2.7696 68.0838 -6.2655 0.0002
