Car -1 -1 -7.4938 230.1670 191.4682 408.5132 293.9225 1.4083 1.5376 3.5225 -4.5931 1.5269 11.8589 -7.8560 0.9999
Car -1 -1 -7.6568 399.3281 183.0336 489.3872 239.2928 1.4176 1.6533 4.2408 -4.5164 1.3628 20.2502 -7.8738 0.9998
Car -1 -1 -7.8495 570.5606 175.5479 656.7615 255.7612 1.6288 1.7512 3.6290 0.0842 1.4326 16.4191 -7.8449 0.9992
Car -1 -1 -7.4107 153.2948 185.2430 313.3891 259.4904 1.4953 1.6895 3.9356 -8.4049 1.4962 16.4652 -7.8764 0.9985
Car -1 -1 -7.1851 0.0000 183.8417 138.6013 259.8694 1.5395 1.6524 3.8004 -12.8796 1.5119 16.4673 -7.8412 0.9968
Car -1 -1 -7.5841 368.5149 181.4474 430.6596 216.9055 1.3511 1.5124 3.5975 -8.4170 1.2077 29.1963 -7.8626 0.9786
Car -1 -1 -4.5623 648.6186 179.0791 676.5607 198.5833 1.5302 1.6846 4.0749 4.4856 1.0489 58.5728 -4.4867 0.9148
Car -1 -1 -7.1698 0.0000 185.1428 144.7639 260.2791 1.5104 1.6307 4.0315 -12.8282 1.5091 16.4905 -7.8232 0.8765
Car -1 -1 -7.5818 367.9091 181.5438 434.1302 216.9243 1.3485 1.5752 4.0026 -8.4041 1.2088 29.4042 -7.8580 0.8653
Car -1 -1 -4.5817 647.5201 179.2589 674.1238 198.7845 1.5300 1.6630 3.9285 4.3276 1.0634 58.4188 -4.5085 0.8398
Car -1 -1 -4.4940 647.9974 179.3687 677.8544 198.9160 1.5296 1.6446 3.7503 4.4880 1.0722 58.2847 -4.4180 0.8332
Car -1 -1 -4.3070 256.0396 175.8800 335.0587 215.1343 1.4664 1.4671 3.9154 -12.4462 1.1178 28.8116 -4.7116 0.8293
Car -1 -1 -7.1785 0.0000 184.1973 141.5055 260.6978 1.5441 1.6852 4.0334 -12.9553 1.5237 16.5416 -7.8352 0.8284
Car -1 -1 -4.2479 272.3140 176.9181 336.1032 205.3532 1.4926 1.6681 3.9095 -16.7294 1.0572 39.7414 -4.6442 0.8026
Car -1 -1 -7.5566 367.8564 180.4253 431.2165 216.8806 1.3868 1.4885 3.5351 -8.4001 1.2048 29.1282 -7.8353 0.7993
Car -1 -1 -4.6031 415.7757 177.9032 454.1685 207.9555 1.4045 1.4799 3.3099 -8.4810 1.0629 35.3300 -4.8373 0.7989
Car -1 -1 -4.5100 413.7040 179.0059 457.3828 208.3420 1.3692 1.4480 3.2817 -8.4207 1.0795 35.2126 -4.7434 0.7462
Car -1 -1 -7.1681 0.0000 186.5833 140.6182 262.8125 1.5280 1.6701 3.7976 -12.8162 1.5630 16.4014 -7.8237 0.7318
Car -1 -1 -4.5134 649.6409 179.5320 679.7983 198.9014 1.5222 1.6774 4.1258 4.6718 1.0757 58.7076 -4.4348 0.6727
Car -1 -1 -7.6325 366.5396 180.4066 426.9719 216.6488 1.3788 1.5415 3.8835 -8.5664 1.1960 29.3323 -7.9145 0.6697
Car -1 -1 -7.3116 265.9960 175.5477 334.6146 205.1843 1.5511 1.6652 3.9772 -16.9269 1.0453 39.7088 -7.7124 0.6343
Car -1 -1 -7.5455 369.2885 180.8912 436.7347 216.5520 1.3565 1.5235 3.9043 -8.3012 1.1921 29.3216 -7.8193 0.6339
Car -1 -1 -4.4680 413.0557 177.2876 460.9185 208.1881 1.4499 1.4824 3.5501 -8.4135 1.0781 35.5154 -4.6993 0.5563
Car -1 -1 -4.5877 647.4421 178.6479 673.2774 198.7382 1.5647 1.6552 3.5091 4.2450 1.0534 57.8711 -4.5153 0.5525
Car -1 -1 -7.8813 605.3224 178.4505 640.9877 210.8575 1.5316 1.6636 3.7017 0.6868 1.2120 35.8313 -7.8627 0.5481
Car -1 -1 -7.5688 328.0439 168.1426 389.9292 205.7202 1.7631 1.8485 4.0107 -12.3269 0.9622 35.7732 -7.8986 0.5327
Car -1 -1 -4.3031 252.4806 174.2167 336.6514 214.4131 1.5040 1.6104 4.0557 -12.5252 1.0926 28.9278 -4.7085 0.5210
Car -1 -1 -4.6756 647.9084 179.8208 670.5416 198.9075 1.4997 1.6959 4.1122 4.2106 1.0760 58.6195 -4.6046 0.5190
Car -1 -1 -4.5386 412.6721 178.4296 457.7805 208.4574 1.4135 1.5370 3.8564 -8.5677 1.0942 35.8095 -4.7721 0.5146
Car -1 -1 -4.6049 410.6945 176.8171 452.2401 207.5570 1.4371 1.6017 3.7245 -8.6990 1.0446 35.5583 -4.8434 0.4912
Car -1 -1 -7.5116 367.7058 179.1403 433.0181 216.3595 1.4014 1.4933 3.2666 -8.2617 1.1728 28.7446 -7.7893 0.4802
Car -1 -1 -4.2947 253.7098 176.0314 333.8625 215.3147 1.4687 1.5448 3.7337 -12.4945 1.1255 28.7512 -4.7015 0.4753
Car -1 -1 -7.6784 604.3818 180.2212 649.3927 211.7593 1.4794 1.6320 3.5914 0.9633 1.2452 35.6423 -7.6520 0.4735
Car -1 -1 -7.5226 329.6973 168.6232 397.2371 206.5736 1.7772 1.8335 4.4550 -12.1297 1.0003 35.8974 -7.8465 0.4511
Car -1 -1 -4.3943 280.9539 177.9552 334.4397 205.3708 1.4392 1.6179 3.7780 -16.5233 1.0582 39.6815 -4.7868 0.4275
Car -1 -1 -4.3035 259.6924 177.0918 337.2533 216.0494 1.4504 1.4030 3.8889 -12.2892 1.1481 28.7121 -4.7048 0.3936
Car -1 -1 -7.4717 326.2285 168.6798 390.1125 205.2272 1.6933 1.7558 3.5190 -12.1487 0.9273 35.1071 -7.8028 0.3749
Car -1 -1 -4.2886 256.8634 178.8656 334.1178 217.9699 1.4480 1.4784 3.5026 -12.2769 1.2130 28.3829 -4.6936 0.3640
Car -1 -1 -4.7193 648.1557 179.8496 669.2192 199.0035 1.4974 1.6440 3.8474 4.0853 1.0780 58.1678 -4.6500 0.3576
Car -1 -1 -4.3709 414.3247 178.0081 467.7694 208.5554 1.4242 1.5012 3.3989 -8.1598 1.0883 35.2891 -4.5967 0.3166
Car -1 -1 -7.6291 604.8120 180.1246 654.0901 211.8666 1.4847 1.6223 3.8937 1.1002 1.2467 35.7124 -7.5989 0.3148
Car -1 -1 -7.5340 327.9860 168.2424 394.9042 206.2749 1.7844 1.8936 4.3012 -12.2296 0.9882 35.8829 -7.8605 0.2790
Car -1 -1 -4.7958 604.4979 181.0411 644.3014 212.7017 1.4527 1.5939 4.0375 0.7214 1.2613 35.0486 -4.7758 0.2763
Car -1 -1 -6.3937 597.2612 180.5106 678.4733 211.6278 1.4706 1.6048 3.7821 1.3889 1.2484 34.9098 -6.3547 0.2341
Car -1 -1 -4.7853 609.6748 181.3943 648.9948 213.2522 1.4459 1.5914 4.0180 0.9509 1.2727 34.6705 -4.7585 0.2289
Car -1 -1 -7.6679 605.4069 181.1942 652.1024 212.3882 1.4418 1.6139 3.8208 1.0496 1.2561 35.2641 -7.6389 0.2268
Car -1 -1 -7.8276 607.5999 177.7685 642.4927 210.9120 1.5629 1.6433 3.8151 0.8723 1.2119 35.8447 -7.8038 0.2250
Car -1 -1 -7.5460 605.7709 180.7984 658.0981 212.3072 1.4710 1.5963 3.5069 1.2084 1.2649 35.4793 -7.5127 0.2190
Car -1 -1 -6.7971 595.0488 180.1882 675.9399 211.9689 1.4905 1.6854 3.6062 1.3307 1.2549 35.2910 -6.7602 0.2055
Car -1 -1 -7.9966 596.7811 178.9064 640.9743 211.2350 1.5208 1.6559 3.8710 0.4638 1.2242 35.8439 -7.9842 0.2043
Car -1 -1 -4.9648 603.1740 181.6084 657.1490 213.4709 1.4234 1.6191 3.9435 0.9648 1.2624 34.2171 -4.9373 0.1929
Car -1 -1 -6.7219 592.0869 180.4876 674.4987 211.6687 1.4727 1.6555 3.7089 1.2220 1.2495 35.4432 -6.6882 0.1737
Car -1 -1 -6.8991 602.3726 179.8789 684.5925 212.7287 1.5151 1.6192 3.7321 1.7141 1.2691 34.8416 -6.8508 0.1615
Car -1 -1 -6.5299 588.0914 180.8620 671.2126 212.1316 1.4769 1.6635 3.7709 1.0125 1.2714 35.1735 -6.5018 0.1510
Car -1 -1 -7.3533 603.8724 179.8982 670.0443 212.3851 1.4962 1.6194 3.7793 1.4474 1.2515 35.1448 -7.3129 0.1476
Car -1 -1 -6.7566 599.5229 179.7500 691.5989 211.7356 1.5000 1.6722 4.2234 1.8297 1.2438 35.3403 -6.7057 0.1216
Car -1 -1 -6.9549 599.8631 180.5023 678.3777 212.6227 1.4932 1.5999 3.6278 1.5202 1.2742 35.1316 -6.9125 0.1172
Car -1 -1 -6.2608 605.6454 179.8307 686.3336 212.0725 1.5023 1.6416 3.7705 1.8048 1.2515 34.4525 -6.2094 0.1158
Car -1 -1 -5.2785 598.9207 180.7485 674.1260 212.6173 1.4153 1.6319 4.0536 1.2578 1.2171 34.0869 -5.2423 0.1144
Car -1 -1 -4.9470 594.6146 180.6075 645.3574 212.6881 1.4700 1.5885 3.9281 0.4988 1.2590 35.0302 -4.9333 0.0994
Car -1 -1 -7.3718 606.3824 180.2552 674.9561 213.3337 1.5050 1.6715 3.9712 1.6212 1.2795 34.8429 -7.3261 0.0939
Car -1 -1 -6.0295 572.7777 179.9751 663.8676 212.7288 1.5391 1.6166 4.1775 0.4949 1.2930 35.1102 -6.0160 0.0822
Car -1 -1 -6.8595 602.0507 179.7438 691.2990 212.2431 1.5065 1.6245 4.1296 1.8828 1.2530 35.0574 -6.8067 0.0761
Car -1 -1 -4.7705 616.2294 180.8781 654.7886 213.4935 1.4705 1.5931 4.1802 1.2410 1.2751 34.5182 -4.7353 0.0726
Car -1 -1 -6.4056 585.3194 180.6171 668.1197 212.6059 1.5284 1.7301 3.8893 0.8599 1.3088 35.3986 -6.3820 0.0712
Car -1 -1 -4.8248 603.8210 181.7605 646.6364 214.1460 1.4508 1.6016 3.8228 0.7399 1.2962 34.1798 -4.8038 0.0701
Car -1 -1 -5.9487 601.3237 179.6389 688.8573 212.3899 1.4855 1.6177 3.8248 1.7351 1.2327 34.0724 -5.8987 0.0466
Car -1 -1 -4.8760 618.8215 181.5418 665.9739 213.1257 1.4220 1.6140 3.9729 1.5616 1.2567 34.4325 -4.8315 0.0273
Car -1 -1 -5.8038 539.4293 177.7370 604.7231 198.3378 1.4524 1.6350 4.5027 -2.6297 0.9253 52.3598 -5.8541 0.0270
Car -1 -1 -4.1407 540.9088 175.8412 588.1379 196.3352 1.4746 1.6496 3.9659 -3.2163 0.8002 53.8547 -4.2004 0.0235
Car -1 -1 -6.0488 538.9116 177.7878 603.2899 198.4503 1.4843 1.6533 4.4666 -2.6989 0.9509 52.8587 -6.1000 0.0180
Car -1 -1 -5.8302 536.9985 176.0791 598.7141 197.6538 1.5277 1.6563 4.1963 -2.9367 0.8809 52.4757 -5.8862 0.0180
Car -1 -1 -4.2428 540.2532 174.7934 583.6560 195.1649 1.4683 1.6523 3.9296 -3.4133 0.7173 53.9449 -4.3060 0.0168
Car -1 -1 -6.6769 533.9818 176.6996 595.3084 197.2001 1.4884 1.7047 4.2617 -3.2457 0.8703 53.8916 -6.7371 0.0159
Car -1 -1 -6.0431 537.3774 176.2020 598.9480 197.4512 1.5261 1.6684 4.2447 -2.9136 0.8789 52.8396 -6.0983 0.0155
Car -1 -1 -4.3794 539.1340 175.0203 576.3840 195.3756 1.4728 1.6399 3.8136 -3.7390 0.7353 54.0668 -4.4485 0.0130
Car -1 -1 -4.4671 536.1306 174.8882 570.0689 195.3729 1.4856 1.6361 3.9846 -4.1012 0.7368 54.2361 -4.5426 0.0114
Car -1 -1 -6.5801 536.8384 178.0838 602.6625 198.7139 1.4908 1.6977 4.5994 -2.8518 0.9756 53.5325 -6.6335 0.0110
Car -1 -1 -3.9604 540.8392 175.2148 594.3212 195.4623 1.4526 1.6908 4.0291 -2.9827 0.7353 53.6592 -4.0160 0.0108
Car -1 -1 -6.2247 538.1040 176.3846 597.8397 196.8650 1.4918 1.6544 4.3254 -2.9314 0.8487 53.1950 -6.2798 0.0103
Car -1 -1 -6.4756 535.9517 176.4939 596.2480 196.9665 1.4914 1.6692 4.2553 -3.1448 0.8562 53.7035 -6.5342 0.0101
Car -1 -1 -4.1347 179.2196 176.9529 230.8548 193.7295 1.4703 1.8646 4.6356 -36.5563 0.7463 65.3760 -4.6431 0.0092
Car -1 -1 -4.5100 531.2346 175.3722 562.5649 195.9530 1.4950 1.5832 4.0256 -4.5767 0.7801 54.3090 -4.5941 0.0087
Car -1 -1 -4.0797 182.4479 177.4494 232.4407 194.0280 1.4548 1.7540 4.3171 -36.3229 0.7734 65.3318 -4.5857 0.0077
Car -1 -1 -4.7426 531.4327 174.4789 554.3150 195.6155 1.5357 1.5968 3.9251 -4.9488 0.7558 54.2751 -4.8334 0.0076
Pedestrian -1 -1 -7.7938 803.8125 170.6615 826.0904 232.4093 1.8164 0.6109 0.5690 6.1578 1.3885 21.5157 -7.5190 0.0072
Car -1 -1 -4.5429 547.2809 173.6339 578.1511 194.1653 1.4651 1.6552 3.8869 -3.3225 0.6388 53.3187 -4.6052 0.0066
Cyclist -1 -1 -7.6610 516.2144 175.9811 532.9671 217.9534 1.6366 0.3711 1.5914 -3.3677 1.2767 28.8373 -7.7766 0.0065
Car -1 -1 -5.0951 514.6835 174.7217 554.7031 194.9222 1.4594 1.6393 3.9317 -5.5525 0.7014 54.0543 -5.1973 0.0060
Car -1 -1 -5.8676 627.4167 180.2282 677.2297 199.0127 1.4716 1.5542 3.6871 3.5634 1.0810 57.8503 -5.8069 0.0058
Car -1 -1 -4.9465 522.3371 174.4504 555.4483 195.1598 1.4997 1.6089 3.9381 -5.2478 0.7203 54.1808 -5.0429 0.0057
Car -1 -1 -5.8193 624.5391 179.7654 676.3975 199.0939 1.5164 1.6653 3.8428 3.4247 1.0890 58.0788 -5.7611 0.0055
Car -1 -1 -5.0060 510.3120 175.6547 544.6821 194.8175 1.3855 1.6115 3.5060 -6.0701 0.6944 53.9044 -5.1179 0.0048
Pedestrian -1 -1 -4.9415 892.2343 180.4774 921.3597 252.2052 1.4730 0.4602 0.4852 6.1987 1.3759 15.0377 -4.5575 0.0040
Car -1 -1 -7.6497 474.8080 175.4634 530.4413 218.9125 1.6164 1.4896 3.5797 -4.1523 1.2537 28.5745 -7.7930 0.0037
Pedestrian -1 -1 -8.1546 980.0841 177.8344 1035.5626 283.0701 1.5036 0.6015 0.4474 5.8047 1.3983 10.5478 -7.6630 0.0036
Cyclist -1 -1 -8.2973 963.3987 160.2559 1058.9688 292.6976 1.7785 0.5599 1.5920 5.7627 1.4435 10.4620 -7.8054 0.0028
Car -1 -1 -4.8600 554.5291 177.0849 578.7011 194.7751 1.6769 1.7317 4.3958 -4.0743 0.9063 70.4725 -4.9180 0.0027
Car -1 -1 -4.6368 558.8777 176.8294 579.1395 194.2909 1.6588 1.6682 4.2641 -3.7749 0.8623 70.4390 -4.6906 0.0022
Car -1 -1 -4.4897 558.6255 176.6134 585.4481 194.2204 1.6694 1.7390 4.2060 -3.4692 0.8539 70.3782 -4.5391 0.0017
