Car -1 -1 -4.4356 210.8099 182.7421 400.8205 301.1978 1.5136 1.6217 4.2654 -4.4556 1.5378 11.4232 -4.8055 0.9999
Cyclist -1 -1 -4.7384 429.0907 161.0407 470.5268 262.0883 1.8250 0.7275 1.7155 -2.9958 1.4561 13.8932 -4.9524 0.9909
Pedestrian -1 -1 -4.9289 648.0748 158.9971 676.9503 228.8408 1.7795 0.6003 0.7308 1.5493 1.2067 18.7053 -4.8526 0.8841
Pedestrian -1 -1 -7.8843 384.7661 166.4591 405.8267 221.2126 1.8129 0.6501 1.0825 -7.0343 1.3153 24.3992 -8.1674 0.8541
Pedestrian -1 -1 -5.8972 87.3368 159.3121 159.9457 295.9596 1.8591 0.6336 0.6639 -6.7783 1.5579 10.1484 -6.4799 0.8116
Pedestrian -1 -1 -7.8015 213.0551 159.7313 296.5805 359.0963 1.7903 0.6836 0.8346 -3.3835 1.5955 6.9668 -8.2454 0.8001
Pedestrian -1 -1 -5.8677 465.2328 168.8121 482.8259 199.7377 1.8421 0.4331 0.9456 -7.6441 1.0865 43.1101 -6.0472 0.7861
Pedestrian -1 -1 -7.8040 500.4832 170.0499 516.0408 216.3343 1.7119 0.5456 0.7869 -3.5182 1.2888 26.9841 -7.9376 0.7682
Pedestrian -1 -1 -7.9228 0.0000 180.3827 118.9437 373.0000 1.5837 0.5518 0.7606 -3.2868 1.5786 4.2408 -8.5596 0.7634
Pedestrian -1 -1 -6.1762 93.1317 161.3982 149.9930 295.4385 1.8192 0.6167 0.6052 -6.8196 1.5471 10.1623 -6.7610 0.7632
Pedestrian -1 -1 -7.5892 84.7661 160.3438 177.2555 340.4908 1.8552 0.6614 0.7899 -5.1764 1.6380 7.8741 -8.1617 0.7547
Pedestrian -1 -1 -5.5439 167.2698 161.0638 263.9197 314.2953 1.8178 0.5490 0.9288 -4.8206 1.5761 8.9024 -6.0339 0.7525
Pedestrian -1 -1 -7.8906 500.0377 169.7325 515.4400 216.0172 1.7068 0.5407 0.7420 -3.5351 1.2733 26.9015 -8.0252 0.7490
Pedestrian -1 -1 -3.9121 0.0000 166.7593 68.1764 307.6689 1.7574 0.6037 0.5592 -7.4462 1.5742 9.2756 -4.5804 0.7484
Pedestrian -1 -1 -7.4035 129.1752 170.7200 238.7461 353.4327 1.6896 0.7428 0.5688 -4.0686 1.5907 6.9521 -7.9230 0.7428
Pedestrian -1 -1 -7.9322 382.3107 167.0289 405.0486 221.4685 1.8005 0.6495 1.1473 -7.0929 1.3224 24.4100 -8.2173 0.6990
Pedestrian -1 -1 -5.3491 175.9947 160.8220 264.0825 314.9469 1.8144 0.5672 0.8555 -4.7688 1.5717 8.8975 -5.8349 0.6912
Pedestrian -1 -1 -4.7128 0.0000 183.5742 118.2950 373.0000 1.5867 0.5756 0.7214 -3.3093 1.6011 4.2944 -5.3473 0.6631
Pedestrian -1 -1 -3.8237 0.0000 165.2245 61.0239 309.4282 1.7819 0.6036 0.5150 -7.4543 1.5814 9.1922 -4.4969 0.6622
Pedestrian -1 -1 -7.7933 0.0000 176.6169 120.4281 373.0000 1.6135 0.5848 0.6815 -3.2366 1.5887 4.2145 -8.4257 0.6387
Pedestrian -1 -1 -3.1741 1.3857 180.1747 20.9250 218.8273 1.7670 0.7276 0.6761 -27.4060 1.7066 33.3343 -3.8634 0.6058
Pedestrian -1 -1 -8.1363 513.3547 168.4031 534.3176 215.3876 1.7462 0.5789 0.8216 -2.9633 1.2599 27.1884 -8.2490 0.5517
Pedestrian -1 -1 -7.9217 231.7164 161.0066 310.4440 361.9582 1.7896 0.6331 0.8425 -3.2456 1.6078 6.9185 -8.3523 0.5511
Pedestrian -1 -1 -2.8177 465.3932 168.7607 483.1825 199.6866 1.8400 0.4499 0.9568 -7.6139 1.0821 43.0302 -2.9967 0.5416
Pedestrian -1 -1 -5.3414 172.8286 158.4334 262.9604 316.5251 1.8402 0.5712 0.8741 -4.7488 1.5724 8.8096 -5.8293 0.4991
Pedestrian -1 -1 -7.8131 665.2831 169.4644 685.8928 222.1199 1.5665 0.5953 0.8969 2.2318 1.2089 21.8558 -7.7178 0.4900
Pedestrian -1 -1 -8.0953 501.3416 169.8580 521.7870 215.9074 1.6948 0.5857 0.7843 -3.3930 1.2667 26.9087 -8.2247 0.4761
Pedestrian -1 -1 -5.4950 160.1722 158.3403 260.4365 316.2764 1.8449 0.6135 0.9175 -4.8388 1.5751 8.8172 -5.9904 0.4708
Pedestrian -1 -1 -5.8090 169.7987 167.5627 230.0578 292.1042 1.7304 0.5621 0.5570 -5.7754 1.5374 10.2705 -6.3161 0.4629
Pedestrian -1 -1 -8.0314 101.9294 160.6748 187.9753 336.7879 1.8191 0.6594 0.9065 -5.1260 1.6047 7.9766 -8.5938 0.4512
Pedestrian -1 -1 -5.4327 511.3916 168.7986 536.8803 215.5461 1.7437 0.5526 0.8269 -2.9587 1.2703 27.2764 -5.5449 0.4442
Pedestrian -1 -1 -6.0153 79.9017 160.7511 146.0968 296.0894 1.8180 0.6505 0.6149 -6.8660 1.5399 10.0556 -6.6080 0.4135
Pedestrian -1 -1 -5.4242 506.5513 168.8988 531.8892 215.7924 1.7498 0.5688 0.8024 -3.1461 1.2800 27.2850 -5.5430 0.3837
Pedestrian -1 -1 -3.8743 0.0000 166.0252 63.2223 306.7671 1.7606 0.6561 0.5572 -7.5616 1.5677 9.3142 -4.5482 0.3364
Pedestrian -1 -1 -8.2327 657.4196 170.0818 685.7038 223.9580 1.6028 0.5975 0.7996 2.0960 1.2636 21.8387 -8.1433 0.3121
Pedestrian -1 -1 -7.9719 505.6238 168.9936 525.2830 215.9122 1.7380 0.6384 0.8283 -3.2692 1.2751 27.0873 -8.0960 0.3058
Pedestrian -1 -1 -5.8087 84.1532 163.4528 156.8533 295.9140 1.7884 0.5994 0.6403 -6.7468 1.5454 10.0317 -6.3944 0.2693
Pedestrian -1 -1 -5.8580 178.2199 168.5175 234.3720 290.1011 1.7192 0.5530 0.5357 -5.7851 1.5362 10.4530 -6.3586 0.2236
Pedestrian -1 -1 -4.5090 962.1146 139.6146 1011.9665 266.7374 1.7498 0.5574 0.4227 5.4425 1.1739 10.2269 -4.0358 0.1961
Pedestrian -1 -1 -8.3444 738.5745 166.0630 770.8931 228.7271 1.5354 0.5525 0.6376 3.7974 1.1577 17.9856 -8.1444 0.1864
Pedestrian -1 -1 -8.0168 1008.8073 148.9595 1051.3600 234.1761 1.6763 0.6412 0.6021 8.6149 1.0368 14.5250 -7.4945 0.1755
Cyclist -1 -1 -8.4012 717.2123 165.3075 768.0322 229.7892 1.5748 0.4533 1.6831 3.5585 1.1799 18.4110 -8.2182 0.1720
Pedestrian -1 -1 -8.2386 738.9792 166.1322 767.3876 229.0049 1.5539 0.5255 0.5554 3.7784 1.1746 18.0754 -8.0407 0.1628
Pedestrian -1 -1 -8.5905 732.8174 167.4871 767.9998 229.9506 1.5239 0.5289 0.6959 3.6849 1.1826 17.9599 -8.3962 0.1623
Pedestrian -1 -1 -8.0671 1002.7508 149.7272 1045.9978 235.5868 1.6896 0.6317 0.6040 8.4959 1.0650 14.5186 -7.5507 0.1494
Pedestrian -1 -1 -5.1555 732.5515 167.2754 763.6091 230.1848 1.5553 0.5488 0.6258 3.6608 1.2042 18.1312 -4.9643 0.1373
Pedestrian -1 -1 -7.6503 148.1474 169.0168 265.3115 360.7333 1.7324 0.8773 0.6307 -3.8188 1.6203 6.9190 -8.1451 0.1353
Pedestrian -1 -1 -8.3165 1010.3020 147.0240 1060.6099 234.1195 1.6994 0.6302 0.6530 8.6245 1.0273 14.3622 -7.7888 0.1301
Pedestrian -1 -1 -7.5923 180.1429 165.4214 198.8129 201.5145 1.7452 0.5981 0.8454 -20.2017 0.9680 35.2183 -8.1148 0.1287
Pedestrian -1 -1 -6.1290 0.0000 172.3277 50.0140 364.7932 1.7699 0.5669 0.5060 -5.7703 1.6863 6.9778 -6.8077 0.1198
Pedestrian -1 -1 -2.6179 117.3047 172.1704 187.6747 312.3808 1.6989 0.4949 0.5738 -5.6360 1.5865 8.9598 -3.1722 0.1102
Car -1 -1 -8.0111 536.7275 168.0360 565.6523 189.7612 1.6380 1.6357 3.9772 -3.9520 0.6228 56.2835 -8.0858 0.1075
Pedestrian -1 -1 -6.0105 147.1727 166.2503 214.6474 292.1985 1.7367 0.5288 0.7148 -6.0317 1.5271 10.2506 -6.5370 0.1062
Cyclist -1 -1 -5.9916 713.9462 165.2044 776.4656 229.6631 1.5803 0.5502 1.4566 3.6013 1.1813 18.1908 -5.8041 0.1032
Pedestrian -1 -1 -7.9019 522.6802 169.6796 540.0689 215.7282 1.7109 0.6163 0.6753 -2.6661 1.2721 27.0688 -8.0043 0.0990
Cyclist -1 -1 -3.2328 0.0000 182.9900 40.2195 226.5061 1.8001 0.7197 1.6771 -25.0465 1.8656 30.6170 -3.9194 0.0815
Pedestrian -1 -1 -7.7313 4.4243 185.9819 28.3913 226.6256 1.6983 0.7163 0.6730 -24.9272 1.8924 30.5956 -8.4159 0.0814
Pedestrian -1 -1 -6.2931 546.0693 169.8542 571.5286 224.7761 1.6549 0.4968 0.7670 -1.3350 1.3044 21.9212 -6.3584 0.0747
Cyclist -1 -1 -5.3616 720.0219 165.7919 772.2745 229.6974 1.5574 0.5160 1.4579 3.6264 1.1751 18.2733 -5.1737 0.0699
Cyclist -1 -1 -3.9754 176.1811 165.9424 209.7644 202.3577 1.7595 0.5948 1.4958 -20.1826 1.0080 35.5030 -4.4941 0.0662
Cyclist -1 -1 -5.0218 734.2411 166.2737 771.8312 229.4558 1.5421 0.5215 1.3905 3.7995 1.1710 18.2530 -4.8246 0.0653
Pedestrian -1 -1 -7.9086 8.6028 186.9210 30.5579 226.5102 1.6607 0.6934 0.6768 -24.9236 1.8967 30.7482 -8.5908 0.0613
Car -1 -1 -8.1219 530.3257 168.1668 564.7588 189.7843 1.6265 1.6463 4.0765 -4.2389 0.6232 56.2434 -8.2016 0.0607
Cyclist -1 -1 -2.8100 0.0000 181.6743 38.7492 224.0525 1.7761 0.7249 1.6995 -25.2693 1.7840 30.7473 -3.4988 0.0568
Pedestrian -1 -1 -4.3904 950.4346 138.1417 1001.1599 264.1641 1.7316 0.5302 0.4482 5.2761 1.1365 10.2161 -3.9293 0.0541
Cyclist -1 -1 -7.9669 524.2733 168.3231 543.1993 216.0704 1.7304 0.5120 1.6506 -2.5674 1.2533 26.8945 -8.0663 0.0541
Cyclist -1 -1 -3.0484 575.7335 169.0282 664.0853 243.7502 1.5923 0.8323 1.8821 0.3871 1.3271 15.8257 -3.0298 0.0526
Cyclist -1 -1 -6.3742 720.3503 165.4146 781.0829 228.7884 1.5682 0.5748 1.4493 3.7181 1.1707 18.1356 -6.1800 0.0526
Pedestrian -1 -1 -7.6045 523.6246 169.4503 543.2010 215.2431 1.6845 0.5724 0.7155 -2.5584 1.2416 26.8206 -7.7038 0.0512
Cyclist -1 -1 -2.9905 0.0000 181.1222 32.9932 223.9372 1.7716 0.7490 1.7614 -25.3254 1.7563 30.4987 -3.6844 0.0507
Car -1 -1 -7.9060 543.9833 168.4573 567.7551 190.0201 1.6284 1.6360 3.8725 -3.5795 0.6433 56.2693 -7.9741 0.0505
Cyclist -1 -1 -2.8942 583.5522 173.6925 671.6783 245.6586 1.5293 0.8219 1.8072 0.5501 1.3640 15.9065 -2.8656 0.0474
Cyclist -1 -1 -2.9258 0.0000 180.9779 39.1952 224.9712 1.8295 0.6954 1.7416 -25.1193 1.8081 30.5779 -3.6144 0.0414
Cyclist -1 -1 -4.9089 737.3831 166.1776 768.3086 229.0262 1.5457 0.4672 1.5428 3.8347 1.1694 18.4381 -4.7118 0.0375
Cyclist -1 -1 -2.8940 578.1300 173.7390 666.3420 243.8744 1.5135 0.8121 1.8411 0.4379 1.3466 16.1378 -2.8727 0.0339
Pedestrian -1 -1 -5.6311 136.7852 168.8698 220.8015 313.8810 1.7449 0.5026 0.7510 -5.2968 1.5936 8.9396 -6.1591 0.0316
Cyclist -1 -1 -3.1521 0.0000 182.9932 28.0314 224.4873 1.6970 0.7798 1.7806 -25.3725 1.7621 30.3159 -3.8499 0.0275
Cyclist -1 -1 -2.8882 0.0000 181.3224 28.5242 224.3525 1.7854 0.7384 1.7073 -25.5164 1.7783 30.5049 -3.5857 0.0265
Cyclist -1 -1 -5.2641 0.0000 172.6584 96.6791 367.3697 1.7590 0.4770 1.6492 -5.7846 1.6798 6.9890 -5.9433 0.0255
Cyclist -1 -1 -7.5802 182.5910 168.4112 200.8715 200.8475 1.5865 0.3812 1.5994 -20.5075 0.9466 35.9574 -8.1003 0.0242
Pedestrian -1 -1 -7.7934 141.5514 176.0548 169.2354 235.5796 1.5919 0.6103 0.5538 -12.1957 1.4467 19.5991 -8.3493 0.0142
Cyclist -1 -1 -7.6496 132.1037 175.3721 168.9625 239.7962 1.6541 0.5123 1.6721 -12.1362 1.4973 19.3160 -8.2097 0.0122
Car -1 -1 -4.5781 0.0000 189.2690 33.3864 373.0000 1.5480 1.5509 3.9159 -5.4811 1.6302 5.5003 -5.3443 0.0119
Car -1 -1 -4.4204 0.0000 191.2112 37.5917 373.0000 1.5626 1.5836 4.0285 -5.7667 1.6665 5.4830 -5.2135 0.0112
Cyclist -1 -1 -8.4398 996.0276 149.2843 1080.5079 233.2893 1.5744 0.6345 1.6048 8.5980 0.9712 14.2821 -7.9111 0.0106
Cyclist -1 -1 -7.5216 0.0000 171.4945 74.1406 373.0000 1.7886 0.4204 1.7511 -5.7754 1.7038 7.0354 -8.1969 0.0089
Car -1 -1 -7.5660 54.7576 171.1468 115.5599 200.7473 1.4966 1.6786 3.6230 -27.4533 0.9734 38.3063 -8.1895 0.0084
Pedestrian -1 -1 -4.9464 735.3849 175.8510 757.4387 231.6491 1.1891 0.3936 0.3455 3.0843 1.0693 15.4900 -4.7582 0.0081
Pedestrian -1 -1 -3.4403 1029.5393 143.6653 1077.7509 261.2869 1.5009 0.4403 0.4175 5.8793 1.0188 9.4299 -2.9004 0.0071
Cyclist -1 -1 -7.4654 0.0000 167.1934 100.3631 373.0000 1.8810 0.4326 1.8616 -5.8054 1.7543 7.3517 -8.1228 0.0048
Car -1 -1 -7.2868 539.2677 174.0525 641.3566 224.0662 1.5727 1.7408 3.8095 -0.3248 1.3390 24.6674 -7.3050 0.0028
Car -1 -1 -7.3994 51.9169 168.6725 126.4484 200.8886 1.6302 1.7735 3.7597 -27.2494 0.9813 38.3490 -8.0188 0.0025
Pedestrian -1 -1 -4.2474 1011.2235 146.1118 1063.1282 257.7032 1.4663 0.4691 0.4153 5.8631 1.0020 9.7491 -3.7229 0.0020
Cyclist -1 -1 -4.6403 142.2447 178.1303 169.8878 233.9373 1.4696 0.5478 1.3579 -12.1988 1.3813 19.6442 -5.1952 0.0020
Car -1 -1 -6.9259 811.8503 167.2230 1005.6014 237.6122 1.3261 1.4916 3.4510 6.2044 1.0577 14.6891 -6.5378 0.0020
Pedestrian -1 -1 -4.5704 586.3163 193.1953 603.4484 240.8279 1.0873 0.3571 0.3294 -0.1881 1.3623 16.6735 -4.5869 0.0011
Cyclist -1 -1 -7.9435 515.0863 169.7788 532.1764 216.2598 1.7092 0.4878 1.6622 -2.9858 1.2785 27.2773 -8.0567 0.0005
Cyclist -1 -1 -7.7378 77.3791 160.7154 164.9675 346.8461 1.8252 0.5870 1.8375 -5.3388 1.6221 7.9970 -8.3175 0.0005
Cyclist -1 -1 -7.7808 506.1382 169.2516 522.6363 216.7369 1.7364 0.5072 1.6687 -3.2984 1.2889 27.1134 -7.9058 0.0002
Cyclist -1 -1 -7.8029 500.6023 170.8366 516.0360 216.5388 1.6637 0.5019 1.6274 -3.5112 1.2759 26.9812 -7.9362 0.0000
