Car -1 -1 -7.4575 170.1483 158.7662 407.0439 307.7806 1.8537 1.7162 4.3079 -4.6311 1.5248 11.1045 -7.8444 0.9999
Car -1 -1 -7.6621 420.6621 178.7114 492.6493 227.5427 1.4947 1.6471 3.7420 -4.9705 1.2957 23.8836 -7.8654 0.9997
Car -1 -1 -7.8466 574.9801 172.8081 625.4008 219.3311 1.5804 1.7131 3.7753 -0.3098 1.1591 26.3121 -7.8587 0.9990
Car -1 -1 -7.0620 0.0000 190.9597 116.8870 339.5072 1.4890 1.5035 3.6803 -8.4522 1.5780 9.2366 -7.7887 0.9667
Car -1 -1 -7.2309 0.0000 188.5142 155.8681 263.0706 1.4721 1.7014 4.3162 -12.6324 1.5582 16.5616 -7.8749 0.9581
Car -1 -1 -7.8520 575.1648 173.3833 625.4532 218.5449 1.5295 1.7037 3.5067 -0.3142 1.1289 26.1078 -7.8643 0.9401
Car -1 -1 -7.6483 406.4370 177.5076 455.9343 208.6395 1.4935 1.6411 4.0741 -8.9409 1.1239 36.5489 -7.8868 0.9042
Car -1 -1 -7.4741 177.7748 179.6625 273.1336 227.8420 1.5250 1.5960 3.7591 -13.0527 1.3494 24.7046 -7.9560 0.8940
Car -1 -1 -7.2419 0.0000 189.0908 155.3557 260.7782 1.4308 1.6466 4.1735 -12.6396 1.5323 16.6853 -7.8827 0.8933
Car -1 -1 -7.8689 575.4895 172.7659 624.8729 219.5816 1.5852 1.6740 4.0719 -0.3586 1.1638 26.3994 -7.8828 0.8896
Car -1 -1 -7.6494 368.8092 177.5065 410.0539 203.2837 1.5365 1.6815 4.0154 -13.6119 1.0771 44.9227 -7.9423 0.8322
Car -1 -1 -7.2320 0.0000 187.7923 154.0424 262.4459 1.4712 1.6710 4.3622 -12.6463 1.5384 16.5183 -7.8778 0.8319
Car -1 -1 -7.7165 368.9083 175.2657 407.6039 203.3653 1.6732 1.7394 4.3280 -13.7309 1.0809 45.0776 -8.0109 0.8071
Car -1 -1 -7.5838 406.2454 177.4838 460.7638 209.2170 1.5226 1.6632 4.0690 -8.8191 1.1518 36.5536 -7.8192 0.8045
Car -1 -1 -7.1173 0.0000 191.3319 117.8465 344.6646 1.4888 1.5528 3.9583 -8.4061 1.5834 9.1222 -7.8473 0.7903
Car -1 -1 -7.4897 174.8892 179.6548 270.8447 228.5351 1.5436 1.6227 3.8546 -13.1406 1.3681 24.7115 -7.9742 0.7708
Car -1 -1 -7.6938 518.0021 174.2514 552.6603 198.2334 1.4909 1.6210 4.0308 -4.6894 0.8095 46.7511 -7.7935 0.7588
Car -1 -1 -7.7250 368.5938 177.4283 404.5444 203.5964 1.5584 1.6691 3.7529 -13.7625 1.0948 44.7987 -8.0217 0.7502
Car -1 -1 -7.3837 178.4239 179.8659 283.6595 226.9792 1.4959 1.6202 3.8604 -12.8771 1.3262 24.7592 -7.8591 0.7270
Car -1 -1 -7.5617 518.8054 174.2349 560.2894 198.0865 1.4790 1.6043 3.9773 -4.4042 0.7982 46.6814 -7.6556 0.6500
Car -1 -1 -4.0178 0.0000 188.2153 157.6304 267.5664 1.4960 1.6298 4.8947 -12.6283 1.5741 16.2182 -4.6716 0.5615
Car -1 -1 -7.7437 405.7453 176.8067 447.0412 208.2429 1.5051 1.6076 3.8908 -9.1728 1.1026 36.4525 -7.9888 0.5334
Car -1 -1 -4.4381 366.6042 176.3387 410.7649 202.1354 1.5263 1.6613 3.7173 -13.5034 1.0012 44.4058 -4.7319 0.5022
Car -1 -1 -7.5315 368.8184 176.4248 416.1494 202.1655 1.5350 1.6371 4.0265 -13.4109 1.0109 44.9077 -7.8204 0.4939
Car -1 -1 -7.5277 406.0477 176.8890 461.3504 208.7742 1.5269 1.6182 3.6809 -8.7636 1.1283 36.3299 -7.7631 0.4641
Pedestrian -1 -1 -3.5825 210.5173 169.4546 225.6012 209.1254 1.8099 0.5729 0.4063 -17.9970 1.0910 33.1296 -4.0770 0.4614
Car -1 -1 -7.7483 517.1857 174.2101 548.8087 198.2455 1.4937 1.6296 4.0084 -4.8371 0.8099 46.6796 -7.8513 0.3979
Car -1 -1 -7.5698 402.6353 176.3555 452.3734 208.1691 1.5165 1.5592 3.2501 -8.9872 1.0943 35.9218 -7.8135 0.3530
Car -1 -1 -7.5069 407.7623 177.2168 466.7297 209.1748 1.5299 1.6599 3.9558 -8.6093 1.1471 36.4735 -7.7374 0.3265
Car -1 -1 -4.6578 520.8276 174.7256 549.4659 198.9956 1.4991 1.6376 3.6753 -4.6637 0.8513 46.2757 -4.7581 0.2840
Car -1 -1 -7.8431 517.3906 174.6816 543.7250 199.0199 1.5043 1.6214 3.6866 -4.9832 0.8534 46.3429 -7.9500 0.2281
Car -1 -1 -4.8528 440.3261 178.8442 478.4233 203.8842 1.4451 1.6867 4.2627 -9.1108 1.0776 43.7779 -5.0571 0.2096
Pedestrian -1 -1 -3.5737 207.8337 169.0892 223.5362 209.4711 1.8401 0.5697 0.4372 -18.0909 1.1054 33.1013 -4.0707 0.1857
Car -1 -1 -4.2114 184.0630 186.6858 276.9473 222.0231 1.3345 1.5995 4.0447 -15.3176 1.3989 29.3580 -4.6888 0.1761
Car -1 -1 -7.8780 516.7534 174.1977 543.5103 198.1041 1.4815 1.6233 4.0058 -5.0980 0.7989 46.6412 -7.9866 0.1669
Car -1 -1 -7.6370 396.0234 177.2873 441.7635 208.8934 1.5003 1.5410 3.2172 -9.3778 1.1241 35.7586 -7.8919 0.1648
Car -1 -1 -4.6960 403.0015 176.0458 438.0636 208.4471 1.5443 1.6267 3.9424 -9.4666 1.1074 36.3679 -4.9491 0.1428
Car -1 -1 -4.7454 437.2615 179.3479 466.3050 203.9888 1.4104 1.5722 4.0527 -9.4608 1.0747 43.3039 -4.9596 0.1330
Car -1 -1 -4.9723 442.7417 177.6938 486.8161 203.1706 1.4698 1.6232 4.0933 -8.7593 1.0360 43.6667 -5.1695 0.1295
Car -1 -1 -4.6692 437.8236 177.8549 468.6563 202.9300 1.4544 1.6594 4.1869 -9.4169 1.0276 43.8962 -4.8796 0.1130
Car -1 -1 -4.9027 437.6022 178.9549 477.2198 203.8898 1.4252 1.5860 4.0816 -9.1236 1.0675 43.2760 -5.1096 0.1128
Car -1 -1 -4.4405 423.2926 179.5802 468.5571 204.6839 1.4487 1.6345 4.0926 -9.7745 1.1236 43.5696 -4.6602 0.0901
Car -1 -1 -4.7799 439.8625 178.0579 472.0722 203.2573 1.4315 1.6078 4.1086 -9.1551 1.0251 43.0320 -4.9886 0.0892
Car -1 -1 -7.9990 509.6062 174.6095 543.1382 199.1228 1.5098 1.6152 3.7466 -5.3052 0.8567 46.2930 -8.1127 0.0840
Car -1 -1 -7.7012 532.0787 174.6228 566.6665 198.8905 1.5045 1.6233 4.1848 -3.7717 0.8480 46.7132 -7.7817 0.0779
Car -1 -1 -4.3202 417.7696 178.0713 469.2853 204.7673 1.5211 1.6154 3.9554 -9.7985 1.1142 43.0451 -4.5430 0.0741
Car -1 -1 -4.5754 441.0304 176.4251 472.9743 199.4589 1.3790 1.4550 3.7556 -9.4140 0.8529 44.9606 -4.7810 0.0679
Car -1 -1 -4.9613 442.8088 177.7646 484.5890 202.1495 1.3970 1.5873 3.7347 -8.7277 0.9703 43.2112 -5.1597 0.0586
Car -1 -1 -4.3580 423.9584 177.5396 473.4342 202.5245 1.4559 1.6345 4.1017 -9.7054 1.0087 44.0316 -4.5740 0.0560
Car -1 -1 -4.1044 413.5636 176.7611 474.0379 202.5956 1.4984 1.6616 3.9008 -9.9591 1.0082 43.8147 -4.3269 0.0547
Car -1 -1 -7.6720 535.3441 174.7097 571.5390 198.6605 1.4843 1.6244 4.1311 -3.5048 0.8334 46.6904 -7.7469 0.0515
Car -1 -1 -3.0810 397.9607 177.1600 478.4124 208.3850 1.4969 1.5799 3.7835 -8.3616 1.1109 35.5580 -3.3107 0.0499
Car -1 -1 -4.9817 441.9362 177.9515 486.6427 202.4610 1.4275 1.6651 4.0464 -8.8643 1.0046 44.0489 -5.1794 0.0490
Car -1 -1 -5.7453 352.4915 175.9595 422.6999 202.9007 1.6219 1.7329 3.8146 -13.6612 1.0648 44.5749 -6.0414 0.0486
Car -1 -1 -4.5056 444.2910 176.8176 479.8745 199.1308 1.3405 1.4386 3.7896 -9.1178 0.8361 45.0874 -4.7043 0.0459
Car -1 -1 -3.9336 153.7847 187.3934 267.5613 226.2388 1.4147 1.6103 3.9897 -15.6825 1.5079 28.5596 -4.4321 0.0450
Car -1 -1 -4.8606 443.4571 177.4004 479.3197 200.7630 1.3666 1.5885 3.9541 -9.0636 0.9096 44.1797 -5.0621 0.0442
Car -1 -1 -4.6255 438.4962 176.9995 467.4054 199.8262 1.3744 1.4587 3.7313 -9.7278 0.8799 45.2250 -4.8365 0.0437
Car -1 -1 -3.9635 407.3268 178.1916 471.4428 204.6046 1.5176 1.6566 3.7447 -10.1258 1.1141 43.3382 -4.1920 0.0382
Car -1 -1 -3.8956 162.9129 187.9050 280.0055 225.3300 1.3605 1.6320 4.0964 -15.3008 1.4761 28.6509 -4.3825 0.0354
Car -1 -1 -7.1724 75.6930 183.1344 193.3153 230.7026 1.5742 1.5842 3.5973 -16.7976 1.5054 25.6615 -7.7475 0.0324
Car -1 -1 -4.8321 483.8398 170.9375 529.2300 208.6635 1.7152 1.6870 4.1711 -5.0090 1.0662 34.9161 -4.9738 0.0291
Car -1 -1 -2.7644 333.8013 178.2219 405.1116 204.3860 1.5578 1.5755 3.8027 -14.4815 1.1416 43.6990 -3.0830 0.0282
Car -1 -1 -4.7066 493.8056 171.6974 530.0471 209.0518 1.7197 1.6593 3.9680 -4.7110 1.0975 35.1674 -4.8391 0.0281
Car -1 -1 -3.6481 149.3544 185.2638 277.9535 223.5421 1.3860 1.6338 4.1550 -15.3971 1.3881 28.2239 -4.1439 0.0273
Car -1 -1 -7.0621 68.6861 181.7900 190.9930 230.7792 1.6228 1.6476 3.4781 -16.9901 1.5095 25.6862 -7.6419 0.0269
Car -1 -1 -6.4580 406.0067 177.4156 501.3531 209.2073 1.5173 1.6634 4.4364 -7.7283 1.1452 35.9136 -6.6688 0.0266
Car -1 -1 -4.7210 452.3264 176.3093 479.2795 199.9834 1.3935 1.5626 4.1039 -8.8292 0.8694 44.4821 -4.9161 0.0265
Car -1 -1 -7.6059 536.3822 174.9955 577.0670 199.2889 1.5023 1.6557 4.1953 -3.2851 0.8705 46.6654 -7.6761 0.0242
Car -1 -1 -7.4717 535.8776 174.8601 581.7756 199.4097 1.5112 1.6008 3.9393 -3.1312 0.8739 46.3710 -7.5391 0.0203
Car -1 -1 -7.8421 574.6456 174.6063 597.4940 197.2331 1.5269 1.5417 4.0260 -1.5261 0.8111 50.5357 -7.8725 0.0177
Car -1 -1 -3.7339 142.3249 187.5379 270.8016 226.9138 1.4057 1.6070 4.2120 -15.6268 1.5041 28.1673 -4.2367 0.0164
Car -1 -1 -6.1980 406.6389 178.1748 501.2924 209.3985 1.4956 1.6339 4.4491 -7.5622 1.1585 35.5165 -6.4066 0.0140
Car -1 -1 -4.0079 60.4206 183.1356 191.5007 231.3121 1.5521 1.6409 3.9472 -16.7759 1.4853 25.2184 -4.5903 0.0129
Car -1 -1 -7.0945 97.3538 185.2167 196.2711 229.2885 1.5088 1.4728 2.8417 -16.7228 1.5090 26.1475 -7.6591 0.0122
Car -1 -1 -6.4907 409.5035 178.0395 505.9006 209.7140 1.5102 1.6521 4.4723 -7.5251 1.1682 35.9275 -6.6960 0.0119
Car -1 -1 -3.7870 161.2143 183.9236 289.4288 226.3349 1.5344 1.6665 4.3193 -14.9629 1.4878 28.3159 -4.2696 0.0116
Car -1 -1 -6.0801 405.9756 178.0464 504.6432 209.2896 1.5020 1.6124 4.5173 -7.4811 1.1575 35.3735 -6.2873 0.0080
Car -1 -1 -7.9612 568.7104 174.6365 596.8844 197.0080 1.5091 1.5546 3.9956 -1.8162 0.7956 50.5811 -7.9972 0.0066
Car -1 -1 -8.1501 559.0923 174.4572 597.3831 197.4273 1.5476 1.5588 4.0965 -2.1468 0.8229 50.6242 -8.1927 0.0063
Car -1 -1 -4.3854 0.0000 174.6096 17.1958 201.1792 1.6958 1.7452 4.0853 -41.4153 1.0190 48.1026 -5.0938 0.0060
Pedestrian -1 -1 -4.8517 917.6822 194.5311 953.3885 291.1398 1.3393 0.4055 0.4079 4.6192 1.4757 10.2649 -4.4394 0.0059
Car -1 -1 -7.0685 52.7994 180.0627 190.0952 231.7295 1.6665 1.6636 3.9818 -16.9902 1.5005 25.3031 -7.6552 0.0055
Car -1 -1 -2.6273 350.1426 176.0502 444.9788 208.6189 1.5534 1.6900 4.2231 -10.4201 1.1164 35.5920 -2.9104 0.0045
Car -1 -1 -2.2756 357.6784 175.6306 444.8871 209.2729 1.6007 1.7512 4.4480 -10.4520 1.1448 36.1625 -2.5554 0.0037
Car -1 -1 -2.4774 41.5849 179.6972 184.9888 228.1111 1.6830 1.7256 4.0825 -17.8456 1.4913 25.9867 -3.0746 0.0036
Car -1 -1 -2.4612 350.9389 175.4787 445.8517 208.6911 1.5805 1.7394 4.4434 -10.4862 1.1173 35.8715 -2.7439 0.0036
Car -1 -1 -2.6258 29.1267 177.6191 179.2286 228.0038 1.7224 1.7511 4.0503 -17.8850 1.4629 25.6261 -3.2305 0.0034
Car -1 -1 -8.3629 549.1779 174.3783 598.6260 197.5222 1.5570 1.6016 4.2497 -2.4533 0.8281 50.5865 -8.4115 0.0034
Cyclist -1 -1 -4.2340 467.7817 176.0050 488.4681 200.1581 1.6568 0.6933 1.7561 -9.0749 1.0251 50.2508 -4.4121 0.0033
Car -1 -1 -2.4324 51.9580 181.7893 191.9085 228.4899 1.6369 1.7032 4.1362 -17.7514 1.5170 26.2895 -3.0219 0.0032
Car -1 -1 -3.9093 0.0000 171.0316 52.0346 201.1446 1.9428 1.7743 4.1356 -40.1707 1.0279 48.5345 -4.5983 0.0029
Car -1 -1 -3.3690 0.0000 170.0606 56.0019 201.1494 2.0192 1.8662 3.8617 -40.1256 1.0351 48.7887 -4.0549 0.0029
Pedestrian -1 -1 -4.8760 3.3827 172.3451 38.5922 230.2102 1.6763 0.7052 0.7133 -17.4526 1.3036 21.3252 -5.5558 0.0019
Cyclist -1 -1 -7.5061 517.5836 177.9033 535.7792 209.5577 1.4685 0.3298 1.6162 -3.8810 1.1294 34.1729 -7.6187 0.0016
Cyclist -1 -1 -4.4726 0.0000 174.2628 34.2824 230.5957 1.5811 0.5730 1.6384 -17.4231 1.2738 21.0385 -5.1581 0.0008
Cyclist -1 -1 -7.4350 650.9840 170.6374 672.4225 205.1210 1.6518 0.4896 1.4810 2.6142 0.9536 35.2016 -7.3619 0.0003
Cyclist -1 -1 -4.2519 0.0000 176.0950 43.9408 230.7645 1.5509 0.5737 1.5704 -17.4480 1.2923 21.2216 -4.9340 0.0003
Pedestrian -1 -1 -4.4326 646.6296 178.9037 660.5049 206.2213 1.2950 0.5724 0.4073 2.1548 0.9960 34.3661 -4.3709 0.0002
Cyclist -1 -1 -7.6828 646.7555 174.0311 662.2521 209.2543 1.6806 0.4866 1.6473 2.2586 1.1471 35.1556 -7.6196 0.0002
