Pedestrian -1 -1 -6.5411 627.6357 143.8713 759.7400 330.6481 1.8855 0.6614 1.2698 0.8711 1.5162 7.5574 -6.4293 0.9456
Pedestrian -1 -1 -4.6042 685.0468 176.5821 714.7548 255.5929 1.4533 0.5132 0.4088 1.7357 1.3816 13.2638 -4.4753 0.0390
Pedestrian -1 -1 -2.9442 828.3058 165.7739 862.1168 258.9098 1.6081 0.4888 0.4851 4.2143 1.3542 12.5404 -2.6258 0.0219
Pedestrian -1 -1 -3.5344 828.1739 167.6238 867.9668 261.7335 1.5880 0.4753 0.5018 4.1341 1.3711 12.1854 -3.2134 0.0171
Pedestrian -1 -1 -3.4137 814.0396 167.5252 849.5412 261.2150 1.5763 0.4356 0.4766 3.8330 1.3584 12.1201 -3.1131 0.0109
Cyclist -1 -1 -7.6645 824.7703 168.9555 868.2650 264.5134 1.5760 0.4384 1.6468 4.2355 1.3860 12.4865 -7.3434 0.0096
Car -1 -1 -6.7869 0.0000 174.9027 98.3774 227.5459 1.5814 1.7446 3.9722 -19.4420 1.4135 23.4074 -7.4715 0.0090
Car -1 -1 -7.0072 0.0000 178.5727 93.9615 232.0085 1.6025 1.6588 3.7699 -19.1728 1.5450 23.1989 -7.6894 0.0090
Car -1 -1 -3.7376 0.0000 180.5874 16.7298 221.9390 1.4297 1.5652 3.9706 -24.8058 1.4334 26.5652 -4.4811 0.0086
Car -1 -1 -4.0626 0.0000 179.5875 73.3013 228.0143 1.4117 1.7124 3.9729 -19.3375 1.3854 22.6365 -4.7609 0.0080
Car -1 -1 -3.9519 0.0000 181.7371 13.6840 223.1745 1.4218 1.5066 3.9133 -24.4790 1.4716 26.3487 -4.6928 0.0080
Car -1 -1 -4.0035 0.0000 181.1156 67.1145 231.6528 1.4571 1.5773 3.6536 -19.1562 1.4783 22.2619 -4.7053 0.0079
Pedestrian -1 -1 -3.5651 841.3307 163.8906 878.9231 256.5892 1.6128 0.4793 0.4697 4.4780 1.3242 12.5604 -3.2288 0.0077
Pedestrian -1 -1 -6.5232 794.9075 163.2066 806.5165 188.7343 1.6318 0.7344 0.5616 12.6055 0.5264 45.5711 -6.2533 0.0074
Car -1 -1 -3.5253 0.0000 178.6590 16.2147 220.3295 1.4515 1.6485 3.9877 -25.1363 1.3876 26.7832 -4.2713 0.0062
Pedestrian -1 -1 -3.3971 680.6324 165.4632 704.2986 237.8280 1.7905 0.5231 0.4722 2.1548 1.4188 17.7857 -3.2770 0.0056
Pedestrian -1 -1 -3.2876 839.2747 164.7057 872.2147 252.9648 1.5700 0.4952 0.4934 4.5080 1.2894 12.8660 -2.9565 0.0056
Car -1 -1 -3.8431 0.0000 179.4438 95.1565 227.0498 1.4097 1.6890 4.1356 -19.2690 1.3787 23.1242 -4.5293 0.0054
Pedestrian -1 -1 -3.2124 750.4606 169.9496 796.9993 254.8346 1.4733 0.5066 0.7672 2.9439 1.2906 12.5816 -2.9863 0.0050
Car -1 -1 -8.9695 0.0000 0.0000 1223.0000 369.0000 1.5991 1.5997 3.6070 3.8585 1.5535 1.1677 -7.7659 0.0047
Car -1 -1 -3.8047 0.0000 178.5445 101.0388 229.9514 1.5114 1.7419 4.2032 -19.0865 1.4542 23.0305 -4.4882 0.0045
Car -1 -1 -3.6640 0.0000 187.1096 32.1788 225.6397 1.3555 1.5185 3.5900 -24.7663 1.6308 27.4835 -4.3901 0.0042
Car -1 -1 -8.9928 0.0000 0.0000 1223.0000 369.0000 1.5807 1.6066 3.5779 4.2130 1.5330 1.2408 -7.7759 0.0041
Car -1 -1 -8.9624 0.0000 0.0000 1223.0000 369.0000 1.5789 1.5628 3.5450 3.4503 1.5494 1.1347 -7.7899 0.0041
Car -1 -1 -8.9245 0.0000 0.0000 1223.0000 369.0000 1.5786 1.5766 3.5589 3.0641 1.5547 1.1192 -7.7922 0.0040
Car -1 -1 -5.3932 0.0000 187.9863 107.3672 229.1744 1.2304 1.5430 3.5322 -18.1456 1.4830 22.6820 -6.0594 0.0040
Car -1 -1 -4.2164 0.0000 180.6472 7.9806 222.3031 1.4261 1.4720 3.7937 -24.1500 1.4323 26.2379 -4.9526 0.0037
Car -1 -1 -5.1658 0.0000 187.7794 95.0870 230.6853 1.2457 1.5281 3.3740 -18.0321 1.4916 22.4306 -5.8343 0.0036
Car -1 -1 -8.8561 0.0000 0.0000 1223.0000 369.0000 1.5648 1.5762 3.5094 2.6716 1.5295 1.1027 -7.7740 0.0033
Car -1 -1 -6.9634 0.0000 179.1993 103.7922 230.5967 1.5603 1.5843 3.5867 -18.8924 1.5211 23.3865 -7.6345 0.0032
Pedestrian -1 -1 -3.5992 1142.7010 139.3114 1209.9796 257.0764 1.8975 0.5058 0.7143 9.4004 1.2342 11.7134 -2.9345 0.0032
Car -1 -1 -2.6594 528.1743 158.2876 628.3429 196.7534 1.6779 1.8157 4.2558 -1.2615 0.7092 32.5793 -2.6958 0.0032
Car -1 -1 -7.2975 0.0000 171.3882 108.6517 226.4778 1.6703 1.7435 3.7656 -18.5081 1.3943 23.4005 -7.9583 0.0032
Pedestrian -1 -1 -4.1006 689.9757 166.0344 728.8311 250.4949 1.6941 0.4856 0.6923 2.1125 1.4043 14.6001 -3.9582 0.0031
Car -1 -1 -6.5130 0.0000 0.0000 1223.0000 369.0000 1.5694 1.6180 3.6827 -4.2395 1.6636 0.9691 -7.7862 0.0030
Car -1 -1 -9.0812 0.0000 0.0000 1223.0000 369.0000 1.5147 1.6094 3.8493 3.4033 1.5592 0.4506 -7.7325 0.0030
Car -1 -1 -9.0310 0.0000 0.0000 1223.0000 369.0000 1.5034 1.6118 3.8374 2.6100 1.5858 0.4105 -7.7328 0.0030
Car -1 -1 -6.4865 0.0000 0.0000 1223.0000 369.0000 1.5396 1.5825 3.5823 -5.4147 1.6727 1.2619 -7.7709 0.0030
Car -1 -1 -6.5111 0.0000 0.0000 1223.0000 369.0000 1.5338 1.5816 3.5770 -5.0066 1.6703 1.2788 -7.7706 0.0030
Car -1 -1 -9.0742 0.0000 0.0000 1223.0000 369.0000 1.5466 1.6167 3.6587 4.5608 1.5180 1.0187 -7.7881 0.0030
Car -1 -1 -6.4866 0.0000 0.0000 1223.0000 369.0000 1.5495 1.5919 3.6593 -5.8156 1.7077 1.3830 -7.7704 0.0030
Pedestrian -1 -1 -4.4240 973.0799 169.8995 1009.7195 250.4504 1.5327 0.5408 0.3885 7.4835 1.3314 13.7816 -3.9345 0.0030
Car -1 -1 -7.5196 560.2409 159.3678 625.5157 196.8023 1.6346 1.8249 4.0272 -0.5138 0.7121 33.0728 -7.5331 0.0027
Car -1 -1 -3.9465 0.0000 188.3085 30.4653 226.3535 1.3462 1.4843 3.3935 -24.5050 1.6688 27.4563 -4.6677 0.0027
Car -1 -1 -8.0305 568.7509 162.1296 600.0960 185.2640 1.6496 1.6631 3.9288 -1.5635 0.3397 52.5081 -8.0582 0.0027
Cyclist -1 -1 -8.0157 975.8738 165.7914 1019.4556 251.7725 1.6260 0.4730 1.7461 7.8528 1.3482 14.2734 -7.5204 0.0026
Car -1 -1 -7.7512 577.8106 161.3609 620.9911 195.4860 1.5450 1.6908 3.7664 -0.2349 0.6787 33.9675 -7.7561 0.0026
Car -1 -1 -7.3334 0.0000 173.3148 74.0954 217.1698 1.7190 1.6523 3.8929 -24.4231 1.4376 29.7676 -8.0135 0.0024
Car -1 -1 -4.1918 0.0000 178.0943 20.5106 223.4747 1.5548 1.4870 3.7060 -23.6518 1.4726 26.1899 -4.9186 0.0024
Car -1 -1 -4.2868 0.0000 179.2478 107.0837 228.9280 1.4652 1.5549 3.6724 -17.8243 1.4285 22.8168 -4.9415 0.0023
Pedestrian -1 -1 -8.3482 836.4579 168.7917 870.7325 229.4504 1.5023 0.6871 0.4376 6.2067 1.2126 17.7825 -8.0162 0.0023
Car -1 -1 -8.2806 604.7011 149.7108 684.9739 197.2659 1.8938 1.7542 4.4801 1.5967 0.6679 30.5625 -8.2270 0.0022
Car -1 -1 -7.4074 562.3351 161.0402 632.8374 197.5419 1.5928 1.7874 3.8696 -0.2994 0.7439 32.9851 -7.4145 0.0022
Car -1 -1 -4.1108 0.0000 185.1721 33.1952 227.4442 1.4820 1.6059 3.7127 -24.1335 1.6745 27.1538 -4.8299 0.0021
Pedestrian -1 -1 -4.4354 674.6836 155.8211 710.0529 255.6475 1.9970 0.5327 0.7893 1.7663 1.5037 14.6112 -4.3160 0.0021
Car -1 -1 -4.0800 544.5202 159.3334 626.9606 195.6573 1.5322 1.7134 3.9512 -0.8272 0.6396 31.9358 -4.1037 0.0020
Pedestrian -1 -1 -4.4522 984.6196 160.2813 1026.0868 256.9813 1.8291 0.6060 0.4640 7.7383 1.4470 13.7513 -3.9479 0.0020
Cyclist -1 -1 -8.1591 963.2144 163.1278 1015.4117 250.2073 1.6997 0.4652 1.6243 7.8817 1.3610 14.6416 -7.6727 0.0020
Car -1 -1 -4.1738 552.7350 163.3528 628.2303 199.4767 1.5329 1.5956 4.0069 -0.6113 0.8055 32.1380 -4.1908 0.0019
Pedestrian -1 -1 -7.5675 959.4604 154.9984 1002.4777 241.3663 1.6775 0.6434 0.5152 7.4721 1.1825 14.1413 -7.0889 0.0019
Pedestrian -1 -1 -4.3936 71.3971 191.4496 94.8494 237.9115 1.3282 0.4538 0.3732 -15.2207 1.6510 20.5754 -5.0215 0.0018
Car -1 -1 -2.8378 533.0286 160.0345 634.5465 196.0564 1.5677 1.8057 4.2800 -0.9691 0.6772 32.2226 -2.8656 0.0018
Car -1 -1 -7.2719 563.0592 161.5021 640.1091 197.8711 1.5961 1.7899 3.8395 -0.1210 0.7626 33.1264 -7.2737 0.0018
Car -1 -1 -4.2050 548.5740 159.2986 624.6307 196.3945 1.5551 1.6550 4.0502 -0.7757 0.6665 31.8170 -4.2272 0.0018
Car -1 -1 -7.8244 575.9692 160.6603 599.6888 185.8027 1.8046 1.6465 3.9799 -1.2439 0.3806 52.7456 -7.8460 0.0018
Pedestrian -1 -1 -7.7286 974.4517 154.5720 1019.6876 245.0802 1.7520 0.7255 0.6184 7.8010 1.2505 14.1494 -7.2325 0.0017
Car -1 -1 -4.1114 561.7053 161.1307 635.8542 195.3586 1.4889 1.5665 3.7838 -0.2513 0.6465 32.7618 -4.1171 0.0017
Car -1 -1 -4.2723 556.8182 160.0875 623.8450 196.6986 1.5702 1.6101 3.7697 -0.6285 0.6949 32.3735 -4.2896 0.0016
Car -1 -1 -4.4632 623.1086 167.6505 687.3597 209.7225 1.5619 1.6184 4.0705 2.0685 1.0851 28.4355 -4.3896 0.0015
Pedestrian -1 -1 -2.7991 124.0304 178.8611 161.4779 263.7080 1.4841 0.4032 0.4478 -8.2882 1.4558 12.6137 -3.3671 0.0015
Cyclist -1 -1 -8.1471 977.1174 154.2171 1037.0162 255.4592 1.8453 0.5014 1.7821 7.7678 1.3666 13.8111 -7.6429 0.0014
Cyclist -1 -1 -8.1839 955.1650 158.9680 1007.6237 245.2118 1.6426 0.4546 1.5009 7.5067 1.2328 14.2420 -7.7063 0.0013
Cyclist -1 -1 -8.2061 941.4359 159.1788 999.0633 244.8023 1.6757 0.4845 1.7180 7.5217 1.2588 14.7182 -7.7407 0.0011
Car -1 -1 -4.7487 599.3514 159.8399 641.3206 198.2325 1.6050 1.7184 4.2343 0.6013 0.7415 31.6882 -4.7280 0.0011
Cyclist -1 -1 -8.0521 966.8499 154.1661 1019.0147 252.9670 1.7947 0.5044 1.9082 7.5049 1.3167 13.8300 -7.5628 0.0010
Pedestrian -1 -1 -5.5572 1116.5864 201.8790 1222.2993 369.0000 1.2731 0.4414 0.4489 4.2170 1.4439 5.3711 -4.9181 0.0010
Car -1 -1 -4.9004 666.6111 170.9205 724.4832 210.4359 1.4287 1.5484 3.7057 3.4143 1.0826 27.4626 -4.7764 0.0009
Pedestrian -1 -1 -8.1219 848.3967 163.2856 883.3912 228.6032 1.6175 0.7300 0.4481 6.5059 1.1916 17.7616 -7.7748 0.0009
Car -1 -1 -4.3884 572.0407 162.1092 631.2690 196.6288 1.4808 1.5831 3.7867 -0.1111 0.6921 32.3772 -4.3899 0.0009
Pedestrian -1 -1 -4.5204 61.7384 192.0216 87.9895 245.0565 1.5063 0.5282 0.4701 -15.4393 1.8468 20.5490 -5.1558 0.0008
Car -1 -1 -7.7228 645.2662 154.3686 697.3444 200.9191 1.8484 1.6958 4.0784 2.8778 0.8110 30.2530 -7.6271 0.0008
Car -1 -1 -4.7756 660.6234 169.9214 710.9772 210.4602 1.4673 1.6917 3.9039 3.0522 1.0847 27.5816 -4.6649 0.0008
Cyclist -1 -1 -8.4910 916.1506 152.4821 990.4763 248.0463 1.8249 0.4876 1.5903 6.9740 1.2902 14.3287 -8.0450 0.0007
Pedestrian -1 -1 -5.9840 0.0000 168.2677 18.6457 238.5503 1.6215 0.4800 0.4509 -14.1976 1.3396 16.6210 -6.6796 0.0006
Cyclist -1 -1 -7.5850 245.3246 185.8708 312.3417 285.6341 1.3900 0.4914 1.6558 -4.9918 1.4790 10.7991 -8.0051 0.0006
Cyclist -1 -1 -7.4487 14.9086 169.3774 64.4869 238.2196 1.6210 0.3748 1.5196 -13.9515 1.3595 17.4314 -8.1129 0.0005
Car -1 -1 -4.8618 652.4474 161.9096 713.4727 204.2972 1.6031 1.8264 4.4485 3.0767 0.9003 29.0029 -4.7554 0.0005
Pedestrian -1 -1 -3.1145 732.0634 173.6486 778.9783 253.1168 1.3833 0.4839 0.8047 2.6433 1.2644 12.6353 -2.9114 0.0005
Pedestrian -1 -1 -2.7164 0.0000 158.3522 31.4222 230.6960 1.6937 0.6794 0.4523 -14.2285 1.1755 16.9400 -3.4038 0.0005
Car -1 -1 -4.9343 584.4666 159.7913 640.5474 194.7390 1.4606 1.6503 4.0738 0.2412 0.5953 31.7156 -4.9249 0.0005
Car -1 -1 -7.9304 732.7712 157.6900 755.2449 177.9465 1.6884 1.6149 4.0105 12.0822 -0.2299 61.5459 -7.7357 0.0004
Car -1 -1 -4.2184 558.1905 163.0412 628.0374 197.7225 1.4852 1.5716 3.8052 -0.5008 0.7377 32.3289 -4.2319 0.0004
Cyclist -1 -1 -8.4629 603.2719 170.0439 660.6304 241.3345 1.5023 0.3948 1.6499 0.5304 1.2823 15.6994 -8.4280 0.0004
Pedestrian -1 -1 -4.0983 274.6762 195.0742 316.7925 276.8311 1.2694 0.4113 0.4910 -5.0138 1.5098 11.3618 -4.5018 0.0003
Pedestrian -1 -1 -6.3570 9.5167 161.7296 38.5933 230.6012 1.6118 0.6244 0.4993 -13.9673 1.1729 16.9458 -7.0352 0.0003
Cyclist -1 -1 -8.1442 592.0914 171.6589 630.7078 243.7515 1.5177 0.4030 1.6332 0.0782 1.3320 15.7255 -8.1375 0.0003
Cyclist -1 -1 -8.2349 678.6040 175.9402 732.4633 260.1833 1.4804 0.4443 1.5458 1.8070 1.4007 13.2288 -8.1006 0.0002
Pedestrian -1 -1 -4.4975 617.9010 170.6299 645.3921 243.8171 1.6038 0.5231 0.4856 0.5543 1.3878 15.7940 -4.4613 0.0001
Cyclist -1 -1 -7.8711 843.0855 160.3603 865.0301 247.4910 1.7916 0.4066 1.6738 5.3657 1.3778 15.3974 -7.5405 0.0001
Cyclist -1 -1 -7.9746 846.8029 165.5129 876.7204 250.6339 1.7064 0.3793 1.7072 5.4010 1.4063 15.0481 -7.6350 0.0001
