Car -1 -1 -4.6020 520.7543 181.7755 563.9193 218.5173 1.6185 1.6540 3.8066 -3.2322 2.0701 34.6321 -4.6950 0.9996
Car -1 -1 -7.9827 673.9808 174.2368 730.5132 219.3685 1.6742 1.7209 4.0043 3.5718 1.7331 28.8972 -7.8616 0.9994
Car -1 -1 -4.9405 735.7714 164.4411 875.6909 277.7726 1.7780 1.5602 3.9069 3.3590 1.6457 13.2837 -4.6991 0.9989
Car -1 -1 -7.6877 573.0102 179.8120 612.8805 207.9801 1.6441 1.8126 4.4250 -1.0547 2.1057 45.5784 -7.7112 0.9942
Car -1 -1 -7.6838 573.9194 179.2468 612.7346 207.6652 1.6602 1.7129 4.5195 -1.0307 2.0846 45.5759 -7.7069 0.8796
Car -1 -1 -4.5664 518.4579 181.7596 565.4839 218.9236 1.6371 1.7015 3.9265 -3.2550 2.0905 34.7513 -4.6597 0.8788
Car -1 -1 -7.9584 677.1532 174.4686 731.9703 219.2906 1.6597 1.7461 3.9561 3.6615 1.7284 28.8564 -7.8341 0.8136
Car -1 -1 -7.7138 573.0015 180.0836 610.3037 207.4689 1.5955 1.7646 4.3363 -1.1379 2.0735 45.4836 -7.7392 0.7441
Car -1 -1 -7.9860 673.1951 174.6273 729.7374 219.8403 1.6714 1.7034 4.0218 3.5347 1.7470 28.8535 -7.8660 0.7374
Car -1 -1 -2.3107 0.0000 196.5264 93.8617 296.7063 1.4765 1.6410 3.8115 -11.1455 1.9064 12.1111 -3.0437 0.5870
Car -1 -1 -7.7726 669.1923 181.3720 701.7575 208.2576 1.4445 1.5904 3.8081 4.4024 1.9646 42.0634 -7.6696 0.5338
Car -1 -1 -7.6598 668.8799 181.2335 709.2000 208.3918 1.4530 1.6151 3.9114 4.6111 1.9651 42.0123 -7.5518 0.5245
Car -1 -1 -2.2651 0.0000 197.6815 93.5815 301.3302 1.5079 1.6817 4.2650 -11.3707 1.9644 12.1548 -3.0063 0.4145
Car -1 -1 -2.3810 0.0000 194.9781 85.6726 296.8130 1.5143 1.6190 3.8232 -11.2190 1.9059 11.9381 -3.1243 0.4099
Car -1 -1 -7.8795 667.6245 181.4509 696.8570 208.6197 1.4686 1.5907 3.7713 4.1461 1.9938 42.1664 -7.7827 0.4034
Car -1 -1 -7.7009 667.6226 180.8241 704.9866 208.6204 1.4794 1.5955 3.7348 4.4001 1.9604 41.5631 -7.5967 0.4033
Car -1 -1 -7.7225 668.5038 180.7369 704.5128 207.8292 1.4566 1.5805 4.0804 4.4857 1.9413 42.2233 -7.6179 0.3860
Car -1 -1 -7.2802 669.4821 180.2249 732.0988 208.0667 1.4810 1.6687 4.0176 5.2355 1.9264 41.5545 -7.1563 0.3510
Car -1 -1 -7.8507 669.4647 180.9884 697.7465 207.9915 1.4590 1.5720 4.0105 4.2794 1.9591 42.3106 -7.7512 0.3350
Car -1 -1 -7.5812 668.4963 179.8155 715.0931 207.8741 1.5074 1.6169 4.2890 4.8008 1.9363 42.1912 -7.4692 0.3028
Car -1 -1 -7.5164 667.3813 180.5532 718.6915 208.7812 1.4868 1.6449 4.1723 4.7884 1.9527 41.4596 -7.4028 0.2973
Car -1 -1 -7.8000 665.9011 181.2817 697.0052 208.6147 1.4694 1.6120 3.5105 4.1365 1.9789 41.7899 -7.7026 0.2841
Car -1 -1 -8.0043 659.8234 180.4652 696.8373 208.2849 1.5136 1.5540 4.1448 3.9395 1.9843 42.5298 -7.9131 0.2639
Car -1 -1 -7.5192 669.5300 180.8474 719.1432 208.1722 1.4541 1.6288 4.0296 4.9034 1.9413 41.8350 -7.4039 0.2563
Car -1 -1 -7.2968 672.1401 180.5263 735.5602 208.5748 1.4734 1.6761 4.1065 5.3661 1.9335 41.1823 -7.1687 0.2250
Car -1 -1 -4.5158 666.2800 180.9138 706.3323 209.4828 1.4858 1.4972 4.0787 4.3382 1.9669 40.9200 -4.4115 0.1880
Car -1 -1 -7.0819 664.2442 178.2988 739.5036 206.6928 1.5289 1.7099 4.4322 5.3087 1.8586 41.6883 -6.9567 0.1846
Car -1 -1 -4.5065 661.9084 180.5669 702.4792 208.8533 1.5014 1.6285 3.5254 4.1331 1.9629 41.2738 -4.4080 0.1826
Car -1 -1 -6.9660 661.4993 180.5249 735.6213 207.9381 1.4750 1.5895 4.1798 5.0930 1.9360 41.6091 -6.8456 0.1811
Car -1 -1 -7.1631 668.8186 178.0911 737.5926 206.7882 1.5410 1.6257 4.1986 5.3660 1.8567 41.5144 -7.0360 0.1764
Car -1 -1 -6.9434 654.4600 180.5283 727.1140 207.7828 1.4763 1.6270 4.0381 4.6640 1.9394 41.8195 -6.8337 0.1746
Car -1 -1 -2.5372 0.0000 192.3147 84.7487 301.7083 1.5404 1.6332 3.8361 -11.0931 1.8832 11.6334 -3.2874 0.1628
Car -1 -1 -6.9568 658.6444 180.5048 736.9827 208.0647 1.4906 1.6484 4.4722 5.0941 1.9550 41.9448 -6.8373 0.1526
Car -1 -1 -7.9657 657.8914 181.0255 692.2086 207.9496 1.4606 1.5663 3.8843 3.7309 1.9614 42.2929 -7.8789 0.1421
Car -1 -1 -6.9118 657.0222 180.2284 733.9498 207.6167 1.4929 1.6624 4.3011 4.9651 1.9407 42.0670 -6.7957 0.1316
Car -1 -1 -6.8553 647.4642 180.2481 720.3604 207.4374 1.4878 1.6209 3.9783 4.2745 1.9346 41.9945 -6.7551 0.1099
Car -1 -1 -4.6355 720.8154 179.2701 752.2108 206.6395 1.5303 1.5665 4.0532 7.6321 1.9361 43.5113 -4.4635 0.1081
Car -1 -1 -6.8842 663.7328 180.6648 739.0993 208.1041 1.4741 1.5299 4.1460 5.2128 1.9388 41.3232 -6.7602 0.1034
Pedestrian -1 -1 -3.5541 831.5624 158.9899 839.7599 196.8626 1.8910 0.4883 0.2140 11.3055 1.1984 36.2806 -3.2546 0.0974
Pedestrian -1 -1 -3.8263 827.3258 159.9184 836.8121 197.7847 1.8926 0.4756 0.1994 11.1374 1.2458 36.3211 -3.5314 0.0880
Car -1 -1 -4.2298 549.3089 180.2569 606.8530 210.0322 1.5801 1.6388 4.0035 -1.8153 2.0280 41.5237 -4.2738 0.0774
Car -1 -1 -6.4209 646.1891 179.7723 722.5136 206.0280 1.4700 1.5655 4.2106 4.2247 1.8780 41.7147 -6.3212 0.0649
Car -1 -1 -4.5950 697.8974 178.6722 733.9673 205.6791 1.5227 1.6920 4.2749 6.4633 1.8952 43.9497 -4.4505 0.0643
Car -1 -1 -5.3724 661.8943 180.7867 736.7511 210.8386 1.4480 1.5885 4.3548 4.6199 1.8932 38.2434 -5.2536 0.0638
Car -1 -1 -8.1200 667.5988 177.7139 722.2341 212.1569 1.6447 1.6659 4.5315 4.2927 1.9128 37.4884 -8.0074 0.0624
Car -1 -1 -6.6622 654.6545 180.8862 727.4074 207.0963 1.4289 1.6008 3.8274 4.5995 1.9037 41.4022 -6.5529 0.0613
Car -1 -1 -4.8020 728.8123 178.2216 763.1151 205.0264 1.5087 1.6546 4.1696 8.1341 1.8490 43.6265 -4.6194 0.0580
Car -1 -1 -4.4714 666.2493 181.0185 713.6410 209.5913 1.4600 1.6044 4.6333 4.5370 1.9482 40.7213 -4.3618 0.0568
Car -1 -1 -5.4394 662.3277 181.1640 743.9315 211.0123 1.4331 1.6411 4.6033 4.8262 1.9013 38.3188 -5.3156 0.0565
Car -1 -1 -5.1777 661.7640 181.2061 722.6888 210.7292 1.4244 1.5461 4.0299 4.2451 1.8912 38.1911 -5.0684 0.0537
Car -1 -1 -4.6669 704.3535 178.8821 734.4541 205.7781 1.5105 1.6205 4.3281 6.6504 1.8953 43.8233 -4.5178 0.0498
Car -1 -1 -5.4193 660.3398 181.1129 734.6724 209.7252 1.3991 1.6260 4.1803 4.5931 1.8673 38.7359 -5.3027 0.0437
Car -1 -1 -5.4618 663.4798 180.9300 747.4603 209.8224 1.3939 1.7064 4.6783 4.9804 1.8520 38.5497 -5.3348 0.0375
Car -1 -1 -4.2480 538.5982 181.0043 593.3024 210.4102 1.5697 1.5954 3.8755 -2.5313 2.0650 41.7740 -4.3086 0.0346
Car -1 -1 -4.8651 708.2774 179.7134 744.2402 205.8538 1.4683 1.5138 4.2050 6.9593 1.9038 43.7374 -4.7089 0.0344
Car -1 -1 -4.9050 664.5765 181.0676 708.1278 210.9138 1.4430 1.5217 4.0668 3.9371 1.9006 38.1309 -4.8035 0.0319
Car -1 -1 -6.9908 668.6172 179.1465 743.7592 207.1184 1.4929 1.5905 4.2339 5.4742 1.8674 41.1509 -6.8600 0.0318
Car -1 -1 -5.0865 682.8234 180.6904 742.3631 208.0827 1.3232 1.7097 4.1745 5.3402 1.7638 38.3602 -4.9498 0.0317
Car -1 -1 -4.6998 727.2419 177.8956 755.9557 205.5088 1.5473 1.6213 4.3083 7.9223 1.8671 43.5298 -4.5215 0.0316
Car -1 -1 -8.2640 669.3501 176.3978 736.5349 212.5596 1.7328 1.6998 4.7433 4.7073 1.9295 37.5834 -8.1410 0.0284
Car -1 -1 -6.7340 665.0161 180.9003 744.5712 207.6842 1.4378 1.5778 4.2169 5.3450 1.9105 41.0006 -6.6059 0.0278
Car -1 -1 -4.0530 537.3261 179.4784 605.2083 210.2864 1.6529 1.7057 4.2244 -2.2265 2.0576 41.8901 -4.1063 0.0245
Car -1 -1 -4.3536 687.0501 180.3629 737.4073 205.9700 1.4406 1.6316 4.3746 6.2888 1.9249 44.2578 -4.2139 0.0227
Car -1 -1 -4.2683 550.2272 179.0325 606.6639 209.6644 1.6513 1.6869 4.0965 -1.8126 2.0296 42.0045 -4.3117 0.0224
Car -1 -1 -4.6427 604.9111 181.7220 633.5765 205.0275 1.4645 1.6603 4.4227 0.6425 2.0985 49.3409 -4.6303 0.0175
Pedestrian -1 -1 -4.4379 777.4194 171.5187 793.6396 208.0554 1.7942 0.6269 0.6715 8.6896 1.7283 35.8787 -4.2027 0.0155
Car -1 -1 -4.4377 683.0011 181.4484 735.1162 209.2773 1.4227 1.7723 4.4932 5.6248 1.9371 40.7928 -4.3022 0.0143
Pedestrian -1 -1 -8.2550 794.4568 166.8227 813.7930 209.7929 2.0079 0.7607 0.4579 9.1030 1.7258 33.9971 -7.9961 0.0112
Car -1 -1 -4.1381 504.9941 180.3245 556.6058 201.4191 1.3217 1.5706 3.9659 -5.3424 1.8491 48.8388 -4.2469 0.0094
Car -1 -1 -9.0264 0.0000 0.0000 1241.0000 374.0000 1.5361 1.6355 4.0238 2.5663 1.4951 0.5921 -7.7881 0.0085
Car -1 -1 -4.4016 512.8235 178.6006 552.7711 200.1791 1.4004 1.6314 3.9288 -5.3359 1.8152 50.0284 -4.5077 0.0079
Car -1 -1 -3.4871 0.0000 193.2927 78.5666 341.9954 1.5607 1.6726 4.2530 -10.5919 1.9218 10.4783 -4.2651 0.0076
Car -1 -1 -7.2241 980.4433 50.8826 1241.0000 374.0000 1.9504 1.8016 4.0811 4.5485 1.4427 4.1971 -6.4333 0.0071
Car -1 -1 -6.4561 666.7625 181.5793 745.9085 207.7452 1.4173 1.5981 4.1943 5.3398 1.9182 40.5645 -6.3267 0.0065
Car -1 -1 -8.9341 0.0000 0.0000 1241.0000 374.0000 1.5941 1.6600 4.0983 2.2045 1.5984 0.6536 -7.7702 0.0063
Car -1 -1 -5.1592 665.8978 182.1703 724.5544 209.3547 1.3599 1.5236 4.2387 4.6028 1.9038 39.8912 -5.0457 0.0050
Car -1 -1 -4.2594 513.8652 178.8334 560.0419 200.2604 1.3752 1.6028 3.9257 -5.0041 1.8036 49.6096 -4.3598 0.0045
Car -1 -1 -8.8642 0.0000 0.0000 1241.0000 374.0000 1.5456 1.6581 4.0254 1.7875 1.5751 0.6227 -7.7688 0.0041
Car -1 -1 -8.6372 0.0000 0.0000 1241.0000 374.0000 1.6049 1.6512 3.7046 1.4589 1.5718 0.9299 -7.7677 0.0040
Car -1 -1 -5.3357 668.7864 180.3926 742.3069 209.5578 1.4414 1.6170 4.5203 5.0789 1.8761 39.2591 -5.2085 0.0039
Car -1 -1 -4.2462 505.5773 180.2723 552.4671 202.1096 1.3504 1.5510 3.8279 -5.3800 1.8658 48.0870 -4.3575 0.0036
Car -1 -1 -9.2468 0.0000 0.0000 1241.0000 374.0000 1.4041 1.6178 3.8800 2.2165 1.4970 -0.0512 -7.7836 0.0036
Car -1 -1 -4.9718 666.0734 181.1720 713.3279 209.9018 1.4247 1.5351 4.0901 4.2246 1.9004 39.1568 -4.8657 0.0035
Car -1 -1 -8.6530 0.0000 0.0000 1241.0000 374.0000 1.5029 1.6294 3.8117 0.9994 1.5858 0.4674 -7.7378 0.0034
Car -1 -1 -4.2917 512.0057 178.9330 558.0963 201.9797 1.4342 1.5919 3.9314 -4.9810 1.8573 48.1347 -4.3946 0.0034
Car -1 -1 -8.4529 19.8101 0.0000 1173.3397 374.0000 1.5391 1.6100 3.8484 0.6592 1.6077 0.4402 -7.7300 0.0033
Car -1 -1 -9.2950 32.3146 0.0000 1241.0000 374.0000 1.4681 1.6242 3.8344 1.0066 1.5794 -0.2258 -7.7885 0.0030
Car -1 -1 -9.2891 0.0000 0.0000 1241.0000 374.0000 1.4702 1.6201 3.8564 1.7808 1.5256 -0.1651 -7.7885 0.0030
Car -1 -1 -9.2459 0.0000 0.0000 1241.0000 374.0000 1.4548 1.6255 3.8926 1.4427 1.5657 -0.1299 -7.7865 0.0030
Car -1 -1 -3.4805 0.0000 0.0000 1241.0000 374.0000 1.5784 1.6024 3.8007 -5.0452 1.6838 1.7880 -4.6618 0.0030
Car -1 -1 -4.1869 510.1178 178.5690 560.7221 201.1268 1.4270 1.6157 4.0151 -5.0343 1.8311 48.9017 -4.2893 0.0030
Car -1 -1 -3.7377 0.0000 192.8992 89.2986 340.9343 1.5310 1.6697 4.4219 -10.2930 1.8854 10.4308 -4.5036 0.0025
Car -1 -1 -4.8769 665.2165 180.4719 704.4957 209.5145 1.4600 1.5168 3.7317 3.9776 1.8935 39.1846 -4.7770 0.0024
Car -1 -1 -4.8423 561.0177 181.7647 581.2380 197.3542 1.3496 1.4041 3.5834 -3.6277 2.1940 66.5127 -4.8969 0.0023
Pedestrian -1 -1 -4.2860 475.3496 177.6221 492.2134 209.7818 1.6482 0.5853 0.8045 -6.6092 1.8993 37.5792 -4.4593 0.0022
Car -1 -1 -4.0421 0.0000 194.3422 83.3071 343.1644 1.5472 1.6403 4.4074 -9.9516 1.9245 10.4165 -4.7919 0.0019
Car -1 -1 -5.3067 665.9395 180.7084 735.0878 209.6711 1.4281 1.4988 4.4009 4.7923 1.8787 39.1245 -5.1863 0.0018
Car -1 -1 -4.6015 560.7849 183.7661 580.5237 201.0153 1.5806 1.5368 3.5619 -3.8259 2.6702 70.2434 -4.6562 0.0013
Cyclist -1 -1 -8.2014 719.5385 177.6657 734.3822 202.0121 1.5126 0.4053 1.6110 7.4122 1.8245 45.9845 -8.0431 0.0010
Car -1 -1 -4.6589 487.7789 177.9297 517.0322 208.1951 1.6729 1.5140 3.4276 -6.3016 1.9824 42.2569 -4.8065 0.0009
