Car -1 -1 -4.3915 355.4616 180.7962 397.2315 203.6348 1.5045 1.6280 3.9837 -16.4630 2.0867 50.9204 -4.7030 0.9825
Car -1 -1 -4.1732 128.6571 185.6313 241.3623 229.3802 1.4581 1.6875 4.3566 -16.0843 1.9839 27.5177 -4.6982 0.9822
Car -1 -1 -4.4678 395.6487 181.3147 435.6237 204.4987 1.4908 1.6597 4.4407 -13.5091 2.1061 50.2628 -4.7294 0.8960
Car -1 -1 -4.5949 447.4721 179.8565 473.3281 198.4215 1.5905 1.8173 4.2605 -13.5992 2.2489 65.6745 -4.7986 0.8178
Car -1 -1 -4.4268 396.7435 180.7596 434.7168 204.0719 1.5143 1.5609 3.6965 -13.4459 2.0823 50.0008 -4.6885 0.8094
Car -1 -1 -4.3844 354.0136 180.5061 396.9869 203.7523 1.5316 1.6696 4.0335 -16.5153 2.0927 50.9042 -4.6969 0.8020
Car -1 -1 -4.4542 395.8636 180.9163 433.9435 204.3122 1.5147 1.5895 3.9618 -13.5169 2.0960 50.0671 -4.7169 0.7869
Car -1 -1 -4.5127 447.0340 179.6752 476.6165 198.4084 1.6066 1.8086 4.3505 -13.4575 2.2474 65.6411 -4.7144 0.7716
Car -1 -1 -4.1647 130.1575 185.8029 240.2854 229.4064 1.4499 1.6449 4.1804 -15.9907 1.9784 27.3533 -4.6898 0.7367
Car -1 -1 -4.3691 356.0559 179.9837 398.9402 203.8487 1.5734 1.6159 4.0101 -16.3461 2.0952 50.8135 -4.6791 0.6849
Car -1 -1 -4.3596 352.2806 180.5552 398.1799 203.6614 1.5214 1.7391 4.2072 -16.5822 2.0890 51.0705 -4.6724 0.6325
Car -1 -1 -4.3876 355.2132 179.9615 397.7715 203.0740 1.5198 1.6696 3.9379 -16.3634 2.0379 50.6447 -4.6989 0.6184
Car -1 -1 -4.4333 444.3061 179.3778 476.8035 198.3782 1.6193 1.7814 4.2117 -13.4702 2.2276 65.1483 -4.6367 0.6172
Car -1 -1 -4.3939 397.6750 181.5091 435.9327 204.0750 1.4566 1.5210 3.5205 -13.3090 2.0747 49.7565 -4.6543 0.6171
Car -1 -1 -4.4570 397.9644 180.9400 437.0317 203.8366 1.4772 1.6195 4.1635 -13.3435 2.0618 50.1076 -4.7163 0.6126
Car -1 -1 -4.2774 225.1314 174.2978 288.9004 208.5719 1.8991 1.7146 4.2611 -20.6376 1.9877 42.3049 -4.7291 0.5560
Car -1 -1 -4.2736 227.7694 173.0134 285.6611 207.6820 1.9290 1.5662 3.7834 -20.5573 1.9384 42.0668 -4.7259 0.5338
Car -1 -1 -4.4112 393.4776 181.1949 432.2398 203.8649 1.4595 1.6595 3.2731 -13.4703 2.0488 49.3419 -4.6767 0.5245
Pedestrian -1 -1 -5.2173 682.9916 174.8040 693.2043 197.4165 1.8404 0.4613 0.8882 6.3913 2.0017 59.3093 -5.1110 0.5021
Car -1 -1 -4.4902 448.1402 179.5097 478.5016 198.4144 1.6186 1.7879 4.3421 -13.2945 2.2428 65.5114 -4.6899 0.4784
Pedestrian -1 -1 -8.4360 684.1524 174.2010 694.9916 197.2478 1.8766 0.4838 0.8740 6.5128 1.9880 59.3107 -8.3276 0.4649
Car -1 -1 -4.5307 444.4184 179.9902 472.2894 198.6620 1.5872 1.7153 4.2932 -13.6745 2.2527 65.1565 -4.7371 0.4427
Car -1 -1 -4.2689 225.5824 175.6496 284.9361 207.8718 1.7758 1.6273 3.7848 -20.6047 1.9455 41.9945 -4.7228 0.4276
Car -1 -1 -4.6822 446.3651 180.5546 467.6041 198.7418 1.5457 1.7577 4.2807 -13.8790 2.2685 65.4984 -4.8905 0.4050
Car -1 -1 -4.4415 350.4034 180.3068 391.0237 203.7828 1.5225 1.6669 3.9927 -16.5955 2.0609 50.1192 -4.7600 0.3889
Car -1 -1 -7.8821 766.6178 180.4442 798.0482 207.9032 1.4422 1.6154 3.6421 9.6936 1.8928 40.9189 -7.6516 0.3673
Car -1 -1 -7.8307 767.8990 179.2303 798.5146 207.3570 1.4816 1.6145 4.0320 9.8756 1.8639 41.1394 -7.5972 0.3623
Car -1 -1 -4.4444 351.8280 180.5076 393.4655 204.3003 1.5326 1.7069 4.1023 -16.3902 2.0839 49.9120 -4.7604 0.3299
Car -1 -1 -4.4425 390.4605 180.8274 428.1203 203.8380 1.4744 1.6317 3.3499 -13.6381 2.0349 49.0693 -4.7125 0.3105
Car -1 -1 -4.3520 389.7066 180.2034 432.5218 204.2293 1.5293 1.6594 3.5200 -13.4547 2.0455 48.8755 -4.6196 0.2850
Pedestrian -1 -1 -5.1165 682.5325 175.0910 692.5490 197.2757 1.8115 0.5315 0.8426 6.3657 1.9972 59.4963 -5.0109 0.2830
Car -1 -1 -6.8268 754.2676 179.7500 831.3994 207.0430 1.4605 1.6428 3.9331 10.2559 1.8619 40.6650 -6.5820 0.2790
Car -1 -1 -7.9740 760.3683 179.9576 797.3165 207.6519 1.4659 1.5892 3.8382 9.5546 1.8909 41.2072 -7.7483 0.2085
Car -1 -1 -4.3784 448.1801 179.0185 483.4844 198.3459 1.6539 1.7594 4.5312 -13.0809 2.2344 65.6175 -4.5747 0.1970
Car -1 -1 -7.0321 752.6870 179.1325 831.8990 207.2129 1.4898 1.7018 4.3666 10.3094 1.8609 40.8857 -6.7874 0.1858
Car -1 -1 -1.9270 175.8357 180.0209 238.9988 213.2468 1.6194 1.6573 3.8568 -21.1918 2.0139 37.8626 -2.4345 0.1393
Car -1 -1 -6.6736 758.4935 180.6287 837.4993 207.3302 1.4328 1.5961 3.9723 10.4619 1.8794 40.4053 -6.4226 0.1376
Cyclist -1 -1 -6.5681 801.9976 171.2502 840.5548 210.5045 1.8267 0.6703 1.6148 9.8805 1.7518 33.9152 -6.2875 0.1261
Pedestrian -1 -1 -8.9689 971.0620 170.0764 1005.4803 230.1716 1.8011 0.6621 0.7181 11.5410 1.7176 22.1109 -8.4939 0.1204
Car -1 -1 -6.4565 744.4594 180.0878 816.6712 206.7063 1.4374 1.5643 3.7087 9.4510 1.8503 40.3260 -6.2284 0.1181
Pedestrian -1 -1 -4.9685 911.7028 154.5788 941.0875 223.8286 1.9611 0.6546 0.5426 9.0432 1.4433 20.7506 -4.5632 0.1111
Car -1 -1 -7.7227 769.1744 179.3935 808.1168 207.3716 1.4636 1.6294 4.1527 10.1631 1.8553 41.0193 -7.4820 0.1099
Car -1 -1 -7.8857 195.1694 179.7363 233.1840 212.8129 1.6099 1.6409 3.6180 -20.8692 1.9901 37.9161 -8.3862 0.1053
Car -1 -1 -7.9930 184.6964 179.8665 231.7368 213.6667 1.6405 1.6393 3.8936 -21.1877 2.0286 37.9175 -8.4999 0.0949
Pedestrian -1 -1 -5.0018 909.7631 155.6397 939.6495 223.4608 1.9310 0.6340 0.6376 9.0576 1.4406 20.8967 -4.5985 0.0942
Car -1 -1 -4.5463 184.0819 180.5466 237.1656 214.0596 1.5937 1.7665 3.9929 -20.7084 2.0162 37.4867 -5.0483 0.0844
Pedestrian -1 -1 -5.1229 984.2677 170.5125 1017.6716 228.8571 1.7820 0.6257 0.8436 12.1234 1.7102 22.4821 -4.6344 0.0833
Pedestrian -1 -1 -7.5277 987.1028 168.4014 1018.5604 227.5366 1.7896 0.6240 0.8406 12.1213 1.6545 22.3506 -7.0368 0.0831
Cyclist -1 -1 -6.9144 962.4047 169.5068 1025.7505 229.9079 1.8175 0.5993 1.6917 11.7260 1.7165 22.1342 -6.4333 0.0798
Pedestrian -1 -1 -6.1608 973.7405 170.8801 1004.1726 230.9398 1.7779 0.6709 0.7440 11.4258 1.7191 21.8452 -5.6851 0.0794
Cyclist -1 -1 -6.9142 961.1614 170.8667 1021.6711 230.1632 1.7648 0.6291 1.5556 11.5220 1.7054 21.9040 -6.4361 0.0696
Pedestrian -1 -1 -5.4710 977.2760 170.4014 1014.8073 229.6074 1.8026 0.6355 0.8241 11.9556 1.7277 22.4515 -4.9877 0.0683
Car -1 -1 -6.5467 759.7979 181.2318 838.2104 208.0943 1.4452 1.5713 3.9426 10.4327 1.9202 40.1298 -6.2947 0.0594
Car -1 -1 -6.9028 759.4230 177.6451 845.5829 206.7445 1.5524 1.6981 4.5502 10.8002 1.8324 40.6186 -6.6452 0.0558
Pedestrian -1 -1 -6.1544 968.4648 171.6200 998.2307 232.6043 1.8000 0.7134 0.7178 11.2300 1.7633 21.7940 -5.6848 0.0508
Cyclist -1 -1 -6.9382 964.1429 168.3385 1028.6776 228.0886 1.8134 0.5959 1.7696 11.9105 1.6761 22.3428 -6.4545 0.0492
Pedestrian -1 -1 -7.6105 980.8017 166.8588 1011.0869 227.6847 1.8410 0.6512 0.8332 11.9167 1.6592 22.3658 -7.1269 0.0488
Car -1 -1 -4.9164 418.9897 178.8033 444.0054 195.7233 1.4932 1.5401 3.6905 -16.6391 2.0625 67.0793 -5.1590 0.0337
Car -1 -1 -7.2569 791.2135 169.2033 873.5767 203.3289 1.5767 1.7370 4.3219 10.8998 1.4078 35.3693 -6.9607 0.0299
Car -1 -1 -2.0855 164.3678 179.9639 238.2660 214.3179 1.6716 1.6349 3.9106 -21.3099 2.0579 37.5259 -2.5992 0.0295
Car -1 -1 -7.2572 0.0000 170.7183 82.7319 238.0176 2.0668 1.8772 4.4960 -20.3647 2.0009 24.4837 -7.9458 0.0290
Car -1 -1 -8.0537 789.6833 172.1655 837.4271 206.3188 1.6024 1.5553 3.6930 9.9821 1.5698 35.7487 -7.7840 0.0276
Car -1 -1 -7.8501 802.4149 171.0168 837.1805 205.6201 1.6158 1.5686 3.7459 10.3360 1.5297 35.7085 -7.5710 0.0264
Car -1 -1 -7.7290 800.6520 173.0914 840.7582 206.5818 1.5551 1.5132 3.1288 10.2889 1.5669 35.2642 -7.4478 0.0256
Car -1 -1 -4.8342 423.7544 178.4863 445.7249 195.5936 1.5118 1.5469 3.6840 -16.3356 2.0507 67.0746 -5.0725 0.0207
Car -1 -1 -4.4167 164.8218 181.3996 232.8107 215.7956 1.5007 1.6241 4.4502 -19.8729 1.9427 34.9951 -4.9302 0.0163
Car -1 -1 -6.9708 791.3829 170.2228 880.4775 203.1399 1.5306 1.6715 3.9823 10.9417 1.4080 35.0779 -6.6712 0.0158
Car -1 -1 -6.7533 792.8655 173.0315 880.7488 208.3399 1.6461 1.6974 3.6732 10.8657 1.6547 34.7988 -6.4536 0.0138
Car -1 -1 -3.8764 151.2358 179.6669 249.2828 216.4254 1.6981 1.6908 4.2746 -20.6360 2.0640 36.4792 -4.3884 0.0131
Car -1 -1 -6.4904 798.4120 175.3968 886.2204 210.9533 1.6415 1.6853 3.7207 10.9978 1.7663 34.4783 -6.1846 0.0129
Car -1 -1 -4.1552 149.1376 181.0042 237.0201 215.5521 1.5369 1.6548 4.3739 -20.3422 1.9611 35.3617 -4.6742 0.0128
Car -1 -1 -2.2438 151.0471 180.9805 234.8864 214.1292 1.6084 1.6248 3.9765 -21.5525 2.0441 37.2238 -2.7658 0.0124
Car -1 -1 -7.7050 801.7534 170.6206 847.6436 206.7250 1.6758 1.6274 3.8424 10.5897 1.5718 35.5751 -7.4184 0.0123
Car -1 -1 -7.4388 797.7739 170.7845 864.8423 208.4833 1.7530 1.6823 4.0586 10.9369 1.6565 35.6397 -7.1439 0.0120
Car -1 -1 -4.3403 403.4885 180.6125 439.0158 197.9818 1.4404 1.6125 4.2514 -16.7181 2.1521 64.0109 -4.5950 0.0118
Car -1 -1 -7.4395 797.4766 173.0288 856.6403 207.1939 1.5845 1.5485 3.3778 10.6019 1.5932 35.2704 -7.1502 0.0118
Cyclist -1 -1 -8.5938 935.1830 174.7378 990.4377 228.6557 1.6243 0.5127 1.7428 11.0266 1.6857 22.7090 -8.1474 0.0106
Car -1 -1 -4.5947 412.7693 179.6233 437.1603 196.9527 1.4350 1.5874 4.3503 -16.3405 2.0543 63.7776 -4.8448 0.0093
Car -1 -1 -3.9744 139.0138 181.7173 242.0546 216.8698 1.5475 1.7349 4.5754 -20.4773 2.0119 35.4055 -4.4958 0.0091
Pedestrian -1 -1 -4.8415 943.4534 173.4692 969.3563 227.0263 1.6507 0.6487 0.6627 10.8245 1.6701 22.6629 -4.4015 0.0089
Car -1 -1 -5.1335 1096.0657 188.1296 1184.1600 225.0505 1.4054 1.6756 3.6768 22.6610 2.1046 31.0664 -4.5084 0.0084
Car -1 -1 -4.1724 161.4023 183.7704 240.3789 216.6164 1.4819 1.5177 4.1187 -20.3504 2.0580 36.0174 -4.6837 0.0081
Cyclist -1 -1 -7.9478 982.2968 170.1351 1009.0000 229.1122 1.7552 0.5607 1.6765 11.8839 1.6740 22.3557 -7.4653 0.0073
Car -1 -1 -3.9232 134.8668 179.0805 241.9357 216.0524 1.6508 1.7451 4.6700 -20.6532 1.9785 35.5342 -4.4467 0.0066
Cyclist -1 -1 -8.6891 929.9487 174.2012 985.5058 230.0483 1.7071 0.4658 1.7184 10.9998 1.7513 22.9808 -8.2483 0.0065
Pedestrian -1 -1 -4.0840 946.3585 173.4071 977.7710 226.6652 1.6369 0.6450 0.6189 10.9838 1.6542 22.6159 -3.6376 0.0059
Car -1 -1 -4.8025 418.2481 181.4945 442.2701 199.5351 1.4767 1.6515 4.6137 -15.9627 2.2705 63.8587 -5.0468 0.0057
Cyclist -1 -1 -8.6627 926.3555 174.2802 983.1725 229.1930 1.6587 0.5101 1.7364 10.7907 1.7051 22.7433 -8.2253 0.0052
Car -1 -1 -5.2446 1085.5858 188.8594 1176.6414 224.0394 1.3461 1.5308 3.6487 22.3740 2.0797 31.2034 -4.6275 0.0048
Car -1 -1 -5.4329 1069.4388 188.5121 1171.8711 224.2548 1.3684 1.6111 3.6148 21.8918 2.0854 31.1643 -4.8255 0.0047
Car -1 -1 -3.6402 129.8605 177.1416 241.8860 216.2911 1.7832 1.7830 4.4782 -20.9487 2.0095 35.7617 -4.1671 0.0044
Cyclist -1 -1 -7.5610 47.5157 175.8500 77.1320 221.1825 1.7224 0.4178 1.8189 -21.6296 1.8441 28.4619 -8.2065 0.0043
Car -1 -1 -2.6059 119.7588 165.4513 197.1537 191.7682 1.7121 1.7060 4.0484 -29.9214 1.2302 47.8365 -3.1625 0.0042
Car -1 -1 -2.8027 120.3614 166.4244 194.4738 191.6874 1.6231 1.6127 3.8199 -29.8024 1.2097 47.5585 -3.3601 0.0039
Car -1 -1 -5.4889 1060.5673 188.6828 1161.6504 223.9506 1.3488 1.4995 3.5739 21.5009 2.0742 31.1849 -4.8902 0.0036
Car -1 -1 -4.2859 254.2038 180.6658 306.0527 206.7432 1.5338 1.5922 3.6498 -20.7048 2.0443 45.3561 -4.7122 0.0035
Car -1 -1 -2.8135 111.2967 166.1765 190.9404 192.8931 1.7061 1.6043 4.1122 -30.0695 1.2794 47.3378 -3.3770 0.0026
Cyclist -1 -1 -8.6650 919.9968 174.0072 978.3340 229.1657 1.6848 0.5116 1.8262 10.7427 1.7228 23.0210 -8.2339 0.0024
Cyclist -1 -1 -7.3993 241.7594 174.1087 275.2427 207.1291 1.8421 0.6779 2.5612 -20.2875 1.9164 41.6305 -7.8505 0.0015
Pedestrian -1 -1 -4.1262 1148.4574 175.3220 1174.9757 225.4067 1.6829 0.5652 0.4486 18.7737 1.7679 24.6186 -3.4810 0.0003
