Car -1 -1 -8.0213 406.7002 181.2897 465.9557 221.6363 1.4409 1.6578 3.9421 -7.0380 1.8024 28.8014 -8.2594 0.9999
Car -1 -1 -8.2003 508.2544 187.2010 645.5614 270.2537 1.3699 1.5667 3.7320 -0.8578 1.7006 14.6239 -8.2589 0.9999
Car -1 -1 -4.5352 0.0000 199.8283 156.6740 314.7111 1.4825 1.6634 3.7960 -9.0506 2.0215 12.3551 -5.1575 0.9996
Car -1 -1 -4.4394 0.0000 212.7112 102.8915 374.0000 1.3895 1.6846 4.1111 -6.9644 1.9412 7.7744 -5.1530 0.9984
Car -1 -1 -5.0220 1119.0526 149.7820 1241.0000 248.8084 1.4273 1.6443 4.0565 10.4058 1.0945 12.5882 -4.3428 0.9959
Car -1 -1 -2.9047 585.2606 164.8694 681.3555 205.0578 1.6466 1.6776 3.8246 0.9743 1.3191 30.8767 -2.8740 0.9958
Car -1 -1 -7.9616 396.3222 179.8122 440.8301 214.4128 1.4933 1.6065 4.0651 -9.1655 1.8440 34.2052 -8.2219 0.9922
Car -1 -1 -4.8878 991.8010 152.2714 1118.9427 238.2207 1.5044 1.5533 3.2978 8.7034 1.1439 14.4459 -4.3548 0.9867
Car -1 -1 -4.5041 218.8110 184.6032 269.3759 215.8017 1.5709 1.6724 4.2141 -20.3835 2.2631 40.2761 -4.9702 0.9709
Car -1 -1 -2.9724 0.0000 189.7219 82.3001 219.8884 1.5387 1.6979 3.7288 -31.9176 2.5181 40.2702 -3.6396 0.9321
Car -1 -1 -2.9265 585.5095 164.4597 681.3515 204.8088 1.6512 1.6231 3.8298 0.9775 1.3074 30.7803 -2.8955 0.7320
Car -1 -1 -5.0425 1119.4330 153.0873 1241.0000 251.1480 1.4091 1.5574 4.0018 10.3455 1.1247 12.5145 -4.3633 0.7291
Car -1 -1 -7.9848 393.5262 179.8145 439.3362 215.0739 1.5174 1.5747 3.9936 -9.2235 1.8662 34.0443 -8.2479 0.7240
Car -1 -1 -4.8487 992.2443 153.6730 1117.9884 241.0254 1.5088 1.6064 3.4831 8.6501 1.1772 14.3792 -4.3165 0.7185
Car -1 -1 -4.5217 218.1079 183.7154 268.5422 215.0861 1.5881 1.7087 4.4142 -20.5440 2.2331 40.5146 -4.9887 0.6840
Car -1 -1 -2.8306 529.1417 172.5035 615.2419 205.0452 1.5927 1.6209 4.0628 -1.9426 1.5753 36.6164 -2.8837 0.6583
Car -1 -1 -4.4943 220.3298 184.0522 270.7696 215.1455 1.5703 1.6373 4.1833 -20.3019 2.2296 40.2734 -4.9589 0.6553
Car -1 -1 -7.9912 989.2874 152.8456 1113.7671 236.7390 1.4842 1.6026 3.8075 8.8439 1.1299 14.8305 -7.4624 0.6417
Car -1 -1 -6.0843 0.0000 188.7493 83.3001 218.7018 1.5262 1.6851 3.9803 -31.9605 2.4473 40.1728 -6.7533 0.6239
Car -1 -1 -2.8645 534.4333 171.5014 616.7513 202.4951 1.5162 1.6474 3.8612 -1.7615 1.4498 36.5383 -2.9128 0.6236
Car -1 -1 -7.9784 397.4909 179.8492 444.0356 214.3098 1.4832 1.6402 3.9780 -9.0294 1.8342 34.0809 -8.2358 0.5815
Car -1 -1 -2.8582 537.9342 169.6732 625.3261 201.1168 1.5351 1.7120 4.1098 -1.4567 1.3795 36.5528 -2.8982 0.5126
Car -1 -1 -4.5034 218.1056 183.9340 270.1811 215.4361 1.5745 1.7131 4.2687 -20.2127 2.2228 39.9512 -4.9693 0.5030
Car -1 -1 -4.5513 217.3902 186.2635 263.1846 216.7428 1.5173 1.6733 3.6131 -20.2829 2.2903 39.6328 -5.0219 0.5014
Car -1 -1 -3.0444 0.0000 189.2165 77.9638 220.6080 1.5910 1.5948 3.6167 -31.7907 2.5338 39.9380 -3.7136 0.4721
Car -1 -1 -2.9177 0.0000 188.9677 95.2818 219.4945 1.5697 1.7890 4.1869 -31.7183 2.5137 40.5871 -3.5780 0.4486
Car -1 -1 -2.7682 520.6031 174.1919 608.3203 206.1760 1.5622 1.6768 4.1373 -2.3514 1.6328 36.7899 -2.8321 0.4298
Car -1 -1 -7.8481 380.8615 176.8443 401.5748 196.1290 1.5479 1.6190 3.4325 -18.3759 1.8929 60.5670 -8.1418 0.3770
Car -1 -1 -7.8930 378.6969 176.7838 400.8503 196.0015 1.5414 1.6410 3.6042 -18.5591 1.8822 60.6517 -8.1890 0.3498
Car -1 -1 -2.9092 0.0000 189.4818 86.1397 219.8199 1.5467 1.6648 3.8103 -31.6200 2.5051 40.0452 -3.5745 0.3284
Car -1 -1 -8.5131 643.4074 116.5594 1128.6527 374.0000 2.0950 1.9606 5.0157 2.2491 1.7006 7.7436 -8.2421 0.3282
Car -1 -1 -6.1685 580.1074 171.4117 666.3447 202.6194 1.4069 1.5435 3.8593 0.6038 1.3416 33.5474 -6.1511 0.3247
Car -1 -1 -7.7513 375.3427 176.5739 399.8269 195.9143 1.5493 1.6229 3.3025 -18.5708 1.8688 60.2613 -8.0492 0.2923
Car -1 -1 -2.8552 520.7789 175.7767 606.3213 206.6612 1.5052 1.5376 4.0604 -2.3772 1.6580 36.5882 -2.9201 0.2847
Car -1 -1 -6.5702 0.0000 190.2122 85.5160 220.8118 1.5392 1.6799 3.6288 -31.9245 2.5602 40.4884 -7.2348 0.2756
Car -1 -1 -7.7323 381.3188 177.0975 406.1075 196.3423 1.5442 1.5675 3.6140 -18.1738 1.9119 60.6540 -8.0225 0.2687
Car -1 -1 -2.8257 0.0000 189.4021 86.8317 218.8584 1.5250 1.7055 4.0169 -32.0926 2.4883 40.5227 -3.4925 0.2565
Car -1 -1 -3.0574 572.9316 169.1455 650.3306 202.1633 1.5067 1.5774 3.5138 0.0691 1.3372 33.8616 -3.0559 0.2471
Car -1 -1 -6.0276 576.7483 172.7267 669.0235 205.0758 1.4378 1.5107 4.0118 0.5656 1.4318 33.3354 -6.0113 0.2469
Car -1 -1 -3.3379 0.0000 189.4315 83.2329 220.9643 1.5810 1.6899 3.5157 -31.6291 2.5440 40.0426 -4.0034 0.1826
Car -1 -1 -7.9431 374.4506 176.5387 399.1559 196.4359 1.5944 1.6443 3.9057 -18.8338 1.9150 60.7211 -8.2429 0.1775
Pedestrian -1 -1 -8.3510 456.5681 177.0575 472.5989 207.4888 1.7088 0.6427 0.6933 -8.3249 1.9508 41.1198 -8.5499 0.1766
Car -1 -1 -4.4314 0.0000 187.5882 55.4408 219.0075 1.5899 1.6614 4.0544 -33.0272 2.4666 40.7574 -5.1094 0.1632
Car -1 -1 -7.6374 376.7581 176.9809 405.2342 196.0093 1.5244 1.6263 3.1779 -18.2544 1.8776 60.1648 -7.9311 0.1629
Car -1 -1 -5.9658 518.7408 176.4175 600.9162 206.8795 1.4877 1.5416 3.8888 -2.5795 1.6750 36.7484 -6.0358 0.1534
Car -1 -1 -3.1087 579.4736 170.3107 659.8294 201.8909 1.4410 1.5703 3.6773 0.4302 1.3247 33.7909 -3.0965 0.1161
Car -1 -1 -6.8975 3.9013 187.5499 94.1174 219.8426 1.6534 1.7060 3.7262 -31.6822 2.5260 40.8242 -7.5545 0.0903
Car -1 -1 -3.3464 578.3499 169.2896 660.5026 200.6978 1.4346 1.5810 3.6321 0.3797 1.2715 34.0827 -3.3359 0.0784
Car -1 -1 -7.0179 1.5340 188.9960 87.0938 219.5593 1.5621 1.6549 3.6392 -31.9724 2.5191 40.8582 -7.6789 0.0700
Car -1 -1 -4.7155 260.6108 184.4725 288.5316 209.8158 1.4553 1.5317 3.8159 -21.1241 2.2186 45.3690 -5.1493 0.0674
Car -1 -1 -3.2694 369.5963 176.8586 418.5540 195.5478 1.4943 1.6027 3.7149 -17.9250 1.8343 59.8154 -3.5596 0.0619
Car -1 -1 -3.4999 0.0000 188.5989 82.2427 220.3649 1.5725 1.6380 3.6432 -31.5230 2.4810 39.6648 -4.1683 0.0563
Car -1 -1 -7.4943 16.3497 187.7677 80.5177 219.1467 1.6154 1.6498 3.7924 -31.9756 2.5082 41.1542 -8.1519 0.0532
Car -1 -1 -2.7847 43.8450 187.7891 136.7570 215.7252 1.4896 1.6956 3.9669 -29.6523 2.3705 41.2365 -3.4053 0.0507
Car -1 -1 -7.1101 0.0000 188.7989 81.5835 219.4807 1.5689 1.6676 3.7717 -32.2708 2.5147 40.8640 -7.7756 0.0489
Car -1 -1 -7.4523 0.0000 189.1641 66.5387 219.6716 1.5469 1.6350 3.9172 -32.7260 2.5197 40.9427 -8.1237 0.0483
Car -1 -1 -4.8197 126.6656 177.4165 156.5782 197.9731 1.5113 1.5364 3.9413 -36.3727 1.8776 55.9557 -5.3941 0.0463
Car -1 -1 -4.7522 130.6563 180.5992 161.2460 205.1134 1.5666 1.6120 4.0616 -31.9454 2.1214 49.5818 -5.3223 0.0434
Car -1 -1 -4.6506 133.1786 180.3448 165.1671 204.8951 1.5763 1.6166 3.7859 -31.6801 2.1124 49.6241 -5.2165 0.0434
Car -1 -1 -3.1386 356.2361 176.7016 408.0475 195.9395 1.5413 1.6028 4.0376 -18.8609 1.8668 59.7208 -3.4436 0.0424
Car -1 -1 -2.9845 366.1706 177.0616 413.4678 195.7465 1.5149 1.6334 3.5518 -18.3089 1.8708 60.0281 -3.2796 0.0404
Car -1 -1 -2.7272 367.9528 177.4376 416.3397 195.6832 1.4837 1.6918 3.4825 -18.1971 1.8729 60.2549 -3.0195 0.0360
Car -1 -1 -4.4386 240.1741 183.1481 285.6194 208.6542 1.4726 1.5214 4.1220 -21.8849 2.1532 45.5631 -4.8844 0.0353
Car -1 -1 -7.5356 28.0190 187.2627 89.9632 217.2459 1.5528 1.7290 3.7475 -31.5589 2.4201 41.3930 -8.1841 0.0321
Car -1 -1 -6.4006 367.2401 176.7365 409.3838 195.5759 1.5051 1.5356 3.1667 -18.3207 1.8324 59.5392 -6.6981 0.0297
Car -1 -1 -6.2760 367.5196 177.0500 415.7697 195.7767 1.5092 1.6223 3.7945 -18.1744 1.8658 60.0518 -6.5689 0.0287
Car -1 -1 -4.5482 237.7712 182.6468 277.5296 208.4744 1.4892 1.5807 4.2126 -22.2158 2.1376 45.5495 -5.0000 0.0285
Car -1 -1 -4.6553 263.6690 184.5045 296.0804 210.1221 1.4668 1.6246 3.9809 -20.7662 2.2346 45.4180 -5.0822 0.0218
Car -1 -1 -4.5988 235.9408 183.4253 272.9663 209.1465 1.4637 1.6165 4.0603 -22.1725 2.1553 45.0397 -5.0542 0.0214
Car -1 -1 -6.4157 375.0464 176.6703 430.5957 195.8294 1.5398 1.7115 4.2726 -17.3312 1.8670 60.2800 -6.6948 0.0192
Car -1 -1 -6.5162 371.8529 176.9207 424.4022 195.8885 1.5208 1.7076 3.9264 -17.7238 1.8700 60.3010 -6.8012 0.0189
Car -1 -1 -4.6511 252.5010 184.1792 283.4373 209.3170 1.4451 1.5197 3.8813 -21.5301 2.1907 45.4409 -5.0916 0.0183
Car -1 -1 -4.7343 256.5246 184.8483 286.0553 210.4223 1.4536 1.5848 3.7085 -21.1455 2.2334 44.9142 -5.1723 0.0166
Car -1 -1 -2.6194 55.0441 187.7952 140.4356 214.7280 1.4608 1.6267 3.6533 -29.2271 2.3338 41.1968 -3.2336 0.0161
Car -1 -1 -4.5251 243.9842 184.8008 282.3939 209.7820 1.4256 1.4965 3.6761 -21.6250 2.2035 45.0276 -4.9708 0.0145
Car -1 -1 -3.1430 352.5579 176.8090 405.8081 196.4809 1.5655 1.6366 4.1209 -19.0035 1.8985 59.3942 -3.4516 0.0118
Car -1 -1 -6.3901 374.5268 177.3664 425.7221 195.9033 1.4871 1.5714 3.9485 -17.4997 1.8717 60.0779 -6.6727 0.0114
Car -1 -1 -4.5783 233.2789 184.1729 274.4735 211.1483 1.5073 1.7145 4.2945 -21.9636 2.2423 44.5629 -5.0341 0.0112
Car -1 -1 -3.5868 0.0000 188.8303 78.0660 223.7836 1.6959 1.6572 4.2604 -31.8830 2.6179 39.3712 -4.2643 0.0111
Car -1 -1 -4.5723 230.9432 183.2430 274.9110 213.0556 1.6304 1.7477 4.6057 -21.5542 2.2938 43.6344 -5.0290 0.0110
Car -1 -1 -3.0234 343.4348 176.1524 403.9474 196.3976 1.6248 1.7236 4.5803 -19.4978 1.9029 59.6209 -3.3384 0.0105
Car -1 -1 -2.7299 59.5203 186.0098 144.6818 213.9075 1.5103 1.7128 3.6115 -29.0983 2.2864 41.3858 -3.3399 0.0094
Car -1 -1 -3.9561 0.0000 187.9920 82.7252 220.6301 1.6207 1.5879 3.6324 -31.0955 2.4877 39.4557 -4.6205 0.0092
Car -1 -1 -2.5391 52.6742 186.8675 137.8530 214.0581 1.4791 1.6898 3.6255 -29.2464 2.2923 41.0164 -3.1556 0.0080
Car -1 -1 -4.4798 234.6194 183.7163 279.8944 209.1190 1.4429 1.6322 4.0869 -21.9725 2.1529 45.0133 -4.9318 0.0079
Car -1 -1 -4.1714 211.7109 179.0433 251.5971 195.9060 1.5640 1.6730 3.9025 -36.8745 2.1846 70.3862 -4.6527 0.0073
Car -1 -1 -4.3517 211.7331 178.5542 245.6107 195.7003 1.5932 1.6977 3.7636 -37.1415 2.1641 70.3293 -4.8362 0.0068
Car -1 -1 -4.5000 211.2216 178.7983 239.6913 196.3443 1.6253 1.6768 3.8223 -37.4468 2.2212 70.3037 -4.9881 0.0065
Car -1 -1 -3.1506 342.7390 176.3752 402.3147 196.4102 1.5891 1.7326 4.5899 -19.5303 1.8859 59.3304 -3.4675 0.0064
Car -1 -1 -4.2121 395.7223 180.1724 447.7937 202.5198 1.3012 1.5287 3.8047 -11.8125 1.7818 45.3748 -4.4657 0.0054
Car -1 -1 -4.5964 21.9566 179.1948 59.0438 201.1285 1.4943 1.6632 3.9625 -41.4188 1.9740 52.5073 -5.2619 0.0047
Car -1 -1 -4.6340 29.8975 178.4262 64.5177 199.2537 1.4386 1.6976 3.9350 -41.3785 1.8645 53.0768 -5.2939 0.0046
Car -1 -1 -4.5063 35.0514 177.1611 77.9985 198.4277 1.4923 1.7123 4.1887 -41.2352 1.8267 53.8057 -5.1579 0.0040
Car -1 -1 -4.5291 12.3350 179.6948 54.4098 201.2477 1.4476 1.6680 3.9414 -41.4827 1.9600 51.9472 -5.2006 0.0038
Car -1 -1 -4.2931 401.7288 179.1620 451.5998 202.9579 1.3888 1.5793 3.8966 -11.4715 1.8021 45.2541 -4.5403 0.0033
Car -1 -1 -4.5974 32.8244 177.7812 68.9723 199.0249 1.4779 1.6579 3.9828 -41.2927 1.8563 53.3202 -5.2541 0.0032
Car -1 -1 -4.4885 43.6443 176.1380 86.2549 197.8774 1.5357 1.7363 3.7313 -40.4948 1.7889 53.6485 -5.1328 0.0024
Cyclist -1 -1 -7.7123 261.8366 181.9743 271.9263 208.7070 1.5972 0.3354 1.6177 -21.1870 2.1697 44.4923 -8.1547 0.0001
Cyclist -1 -1 -7.6659 255.7355 181.9657 268.7385 209.5721 1.6476 0.4040 1.7367 -21.4950 2.2210 44.5419 -8.1135 0.0000
Cyclist -1 -1 -7.7334 261.0718 184.2283 270.5635 210.1885 1.5384 0.3301 1.6375 -21.1678 2.2497 44.3136 -8.1770 0.0000
