Car -1 -1 -7.6149 400.2463 181.7305 494.1835 251.0793 1.7255 1.6928 3.9568 -4.5384 2.0015 20.4612 -7.8312 0.9999
Car -1 -1 -7.5352 242.1606 200.2152 424.0343 317.6398 1.4309 1.6114 3.5038 -4.2039 1.9299 11.3929 -7.8820 0.9998
Car -1 -1 -8.0026 695.4285 180.2308 794.4229 260.1625 1.4768 1.5411 3.3505 2.6987 1.6506 15.3347 -7.8326 0.9997
Car -1 -1 -8.3778 831.0274 178.8518 1241.0000 374.0000 1.5556 1.6037 3.6328 2.8679 1.6120 4.9776 -7.8816 0.9996
Car -1 -1 -7.9453 652.3185 177.2772 695.9255 217.1225 1.5921 1.5366 3.4653 2.6554 1.7922 30.9547 -7.8612 0.9987
Car -1 -1 -4.5719 484.4787 183.2770 530.1057 219.7354 1.5860 1.6420 3.7233 -4.8669 2.1083 34.3144 -4.7123 0.9960
Car -1 -1 -4.6374 523.6579 183.4738 549.5174 207.3336 1.5400 1.5236 3.5088 -5.0794 2.3006 49.9242 -4.7388 0.8690
Car -1 -1 -7.9386 651.6485 177.0582 694.5297 217.2134 1.6048 1.5222 3.5513 2.6133 1.7954 30.9853 -7.8559 0.7934
Car -1 -1 -4.5972 483.5006 183.2595 527.8456 219.7127 1.5783 1.6655 3.6719 -4.9232 2.0974 34.1584 -4.7398 0.7370
Car -1 -1 -4.6913 523.1328 183.2249 546.8938 206.7396 1.5095 1.5565 3.4234 -5.1625 2.2482 49.6486 -4.7948 0.7093
Car -1 -1 -4.5196 523.2637 183.6134 554.9647 207.9805 1.5673 1.5267 3.5763 -4.8963 2.3387 49.8983 -4.6175 0.6492
Car -1 -1 -4.6476 522.3933 183.1686 549.7257 207.1314 1.5271 1.6333 3.6031 -5.0586 2.2590 49.3898 -4.7496 0.6041
Car -1 -1 -4.6977 523.3815 183.4332 546.3766 207.3224 1.5387 1.5300 3.7563 -5.2232 2.3019 50.1305 -4.8015 0.5751
Car -1 -1 -4.6363 524.1587 181.7381 552.5735 207.0315 1.6461 1.6686 4.2077 -5.0101 2.2946 50.5703 -4.7351 0.5750
Car -1 -1 -4.5725 523.1000 183.5540 554.1347 207.5066 1.5251 1.6096 3.8093 -4.8994 2.2892 49.6077 -4.6709 0.5576
Car -1 -1 -4.5726 484.2903 183.6357 530.5129 220.3951 1.5795 1.6418 3.8090 -4.8186 2.1161 34.0254 -4.7128 0.5302
Pedestrian -1 -1 -4.2734 337.7200 180.1549 375.2137 261.5918 1.8177 0.6256 0.5676 -5.8348 1.9873 16.4756 -4.6094 0.5196
Pedestrian -1 -1 -4.4201 303.2193 181.1195 338.3911 261.5247 1.7762 0.6071 0.5391 -6.5758 1.9659 16.2942 -4.7987 0.4834
Pedestrian -1 -1 -4.4042 304.1469 181.4969 339.5043 261.0071 1.7664 0.6035 0.5621 -6.5933 1.9661 16.3963 -4.7815 0.4285
Car -1 -1 -7.5414 688.4698 173.9891 726.9223 197.5261 1.5400 1.5870 3.5812 6.6848 1.6204 49.3565 -7.4079 0.4172
Pedestrian -1 -1 -4.2666 336.3270 179.6469 374.0383 262.2788 1.8380 0.6491 0.5146 -5.8341 1.9948 16.3884 -4.6042 0.4169
Car -1 -1 -7.5829 687.3409 174.8674 722.7513 198.2831 1.5279 1.5822 3.2660 6.4788 1.6699 49.2043 -7.4532 0.3557
Car -1 -1 -4.7821 519.2395 183.7137 546.3051 207.1066 1.4966 1.5931 3.9671 -5.4383 2.2833 50.1981 -4.8899 0.3519
Pedestrian -1 -1 -8.5246 567.7106 176.6981 579.3881 198.7043 1.8103 0.5497 0.8680 -3.0598 2.1326 60.0399 -8.5757 0.3268
Car -1 -1 -4.6992 525.6553 183.0785 552.3904 208.0575 1.5637 1.7333 4.1514 -4.8314 2.2891 49.0653 -4.7974 0.3194
Car -1 -1 -4.6981 520.2746 182.3453 546.6152 207.4668 1.5782 1.7067 4.0923 -5.2061 2.2509 49.0441 -4.8038 0.3038
Car -1 -1 -4.7555 549.5498 183.3627 567.4425 199.8555 1.4735 1.5437 3.4722 -4.9363 2.4985 68.5870 -4.8275 0.3032
Car -1 -1 -4.3346 687.2112 172.2797 733.5493 196.3558 1.5767 1.6874 4.3041 6.9068 1.5388 49.5398 -4.1973 0.2651
Pedestrian -1 -1 -8.3020 781.8920 173.4314 805.5904 218.4880 1.6136 0.5960 0.6835 6.6328 1.6346 26.2455 -8.0577 0.2525
Pedestrian -1 -1 -8.2747 579.0193 176.4539 589.4860 198.5753 1.8321 0.5788 0.8496 -2.1835 2.1358 60.4308 -8.3111 0.2493
Car -1 -1 -4.7166 552.5538 182.9310 569.3220 199.2712 1.4569 1.5454 3.5659 -4.6823 2.4379 68.4293 -4.7850 0.1993
Pedestrian -1 -1 -8.2639 670.6214 171.8491 683.9703 197.9373 1.8369 0.7711 0.5907 4.7434 1.7658 51.2051 -8.1725 0.1955
Car -1 -1 -4.0154 685.8353 173.6182 737.5554 196.9795 1.5258 1.6042 3.5083 6.8966 1.5793 49.0125 -3.8769 0.1815
Car -1 -1 -4.7321 523.5616 182.3184 550.0905 207.7212 1.5777 1.6861 3.9509 -4.9766 2.2395 48.4140 -4.8345 0.1779
Car -1 -1 -4.2005 689.0793 174.0785 736.4268 197.3261 1.5144 1.5974 3.6850 7.0003 1.6008 49.1564 -4.0603 0.1692
Car -1 -1 -4.9538 520.0284 182.8504 559.6926 208.1710 1.5625 1.7114 4.1193 -4.7938 2.2652 48.5114 -5.0523 0.1685
Car -1 -1 -4.8529 515.7272 183.1785 546.8557 207.0287 1.5136 1.6152 3.6960 -5.4665 2.2502 49.5054 -4.9628 0.1675
Car -1 -1 -4.7518 549.6050 183.7249 567.7672 200.8632 1.5294 1.5730 4.0067 -4.9584 2.6016 69.1043 -4.8236 0.1599
Car -1 -1 -4.7847 548.3416 182.3081 567.7198 199.2862 1.5078 1.5621 3.6223 -4.9484 2.4248 68.1048 -4.8573 0.1591
Car -1 -1 -4.6995 551.7183 183.1839 568.4822 200.2689 1.5309 1.5539 3.9548 -4.7760 2.5489 69.1103 -4.7686 0.1551
Pedestrian -1 -1 -5.4716 779.1418 172.4005 803.7698 218.0044 1.6494 0.6257 0.6156 6.6213 1.6327 26.5194 -5.2302 0.1401
Pedestrian -1 -1 -8.4458 578.1194 177.2394 590.2747 199.2939 1.8181 0.6373 0.8688 -2.1807 2.1871 60.2326 -8.4823 0.1398
Cyclist -1 -1 -8.0836 782.4620 174.7576 805.1321 219.7948 1.5885 0.4481 1.5640 6.6412 1.6597 26.3011 -7.8395 0.1292
Car -1 -1 -4.8440 544.9268 183.7378 567.1019 200.9216 1.5298 1.5951 4.0450 -5.2175 2.6040 69.0937 -4.9195 0.1258
Car -1 -1 -4.5782 685.4834 174.4065 715.0565 198.2006 1.5478 1.5460 3.5102 6.1386 1.6572 49.0778 -4.4550 0.1241
Pedestrian -1 -1 -4.3413 324.8665 180.3132 363.7517 261.9383 1.8290 0.6959 0.5089 -6.1129 2.0018 16.4774 -4.6920 0.1224
Car -1 -1 -4.4840 686.4607 174.0184 721.1980 197.5538 1.5403 1.5560 3.7591 6.4353 1.6231 49.4568 -4.3558 0.1201
Pedestrian -1 -1 -8.1161 673.0948 170.0199 685.7850 196.4751 1.8658 0.7769 0.5625 4.8975 1.6656 51.2294 -8.0217 0.1042
Car -1 -1 -7.0058 686.9761 173.5348 746.1271 196.0338 1.4665 1.6424 3.8394 7.1995 1.5140 48.8719 -6.8608 0.0848
Car -1 -1 -4.8102 549.7113 181.7372 571.1287 199.4548 1.5569 1.6172 3.9553 -4.6914 2.4142 67.5779 -4.8797 0.0819
Car -1 -1 -4.8656 544.0316 183.3044 566.3170 200.0103 1.4849 1.5692 3.6349 -5.2515 2.5053 68.5219 -4.9423 0.0805
Car -1 -1 -4.5901 550.1019 183.1054 573.2216 200.4538 1.5485 1.6774 4.5873 -4.6398 2.5688 69.4996 -4.6570 0.0790
Cyclist -1 -1 -8.0688 783.7930 174.7937 808.9883 220.7248 1.6010 0.5333 1.6442 6.6689 1.6730 26.0511 -7.8215 0.0777
Car -1 -1 -4.6107 515.4090 181.9608 548.4812 208.0140 1.6098 1.7741 4.2679 -5.1998 2.2451 48.2179 -4.7180 0.0733
Car -1 -1 -4.9255 511.3295 182.3633 549.4669 207.3669 1.5676 1.7492 4.0897 -5.4974 2.2442 49.1411 -5.0368 0.0659
Car -1 -1 -4.4640 551.6785 182.7443 577.2212 199.4780 1.4946 1.5492 3.7915 -4.3344 2.4652 68.8231 -4.5271 0.0542
Car -1 -1 -4.7019 548.1994 180.2596 565.4729 198.0772 1.5660 1.5563 4.0303 -4.9516 2.2765 67.1908 -4.7756 0.0433
Pedestrian -1 -1 -8.3844 784.0750 174.7100 809.6661 220.1025 1.6018 0.6415 0.6610 6.6576 1.6691 25.9007 -8.1361 0.0398
Pedestrian -1 -1 -4.4109 319.8120 180.3905 361.8409 263.8858 1.8503 0.7760 0.5014 -6.1287 2.0232 16.3096 -4.7657 0.0383
Car -1 -1 -4.7460 522.7588 180.9834 549.7738 207.5828 1.6113 1.6120 4.0728 -4.8859 2.1660 47.1361 -4.8492 0.0369
Car -1 -1 -4.4923 509.5956 181.0980 548.2332 208.1817 1.6507 1.6692 4.0929 -5.3072 2.2161 47.3935 -4.6037 0.0360
Car -1 -1 -5.1423 523.4117 181.0663 571.8500 207.4126 1.5920 1.5694 4.1248 -4.1553 2.1531 47.1405 -5.2303 0.0276
Car -1 -1 -6.6018 686.9179 175.2045 751.5830 197.2794 1.4452 1.6556 3.9909 7.3108 1.6071 48.6395 -6.4539 0.0239
Pedestrian -1 -1 -6.7962 895.9370 155.7571 946.7575 311.6090 1.6110 0.4245 0.3263 3.2540 1.4340 7.6897 -6.4105 0.0221
Car -1 -1 -4.4778 508.4501 179.7880 547.6471 207.8699 1.6991 1.6112 4.1441 -5.3043 2.1699 46.8744 -4.5903 0.0216
Car -1 -1 -5.0064 522.0739 181.1329 563.4628 207.6599 1.6045 1.5847 4.0356 -4.4729 2.1702 47.1632 -5.1009 0.0209
Car -1 -1 -9.0861 0.0000 0.0000 1241.0000 374.0000 1.5392 1.6670 3.7514 2.5793 1.5835 0.4666 -7.8022 0.0203
Car -1 -1 -9.0042 0.0000 0.0000 1241.0000 374.0000 1.5527 1.6648 3.8098 2.2259 1.6352 0.5177 -7.7839 0.0199
Pedestrian -1 -1 -3.9667 886.8717 166.3260 942.3100 319.5622 1.5494 0.4489 0.3003 3.1298 1.4831 7.5629 -3.5890 0.0152
Pedestrian -1 -1 -3.7010 884.4135 149.8158 939.6696 314.8558 1.6880 0.4959 0.3208 3.1380 1.4521 7.6531 -3.3262 0.0150
Car -1 -1 -9.1397 0.0000 0.0000 1241.0000 374.0000 1.5059 1.6355 3.6473 2.9981 1.5623 0.4297 -7.8055 0.0130
Car -1 -1 -8.9384 0.0000 0.0000 1241.0000 374.0000 1.5521 1.6497 3.8188 1.8013 1.6506 0.4849 -7.7773 0.0126
Car -1 -1 -8.1069 680.4730 170.2477 710.3736 191.4062 1.5960 1.4544 3.5991 6.6036 1.3991 56.3077 -7.9911 0.0119
Car -1 -1 -9.1610 0.0000 0.0000 1241.0000 374.0000 1.4580 1.5969 3.5431 3.3936 1.4722 0.3470 -7.7763 0.0086
Car -1 -1 -8.2380 675.2751 169.7259 710.1864 191.8101 1.6620 1.4569 3.5885 6.3817 1.4263 56.2242 -8.1259 0.0072
Car -1 -1 -8.8332 0.0000 0.0000 1241.0000 374.0000 1.5311 1.6244 3.8515 1.4244 1.6508 0.4742 -7.7596 0.0066
Pedestrian -1 -1 -7.5839 613.7515 176.1891 623.1653 198.3161 2.0039 0.6401 0.9205 0.7546 2.3113 66.0350 -7.5730 0.0064
Car -1 -1 -4.3169 604.9175 175.8900 634.0936 192.0561 1.5220 1.5668 3.6709 0.9399 1.8275 70.6783 -4.3040 0.0063
Car -1 -1 -9.1455 0.0000 0.0000 1241.0000 374.0000 1.4753 1.6263 3.6222 3.8298 1.4535 0.3550 -7.7419 0.0050
Car -1 -1 -4.2586 607.8074 175.9114 638.9614 191.8615 1.4995 1.5139 3.8632 1.3220 1.8075 70.6908 -4.2403 0.0049
Car -1 -1 -8.7111 0.0000 0.0000 1241.0000 374.0000 1.5131 1.6341 3.8037 0.9947 1.6195 0.3790 -7.7397 0.0038
Car -1 -1 -8.0097 683.8643 169.6891 711.4885 191.6877 1.6633 1.5803 3.7044 6.7950 1.4237 56.4351 -7.8908 0.0038
Car -1 -1 -4.6923 607.5865 175.9078 624.3651 192.7134 1.5801 1.5652 3.9955 0.5886 1.8871 70.5921 -4.6843 0.0037
Car -1 -1 -4.8339 602.6288 176.0327 623.9973 192.8346 1.5771 1.6179 3.9376 0.2773 1.8966 70.5523 -4.8304 0.0037
Car -1 -1 -9.2698 0.0000 0.0000 1241.0000 374.0000 1.4391 1.6242 3.9006 2.2216 1.5661 -0.0949 -7.7871 0.0030
Car -1 -1 -7.1213 0.0000 0.0000 1241.0000 374.0000 1.5737 1.6880 3.7906 2.0457 1.5085 0.7876 -6.0378 0.0030
Car -1 -1 -3.9360 0.0000 0.0000 1241.0000 374.0000 1.5322 1.6879 3.9853 2.0409 1.4985 0.5087 -2.7402 0.0030
Car -1 -1 -7.2566 0.0000 0.0000 1241.0000 374.0000 1.5721 1.6992 3.9318 2.6983 1.4663 0.8344 -6.0821 0.0030
Car -1 -1 -9.3168 0.0000 0.0000 1241.0000 374.0000 1.4441 1.6242 3.8422 2.5821 1.5344 -0.1786 -7.7892 0.0030
Car -1 -1 -9.2992 0.0000 0.0000 1241.0000 374.0000 1.4493 1.6291 3.8638 1.7946 1.5822 -0.1826 -7.7886 0.0030
Car -1 -1 -9.2904 0.0000 0.0000 1241.0000 374.0000 1.4452 1.6219 3.8673 1.4346 1.6013 -0.1945 -7.7868 0.0030
Pedestrian -1 -1 -7.4325 612.8990 175.4268 623.9891 197.4367 1.9850 0.6719 0.9751 0.7503 2.2214 65.7923 -7.4216 0.0028
Car -1 -1 -5.0687 699.7635 172.3961 751.6552 203.7649 1.6648 1.5650 3.9758 6.3765 1.6402 40.3976 -4.9138 0.0020
Car -1 -1 -5.0166 596.4390 177.4897 624.1467 193.5199 1.4886 1.5372 4.1182 -0.0238 1.9552 70.4695 -5.0173 0.0019
Car -1 -1 -5.0868 732.8948 175.2504 814.6105 216.3054 1.5068 1.6836 4.4095 6.4356 1.6107 29.0626 -4.8716 0.0015
Car -1 -1 -4.9870 699.2003 172.1231 742.5480 203.7155 1.6952 1.4658 3.6413 6.1522 1.6557 40.6153 -4.8382 0.0014
Car -1 -1 -4.8038 741.1868 176.9483 788.9481 214.1090 1.4179 1.5480 4.2138 6.3730 1.6013 30.1933 -4.5983 0.0013
Cyclist -1 -1 -7.4833 613.3115 175.9130 627.2367 195.2613 1.7383 0.7209 1.6667 0.9244 2.0217 66.0189 -7.4698 0.0013
Car -1 -1 -5.0168 725.3056 176.1880 793.0123 214.4319 1.4513 1.5340 4.2042 6.0496 1.5993 29.9319 -4.8199 0.0005
Car -1 -1 -6.7922 989.5746 176.7078 1241.0000 374.0000 1.5227 1.6856 4.1737 4.2822 1.5492 3.5448 -5.9535 0.0001
