Car -1 -1 -4.3313 255.6530 193.5019 337.6417 231.8410 1.3615 1.6678 4.2191 -12.9706 2.2818 30.0441 -4.7360 0.9994
Car -1 -1 -7.9210 570.5303 177.5289 615.7870 214.6955 1.5641 1.7759 4.3404 -0.8814 1.7933 33.1739 -7.9479 0.9313
Car -1 -1 -7.8647 665.8506 175.5393 691.3185 199.1466 1.5787 1.7144 3.9852 4.7671 1.7750 50.7753 -7.7720 0.8758
Car -1 -1 -4.3709 257.7582 193.2331 333.6310 233.1239 1.4268 1.6392 3.9619 -12.9672 2.3287 29.9124 -4.7771 0.8683
Car -1 -1 -7.9617 569.3243 177.9499 617.0550 214.7509 1.5435 1.7263 4.2301 -0.8783 1.7925 33.0873 -7.9887 0.8445
Car -1 -1 -7.8335 666.1826 175.5153 691.7965 198.6664 1.5455 1.7175 4.1991 4.8666 1.7408 50.8540 -7.7391 0.8171
Car -1 -1 -4.4424 381.1314 184.7209 424.9566 210.6210 1.5557 1.7207 4.1240 -13.5382 2.3674 47.3031 -4.7201 0.7971
Car -1 -1 -7.8985 662.9632 175.1177 690.1336 198.8423 1.5891 1.7151 4.0055 4.6119 1.7544 50.7580 -7.8089 0.6923
Car -1 -1 -4.5870 381.9041 184.6426 417.1248 210.6570 1.5543 1.7227 3.9525 -13.7190 2.3574 47.0882 -4.8693 0.6659
Car -1 -1 -4.5374 382.1202 185.4568 420.3131 210.6038 1.5005 1.7067 4.1661 -13.6863 2.3656 47.3816 -4.8176 0.6615
Car -1 -1 -7.9180 573.7802 177.4517 616.6870 214.6736 1.5676 1.6824 4.2897 -0.7816 1.7926 33.1440 -7.9420 0.6467
Car -1 -1 -4.4865 381.9518 185.5648 421.6927 210.6841 1.4933 1.6761 3.7376 -13.4659 2.3500 46.7382 -4.7659 0.5650
Car -1 -1 -7.7542 666.8871 175.3119 696.4410 198.7258 1.5624 1.6823 4.0049 5.0435 1.7421 50.7227 -7.6561 0.5548
Car -1 -1 -8.0212 657.0678 174.3919 691.7063 198.5153 1.6204 1.7318 4.3067 4.4670 1.7334 50.9648 -7.9347 0.5487
Car -1 -1 -4.6623 382.1695 185.7570 413.1066 211.0923 1.5054 1.7406 4.0393 -13.8925 2.3888 47.2469 -4.9472 0.5383
Car -1 -1 -4.3351 382.3946 184.8945 430.6879 211.1471 1.5681 1.6119 4.1864 -13.2904 2.3925 47.2515 -4.6083 0.5360
Car -1 -1 -7.8339 667.6004 175.7782 691.7736 198.7548 1.5329 1.6177 3.5863 4.8732 1.7448 50.4891 -7.7386 0.5063
Cyclist -1 -1 -8.3461 731.7978 174.4279 747.6992 198.1745 1.6660 0.3508 1.7064 9.2398 1.7801 51.5999 -8.1703 0.5007
Car -1 -1 -7.9965 659.7081 174.6712 692.9118 198.7545 1.6166 1.7035 4.5123 4.6124 1.7507 51.0780 -7.9074 0.4901
Pedestrian -1 -1 -7.0029 1154.5793 132.4409 1241.0000 360.8524 1.8901 0.7120 0.8465 5.4210 1.5554 6.3416 -6.3190 0.4719
Cyclist -1 -1 -8.2437 1140.0099 136.5392 1241.0000 370.7581 1.8085 0.5448 1.9583 5.5141 1.5278 6.5874 -7.5692 0.4381
Car -1 -1 -7.9710 660.3517 175.2908 690.0128 198.2545 1.5351 1.6630 3.4274 4.4816 1.7107 50.3416 -7.8832 0.4305
Car -1 -1 -7.9320 664.0906 175.2588 691.2743 198.3620 1.5409 1.6172 3.3309 4.6411 1.7134 50.1501 -7.8407 0.3938
Cyclist -1 -1 -8.2970 1139.7736 138.4552 1241.0000 373.8226 1.8051 0.4992 1.8993 5.4707 1.5410 6.5153 -7.6212 0.3889
Cyclist -1 -1 -8.3745 733.2044 174.0683 749.4855 198.0930 1.6860 0.3484 1.6871 9.3496 1.7739 51.5755 -8.1966 0.3162
Car -1 -1 -4.7733 379.4318 185.6618 410.8387 211.2159 1.5126 1.7208 3.9923 -14.0802 2.3861 47.0550 -5.0629 0.2959
Cyclist -1 -1 -8.4583 734.2619 174.1701 751.8461 198.3781 1.6934 0.3566 1.6452 9.4367 1.7883 51.3860 -8.2781 0.2821
Car -1 -1 -4.1720 383.0817 185.2152 438.9617 210.7948 1.5196 1.5932 4.1977 -12.9965 2.3673 47.2610 -4.4394 0.2747
Pedestrian -1 -1 -7.0391 1131.7805 141.5183 1241.0000 357.0760 1.8291 0.6603 0.7979 5.2737 1.5629 6.4896 -6.3794 0.2736
Car -1 -1 -4.5832 377.5736 185.8017 413.1209 211.5721 1.5011 1.6937 3.8336 -13.6958 2.3642 46.0907 -4.8709 0.2556
Pedestrian -1 -1 -7.4543 1155.2958 131.9827 1241.0000 358.1411 1.8615 0.7109 0.8516 5.4468 1.5248 6.4537 -6.7762 0.2468
Car -1 -1 -4.3677 381.0173 185.7973 427.6684 211.9752 1.5405 1.6565 3.9283 -13.2175 2.4099 46.4701 -4.6437 0.2130
Cyclist -1 -1 -8.3478 730.6194 174.6424 746.4120 198.3319 1.6706 0.3454 1.7089 9.2018 1.8011 51.8804 -8.1737 0.2098
Car -1 -1 -4.7866 375.2906 185.1086 408.5496 211.2121 1.5334 1.7692 3.8210 -14.1092 2.3578 46.4580 -5.0803 0.1883
Car -1 -1 -6.7563 1186.5997 148.6174 1241.0000 374.0000 1.5518 1.6285 4.0714 7.4484 1.4052 5.9018 -5.8799 0.1576
Car -1 -1 -4.4308 374.7371 186.5249 418.4720 212.0493 1.4804 1.6833 3.7336 -13.4997 2.3818 45.7214 -4.7167 0.1470
Car -1 -1 -5.3679 365.3640 184.5731 426.8849 210.5324 1.5643 1.7713 4.0104 -14.0094 2.3595 47.0837 -5.6559 0.1446
Car -1 -1 -6.6685 1200.0424 136.1738 1241.0000 374.0000 1.5891 1.6436 4.2171 7.3110 1.3979 5.5075 -5.7690 0.1397
Car -1 -1 -6.9456 1173.5172 157.0493 1241.0000 374.0000 1.5223 1.6324 4.0653 7.5998 1.4112 6.2589 -6.0869 0.1396
Car -1 -1 -4.6491 1166.1221 171.0292 1202.1731 195.3570 1.5702 1.6600 4.1060 38.7068 1.4522 48.6535 -3.9803 0.1386
Car -1 -1 -4.8105 375.8380 185.7956 409.7779 210.8203 1.4770 1.7087 4.3929 -14.3351 2.3687 47.3791 -5.1032 0.1345
Car -1 -1 -4.8380 1155.3180 169.2326 1194.9464 194.0205 1.6130 1.6204 3.9596 38.3427 1.3771 49.0697 -4.1779 0.1343
Car -1 -1 -4.7096 1163.9240 169.7155 1196.4167 194.2997 1.5947 1.6715 4.1847 38.6458 1.3908 48.9654 -4.0446 0.1286
Car -1 -1 -4.8427 1157.7183 170.0977 1199.2852 195.2374 1.6165 1.6932 3.8251 38.1006 1.4390 48.4743 -4.1797 0.1184
Car -1 -1 -4.7223 1167.3550 170.4460 1199.9486 195.1428 1.5881 1.6560 3.8783 38.4326 1.4330 48.4394 -4.0548 0.1121
Car -1 -1 -5.0026 1145.2472 169.2452 1193.3983 194.2455 1.6340 1.5611 3.7858 38.0425 1.3978 49.2051 -4.3476 0.1111
Car -1 -1 -6.4779 1016.3500 170.2055 1087.7435 199.9292 1.5051 1.5510 2.9353 23.0384 1.3707 37.7681 -5.9339 0.1083
Car -1 -1 -6.5962 1009.9447 170.2877 1097.8693 200.3825 1.5394 1.6049 3.6339 23.3325 1.4078 38.1072 -6.0505 0.1019
Car -1 -1 -4.8625 371.5291 185.3063 408.2789 211.3968 1.5445 1.7062 4.0031 -14.3954 2.3922 46.9625 -5.1587 0.0830
Pedestrian -1 -1 -8.7850 1050.7487 169.7700 1070.2766 208.3154 1.7551 0.5998 0.5048 20.6858 1.6144 33.2000 -8.2322 0.0817
Car -1 -1 -4.4644 381.0276 186.7908 422.7400 212.7087 1.5026 1.6322 3.9467 -13.2382 2.4290 45.9788 -4.7437 0.0810
Cyclist -1 -1 -8.3065 732.8766 174.7396 748.2220 198.6874 1.6865 0.3689 1.7128 9.3379 1.8239 51.8240 -8.1296 0.0791
Car -1 -1 -6.9773 656.3290 175.7186 717.1534 198.5242 1.5204 1.6986 4.0869 5.3482 1.7276 50.4091 -6.8727 0.0710
Car -1 -1 -4.8857 1153.0966 170.3014 1195.0287 195.2131 1.6143 1.5887 3.7848 38.0592 1.4486 48.8019 -4.2265 0.0669
Car -1 -1 -3.4315 373.7899 186.1875 449.4561 212.1018 1.5565 1.6568 4.4840 -12.9767 2.4627 47.1698 -3.6990 0.0662
Car -1 -1 -5.1129 1139.9076 170.4043 1193.2113 195.4491 1.6346 1.5406 3.6866 37.7457 1.4744 49.0709 -4.4603 0.0637
Car -1 -1 -6.5185 1014.1250 170.1931 1092.5782 200.4427 1.5390 1.5519 3.2367 23.2076 1.4033 37.9420 -5.9733 0.0520
Pedestrian -1 -1 -8.3072 824.7841 167.9810 842.5593 202.8600 1.8330 0.6781 0.6626 11.8303 1.5766 38.2993 -8.0102 0.0422
Pedestrian -1 -1 -8.4167 1048.5154 171.5694 1070.2576 210.3945 1.7755 0.6570 0.5522 20.6792 1.7165 33.2765 -7.8651 0.0388
Car -1 -1 -6.3327 657.0554 176.1291 712.2579 197.9685 1.4677 1.6882 3.6993 5.0758 1.6973 49.7103 -6.2319 0.0377
Cyclist -1 -1 -8.7662 1011.4193 167.6730 1044.2678 201.3724 1.7353 0.3887 1.5853 21.9292 1.4682 37.9608 -8.2461 0.0365
Car -1 -1 -4.5670 242.1885 173.2973 272.3485 194.9165 1.6441 1.5701 4.0517 -27.9099 1.6802 57.1287 -5.0198 0.0330
Car -1 -1 -6.1090 1148.9142 156.8809 1241.0000 190.1439 1.6247 1.6824 4.2292 30.6929 0.8442 37.3928 -5.4257 0.0321
Car -1 -1 -4.7112 241.3706 172.6336 264.3390 193.7474 1.6047 1.5748 4.0972 -28.2431 1.5877 57.0251 -5.1694 0.0266
Car -1 -1 -6.5586 657.4392 176.0329 722.1530 198.3733 1.5004 1.7152 4.1442 5.4742 1.7256 49.9879 -6.4506 0.0247
Cyclist -1 -1 -8.7413 1009.0871 168.0255 1042.1788 201.5112 1.7336 0.3559 1.6621 21.9467 1.4834 38.1951 -8.2234 0.0244
Cyclist -1 -1 -7.3977 1140.8589 135.6714 1241.0000 364.3870 1.8171 0.5424 1.8685 5.4852 1.5214 6.3660 -6.7098 0.0227
Car -1 -1 -2.8242 366.8188 185.6588 437.1953 210.7362 1.5693 1.7970 4.0587 -13.5769 2.4225 47.1219 -3.1037 0.0216
Car -1 -1 -5.0869 1134.9496 169.5383 1188.0193 194.9846 1.6706 1.5673 3.8681 37.6831 1.4526 49.4445 -4.4388 0.0215
Car -1 -1 -6.2879 1148.7516 153.0438 1241.0000 186.6791 1.6562 1.7058 4.5513 30.9318 0.6805 37.6229 -5.6037 0.0188
Car -1 -1 -6.1299 1158.9286 170.9723 1241.0000 196.2788 1.5768 1.6506 4.0607 38.4341 1.4592 47.0161 -5.4480 0.0176
Car -1 -1 -5.3946 840.9539 190.4031 911.0592 219.1585 1.5149 1.6550 4.1543 15.7239 2.6140 42.9711 -5.0467 0.0144
Cyclist -1 -1 -7.7634 426.7014 180.7821 435.0830 211.0289 1.7231 0.3188 1.7904 -10.5782 2.1996 42.4898 -8.0064 0.0128
Car -1 -1 -5.6219 840.0851 189.9334 918.1183 219.3797 1.5699 1.7987 4.1508 16.0437 2.6475 43.2999 -5.2700 0.0128
Car -1 -1 -3.1563 1163.0537 170.2280 1241.0000 195.5503 1.5847 1.6697 4.2007 38.7426 1.4201 47.1140 -2.4714 0.0112
Car -1 -1 -5.3267 844.3165 190.9789 910.2778 217.7009 1.3921 1.6625 3.9544 15.6671 2.5152 42.5976 -4.9772 0.0099
Car -1 -1 -5.4893 841.0734 190.6750 915.0400 219.8584 1.5407 1.6198 4.2474 15.9059 2.6617 43.1314 -5.1389 0.0096
Car -1 -1 -5.3170 862.1458 190.2872 931.8495 221.3748 1.6166 1.7887 4.0369 16.6339 2.6865 42.1243 -4.9440 0.0094
Car -1 -1 -5.2202 843.7643 189.0309 912.6458 220.0537 1.5940 1.7234 4.5843 15.4645 2.5886 41.9749 -4.8702 0.0090
Car -1 -1 -3.2826 1159.3612 170.4034 1241.0000 194.7603 1.5465 1.5878 3.9842 38.7443 1.3906 47.5161 -2.6018 0.0088
Car -1 -1 -5.4954 842.1799 190.8667 917.4038 219.6807 1.5058 1.6090 4.2993 15.9053 2.6326 42.8593 -5.1429 0.0086
Cyclist -1 -1 -7.3836 1134.8655 138.7753 1241.0000 362.4597 1.8016 0.5150 1.8705 5.4705 1.5268 6.4264 -6.7015 0.0085
Car -1 -1 -5.5048 848.6582 191.1908 927.2842 221.7625 1.5845 1.8042 4.2740 16.2502 2.7231 42.4967 -5.1426 0.0083
Car -1 -1 -6.4784 663.2809 176.2493 730.4220 199.1368 1.5346 1.8012 4.3271 5.9242 1.7735 49.7628 -6.3610 0.0076
Car -1 -1 -7.7628 1153.2950 157.8744 1200.1570 188.2639 1.5659 1.6488 4.1700 30.8318 0.7937 39.2632 -7.1008 0.0075
Cyclist -1 -1 -3.1343 814.7112 165.3278 847.3493 200.9894 1.8655 0.7538 1.6427 11.7040 1.4715 38.3473 -2.8406 0.0075
Car -1 -1 -6.4921 660.6376 175.1827 734.3090 198.4541 1.5644 1.8579 4.7710 5.9786 1.7288 49.8758 -6.3740 0.0069
Car -1 -1 -5.5002 835.0400 186.8790 910.2270 217.2966 1.6413 1.6426 4.3413 15.6705 2.5292 43.3799 -5.1564 0.0066
Pedestrian -1 -1 -4.4391 413.8806 180.8990 429.4283 212.0023 1.7139 0.6336 0.8632 -10.5845 2.1692 40.4224 -4.6941 0.0062
Car -1 -1 -4.6015 536.2963 178.8173 560.3080 198.6561 1.6352 1.6590 3.8803 -5.3458 2.1686 62.6113 -4.6868 0.0054
Car -1 -1 -7.5940 1151.2657 157.4139 1212.1028 190.7079 1.7168 1.6279 3.9762 30.9260 0.9203 39.0520 -6.9280 0.0040
Car -1 -1 -4.7050 542.7632 179.3378 561.4376 198.4113 1.5698 1.5675 3.7637 -5.0368 2.1497 62.6326 -4.7853 0.0039
Cyclist -1 -1 -8.2890 819.7834 167.3329 846.2086 202.0611 1.8080 0.7296 1.6068 11.8188 1.5203 38.4109 -7.9930 0.0036
Car -1 -1 -4.6341 537.4227 181.7002 559.2070 200.0446 1.5425 1.6534 3.6892 -5.4925 2.3533 64.3056 -4.7194 0.0032
Car -1 -1 -4.7432 1206.1827 170.8051 1241.0000 193.7026 1.4765 1.6638 3.9525 41.2504 1.3440 48.5915 -4.0426 0.0030
Car -1 -1 -4.7685 1225.7963 170.5251 1241.0000 194.3292 1.4837 1.6794 3.9814 41.3520 1.3383 47.0603 -4.0509 0.0030
Car -1 -1 -4.7547 1198.7496 170.6163 1234.0768 193.1846 1.4784 1.6654 3.9641 41.3900 1.3315 49.3464 -4.0599 0.0030
Cyclist -1 -1 -7.8207 425.7556 182.1799 432.9372 209.8179 1.5526 0.3484 1.7383 -10.5523 2.1069 42.0183 -8.0656 0.0028
Car -1 -1 -4.4047 536.2823 181.1794 566.8882 199.9670 1.5776 1.6396 3.8467 -5.2063 2.3449 64.4694 -4.4854 0.0025
Car -1 -1 -8.0920 1103.6311 177.4625 1194.0317 224.3232 1.5085 1.6870 3.8523 19.0463 1.6861 25.7431 -7.4609 0.0014
