Car -1 -1 -2.7876 305.4741 177.3104 437.0517 233.7071 1.5760 1.5635 3.3240 -6.9793 1.7115 21.1423 -3.1032 1.0000
Car -1 -1 -4.9935 728.2068 185.2292 894.4272 300.2509 1.4801 1.5302 3.5832 2.9491 1.7081 11.4950 -4.7497 0.9995
Car -1 -1 -7.9071 641.5543 178.3187 675.3906 208.4116 1.5373 1.6244 4.1310 2.5797 1.8533 39.6881 -7.8432 0.9819
Car -1 -1 -2.7520 374.4727 179.3277 498.5733 224.4010 1.5514 1.5332 4.1111 -6.3122 1.7960 26.2194 -2.9864 0.9623
Car -1 -1 -3.1465 466.7497 179.7247 544.9261 206.6607 1.4627 1.6794 4.2990 -5.9314 1.8630 40.9157 -3.2900 0.9609
Car -1 -1 -5.9904 339.4135 176.2802 482.3348 228.7535 1.6532 1.6301 4.2385 -6.5184 1.7697 23.7187 -6.2563 0.9544
Car -1 -1 -6.0255 341.0668 174.7605 482.7521 227.6115 1.6695 1.6530 4.2032 -6.4701 1.7341 23.6937 -6.2897 0.9428
Car -1 -1 -2.7786 366.3886 179.2322 496.7534 224.4876 1.5548 1.5719 4.3056 -6.4604 1.7947 26.1269 -3.0192 0.9408
Car -1 -1 -2.4901 0.0000 154.4847 219.7052 374.0000 1.7566 1.7955 4.0897 -5.7888 1.6341 5.9017 -3.2434 0.9075
Car -1 -1 -3.1355 465.1440 179.0503 543.1944 206.8602 1.5120 1.7200 4.2857 -6.0138 1.8727 40.8903 -3.2810 0.8860
Car -1 -1 -5.0042 727.6703 185.4495 898.6483 299.5814 1.4681 1.5452 3.7334 2.9948 1.7035 11.6014 -4.7589 0.8791
Car -1 -1 -3.1121 467.5800 179.8408 544.8442 206.7684 1.4653 1.7044 4.2490 -5.8843 1.8717 40.9144 -3.2545 0.8708
Car -1 -1 -7.8943 640.0104 178.4825 672.6494 207.8127 1.4943 1.6106 4.0191 2.4566 1.8184 39.5638 -7.8333 0.8361
Car -1 -1 -2.4755 0.0000 157.6354 225.2819 374.0000 1.7188 1.7885 4.0434 -5.7743 1.6135 6.0226 -3.2179 0.8217
Pedestrian -1 -1 -5.9535 182.8288 166.6525 231.9212 273.3504 1.7190 0.5962 0.5452 -6.7201 1.6188 11.9654 -6.4562 0.7588
Car -1 -1 -2.4859 0.0000 184.5866 273.4948 335.2552 1.5273 1.6346 3.6807 -6.1605 1.6767 8.3302 -3.1077 0.7339
Car -1 -1 -7.8447 642.1825 178.0834 673.6301 208.1228 1.5312 1.6324 3.8915 2.5953 1.8315 39.4770 -7.7801 0.7315
Car -1 -1 -7.8667 643.4160 178.3917 675.7958 208.2463 1.5217 1.6832 4.0701 2.6522 1.8415 39.6247 -7.8009 0.7274
Car -1 -1 -6.3270 467.5919 179.1252 546.4115 207.0513 1.5125 1.6146 4.3323 -5.8777 1.8773 40.8098 -6.4696 0.7020
Car -1 -1 -3.0833 465.4710 180.0643 541.5391 206.3084 1.4339 1.6768 4.1857 -6.0350 1.8535 41.0011 -3.2290 0.6951
Pedestrian -1 -1 -6.0072 183.6154 167.5130 234.1547 273.8796 1.7189 0.6097 0.5899 -6.7259 1.6323 12.0229 -6.5082 0.6939
Car -1 -1 -6.1242 418.2415 180.5221 521.3980 214.9537 1.4479 1.6119 4.2327 -6.1201 1.7927 31.6013 -6.3144 0.6775
Car -1 -1 -2.4794 0.0000 186.9140 277.4694 334.1393 1.5001 1.6282 3.6594 -6.1395 1.6815 8.4231 -3.0945 0.6712
Car -1 -1 -5.8458 344.2560 176.6816 486.9306 228.3222 1.6176 1.6781 4.2711 -6.4642 1.7509 23.9810 -6.1068 0.6667
Pedestrian -1 -1 -5.8155 173.3206 166.0368 229.9350 273.5723 1.7317 0.6258 0.5960 -6.8022 1.6216 11.9442 -6.3241 0.6643
Car -1 -1 -3.0731 475.3693 179.7932 546.5792 206.6794 1.4740 1.6558 3.9057 -5.6179 1.8773 41.0081 -3.2089 0.6334
Pedestrian -1 -1 -7.9824 487.2105 174.8464 502.1263 209.7402 1.8161 0.6956 0.6693 -6.1187 1.9220 38.0218 -8.1414 0.6291
Car -1 -1 -2.5821 0.0000 152.1100 213.3428 374.0000 1.7404 1.7621 4.1218 -5.7647 1.6115 5.7541 -3.3454 0.6046
Car -1 -1 -5.9631 417.8212 180.3721 522.8125 215.5100 1.4727 1.6196 4.2467 -6.1568 1.8148 31.7807 -6.1534 0.5895
Car -1 -1 -5.8067 423.3988 179.4881 526.4701 215.1126 1.4842 1.6347 4.2076 -6.0137 1.7906 31.9660 -5.9916 0.5265
Car -1 -1 -7.7921 643.3767 178.2017 677.8638 208.2477 1.5325 1.6566 3.8232 2.7771 1.8399 39.5182 -7.7230 0.5181
Pedestrian -1 -1 -5.8000 175.1510 166.9509 231.6812 272.3226 1.7118 0.6099 0.6061 -6.8236 1.6156 12.0338 -6.3068 0.4984
Car -1 -1 -2.5149 0.0000 157.2087 223.4721 374.0000 1.7355 1.7378 3.7963 -5.5858 1.6304 5.9028 -3.2503 0.4765
Car -1 -1 -5.0473 458.9440 178.5831 525.7383 215.2671 1.5124 1.6194 4.4330 -5.4645 1.7911 32.8098 -5.2115 0.4697
Car -1 -1 -5.0348 450.2727 178.8840 518.2570 214.9347 1.4850 1.7049 4.5004 -5.8499 1.7796 32.9038 -5.2098 0.3543
Car -1 -1 -2.5555 0.0000 183.7191 264.6517 341.6206 1.5427 1.6465 3.7491 -6.2007 1.6781 8.0955 -3.1936 0.3321
Car -1 -1 -2.3406 0.0000 181.5543 276.7767 331.1218 1.5222 1.6488 3.7740 -6.2662 1.6401 8.6409 -2.9537 0.3201
Car -1 -1 -4.9348 469.8676 178.4886 525.7419 215.0284 1.5106 1.5890 4.3101 -5.2136 1.7846 32.8329 -5.0916 0.2963
Car -1 -1 -5.1725 441.0604 179.2209 521.5486 215.9829 1.5018 1.7275 4.5631 -5.9367 1.8102 32.6364 -5.3515 0.2861
Car -1 -1 -5.4467 434.9248 179.3033 529.0067 215.3649 1.4879 1.6709 4.3659 -5.8502 1.7958 32.4819 -5.6240 0.2669
Car -1 -1 -5.1201 451.2326 178.6561 525.2819 215.4893 1.5142 1.6729 4.4499 -5.6341 1.7956 32.7134 -5.2898 0.2545
Car -1 -1 -5.0369 454.9375 178.3828 521.6483 214.3638 1.4881 1.6102 4.6090 -5.6834 1.7591 32.9938 -5.2067 0.2530
Car -1 -1 -6.2589 417.5116 180.5454 519.8116 215.7546 1.4527 1.5862 4.2625 -6.1494 1.7993 31.4047 -6.4512 0.2374
Car -1 -1 -2.7856 0.0000 183.1835 246.9231 353.0451 1.5258 1.6143 3.7485 -6.2832 1.6584 7.9608 -3.4378 0.2269
Pedestrian -1 -1 -7.3536 342.1436 172.9561 370.6013 228.7522 1.7528 0.6343 0.6258 -8.1377 1.7558 23.0284 -7.6901 0.1818
Car -1 -1 -7.1559 0.0000 183.5749 147.0821 374.0000 1.5015 1.6290 3.6570 -6.8807 1.6413 7.5830 -7.8754 0.1479
Car -1 -1 -4.8723 477.0410 178.4156 527.1887 215.2096 1.5256 1.6042 4.1462 -5.0075 1.7952 32.8064 -5.0231 0.1226
Car -1 -1 -5.0408 530.5096 172.9380 563.4966 191.8486 1.6297 1.6510 4.2436 -5.6888 1.6372 64.4756 -5.1288 0.1153
Car -1 -1 -4.9568 535.7455 173.6198 564.9309 192.0862 1.5892 1.6286 4.1974 -5.3934 1.6598 64.5296 -5.0402 0.1121
Car -1 -1 -4.9490 820.5669 186.9384 923.6993 253.5764 1.4081 1.5151 3.8436 6.3726 1.7994 18.0722 -4.6159 0.0887
Car -1 -1 -7.0102 0.0000 182.9865 154.9615 374.0000 1.5127 1.5696 3.6452 -6.7710 1.6424 7.3540 -7.7364 0.0814
Car -1 -1 -5.0724 815.3220 182.8900 930.5703 247.5468 1.4586 1.5229 3.8312 6.6536 1.7469 18.8124 -4.7381 0.0746
Car -1 -1 -5.0103 811.4388 180.9635 914.3839 241.8980 1.4358 1.5185 3.8127 6.6260 1.6756 19.4388 -4.6871 0.0743
Car -1 -1 -4.8041 542.3661 173.5475 564.7668 191.9320 1.5861 1.6223 4.1268 -5.1034 1.6499 64.5837 -4.8830 0.0735
Car -1 -1 -2.4658 506.7493 177.7328 562.6247 198.7959 1.5162 1.6418 4.0678 -5.7393 1.8969 54.5578 -2.5705 0.0734
Car -1 -1 -5.0106 814.1742 185.3748 917.2753 248.6851 1.4140 1.4468 3.7224 6.4564 1.7715 18.7393 -4.6845 0.0688
Car -1 -1 -2.7784 439.1900 175.8521 512.4559 206.1257 1.5755 1.5294 3.5666 -7.2380 1.7410 38.8341 -2.9619 0.0680
Car -1 -1 -5.2161 814.6876 184.9183 951.7194 250.8897 1.4184 1.5314 3.8528 6.7000 1.7575 18.2764 -4.8707 0.0675
Car -1 -1 -4.7487 818.3936 185.8394 886.6232 250.6834 1.4056 1.4700 3.8110 6.0671 1.7747 18.4890 -4.4371 0.0657
Car -1 -1 -5.4863 72.9221 174.0749 250.4496 244.2758 1.5699 1.5571 3.6154 -10.8084 1.6010 17.3744 -6.0362 0.0627
Car -1 -1 -5.2004 820.3102 183.6290 963.6461 251.4224 1.4099 1.5916 3.8720 6.6754 1.7037 17.6735 -4.8455 0.0604
Car -1 -1 -5.1194 808.1274 182.2846 931.2988 246.4901 1.4726 1.5826 3.9969 6.6975 1.7501 19.2053 -4.7894 0.0598
Car -1 -1 -2.6107 505.9427 177.7535 562.4296 198.6015 1.5036 1.6247 3.9505 -5.7401 1.8828 54.3260 -2.7159 0.0484
Car -1 -1 -6.2831 481.7348 174.3182 549.2759 203.3378 1.6925 1.6385 3.9398 -5.6895 1.7821 43.2575 -6.4135 0.0468
Car -1 -1 -2.7468 506.6726 178.1230 559.9227 198.3171 1.4572 1.6059 3.6261 -5.7625 1.8607 54.0214 -2.8530 0.0405
Car -1 -1 -2.3963 0.0000 188.2261 193.1489 343.1717 1.4231 1.6845 3.8975 -6.9344 1.6061 7.7052 -3.1120 0.0384
Car -1 -1 -5.4132 813.9798 182.9088 979.5206 250.6434 1.4388 1.6150 4.0252 6.9701 1.7215 18.1371 -5.0525 0.0380
Car -1 -1 -5.4322 818.7801 182.3816 989.7539 251.5103 1.4356 1.6385 3.9764 6.9895 1.6977 17.7247 -5.0630 0.0358
Car -1 -1 -2.7312 437.5762 175.3030 514.6280 206.1242 1.6059 1.6016 3.7681 -7.2549 1.7420 38.9900 -2.9144 0.0355
Car -1 -1 -2.6173 514.8691 178.2774 565.0629 199.4986 1.5259 1.5596 3.4189 -5.2727 1.9423 54.0231 -2.7145 0.0325
Car -1 -1 -7.4752 0.0000 164.6726 267.5009 374.0000 1.6804 1.6874 4.4656 -4.9618 1.6251 7.2056 -8.0615 0.0316
Car -1 -1 -6.2505 497.6261 175.7393 547.1313 202.9256 1.5881 1.5471 2.8942 -5.2570 1.7643 43.2380 -6.3712 0.0257
Car -1 -1 -7.8231 537.2663 178.1660 559.1409 198.8399 1.4839 1.5379 3.9254 -4.6935 1.9020 54.8213 -7.9085 0.0244
Car -1 -1 -5.1161 519.8875 177.0559 559.3757 198.4332 1.5333 1.5387 3.9686 -5.4000 1.8638 54.6908 -5.2144 0.0242
Car -1 -1 -4.6364 546.2913 173.7231 567.6292 192.0651 1.5863 1.6026 4.0950 -4.7445 1.6663 64.6452 -4.7097 0.0235
Car -1 -1 -7.5066 0.0000 161.8741 260.9333 374.0000 1.7110 1.5897 4.2853 -4.8758 1.6368 7.1291 -8.0896 0.0235
Car -1 -1 -4.4132 546.7249 177.8183 579.4221 198.4419 1.6042 1.5667 4.0238 -3.8420 2.0266 59.2937 -4.4780 0.0197
Car -1 -1 -2.8367 504.4223 178.4026 558.9735 198.1195 1.4217 1.5741 3.7447 -5.8528 1.8439 53.8035 -2.9449 0.0194
Car -1 -1 -7.6404 536.8988 178.0888 567.6915 198.8376 1.4894 1.5229 4.0122 -4.3820 1.9028 54.9377 -7.7200 0.0152
Car -1 -1 -6.2331 488.3091 174.0824 548.2083 202.9058 1.6935 1.6660 3.4988 -5.5187 1.7688 43.4384 -6.3591 0.0143
Car -1 -1 -6.3740 777.1564 165.6268 861.5792 203.2111 1.6129 1.7752 3.4564 9.2181 1.3024 32.1549 -6.0976 0.0138
Car -1 -1 -6.2605 808.9175 185.7579 985.4079 246.7751 1.3925 1.6590 4.0646 7.2882 1.7533 18.6552 -5.8942 0.0122
Car -1 -1 -6.3583 775.3499 165.5545 852.2274 201.6423 1.5514 1.6974 3.1692 8.9792 1.2373 32.1572 -6.0887 0.0115
Pedestrian -1 -1 -2.1436 323.4744 165.9220 334.1932 194.7172 1.8166 0.5089 0.3818 -17.8950 1.3790 45.8369 -2.5141 0.0115
Car -1 -1 -5.6071 816.2358 182.9100 1001.3862 250.3109 1.4140 1.6502 4.1136 7.2214 1.6950 17.9874 -5.2317 0.0110
Car -1 -1 -2.4296 52.7902 175.7111 259.8085 241.1074 1.4791 1.8279 4.1002 -11.0681 1.5535 17.6525 -2.9831 0.0088
Car -1 -1 -4.9139 529.2929 177.5608 558.0112 197.6152 1.4388 1.4171 3.8852 -5.1006 1.8094 54.7998 -5.0067 0.0087
Car -1 -1 -3.8187 9.5999 174.6827 224.3906 248.7727 1.5033 1.6148 4.0108 -11.3531 1.5513 16.9025 -4.4031 0.0078
Car -1 -1 -4.8304 554.4800 171.8422 578.9108 190.6872 1.7569 1.8458 4.3538 -4.2289 1.6623 69.5754 -4.8912 0.0075
Car -1 -1 -2.7400 11.4625 177.1497 208.8434 241.7769 1.4414 1.6342 3.5540 -11.9404 1.5514 17.3874 -3.3348 0.0063
Car -1 -1 -4.9526 679.2666 176.7964 737.4300 211.3050 1.4014 1.6078 4.0478 4.2254 1.5868 31.8815 -4.8226 0.0054
Cyclist -1 -1 -2.5431 473.2657 172.4181 507.6876 207.5224 1.8253 0.6472 1.7331 -6.3644 1.8024 38.1761 -2.7076 0.0042
Cyclist -1 -1 -2.7518 473.7231 172.1009 507.9829 207.4847 1.8394 0.6808 1.6464 -6.3145 1.8000 38.0251 -2.9157 0.0041
Car -1 -1 -3.5061 538.5130 175.4985 590.2670 193.5621 1.5432 1.5812 4.2790 -4.0451 1.7823 63.7197 -3.5696 0.0039
Car -1 -1 -3.9839 20.3923 173.2775 225.0737 250.8003 1.5776 1.6750 4.0208 -11.1463 1.5884 16.8196 -4.5621 0.0036
Car -1 -1 -7.2846 366.3837 158.0190 416.5573 190.7800 2.7389 1.7975 4.9577 -19.0158 1.4984 62.9533 -7.5770 0.0006
Cyclist -1 -1 -2.7783 530.0709 175.4282 558.3655 200.6121 1.8304 0.9254 1.8746 -4.8834 2.0226 53.2810 -2.8697 0.0005
Pedestrian -1 -1 -5.8737 0.0000 156.1878 28.3209 261.1227 1.5739 0.5407 0.3980 -9.4040 1.3237 11.1373 -6.5632 0.0004
Pedestrian -1 -1 -5.9254 0.0000 156.9816 35.6977 261.1468 1.5791 0.5894 0.4122 -9.4116 1.3382 11.2834 -6.6091 0.0003
Pedestrian -1 -1 -3.2865 657.7135 168.5248 674.1719 219.3233 1.7206 0.5281 0.4891 1.8667 1.5737 24.7198 -3.2127 0.0003
