Car -1 -1 -4.9499 739.2497 177.8909 944.1140 326.5562 1.6305 1.6986 3.9426 2.8863 1.7142 10.0471 -4.6792 0.9999
Car -1 -1 -4.4599 418.9393 186.1457 540.2207 263.0630 1.4626 1.6824 4.4811 -2.9100 1.8145 16.8183 -4.6295 0.9999
Car -1 -1 -8.0396 691.2333 185.0970 790.6892 258.2891 1.4575 1.5744 3.7604 2.8867 1.7761 16.8980 -7.8743 0.9990
Car -1 -1 -4.6076 524.2706 182.4177 565.7700 218.8209 1.4744 1.4912 3.1750 -2.8489 1.9149 31.6618 -4.6972 0.9826
Car -1 -1 -4.5560 478.4659 182.0221 545.7055 236.5540 1.5431 1.5453 3.7721 -3.0771 1.8587 22.9617 -4.6884 0.9723
Car -1 -1 -4.7452 662.6561 181.8630 696.7364 212.9845 1.4224 1.5543 4.2116 3.4225 1.9031 36.3706 -4.6527 0.9630
Car -1 -1 -4.8318 672.2029 185.6324 739.8414 237.9076 1.3944 1.5623 4.0391 2.8187 1.8241 22.2582 -4.7083 0.9547
Car -1 -1 -4.8310 658.3522 182.2071 698.6043 212.8947 1.4038 1.5209 4.1638 3.3563 1.9025 36.3913 -4.7403 0.8687
Car -1 -1 -4.7764 661.5944 182.5647 698.8483 213.0514 1.3907 1.5816 4.3500 3.4566 1.9113 36.5098 -4.6834 0.8124
Car -1 -1 -7.8421 651.2483 180.2335 673.4145 201.6614 1.5723 1.6707 4.2675 4.1022 2.1738 56.6510 -7.7706 0.8073
Car -1 -1 -7.7396 520.9756 182.3266 566.3831 218.6997 1.4695 1.6058 3.5143 -2.9155 1.9106 31.8500 -7.8307 0.7944
Car -1 -1 -8.0527 690.3242 184.2603 793.6343 258.6776 1.4938 1.6026 3.9706 2.9377 1.7957 17.1098 -7.8865 0.7913
Car -1 -1 -7.9874 658.0953 182.8158 702.1400 213.3090 1.3873 1.6223 4.4566 3.4463 1.9230 36.5625 -7.8948 0.7617
Car -1 -1 -7.8742 652.3008 180.2150 673.6018 200.7923 1.5165 1.5773 3.5859 4.0782 2.1094 56.3174 -7.8027 0.7458
Car -1 -1 -4.5410 474.9064 181.6813 545.8428 236.6463 1.5606 1.6105 3.8114 -3.1374 1.8658 23.0416 -4.6755 0.7438
Car -1 -1 -4.8582 669.0651 185.7473 740.1412 239.1678 1.4114 1.5505 4.0372 2.7484 1.8422 22.0841 -4.7369 0.7358
Car -1 -1 -4.5521 479.1090 181.5877 547.5489 236.0233 1.5317 1.5531 3.8109 -3.0202 1.8313 22.8484 -4.6827 0.5969
Car -1 -1 -4.5572 471.9453 181.7027 544.0590 238.2884 1.5624 1.6072 4.1878 -3.1519 1.8662 22.6900 -4.6944 0.5752
Car -1 -1 -7.8946 649.8907 180.0366 672.0127 200.9566 1.5444 1.5688 3.6412 3.9250 2.1237 56.3748 -7.8259 0.5715
Car -1 -1 -4.8454 673.3394 184.4586 748.1683 239.9994 1.4624 1.6703 4.2621 2.9165 1.8507 22.0251 -4.7164 0.5502
Car -1 -1 -4.5703 474.8972 182.5688 545.1651 238.9803 1.5343 1.5709 4.2761 -3.0629 1.8659 22.5069 -4.7047 0.5473
Pedestrian -1 -1 -2.9538 430.4102 175.0291 454.5921 219.6238 1.7479 0.4893 0.8566 -6.6720 1.8345 28.5675 -3.1817 0.5201
Car -1 -1 -7.7978 652.5163 179.9400 675.9715 201.4522 1.5819 1.6206 3.8319 4.2403 2.1550 56.3846 -7.7236 0.5200
Car -1 -1 -4.8112 658.7816 182.2905 695.9371 213.6654 1.4413 1.4927 3.4759 3.2704 1.9338 35.9395 -4.7218 0.5008
Car -1 -1 -8.1018 650.8566 182.7098 701.5569 212.8459 1.3914 1.6089 4.0880 3.2765 1.9239 36.8634 -8.0144 0.4689
Pedestrian -1 -1 -6.0667 426.8564 174.6817 451.5015 219.7984 1.7718 0.5043 0.8632 -6.8149 1.8446 28.6156 -6.2989 0.3154
Car -1 -1 -7.8740 653.3794 179.6207 675.3942 200.5753 1.5390 1.6236 3.5067 4.1616 2.0802 55.9459 -7.8006 0.3141
Car -1 -1 -8.0390 642.8060 180.2464 673.1656 201.5035 1.5592 1.6314 4.1396 3.6937 2.1606 56.5751 -7.9746 0.2999
Car -1 -1 -8.0099 644.6638 179.7124 671.9721 200.4861 1.5327 1.5963 3.4650 3.7057 2.0839 56.2200 -7.9449 0.2866
Car -1 -1 -4.9505 526.3725 182.2477 575.2040 212.8302 1.5022 1.6438 4.3936 -3.3189 2.0431 39.2252 -5.0349 0.2621
Pedestrian -1 -1 -3.5184 429.1282 176.0451 455.2945 220.6605 1.7244 0.5378 0.8669 -6.6538 1.8519 28.4223 -3.7468 0.2355
Car -1 -1 -4.6139 543.4940 180.4573 580.6924 210.9976 1.5271 1.6113 4.2744 -2.5943 1.9639 39.3182 -4.6799 0.2131
Car -1 -1 -4.6860 544.1005 180.3488 575.3064 211.1965 1.5374 1.5787 3.9448 -2.7093 1.9623 38.9379 -4.7556 0.1914
Car -1 -1 -4.8081 538.1378 180.3328 575.4258 211.6221 1.5522 1.6108 4.1457 -2.9653 1.9789 39.0165 -4.8840 0.1742
Car -1 -1 -4.4236 543.3118 179.6047 592.3343 210.9433 1.5606 1.5649 4.0203 -2.2569 1.9450 38.9871 -4.4816 0.1635
Pedestrian -1 -1 -6.0944 440.0433 175.2332 462.3149 218.9397 1.7148 0.5184 0.7793 -6.3378 1.8098 28.6092 -6.3110 0.1511
Car -1 -1 -2.9539 514.2413 182.0940 589.3284 210.5204 1.4356 1.6105 3.7163 -3.0805 1.9358 38.0868 -3.0346 0.1140
Car -1 -1 -4.9619 535.5231 180.6526 581.3696 211.2356 1.4849 1.5675 3.5555 -2.7964 1.9157 37.9535 -5.0355 0.1133
Car -1 -1 -4.7144 543.5984 181.1639 575.3467 210.8894 1.4690 1.6125 3.5347 -2.7401 1.9331 38.4981 -4.7856 0.1107
Car -1 -1 -5.0350 521.9636 181.8754 575.6138 212.2883 1.4876 1.6554 4.0843 -3.3877 2.0000 38.8036 -5.1221 0.0893
Car -1 -1 -4.2444 544.7857 180.5927 604.2562 211.1717 1.5161 1.5612 4.0355 -1.8946 1.9576 39.0283 -4.2932 0.0893
Car -1 -1 -4.8633 533.3613 181.3416 574.2130 211.5212 1.4896 1.6191 3.8712 -3.1129 1.9706 38.8459 -4.9433 0.0863
Car -1 -1 -5.0202 525.0737 179.8201 576.4918 211.1792 1.5413 1.6954 3.6319 -3.2348 1.9306 38.3551 -5.1043 0.0791
Car -1 -1 -5.0812 514.9766 182.0652 573.9325 212.8949 1.5069 1.6832 4.4250 -3.6495 2.0349 39.0308 -5.1743 0.0773
Car -1 -1 -3.6005 850.4363 182.0320 1017.7386 237.7511 1.4565 1.6753 3.9165 8.8918 1.7237 20.0990 -3.1901 0.0768
Car -1 -1 -5.1593 512.6718 181.9812 576.1619 212.9546 1.5060 1.6805 4.3209 -3.6200 2.0244 38.7152 -5.2525 0.0739
Car -1 -1 -3.5383 858.7431 182.3010 1018.4000 237.7171 1.4485 1.5994 3.6906 8.9555 1.7207 19.9785 -3.1230 0.0734
Pedestrian -1 -1 -8.5046 824.8259 161.8569 846.0206 197.9807 1.7416 0.7369 0.6616 10.9612 1.2111 35.2235 -8.2056 0.0733
Car -1 -1 -5.7059 497.3337 182.1819 583.4500 212.6672 1.5142 1.7020 4.3740 -3.7857 2.0369 38.6839 -5.8034 0.0712
Pedestrian -1 -1 -6.9355 437.9977 177.9863 462.1166 221.9642 1.6612 0.6159 0.6720 -6.2104 1.8620 27.8172 -7.1537 0.0611
Car -1 -1 -2.5295 492.7137 182.9410 580.0157 213.5406 1.5181 1.7192 4.5064 -4.0257 2.0870 38.8647 -2.6326 0.0596
Car -1 -1 -5.0926 517.0101 180.7206 569.9180 210.2315 1.4553 1.6198 3.5124 -3.6367 1.8963 38.5448 -5.1866 0.0578
Car -1 -1 -4.4910 545.5231 181.2489 588.1697 210.8120 1.4589 1.5279 3.5832 -2.2969 1.9294 38.5727 -4.5506 0.0575
Car -1 -1 -4.6800 532.9689 181.2326 568.0510 213.7004 1.5339 1.6752 4.2271 -3.0667 1.9924 37.3519 -4.7619 0.0551
Car -1 -1 -5.4934 503.2151 181.6333 583.1155 212.0444 1.5039 1.6755 4.3987 -3.6858 2.0021 38.9187 -5.5877 0.0541
Car -1 -1 -2.8063 510.9107 181.7139 588.2947 210.6272 1.4598 1.5388 3.8097 -3.2380 1.9459 38.3945 -2.8904 0.0499
Car -1 -1 -5.0958 508.2363 181.2769 568.3401 210.6152 1.4389 1.7432 4.2987 -3.9787 1.9210 39.0202 -5.1972 0.0478
Car -1 -1 -5.7691 489.7363 182.6404 579.6511 212.5159 1.4757 1.6761 4.5183 -4.0546 2.0189 38.4004 -5.8741 0.0397
Car -1 -1 -5.2084 507.3390 181.0969 570.8274 210.0264 1.4143 1.6682 4.0067 -3.8860 1.8794 38.6129 -5.3085 0.0367
Car -1 -1 -5.9493 495.6241 181.9704 579.1324 211.7397 1.4873 1.6547 4.0710 -3.8548 1.9846 38.1052 -6.0500 0.0354
Pedestrian -1 -1 -3.0627 911.8466 167.6147 938.4056 242.4327 1.6829 0.5457 0.5233 7.1968 1.5647 16.5925 -2.6606 0.0342
Pedestrian -1 -1 -6.7139 436.8069 177.8465 461.2110 224.4947 1.7438 0.6674 0.6941 -6.1934 1.9374 27.5505 -6.9335 0.0308
Car -1 -1 -3.8792 443.9754 182.6006 543.3261 222.7632 1.4326 1.5914 3.8227 -4.6029 1.8468 28.6927 -4.0374 0.0286
Car -1 -1 -3.8803 494.0168 180.7395 580.5316 213.2108 1.5086 1.6657 4.4195 -3.6829 1.9345 36.7918 -3.9799 0.0275
Pedestrian -1 -1 -5.5157 913.5582 167.0669 950.7247 242.7705 1.7019 0.5684 0.5354 7.3455 1.5715 16.5772 -5.1059 0.0226
Car -1 -1 -3.5708 502.7301 181.8759 584.2249 212.0592 1.4458 1.6089 3.8674 -3.4556 1.9317 37.2171 -3.6633 0.0208
Car -1 -1 -4.1170 548.4297 180.5818 616.7816 211.0479 1.5071 1.5862 4.2498 -1.4551 1.9487 39.0425 -4.1546 0.0183
Car -1 -1 -7.2330 564.5462 180.1054 628.6785 210.4733 1.4953 1.5800 3.6625 -0.7044 1.9007 38.4187 -7.2518 0.0178
Pedestrian -1 -1 -8.1268 164.3001 159.8421 215.4660 260.7364 1.7098 0.6364 0.6160 -7.4312 1.4890 12.6701 -8.6485 0.0172
Pedestrian -1 -1 -3.6184 929.0201 164.0013 953.4518 220.0902 1.6682 0.4342 0.5256 9.9056 1.4046 21.6915 -3.1956 0.0160
Cyclist -1 -1 -7.8941 703.5099 173.5478 709.5780 199.5136 1.7522 0.3443 1.6219 6.5955 1.8003 49.5569 -7.7630 0.0148
Car -1 -1 -4.1566 563.3604 180.9328 622.3779 210.4681 1.4523 1.5246 3.5022 -0.9048 1.9033 38.4121 -4.1806 0.0131
Car -1 -1 -3.5354 486.3412 181.6510 579.9402 212.4184 1.4679 1.6597 4.5170 -3.9865 1.9441 37.2709 -3.6417 0.0119
Car -1 -1 -4.1695 560.1743 180.6947 621.9515 210.4977 1.4680 1.5461 3.8481 -0.9983 1.9103 38.6758 -4.1957 0.0117
Car -1 -1 -4.7044 520.9354 180.4810 553.3693 209.3269 1.3870 1.6054 4.1232 -3.8538 1.8103 37.9452 -4.8054 0.0114
Car -1 -1 -4.3590 559.8955 179.9631 610.0260 210.4706 1.5121 1.5166 3.6483 -1.3279 1.9120 38.6503 -4.3937 0.0108
Pedestrian -1 -1 -8.1056 909.7462 164.7460 934.4854 222.5172 1.6548 0.5049 0.6769 9.0453 1.4222 21.0394 -7.7051 0.0107
Car -1 -1 -4.2881 551.5688 180.2251 604.9628 209.8377 1.4667 1.5515 3.5020 -1.6870 1.8804 38.6051 -4.3320 0.0099
Car -1 -1 -3.4411 495.4594 181.3477 582.2578 212.2175 1.4916 1.6102 4.1724 -3.7101 1.9483 37.2704 -3.5401 0.0092
Pedestrian -1 -1 -7.2845 246.7294 176.4425 281.1324 238.9483 1.5007 0.4945 0.6387 -8.5391 1.5902 17.7108 -7.7283 0.0090
Car -1 -1 -4.7016 493.2986 181.8713 524.4430 210.9060 1.4217 1.5640 3.5377 -5.3917 1.9237 38.3380 -4.8408 0.0088
Pedestrian -1 -1 -7.1113 931.7404 161.9705 956.9893 219.6445 1.6935 0.4174 0.5554 9.9070 1.3736 21.4876 -6.6849 0.0073
Pedestrian -1 -1 -3.3243 940.6449 165.0450 963.1776 219.7171 1.6238 0.4822 0.5313 10.2436 1.3916 21.7302 -2.8895 0.0066
Car -1 -1 -3.1630 495.0366 182.4801 578.7965 212.0643 1.4735 1.6209 4.2624 -3.8610 1.9904 37.6978 -3.2649 0.0064
Pedestrian -1 -1 -6.7511 880.1170 164.5913 904.3007 219.3088 1.6073 0.4648 0.5137 8.3380 1.3643 21.4524 -6.3855 0.0061
Car -1 -1 -4.5202 473.6295 183.9537 511.6201 211.5269 1.3675 1.3909 3.4418 -6.3263 1.9928 38.9283 -4.6807 0.0060
Car -1 -1 -4.0108 501.0682 179.3922 582.9002 212.5776 1.5321 1.6500 4.4317 -3.4045 1.8833 36.5026 -4.1037 0.0057
Car -1 -1 -4.4331 477.4784 179.4571 526.8860 209.6120 1.4891 1.6872 3.5233 -5.7060 1.8563 38.3011 -4.5805 0.0052
Pedestrian -1 -1 -3.3727 939.9825 162.1630 966.8689 217.9978 1.6429 0.4537 0.6343 10.1870 1.3280 21.5171 -2.9362 0.0048
Pedestrian -1 -1 -3.7938 887.4463 160.8424 917.7144 218.8447 1.6950 0.4980 0.6671 8.6317 1.3437 21.4157 -3.4159 0.0048
Car -1 -1 -4.6225 491.1395 178.9657 527.4937 211.2619 1.6332 1.6318 3.5818 -5.4353 1.9787 39.0066 -4.7606 0.0046
Car -1 -1 -4.4938 468.4985 177.8399 512.0574 210.0325 1.6403 1.5944 3.5727 -6.4830 1.9232 39.1574 -4.6573 0.0041
Pedestrian -1 -1 -5.2236 973.0488 178.3448 1003.2897 238.8356 1.3067 0.4853 0.3317 8.2217 1.4279 15.7933 -4.7517 0.0038
Car -1 -1 -4.7788 498.0378 178.8971 536.2272 211.2012 1.6155 1.7756 4.0528 -5.1128 1.9604 39.0535 -4.9087 0.0033
Cyclist -1 -1 -8.5147 954.3480 172.6860 1020.6909 245.4015 1.5204 0.5032 1.4379 8.2053 1.5166 15.8406 -8.0450 0.0031
Pedestrian -1 -1 -8.0529 904.8701 159.7883 927.8079 222.5529 1.8284 0.5209 0.5577 9.0075 1.4475 21.3437 -7.6590 0.0029
Cyclist -1 -1 -8.6865 951.0728 167.8625 1034.6139 243.4154 1.5465 0.5200 1.6765 8.2087 1.4440 15.6457 -8.2116 0.0028
Pedestrian -1 -1 -5.9336 133.0992 167.7878 173.3032 247.4090 1.4444 0.5900 0.4553 -8.5440 1.3522 13.4252 -6.4916 0.0022
Cyclist -1 -1 -8.2886 953.1475 169.1678 1008.4952 239.9727 1.5095 0.5472 1.3973 8.1892 1.4306 16.0889 -7.8257 0.0013
Cyclist -1 -1 -6.6386 969.0797 164.2643 1047.0604 232.8168 1.4645 0.5090 1.4019 8.6244 1.2807 15.7618 -6.1462 0.0008
