Car -1 -1 -4.3988 319.4233 186.4568 408.6850 236.2713 1.4518 1.6772 3.9125 -8.1289 1.9422 24.0650 -4.7217 0.9999
Car -1 -1 -7.8269 573.6877 179.3698 618.1208 225.4648 1.6516 1.6323 4.5265 -0.5469 1.9316 28.7644 -7.8465 0.9998
Car -1 -1 -4.1928 41.8115 189.6506 280.0364 288.5683 1.4639 1.7254 4.6076 -8.2469 1.8382 13.7778 -4.7240 0.9995
Car -1 -1 -4.5058 396.8095 184.8842 452.1668 220.9257 1.4574 1.5868 4.2692 -8.3896 2.0400 32.7901 -4.7548 0.9883
Car -1 -1 -4.5564 440.9576 181.1214 480.2616 210.8884 1.6371 1.6977 3.8730 -8.8341 2.1493 42.7530 -4.7594 0.9804
Car -1 -1 -4.5251 439.4384 180.7620 481.3069 210.3698 1.6301 1.6981 4.1207 -8.8735 2.1228 42.9068 -4.7283 0.8837
Car -1 -1 -4.5405 438.5581 181.3293 479.8778 210.6413 1.6124 1.7522 3.9335 -8.9310 2.1387 42.8387 -4.7452 0.7818
Car -1 -1 -7.8206 574.7547 180.0529 620.1265 225.7150 1.6322 1.6603 4.3991 -0.4755 1.9403 28.7018 -7.8378 0.7657
Car -1 -1 -4.4824 396.9419 185.2301 453.0638 221.9315 1.4791 1.5472 4.1190 -8.3071 2.0726 32.5495 -4.7308 0.7097
Car -1 -1 -4.5916 442.7683 182.2920 480.8102 210.8767 1.5500 1.7205 4.0704 -8.7331 2.1345 42.6087 -4.7930 0.6784
Car -1 -1 -4.5908 440.1522 182.3539 478.0402 210.8866 1.5467 1.7073 4.0650 -8.8918 2.1350 42.6062 -4.7958 0.6778
Car -1 -1 -4.4349 390.5401 184.4445 452.7985 222.0853 1.5195 1.6436 4.0993 -8.4303 2.0740 32.4713 -4.6874 0.6775
Car -1 -1 -4.5013 398.7461 184.8215 454.0572 221.3275 1.4733 1.5863 4.1109 -8.2493 2.0477 32.5669 -4.7479 0.5583
Car -1 -1 -3.7293 465.4599 184.0871 518.8911 206.8869 1.4851 1.5613 3.3887 -8.2437 2.2966 50.4233 -3.8910 0.4717
Car -1 -1 -3.8943 469.4419 184.7194 525.3103 207.7548 1.4911 1.5192 3.9000 -7.9151 2.3587 50.7740 -4.0487 0.3602
Car -1 -1 -3.6676 469.9344 184.1718 522.3876 206.9678 1.4883 1.5490 3.2836 -7.9626 2.3038 50.3696 -3.8240 0.3254
Car -1 -1 -3.9657 468.3584 184.2556 520.3122 207.0610 1.4827 1.5317 3.6640 -8.1365 2.3161 50.8093 -4.1241 0.3037
Car -1 -1 -4.2251 466.1745 183.0211 509.8509 205.9540 1.4942 1.6170 3.3899 -8.5329 2.2322 50.5283 -4.3920 0.2027
Car -1 -1 -3.9041 472.1994 183.3908 522.7476 206.3987 1.4989 1.5429 3.3572 -7.8700 2.2617 50.4568 -4.0585 0.1910
Car -1 -1 -4.7827 469.0908 182.8949 495.5132 205.6335 1.4857 1.5848 3.4373 -9.0217 2.2161 50.6466 -4.9585 0.1612
Pedestrian -1 -1 -3.8867 1038.8934 155.3801 1059.7681 214.6436 1.8405 0.4779 0.3198 13.7552 1.2975 22.6751 -3.3475 0.1233
Car -1 -1 -4.3885 470.1039 184.2247 506.5826 206.7965 1.4772 1.5162 3.4558 -8.5706 2.3076 50.8856 -4.5550 0.1122
Pedestrian -1 -1 -7.0307 1052.1893 160.4888 1106.9171 261.8149 1.6727 0.5630 0.5377 7.9004 1.4683 12.2373 -6.4690 0.1068
Car -1 -1 -3.3309 462.0929 183.3966 516.8899 205.4833 1.4523 1.5542 3.5201 -8.3974 2.2030 50.0633 -3.4967 0.1044
Car -1 -1 -4.7766 470.9171 183.5235 496.4946 206.4600 1.4992 1.5447 3.6092 -8.9680 2.2802 50.8986 -4.9505 0.1037
Car -1 -1 -4.0360 474.8119 183.6984 529.3075 207.5962 1.5484 1.5947 4.0851 -7.5914 2.3453 50.8812 -4.1839 0.0964
Car -1 -1 -4.9369 462.7855 183.2057 497.4528 206.6797 1.5322 1.5950 3.8280 -9.2461 2.2934 50.9999 -5.1158 0.0880
Car -1 -1 -4.9657 460.7465 183.3873 496.4388 206.6400 1.5106 1.5907 3.6849 -9.2973 2.2797 50.6972 -5.1465 0.0810
Car -1 -1 -5.9623 440.9068 182.9262 499.1940 204.6245 1.4465 1.5953 3.6557 -9.7232 2.1597 50.0823 -6.1535 0.0807
Car -1 -1 -3.4158 470.9840 183.1636 521.1384 205.9018 1.4975 1.5555 3.1367 -7.9471 2.2327 50.1152 -3.5727 0.0788
Pedestrian -1 -1 -7.0830 1061.1086 159.7329 1118.7634 263.0643 1.6968 0.5775 0.5698 8.0474 1.4810 12.1938 -6.5112 0.0788
Pedestrian -1 -1 -3.8155 1035.0742 155.3222 1056.0814 215.9277 1.8838 0.4910 0.3298 13.6483 1.3386 22.6938 -3.2802 0.0759
Car -1 -1 -4.5688 734.4122 173.2617 761.3172 193.0673 1.5203 1.5651 3.9645 11.0095 1.5538 57.6033 -4.3812 0.0609
Car -1 -1 -5.7227 442.4955 183.0499 501.1355 205.6867 1.4934 1.6251 3.7228 -9.6662 2.2245 50.3260 -5.9119 0.0559
Car -1 -1 -4.7314 734.4570 173.4474 755.4190 193.0312 1.5052 1.5608 3.9289 10.7242 1.5540 57.6489 -4.5487 0.0545
Car -1 -1 -4.6095 474.8695 183.7238 503.1526 206.8058 1.5114 1.5799 3.9656 -8.5737 2.3127 51.1835 -4.7750 0.0539
Car -1 -1 -4.8734 726.6359 173.6639 754.2468 193.5674 1.5327 1.5578 3.8907 10.3630 1.5993 57.6794 -4.6968 0.0447
Car -1 -1 -4.4315 734.4705 173.1682 768.5131 193.5601 1.5605 1.6110 4.0312 11.2709 1.5861 57.4423 -4.2391 0.0402
Car -1 -1 -8.0277 1048.5062 157.3716 1124.8192 213.2597 1.9457 1.7179 3.9237 17.8505 1.4064 27.2612 -7.4532 0.0360
Car -1 -1 -3.1212 440.2297 182.6757 496.0554 204.5668 1.4460 1.6061 3.7195 -9.7877 2.1383 49.7697 -3.3148 0.0359
Car -1 -1 -4.6247 733.9268 173.5247 758.8932 193.7414 1.5411 1.6325 3.6827 10.7997 1.5957 57.1268 -4.4391 0.0352
Car -1 -1 -3.5362 472.9844 183.5473 530.5563 207.8177 1.5922 1.6115 3.6375 -7.5817 2.3631 50.4027 -3.6852 0.0337
Cyclist -1 -1 -8.1489 682.4252 179.3967 693.3562 205.4395 1.6838 0.3032 1.4658 5.1191 2.1235 47.7748 -8.0433 0.0306
Car -1 -1 -4.2740 732.9344 172.9099 775.6422 193.8055 1.5961 1.6850 4.2584 11.4751 1.6004 57.3392 -4.0778 0.0302
Car -1 -1 -5.2075 708.8380 179.4023 756.7547 205.2762 1.5747 1.5959 3.4710 7.8811 2.0162 46.7760 -5.0421 0.0289
Car -1 -1 -8.1393 1042.0044 152.0567 1140.2949 215.4320 2.1521 1.8115 4.5109 17.7427 1.4456 26.9231 -7.5620 0.0289
Car -1 -1 -5.3119 700.1165 180.4503 752.7543 205.5300 1.5225 1.5558 3.7108 7.5065 2.0384 47.0280 -5.1552 0.0267
Car -1 -1 -5.0074 720.1084 173.8186 753.1928 193.7204 1.5304 1.5488 3.8282 10.0546 1.6098 57.6711 -4.8360 0.0244
Car -1 -1 -3.3123 476.4054 184.0059 527.6179 206.6604 1.4941 1.5807 3.2958 -7.5387 2.2879 50.1049 -3.4613 0.0203
Car -1 -1 -4.7721 730.9127 173.4252 755.0560 193.6252 1.5554 1.6430 4.2286 10.6043 1.6027 57.8811 -4.5922 0.0190
Car -1 -1 -7.9712 1048.7402 161.8534 1113.6483 210.1274 1.6986 1.5915 3.8934 17.8103 1.3112 27.4869 -7.4015 0.0186
Car -1 -1 -4.5987 435.1214 181.6384 473.7625 213.2860 1.5969 1.6246 4.0560 -8.5342 2.1051 39.6693 -4.8097 0.0185
Pedestrian -1 -1 -4.8806 837.8293 182.5592 857.1632 230.0188 1.4107 0.4888 0.4186 7.1196 1.7067 21.7882 -4.5695 0.0182
Car -1 -1 -5.3564 707.8637 180.6558 759.4143 205.9199 1.5167 1.5267 3.3873 7.8616 2.0373 46.3171 -5.1898 0.0163
Car -1 -1 -5.0138 721.4456 175.4654 753.1543 194.9880 1.4880 1.4908 3.5332 10.0524 1.7019 57.3371 -4.8415 0.0158
Car -1 -1 -3.9928 730.6950 174.1155 781.6152 194.1278 1.5258 1.6422 4.1301 11.5718 1.6287 57.1575 -3.7944 0.0154
Car -1 -1 -4.7946 509.0330 180.5275 539.8582 206.7977 1.6243 1.6574 4.9258 -5.8546 2.1693 48.6977 -4.9141 0.0152
Cyclist -1 -1 -8.2105 682.3267 180.0319 695.0071 205.4025 1.6311 0.3307 1.4842 5.1484 2.1117 47.5794 -8.1039 0.0150
Car -1 -1 -8.0176 725.5478 171.8022 751.1348 190.3087 1.5595 1.5701 3.8809 11.1032 1.4706 62.7507 -7.8436 0.0144
Pedestrian -1 -1 -4.9021 846.1450 181.5889 863.7788 229.2154 1.4172 0.4329 0.4059 7.3442 1.6834 21.7846 -4.5817 0.0129
Car -1 -1 -4.7651 733.2858 170.9450 753.5434 189.4250 1.5499 1.5129 3.9143 11.5139 1.3895 62.5544 -4.5842 0.0114
Car -1 -1 -3.7653 730.5728 174.4307 785.9335 193.9881 1.4915 1.6670 4.0691 11.6619 1.6189 56.8771 -3.5644 0.0111
Car -1 -1 -4.6008 734.9258 170.8400 758.2227 189.2557 1.5434 1.5577 3.9920 11.8541 1.3743 62.6099 -4.4149 0.0102
Car -1 -1 -6.6434 718.7250 179.3750 782.3200 204.4883 1.5509 1.5824 3.6755 8.9466 1.9782 46.2181 -6.4539 0.0099
Car -1 -1 -5.3850 713.1016 180.2012 768.2465 206.8775 1.5804 1.5216 3.6011 8.2074 2.0660 45.7646 -5.2093 0.0086
Car -1 -1 -4.6148 506.2421 180.4525 536.9183 207.3548 1.6424 1.6033 4.1183 -5.7855 2.1620 47.3003 -4.7363 0.0083
Car -1 -1 -2.9937 473.7434 182.9127 534.3812 205.7271 1.5340 1.5401 3.9721 -7.3365 2.2411 49.9719 -3.1391 0.0081
Car -1 -1 -4.8146 514.3054 182.3358 543.7455 206.3304 1.5269 1.5929 4.2388 -5.6734 2.2121 49.9260 -4.9276 0.0072
Car -1 -1 -3.4778 729.9984 173.8863 786.5020 193.3722 1.4958 1.6478 4.0215 11.5789 1.5781 56.5931 -3.2773 0.0072
Car -1 -1 -4.7238 513.1750 179.7861 539.7893 207.0595 1.6640 1.6611 4.5422 -5.5685 2.1435 47.5799 -4.8402 0.0072
Car -1 -1 -4.7894 338.5497 182.8170 379.2941 212.5199 1.3367 1.6243 3.8613 -12.5974 1.8619 35.9691 -5.1243 0.0066
Car -1 -1 -4.7016 513.2662 181.2295 536.9783 205.2179 1.5327 1.5568 4.1804 -5.8640 2.1352 49.7715 -4.8188 0.0065
Cyclist -1 -1 -7.9763 843.8987 177.6608 868.6071 233.7832 1.6124 0.5094 1.5139 7.3292 1.7617 21.6583 -7.6548 0.0061
Car -1 -1 -7.0017 716.6172 176.1530 776.9441 202.6551 1.6475 1.6413 3.6871 8.8681 1.8691 46.9065 -6.8165 0.0060
Car -1 -1 -4.6887 335.9303 182.3735 373.1087 213.1322 1.3674 1.6266 4.0262 -12.5840 1.8652 35.5836 -5.0267 0.0056
Car -1 -1 -4.7738 341.5829 181.2519 381.1940 212.3386 1.4210 1.6412 3.9598 -12.5833 1.8680 36.2835 -5.1057 0.0055
Car -1 -1 -3.9785 252.7651 183.0457 310.6613 202.5067 1.3637 1.6145 4.2234 -25.0642 2.1747 55.1816 -4.4033 0.0054
Car -1 -1 -5.3116 705.7955 180.8443 753.1067 205.3734 1.4770 1.4841 3.1267 7.5960 2.0087 46.3058 -5.1505 0.0053
Car -1 -1 -4.5246 335.4804 181.6444 385.3892 213.2566 1.4148 1.6051 3.9478 -12.2515 1.8724 35.5112 -4.8548 0.0052
Cyclist -1 -1 -8.5151 843.5342 165.7471 889.7745 223.4572 1.6272 0.4714 1.4580 7.4401 1.4265 21.1105 -8.1811 0.0051
Car -1 -1 -5.3223 716.0953 180.5431 771.3339 207.1927 1.5493 1.4512 3.8427 8.2827 2.0523 45.1789 -5.1427 0.0048
Car -1 -1 -6.7809 719.5870 179.5719 777.9174 205.8070 1.6243 1.5980 3.3418 8.9164 2.0697 46.5951 -6.5936 0.0042
Car -1 -1 -4.5902 503.9873 179.7040 534.7053 207.1758 1.6994 1.5619 3.7296 -5.9529 2.1672 47.4332 -4.7149 0.0030
Car -1 -1 -5.1347 1200.4321 178.8345 1241.0000 268.6554 1.3554 1.5107 3.6107 12.4044 1.4798 13.0996 -4.3881 0.0029
Cyclist -1 -1 -5.5068 831.3521 171.6510 883.8763 231.6799 1.7329 0.5286 1.5611 7.3580 1.6979 21.6447 -5.1839 0.0029
Cyclist -1 -1 -7.8242 1009.3470 164.4398 1036.8553 231.0134 1.8428 0.6556 1.5310 11.8672 1.6096 20.7978 -7.3124 0.0028
Car -1 -1 -4.6254 508.1285 181.3605 535.7775 206.0890 1.5853 1.5451 4.0713 -6.0614 2.1957 49.7361 -4.7465 0.0026
Car -1 -1 -4.7398 506.0782 179.7054 537.2488 205.3700 1.4598 1.7830 4.4372 -5.5409 1.9052 44.6099 -4.8631 0.0024
Car -1 -1 -5.3007 669.1259 176.3057 722.0916 202.9271 1.8298 1.6634 4.3895 6.1448 2.0919 52.5310 -5.1854 0.0024
Car -1 -1 -4.5950 500.3516 178.9273 533.4087 205.1983 1.5150 1.5560 4.1260 -5.7483 1.9078 44.6374 -4.7228 0.0022
Car -1 -1 -5.3765 1172.8041 179.0897 1241.0000 259.8094 1.3198 1.3752 3.6237 12.8279 1.4560 13.9388 -4.6435 0.0021
Car -1 -1 -5.1908 1199.8436 183.5869 1241.0000 267.0997 1.2867 1.4577 3.3890 12.6616 1.5131 13.4130 -4.4456 0.0021
Car -1 -1 -5.0952 674.3113 174.9808 719.4407 202.4418 1.8956 1.6526 4.6108 6.2437 2.0576 52.6272 -4.9782 0.0018
Car -1 -1 -4.4842 473.9283 180.1180 514.2630 205.6889 1.4732 1.6644 3.7012 -7.1420 1.9406 44.5542 -4.6426 0.0018
Cyclist -1 -1 -8.3566 1195.8336 165.5464 1241.0000 255.8550 1.6570 0.5023 1.8171 12.2879 1.5226 14.1791 -7.6533 0.0015
Car -1 -1 -4.7372 512.5613 182.2259 535.8453 206.6139 1.5643 1.4959 4.0934 -6.0144 2.2419 50.0540 -4.8567 0.0012
Car -1 -1 -4.7023 501.2834 178.5071 526.8613 205.6915 1.5680 1.4948 3.8019 -5.9208 1.9312 44.4189 -4.8345 0.0012
Car -1 -1 -4.3469 509.6836 185.2395 540.0077 203.3820 1.5706 1.5755 3.7353 -7.9184 2.7583 67.2036 -4.4642 0.0011
Cyclist -1 -1 -7.8953 1005.5120 161.1560 1032.4630 226.9756 1.8414 0.6037 1.5879 11.8556 1.5138 21.0307 -7.3884 0.0010
Car -1 -1 -4.3721 505.9687 184.7858 537.4471 202.3913 1.5147 1.6584 4.0303 -8.1975 2.6602 67.1372 -4.4936 0.0009
