Car -1 -1 -7.8355 570.9603 185.1350 619.4377 229.5853 1.4025 1.5946 3.4929 -0.5402 1.8657 25.4813 -7.8573 0.9997
Car -1 -1 -7.7092 508.9244 182.9734 554.3979 217.4122 1.4463 1.5809 3.5661 -3.5889 1.9367 33.1782 -7.8167 0.9996
Car -1 -1 -4.2321 90.6261 188.1814 236.2672 251.6775 1.4215 1.5635 4.0774 -11.7487 1.8742 19.2417 -4.7744 0.9989
Car -1 -1 -4.4927 382.3745 182.3643 421.6418 207.3724 1.4650 1.5987 3.7877 -13.1494 2.0923 45.6801 -4.7718 0.9850
Car -1 -1 -7.8305 570.8860 184.8282 620.4664 230.0730 1.4301 1.6328 3.5935 -0.5144 1.8837 25.5570 -7.8512 0.8840
Pedestrian -1 -1 -6.4641 231.6045 176.8524 270.1379 275.2514 1.7460 0.6773 0.5231 -6.6597 1.8216 13.2654 -6.9219 0.8275
Car -1 -1 -4.4911 380.6324 182.7903 420.2694 207.7239 1.4584 1.6242 3.7385 -13.2379 2.1131 45.6449 -4.7722 0.8059
Pedestrian -1 -1 -3.0838 59.5162 175.0110 106.7793 317.6898 1.7537 0.6235 0.4491 -6.8081 1.7822 9.2637 -3.7042 0.7824
Car -1 -1 -4.4733 381.0916 181.8192 422.7871 207.1506 1.4852 1.6227 4.0759 -13.1923 2.0802 45.8387 -4.7524 0.7411
Car -1 -1 -4.4679 383.4199 182.2310 422.7133 207.5810 1.4858 1.5339 3.6896 -13.0447 2.1016 45.5421 -4.7457 0.7352
Car -1 -1 -4.4430 382.0596 182.8128 423.1527 207.9130 1.4710 1.5915 3.5874 -13.0658 2.1238 45.5157 -4.7214 0.7224
Pedestrian -1 -1 -3.1575 64.3870 175.3899 108.9620 318.9363 1.7581 0.6495 0.4494 -6.7611 1.7917 9.2459 -3.7756 0.7151
Car -1 -1 -7.3670 94.4932 188.5130 244.3173 250.3932 1.4023 1.6512 4.2301 -11.7914 1.8740 19.5939 -7.9030 0.6355
Pedestrian -1 -1 -3.2020 230.7135 176.2726 265.0868 274.8902 1.7405 0.6762 0.5241 -6.6762 1.8047 13.1878 -3.6631 0.5853
Pedestrian -1 -1 -6.3203 355.0147 175.9052 376.9466 244.3010 1.7875 0.6864 0.5314 -6.5841 1.8706 19.3092 -6.6453 0.3918
Pedestrian -1 -1 -3.0849 57.2409 174.5676 105.1571 318.5656 1.7471 0.6645 0.4476 -6.7597 1.7695 9.1644 -3.7068 0.3797
Pedestrian -1 -1 -3.0732 49.2842 172.7192 101.1200 315.8972 1.7375 0.6288 0.4803 -6.8242 1.7355 9.1498 -3.7004 0.2670
Pedestrian -1 -1 -6.2306 354.3118 176.4412 376.1262 244.0808 1.7588 0.6987 0.5134 -6.5615 1.8560 19.2105 -6.5561 0.2129
Pedestrian -1 -1 -6.1706 358.6373 174.3956 385.0732 243.9350 1.8258 0.6620 0.6021 -6.4288 1.8677 19.3469 -6.4879 0.1764
Pedestrian -1 -1 -3.4697 232.1095 194.7458 265.9036 270.0848 1.3938 0.4260 0.4689 -6.9822 1.8233 13.8491 -3.9294 0.1302
Pedestrian -1 -1 -6.1943 372.1430 176.3094 381.5475 196.2602 1.7806 0.5450 0.7593 -20.9820 2.0927 64.8696 -6.5062 0.0580
Car -1 -1 -4.3838 178.7889 188.0601 259.2163 227.3747 1.3387 1.5903 3.8399 -15.1906 1.9744 28.1574 -4.8748 0.0497
Car -1 -1 -5.0217 233.6915 178.2735 277.9664 201.8433 1.6391 1.6889 4.3727 -26.2397 2.0557 53.3346 -5.4772 0.0471
Car -1 -1 -4.3773 315.2716 181.6325 364.4017 207.7872 1.4705 1.6674 3.6639 -16.3195 2.0239 43.6586 -4.7333 0.0458
Pedestrian -1 -1 -6.4975 1019.6111 173.7204 1034.8068 213.3710 1.9085 0.6694 0.5068 20.2756 1.9509 35.1430 -5.9783 0.0447
Pedestrian -1 -1 -4.5460 1130.1445 180.9471 1168.2655 281.7961 1.8195 0.4961 0.5147 9.9841 1.9739 13.4324 -3.9182 0.0440
Pedestrian -1 -1 -8.4025 1105.2238 171.7100 1135.2889 223.0785 1.9113 0.6994 0.6260 19.1689 1.8685 27.1804 -7.7939 0.0370
Car -1 -1 -3.7325 105.5213 186.1304 249.9687 231.2600 1.4190 1.5591 4.3999 -15.6808 1.9467 26.3731 -4.2648 0.0325
Car -1 -1 -3.8508 117.7679 186.2919 253.2401 229.2799 1.3792 1.6430 4.3134 -15.7050 1.9228 26.8983 -4.3752 0.0302
Car -1 -1 -4.5825 187.9643 185.2132 248.6941 225.7543 1.4374 1.6354 3.9275 -15.6998 1.9704 29.0052 -5.0751 0.0294
Pedestrian -1 -1 -6.3207 358.4227 174.2217 384.9813 243.9910 1.8037 0.7638 0.6412 -6.3766 1.8405 19.1410 -6.6388 0.0292
Pedestrian -1 -1 -4.2233 1116.8411 174.0545 1163.8739 281.8360 1.9804 0.5368 0.5203 9.9546 2.0034 13.6218 -3.6034 0.0291
Pedestrian -1 -1 -4.6473 1138.3542 181.0507 1176.6853 284.0774 1.8547 0.5411 0.5542 10.1431 2.0114 13.4366 -4.0122 0.0289
Car -1 -1 -3.9042 117.9657 185.9671 251.2902 232.5346 1.4700 1.5655 4.2853 -15.4011 1.9896 26.3342 -4.4293 0.0280
Car -1 -1 -4.3379 164.8160 188.0762 257.1207 228.3468 1.3373 1.6534 4.2659 -15.3088 1.9715 27.8568 -4.8366 0.0274
Pedestrian -1 -1 -4.3313 1130.5809 176.1531 1176.2977 282.8833 1.9549 0.5292 0.5423 10.1919 2.0185 13.6070 -3.6997 0.0222
Car -1 -1 -4.4741 174.9057 187.4333 251.6234 230.1812 1.3903 1.5937 4.0636 -14.8385 1.9816 27.1132 -4.9710 0.0215
Pedestrian -1 -1 -8.2978 1102.9777 171.3836 1132.2130 221.4023 1.8750 0.7133 0.6103 19.2278 1.8196 27.4069 -7.6916 0.0210
Car -1 -1 -4.1587 138.7855 187.3535 249.6330 229.0288 1.3466 1.5840 4.2248 -15.4128 1.9307 26.9444 -4.6743 0.0181
Car -1 -1 -7.4505 183.5134 185.9385 270.2577 224.5440 1.3703 1.5857 4.1355 -15.4077 1.9376 29.1750 -7.9329 0.0180
Car -1 -1 -4.3071 156.8901 187.6362 251.0904 229.8014 1.3661 1.5748 4.0607 -15.0722 1.9609 26.9478 -4.8132 0.0162
Pedestrian -1 -1 -3.2547 373.7267 175.8980 384.5576 196.5324 1.8402 0.5348 0.8732 -20.7866 2.1155 64.8959 -3.5638 0.0151
Car -1 -1 -4.3033 179.2348 188.6798 264.7012 227.0429 1.3398 1.6354 3.7241 -15.3682 2.0113 28.7054 -4.7913 0.0113
Car -1 -1 -3.8353 316.1933 179.2907 384.2447 202.5769 1.4444 1.6458 4.1936 -17.3244 1.8940 48.2091 -4.1789 0.0104
Car -1 -1 -4.8003 619.5894 182.3270 645.0775 202.9858 1.5190 1.6765 3.6721 1.6948 2.2873 56.6619 -4.7711 0.0086
Car -1 -1 -4.6222 300.2404 179.4563 321.9428 197.0381 1.5323 1.5150 3.6979 -27.4865 2.1575 66.3700 -5.0136 0.0083
Car -1 -1 -4.4766 300.4465 179.6148 328.1535 197.0921 1.5250 1.5274 3.7380 -27.2127 2.1657 66.4410 -4.8641 0.0079
Pedestrian -1 -1 -4.9697 1109.2375 165.2450 1134.8424 219.0606 2.0204 0.6867 0.5018 19.4235 1.7345 27.4433 -4.3593 0.0072
Car -1 -1 -4.8239 296.5290 179.1551 319.6662 196.5961 1.5155 1.5424 3.8401 -27.7561 2.1116 66.2343 -5.2196 0.0068
Car -1 -1 -4.9040 241.9339 177.7338 279.6384 202.0613 1.6938 1.7168 4.3476 -25.9053 2.0699 53.3976 -5.3540 0.0068
Car -1 -1 -4.9664 612.5598 182.6265 642.9551 201.9199 1.4211 1.5951 3.3479 1.3398 2.2146 56.7945 -4.9435 0.0067
Car -1 -1 -4.1012 360.9705 178.4599 417.9165 202.3327 1.5764 1.6784 4.3131 -15.5623 1.9906 51.0406 -4.3960 0.0059
Car -1 -1 -4.2704 182.6788 188.2945 268.5039 226.5366 1.3351 1.5180 3.8010 -15.2100 1.9899 28.6810 -4.7545 0.0059
Pedestrian -1 -1 -6.4549 1189.9645 171.2218 1202.8459 220.3562 1.6852 0.4774 0.2656 20.2854 1.6290 25.0207 -5.7798 0.0051
Pedestrian -1 -1 -3.9416 1120.9354 163.6026 1140.0637 218.0120 1.9047 0.5096 0.2612 18.3688 1.5805 25.5323 -3.3239 0.0047
Car -1 -1 -4.6468 358.4992 179.7319 384.8275 203.0269 1.5307 1.4937 4.1004 -16.7929 2.0359 50.8645 -4.9644 0.0047
Cyclist -1 -1 -7.9438 358.8730 173.4663 384.1703 246.1137 1.8276 0.4894 1.6241 -6.3446 1.8442 19.0087 -8.2623 0.0044
Pedestrian -1 -1 -3.8516 1217.4291 165.5531 1241.0000 287.2790 2.0658 0.6155 0.4623 11.0046 1.9416 12.5537 -3.1443 0.0043
Car -1 -1 -4.5747 358.5873 179.5293 389.7551 203.5273 1.5801 1.5333 4.1326 -16.6155 2.0707 50.8847 -4.8891 0.0042
Car -1 -1 -2.2999 0.0000 185.0072 17.8383 251.6959 1.4058 1.5778 3.7357 -16.0287 1.6989 16.4830 -3.0633 0.0042
Car -1 -1 -2.4466 0.0000 187.6748 15.8361 257.8680 1.4444 1.5651 3.8659 -15.9979 1.7953 16.1685 -3.2184 0.0039
Car -1 -1 -2.7402 0.0000 186.7862 6.9894 262.3393 1.4436 1.5690 3.9376 -16.0022 1.7764 15.7879 -3.5239 0.0038
Car -1 -1 -4.1100 356.9336 178.5144 412.9815 202.3580 1.5782 1.6296 4.3207 -15.9161 1.9973 51.1583 -4.4105 0.0038
Car -1 -1 -4.9423 614.0859 183.1891 643.5593 202.8357 1.4521 1.5879 3.4166 1.4313 2.2959 57.0954 -4.9179 0.0037
Car -1 -1 -2.1596 0.0000 182.1442 21.6992 248.8171 1.4071 1.6026 3.7805 -16.0370 1.6383 16.7700 -2.9147 0.0036
Car -1 -1 -4.7637 621.1942 183.3277 643.4977 202.6106 1.4305 1.5836 3.4572 1.7168 2.2853 57.1677 -4.7343 0.0035
Car -1 -1 -4.8252 345.3539 179.0953 378.3140 201.8618 1.4779 1.6728 4.6529 -17.4914 1.9370 50.6493 -5.1564 0.0035
Car -1 -1 -5.0399 608.5717 183.0168 643.2510 203.7393 1.5244 1.6144 3.7558 1.1949 2.3572 57.1089 -5.0197 0.0035
Car -1 -1 -4.8366 348.5290 180.1009 382.3198 203.0472 1.4801 1.6417 5.0230 -17.2995 2.0164 50.8130 -5.1634 0.0033
Car -1 -1 -4.7836 249.5627 177.4056 279.3023 202.1646 1.7262 1.6946 4.1339 -25.6020 2.0763 53.3354 -5.2294 0.0032
Car -1 -1 -9.0503 0.0000 0.0000 1241.0000 374.0000 1.5379 1.6002 3.6044 5.4429 1.6081 1.3477 -7.7727 0.0030
Car -1 -1 -9.0355 0.0000 0.0000 1241.0000 374.0000 1.5509 1.5946 3.5812 5.0462 1.6041 1.3071 -7.7723 0.0030
Car -1 -1 -9.0134 0.0000 0.0000 1241.0000 374.0000 1.5474 1.5958 3.5947 4.6729 1.6061 1.2984 -7.7714 0.0030
Car -1 -1 -5.8358 1241.0000 178.6448 1241.0000 374.0000 1.5615 1.5924 3.6877 5.4578 1.5922 1.9807 -4.6604 0.0030
Car -1 -1 -9.0643 0.0000 0.0000 1241.0000 374.0000 1.5521 1.6023 3.6345 5.8086 1.6145 1.3753 -7.7736 0.0030
Car -1 -1 -4.3996 357.8348 178.8155 399.9802 202.8598 1.5956 1.6234 4.1916 -16.3108 2.0341 51.0211 -4.7078 0.0030
Car -1 -1 -4.5888 350.6021 180.0402 383.1360 202.9494 1.4919 1.6151 4.6159 -17.1378 2.0229 50.9295 -4.9122 0.0027
Pedestrian -1 -1 -6.5105 221.6759 172.5388 236.3295 201.5199 1.7630 0.7991 0.6346 -23.4818 1.7435 44.4020 -6.9947 0.0023
Car -1 -1 -4.4620 622.2214 182.3911 652.9017 202.5301 1.4915 1.6206 3.4750 2.1855 2.2714 57.1302 -4.4245 0.0023
Cyclist -1 -1 -7.7399 224.8021 177.9456 236.0908 204.1376 1.5784 0.4147 1.8063 -23.5711 1.9004 44.7564 -8.2224 0.0022
Pedestrian -1 -1 -7.0920 1178.9431 171.8960 1199.4612 219.6966 1.6395 0.5188 0.2579 20.0364 1.6064 25.0229 -6.4230 0.0022
Car -1 -1 -8.0592 697.0726 169.6895 724.9459 193.3466 2.2103 1.7250 4.7739 9.7145 1.9143 69.8531 -7.9219 0.0021
Car -1 -1 -5.2977 602.4783 178.7579 641.2164 196.3247 1.6399 1.7905 4.2010 1.1146 2.2400 71.1232 -5.2825 0.0020
Car -1 -1 -8.2169 690.9672 169.6211 725.1011 193.6546 2.2500 1.7330 4.6547 9.4445 1.9471 70.0151 -8.0837 0.0020
Car -1 -1 -4.3543 618.8633 178.6991 649.6349 195.4958 1.5712 1.7930 3.8639 2.4017 2.1642 71.1045 -4.3211 0.0019
Car -1 -1 -7.4639 525.5797 174.6957 566.7538 198.2433 1.7520 1.7380 4.1904 -4.9586 1.9012 56.2969 -7.5517 0.0019
Pedestrian -1 -1 -7.1055 1129.1818 165.4113 1149.4646 216.2229 1.7769 0.5157 0.2928 18.6678 1.5164 25.5145 -6.4797 0.0018
Pedestrian -1 -1 -5.1194 1116.8864 169.1216 1136.5780 216.3309 1.6707 0.4856 0.3140 18.3839 1.5384 25.7390 -4.5049 0.0017
Car -1 -1 -4.3887 297.5507 176.5037 327.8577 196.9162 1.6826 1.4048 3.3531 -25.4559 2.0036 61.8099 -4.7781 0.0016
Car -1 -1 -8.3888 683.6442 169.2570 723.5139 193.5637 2.2773 1.7256 4.6033 9.0174 1.9400 70.0554 -8.2617 0.0016
Pedestrian -1 -1 -7.3548 214.7771 171.6330 233.7509 201.4577 1.8242 0.8009 0.6859 -23.8091 1.7492 44.4790 -7.8440 0.0015
Cyclist -1 -1 -7.6552 219.9205 176.8925 234.4764 202.9198 1.5739 0.4513 1.7967 -23.8174 1.8298 44.8451 -8.1412 0.0015
Cyclist -1 -1 -7.6268 221.1761 177.2294 236.5379 203.1515 1.5558 0.4525 1.7553 -23.5416 1.8310 44.5184 -8.1110 0.0014
Car -1 -1 -7.6605 525.8135 173.6210 558.8138 197.2416 1.7761 1.7954 4.2452 -5.2909 1.8383 56.5997 -7.7536 0.0014
Car -1 -1 -4.4575 289.0622 177.4292 318.1564 197.1818 1.6122 1.4593 3.4493 -26.1221 2.0137 61.5445 -4.8576 0.0011
Cyclist -1 -1 -7.7690 351.5831 176.4267 373.7546 244.8092 1.7431 0.4195 1.6751 -6.6684 1.8428 19.3455 -8.0973 0.0008
Pedestrian -1 -1 -7.7564 1048.1505 166.0269 1069.4917 211.1947 1.8734 0.7210 0.4786 18.8254 1.5899 30.3351 -7.2058 0.0007
Cyclist -1 -1 -5.6642 333.8957 175.6571 399.5352 244.9015 1.8031 0.4458 1.7250 -6.5564 1.8796 19.2905 -5.9882 0.0007
Pedestrian -1 -1 -8.0937 1051.6992 166.1226 1075.4449 211.2491 1.8769 0.7438 0.5110 19.0407 1.5966 30.3685 -7.5385 0.0007
Cyclist -1 -1 -7.6618 346.1187 175.6105 377.0715 245.9378 1.7721 0.4648 1.6552 -6.6076 1.8480 19.0994 -7.9912 0.0004
