Car -1 -1 -8.0225 706.0622 186.3259 801.8451 253.8132 1.3979 1.6238 3.8618 3.3438 1.7637 17.6640 -7.8394 0.9999
Car -1 -1 -7.9640 686.0009 181.7645 751.8320 234.0772 1.4960 1.6247 4.2875 3.4068 1.8132 23.5410 -7.8229 0.9991
Car -1 -1 -4.5797 506.7531 183.2053 547.1520 214.8618 1.5412 1.6204 4.0443 -4.4134 2.1224 38.4966 -4.6936 0.9986
Car -1 -1 -4.5487 481.2420 182.0107 532.1437 222.6904 1.7196 1.7316 3.7532 -4.7370 2.1653 33.2497 -4.6897 0.9976
Car -1 -1 -2.9868 889.4477 175.7733 1044.2542 227.7434 1.4967 1.5522 4.2075 11.1779 1.5961 22.8197 -2.5369 0.9914
Car -1 -1 -3.0639 1012.0516 162.7560 1221.0205 244.0968 1.6610 1.7443 3.7785 11.4937 1.4545 16.5954 -2.4669 0.9885
Car -1 -1 -2.9645 890.0765 175.6476 1038.2400 227.8369 1.5082 1.6012 4.0031 11.1217 1.6035 22.8656 -2.5174 0.9280
Car -1 -1 -4.4895 534.4571 182.7089 573.4999 208.6918 1.5875 1.6657 4.4017 -3.7138 2.2759 48.1266 -4.5666 0.9199
Car -1 -1 -4.5983 509.2870 183.6172 547.0590 214.8016 1.5214 1.5774 3.7868 -4.3445 2.1222 38.4042 -4.7107 0.8128
Car -1 -1 -5.9829 268.9121 184.6535 361.9261 215.6714 1.5531 1.6444 4.2246 -15.4426 2.1887 37.8865 -6.3679 0.7812
Car -1 -1 -4.5723 503.7057 183.7165 546.6653 214.7495 1.5023 1.7092 4.1900 -4.5053 2.1138 38.5240 -4.6885 0.7522
Car -1 -1 -4.4980 536.5698 182.9425 572.8284 208.3669 1.5544 1.5555 4.1710 -3.6633 2.2557 48.0101 -4.5743 0.7277
Car -1 -1 -6.0218 273.7530 184.8767 360.3059 215.7405 1.5368 1.6415 3.9093 -15.3234 2.1838 37.7981 -6.4049 0.6720
Car -1 -1 -6.1752 975.6050 177.3638 1180.1139 235.9835 1.3555 1.5673 4.3803 12.1395 1.4861 18.9627 -5.6132 0.6624
Car -1 -1 -3.0129 405.6711 176.4138 448.1015 191.7503 1.4636 1.5841 3.8383 -17.8414 1.8154 70.3438 -3.2607 0.6310
Car -1 -1 -4.7637 525.8298 183.3527 554.2107 209.8298 1.4649 1.5037 3.7087 -4.2796 2.1245 43.4088 -4.8619 0.5570
Car -1 -1 -7.2795 481.9645 170.4191 523.6771 190.3931 1.5398 1.5624 3.6492 -8.5457 1.3518 57.6087 -7.4264 0.5543
Car -1 -1 -7.2374 482.8900 170.0857 528.0637 190.4328 1.5642 1.6078 3.9009 -8.3240 1.3511 57.5709 -7.3806 0.5337
Car -1 -1 -6.1634 904.7841 173.1608 1066.0364 225.6356 1.5061 1.6703 4.3282 11.6683 1.5162 22.6291 -5.6931 0.4993
Car -1 -1 -7.3103 991.6763 176.1004 1135.7913 231.1802 1.3745 1.5994 3.8624 12.4101 1.4704 19.7874 -6.7573 0.4757
Car -1 -1 -5.9667 267.2307 184.4613 364.3183 215.6038 1.5654 1.7482 4.4168 -15.4870 2.1937 38.0523 -6.3511 0.4581
Car -1 -1 -6.2086 986.3766 174.6557 1193.0116 235.9540 1.4264 1.6820 4.3516 12.3805 1.4783 18.8899 -5.6360 0.4570
Car -1 -1 -4.6112 534.2689 183.0492 565.9959 208.3395 1.5497 1.6916 4.1924 -3.9721 2.2579 48.0278 -4.6938 0.4489
Car -1 -1 -6.2826 979.0211 175.9921 1171.7352 233.4485 1.3719 1.6485 4.1575 12.1875 1.4630 19.2250 -5.7250 0.4432
Car -1 -1 -3.0302 966.9346 177.8294 1153.4706 239.6554 1.4608 1.5997 4.0786 11.8685 1.6060 19.2292 -2.4845 0.4148
Car -1 -1 -6.6504 1015.8764 164.2924 1241.0000 241.1601 1.6350 1.7479 3.9522 11.7767 1.4526 16.6647 -6.0440 0.4082
Car -1 -1 -4.7703 521.3283 182.9525 552.0370 209.6486 1.4709 1.6010 4.0625 -4.4959 2.1093 43.5023 -4.8731 0.4032
Car -1 -1 -7.3913 987.5639 176.5117 1119.5422 230.8381 1.3584 1.5844 3.8421 12.2577 1.4680 19.9678 -6.8477 0.3919
Pedestrian -1 -1 -8.4759 765.3531 179.0340 789.0016 222.8503 1.7644 0.6970 0.6492 6.8141 2.0214 29.6115 -8.2526 0.3834
Car -1 -1 -6.7123 978.4543 176.0045 1170.5315 231.1739 1.3922 1.6607 4.0205 12.3029 1.4814 19.4129 -6.1547 0.3516
Car -1 -1 -8.8014 1124.5840 207.0958 1241.0000 374.0000 1.5417 1.5806 3.8669 3.5772 1.7346 2.1149 -7.8250 0.3202
Car -1 -1 -8.9822 1112.4331 203.4786 1241.0000 374.0000 1.5435 1.5615 3.7831 3.7926 1.7235 2.2612 -8.0059 0.3155
Car -1 -1 -6.5669 970.2004 176.1272 1160.7684 230.9473 1.3702 1.6554 4.0501 12.0968 1.4644 19.5198 -6.0193 0.3080
Pedestrian -1 -1 -8.3357 767.3596 179.6315 789.6839 222.4790 1.7332 0.6868 0.6145 6.8879 2.0155 29.6933 -8.1107 0.3076
Car -1 -1 -5.9013 293.8373 183.9288 377.2994 213.5822 1.4997 1.6397 3.7685 -14.4432 2.0957 37.9906 -6.2627 0.2960
Car -1 -1 -9.1390 1120.4438 194.2258 1241.0000 374.0000 1.5611 1.6089 3.8147 4.0448 1.6911 2.3409 -8.1470 0.2946
Car -1 -1 -3.0327 947.8306 179.6913 1099.8391 238.3874 1.4359 1.5819 3.4578 11.2011 1.6378 19.6831 -2.5223 0.2912
Pedestrian -1 -1 -8.4186 765.4133 179.4499 788.4777 222.9440 1.7590 0.6984 0.6253 6.8290 2.0341 29.7173 -8.1956 0.2878
Pedestrian -1 -1 -8.3026 768.0319 179.1772 791.1990 222.3818 1.7409 0.6855 0.7060 6.9137 2.0038 29.6166 -8.0762 0.2830
Car -1 -1 -5.9819 259.2950 185.7557 355.4887 216.7952 1.5497 1.6654 4.3640 -15.8711 2.2458 37.9141 -6.3762 0.2827
Car -1 -1 -5.7559 275.0534 184.8894 366.2578 216.2803 1.5766 1.7260 4.1957 -15.3599 2.2344 38.2920 -6.1353 0.2776
Car -1 -1 -2.7265 330.8173 183.0804 414.1477 213.4055 1.5245 1.5962 3.8434 -12.4869 2.0756 37.9208 -3.0429 0.2737
Car -1 -1 -8.9491 1080.7549 205.2121 1241.0000 374.0000 1.5263 1.5971 3.7105 3.8596 1.7317 2.6217 -8.0270 0.2667
Car -1 -1 -8.6054 0.0000 0.0000 1241.0000 374.0000 1.5435 1.5745 4.0013 3.2151 1.6593 1.9828 -7.6525 0.2656
Car -1 -1 -5.8618 281.1752 184.7657 368.3673 214.8054 1.5204 1.6903 3.9479 -15.0941 2.1662 38.1998 -6.2361 0.1964
Pedestrian -1 -1 -4.1234 0.0000 267.8437 63.4718 374.0000 1.2565 0.4807 0.4252 -4.2167 1.9405 4.9648 -4.8017 0.1917
Car -1 -1 -4.6723 519.6054 182.2277 550.4589 209.9886 1.5433 1.6918 4.5444 -4.5573 2.1448 44.0007 -4.7755 0.1795
Cyclist -1 -1 -7.3541 0.0000 213.8598 66.3631 374.0000 1.6511 0.4745 1.6392 -4.2481 1.9624 4.6324 -8.0681 0.1708
Car -1 -1 -9.3555 1157.7562 191.9749 1241.0000 374.0000 1.6181 1.6618 4.0235 4.3959 1.7357 2.2781 -8.3154 0.1705
Car -1 -1 -7.8602 668.0683 175.5067 692.8148 200.8872 1.7335 1.6990 3.8851 4.9993 1.9307 51.7108 -7.7649 0.1630
Car -1 -1 -7.2817 0.0000 208.9803 56.4865 374.0000 1.5408 1.5448 3.8990 -4.2184 1.8035 3.1593 -8.1690 0.1620
Car -1 -1 -4.8731 511.7101 182.3713 550.9836 209.5039 1.4897 1.6926 4.1909 -4.8193 2.0919 43.4357 -4.9834 0.1559
Car -1 -1 -3.1670 951.7498 177.5832 1120.3182 232.7900 1.3725 1.6594 3.8511 11.5332 1.5132 19.8635 -2.6478 0.1520
Car -1 -1 -7.1126 0.0000 209.1640 52.2326 374.0000 1.5463 1.5378 3.8788 -4.5611 1.8115 3.2341 -8.0273 0.1161
Car -1 -1 -2.9028 331.2841 184.4122 418.9817 214.5569 1.5234 1.6559 4.1395 -12.4111 2.1505 38.1915 -3.2154 0.1100
Car -1 -1 -3.8991 0.0000 226.3371 90.6508 374.0000 1.4454 1.5364 3.8048 -4.6326 1.8510 3.5240 -4.7828 0.0943
Car -1 -1 -7.9457 662.3205 175.2693 691.4644 200.8464 1.7511 1.7094 4.0374 4.7311 1.9310 51.8010 -7.8556 0.0913
Car -1 -1 -6.8822 0.0000 215.1197 68.1240 374.0000 1.5355 1.5625 3.9331 -5.0144 1.8579 3.5078 -7.8064 0.0843
Car -1 -1 -6.0155 397.0417 175.3249 443.4719 190.9424 1.5003 1.5894 4.1071 -18.5049 1.7438 70.3901 -6.2719 0.0782
Car -1 -1 -4.8314 416.8050 175.6322 444.9770 197.5787 1.5562 1.5760 3.9823 -13.4264 1.7714 53.8456 -5.0749 0.0681
Car -1 -1 -3.5860 1138.8535 216.5287 1241.0000 374.0000 1.4971 1.5659 3.5654 4.1199 1.7463 2.5566 -2.6221 0.0676
Car -1 -1 -4.6482 421.6400 175.5165 446.9440 197.3751 1.5546 1.5852 3.9615 -13.1216 1.7610 53.9138 -4.8862 0.0624
Car -1 -1 -6.6174 0.0000 218.2481 70.9319 374.0000 1.5389 1.6135 3.9595 -5.3117 1.8971 3.5694 -7.5613 0.0390
Car -1 -1 -5.8198 386.2644 175.9716 431.6292 191.3499 1.4644 1.6235 3.9534 -19.6119 1.7732 70.3613 -6.0910 0.0286
Car -1 -1 -5.1211 408.9355 178.7567 452.5637 202.4143 1.4265 1.4601 3.4497 -11.5461 1.8192 46.2270 -5.3649 0.0274
Car -1 -1 -4.6050 426.8096 177.3396 447.3484 193.1566 1.4957 1.5888 3.6598 -17.0630 1.9502 71.2339 -4.8396 0.0269
Car -1 -1 -4.5750 430.1138 178.0156 451.3355 193.8352 1.4968 1.5617 3.6266 -16.7351 2.0205 71.3722 -4.8048 0.0250
Car -1 -1 -4.8338 723.7292 170.4504 746.6766 188.1846 1.5899 1.6118 3.9743 11.5221 1.3741 66.7102 -4.6638 0.0247
Car -1 -1 -4.5440 729.8163 169.9422 754.2870 187.8271 1.5949 1.5915 3.8972 12.1657 1.3349 66.4475 -4.3640 0.0225
Car -1 -1 -7.1883 277.5056 182.1044 354.1808 216.4354 1.6712 1.7481 3.8799 -15.5937 2.1898 38.3660 -7.5723 0.0203
Car -1 -1 -5.0679 395.0609 175.4137 424.6701 191.7329 1.5462 1.5818 3.8032 -19.7337 1.8049 70.9977 -5.3383 0.0190
Car -1 -1 -4.6778 728.9255 170.4780 747.7405 188.1180 1.5754 1.5801 3.8854 11.8294 1.3629 66.5036 -4.5028 0.0181
Car -1 -1 -2.5587 463.6710 171.1328 517.6048 191.0109 1.5263 1.5865 3.9832 -9.4496 1.3939 56.9372 -2.7227 0.0171
Car -1 -1 -2.6405 460.6255 171.8999 515.7144 191.5363 1.5155 1.5851 4.0329 -9.6645 1.4416 57.0963 -2.8077 0.0133
Car -1 -1 -4.6385 424.2050 177.3488 443.8769 193.4462 1.5211 1.6210 3.6414 -17.3522 1.9762 71.1855 -4.8770 0.0130
Car -1 -1 -4.8585 401.8277 175.4188 424.7798 191.8315 1.5535 1.6277 3.9133 -19.4179 1.8134 71.0759 -5.1245 0.0124
Car -1 -1 -4.3221 270.3403 189.4670 331.8373 218.1218 1.3038 1.4830 4.0354 -15.8818 2.2068 37.2053 -4.7233 0.0123
Car -1 -1 -4.6585 406.5031 175.6117 426.5237 192.1301 1.5659 1.7017 3.8451 -19.0681 1.8454 71.1441 -4.9197 0.0109
Car -1 -1 -4.4379 406.5324 175.6272 435.1016 191.9424 1.5537 1.7235 3.9644 -18.6979 1.8355 71.3906 -4.6934 0.0088
Car -1 -1 -5.6547 204.9809 193.3420 263.7033 213.6118 1.5146 1.6714 3.9005 -29.8338 3.1728 57.2923 -6.1332 0.0086
Cyclist -1 -1 -5.2481 0.0000 232.6499 171.7625 374.0000 1.5850 0.5647 1.7397 -3.8581 2.0329 4.8187 -5.8971 0.0079
Car -1 -1 -4.1528 406.4716 176.2503 443.7630 193.0280 1.5882 1.7547 3.9230 -18.2476 1.9336 71.3033 -4.4027 0.0076
Car -1 -1 -4.1656 411.1261 175.2654 447.7839 192.5061 1.6383 1.7773 3.8330 -17.8053 1.8830 71.2423 -4.4100 0.0075
Cyclist -1 -1 -8.3980 783.4133 174.3571 807.4985 210.1463 1.6555 0.4042 1.4584 8.7374 1.7280 34.1958 -8.1504 0.0064
Cyclist -1 -1 -2.5907 401.4264 171.8225 420.8029 191.4178 1.8795 0.7934 1.6343 -19.2620 1.7803 69.8173 -2.8592 0.0061
Car -1 -1 -4.7807 707.6530 179.6893 750.8269 213.0967 1.4096 1.6725 4.1723 5.4265 1.7468 33.4788 -4.6220 0.0058
Cyclist -1 -1 -8.0594 766.0931 178.2852 790.4229 222.3504 1.7593 0.6766 1.5080 6.8820 1.9887 29.7555 -7.8350 0.0049
Car -1 -1 -2.2033 0.0000 190.1010 18.5847 223.1439 1.4887 1.6641 3.8250 -31.1100 2.3543 35.0049 -2.9262 0.0047
Car -1 -1 -5.7636 205.6407 192.6003 262.8410 213.6072 1.5901 1.6133 3.7088 -29.7647 3.1782 57.1577 -6.2421 0.0046
Car -1 -1 -4.4555 704.5051 179.1388 761.1285 212.2750 1.4334 1.6563 4.1669 5.8585 1.7514 34.3013 -4.2883 0.0045
Car -1 -1 -4.4538 706.5483 179.5974 763.4077 213.2616 1.4342 1.6407 4.0970 5.8777 1.7707 33.8273 -4.2838 0.0039
Car -1 -1 -4.2959 706.3119 178.5422 775.5063 212.1679 1.4637 1.6689 4.2663 6.2621 1.7522 34.3987 -4.1179 0.0038
Car -1 -1 -4.3226 706.6229 178.3974 772.0881 211.3222 1.4537 1.6567 4.1630 6.2575 1.7377 34.7997 -4.1467 0.0037
Car -1 -1 -4.5791 706.1639 178.2403 749.4312 209.1422 1.4026 1.6026 3.9736 5.8262 1.6842 35.6275 -4.4189 0.0032
Car -1 -1 -4.3689 706.5221 177.4051 767.1812 209.4504 1.4367 1.6322 4.0991 6.1978 1.6719 35.1552 -4.1963 0.0032
Car -1 -1 -7.4361 227.4350 191.6594 271.2127 212.1305 1.4928 1.6881 3.9968 -29.1504 3.0672 58.3862 -7.8976 0.0016
Car -1 -1 -7.3029 230.3123 191.3553 276.7749 211.9065 1.5077 1.6325 3.7802 -28.8284 3.0555 58.4183 -7.7599 0.0014
Car -1 -1 -7.5637 226.7200 191.9577 265.8627 212.2490 1.4685 1.7518 3.9918 -29.3684 3.0685 58.3234 -8.0286 0.0010
Cyclist -1 -1 -8.0349 764.2255 178.7040 787.7558 222.6547 1.7525 0.6798 1.4953 6.7838 1.9994 29.7333 -7.8134 0.0009
Cyclist -1 -1 -2.9715 751.8534 177.2464 797.5628 221.8503 1.7812 0.7622 1.7278 6.7202 1.9654 29.6289 -2.7513 0.0006
