Car -1 -1 -8.0169 750.7418 187.0954 820.7905 237.6479 1.4936 1.6361 4.1353 5.8497 2.0212 24.6290 -7.7873 0.9994
Car -1 -1 -8.5848 1089.3052 210.1785 1241.0000 374.0000 1.5085 1.5567 3.5882 3.0571 1.7153 2.1019 -7.6808 0.9230
Car -1 -1 -8.5125 0.0000 0.0000 1241.0000 374.0000 1.5083 1.5896 3.6443 2.9476 1.6690 1.9374 -7.5917 0.8171
Car -1 -1 -8.7389 1097.8890 201.2795 1241.0000 374.0000 1.5674 1.5939 3.6216 3.2258 1.7192 2.0000 -7.7881 0.7658
Car -1 -1 -8.7482 0.0000 0.0000 1241.0000 374.0000 1.5945 1.6240 4.0086 3.0755 1.6389 1.7655 -7.7690 0.7167
Pedestrian -1 -1 -4.7913 1021.6189 184.2337 1041.0912 229.4790 1.6258 0.5605 0.7085 15.4747 2.0517 26.5881 -4.2697 0.6749
Car -1 -1 -8.9999 0.0000 0.0000 1241.0000 374.0000 1.5907 1.6403 4.1306 3.3166 1.6412 1.7431 -7.9813 0.5629
Pedestrian -1 -1 -4.9424 925.3763 170.0154 946.3383 217.6323 1.9176 0.6694 0.5433 13.2226 1.8030 29.3870 -4.5238 0.5542
Cyclist -1 -1 -8.6429 897.6583 177.0220 947.3370 230.2954 1.8378 0.6738 1.6304 11.1540 1.9922 25.9109 -8.2412 0.5184
Pedestrian -1 -1 -7.7842 1023.2240 184.1656 1043.1573 230.8489 1.6655 0.5837 0.7619 15.4708 2.0874 26.4525 -7.2605 0.4936
Pedestrian -1 -1 -5.0413 925.3862 169.7228 948.5416 217.9685 1.9346 0.6957 0.6025 13.2112 1.8087 29.2637 -4.6216 0.4921
Car -1 -1 -8.9566 1077.6931 186.5007 1241.0000 374.0000 1.5740 1.6164 3.8256 3.4590 1.6499 2.0275 -7.9784 0.4854
Pedestrian -1 -1 -4.9355 926.7883 170.1541 948.5326 217.8388 1.9185 0.6848 0.6140 13.3004 1.8096 29.3983 -4.5150 0.4385
Car -1 -1 -8.5619 1055.1564 210.0080 1241.0000 374.0000 1.5056 1.6106 3.7363 3.3191 1.7421 2.6370 -7.7166 0.4017
Pedestrian -1 -1 -8.1704 915.7620 179.5585 940.8335 230.8882 1.8046 0.6456 0.6555 11.3360 2.0475 25.8164 -7.7616 0.3000
Pedestrian -1 -1 -8.4147 910.0560 178.2728 937.7550 229.8554 1.8129 0.6366 0.6926 11.1865 2.0095 25.8327 -8.0109 0.2648
Car -1 -1 -8.9655 1066.1715 201.9410 1241.0000 374.0000 1.5400 1.5930 3.8250 3.6495 1.7163 2.3609 -8.0253 0.2121
Car -1 -1 -9.2230 0.0000 0.0000 1241.0000 374.0000 1.5975 1.6359 4.2763 3.6054 1.6618 1.5447 -8.1250 0.1657
Pedestrian -1 -1 -8.9434 911.5738 179.5389 938.8456 231.4177 1.8011 0.6740 0.6518 11.1520 2.0427 25.6359 -8.5380 0.1519
Cyclist -1 -1 -8.2918 902.7239 177.6666 943.1550 230.4698 1.8156 0.6759 1.6627 11.1232 1.9931 25.8063 -7.8897 0.1311
Cyclist -1 -1 -3.1177 892.8872 175.8564 943.4294 228.8780 1.8505 0.7237 1.6486 11.0206 1.9608 25.9247 -2.7205 0.1264
Pedestrian -1 -1 -8.5721 905.5125 177.3418 934.6858 227.9959 1.7909 0.6354 0.7413 11.1406 1.9554 26.0415 -8.1726 0.1235
Pedestrian -1 -1 -8.2554 914.4868 178.4717 940.1791 229.2662 1.8037 0.6327 0.6743 11.3983 2.0088 26.0360 -7.8476 0.1157
Car -1 -1 -4.5316 956.7883 183.1927 1025.7693 227.0520 1.4972 1.6388 4.2207 14.7113 1.9266 27.8205 -4.0502 0.1118
Cyclist -1 -1 -2.8841 884.3389 177.7864 939.8995 229.8910 1.8188 0.7441 1.7271 10.8983 2.0029 26.1589 -2.4940 0.1060
Cyclist -1 -1 -3.0380 897.5551 177.7070 949.9247 229.8656 1.8118 0.6827 1.6653 11.2105 1.9904 25.8974 -2.6343 0.1011
Pedestrian -1 -1 -4.5066 1129.3903 182.4613 1175.9790 297.4247 1.6994 0.4982 0.4304 8.2540 1.8506 11.0497 -3.8787 0.0976
Cyclist -1 -1 -8.2344 910.4019 176.2137 947.4567 230.0983 1.8683 0.6519 1.6249 11.3988 1.9926 25.9408 -7.8253 0.0906
Car -1 -1 -4.7289 954.6511 183.0402 1007.4247 227.2796 1.5095 1.6913 4.0648 14.1948 1.9331 27.8299 -4.2621 0.0895
Cyclist -1 -1 -2.9025 891.3927 177.8275 946.7102 229.6569 1.8045 0.7156 1.7185 11.1127 1.9894 26.0726 -2.5044 0.0762
Car -1 -1 -7.6146 970.5295 218.1877 1241.0000 374.0000 1.4844 1.7835 4.0280 3.1242 1.6986 1.8608 -6.6495 0.0761
Pedestrian -1 -1 -4.5335 1096.3448 168.8574 1120.0743 212.7212 1.8787 0.7245 0.7968 21.6676 1.7072 31.4418 -3.9349 0.0729
Pedestrian -1 -1 -6.4832 1002.9326 165.2622 1032.7607 220.3123 1.7808 0.6758 0.7315 13.3810 1.5349 23.7730 -5.9763 0.0719
Pedestrian -1 -1 -3.6808 1110.6448 178.5331 1170.2323 294.1338 1.7622 0.4889 0.5804 8.2346 1.8529 11.2913 -3.0640 0.0675
Pedestrian -1 -1 -4.3742 977.3109 165.9103 1005.2760 223.8179 1.8399 0.5892 0.7530 12.3177 1.6190 23.3983 -3.8954 0.0647
Car -1 -1 -4.8890 953.2158 185.3457 1033.8947 232.9524 1.5244 1.8294 4.5710 14.0878 2.0314 26.8459 -4.4109 0.0626
Car -1 -1 -7.1002 999.6025 222.4865 1241.0000 374.0000 1.5571 1.6553 3.9949 3.4563 1.7721 1.9728 -6.1118 0.0621
Pedestrian -1 -1 -4.5278 1099.1097 170.3454 1122.3212 213.0745 1.8180 0.6986 0.7742 21.6226 1.7110 31.2200 -3.9269 0.0593
Car -1 -1 -6.5467 872.2712 182.7480 974.9513 219.9792 1.5255 1.6374 3.7710 13.4441 1.9678 31.2061 -6.1439 0.0583
Car -1 -1 -6.1020 872.0602 184.0018 970.9407 221.8161 1.5105 1.6339 3.7405 13.5508 2.0240 31.5427 -5.7003 0.0552
Pedestrian -1 -1 -4.4469 1098.5111 165.9927 1124.1528 209.2055 1.8532 0.7334 0.8183 21.8347 1.5586 31.4875 -3.8454 0.0538
Car -1 -1 -6.3034 866.6611 181.9615 971.7176 220.2899 1.5504 1.6172 4.1037 13.3369 1.9656 31.4099 -5.9059 0.0535
Pedestrian -1 -1 -4.2857 1081.5707 162.0218 1110.6865 238.0488 1.8782 0.5066 0.3545 12.1643 1.6103 18.1343 -3.7029 0.0514
Cyclist -1 -1 -3.9127 911.8216 175.9144 963.3077 227.4933 1.8027 0.7108 1.6627 11.7155 1.9150 25.9119 -3.4930 0.0478
Car -1 -1 -5.6974 874.6274 184.4344 972.7993 222.1558 1.5057 1.6390 3.7005 13.8056 2.0513 32.0220 -5.2943 0.0454
Cyclist -1 -1 -7.6509 1001.6204 165.7366 1029.4479 219.9796 1.7076 0.4607 1.7431 13.1847 1.4832 23.5260 -7.1459 0.0446
Pedestrian -1 -1 -8.4318 1070.8098 179.0389 1101.0745 225.1849 1.8337 0.7510 0.7123 19.1585 2.0861 29.1232 -7.8552 0.0438
Car -1 -1 -3.3931 967.0785 185.8241 1059.9036 220.2084 1.4969 1.5962 3.4702 18.6279 2.1208 33.5242 -2.8903 0.0371
Car -1 -1 -4.8985 938.7224 180.6059 1009.5635 224.7701 1.5361 1.6691 4.2778 14.0661 1.8631 28.1828 -4.4404 0.0317
Cyclist -1 -1 -7.7315 1007.7374 164.7669 1031.0668 219.7959 1.7439 0.4736 1.7050 13.4048 1.4873 23.6933 -7.2224 0.0315
Car -1 -1 -6.8127 863.5563 181.1404 974.8198 220.0394 1.5903 1.6797 4.1237 13.2276 1.9595 31.0708 -6.4143 0.0312
Car -1 -1 -5.8860 877.4662 185.2802 974.4442 222.3945 1.4642 1.6179 3.5304 13.7140 2.0384 31.5251 -5.4797 0.0304
Car -1 -1 -5.8205 866.6421 184.0721 968.0142 222.4603 1.5338 1.6119 3.8074 13.5000 2.0607 31.9460 -5.4246 0.0303
Car -1 -1 -3.3953 961.4436 185.9506 1054.9741 219.5618 1.4734 1.6473 3.5304 18.5380 2.1090 33.8093 -2.8980 0.0247
Car -1 -1 -5.8490 842.5549 183.3632 950.2693 228.4842 1.5358 1.6077 3.4106 10.6924 1.9574 27.1776 -5.4786 0.0227
Car -1 -1 -5.4642 884.1704 183.8793 976.3367 221.3208 1.4949 1.6155 3.7270 14.0782 2.0150 32.0282 -5.0541 0.0224
Cyclist -1 -1 -3.6083 900.4977 177.8016 954.4945 229.5212 1.8232 0.6908 1.6394 11.3409 2.0032 25.9038 -3.2006 0.0220
Car -1 -1 -7.9688 951.8470 189.3176 1034.9727 253.0084 1.4599 1.5416 3.4731 10.1580 1.9459 19.4166 -7.4938 0.0219
Car -1 -1 -6.3744 882.3785 185.2124 978.8116 221.4966 1.4523 1.5915 3.6596 13.6931 2.0077 31.1152 -5.9639 0.0218
Cyclist -1 -1 -8.9321 884.5255 176.4064 934.8413 229.1334 1.8441 0.6724 1.5494 10.8041 1.9766 26.1561 -8.5450 0.0200
Cyclist -1 -1 -3.4606 1055.3036 176.8960 1114.9781 225.3743 1.9157 0.7134 1.8869 19.1560 2.0822 29.1939 -2.8851 0.0141
Car -1 -1 -5.0490 951.5273 186.1534 1018.1274 219.5917 1.4454 1.6026 4.0107 18.0184 2.1279 34.9499 -4.5770 0.0139
Car -1 -1 -7.9458 956.2506 188.6753 1038.9530 252.7801 1.4695 1.5863 3.8196 10.3759 1.9450 19.6292 -7.4666 0.0129
Cyclist -1 -1 -7.6592 921.8431 174.6140 949.9261 226.1944 1.8022 0.6366 1.6060 11.7547 1.8677 26.1078 -7.2410 0.0125
Pedestrian -1 -1 -3.7426 1090.1503 176.8470 1148.4301 288.3098 1.7079 0.5343 0.5383 7.9406 1.7719 11.3433 -3.1448 0.0112
Car -1 -1 -4.5298 954.3923 181.3932 1017.9522 224.1372 1.5000 1.5249 3.9589 14.6869 1.8570 28.1643 -4.0540 0.0108
Car -1 -1 -4.9015 1060.6720 163.6194 1101.1156 187.4146 1.6469 1.7213 3.9263 33.8993 1.0075 52.0815 -4.3272 0.0107
Pedestrian -1 -1 -3.4047 1175.9415 176.7020 1220.1044 257.8304 1.7663 0.5835 0.6306 13.0887 1.8542 16.1395 -2.7329 0.0100
Car -1 -1 -7.0463 874.4141 181.5185 976.1850 221.2566 1.5820 1.6323 3.9618 13.4177 1.9693 30.8164 -6.6397 0.0095
Pedestrian -1 -1 -8.2964 1089.6387 179.8983 1117.8491 228.6281 1.9318 0.7389 0.6268 19.8442 2.2189 29.0749 -7.7029 0.0092
Car -1 -1 -4.8028 1056.3538 163.6210 1090.1183 188.1409 1.7068 1.6990 3.9102 33.5313 1.0638 52.3530 -4.2359 0.0089
Car -1 -1 -7.7296 947.9249 186.6023 1037.8998 253.5895 1.5462 1.7102 3.9403 10.4355 1.9600 19.6257 -7.2479 0.0081
Pedestrian -1 -1 -3.5541 1163.5970 178.8994 1209.9694 251.5805 1.5880 0.5721 0.6324 12.8696 1.7262 16.1792 -2.8915 0.0077
Cyclist -1 -1 -3.2772 1063.1240 176.4642 1121.7758 227.7091 2.0124 0.7108 1.8882 19.4276 2.1617 29.1659 -2.6949 0.0070
Car -1 -1 -7.8077 1049.7015 165.7020 1080.1864 189.1184 1.6380 1.7049 4.1431 33.1998 1.1374 52.6614 -7.2480 0.0068
Pedestrian -1 -1 -3.4771 1182.6705 175.0450 1229.4889 261.1302 1.8537 0.6118 0.6266 13.1120 1.9030 15.9506 -2.7988 0.0061
Car -1 -1 -8.1580 1033.4253 165.3797 1078.8723 187.2955 1.5366 1.7166 3.9087 32.4856 1.0122 52.6933 -7.6082 0.0056
Car -1 -1 -7.9918 1041.7750 165.1152 1078.3885 187.2257 1.5486 1.7191 4.0032 32.7960 1.0063 52.7128 -7.4380 0.0054
Pedestrian -1 -1 -3.4930 1172.6088 175.3844 1220.8789 256.8714 1.7461 0.5949 0.6546 12.8398 1.8028 15.8698 -2.8225 0.0051
Pedestrian -1 -1 -4.5849 864.2178 174.4140 883.9548 221.1830 1.6562 0.6178 0.4303 9.4358 1.7126 25.9051 -4.2398 0.0049
Cyclist -1 -1 -7.7894 926.9279 175.3009 950.7495 227.0833 1.7916 0.6827 1.6904 11.7933 1.8824 25.9571 -7.3678 0.0042
Pedestrian -1 -1 -6.4739 866.8021 174.7120 884.4863 227.1455 1.7621 0.5910 0.4586 9.0054 1.8260 24.5992 -6.1275 0.0041
Cyclist -1 -1 -3.9377 1164.2987 172.4115 1241.0000 263.9477 2.0041 0.5917 1.6541 13.3909 1.9941 16.1861 -3.2562 0.0039
Pedestrian -1 -1 -3.3194 1119.4568 170.3788 1139.0962 232.6649 1.5602 0.4522 0.3264 13.1494 1.4979 18.3472 -2.7056 0.0037
Car -1 -1 -7.0030 886.2078 183.7313 974.9318 220.7550 1.4766 1.4816 3.2952 13.5787 1.9571 30.6894 -6.5905 0.0030
Pedestrian -1 -1 -4.2104 1213.1615 179.5490 1241.0000 257.6269 1.7078 0.5148 0.4246 13.8782 1.8603 16.1529 -3.5102 0.0029
Cyclist -1 -1 -5.3660 1153.6294 166.4732 1240.1340 252.9502 1.8416 0.6156 1.6523 13.0722 1.7055 16.1970 -4.6964 0.0029
Pedestrian -1 -1 -3.5558 1111.7202 167.4264 1133.2927 227.8680 1.5379 0.4642 0.2880 13.1670 1.3995 18.6143 -2.9480 0.0026
Car -1 -1 -5.0036 1037.8622 166.1861 1081.1172 188.9478 1.5882 1.7031 3.5355 32.4763 1.1226 52.2735 -4.4504 0.0024
Cyclist -1 -1 -3.4777 1139.3431 172.1835 1241.0000 261.9188 1.9388 0.5913 1.8166 12.9915 1.9240 16.1646 -2.8103 0.0016
Cyclist -1 -1 -5.2177 1163.6554 169.4424 1239.6365 256.0097 1.8263 0.5920 1.5998 13.0725 1.7540 16.0602 -4.5440 0.0015
Pedestrian -1 -1 -6.6198 1119.8754 170.2498 1139.3324 228.5371 1.4852 0.4131 0.2839 13.3573 1.4186 18.6233 -6.0055 0.0013
Cyclist -1 -1 -8.4754 1205.0143 177.5679 1241.0000 365.3034 1.7457 0.4553 1.6836 7.0687 1.8008 7.6139 -7.7472 0.0013
Pedestrian -1 -1 -6.8508 851.9822 179.6069 872.3373 225.4675 1.6992 0.5770 0.4885 9.4470 1.9564 27.1715 -6.5202 0.0013
Cyclist -1 -1 -8.6376 1034.0668 182.3725 1169.4404 307.0790 1.7313 0.5123 1.9042 7.4623 1.8910 11.1515 -8.0611 0.0012
Pedestrian -1 -1 -4.1217 1187.4205 174.0090 1232.9962 258.4910 1.8481 0.5665 0.5662 13.3744 1.8742 16.1479 -3.4396 0.0012
Cyclist -1 -1 -6.5986 934.9013 160.6291 962.5227 190.4749 2.0841 0.6234 1.6473 23.8041 1.2301 50.7915 -6.1628 0.0007
Pedestrian -1 -1 -7.5607 851.8006 178.2746 870.4398 227.4680 1.8372 0.5576 0.4696 9.4836 2.0453 27.3785 -7.2313 0.0007
Pedestrian -1 -1 -5.1671 1198.2673 195.7399 1241.0000 331.3990 1.4888 0.5110 0.3661 7.0574 1.7572 8.2362 -4.4771 0.0005
Pedestrian -1 -1 -7.9140 1035.9380 168.1767 1057.8909 214.0024 1.5258 0.6059 0.4313 14.6949 1.3697 24.3541 -7.3768 0.0005
