Car -1 -1 -4.1360 55.3398 188.9999 205.8417 253.4991 1.5575 1.6729 3.8618 -13.3510 2.0552 20.3221 -4.7115 0.9998
Cyclist -1 -1 -8.0894 767.3675 165.7479 792.8390 216.6111 1.7818 0.5000 1.7265 6.1017 1.5326 26.1426 -7.8632 0.9385
Car -1 -1 -4.1330 53.0510 188.9418 204.8237 254.1770 1.5654 1.6559 3.8897 -13.3276 2.0594 20.2215 -4.7100 0.8188
Cyclist -1 -1 -8.0904 766.8368 166.1982 792.4355 216.5566 1.7635 0.4991 1.7429 6.0842 1.5301 26.1411 -7.8648 0.7798
Pedestrian -1 -1 -7.9286 771.3613 164.3354 791.7849 215.7823 1.8213 0.6450 0.9273 6.1410 1.5194 26.0505 -7.7002 0.6855
Cyclist -1 -1 -8.0389 769.2874 165.9741 791.9421 216.0766 1.7615 0.4923 1.6754 6.1395 1.5194 26.2157 -7.8119 0.6448
Pedestrian -1 -1 -6.1072 846.9416 167.3940 861.3458 194.2172 1.7837 0.4573 0.8488 16.3395 1.4203 48.3859 -5.7837 0.6320
Pedestrian -1 -1 -6.3784 848.7130 166.8530 863.7509 194.1756 1.8182 0.4859 0.9102 16.4657 1.4186 48.3558 -6.0524 0.4305
Pedestrian -1 -1 -3.0864 844.3671 167.6042 858.5010 194.0129 1.7571 0.5102 0.8738 16.1651 1.4075 48.4055 -2.7663 0.3842
Pedestrian -1 -1 -5.2061 846.1601 168.1529 859.1342 194.6561 1.7667 0.4936 0.8249 16.2902 1.4530 48.5470 -4.8845 0.3103
Pedestrian -1 -1 -2.8806 846.5098 166.5287 863.2609 194.0999 1.8238 0.5546 0.9500 16.3334 1.4051 48.2227 -2.5562 0.2454
Pedestrian -1 -1 -4.9057 794.7886 168.8916 812.5884 211.2696 1.7114 0.5655 0.7568 7.8793 1.5511 29.5348 -4.6479 0.2409
Pedestrian -1 -1 -8.0300 768.8834 164.1412 792.7859 215.3145 1.8166 0.6646 1.0476 6.1371 1.5070 26.1537 -7.8026 0.1963
Car -1 -1 -7.7603 291.1546 177.9616 353.5500 229.7211 1.7342 1.7544 4.2702 -10.6795 1.9407 26.9228 -8.1350 0.0982
Car -1 -1 -7.8940 876.3353 168.8905 911.4628 197.9389 1.5080 1.6182 3.8478 15.4688 1.3019 39.5399 -7.5239 0.0946
Car -1 -1 -4.9177 885.6888 173.1378 916.8642 193.6986 1.5838 1.5562 3.7906 23.1973 1.6070 57.6372 -4.5372 0.0811
Car -1 -1 -7.8255 1075.0415 162.7537 1109.3093 189.5419 1.6079 1.6948 4.0155 30.3569 1.0013 45.4373 -7.2397 0.0810
Car -1 -1 -4.8086 892.0832 173.8120 918.2258 194.2542 1.5692 1.5639 3.7640 23.4998 1.6481 57.6037 -4.4234 0.0805
Car -1 -1 -7.9314 1070.3348 162.8730 1108.6708 189.8351 1.6171 1.6908 3.9320 30.0831 1.0182 45.4048 -7.3494 0.0734
Car -1 -1 -7.6596 310.3842 179.1845 376.5221 227.2934 1.6916 1.6700 3.9048 -10.2836 1.9548 27.9707 -8.0093 0.0656
Car -1 -1 -8.2549 1052.4312 163.2046 1112.1100 190.5256 1.6427 1.6860 4.0500 29.6743 1.0622 45.5243 -7.6804 0.0644
Pedestrian -1 -1 -2.9954 850.3769 166.7768 866.6221 194.9828 1.8652 0.5792 0.9529 16.5640 1.4630 48.1888 -2.6665 0.0640
Car -1 -1 -5.0923 875.7014 173.2024 915.3725 193.7066 1.5849 1.5824 3.9765 22.8047 1.6135 57.8319 -4.7187 0.0624
Car -1 -1 -7.6552 314.8120 179.6741 383.4970 228.0105 1.6747 1.6688 4.2703 -10.0114 1.9589 27.8621 -7.9975 0.0576
Car -1 -1 -8.0870 1060.6422 163.9933 1110.6700 191.1515 1.6321 1.6746 4.3028 29.9921 1.0993 45.6693 -7.5090 0.0550
Car -1 -1 -4.7248 1077.0912 165.2457 1109.2548 191.9985 1.5891 1.5969 3.6623 29.9423 1.1369 44.8314 -4.1392 0.0537
Car -1 -1 -4.4976 287.6210 179.7206 359.3388 228.2207 1.6691 1.6954 4.1276 -10.9042 1.9523 27.6176 -4.8708 0.0497
Car -1 -1 -4.6607 312.4066 179.5208 362.5941 226.1798 1.6366 1.6082 4.1290 -10.5995 1.9168 28.1504 -5.0181 0.0491
Car -1 -1 -7.8210 1082.0154 162.7498 1116.4625 189.6198 1.6070 1.6713 4.0432 30.6952 1.0024 45.2802 -7.2285 0.0469
Car -1 -1 -7.5271 1074.4370 163.4285 1130.0397 188.9925 1.5341 1.6294 4.1964 30.8360 0.9682 45.2161 -6.9318 0.0443
Car -1 -1 -8.0315 1063.0175 163.1136 1106.7028 189.4843 1.5896 1.6578 3.6984 29.8624 1.0022 45.5206 -7.4540 0.0380
Car -1 -1 -4.6311 2.4186 192.5801 40.6763 222.1724 1.7344 1.6182 3.8466 -38.3588 3.0766 47.0596 -5.3124 0.0317
Pedestrian -1 -1 -4.9862 1076.0308 159.1638 1101.0490 212.2656 1.8445 0.5930 0.5947 16.8166 1.3687 25.4359 -4.4077 0.0272
Car -1 -1 -8.6970 1040.7841 163.4036 1115.8602 190.1317 1.6012 1.6539 3.8088 29.2725 1.0348 45.2821 -8.1262 0.0264
Car -1 -1 -7.9472 278.9203 176.2416 341.7766 230.5546 1.8452 1.7741 4.5068 -11.4182 1.9839 27.2192 -8.3413 0.0228
Car -1 -1 -4.6521 1071.0942 166.5943 1105.9675 194.2121 1.6277 1.5696 4.0742 29.5890 1.2584 44.6252 -4.0699 0.0227
Car -1 -1 -4.8236 12.6517 192.2400 53.7578 222.9958 1.8409 1.6917 4.0711 -38.2652 3.1795 47.7962 -5.4962 0.0226
Car -1 -1 -4.9414 0.0000 191.8406 46.5212 221.5772 1.7605 1.6586 3.9776 -38.3655 3.0458 46.9843 -5.6235 0.0215
Car -1 -1 -6.7266 1043.1193 164.0600 1123.2281 190.7634 1.6299 1.6602 3.8484 29.4932 1.0929 45.1178 -6.1508 0.0209
Car -1 -1 -5.0066 0.0000 194.0735 39.2811 223.0362 1.7074 1.6028 3.8867 -38.8180 3.1358 46.8362 -5.6960 0.0208
Car -1 -1 -7.6361 1070.3738 163.1006 1117.8157 188.8403 1.5495 1.6660 4.0066 30.4674 0.9620 45.4240 -7.0484 0.0203
Car -1 -1 -4.6832 6.7859 192.5622 40.8815 223.3264 1.8243 1.6183 3.9694 -38.5799 3.1782 47.5090 -5.3627 0.0163
Car -1 -1 -7.8482 15.4085 192.0041 49.0927 222.4719 1.8100 1.6770 3.9831 -38.0894 3.1275 47.5680 -8.5208 0.0159
Car -1 -1 -3.1088 1034.5066 164.3323 1112.8794 190.4813 1.5706 1.6165 4.0655 28.9476 1.0585 45.1533 -2.5419 0.0152
Car -1 -1 -4.5865 285.8029 180.4579 348.4617 229.5912 1.6866 1.6896 4.3292 -11.2249 2.0035 27.7902 -4.9674 0.0147
Car -1 -1 -6.4866 891.9672 173.2086 948.1615 192.7024 1.4931 1.5760 3.7957 24.1880 1.5211 56.4554 -6.0840 0.0145
Car -1 -1 -6.8424 1044.9255 163.3599 1123.4232 190.9122 1.6796 1.6081 3.8036 29.3762 1.1005 44.8233 -6.2654 0.0144
Car -1 -1 -4.5888 7.1388 191.9564 48.4949 222.0210 1.7751 1.6560 3.6537 -37.9950 3.0749 47.1190 -5.2648 0.0143
Car -1 -1 -7.9702 783.3821 168.8034 815.2592 193.0362 1.6088 1.6733 3.9598 13.0363 1.3396 49.9792 -7.7168 0.0142
Pedestrian -1 -1 -4.4295 10.4299 193.5425 31.1007 224.0825 1.8927 0.8448 0.7409 -37.5176 3.2233 45.9087 -5.1120 0.0140
Car -1 -1 -5.4236 264.9406 175.1991 379.8850 227.4796 1.9152 1.6802 4.4847 -11.3773 2.0129 28.3739 -5.8021 0.0138
Car -1 -1 -2.1736 148.8985 175.7303 193.8147 194.0093 1.6464 1.6752 3.8607 -40.7744 1.9195 67.0347 -2.7185 0.0138
Car -1 -1 -7.8927 789.7347 168.6015 817.1330 193.2880 1.6342 1.6607 4.0305 13.3084 1.3524 49.9125 -7.6340 0.0133
Car -1 -1 -7.7738 792.5785 170.1477 822.7596 193.9132 1.5678 1.6938 4.1360 13.6550 1.3890 49.8329 -7.5082 0.0131
Pedestrian -1 -1 -4.5926 1080.5391 162.1075 1104.0974 211.6686 1.7192 0.6269 0.6057 16.9743 1.3461 25.4622 -4.0102 0.0127
Car -1 -1 -4.8625 4.4549 191.9563 48.3625 222.4096 1.8081 1.6587 4.0379 -38.3098 3.1123 47.2958 -5.5407 0.0123
Car -1 -1 -3.2492 1036.2390 165.4334 1115.3567 191.3802 1.5540 1.5989 3.9721 28.8080 1.1093 44.8142 -2.6811 0.0123
Car -1 -1 -7.8925 170.2600 175.8327 193.1703 194.2859 1.6622 1.6979 4.1797 -40.3606 1.9515 67.9266 -8.4271 0.0122
Car -1 -1 -4.6456 0.0000 193.4101 36.2727 222.9452 1.7228 1.6553 3.9760 -38.6844 3.1245 47.1110 -5.3305 0.0117
Car -1 -1 -5.1283 153.8867 176.2067 193.8175 194.6548 1.6560 1.6662 4.1261 -40.7250 1.9772 67.3152 -5.6708 0.0117
Car -1 -1 -4.4202 281.6206 179.0043 357.7894 222.7208 1.5498 1.6306 4.1560 -11.3262 1.8091 28.3208 -4.7977 0.0109
Car -1 -1 -4.6972 0.0000 198.1771 23.3983 225.5128 1.6185 1.8025 4.3574 -41.1764 3.4232 49.1706 -5.3918 0.0106
Car -1 -1 -4.2369 384.9183 181.3036 446.6186 214.0108 1.4874 1.5854 3.3238 -9.5430 1.9242 35.5314 -4.4978 0.0099
Car -1 -1 -2.3859 141.3530 176.0464 193.6437 194.2149 1.6370 1.7114 4.0533 -40.9143 1.9373 66.7042 -2.9345 0.0090
Car -1 -1 -4.6125 0.0000 197.0961 31.4190 225.1498 1.6717 1.8118 4.4673 -41.0698 3.4115 49.4331 -5.3032 0.0077
Car -1 -1 -7.8417 19.6010 192.1107 53.7194 222.2729 1.7982 1.7083 3.8008 -37.8334 3.1232 47.6313 -8.5104 0.0075
Car -1 -1 -4.9252 157.9468 175.9001 191.1030 195.5844 1.7631 1.7820 4.3407 -40.7803 2.0570 67.4971 -5.4671 0.0054
Car -1 -1 -4.4079 270.5594 185.5015 341.2424 223.1123 1.4393 1.6472 4.0964 -13.0672 2.0220 31.1479 -4.8025 0.0053
Car -1 -1 -7.2968 365.2681 180.1128 436.1461 216.5513 1.5989 1.5417 3.6580 -9.9481 1.9647 34.4164 -7.5765 0.0052
Car -1 -1 -2.3427 0.0000 192.4873 77.8609 221.9656 1.8231 1.7507 4.4607 -37.6821 3.1417 47.3163 -3.0126 0.0049
Car -1 -1 -7.6549 19.3053 189.9065 66.7773 220.9510 1.8712 1.7759 3.6499 -37.4858 3.0473 47.7491 -8.3179 0.0048
Car -1 -1 -4.7744 672.9663 173.4896 696.6218 195.9050 1.5189 1.4147 3.8581 5.2194 1.5653 50.9601 -4.6733 0.0043
Pedestrian -1 -1 -7.4746 1226.5570 147.5984 1241.0000 216.7870 1.6205 0.4884 0.2442 14.9803 1.0287 17.1725 -6.7659 0.0040
Car -1 -1 -7.4923 375.6327 180.1750 434.2759 214.7181 1.5186 1.5517 3.4578 -9.7123 1.8841 34.2683 -7.7669 0.0036
Pedestrian -1 -1 -4.3801 1217.6670 146.6546 1241.0000 218.3050 1.6887 0.5518 0.2468 14.9167 1.0709 17.3056 -3.6773 0.0036
Car -1 -1 -4.4571 0.0000 190.3714 44.8511 216.4518 1.6443 1.7869 4.1890 -41.5655 2.9332 50.8249 -5.1402 0.0034
Car -1 -1 -4.4698 0.0000 196.1392 14.5795 221.5642 1.4674 1.8116 3.9923 -41.2343 3.0819 47.8462 -5.1785 0.0033
Car -1 -1 -4.3475 268.3804 182.7363 325.3580 210.4018 1.4125 1.6111 3.9373 -17.4347 1.9912 40.2697 -4.7540 0.0032
Car -1 -1 -7.7167 391.3066 180.8817 436.8654 214.0326 1.5317 1.6865 3.9693 -9.8623 1.9596 36.4165 -7.9798 0.0032
Car -1 -1 -4.4875 282.9378 184.0699 344.0832 220.6195 1.4441 1.6374 4.0090 -13.0667 1.9726 31.9128 -4.8735 0.0030
Car -1 -1 -4.4838 0.7516 190.4486 46.9296 214.0187 1.4998 1.6860 3.9573 -41.6115 2.8021 51.2687 -5.1632 0.0030
Car -1 -1 -4.4134 0.0000 196.6961 8.8836 221.7368 1.4248 1.7053 3.9243 -41.1817 3.0570 47.2671 -5.1275 0.0029
Pedestrian -1 -1 -2.9380 255.4335 180.6170 263.3362 199.4603 1.6661 0.7599 0.4925 -31.4009 2.3652 64.5786 -3.3892 0.0029
Car -1 -1 -7.0620 185.3150 170.4618 244.8628 193.6948 2.0569 2.0324 4.7502 -36.3081 1.8448 66.4479 -7.5606 0.0029
Car -1 -1 -2.5693 355.6094 180.5866 438.2034 213.7545 1.5499 1.6525 3.5883 -10.5442 1.9453 35.6214 -2.8555 0.0029
Pedestrian -1 -1 -4.5444 1215.1409 148.9886 1241.0000 219.4003 1.6607 0.5039 0.2458 14.8001 1.0975 17.2896 -3.8450 0.0027
Car -1 -1 -2.6549 348.4406 180.0558 436.6868 212.5441 1.5075 1.6402 3.7929 -10.6131 1.8699 35.1720 -2.9463 0.0026
Car -1 -1 -2.3066 360.8169 181.9115 435.9291 212.9350 1.4364 1.5668 3.6221 -10.6033 1.9079 35.9652 -2.5917 0.0024
Pedestrian -1 -1 -4.2123 1224.8472 147.1591 1241.0000 219.3220 1.6833 0.5241 0.2592 14.9226 1.0837 17.1223 -3.5040 0.0023
Cyclist -1 -1 -8.0847 256.3417 181.7383 265.0106 199.2863 1.5503 0.3566 1.5694 -31.5907 2.3617 65.1991 -8.5345 0.0022
Cyclist -1 -1 -8.2050 250.8225 180.4505 261.9038 198.2777 1.5722 0.3593 1.6253 -31.8425 2.2627 64.9167 -8.6596 0.0021
Car -1 -1 -7.4071 387.0031 182.1237 451.0552 214.1284 1.4683 1.7103 3.6014 -9.5367 1.9572 36.1501 -7.6636 0.0017
Cyclist -1 -1 -8.2913 252.2887 179.8774 265.1126 199.1115 1.7012 0.3807 1.6394 -31.6568 2.3398 64.9674 -8.7433 0.0015
Car -1 -1 -4.9156 879.9866 165.3361 906.3857 183.3471 1.7252 1.6342 4.0383 27.9031 1.0048 71.2418 -4.5439 0.0014
Pedestrian -1 -1 -4.2411 1217.4114 147.1732 1241.0000 220.6622 1.7179 0.5115 0.2486 14.7580 1.1173 17.1508 -3.5391 0.0013
Car -1 -1 -3.8629 182.3123 170.9595 239.2274 192.8501 1.9445 1.9614 4.3845 -36.7408 1.7759 66.4867 -4.3662 0.0013
Cyclist -1 -1 -8.0527 254.8972 180.7278 263.1124 199.5053 1.6494 0.3790 1.4767 -31.4852 2.3625 64.6717 -8.5044 0.0008
Pedestrian -1 -1 -3.0162 257.3640 180.0592 264.5228 199.1508 1.6888 0.7075 0.4916 -31.2477 2.3372 64.5497 -3.4657 0.0006
Cyclist -1 -1 -2.2080 250.0537 179.7675 265.8796 198.4243 1.6450 0.4454 1.5396 -31.5347 2.2689 64.5842 -2.6608 0.0006
Car -1 -1 -7.2665 183.4270 170.5323 232.3717 190.7500 1.8067 1.9192 4.2400 -37.1063 1.5989 66.6696 -7.7728 0.0005
