Car -1 -1 -7.8021 886.6552 176.5318 981.1855 260.9588 1.5569 1.6570 3.6682 6.9663 1.6458 15.4915 -7.3873 0.9981
Car -1 -1 -4.5319 768.7747 175.3900 818.5204 208.5853 1.5172 1.7019 3.9168 9.0288 1.6490 35.4392 -4.2849 0.9957
Car -1 -1 -4.5386 818.7445 176.3350 854.2996 198.9028 1.5016 1.7074 4.1816 16.0013 1.7580 50.9525 -4.2364 0.8861
Car -1 -1 -7.7861 883.2592 177.0002 979.9905 261.4819 1.5618 1.6819 3.7705 6.9877 1.6630 15.6017 -7.3728 0.8817
Car -1 -1 -4.5618 816.7794 176.3913 851.2262 198.7689 1.4769 1.7133 4.1377 15.7012 1.7354 50.5616 -4.2628 0.8586
Car -1 -1 -7.7789 886.9417 176.2582 984.3137 260.1142 1.5589 1.6669 3.8794 7.1159 1.6426 15.6877 -7.3608 0.8421
Car -1 -1 -4.5294 770.0958 174.6877 819.7769 209.0028 1.5667 1.6601 4.0442 9.0737 1.6618 35.3598 -4.2807 0.8170
Car -1 -1 -4.5707 766.2424 175.2050 815.2534 209.0750 1.5505 1.7800 4.2216 8.9423 1.6738 35.6387 -4.3273 0.6937
Car -1 -1 -4.4364 818.1263 175.9602 860.5343 198.8422 1.5248 1.7188 4.4573 16.2350 1.7543 51.0488 -4.1306 0.6302
Car -1 -1 -4.4689 815.6394 175.2050 853.7816 198.0139 1.5118 1.6898 3.7601 15.6620 1.6820 50.2917 -4.1691 0.5899
Car -1 -1 -4.4901 819.7101 176.4160 857.2677 199.1862 1.5081 1.6285 4.2578 16.0743 1.7694 50.7412 -4.1854 0.5681
Car -1 -1 -4.5366 762.8467 175.5206 815.3860 209.8589 1.5524 1.8137 4.0647 8.7494 1.6904 35.1907 -4.2954 0.4908
Car -1 -1 -4.2959 815.6829 176.2559 866.1263 198.9592 1.5118 1.7095 4.5486 16.3285 1.7626 50.9965 -3.9881 0.4727
Car -1 -1 -4.4477 766.0200 176.2744 820.8859 210.1423 1.5199 1.6933 3.5763 8.8386 1.6937 34.7529 -4.2012 0.4669
Car -1 -1 -4.6219 817.1096 175.4942 848.4477 198.2045 1.5203 1.7487 4.3473 15.8111 1.7159 51.1909 -4.3244 0.4615
Car -1 -1 -4.3937 814.3914 175.5828 854.1141 198.3429 1.5007 1.6754 3.3073 15.4848 1.6959 49.8483 -4.0945 0.3782
Car -1 -1 -4.2153 814.1299 176.4210 864.0844 198.7603 1.4867 1.6584 3.9619 16.0697 1.7464 50.6224 -3.9100 0.3646
Car -1 -1 -4.1905 810.9277 175.9739 866.0027 198.2552 1.4893 1.7435 4.4216 16.1393 1.7186 50.9658 -3.8859 0.3531
Car -1 -1 -4.4228 821.0769 176.9993 862.8957 198.7721 1.4408 1.6499 4.3197 16.3573 1.7456 50.8532 -4.1137 0.3457
Car -1 -1 -4.6874 822.6469 174.1494 848.6709 198.0078 1.6219 1.6801 4.2930 16.1400 1.7184 51.6033 -4.3863 0.2402
Car -1 -1 -7.7717 891.6402 182.1129 972.6486 248.6870 1.4487 1.5794 4.3853 8.3612 1.7173 18.6462 -7.3568 0.2347
Pedestrian -1 -1 -7.5411 936.8831 178.8601 967.3051 243.3678 1.6553 0.5924 0.5277 8.9498 1.8163 18.9838 -7.1073 0.1359
Car -1 -1 -4.7550 970.1813 171.1534 999.6630 196.1203 1.7106 1.6825 4.0823 26.7585 1.5938 51.6424 -4.2796 0.1340
Car -1 -1 -4.6904 972.5233 171.9392 1000.1157 196.1515 1.6628 1.6772 4.2325 27.0192 1.5996 51.8106 -4.2124 0.1017
Car -1 -1 -6.7922 873.7872 182.4634 1022.5114 237.4889 1.4182 1.6179 3.3461 9.1925 1.6950 19.8688 -6.3651 0.0735
Car -1 -1 -7.7735 908.0048 181.9864 976.9958 240.5901 1.4460 1.5176 3.1147 9.2476 1.7217 20.0727 -7.3480 0.0612
Car -1 -1 -6.4459 889.0699 182.9072 1039.8997 240.5367 1.4267 1.5394 3.4408 9.4040 1.7151 19.5023 -6.0031 0.0554
Pedestrian -1 -1 -6.2129 710.4386 168.6284 725.0692 203.8796 1.8313 0.5720 0.7221 5.6141 1.6115 37.8406 -6.0672 0.0551
Car -1 -1 -4.8980 972.2189 174.4056 1011.4357 197.9548 1.5534 1.7100 3.8046 26.3390 1.6650 49.9388 -4.4154 0.0515
Car -1 -1 -2.9495 852.5524 181.5838 996.0128 240.5060 1.4553 1.5023 3.4041 8.5688 1.7144 19.8624 -2.5483 0.0510
Car -1 -1 -6.1485 902.0591 184.1264 1054.4004 244.6919 1.4242 1.5339 3.4398 9.6941 1.7483 19.1628 -5.6870 0.0451
Pedestrian -1 -1 -7.3349 923.4050 179.2739 959.0098 244.2794 1.6685 0.6805 0.5319 8.6849 1.8414 19.0365 -6.9135 0.0428
Car -1 -1 -6.3145 916.8760 182.3299 1081.8446 243.2802 1.4472 1.5616 3.7064 10.1281 1.7177 19.1088 -5.8341 0.0424
Pedestrian -1 -1 -6.1246 712.1765 170.5201 726.8391 204.6374 1.7721 0.5863 0.6780 5.7085 1.6505 37.8585 -5.9766 0.0423
Car -1 -1 -7.4446 891.9184 181.1225 1003.9045 240.5785 1.4899 1.5926 3.5614 9.5299 1.7433 20.3569 -7.0129 0.0422
Car -1 -1 -6.1078 911.8405 184.7262 1067.2399 245.3846 1.3959 1.4933 3.3959 9.8236 1.7326 18.8600 -5.6346 0.0379
Car -1 -1 -7.5541 907.8365 181.4196 1005.3508 235.7110 1.3320 1.5230 3.3961 9.6200 1.5905 20.0269 -7.1126 0.0343
Car -1 -1 -2.8743 831.1636 180.8760 985.0386 241.0905 1.5009 1.5973 3.6974 8.2469 1.7448 20.2060 -2.4926 0.0338
Car -1 -1 -4.8292 970.4782 175.3107 1004.3706 198.6323 1.5335 1.6386 3.7160 26.0218 1.7100 49.8985 -4.3513 0.0308
Car -1 -1 -3.2188 900.6076 183.6356 1060.9410 242.2413 1.4027 1.4937 3.6614 9.6382 1.7092 19.1518 -2.7594 0.0244
Car -1 -1 -5.0776 970.4545 174.3094 1018.6470 197.6304 1.5324 1.6676 3.7892 26.3572 1.6362 49.6382 -4.5923 0.0243
Car -1 -1 -8.0305 891.8442 175.1495 987.0631 238.0582 1.6134 1.7007 4.5319 9.4188 1.6879 21.0833 -7.6162 0.0192
Car -1 -1 -7.7887 916.9490 181.8819 983.9598 239.3604 1.4162 1.4978 3.5804 9.5917 1.6942 20.3143 -7.3538 0.0179
Car -1 -1 -7.9784 900.4186 179.8505 980.9694 239.7820 1.4984 1.5973 3.5945 9.2124 1.7153 20.4465 -7.5611 0.0163
Car -1 -1 -4.7253 952.1970 172.8496 979.6043 196.6092 1.6634 1.7274 3.6915 25.8534 1.6628 52.5536 -4.2707 0.0158
Car -1 -1 -7.5439 907.7214 181.1016 1005.3636 239.0571 1.4383 1.4558 3.6104 9.7261 1.6901 20.2387 -7.1022 0.0137
Car -1 -1 -7.8719 914.7560 180.6688 980.8962 239.0899 1.4545 1.5604 3.5536 9.4404 1.6964 20.4233 -7.4451 0.0134
Car -1 -1 -4.7733 948.2627 172.7932 979.0731 196.7495 1.6747 1.7746 3.7090 25.6553 1.6701 52.4917 -4.3213 0.0109
Car -1 -1 -7.8972 913.5261 180.3365 984.4636 240.6859 1.4978 1.6098 4.1473 9.5586 1.7350 20.6833 -7.4704 0.0096
Cyclist -1 -1 -8.0429 934.4692 179.3009 970.4906 242.6596 1.5856 0.5674 1.5256 8.9619 1.7625 19.0301 -7.6095 0.0085
Car -1 -1 -1.8821 0.0000 190.7313 39.8214 374.0000 1.3120 1.6235 3.8417 -5.3692 1.4465 4.0019 -2.7802 0.0070
Car -1 -1 -1.7920 0.0000 193.8031 78.9850 374.0000 1.3022 1.6549 4.0068 -4.9956 1.4656 3.9723 -2.6582 0.0069
Car -1 -1 -4.5646 907.1708 175.8025 954.2675 204.9250 1.3750 1.6158 4.0966 16.3021 1.5334 36.6696 -4.1497 0.0069
Car -1 -1 -4.7831 897.6874 173.2500 939.5084 203.6629 1.4778 1.6753 4.1740 15.8759 1.4992 37.3639 -4.3845 0.0060
Car -1 -1 -4.9175 900.8683 173.0759 947.3157 199.5638 1.4403 1.6431 3.9961 17.9133 1.4534 41.3923 -4.5120 0.0057
Car -1 -1 -4.6989 905.0297 174.3397 941.9557 204.2460 1.4187 1.6321 4.0337 15.8819 1.4983 36.6194 -4.2930 0.0055
Car -1 -1 -5.1444 1003.1603 178.0035 1111.6322 221.4435 1.4876 1.7087 4.6425 16.9376 1.7020 27.6803 -4.6004 0.0054
Car -1 -1 -4.9120 891.4221 174.8958 943.1643 204.3298 1.3952 1.6264 4.0290 15.4847 1.5046 36.6320 -4.5153 0.0054
Cyclist -1 -1 -7.8855 576.1659 164.7322 585.8673 199.1119 1.6189 0.4089 1.7866 -1.4479 1.2362 34.8822 -7.9271 0.0052
Car -1 -1 -4.5449 910.0637 172.0116 953.5538 199.5501 1.4877 1.6402 3.9349 18.3175 1.4419 41.0731 -4.1284 0.0051
Car -1 -1 -4.7747 910.7834 175.3582 951.9882 204.2498 1.3398 1.6089 3.9431 15.9154 1.4717 35.9580 -4.3614 0.0050
Car -1 -1 -4.5562 906.8521 171.7753 949.6066 198.9562 1.4828 1.6582 4.0123 18.3030 1.4237 41.4993 -4.1437 0.0050
Car -1 -1 -4.8361 908.9218 173.4039 949.3077 199.2395 1.3803 1.6082 3.7816 17.8954 1.4125 40.6760 -4.4246 0.0049
Car -1 -1 -5.0088 1008.5603 178.3313 1093.9960 219.2037 1.4101 1.6317 4.1027 16.7455 1.6364 27.6665 -4.4697 0.0044
Car -1 -1 -1.9419 0.0000 165.9506 0.0000 374.0000 1.4211 1.6295 3.8750 -5.6366 1.3973 3.7104 -2.8971 0.0039
Car -1 -1 -4.5548 914.4892 174.1914 956.7588 199.8578 1.4203 1.6553 4.0559 19.0909 1.5024 42.3026 -4.1338 0.0038
Car -1 -1 -4.8959 1004.5222 178.1644 1073.7838 219.9835 1.4686 1.5456 4.1912 16.5850 1.6919 28.1404 -4.3684 0.0037
Pedestrian -1 -1 -6.4685 808.1064 169.8030 817.3704 190.6931 1.8330 0.7433 0.6602 17.8754 1.5650 63.7098 -6.1965 0.0036
Car -1 -1 -4.6225 910.9531 174.5972 947.1353 199.9627 1.4045 1.6134 3.8586 18.7072 1.5114 42.3157 -4.2092 0.0036
Cyclist -1 -1 -7.5498 808.5665 170.0880 818.1492 190.3297 1.7739 0.3311 1.6892 18.0279 1.5312 64.0325 -7.2768 0.0035
Car -1 -1 -4.6889 916.7838 174.3527 948.3044 199.4203 1.4015 1.6252 3.8757 19.0783 1.4942 42.6907 -4.2715 0.0035
Car -1 -1 -4.7667 905.7213 173.0335 940.1851 199.0345 1.4487 1.6278 3.8647 18.2719 1.4595 42.3263 -4.3620 0.0035
Car -1 -1 -4.8169 1015.5637 177.1323 1080.4233 220.0253 1.4786 1.6606 4.0741 16.5544 1.6544 27.5087 -4.2804 0.0034
Cyclist -1 -1 -7.8456 983.1437 173.0761 989.7673 202.5485 1.6283 0.3246 1.4617 21.1466 1.6407 40.5975 -7.3687 0.0029
Car -1 -1 -4.9711 1005.8480 180.5712 1087.7461 220.5766 1.3966 1.6866 4.2334 16.9765 1.7235 28.3297 -4.4363 0.0028
Cyclist -1 -1 -7.5295 810.0229 170.7890 820.2776 191.0280 1.7738 0.3377 1.7538 18.1942 1.5925 64.0566 -7.2543 0.0025
Cyclist -1 -1 -7.4997 807.9171 169.1469 818.7029 190.0803 1.8307 0.3468 1.7222 17.9871 1.5062 63.9016 -7.2268 0.0024
Car -1 -1 -4.4506 844.1805 172.4443 876.9794 192.4205 1.7326 1.7439 4.2795 22.5255 1.6968 64.8425 -4.1180 0.0023
Cyclist -1 -1 -8.0357 924.6910 178.7777 960.6758 243.1519 1.6054 0.5784 1.5220 8.6671 1.7673 18.9510 -7.6133 0.0023
Car -1 -1 -4.9147 1011.1109 180.1288 1075.6429 217.3096 1.3226 1.4437 3.6480 16.9209 1.6283 28.3925 -4.3822 0.0022
Cyclist -1 -1 -7.9025 983.2969 172.3497 994.9303 202.0098 1.6214 0.4908 1.5874 21.1131 1.5935 40.2671 -7.4230 0.0020
Car -1 -1 -4.8269 1011.6808 177.9447 1072.0332 215.5211 1.3935 1.6394 3.9823 17.5189 1.6165 29.4944 -4.2958 0.0019
Car -1 -1 -4.9742 829.8244 174.4346 859.2076 192.8897 1.6082 1.6009 3.7279 21.0992 1.7547 65.1042 -4.6625 0.0018
Cyclist -1 -1 -7.8231 984.1277 172.8286 991.8514 201.2688 1.5652 0.3460 1.4099 21.1342 1.5635 40.4088 -7.3445 0.0018
Car -1 -1 -4.5747 839.3075 173.3151 865.8196 193.2541 1.7314 1.6953 4.3418 21.8857 1.7742 65.0830 -4.2520 0.0014
Car -1 -1 -4.4172 839.3041 172.8130 873.2683 192.9376 1.7501 1.7295 4.2896 22.1916 1.7463 64.9946 -4.0899 0.0014
Car -1 -1 -4.8999 1005.0220 177.4559 1078.7020 219.7684 1.5282 1.7091 4.3756 17.1438 1.7273 28.9178 -4.3697 0.0014
Pedestrian -1 -1 -4.0277 129.1189 203.9753 188.0730 310.8010 1.2059 0.3558 0.5015 -5.4130 1.5872 8.5759 -4.5772 0.0013
Car -1 -1 -4.7827 837.4365 173.1751 861.5352 193.1648 1.7363 1.7399 4.4852 21.5573 1.7661 65.1367 -4.4648 0.0013
Car -1 -1 -4.4551 840.5043 172.8775 871.2443 191.4073 1.6134 1.7236 3.7556 22.1061 1.6152 64.8700 -4.1283 0.0012
Car -1 -1 -4.9109 831.5242 172.9908 862.1909 193.2781 1.7630 1.7478 4.5717 21.2993 1.7755 65.1056 -4.5964 0.0010
Cyclist -1 -1 -6.9780 853.3729 170.6875 876.0234 193.7279 2.0147 0.6949 1.8792 22.4790 1.8249 63.7467 -6.6408 0.0010
Pedestrian -1 -1 -4.3982 374.2269 185.0138 399.9391 243.7760 1.1747 0.3918 0.4157 -4.5978 1.4260 14.7219 -4.6964 0.0009
Pedestrian -1 -1 -4.3020 441.4748 184.9127 469.0785 251.8714 1.2845 0.3913 0.4310 -3.0913 1.5254 14.1817 -4.5135 0.0008
Pedestrian -1 -1 -6.2327 1017.1989 168.4467 1029.3856 209.8722 1.5108 0.5365 0.3673 15.2146 1.3498 26.6404 -5.7189 0.0007
Pedestrian -1 -1 -4.8287 965.9892 190.8110 996.7031 286.0220 1.4449 0.3603 0.5612 5.8034 1.7363 11.3970 -4.3691 0.0005
Pedestrian -1 -1 -4.4031 373.3954 185.2663 400.7046 246.8864 1.2562 0.4398 0.4051 -4.6833 1.5175 14.9975 -4.7014 0.0004
Pedestrian -1 -1 -6.8628 980.9161 170.4150 998.6578 199.3699 1.5934 0.6960 0.5850 21.0552 1.4588 40.0806 -6.3825 0.0003
Pedestrian -1 -1 -4.1470 362.1042 176.9007 390.1133 246.6616 1.4305 0.4241 0.3693 -4.9307 1.5160 15.0549 -4.4589 0.0002
Cyclist -1 -1 -7.4715 366.4478 175.5742 414.0977 244.9372 1.3707 0.4240 1.4926 -4.6216 1.4302 15.0810 -7.7646 0.0002
