Car -1 -1 -8.0255 671.6356 173.5926 763.3936 246.4238 1.6237 1.6447 3.4494 2.5044 1.6435 17.8741 -7.8895 0.9999
Car -1 -1 -4.4843 389.6580 183.3504 477.5217 242.5576 1.5290 1.6718 3.8441 -5.1259 1.8658 21.2444 -4.7189 0.9999
Car -1 -1 -7.3346 0.0000 175.8750 325.6506 374.0000 1.7837 1.6826 4.1461 -4.5744 1.8230 7.3534 -7.8756 0.9997
Car -1 -1 -4.5450 480.9388 181.2538 527.0641 213.4499 1.5090 1.6539 4.2840 -5.4226 1.9658 37.1048 -4.6896 0.9841
Car -1 -1 -7.7810 629.3840 175.5908 654.0775 196.7457 1.6301 1.7149 3.8663 2.5613 1.8580 58.1405 -7.7376 0.8905
Car -1 -1 -4.4861 392.3280 183.7345 478.9415 242.5310 1.5211 1.6551 3.8162 -5.0785 1.8706 21.2870 -4.7181 0.8498
Car -1 -1 -7.7778 630.3220 175.3905 655.0422 196.2454 1.6067 1.7001 3.9276 2.6385 1.8180 58.1406 -7.7331 0.8424
Car -1 -1 -8.6367 996.2859 190.2944 1241.0000 374.0000 1.5212 1.5313 3.2981 2.6150 1.6112 2.0497 -7.7987 0.8213
Cyclist -1 -1 -4.5747 537.8565 174.5412 552.7169 208.6881 1.7879 0.5501 1.8466 -3.5096 1.8805 38.8063 -4.6648 0.8032
Cyclist -1 -1 -4.7092 538.8458 175.3645 549.0255 208.7551 1.7469 0.5327 1.8136 -3.5907 1.8849 38.8159 -4.8013 0.7923
Car -1 -1 -4.5394 479.4298 181.5221 525.7271 213.4497 1.4951 1.6541 4.1791 -5.4884 1.9652 37.0447 -4.6859 0.7821
Car -1 -1 -8.5726 976.1365 200.0162 1241.0000 374.0000 1.5139 1.4629 3.1857 2.4878 1.6567 2.1633 -7.7836 0.7749
Car -1 -1 -8.8482 0.0000 0.0000 1241.0000 374.0000 1.5591 1.6392 3.7840 2.7440 1.6067 1.7849 -7.9276 0.7657
Car -1 -1 -4.4247 524.0115 179.4746 557.9508 199.6745 1.4680 1.5600 3.9577 -5.3331 1.9999 55.9008 -4.5198 0.7600
Car -1 -1 -4.3298 524.9141 179.6334 563.8164 199.6795 1.4532 1.6009 4.0730 -5.0722 1.9992 55.9614 -4.4201 0.7098
Car -1 -1 -8.5660 967.8102 200.1074 1241.0000 374.0000 1.4719 1.5141 3.2124 2.5687 1.6217 2.3254 -7.7927 0.7076
Car -1 -1 -4.5326 482.0448 180.9900 528.4769 213.3614 1.5170 1.6487 4.0624 -5.3329 1.9561 36.9083 -4.6756 0.7069
Car -1 -1 -7.7397 492.8289 180.9024 531.2932 210.1150 1.5088 1.6873 4.0140 -5.4681 1.9818 40.4056 -7.8739 0.6837
Car -1 -1 -8.6059 0.0000 0.0000 1241.0000 374.0000 1.4792 1.5043 3.3917 2.4274 1.6191 1.7042 -7.7261 0.6621
Car -1 -1 -7.8049 631.3756 175.4178 653.5250 196.4026 1.6170 1.6106 3.4417 2.5989 1.8286 57.8254 -7.7606 0.6263
Cyclist -1 -1 -4.7774 552.5878 175.2571 565.8342 208.3963 1.7437 0.5913 1.8810 -2.7972 1.8767 39.0775 -4.8489 0.6224
Cyclist -1 -1 -4.6414 550.4670 174.8705 564.0287 208.2559 1.7599 0.6019 1.9069 -2.8883 1.8715 39.1043 -4.7152 0.5928
Car -1 -1 -7.8039 629.1430 175.4325 651.9670 196.6333 1.6352 1.6584 3.5971 2.4553 1.8487 57.9714 -7.7622 0.5871
Car -1 -1 -4.4014 523.5561 178.6211 557.0723 199.2171 1.4980 1.5865 3.4332 -5.3400 1.9550 55.3601 -4.4975 0.5864
Car -1 -1 -4.5037 479.1523 181.8504 526.1940 214.2029 1.5087 1.6482 3.5733 -5.4129 1.9863 36.5011 -4.6504 0.5728
Car -1 -1 -4.5914 484.3895 180.9904 525.0528 213.0877 1.5211 1.5664 4.4649 -5.4598 1.9700 37.5848 -4.7351 0.5377
Car -1 -1 -9.0813 0.0000 0.0000 1238.6873 374.0000 1.5305 1.5944 4.0381 2.8633 1.6127 1.5613 -8.0870 0.5312
Car -1 -1 -4.2636 525.4753 178.7009 563.7271 199.3435 1.5015 1.5629 3.5094 -5.0211 1.9663 55.4852 -4.3539 0.5311
Car -1 -1 -7.8234 492.8754 180.1175 525.0837 209.5138 1.5251 1.6705 3.9510 -5.6622 1.9532 40.5019 -7.9619 0.4732
Car -1 -1 -8.9221 0.0000 0.0000 1241.0000 374.0000 1.5252 1.5953 4.0580 2.6008 1.6552 1.3853 -7.9266 0.4711
Car -1 -1 -4.6353 493.5821 180.2547 527.4928 210.5157 1.5439 1.5627 3.7521 -5.4614 1.9702 39.6707 -4.7717 0.4561
Car -1 -1 -4.5255 522.8176 179.9985 552.4950 200.3059 1.4743 1.5754 3.9850 -5.5913 2.0476 55.8799 -4.6252 0.4407
Car -1 -1 -4.2549 525.7900 179.0553 569.5582 199.1135 1.4531 1.6612 4.2881 -4.8130 1.9537 55.9910 -4.3406 0.4369
Car -1 -1 -4.6659 490.9544 180.4315 523.8846 210.2900 1.5206 1.6179 3.9290 -5.6510 1.9597 39.8080 -4.8065 0.3795
Car -1 -1 -7.8112 628.6444 175.7409 651.1767 196.7574 1.6191 1.6475 4.1844 2.4231 1.8608 58.3327 -7.7704 0.3689
Car -1 -1 -7.6147 494.2335 180.6738 540.0119 209.8374 1.5072 1.6468 3.9941 -5.1880 1.9681 40.4797 -7.7419 0.3425
Car -1 -1 -4.2475 526.7924 178.6144 568.7548 199.8738 1.5444 1.5925 4.0339 -4.7910 2.0065 55.7594 -4.3333 0.3238
Car -1 -1 -7.8865 494.7866 178.8014 526.4702 208.7868 1.5754 1.6409 3.8705 -5.6906 1.9280 40.7672 -8.0248 0.3193
Car -1 -1 -7.8939 627.5706 175.8543 650.3047 196.7685 1.6140 1.6719 3.7763 2.2743 1.8632 58.1154 -7.8554 0.3102
Car -1 -1 -4.4968 520.4402 179.3953 550.7568 199.9126 1.4857 1.6177 3.3974 -5.6828 2.0016 55.1604 -4.5994 0.2905
Car -1 -1 -8.4848 911.7790 205.3673 1241.0000 374.0000 1.4745 1.4303 3.1376 2.1344 1.6463 2.2007 -7.7801 0.2836
Car -1 -1 -5.2740 0.0000 0.0000 1241.0000 374.0000 1.4513 1.5406 3.3696 2.1168 1.6372 1.5922 -4.4338 0.2800
Car -1 -1 -7.7275 495.2086 179.0988 532.6533 208.8312 1.5680 1.6345 3.7529 -5.4104 1.9364 40.7221 -7.8592 0.2770
Car -1 -1 -5.6156 0.0000 0.0000 1241.0000 374.0000 1.4968 1.6000 3.8344 2.3342 1.6897 1.2243 -4.6237 0.2607
Cyclist -1 -1 -4.3978 543.9341 174.9647 565.1746 208.7489 1.7716 0.6042 1.8421 -3.0172 1.8880 38.9229 -4.4752 0.1950
Car -1 -1 -5.5501 670.8387 174.0371 723.7736 194.4701 1.5126 1.6287 3.9854 6.6745 1.6070 55.6855 -5.4318 0.1199
Car -1 -1 -5.3561 672.8059 174.0960 721.9964 194.7838 1.5134 1.6152 4.0613 6.6126 1.6119 55.2054 -5.2379 0.1010
Car -1 -1 -4.7351 522.5529 179.7146 544.3309 200.1080 1.4811 1.5813 3.8065 -5.9684 2.0297 55.7316 -4.8417 0.0821
Car -1 -1 -5.1504 673.6844 174.0242 714.8196 194.7416 1.5135 1.6054 3.9025 6.3547 1.6059 55.0553 -5.0365 0.0726
Car -1 -1 -5.4752 669.7816 174.8516 718.8296 195.1788 1.5013 1.6063 3.7516 6.4407 1.6605 55.6584 -5.3610 0.0703
Cyclist -1 -1 -8.5740 1044.3582 156.9917 1241.0000 374.0000 1.6988 0.5468 1.7100 2.2626 1.6626 2.5017 -7.8965 0.0699
Car -1 -1 -7.3502 771.9503 217.4555 1241.0000 374.0000 1.4710 1.6019 3.4822 2.4156 1.6970 2.3415 -6.6111 0.0565
Car -1 -1 -4.3575 673.0464 174.9373 710.5087 194.7999 1.5133 1.6307 4.1742 6.5482 1.6859 57.6713 -4.2454 0.0522
Car -1 -1 -4.6806 672.0972 174.9575 693.1061 194.7220 1.5224 1.5642 3.9063 5.8411 1.6973 58.0511 -4.5812 0.0487
Car -1 -1 -6.8571 941.1668 210.0264 1241.0000 374.0000 1.5063 1.7101 4.2867 3.1318 1.6820 1.7771 -5.8724 0.0433
Car -1 -1 -7.3391 797.1484 216.6315 1241.0000 374.0000 1.4749 1.6132 3.6050 2.4964 1.6695 2.0105 -6.5162 0.0416
Cyclist -1 -1 -4.3747 757.3988 174.3002 786.1027 220.0503 1.5812 0.5434 1.4892 5.7387 1.6341 25.7627 -4.1586 0.0370
Car -1 -1 -6.9957 922.6502 212.5766 1241.0000 374.0000 1.4801 1.7229 3.8705 3.0982 1.6622 2.0807 -6.0808 0.0355
Cyclist -1 -1 -8.5308 994.0216 184.5160 1241.0000 374.0000 1.6186 0.4925 1.6801 2.0091 1.6727 2.5098 -7.9123 0.0353
Car -1 -1 -4.5719 671.2417 174.3559 699.4327 194.8386 1.5795 1.7001 4.1655 6.0850 1.7050 58.1944 -4.4686 0.0256
Car -1 -1 -4.5114 664.7442 175.7368 694.4131 195.8031 1.5364 1.6312 3.8990 5.5951 1.7761 57.9525 -4.4161 0.0252
Car -1 -1 -4.8857 669.2567 174.7866 699.1987 194.9427 1.5362 1.7022 3.9674 5.8407 1.6952 57.4245 -4.7852 0.0236
Car -1 -1 -4.6624 675.0083 174.9847 697.3402 194.6614 1.5077 1.5877 4.0085 6.1089 1.6845 57.8463 -4.5581 0.0210
Car -1 -1 -4.8730 665.8793 176.2891 693.5241 196.1821 1.5200 1.6428 3.5380 5.5026 1.8025 57.5806 -4.7787 0.0174
Car -1 -1 -5.1555 666.9682 174.7150 703.7341 194.2000 1.4709 1.4802 3.5750 5.8642 1.6220 56.7678 -5.0534 0.0166
Car -1 -1 -5.4399 667.4837 175.7502 714.4304 194.6332 1.4068 1.5308 3.7505 6.2574 1.6405 56.3321 -5.3302 0.0147
Pedestrian -1 -1 -4.4674 782.6999 175.0543 803.0483 227.5523 1.4196 0.4552 0.4228 4.9768 1.4807 19.8292 -4.2257 0.0136
Car -1 -1 -6.2883 631.3730 175.7759 686.5743 196.8338 1.6326 1.7482 4.3012 3.8455 1.8681 57.2236 -6.2220 0.0136
Car -1 -1 -4.7714 675.7227 174.3409 700.7621 194.4852 1.5368 1.7291 4.1801 6.1698 1.6593 57.4872 -4.6654 0.0133
Pedestrian -1 -1 -4.8559 797.2932 168.9543 822.4053 224.4362 1.6069 0.6439 0.4908 5.8121 1.4936 21.1794 -4.5923 0.0115
Car -1 -1 -5.2136 661.1208 178.1225 701.0850 197.4125 1.4390 1.4788 3.8233 5.5482 1.8698 56.9914 -5.1175 0.0114
Pedestrian -1 -1 -6.3545 682.2605 168.4839 687.5637 203.0516 1.9382 0.4149 0.2673 4.1841 1.6929 40.6678 -6.2532 0.0099
Car -1 -1 -5.1145 656.1862 176.6990 692.3635 196.1620 1.4760 1.5181 3.7534 5.0595 1.7931 57.5362 -5.0276 0.0075
Car -1 -1 -4.3910 642.3735 174.7612 688.6987 200.3497 1.5364 1.7546 4.0346 3.5438 1.6631 45.8514 -4.3149 0.0067
Car -1 -1 -4.7431 612.1619 173.5497 636.6586 196.9834 1.5206 1.5307 3.9411 0.9114 1.5694 48.9189 -4.7250 0.0065
Car -1 -1 -4.9766 611.8353 172.6509 650.1024 196.9133 1.5612 1.6248 3.7977 1.3320 1.5478 48.4649 -4.9497 0.0057
Car -1 -1 -4.7678 662.7598 175.7530 686.2438 195.7721 1.5383 1.6607 3.8005 5.1202 1.7784 57.9260 -4.6805 0.0057
Car -1 -1 -4.2672 637.8427 176.0442 691.1120 200.8796 1.4904 1.7062 4.3290 3.5074 1.7045 46.1927 -4.1924 0.0055
Car -1 -1 -4.1435 629.9600 174.6251 691.5753 200.7089 1.5633 1.6468 4.6944 3.2579 1.6816 45.9423 -4.0736 0.0053
Car -1 -1 -4.6818 612.0762 174.6014 637.1089 198.1284 1.4830 1.5421 3.9703 0.9675 1.6034 47.8027 -4.6622 0.0046
Car -1 -1 -4.6226 604.3650 174.7457 633.5798 198.3670 1.5023 1.5942 4.1918 0.6098 1.6346 48.4019 -4.6106 0.0045
Car -1 -1 -4.7637 606.4495 175.4333 630.4990 197.7962 1.4557 1.4419 3.8176 0.5163 1.6387 49.3510 -4.7538 0.0044
Car -1 -1 -4.6963 657.6104 176.0163 684.6946 199.5558 1.4176 1.6478 3.7277 3.8820 1.6270 45.9092 -4.6129 0.0038
Car -1 -1 -4.4544 648.5209 177.4523 687.4886 201.6568 1.4633 1.6106 3.7038 3.7364 1.7716 46.4015 -4.3750 0.0032
Pedestrian -1 -1 -6.5090 558.7714 173.7267 569.0994 201.6732 2.0627 0.5930 0.6496 -3.4563 2.1277 53.6555 -6.5735 0.0031
Car -1 -1 -6.4729 0.0000 0.0000 1241.0000 374.0000 1.6064 1.6273 3.7672 -5.3753 1.7608 1.1541 -7.7820 0.0030
Car -1 -1 -6.5913 0.0000 0.0000 1241.0000 374.0000 1.5593 1.5813 3.5739 -3.8518 1.6415 1.2924 -7.7739 0.0030
Car -1 -1 -6.5340 0.0000 0.0000 1241.0000 374.0000 1.5696 1.6243 3.7158 -4.2263 1.6788 1.1131 -7.7855 0.0030
Car -1 -1 -6.5141 0.0000 0.0000 1241.0000 374.0000 1.5670 1.6220 3.7278 -4.6070 1.6915 1.1456 -7.7839 0.0030
Car -1 -1 -6.5298 0.0000 0.0000 1241.0000 374.0000 1.5503 1.5983 3.6351 -4.9894 1.6856 1.4207 -7.7714 0.0030
Car -1 -1 -4.2262 640.1505 177.5559 688.6070 199.8734 1.3467 1.5146 3.7910 3.5030 1.6618 46.3932 -4.1518 0.0029
Cyclist -1 -1 -7.6048 613.9236 173.6450 628.2022 195.1444 1.7659 0.6886 2.1573 0.9115 1.8331 60.4781 -7.5903 0.0022
Car -1 -1 -7.6387 613.2651 172.9334 638.0019 190.1693 1.5096 1.5086 3.5645 1.4153 1.5167 65.1233 -7.6174 0.0021
Cyclist -1 -1 -7.5106 782.8433 167.4022 820.0290 224.4805 1.5678 0.5110 1.6506 5.4417 1.4177 20.6448 -7.2570 0.0017
Car -1 -1 -7.6044 616.2689 172.5873 643.2644 190.2990 1.5477 1.5615 3.7375 1.7896 1.5241 65.0606 -7.5774 0.0017
Pedestrian -1 -1 -5.5719 396.8854 176.3069 417.4722 218.2228 1.7342 0.7375 0.4653 -8.5733 1.8812 30.3562 -5.8453 0.0016
Car -1 -1 -7.7460 611.0653 172.3607 632.5224 189.7321 1.5220 1.5573 3.6319 1.0673 1.4785 65.1177 -7.7301 0.0015
Pedestrian -1 -1 -4.5033 791.0465 167.5943 813.9803 215.8579 1.6747 0.6949 0.4940 6.7347 1.4919 25.4127 -4.2477 0.0014
Pedestrian -1 -1 -6.2764 687.5970 169.5550 702.5903 223.7865 1.6850 0.5892 0.4632 2.6336 1.5822 22.7384 -6.1632 0.0013
Cyclist -1 -1 -7.5686 615.0264 173.3165 629.5347 194.6959 1.7495 0.7092 1.8821 1.0053 1.7884 60.0932 -7.5524 0.0008
