Pedestrian -1 -1 -5.2114 986.2740 163.2979 1070.3789 294.7287 1.7605 0.6820 0.8583 5.7725 1.6322 10.0965 -4.7054 0.8738
Pedestrian -1 -1 -3.2694 742.7852 171.6651 757.5565 217.3085 1.9073 0.5819 0.5399 5.8701 1.8573 30.4570 -3.0815 0.7867
Cyclist -1 -1 -8.2322 677.4051 172.9532 699.7215 206.5340 1.8942 0.7005 1.6911 4.4831 1.8997 41.6136 -8.1262 0.7451
Cyclist -1 -1 -8.1521 679.8240 172.8494 700.2401 206.1422 1.8801 0.6743 1.7805 4.5753 1.8795 41.6835 -8.0441 0.7078
Car -1 -1 -5.4027 1181.0951 178.1676 1241.0000 205.0178 1.5285 1.7716 4.3913 37.5203 1.8696 44.1519 -4.7020 0.6982
Cyclist -1 -1 -5.0222 860.2086 169.9383 891.8444 222.4082 1.6152 0.5119 1.4661 8.3982 1.5251 22.9529 -4.6762 0.6609
Pedestrian -1 -1 -3.1616 742.0793 171.8012 757.7806 217.8416 1.9241 0.5898 0.6372 5.8672 1.8798 30.4975 -2.9739 0.5904
Pedestrian -1 -1 -5.1373 859.8234 168.9926 891.1381 221.4716 1.6346 0.6431 0.8336 8.3747 1.5140 22.9153 -4.7916 0.5700
Pedestrian -1 -1 -4.6837 1129.5570 152.9625 1181.4510 268.3885 1.7876 0.6524 0.4900 8.6874 1.4793 11.5682 -4.0522 0.5658
Car -1 -1 -5.4131 1178.6384 176.7317 1241.0000 204.6696 1.6084 1.6775 4.3149 37.4214 1.8578 44.2991 -4.7153 0.5459
Car -1 -1 -5.4361 1188.7745 176.6442 1241.0000 203.3748 1.5100 1.7096 4.3404 37.5273 1.7500 43.5612 -4.7286 0.5159
Cyclist -1 -1 -5.1150 855.5329 169.2879 890.6680 223.1939 1.6662 0.5088 1.4738 8.3407 1.5557 23.0538 -4.7725 0.4871
Pedestrian -1 -1 -4.7788 1125.1392 154.1638 1180.5574 270.8539 1.8171 0.6735 0.5108 8.6807 1.5258 11.6315 -4.1504 0.4810
Car -1 -1 -5.4418 1191.6094 176.2382 1241.0000 203.5736 1.5575 1.7026 3.7320 37.3823 1.7699 43.4642 -4.7351 0.4685
Car -1 -1 -5.4267 1175.2251 176.9465 1241.0000 202.6652 1.4853 1.6658 4.4690 37.5445 1.7509 44.6355 -4.7310 0.4585
Car -1 -1 -5.4189 1172.0287 175.9079 1241.0000 202.6543 1.5609 1.6162 4.3174 37.3552 1.7593 44.7751 -4.7272 0.4375
Car -1 -1 -5.4454 1182.3766 179.2388 1241.0000 205.4861 1.4820 1.7551 4.4528 37.6290 1.8918 44.0886 -4.7425 0.4215
Cyclist -1 -1 -4.8963 865.4549 168.3489 892.0121 222.4533 1.6678 0.5417 1.3658 8.4898 1.5286 22.9594 -4.5468 0.3357
Pedestrian -1 -1 -5.7914 727.0701 173.0944 740.2211 196.6192 1.8913 0.5441 0.9010 9.9993 1.9106 58.5086 -5.6234 0.2941
Pedestrian -1 -1 -4.9036 864.8567 168.4057 890.8387 220.8705 1.6351 0.6349 0.7655 8.4508 1.4962 22.9155 -4.5550 0.2741
Car -1 -1 -5.3308 1178.9097 173.1805 1241.0000 202.7282 1.7259 1.6306 4.0876 37.2011 1.7466 44.2916 -4.6358 0.2608
Pedestrian -1 -1 -6.3714 728.8387 173.1865 740.6306 196.8537 1.9072 0.5278 0.8972 10.0760 1.9340 58.4529 -6.2019 0.2274
Pedestrian -1 -1 -8.5943 726.6000 173.5451 737.9460 196.3185 1.8356 0.5887 0.7029 9.9098 1.8919 58.6397 -8.4282 0.2212
Pedestrian -1 -1 -4.9146 867.5239 168.0462 893.2833 221.8973 1.6701 0.6117 0.7885 8.4932 1.5207 22.8125 -4.5630 0.2008
Pedestrian -1 -1 -5.6307 673.5671 174.6268 686.4431 198.5107 1.8574 0.6028 0.8063 5.4713 1.9976 56.6813 -5.5354 0.1334
Pedestrian -1 -1 -6.4455 729.8196 173.7252 739.3253 196.9510 1.8772 0.6373 0.6661 10.0998 1.9482 58.6637 -6.2763 0.0894
Pedestrian -1 -1 -3.1273 727.6356 173.3156 738.7451 197.2967 1.9220 0.6118 0.8763 9.9157 1.9592 58.2231 -2.9598 0.0758
Pedestrian -1 -1 -7.8301 1107.6262 176.5269 1127.2521 220.9694 1.7824 0.6437 0.7269 20.7049 1.9348 29.5015 -7.2233 0.0668
Pedestrian -1 -1 -7.1322 675.7363 174.4646 689.2706 197.8033 1.8147 0.6248 0.8927 5.6717 1.9422 56.7104 -7.0334 0.0530
Pedestrian -1 -1 -6.4171 674.8368 174.6517 686.4414 198.3247 1.8430 0.6198 0.8287 5.5061 1.9844 56.5477 -6.3210 0.0500
Pedestrian -1 -1 -6.4478 676.9089 174.7055 688.9797 198.1850 1.8265 0.6284 0.8483 5.6845 1.9722 56.5256 -6.3485 0.0419
Pedestrian -1 -1 -6.5882 778.2773 169.5065 794.7913 207.9902 1.7948 0.6411 0.5883 8.2713 1.6383 33.9901 -6.3520 0.0298
Car -1 -1 -5.2595 1151.4518 175.2038 1219.5876 198.9792 1.4758 1.6115 4.0387 37.6004 1.6364 47.3063 -4.5912 0.0283
Pedestrian -1 -1 -6.3825 775.0167 168.4061 788.8198 208.1449 1.8507 0.6211 0.5705 8.0439 1.6432 33.9479 -6.1523 0.0277
Cyclist -1 -1 -3.7447 851.4097 168.9751 900.9851 221.9574 1.6527 0.5249 1.4373 8.4138 1.5314 22.9432 -3.3979 0.0218
Pedestrian -1 -1 -6.2177 778.5267 170.3400 792.5375 207.1490 1.7207 0.7198 0.6015 8.2720 1.6029 34.1623 -5.9826 0.0185
Cyclist -1 -1 -7.8042 785.9105 171.0448 795.1184 206.0856 1.6405 0.3579 1.5400 8.6116 1.5555 34.5680 -7.5625 0.0149
Pedestrian -1 -1 -6.5949 782.7325 168.8913 799.2211 206.2123 1.7389 0.6290 0.5860 8.4713 1.5540 33.9529 -6.3529 0.0095
Car -1 -1 -4.7550 360.2875 180.3231 389.1325 203.0477 1.4363 1.6964 4.2448 -16.1718 1.9709 49.3906 -5.0701 0.0088
Car -1 -1 -4.7247 359.4969 179.7250 386.6616 202.7490 1.4474 1.6811 4.2213 -16.1393 1.9352 48.9842 -5.0417 0.0083
Cyclist -1 -1 -7.8245 786.5962 171.3152 795.2798 206.7783 1.6459 0.3605 1.5717 8.5627 1.5742 34.2935 -7.5823 0.0082
Car -1 -1 -4.7586 361.6589 178.8519 391.3474 202.3086 1.4986 1.7402 4.4491 -16.1537 1.9313 49.7059 -5.0715 0.0077
Car -1 -1 -3.4627 1077.4647 166.4433 1216.7451 208.4525 1.8982 1.9222 4.9499 25.3112 1.6083 34.2747 -2.8310 0.0072
Cyclist -1 -1 -8.0729 777.9582 171.3295 794.9463 207.5718 1.6689 0.4054 1.7346 8.2866 1.5984 34.0959 -7.8370 0.0057
Car -1 -1 -4.9139 667.0664 179.1651 702.7238 201.3504 1.4125 1.6242 4.0847 5.0323 1.8615 49.2547 -4.8131 0.0056
Car -1 -1 -4.9510 665.2335 178.5319 702.9070 201.2368 1.4708 1.6630 4.0903 5.0462 1.8804 49.9510 -4.8513 0.0048
Car -1 -1 -4.7099 677.3217 178.3402 702.8292 201.2137 1.4526 1.6487 4.0648 5.3984 1.8406 48.9474 -4.6012 0.0048
Car -1 -1 -4.7656 676.1746 178.5527 703.6387 201.5298 1.4819 1.6518 4.0506 5.4247 1.8898 49.6266 -4.6578 0.0047
Car -1 -1 -3.3682 888.2115 191.5437 938.0187 210.1566 1.5401 1.6589 3.7350 26.4466 3.2036 63.1028 -2.9737 0.0045
Car -1 -1 -4.8650 1113.0336 167.9518 1150.7429 190.1704 1.5564 1.6560 3.7823 37.9637 1.2127 52.6028 -4.2428 0.0041
Car -1 -1 -3.2518 878.0284 189.7996 934.9102 209.5953 1.6270 1.8224 4.4377 25.9360 3.1486 63.3215 -2.8653 0.0040
Car -1 -1 -4.6845 1116.7500 166.4047 1148.1843 190.6643 1.6987 1.7569 4.2274 38.1826 1.2468 52.7378 -4.0607 0.0038
Car -1 -1 -5.1200 1094.9362 166.6599 1150.4659 190.9901 1.7169 1.7636 4.2937 37.6842 1.2795 53.1992 -4.5065 0.0036
Car -1 -1 -3.3672 891.4346 188.9145 947.7275 209.2735 1.6946 1.6760 4.2571 27.0244 3.1267 63.1495 -2.9651 0.0035
Car -1 -1 -4.9730 1103.2262 166.0272 1148.0747 189.0356 1.6198 1.7228 3.8647 37.7158 1.1389 52.9085 -4.3565 0.0035
Cyclist -1 -1 -8.3674 670.4888 174.8372 687.5016 197.8910 1.7842 0.5271 1.7794 5.4071 1.9429 56.9203 -8.2737 0.0033
Cyclist -1 -1 -8.4393 670.7188 174.9174 688.4789 198.5886 1.8263 0.5020 1.7530 5.4352 1.9908 56.7162 -8.3447 0.0032
Car -1 -1 -8.0811 1103.1243 166.4560 1147.2043 189.7267 1.6398 1.7003 4.3009 37.8528 1.1887 53.1571 -7.4652 0.0032
Car -1 -1 -6.5285 1057.8226 164.5960 1191.8290 208.4445 1.9956 1.8786 4.9142 24.4792 1.6194 34.5941 -5.9171 0.0031
Car -1 -1 -4.7279 1168.0986 170.4804 1199.0844 191.6391 1.4710 1.6778 4.0022 41.4702 1.3057 52.2614 -4.0600 0.0030
Car -1 -1 -4.7445 1186.2866 170.8028 1219.7809 192.5001 1.4632 1.6761 3.9520 41.6223 1.3246 50.7380 -4.0605 0.0030
Car -1 -1 -4.7329 1172.4651 170.6272 1204.0167 191.9127 1.4675 1.6699 3.9956 41.4700 1.3137 51.8421 -4.0612 0.0030
Car -1 -1 -4.7968 1241.0000 172.8749 1241.0000 197.2150 1.4749 1.6853 3.9688 41.5920 1.4760 45.8167 -4.0631 0.0030
Car -1 -1 -4.7649 1210.3647 170.6510 1241.0000 193.3297 1.4619 1.6681 3.9428 41.5853 1.3196 48.5847 -4.0601 0.0030
Car -1 -1 -4.7599 1205.9723 170.5526 1241.0000 193.1554 1.4705 1.6808 3.9513 41.6441 1.3205 49.0224 -4.0589 0.0030
Car -1 -1 -9.0178 0.0000 0.0000 1241.0000 374.0000 1.5412 1.5902 3.5716 4.6661 1.5879 1.2752 -7.7718 0.0030
Car -1 -1 -4.7757 1220.0365 172.1164 1241.0000 195.1452 1.4586 1.6683 3.9439 41.5876 1.4116 47.7768 -4.0627 0.0030
Car -1 -1 -4.7548 1200.7737 169.7384 1236.1934 192.1324 1.4692 1.6704 3.9499 41.5888 1.2645 49.4142 -4.0583 0.0030
Car -1 -1 -9.0369 0.0000 0.0000 1241.0000 374.0000 1.5495 1.5887 3.5599 5.0420 1.5899 1.2985 -7.7723 0.0030
Car -1 -1 -4.7885 1234.5303 172.8308 1241.0000 196.6146 1.4688 1.6804 3.9501 41.6145 1.4671 46.6404 -4.0634 0.0030
Car -1 -1 -4.7800 1224.9592 172.7045 1241.0000 196.0906 1.4695 1.6792 3.9491 41.6292 1.4598 47.4177 -4.0629 0.0030
Car -1 -1 -4.7933 1239.4767 172.7872 1241.0000 196.7058 1.4630 1.6740 3.9516 41.5751 1.4587 46.2153 -4.0641 0.0030
Car -1 -1 -4.7851 1229.6361 172.7587 1241.0000 196.2457 1.4623 1.6710 3.9501 41.5897 1.4561 47.0013 -4.0640 0.0030
Car -1 -1 -4.7159 1160.1227 168.6457 1190.1409 189.9725 1.5063 1.6855 3.9992 41.4981 1.2088 53.0590 -4.0550 0.0030
Car -1 -1 -4.7384 1177.1548 171.5704 1209.4470 192.8401 1.4570 1.6728 3.9690 41.5650 1.3687 51.5112 -4.0625 0.0030
Car -1 -1 -4.7207 1164.4963 168.8057 1194.7073 190.2416 1.5011 1.6770 3.9957 41.4699 1.2173 52.6235 -4.0562 0.0030
Car -1 -1 -4.7484 1191.1052 170.6700 1225.2050 192.5793 1.4628 1.6693 3.9565 41.5796 1.3167 50.2536 -4.0603 0.0030
Car -1 -1 -4.7428 1181.8778 171.5810 1214.7520 193.0142 1.4553 1.6662 3.9584 41.5639 1.3686 51.0721 -4.0628 0.0030
Car -1 -1 -9.0513 0.0000 0.0000 1241.0000 374.0000 1.5351 1.5952 3.5873 5.4400 1.5922 1.3408 -7.7727 0.0030
Car -1 -1 -4.7705 1215.5024 172.0152 1241.0000 194.9830 1.4682 1.6803 3.9495 41.6378 1.4143 48.2043 -4.0613 0.0030
Car -1 -1 -4.8022 1241.0000 172.9229 1241.0000 197.3103 1.4631 1.6749 3.9562 41.5702 1.4673 45.3819 -4.0641 0.0030
Car -1 -1 -3.4368 884.9037 189.5786 939.1710 208.5448 1.5867 1.7803 4.0500 26.4578 3.0801 63.3585 -3.0435 0.0028
Cyclist -1 -1 -4.3646 30.3013 181.1898 59.3622 214.4663 1.4704 0.6069 1.3889 -25.8863 1.8602 33.0142 -5.0258 0.0028
Car -1 -1 -5.0038 897.7144 190.3906 927.0786 206.9333 1.3466 1.5398 3.1843 26.7330 2.9403 63.9227 -4.6099 0.0026
Car -1 -1 -5.1097 901.2475 190.4708 935.5671 208.0535 1.4303 1.5898 3.3982 27.2086 3.0293 63.8051 -4.7089 0.0026
Car -1 -1 -5.0271 888.5438 190.6778 919.1658 206.7962 1.3073 1.5480 3.3464 26.0276 2.9319 64.0551 -4.6433 0.0024
Car -1 -1 -5.1232 1104.8463 169.3450 1161.1890 193.2171 1.6475 1.7458 4.1888 37.5956 1.4050 52.0277 -4.5004 0.0024
Car -1 -1 -6.3900 887.3421 189.1023 940.8214 208.7643 1.6089 1.6751 4.1237 26.3603 3.0524 62.7275 -5.9945 0.0024
Car -1 -1 -5.1651 891.3189 190.2834 927.2165 207.5316 1.4024 1.6492 3.2908 26.3914 2.9837 63.7813 -4.7750 0.0023
Car -1 -1 -4.4714 385.1399 178.0847 422.1031 201.8063 1.6179 1.6758 3.9193 -14.8752 2.0096 52.0785 -4.7486 0.0022
Car -1 -1 -8.0349 1088.1873 168.7498 1131.1249 193.4462 1.7481 1.7938 4.6442 36.9850 1.4573 53.5582 -7.4334 0.0020
Car -1 -1 -8.0863 1084.9594 169.8441 1125.7640 192.4198 1.6036 1.6028 3.9681 36.5651 1.3895 53.3915 -7.4886 0.0019
Car -1 -1 -4.6812 391.1360 179.1860 417.2238 202.8339 1.6138 1.6998 4.1772 -15.0137 2.0954 52.6694 -4.9579 0.0019
Car -1 -1 -8.3176 1086.4886 168.2600 1143.9639 191.3811 1.6379 1.6549 4.4499 37.2929 1.3122 53.4339 -7.7111 0.0019
Car -1 -1 -4.6219 392.0234 179.5273 420.1805 203.3073 1.6208 1.6101 4.0596 -14.8311 2.1261 52.5245 -4.8961 0.0018
Car -1 -1 -4.5265 393.4319 179.9125 425.0724 203.6217 1.6184 1.5321 3.8184 -14.5632 2.1499 52.3905 -4.7967 0.0017
Car -1 -1 -6.3472 887.8761 188.0605 947.5195 208.7410 1.6868 1.7918 4.6661 26.7077 3.0449 62.8406 -5.9476 0.0015
Car -1 -1 -5.2037 1094.6051 167.8957 1153.3795 191.7976 1.6711 1.7267 4.1401 37.3566 1.3241 52.6065 -4.5891 0.0011
Pedestrian -1 -1 -7.2310 740.0112 173.5508 753.2323 202.6350 1.8702 0.6388 0.5564 8.8351 1.9155 46.8395 -7.0462 0.0009
Pedestrian -1 -1 -7.6067 742.7678 173.4684 754.6907 202.5476 1.8695 0.6296 0.6146 8.9692 1.9095 46.8176 -7.4191 0.0008
