Car -1 -1 -7.5276 500.7288 172.3318 567.8730 209.0165 1.5528 1.7402 4.4052 -2.9841 1.1650 32.7494 -7.6228 0.9930
Car -1 -1 -7.8100 585.4748 172.5312 615.2792 198.0005 1.3994 1.5718 3.8432 -0.0234 0.9068 41.4195 -7.8155 0.9911
Car -1 -1 -4.1901 326.4688 177.7959 394.9322 206.9688 1.4650 1.6656 4.0458 -12.7286 1.2792 38.2211 -4.5145 0.9742
Car -1 -1 -7.6271 562.6311 168.8315 591.8906 188.5448 1.5684 1.6535 3.6032 -1.9312 0.5603 59.0759 -7.6645 0.8795
Car -1 -1 -7.5831 563.1097 168.4510 594.6400 188.7731 1.6150 1.6310 3.8930 -1.7968 0.5779 59.1712 -7.6182 0.7820
Car -1 -1 -7.5237 501.2320 173.5135 567.4190 208.7707 1.4889 1.7059 4.2918 -2.9750 1.1520 32.6207 -7.6190 0.7698
Car -1 -1 -7.8115 586.7155 172.2050 616.0214 197.9785 1.4144 1.5499 3.6796 0.0312 0.9045 41.2897 -7.8157 0.7350
Car -1 -1 -4.0810 327.1320 178.4044 397.7551 207.0723 1.4378 1.6036 3.8404 -12.6044 1.2827 38.0996 -4.4035 0.6794
Car -1 -1 -4.1962 324.6133 178.4531 392.8347 207.1704 1.4435 1.6734 4.0398 -12.8429 1.2905 38.2484 -4.5231 0.6748
Car -1 -1 -7.7153 585.0688 172.7276 620.9786 198.7006 1.4262 1.5679 3.9138 0.1360 0.9446 41.4888 -7.7170 0.6362
Car -1 -1 -7.6709 562.2985 168.7498 589.8937 189.0111 1.6126 1.6288 3.7770 -2.0289 0.5977 59.1573 -7.7100 0.6231
Car -1 -1 -7.8486 585.1280 172.0336 613.7737 198.6243 1.4639 1.5771 3.9734 -0.1184 0.9429 41.5338 -7.8564 0.6107
Car -1 -1 -7.8498 584.8322 171.2303 614.1790 198.0958 1.4719 1.6080 3.6770 -0.1169 0.9094 41.1980 -7.8576 0.5473
Car -1 -1 -7.8009 585.9156 169.6930 616.7547 197.4572 1.5163 1.5954 3.5367 0.0292 0.8716 41.0359 -7.8051 0.5397
Car -1 -1 -7.5134 562.8588 168.4956 596.4163 188.6217 1.5959 1.6435 3.6479 -1.7300 0.5646 58.9469 -7.5475 0.5007
Car -1 -1 -7.5588 562.2941 168.3663 593.0189 188.5278 1.5954 1.6007 3.4123 -1.8886 0.5560 58.6960 -7.5957 0.4713
Car -1 -1 -7.6980 562.2692 169.4821 588.3040 189.2963 1.5739 1.6205 3.5423 -2.0905 0.6191 58.9118 -7.7382 0.4521
Car -1 -1 -4.1132 322.4062 178.8683 391.7456 207.7451 1.4355 1.6419 3.7208 -12.7632 1.3049 37.7224 -4.4424 0.4458
Car -1 -1 -7.1149 326.8741 179.4520 398.8756 208.2666 1.4368 1.5676 3.6264 -12.4910 1.3349 37.7936 -7.4371 0.4384
Pedestrian -1 -1 -6.2408 835.6180 144.2786 942.9878 325.6401 1.7743 0.4601 1.0017 2.9175 1.4109 7.4341 -5.8844 0.3914
Car -1 -1 -3.5148 152.1328 185.9466 229.2111 212.8681 1.5517 1.6418 3.7649 -25.1294 1.8367 44.0391 -4.0359 0.3658
Car -1 -1 -4.3682 326.8546 178.6046 385.1234 207.0677 1.4393 1.6621 4.1258 -13.0428 1.2931 38.3974 -4.6986 0.3547
Car -1 -1 -4.4942 337.2664 178.0559 384.7278 206.3424 1.4411 1.5704 4.1893 -12.9083 1.2658 38.7623 -4.8186 0.3312
Car -1 -1 -4.4360 614.1212 168.4900 643.1926 186.3514 1.5293 1.5644 3.9838 2.4759 0.4152 63.6381 -4.4021 0.2492
Car -1 -1 -4.1418 312.0770 179.9399 383.1621 208.5661 1.3985 1.7220 3.7405 -13.0399 1.3225 37.1100 -4.4826 0.2444
Car -1 -1 -5.9722 0.0000 187.2900 11.2926 304.6097 1.5143 1.6224 3.9172 -11.8372 1.6176 11.0865 -6.7839 0.2369
Pedestrian -1 -1 -3.1456 818.6236 154.1005 925.2032 330.1591 1.7350 0.4495 1.0056 2.7364 1.4657 7.4546 -2.8108 0.2245
Car -1 -1 -6.6836 0.0000 187.4550 20.2069 320.9018 1.5194 1.6200 4.0087 -11.3158 1.6252 10.5323 -7.4979 0.2206
Car -1 -1 -2.3394 0.0000 190.2176 28.8967 286.7941 1.4488 1.6384 3.9725 -12.0536 1.6024 11.7673 -3.1311 0.2129
Car -1 -1 -5.6815 0.0000 188.9591 17.4480 294.0916 1.4747 1.5885 3.7006 -11.8846 1.6054 11.3826 -6.4823 0.1943
Car -1 -1 -4.2098 46.6088 185.8428 132.6670 222.0653 1.4428 1.5228 3.4869 -21.9002 1.6407 30.8672 -4.8280 0.1939
Car -1 -1 -2.1450 0.0000 190.0943 31.8480 286.9288 1.4386 1.6489 4.0890 -12.1317 1.5994 12.1378 -2.9247 0.1898
Car -1 -1 -4.1995 42.6247 185.5325 128.1214 221.0756 1.4212 1.5103 3.4107 -22.1125 1.6050 30.9032 -4.8217 0.1755
Car -1 -1 -2.9212 0.0000 188.3649 12.3313 311.3195 1.5158 1.6299 4.0678 -11.6760 1.6376 10.8717 -3.7357 0.1444
Car -1 -1 -2.3341 22.5774 185.4291 126.5755 220.4598 1.4274 1.5538 3.5405 -22.4139 1.6008 30.5814 -2.9676 0.1370
Car -1 -1 -4.3201 614.6374 167.4857 649.4626 186.2165 1.6029 1.6323 4.1713 2.7836 0.4034 63.7065 -4.2815 0.1318
Car -1 -1 -4.5741 328.3333 178.9931 373.3399 207.7073 1.4484 1.7403 4.0566 -13.3327 1.3222 38.3946 -4.9112 0.1242
Car -1 -1 -3.8633 43.8751 183.8317 147.3992 219.6026 1.4435 1.5836 3.4941 -21.8170 1.5509 31.1157 -4.4759 0.1222
Car -1 -1 -2.6824 0.0000 189.6577 28.5970 295.1132 1.4301 1.5989 3.8083 -11.7222 1.5752 11.3389 -3.4783 0.1174
Pedestrian -1 -1 -6.7225 707.7773 160.6682 716.6329 199.3990 1.9177 0.4720 0.2577 5.5143 0.8865 35.8305 -6.5759 0.1130
Car -1 -1 -2.0540 0.0000 190.5502 34.8564 287.8883 1.4323 1.6136 3.9173 -11.9045 1.6041 12.2088 -2.8215 0.1092
Car -1 -1 -2.5095 0.0000 185.0323 20.3284 291.8416 1.5217 1.6633 4.2498 -12.2653 1.5848 11.5096 -3.3207 0.1091
Car -1 -1 -7.7024 615.1895 167.4312 641.2205 187.1001 1.6895 1.6824 4.4996 2.4563 0.4808 64.0697 -7.6691 0.1044
Car -1 -1 -2.7411 22.5888 185.4167 131.9566 221.4581 1.4610 1.6559 3.3845 -22.2325 1.6345 30.5687 -3.3709 0.1022
Car -1 -1 -6.5546 151.1208 187.8134 233.1182 213.8168 1.4881 1.6971 4.0735 -25.1027 1.8941 44.1438 -7.0742 0.0985
Car -1 -1 -2.2824 0.0000 186.7582 24.7798 285.2564 1.4835 1.6532 4.2973 -12.3302 1.5781 11.8765 -3.0809 0.0982
Car -1 -1 -7.5413 41.5866 186.4295 112.7289 221.6451 1.3984 1.5555 3.2043 -22.3971 1.6221 30.7834 -8.1714 0.0972
Car -1 -1 -7.7612 614.7346 169.4975 635.2220 186.4461 1.4502 1.5028 3.5312 2.1288 0.4230 63.3081 -7.7326 0.0936
Car -1 -1 -5.9420 0.2021 185.0112 118.7057 222.3518 1.4915 1.5286 3.6824 -22.7083 1.6457 30.2135 -6.5875 0.0934
Car -1 -1 -4.4910 45.3382 188.6000 109.1361 225.9306 1.4256 1.4190 3.5290 -21.8659 1.7417 30.0547 -5.1209 0.0919
Car -1 -1 -6.0216 0.0000 185.9441 117.0844 223.4308 1.4717 1.5702 4.0091 -22.8310 1.6671 30.0408 -6.6724 0.0901
Pedestrian -1 -1 -3.7522 703.6450 162.0095 713.3289 200.0869 1.8857 0.4781 0.2462 5.3307 0.9207 35.8428 -3.6107 0.0852
Car -1 -1 -4.5020 41.2000 188.3406 106.0664 225.4561 1.4286 1.5222 3.4110 -22.1259 1.7343 30.2036 -5.1352 0.0830
Car -1 -1 -7.7295 613.3300 168.7904 636.2159 186.7293 1.5405 1.5704 3.9695 2.1320 0.4488 63.7681 -7.7011 0.0827
Car -1 -1 -7.2455 41.1017 185.4417 131.9955 220.6154 1.4158 1.5238 3.3949 -22.1307 1.5956 31.0025 -7.8666 0.0776
Car -1 -1 -7.8392 612.3983 169.3618 630.2114 187.0925 1.5238 1.5311 3.7957 1.8086 0.4804 63.6615 -7.8158 0.0694
Car -1 -1 -4.2455 0.0000 188.5218 20.4489 314.7489 1.4567 1.5720 3.9763 -10.5400 1.5824 10.6595 -5.0184 0.0635
Car -1 -1 -6.5841 156.1796 187.1549 227.7652 212.9726 1.4911 1.5465 3.5184 -25.0944 1.8525 44.0945 -7.1040 0.0593
Car -1 -1 -2.7837 16.0804 187.6108 130.3901 224.6629 1.4710 1.4864 3.5689 -22.0661 1.7377 30.1144 -3.4170 0.0565
Car -1 -1 -3.0394 19.6413 185.6584 127.0918 222.9478 1.4719 1.5659 3.5084 -22.1492 1.6564 30.2643 -3.6722 0.0546
Car -1 -1 -1.8690 37.1056 184.8008 113.0534 220.6355 1.4383 1.5891 3.7810 -22.6992 1.5888 30.9201 -2.5033 0.0546
Pedestrian -1 -1 -3.0879 812.9575 157.5063 908.3171 323.9282 1.6969 0.3820 0.9361 2.7129 1.4529 7.6743 -2.7645 0.0532
Car -1 -1 -3.9739 375.1494 170.3080 425.6647 195.4724 1.9007 1.7005 3.8119 -15.7008 1.0553 56.3420 -4.2494 0.0486
Car -1 -1 -6.6724 152.4487 187.6540 224.0286 213.3992 1.4827 1.6322 3.4521 -25.3362 1.8768 44.1256 -7.1962 0.0464
Cyclist -1 -1 -7.6980 155.6304 176.2916 191.1981 249.8448 1.6546 0.4637 1.7251 -10.1721 1.5380 17.0460 -8.2346 0.0413
Car -1 -1 -7.9264 607.5745 168.6427 629.6765 187.4100 1.6115 1.6552 3.9202 1.5253 0.5072 63.6820 -7.9074 0.0375
Car -1 -1 -6.0422 1.0540 186.8117 120.4632 225.1794 1.5093 1.4515 3.7559 -22.5197 1.7422 30.0502 -6.6862 0.0373
Car -1 -1 -2.9705 0.0000 187.7202 108.2272 224.7612 1.4319 1.4962 3.6932 -22.8080 1.7034 29.7991 -3.6246 0.0326
Car -1 -1 -7.7032 7.9075 175.7819 67.9029 217.5634 1.7664 1.6581 3.1836 -25.1713 1.5249 32.1623 -8.3684 0.0213
Car -1 -1 -7.6091 6.6592 175.9927 74.4670 217.6971 1.7614 1.6315 3.3704 -25.0766 1.5291 32.2106 -8.2717 0.0210
Car -1 -1 -4.3486 0.0000 177.5558 29.5202 220.6032 1.6968 1.6689 4.1310 -26.1872 1.5417 30.5410 -5.0582 0.0183
Car -1 -1 -6.7013 0.0000 180.6440 82.0398 213.3284 1.7131 1.7156 3.9999 -31.4755 1.6685 39.8208 -7.3720 0.0105
Car -1 -1 -7.0020 0.0000 179.1824 83.7533 211.9188 1.7159 1.6488 3.8452 -31.0257 1.5946 39.6936 -7.6672 0.0100
Car -1 -1 -7.0411 0.0000 178.5801 89.5183 211.9942 1.7345 1.7246 4.1793 -30.6847 1.5831 39.4828 -7.7036 0.0098
Car -1 -1 -4.6074 9.3414 174.6680 64.3955 217.8868 1.8140 1.6079 3.1235 -25.0196 1.5275 31.8997 -5.2736 0.0097
Pedestrian -1 -1 -3.6463 1187.4369 132.1648 1237.0000 279.7747 1.6433 0.4401 0.4236 7.0582 1.0947 8.2516 -2.9595 0.0097
Pedestrian -1 -1 -4.2617 155.8729 195.8432 184.4914 250.9836 1.2246 0.4107 0.4314 -9.8243 1.5555 16.3084 -4.8022 0.0082
Car -1 -1 -5.9227 45.9877 186.8692 129.9854 214.9658 1.5337 1.5399 3.5785 -29.1497 1.8484 40.8768 -6.5442 0.0082
Cyclist -1 -1 -7.6510 172.3115 177.4582 210.6265 248.6082 1.6105 0.4603 1.7092 -9.7978 1.5196 17.1440 -8.1690 0.0078
Car -1 -1 -6.3094 22.8769 183.2539 124.7958 212.9852 1.5711 1.6415 4.5318 -29.4852 1.6744 40.2354 -6.9438 0.0068
Pedestrian -1 -1 -5.8639 714.4078 165.0307 727.3522 190.5731 1.6198 0.5484 0.6517 7.6478 0.5754 45.9608 -5.7048 0.0061
Car -1 -1 -6.1385 32.9549 185.9361 124.2811 213.3767 1.4633 1.6591 3.9697 -29.3744 1.7238 40.5003 -6.7680 0.0060
Car -1 -1 -6.3726 39.4845 185.7828 125.7203 213.8766 1.4856 1.5727 3.8052 -29.1349 1.7375 40.3881 -6.9995 0.0055
Car -1 -1 -7.2837 0.0000 180.4115 62.0116 213.5188 1.7426 1.7373 4.1097 -32.2402 1.6854 39.9467 -7.9646 0.0052
Car -1 -1 -5.7736 44.6717 187.0674 131.8268 213.9355 1.4853 1.5179 3.7991 -29.2886 1.8112 41.0759 -6.3951 0.0049
Car -1 -1 -6.8926 0.0000 180.0180 77.7332 212.3637 1.6967 1.7376 4.0796 -31.7351 1.6191 39.8818 -7.5666 0.0045
Car -1 -1 -5.5547 0.0000 176.8244 81.4319 208.5542 1.6631 1.6924 4.1235 -30.5893 1.4182 38.6120 -6.2264 0.0034
Car -1 -1 -5.9667 0.0000 177.1979 89.1413 209.1389 1.6656 1.7037 4.2262 -30.5859 1.4415 38.9849 -6.6337 0.0032
Car -1 -1 -5.3469 0.0000 178.4270 77.1708 210.3246 1.6399 1.6918 4.3471 -30.4703 1.4821 38.3125 -6.0204 0.0032
Pedestrian -1 -1 -3.0160 719.0404 164.6897 729.9918 190.5727 1.6684 0.6633 0.6277 8.0115 0.5849 46.7118 -2.8520 0.0025
Car -1 -1 -4.1677 373.3003 174.4937 462.9976 213.7310 1.4642 1.5617 4.2150 -7.3198 1.2031 29.0486 -4.4175 0.0023
Car -1 -1 -4.8497 85.9962 184.8612 126.4963 212.9391 1.5546 1.4477 3.7113 -29.0278 1.7603 42.0717 -5.4558 0.0023
Cyclist -1 -1 -7.3263 54.0298 186.7297 89.6874 224.5257 1.5262 0.4765 1.5717 -22.1419 1.7511 30.0365 -7.9625 0.0011
Pedestrian -1 -1 -2.5497 155.1024 180.8432 163.4705 208.3358 1.5751 0.4223 0.2119 -25.4638 1.5376 41.3688 -3.1037 0.0007
Pedestrian -1 -1 -5.9016 156.0451 181.2435 162.7977 207.5204 1.5066 0.3763 0.2073 -25.4687 1.4920 41.3891 -6.4554 0.0006
Pedestrian -1 -1 -2.3740 153.3307 181.0889 162.9864 209.0864 1.6057 0.4390 0.2362 -25.5702 1.5822 41.4363 -2.9291 0.0005
Pedestrian -1 -1 -7.9537 669.7256 169.3839 687.1525 203.9740 1.4276 0.6832 0.3746 3.1774 0.9279 29.8346 -7.8535 0.0004
Pedestrian -1 -1 -2.7529 154.2461 179.9497 163.7071 208.4456 1.6396 0.4842 0.3072 -25.6200 1.5505 41.5948 -3.3072 0.0004
Cyclist -1 -1 -7.4418 64.2716 184.9032 97.2647 223.8182 1.5778 0.5260 1.5997 -21.8215 1.7247 30.1074 -8.0700 0.0003
Pedestrian -1 -1 -5.7919 157.0195 178.6855 165.6762 209.7722 1.7897 0.4364 0.2524 -25.4744 1.6278 41.5807 -6.3438 0.0003
