Car -1 -1 -7.5687 305.7408 189.7951 445.0294 265.8314 1.4140 1.6730 4.5474 -4.9779 1.5301 15.9276 -7.8672 0.9999
Car -1 -1 -7.4144 173.3028 188.4775 307.1200 255.5435 1.4409 1.5468 3.4045 -8.7507 1.5275 17.3309 -7.8761 0.9999
Car -1 -1 -7.4349 234.2545 183.2810 331.5511 228.4232 1.4908 1.6333 4.1090 -11.5607 1.4270 25.7947 -7.8527 0.9992
Car -1 -1 -7.2587 0.0000 191.5330 191.7939 323.4236 1.4968 1.6187 3.7622 -7.8224 1.6039 10.2564 -7.8979 0.9985
Car -1 -1 -7.8422 571.1442 180.6362 602.4481 208.2329 1.4894 1.6896 3.9998 -1.1998 1.2424 40.8120 -7.8719 0.9899
Car -1 -1 -7.6503 392.3810 183.1427 448.7703 218.1453 1.5096 1.6307 4.5647 -8.6224 1.4203 33.3210 -7.9020 0.9808
Car -1 -1 -7.8034 501.9472 184.0359 533.2512 210.5903 1.4249 1.5656 3.6639 -5.0646 1.3618 40.4587 -7.9275 0.9358
Car -1 -1 -7.5333 333.9857 180.5180 388.5322 210.2047 1.5321 1.6390 3.9454 -13.3575 1.2898 39.0782 -7.8609 0.9320
Car -1 -1 -7.6504 392.6173 183.2355 448.4962 218.0531 1.5001 1.6158 4.5044 -8.6094 1.4149 33.2598 -7.9021 0.8275
Car -1 -1 -7.4843 334.9048 180.2782 392.1193 209.3101 1.4976 1.6141 3.9745 -13.2413 1.2431 39.1044 -7.8091 0.8070
Car -1 -1 -7.6850 349.6345 183.0497 410.9208 226.1207 1.4964 1.5795 3.6869 -8.4745 1.4213 26.9079 -7.9876 0.7435
Car -1 -1 -4.4557 343.6727 183.6642 414.2022 227.1119 1.4721 1.5068 3.9132 -8.3310 1.4197 26.3459 -4.7594 0.7134
Car -1 -1 -7.5566 332.3909 180.6614 385.3264 210.5213 1.5396 1.6384 3.9067 -13.4781 1.3049 39.0433 -7.8873 0.6670
Car -1 -1 -7.6575 351.1704 182.7863 413.1925 225.5350 1.5005 1.5560 3.5560 -8.4602 1.4154 27.0813 -7.9578 0.6630
Car -1 -1 -7.7032 347.4200 182.6743 408.4225 225.3709 1.4929 1.6533 3.6042 -8.6072 1.4042 27.0430 -8.0088 0.6583
Car -1 -1 -7.6661 348.7498 182.4046 412.7274 225.7802 1.5178 1.6157 3.7667 -8.5184 1.4196 27.1177 -7.9680 0.6421
Car -1 -1 -7.5295 333.5938 180.2735 386.0483 210.3260 1.5487 1.5975 3.6464 -13.3729 1.2941 38.8715 -7.8591 0.6206
Car -1 -1 -7.9577 500.2031 183.4752 534.2812 211.0933 1.4764 1.5679 3.1129 -5.1153 1.3835 40.1225 -8.0841 0.6146
Car -1 -1 -7.7568 502.6516 183.5639 536.9442 210.2061 1.4327 1.5519 3.9135 -4.9558 1.3440 40.6314 -7.8778 0.5509
Car -1 -1 -7.8653 500.2423 183.3466 530.5834 210.9818 1.4774 1.6138 3.4562 -5.2227 1.3776 40.2534 -7.9939 0.5303
Car -1 -1 -7.5890 499.7942 183.6381 546.0168 210.3364 1.4373 1.5836 4.1229 -4.7917 1.3525 40.8550 -7.7054 0.5065
Car -1 -1 -7.8204 499.4582 183.6780 531.1609 210.6696 1.4488 1.6450 4.0250 -5.2150 1.3664 40.6650 -7.9476 0.4884
Car -1 -1 -7.5662 350.1794 182.5342 422.0160 224.9684 1.4974 1.5752 3.8199 -8.3586 1.4030 27.2827 -7.8611 0.4182
Car -1 -1 -8.0128 491.9769 183.5943 533.5106 211.0667 1.4633 1.6891 4.0635 -5.4308 1.3771 40.4791 -8.1457 0.3050
Car -1 -1 -2.8624 327.2433 183.4377 435.8888 217.9344 1.4909 1.7080 4.3051 -10.0292 1.4142 31.9698 -3.1644 0.2902
Car -1 -1 -7.9063 631.6661 179.7841 660.4796 205.5029 1.4961 1.5477 3.6308 2.2604 1.1803 43.6320 -7.8553 0.2499
Car -1 -1 -4.7749 648.7079 185.4560 692.7252 219.5084 1.4182 1.6687 4.4152 2.7138 1.4299 32.1952 -4.6920 0.2051
Car -1 -1 -8.0805 452.4308 173.2209 509.9787 218.9483 1.8816 1.6587 3.8898 -5.6764 1.3882 31.6936 -8.2567 0.2050
Car -1 -1 -4.7256 652.9802 185.2345 693.6236 219.7952 1.4390 1.6891 4.6451 2.8655 1.4401 32.3127 -4.6384 0.1530
Car -1 -1 -3.8440 0.0000 191.3312 86.4233 275.2507 1.4785 1.4776 3.6110 -13.0339 1.6211 14.8405 -4.5559 0.1493
Car -1 -1 -7.9802 462.2227 172.6960 508.8905 218.4565 1.8954 1.5832 3.5894 -5.4791 1.3770 31.7228 -8.1502 0.1390
Car -1 -1 -6.4359 346.7007 181.5615 442.5477 211.1650 1.5168 1.7072 4.7328 -11.4654 1.3298 38.6127 -6.7230 0.1252
Car -1 -1 -2.3823 469.0899 183.4510 540.4636 212.2700 1.5375 1.6088 3.9089 -5.8049 1.4435 40.1365 -2.5255 0.1177
Car -1 -1 -7.7599 632.5516 179.8828 665.1403 205.5530 1.4886 1.6084 4.1309 2.5212 1.1795 43.8497 -7.7032 0.0883
Car -1 -1 -7.4557 607.0858 177.3705 648.7120 201.0937 1.6022 1.5689 3.8344 1.4361 1.0725 50.6209 -7.4280 0.0864
Car -1 -1 -7.6147 606.5479 177.3159 640.7946 201.0394 1.6022 1.5618 3.7767 1.1349 1.0689 50.5760 -7.5929 0.0764
Car -1 -1 -7.3653 406.6869 182.4683 454.7031 213.8283 2.3090 1.6673 4.5031 -13.5788 2.1069 55.3167 -7.6054 0.0442
Car -1 -1 -2.9147 440.8720 182.9176 529.1133 211.5233 1.4879 1.8482 4.3473 -6.5490 1.3685 38.4405 -3.0827 0.0432
Car -1 -1 -7.8306 605.6385 177.2461 629.7877 200.4790 1.5709 1.6149 3.5700 0.7042 1.0322 50.4208 -7.8172 0.0432
Car -1 -1 -7.4740 627.8013 178.6190 679.9766 205.0636 1.5289 1.6585 4.4322 2.8494 1.1477 43.9181 -7.4100 0.0319
Car -1 -1 -6.1821 332.6289 181.0873 415.1006 211.7131 1.5749 1.6717 4.0185 -12.3928 1.3628 38.2050 -6.4941 0.0316
Car -1 -1 -2.7089 462.3737 183.3286 537.2493 211.5324 1.5124 1.5955 3.7842 -6.0026 1.4114 39.8434 -2.8578 0.0305
Car -1 -1 -4.6361 434.3466 181.7354 468.6193 210.7934 1.5304 1.5648 3.8883 -8.6559 1.3473 39.8935 -4.8488 0.0286
Car -1 -1 -7.4263 403.7067 179.2307 451.3434 213.1695 2.5076 1.7813 4.7021 -13.8852 2.0655 55.5874 -7.6705 0.0213
Car -1 -1 -6.0386 332.7778 180.9760 416.7054 210.9804 1.5457 1.5833 3.9494 -12.2819 1.3274 37.9531 -6.3499 0.0212
Car -1 -1 -4.7097 428.5606 182.1644 457.3893 210.0293 1.4585 1.4774 3.6198 -9.0913 1.2990 39.5550 -4.9345 0.0206
Car -1 -1 -4.3332 437.8115 181.5749 490.6923 209.7146 1.4742 1.5566 3.8207 -7.8896 1.2836 39.6806 -4.5286 0.0205
Car -1 -1 -2.9894 445.5937 182.7737 532.5378 211.5208 1.5533 1.8376 4.5214 -6.5440 1.4216 39.7853 -3.1518 0.0192
Car -1 -1 -2.8133 574.1657 177.8197 635.8401 200.4825 1.5305 1.6745 3.9594 -0.2083 1.0312 49.9719 -2.8179 0.0174
Car -1 -1 -3.2844 627.1932 182.1567 682.2900 205.2326 1.4202 1.5479 3.2624 2.8983 1.2321 45.1432 -3.2211 0.0173
Car -1 -1 -3.3464 623.6887 180.9517 685.7746 204.8550 1.4596 1.6051 3.6203 2.8859 1.1994 44.9453 -3.2831 0.0171
Car -1 -1 -4.7610 421.4256 181.7428 453.4958 209.8272 1.4675 1.5348 3.7065 -9.4377 1.2862 39.5554 -4.9941 0.0165
Car -1 -1 -3.8277 451.9832 182.4790 530.4746 214.4191 1.5233 1.5525 3.7732 -5.8556 1.3929 36.2111 -3.9873 0.0149
Car -1 -1 -2.6662 567.3878 177.0023 637.2385 200.4413 1.5815 1.8006 4.5732 -0.4158 1.0275 50.3374 -2.6748 0.0134
Car -1 -1 -4.3336 529.5576 178.5098 559.8101 195.2740 1.6030 1.6330 3.9350 -6.1900 0.9620 70.8583 -4.4209 0.0132
Car -1 -1 -6.2451 343.8484 181.8960 437.4183 211.9213 1.5399 1.7255 4.6715 -11.5236 1.3698 38.2878 -6.5359 0.0129
Car -1 -1 -4.4883 277.2716 185.8468 335.0100 222.9083 1.5586 1.5450 3.9694 -13.5433 1.5890 32.3882 -4.8818 0.0120
Car -1 -1 -4.8010 413.0782 180.9272 449.7371 209.1037 1.4643 1.6061 3.9793 -9.7637 1.2416 39.5005 -5.0421 0.0116
Car -1 -1 -2.9512 453.0734 183.1738 534.9977 211.3442 1.5115 1.6791 4.2030 -6.2346 1.4021 39.4831 -3.1072 0.0116
Pedestrian -1 -1 -5.0442 754.6934 193.0519 771.5090 237.8028 1.3445 0.3985 0.3748 4.6807 1.5855 21.8813 -4.8366 0.0113
Car -1 -1 -3.9845 449.5926 182.6629 531.7051 215.2867 1.5324 1.6159 4.2855 -5.8223 1.4126 36.0063 -4.1441 0.0100
Car -1 -1 -4.1332 529.0810 177.8696 566.0979 195.1215 1.6471 1.7016 4.0393 -5.8991 0.9459 70.8112 -4.2164 0.0096
Car -1 -1 -3.1397 442.7093 182.2803 532.0328 211.6620 1.5622 1.8043 4.7319 -6.6211 1.4063 39.4964 -3.3051 0.0095
Car -1 -1 -3.2252 443.2876 182.7455 531.6340 211.4154 1.4944 1.7994 4.5806 -6.5624 1.3658 38.9080 -3.3916 0.0092
Car -1 -1 -2.9232 575.3351 178.0492 634.1929 200.4003 1.5101 1.6015 3.8184 -0.2158 1.0260 49.7542 -2.9279 0.0092
Car -1 -1 -4.6517 531.2955 177.8402 550.2587 195.1307 1.6567 1.6269 3.9645 -6.5858 0.9502 70.8854 -4.7444 0.0088
Car -1 -1 -6.0692 339.9596 181.6865 435.1632 211.0691 1.5118 1.6864 4.5590 -11.6085 1.3303 38.0102 -6.3640 0.0087
Car -1 -1 -4.9087 423.6591 185.7067 477.5467 222.3748 1.4157 1.5401 3.3603 -6.5684 1.4374 29.6521 -5.1252 0.0081
Car -1 -1 -4.8695 526.5818 177.4815 549.7396 195.2869 1.7006 1.6624 3.9857 -6.8896 0.9621 70.7978 -4.9665 0.0079
Car -1 -1 -2.8252 565.4153 178.1377 636.6789 200.6751 1.5203 1.8384 4.6207 -0.4822 1.0430 50.0642 -2.8352 0.0076
Car -1 -1 -4.1370 532.0137 178.5450 569.4247 195.0793 1.5780 1.7411 4.0690 -5.5901 0.9415 70.8086 -4.2159 0.0072
Car -1 -1 -3.1481 445.8154 182.3516 530.9495 211.4696 1.5372 1.7310 4.4787 -6.5227 1.3861 39.1825 -3.3123 0.0070
Car -1 -1 -4.9790 570.8135 182.8777 606.9378 201.7495 1.3665 1.7051 4.0698 -1.4881 1.1973 54.2450 -5.0068 0.0067
Car -1 -1 -4.4232 267.3347 182.4739 337.8545 220.9489 1.6107 1.7073 4.4744 -13.6825 1.4961 32.4100 -4.8200 0.0064
Car -1 -1 -4.5899 431.3398 180.4249 482.9695 224.1550 1.6784 1.6017 3.9955 -6.1769 1.4946 29.6459 -4.7940 0.0061
Car -1 -1 -3.3028 625.8276 181.8879 686.6929 205.0172 1.4241 1.6435 3.6024 2.9982 1.2193 45.2502 -3.2375 0.0060
Car -1 -1 -5.7632 432.0055 183.2004 530.4830 212.0567 1.4612 1.7402 4.9195 -6.7312 1.3593 38.0523 -5.9374 0.0049
Car -1 -1 -4.5315 420.9872 184.7633 459.7786 207.8159 1.3421 1.6378 3.8304 -10.1748 1.3159 43.8024 -4.7588 0.0044
Car -1 -1 -4.4470 418.8060 180.5487 463.1533 208.7141 1.6545 1.6633 4.0133 -10.2372 1.3805 44.2651 -4.6734 0.0043
Car -1 -1 -4.8413 429.8886 182.7403 465.9685 207.5105 1.4481 1.6762 3.8502 -9.8765 1.3036 44.1213 -5.0607 0.0040
Pedestrian -1 -1 -8.9262 1085.1552 155.8807 1159.1067 297.4143 1.6363 0.6404 0.4850 6.1455 1.2973 8.6724 -8.3251 0.0039
Car -1 -1 -4.6922 436.4704 175.6975 467.8354 205.5966 1.7556 1.8080 4.0012 -9.5815 1.1969 44.3460 -4.9042 0.0039
Car -1 -1 -4.5786 422.7791 180.1675 461.3790 205.7223 1.4570 1.7356 3.9675 -9.8937 1.1693 43.0393 -4.8035 0.0038
Car -1 -1 -4.8919 572.5316 178.9352 605.1982 198.4275 1.3926 1.7078 4.1728 -1.4714 0.9440 53.5738 -4.9196 0.0037
Car -1 -1 -2.8301 405.3750 180.5896 478.5805 207.1203 1.6042 1.7442 4.0791 -10.2575 1.3246 44.5097 -3.0556 0.0037
Car -1 -1 -4.6402 429.1597 183.3959 461.8593 207.0165 1.3742 1.6743 3.7807 -9.8728 1.2685 43.8162 -4.8609 0.0037
Car -1 -1 -2.9070 401.2621 180.9678 477.6213 207.9621 1.6247 1.6873 4.2890 -10.3150 1.3692 44.1210 -3.1357 0.0036
Car -1 -1 -4.4442 413.2508 180.4374 460.5635 205.7541 1.4433 1.7244 4.1207 -10.1999 1.1711 43.0736 -4.6757 0.0036
Car -1 -1 -4.3943 409.3008 175.3531 460.0280 205.5315 1.7859 1.8885 4.0465 -10.7077 1.2024 44.6364 -4.6287 0.0033
Car -1 -1 -5.8738 409.6909 182.8391 481.5501 206.7129 1.4265 1.6487 3.9770 -9.9615 1.2847 44.1362 -6.0949 0.0032
Car -1 -1 -4.6279 563.6069 176.9599 595.4401 200.3981 1.6569 1.9737 4.5958 -2.0594 1.0734 53.1571 -4.6669 0.0028
Car -1 -1 -4.6513 434.0919 178.7929 466.2517 204.8547 1.5155 1.6828 3.8290 -9.5902 1.1422 43.8227 -4.8658 0.0028
Car -1 -1 -4.3370 411.4452 176.9248 462.7991 206.6333 1.7526 1.7392 4.0202 -10.5299 1.2637 44.5223 -4.5683 0.0028
Car -1 -1 -4.7600 571.8990 178.3581 599.3044 199.5584 1.5006 1.8062 4.4627 -1.7013 1.0153 53.1768 -4.7923 0.0027
Car -1 -1 -4.5844 433.9712 176.0584 468.9136 202.4480 1.5845 1.6194 4.2782 -9.8381 1.0348 45.3627 -4.7971 0.0025
Car -1 -1 -4.4960 434.2554 175.5564 476.2742 202.9949 1.6358 1.7293 4.0813 -9.4943 1.0601 44.9054 -4.7035 0.0024
Car -1 -1 -4.6858 433.1081 176.8966 465.5356 206.4446 1.7414 1.8515 4.1994 -9.8078 1.2513 44.6014 -4.9013 0.0021
Car -1 -1 -4.5287 423.6033 178.0018 463.5639 205.2249 1.6141 1.6965 4.1194 -10.1815 1.1865 44.7131 -4.7516 0.0020
Car -1 -1 -6.2350 405.9520 176.2309 484.4224 205.7003 1.7919 1.9745 4.7034 -10.1524 1.2457 45.0869 -6.4556 0.0020
Car -1 -1 -6.2607 408.8368 177.9048 483.7033 205.8477 1.6927 1.8665 4.4715 -10.0698 1.2500 44.9006 -6.4804 0.0016
