Car -1 -1 -4.4209 364.7572 190.4852 461.9371 247.5031 1.4426 1.6456 4.2838 -5.8380 2.0271 21.7633 -4.6806 0.9999
Car -1 -1 -4.3496 212.6767 195.6811 379.9044 290.6169 1.4511 1.5621 4.2230 -5.9753 1.9672 14.1889 -4.7422 0.9998
Car -1 -1 -8.0919 704.8054 176.5379 824.1374 253.9949 1.4857 1.6528 3.9246 3.2195 1.5774 16.0261 -7.8981 0.9995
Car -1 -1 -7.9850 684.6753 174.6296 760.5250 234.3970 1.6035 1.6653 4.2161 3.2110 1.6616 21.6037 -7.8402 0.9994
Car -1 -1 -4.0997 0.0000 208.5286 240.5674 374.0000 1.4412 1.5021 3.4907 -5.9169 1.9340 8.2242 -4.7085 0.9993
Car -1 -1 -6.8743 1027.7363 139.8683 1241.0000 236.8509 1.5565 1.5838 3.6035 9.4250 1.0268 12.4531 -6.2379 0.9975
Car -1 -1 -4.8814 663.8472 178.7869 713.0359 215.9476 1.4902 1.5325 3.5376 3.3046 1.7625 31.3302 -4.7779 0.9973
Car -1 -1 -4.4260 470.7687 183.8442 526.4802 217.5312 1.5501 1.6902 4.1976 -5.6481 2.1441 36.8253 -4.5777 0.9969
Car -1 -1 -4.4768 426.1599 188.0836 490.0095 230.3586 1.4303 1.5504 3.7959 -5.7981 2.0556 27.7176 -4.6817 0.9926
Car -1 -1 -7.9341 645.3759 177.9940 675.0794 202.8923 1.4882 1.5775 3.6854 3.1124 1.8269 45.7442 -7.8671 0.9909
Car -1 -1 -3.9814 1094.0190 132.7644 1241.0000 252.4022 1.5057 1.6121 3.9709 9.1760 1.0008 10.1137 -3.2589 0.9585
Car -1 -1 -3.7018 936.4117 152.0932 1147.8518 227.3179 1.4691 1.5389 3.4743 8.7823 1.0634 14.9248 -3.1788 0.9570
Car -1 -1 -3.5986 855.1485 158.8932 1046.2971 221.9758 1.4738 1.5971 3.9474 8.2151 1.1473 17.7133 -3.1710 0.9461
Car -1 -1 -7.9603 655.9003 179.6284 696.2430 210.3806 1.4643 1.6548 3.8319 3.3082 1.8308 37.1385 -7.8727 0.9387
Car -1 -1 -3.6151 855.8848 159.8029 1035.9324 220.7287 1.4270 1.5404 3.7303 8.1343 1.1210 17.7636 -3.1922 0.9199
Car -1 -1 -6.8544 1030.4113 139.4059 1241.0000 238.7702 1.5791 1.6133 3.7454 9.5321 1.0473 12.4068 -6.2108 0.9135
Car -1 -1 -4.8896 663.8776 178.6851 715.2737 215.9616 1.4869 1.5691 3.6920 3.3424 1.7547 31.2735 -4.7847 0.9134
Car -1 -1 -4.4309 514.6793 179.1379 552.0506 203.1866 1.6223 1.6333 3.9724 -5.4928 2.0921 51.8706 -4.5363 0.8930
Car -1 -1 -7.0750 1093.1655 138.4151 1241.0000 256.0557 1.4845 1.6575 3.8839 9.1432 1.0496 10.0656 -6.3521 0.8788
Car -1 -1 -7.9783 642.6099 178.0739 674.5455 203.2040 1.5006 1.5640 3.6940 3.0069 1.8450 45.7614 -7.9136 0.8511
Car -1 -1 -7.8611 659.7067 178.8601 693.9794 209.9543 1.4825 1.6673 3.9237 3.3847 1.8087 37.2063 -7.7717 0.8453
Car -1 -1 -4.3591 515.4383 179.0035 556.0242 203.2843 1.6357 1.6042 4.0383 -5.3186 2.0958 51.8551 -4.4613 0.8263
Car -1 -1 -4.8945 664.3785 179.0389 715.5905 215.6001 1.4604 1.5598 3.6293 3.3670 1.7446 31.3223 -4.7890 0.8218
Car -1 -1 -8.0734 708.0682 177.4160 825.7467 254.4014 1.4696 1.6864 3.8373 3.2591 1.5824 15.9405 -7.8762 0.8106
Car -1 -1 -4.5299 514.7975 179.7848 548.7155 203.0675 1.5680 1.7040 4.1628 -5.6226 2.0878 52.0053 -4.6375 0.6965
Car -1 -1 -7.9254 646.7695 177.4607 676.8417 202.2518 1.4780 1.6200 3.7549 3.2003 1.7808 45.5953 -7.8563 0.6575
Car -1 -1 -6.8305 938.3535 152.4026 1169.1975 228.6262 1.4866 1.5901 3.7964 8.9837 1.0874 14.8930 -6.2967 0.6567
Car -1 -1 -3.6037 844.5552 160.4165 1033.1129 223.4147 1.4751 1.6109 3.9287 7.9649 1.1836 17.7932 -3.1894 0.6251
Car -1 -1 -4.4747 424.4939 188.0414 489.4164 230.9587 1.4377 1.5692 3.7408 -5.7755 2.0541 27.4059 -4.6811 0.6211
Car -1 -1 -7.9358 645.4117 177.2361 676.5147 203.2383 1.5582 1.6454 3.9252 3.1643 1.8486 45.8789 -7.8679 0.6059
Car -1 -1 -6.8861 1025.7571 141.6754 1241.0000 237.7449 1.5562 1.5355 3.4510 9.3225 1.0509 12.5014 -6.2567 0.5786
Car -1 -1 -4.5107 513.0672 179.5361 546.4309 202.9450 1.5682 1.6701 3.5998 -5.6937 2.0600 51.2719 -4.6212 0.5394
Car -1 -1 -4.8180 643.7095 176.4071 676.0488 202.8797 1.5770 1.6346 3.7213 3.0618 1.8095 45.3813 -4.7516 0.5336
Car -1 -1 -4.8038 659.6161 178.8105 698.6860 210.2586 1.4827 1.6119 3.9127 3.4261 1.8017 36.7166 -4.7121 0.5024
Car -1 -1 -7.7281 658.0604 178.4145 700.5225 209.5802 1.4807 1.7033 3.9086 3.5760 1.7826 37.1217 -7.6334 0.4893
Car -1 -1 -7.6302 651.3355 177.5179 699.1801 209.2503 1.5204 1.6282 3.9829 3.3930 1.7754 37.3477 -7.5409 0.4885
Car -1 -1 -4.5167 514.9186 179.8106 548.7969 203.3840 1.5676 1.6707 3.8577 -5.5274 2.0797 51.1530 -4.6242 0.4803
Car -1 -1 -7.1068 1105.3479 125.3072 1241.0000 248.1033 1.5558 1.7152 4.3932 9.6516 0.9531 10.1695 -6.3619 0.4327
Car -1 -1 -7.8405 8.6136 184.8138 105.0168 265.0841 1.5854 1.6204 3.3438 -12.7188 1.8909 16.6230 -8.4860 0.4183
Car -1 -1 -4.8541 653.6331 178.6644 696.4991 210.8114 1.5131 1.6237 3.8581 3.2089 1.8238 36.6455 -4.7680 0.4126
Car -1 -1 -7.2724 73.1984 186.1952 180.6996 233.2797 1.5422 1.5573 3.5650 -17.6062 2.0636 26.4283 -7.8557 0.4025
Car -1 -1 -7.4656 651.3229 177.3873 709.1408 208.7615 1.5155 1.6368 3.9260 3.6733 1.7646 37.5828 -7.3694 0.3707
Car -1 -1 -2.1952 41.7578 185.6883 154.5021 232.9343 1.5606 1.6009 3.4294 -18.3805 2.0438 25.8656 -2.8084 0.3051
Car -1 -1 -7.5302 62.7977 187.2332 145.6806 232.7221 1.4460 1.5324 2.9669 -17.9031 1.9886 25.6090 -8.1356 0.2918
Car -1 -1 -4.2904 514.8071 179.9935 558.8448 203.9592 1.5915 1.5861 4.0905 -5.1930 2.1216 51.4112 -4.3910 0.2880
Car -1 -1 -7.3582 69.4381 186.5670 171.1804 233.4049 1.5221 1.5727 3.5257 -17.7990 2.0573 26.3481 -7.9479 0.2767
Car -1 -1 -4.5843 513.7025 180.4526 543.8436 203.2597 1.5347 1.6743 3.8354 -5.8190 2.1000 51.7716 -4.6962 0.2724
Car -1 -1 -7.5315 67.5047 186.4455 157.5337 233.8435 1.5252 1.6126 3.6542 -18.0760 2.0581 26.3292 -8.1287 0.2542
Car -1 -1 -4.5259 509.6219 179.3136 546.0801 203.7020 1.5879 1.7603 4.3088 -5.7128 2.0583 50.3640 -4.6387 0.2229
Car -1 -1 -4.4970 532.7053 180.5456 561.4716 201.3741 1.6991 1.6901 3.8782 -5.4279 2.3856 62.3919 -4.5839 0.2118
Car -1 -1 -7.1713 77.9483 185.7325 195.2708 233.6445 1.5652 1.5673 3.7851 -17.3481 2.0746 26.5944 -7.7450 0.2084
Car -1 -1 -2.0188 43.2154 186.3322 152.4764 235.8347 1.6067 1.6839 3.9372 -18.5437 2.1244 26.0359 -2.6331 0.1879
Car -1 -1 -7.6531 64.5470 186.8678 140.3472 233.6419 1.4891 1.5583 3.4633 -18.2405 2.0307 26.0066 -8.2601 0.1848
Car -1 -1 -5.5087 45.0860 185.6515 175.2618 232.8884 1.5776 1.6695 3.7425 -17.9169 2.0563 25.8625 -6.1100 0.1787
Car -1 -1 -7.7142 4.5750 186.8454 120.2967 267.1694 1.5685 1.5958 3.8582 -12.7017 1.9359 16.8884 -8.3517 0.1498
Car -1 -1 -7.8160 5.1259 185.7892 105.4403 264.9220 1.5451 1.6721 4.1262 -12.9474 1.8880 16.9701 -8.4603 0.1384
Car -1 -1 -2.5001 49.8236 187.8279 164.2224 230.9958 1.4413 1.6078 2.9502 -17.7946 1.9889 25.5452 -3.1038 0.1277
Car -1 -1 -4.5173 507.3596 180.2682 546.0625 204.0785 1.5580 1.9301 4.1741 -5.8316 2.1010 50.7149 -4.6316 0.1246
Car -1 -1 -7.7762 6.8385 184.6986 111.3388 263.7600 1.5437 1.6134 3.2248 -12.4590 1.8424 16.4197 -8.4177 0.1132
Car -1 -1 -4.7360 787.2696 180.6352 822.0894 213.9482 1.4493 1.4891 3.6316 9.1495 1.8392 34.2370 -4.4776 0.1056
Car -1 -1 -2.2969 25.1288 186.4083 150.8245 232.9467 1.5324 1.6046 3.6539 -18.5604 2.0359 25.6354 -2.9188 0.1023
Car -1 -1 -4.5128 530.8111 181.1687 558.9225 201.2056 1.6273 1.6806 3.8952 -5.6129 2.3684 62.3094 -4.6027 0.0977
Car -1 -1 -7.9677 783.3365 179.3426 822.7290 211.3431 1.4333 1.4376 3.4532 9.2365 1.7628 34.8627 -7.7113 0.0933
Pedestrian -1 -1 -6.4828 1229.3246 142.1602 1241.0000 201.2369 1.9279 0.5341 0.3794 20.7575 0.9259 23.8718 -5.7732 0.0776
Car -1 -1 -4.6904 780.1392 179.6183 815.7700 212.9586 1.4475 1.5464 3.7827 8.8931 1.7866 34.1794 -4.4385 0.0709
Car -1 -1 -4.4297 214.9903 188.5751 278.7406 226.4336 1.4345 1.5013 3.4900 -15.4268 2.1441 30.7288 -4.8919 0.0684
Car -1 -1 -2.2118 18.7167 188.8810 151.2992 238.8570 1.6218 1.7451 4.0836 -18.7888 2.2264 25.7869 -2.8368 0.0569
Car -1 -1 -4.5228 224.7274 188.5525 280.2547 226.5723 1.4349 1.4850 3.3994 -15.1258 2.1399 30.5822 -4.9790 0.0501
Pedestrian -1 -1 -2.7847 101.9051 185.8410 129.2272 233.4349 1.6089 0.5840 0.6128 -17.1318 2.0639 24.9422 -3.3818 0.0496
Car -1 -1 -4.2059 201.1294 186.9194 284.9573 226.2695 1.5014 1.5731 3.7110 -15.5833 2.1375 30.7639 -4.6716 0.0398
Car -1 -1 -2.1123 29.3239 186.1149 139.9981 232.3651 1.4838 1.5805 3.4919 -18.5159 1.9758 25.3713 -2.7379 0.0388
Car -1 -1 -7.8349 788.1319 180.3428 822.7263 211.5130 1.3836 1.5321 3.3097 9.3780 1.7622 34.6970 -7.5736 0.0297
Car -1 -1 -7.8385 750.7451 163.2053 779.4951 190.9403 1.6495 1.6789 4.1089 9.6854 1.0754 45.1024 -7.6286 0.0263
Car -1 -1 -4.0085 187.9718 187.0449 286.9695 226.3118 1.4639 1.6301 3.7958 -15.6278 2.1016 30.4049 -4.4800 0.0263
Car -1 -1 -4.6563 223.9449 186.9481 276.0694 228.8226 1.5078 1.6758 4.2377 -14.8259 2.1340 29.7925 -5.1148 0.0247
Car -1 -1 -4.1607 530.6226 180.0504 573.2946 199.9762 1.4797 1.5470 3.9216 -4.5869 2.0708 57.1959 -4.2408 0.0246
Car -1 -1 -2.0875 12.8147 189.8478 138.8527 242.0234 1.6517 1.7714 4.1718 -18.9890 2.2930 25.5820 -2.7213 0.0244
Car -1 -1 -4.3769 529.3763 180.4831 564.0539 200.4043 1.4783 1.5511 3.8731 -5.0032 2.1046 57.1957 -4.4642 0.0239
Car -1 -1 -5.3058 690.6564 170.5227 729.3476 187.5712 1.5238 1.5250 4.0588 9.1762 1.3152 66.6502 -5.1699 0.0154
Car -1 -1 -4.1035 532.2711 179.1156 578.6315 199.7912 1.5385 1.5730 4.1539 -4.3074 2.0537 57.2052 -4.1787 0.0150
Car -1 -1 -4.5638 529.2164 180.3678 556.1224 200.5844 1.5047 1.5590 3.9461 -5.3302 2.1212 57.2136 -4.6567 0.0142
Car -1 -1 -4.2453 493.0450 177.6335 544.0272 203.8669 1.6714 1.6739 4.3290 -6.1986 2.0119 49.1355 -4.3706 0.0140
Car -1 -1 -5.0449 730.4960 171.6166 773.0557 197.4374 1.5412 1.4223 3.8317 8.7672 1.4670 45.0645 -4.8544 0.0127
Car -1 -1 -2.0505 4.3664 189.3129 130.0175 242.3731 1.6518 1.7608 4.2487 -19.0485 2.2665 25.2433 -2.6920 0.0124
Pedestrian -1 -1 -5.5408 99.5064 185.7222 128.2874 234.2810 1.6341 0.5656 0.5864 -17.0762 2.0814 24.7743 -6.1394 0.0115
Car -1 -1 -2.2912 5.7941 185.4559 139.7862 231.3970 1.4645 1.6349 3.7640 -18.5195 1.9194 24.8603 -2.9265 0.0103
Car -1 -1 -4.9531 737.3120 169.1480 776.0761 195.6647 1.5859 1.4846 3.8554 9.0859 1.3639 45.1107 -4.7560 0.0096
Cyclist -1 -1 -7.5701 110.2671 174.2326 148.3566 250.2961 1.9206 0.3701 1.7056 -12.7653 1.9585 19.1200 -8.1526 0.0094
Car -1 -1 -2.1865 0.0000 186.7126 129.7793 236.1412 1.5513 1.7864 4.1238 -19.0381 2.0586 24.9501 -2.8333 0.0092
Car -1 -1 -4.8312 744.9822 168.5071 776.8273 195.1446 1.5941 1.5037 3.7234 9.3548 1.3336 45.0972 -4.6283 0.0090
Car -1 -1 -5.1877 695.3607 169.9732 731.2119 187.6443 1.5780 1.5720 4.0899 9.4734 1.3204 66.6200 -5.0474 0.0075
Cyclist -1 -1 -7.6999 121.1441 175.4593 150.7559 248.4867 1.8753 0.3936 1.7719 -12.8312 1.9486 19.4812 -8.2763 0.0064
Car -1 -1 -4.9583 703.1379 168.8941 732.5613 187.4112 1.6558 1.7570 3.9974 9.8941 1.3014 66.5968 -4.8118 0.0030
Car -1 -1 -4.3881 404.4342 176.0630 447.5725 206.0844 1.6784 1.4937 3.2562 -10.7959 1.8740 42.3771 -4.6365 0.0025
Car -1 -1 -4.8374 709.2025 168.8499 732.6721 187.3667 1.6598 1.6971 3.5739 10.1709 1.3005 66.4834 -4.6866 0.0021
Car -1 -1 -4.2518 403.6841 176.9917 454.3067 207.1728 1.6683 1.4657 3.5136 -10.5858 1.9212 42.2713 -4.4961 0.0020
Car -1 -1 -4.5155 404.8162 175.4896 443.0095 203.5523 1.5723 1.5685 3.2363 -10.9266 1.7329 42.3964 -4.7666 0.0016
Car -1 -1 -4.2164 397.7705 176.9363 450.4513 206.5493 1.6223 1.5485 3.3513 -10.7638 1.8690 41.8418 -4.4671 0.0015
Car -1 -1 -2.5293 153.3665 187.1711 273.2174 228.3562 1.5003 1.6063 3.8584 -15.3956 2.0759 28.0073 -3.0282 0.0014
Car -1 -1 -4.3289 203.3039 184.5207 286.9602 225.7583 1.4802 1.7256 3.6752 -14.5361 1.9776 28.8754 -4.7919 0.0006
