Car -1 -1 -7.8103 592.9415 175.5164 627.4087 205.9054 1.5369 1.6888 3.9535 0.0173 1.6874 38.8566 -7.8104 0.9634
Car -1 -1 -7.8141 592.6013 174.7912 627.2048 206.0483 1.5843 1.7080 4.0577 0.0042 1.6939 38.8880 -7.8145 0.9219
Car -1 -1 -7.7271 593.5611 175.4520 633.7361 205.9082 1.5362 1.6640 4.0970 0.2118 1.6837 38.8993 -7.7223 0.7171
Car -1 -1 -7.7333 593.8094 174.7458 633.3559 206.1366 1.5843 1.6660 3.9106 0.2040 1.6908 38.7066 -7.7286 0.6598
Car -1 -1 -5.2878 828.1765 184.5002 892.0151 209.8495 1.4608 1.7437 4.3566 15.8406 2.2412 46.0414 -4.9590 0.4040
Pedestrian -1 -1 -4.2971 1012.2009 179.6658 1039.9164 231.2530 1.8344 0.6384 0.7245 15.0918 2.0864 26.2538 -3.7810 0.2962
Car -1 -1 -4.8279 663.4832 174.0704 690.9402 196.7304 1.5717 1.5352 3.8374 4.7951 1.6626 52.1899 -4.7372 0.2566
Car -1 -1 -5.3475 909.8787 190.0712 985.4507 218.9442 1.3555 1.7121 3.7782 17.8013 2.3176 38.3092 -4.9160 0.2481
Car -1 -1 -5.3710 906.4051 191.0405 982.7909 219.6526 1.3440 1.7230 3.7984 17.7454 2.3666 38.5386 -4.9431 0.2352
Cyclist -1 -1 -7.8072 697.4516 170.6120 706.5627 203.4836 1.6640 0.3976 1.6117 4.7286 1.5502 37.3538 -7.6827 0.2177
Car -1 -1 -5.3143 913.6509 190.1793 991.4698 220.0893 1.3970 1.7821 3.9540 18.0129 2.3650 38.2273 -4.8776 0.2124
Pedestrian -1 -1 -5.0478 1005.6205 181.3377 1034.4985 232.9848 1.8389 0.7025 0.7493 14.8702 2.1525 26.2619 -4.5381 0.1897
Car -1 -1 -5.3728 902.9671 190.0080 984.3983 218.8377 1.3456 1.7408 4.1711 17.6914 2.3151 38.5613 -4.9462 0.1500
Car -1 -1 -5.4392 872.3472 186.2292 947.8494 213.5282 1.4030 1.7624 4.0219 17.1049 2.2110 41.4164 -5.0506 0.1419
Cyclist -1 -1 -7.8412 698.3764 170.9326 706.8418 204.2157 1.6795 0.4173 1.6741 4.7485 1.5822 37.2668 -7.7159 0.1410
Cyclist -1 -1 -7.9190 699.9495 170.7106 709.7019 203.6295 1.6650 0.3882 1.6571 4.8614 1.5563 37.3335 -7.7910 0.1377
Car -1 -1 -5.3081 824.9023 184.8161 888.2070 210.4111 1.4822 1.7283 4.2616 15.6747 2.2858 46.2048 -4.9836 0.1351
Car -1 -1 -5.3984 877.1616 186.2660 953.3926 214.4123 1.4248 1.7855 4.0696 17.1492 2.2245 40.8323 -5.0039 0.1301
Car -1 -1 -5.1586 914.3813 189.9500 984.3683 219.9726 1.4325 1.8242 4.0215 18.0924 2.3984 38.7538 -4.7254 0.1300
Pedestrian -1 -1 -4.0590 1014.9646 180.7267 1045.9600 232.3662 1.8212 0.6575 0.7322 15.1169 2.1097 26.0268 -3.5384 0.1260
Car -1 -1 -5.3613 848.1343 187.1559 922.9736 214.3370 1.4456 1.7977 4.5591 16.4329 2.3536 43.3847 -5.0021 0.1140
Car -1 -1 -5.3875 866.1553 185.9642 944.7117 213.7561 1.4339 1.8540 4.4057 16.9969 2.2371 41.8459 -5.0048 0.1111
Car -1 -1 -5.4348 877.1005 185.1469 954.6896 213.2278 1.4395 1.8703 4.0167 17.3084 2.1772 41.1172 -5.0395 0.1092
Car -1 -1 -5.3672 853.5088 186.4473 928.4501 213.8640 1.4429 1.7283 4.5205 16.5231 2.2940 42.7790 -5.0015 0.1079
Pedestrian -1 -1 -8.0190 974.9824 167.3214 993.8433 210.1954 1.8052 0.6088 0.6715 15.9299 1.5720 30.7927 -7.5460 0.0951
Car -1 -1 -5.4102 905.5602 189.5289 980.1331 217.3938 1.3233 1.7578 3.5100 17.6456 2.2573 38.4986 -4.9839 0.0838
Car -1 -1 -4.8372 666.3625 174.6328 694.3304 196.7284 1.5278 1.5426 3.7708 5.0137 1.6607 52.1068 -4.7423 0.0834
Car -1 -1 -5.3306 916.5211 188.5245 999.4028 219.3130 1.4226 1.8250 4.1476 18.0729 2.2907 37.7813 -4.8881 0.0820
Cyclist -1 -1 -7.8268 697.6132 170.3559 707.1001 204.5834 1.7147 0.4423 1.6734 4.7027 1.5893 37.0081 -7.7019 0.0807
Pedestrian -1 -1 -4.2726 1018.3423 180.2407 1046.7306 232.9945 1.8735 0.6324 0.7547 15.3150 2.1466 26.2327 -3.7498 0.0789
Car -1 -1 -4.8274 668.4945 175.7525 699.3559 199.4761 1.5386 1.6472 3.8952 4.9708 1.7439 49.2340 -4.7278 0.0728
Car -1 -1 -5.4319 880.1688 185.8554 962.9070 214.3663 1.4243 1.8446 4.3497 17.3670 2.1970 40.5456 -5.0305 0.0721
Pedestrian -1 -1 -8.0634 973.6661 166.2755 992.1280 208.1260 1.7713 0.5719 0.6758 15.9414 1.4926 30.9395 -7.5919 0.0685
Car -1 -1 -5.3684 855.1931 185.9335 933.9507 212.9590 1.4146 1.8290 4.7065 16.7030 2.2343 42.7189 -4.9986 0.0666
Car -1 -1 -5.2704 903.9292 190.4918 978.7708 219.6582 1.3878 1.7959 4.0345 17.7801 2.3929 39.0132 -4.8462 0.0637
Cyclist -1 -1 -7.9126 701.0474 169.3791 711.2819 202.8128 1.6863 0.4217 1.6563 4.9169 1.5107 37.2325 -7.7828 0.0626
Car -1 -1 -4.8421 665.3366 174.1806 697.7840 199.1555 1.6337 1.7051 3.9292 4.8240 1.7279 49.4015 -4.7458 0.0498
Car -1 -1 -5.3620 895.3894 188.7801 978.9879 218.2636 1.4015 1.8186 4.4145 17.6251 2.3184 39.2002 -4.9429 0.0380
Cyclist -1 -1 -4.2746 969.7668 165.4301 998.6876 208.8696 1.8228 0.5398 1.4578 16.0074 1.5110 30.9378 -3.8014 0.0375
Car -1 -1 -5.4033 859.7170 184.8994 939.3613 212.5591 1.4455 1.9287 4.4296 16.8003 2.1899 42.2060 -5.0274 0.0329
Car -1 -1 -5.3863 848.6638 186.4530 928.3302 213.8713 1.4526 1.9177 4.7170 16.5634 2.3160 43.2846 -5.0237 0.0320
Car -1 -1 -8.5365 924.8821 164.2433 991.8258 195.9536 2.2175 1.8520 4.7167 25.4462 1.6151 52.9673 -8.0912 0.0287
Cyclist -1 -1 -4.5723 976.8324 166.4214 995.1437 208.7776 1.7715 0.5099 1.4187 16.0661 1.5022 30.9040 -4.0972 0.0274
Pedestrian -1 -1 -7.9188 951.9936 161.1544 968.1373 202.8362 1.8313 0.6234 0.3022 15.4588 1.3169 31.9567 -7.4722 0.0249
Cyclist -1 -1 -4.8684 972.6066 167.1915 993.3431 208.1096 1.7128 0.5690 1.4173 15.9518 1.4754 30.9643 -4.3970 0.0222
Car -1 -1 -5.3725 890.8416 188.3067 974.4250 217.9656 1.4142 1.6834 4.5888 17.4476 2.3090 39.3668 -4.9587 0.0207
Car -1 -1 -5.4007 903.0571 188.3634 981.3707 216.9348 1.3501 1.7407 3.8256 17.5624 2.2202 38.4189 -4.9754 0.0206
Car -1 -1 -4.2515 384.0440 179.6360 421.8488 200.7292 1.7405 1.5913 3.9204 -18.0387 2.3513 62.9411 -4.5299 0.0188
Cyclist -1 -1 -8.0139 897.2182 182.0493 913.8334 214.8174 1.6592 0.5339 1.7155 15.4869 2.1537 37.9323 -7.6296 0.0153
Car -1 -1 -5.3934 898.8765 188.8307 980.8788 217.8684 1.3673 1.6942 4.2427 17.5675 2.2749 38.7373 -4.9711 0.0106
Car -1 -1 -4.3872 382.8335 179.9857 416.2701 200.9966 1.7356 1.6338 3.9150 -18.3376 2.3771 62.9432 -4.6699 0.0105
Car -1 -1 -4.9564 381.7115 177.3566 420.3984 200.8093 1.6029 1.6769 4.4594 -15.2924 1.9453 52.5649 -5.2385 0.0103
Car -1 -1 -8.5325 919.6951 165.7511 984.7133 195.7894 2.1205 1.8438 4.6197 25.2047 1.6188 53.3987 -8.0939 0.0096
Cyclist -1 -1 -5.0957 966.7031 166.0358 993.6276 207.2917 1.7358 0.5522 1.3701 15.8803 1.4486 31.0642 -4.6274 0.0088
Car -1 -1 -4.3627 281.2659 183.7654 330.7806 206.2765 1.4621 1.8375 4.4120 -21.5612 2.2714 51.2887 -4.7591 0.0087
Car -1 -1 -4.4216 379.5021 180.4000 413.5697 201.5182 1.7427 1.8075 3.8859 -18.5810 2.4204 62.8806 -4.7082 0.0067
Cyclist -1 -1 -8.1083 894.8146 182.7211 913.8326 214.8380 1.6374 0.5197 1.6745 15.5238 2.1710 38.1800 -7.7254 0.0062
Car -1 -1 -4.3579 278.7876 184.0270 326.3326 206.6226 1.4687 1.7475 4.1964 -21.7541 2.2935 51.1478 -4.7584 0.0061
Cyclist -1 -1 -5.3059 1002.8594 180.0650 1044.6136 231.5705 1.8124 0.5460 1.5466 15.0731 2.0839 26.4049 -4.7927 0.0060
Pedestrian -1 -1 -4.9581 1017.9590 158.9720 1055.4124 214.9790 1.6531 0.7803 0.8726 12.8433 1.2431 21.8241 -4.4324 0.0057
Car -1 -1 -7.1746 225.0066 182.2857 286.9346 212.5391 2.1302 1.7144 4.5846 -26.8017 2.8772 54.7439 -7.6283 0.0055
Car -1 -1 -4.7905 904.3729 174.6941 1006.1768 259.4343 1.6215 1.6474 4.4510 7.5721 1.6688 16.2828 -4.3628 0.0050
Car -1 -1 -6.8539 0.0000 174.9247 234.3709 374.0000 1.5515 1.6863 3.9399 -3.7737 1.5661 3.1189 -7.6922 0.0048
Pedestrian -1 -1 -4.7203 1025.2831 153.9475 1058.2681 213.4659 1.7493 0.8400 0.9141 12.9899 1.1933 21.8119 -4.1894 0.0048
Car -1 -1 -7.2826 223.6685 182.3723 278.7183 212.7613 2.1511 1.6448 4.3484 -27.1701 2.9026 54.7383 -7.7417 0.0046
Car -1 -1 -8.6839 945.5376 177.2182 1041.0560 212.3612 1.5205 1.6203 3.8616 17.8277 1.7375 33.8295 -8.2030 0.0045
Car -1 -1 -4.3952 280.4518 183.6962 331.4217 207.0180 1.5135 1.9507 4.8034 -21.6857 2.3256 51.5942 -4.7916 0.0041
Car -1 -1 -4.3194 372.7108 182.2829 410.6668 202.6649 1.6287 1.7083 3.9788 -18.6227 2.4608 61.6332 -4.6120 0.0040
Car -1 -1 -4.7078 386.8769 182.2286 412.1699 205.3443 1.4838 1.6229 3.8436 -14.6227 2.1609 50.0661 -4.9909 0.0036
Pedestrian -1 -1 -4.3191 456.1529 183.6158 478.7550 238.7748 1.4347 0.4572 0.4326 -3.8262 1.7235 19.1250 -4.5146 0.0035
Car -1 -1 -7.8680 534.6119 171.6563 554.5516 191.9096 1.8374 1.7972 4.3709 -6.1899 1.7284 67.7264 -7.9591 0.0033
Car -1 -1 -4.0526 419.9294 180.2884 471.4262 202.0921 1.4704 1.6397 3.8051 -11.8558 2.0287 52.1414 -4.2754 0.0033
Car -1 -1 -4.4029 556.2063 178.9668 585.9871 197.1720 1.5383 1.5146 4.0017 -3.4657 2.1026 64.5232 -4.4568 0.0032
Car -1 -1 -8.6353 948.0446 176.0104 1038.1091 213.2778 1.6174 1.4703 3.7703 17.7386 1.7733 33.6757 -8.1546 0.0031
Car -1 -1 -8.9544 0.0000 0.0000 1241.0000 374.0000 1.5452 1.5870 3.5738 3.8642 1.5478 1.2850 -7.7719 0.0030
Car -1 -1 -8.9806 0.0000 0.0000 1241.0000 374.0000 1.5498 1.5846 3.5602 4.2330 1.5545 1.3120 -7.7728 0.0030
Car -1 -1 -8.9231 0.0000 0.0000 1241.0000 374.0000 1.5565 1.5812 3.5535 3.4570 1.5578 1.2476 -7.7724 0.0030
Car -1 -1 -4.6283 378.6875 182.9431 408.1055 205.5406 1.4445 1.6279 3.9465 -15.0275 2.1741 50.0960 -4.9186 0.0029
Car -1 -1 -4.4476 554.0787 178.9774 583.0237 196.9741 1.5147 1.5508 4.1445 -3.6850 2.0795 64.4035 -4.5049 0.0026
Car -1 -1 -8.0256 735.4328 159.7188 763.3321 185.4557 2.3255 1.7928 4.5999 12.9755 1.1383 67.5102 -7.8367 0.0025
Pedestrian -1 -1 -4.4760 1025.9343 151.0887 1064.2908 212.9310 1.8060 0.8152 0.8478 13.0130 1.1701 21.6594 -3.9412 0.0023
Car -1 -1 -4.6706 554.8981 180.0813 574.7196 198.0446 1.5107 1.6009 3.9724 -4.0223 2.1745 64.2956 -4.7332 0.0021
Car -1 -1 -3.9394 417.0864 181.0907 471.4997 203.4689 1.5133 1.5601 3.9157 -12.0165 2.1349 52.3997 -4.1641 0.0021
Car -1 -1 -7.6948 744.0820 162.5971 769.2333 186.5972 2.1637 1.6366 4.3634 13.7051 1.2387 67.3805 -7.4952 0.0020
Car -1 -1 -8.3467 722.0839 159.0291 764.1096 183.4918 2.2019 1.8003 4.8013 12.3733 0.9572 67.5081 -8.1664 0.0020
Car -1 -1 -7.8942 741.9290 160.0806 762.1008 186.0655 2.3479 1.6629 4.4703 13.2379 1.1934 67.5304 -7.7017 0.0018
Pedestrian -1 -1 -4.7853 716.7138 170.5379 736.2725 216.6265 1.8382 0.7378 0.5511 4.6470 1.7455 29.0833 -4.6291 0.0016
Car -1 -1 -4.3791 285.3081 183.1532 336.1434 207.4167 1.6164 2.0394 4.5022 -21.6550 2.3960 52.3324 -4.7700 0.0016
Car -1 -1 -8.1933 727.7758 158.5476 761.9631 183.5005 2.2541 1.7058 4.5931 12.5609 0.9615 67.5818 -8.0106 0.0016
Cyclist -1 -1 -4.6678 717.3072 171.1261 733.8773 218.2063 1.8699 0.6091 1.4446 4.6773 1.8010 29.4257 -4.5124 0.0015
Car -1 -1 -6.2641 448.8414 175.5056 495.6491 195.9976 1.7606 1.5505 3.9908 -12.0971 1.9972 63.3751 -6.4523 0.0014
Car -1 -1 -3.9609 412.3444 180.8168 470.3671 203.3651 1.5210 1.6892 4.2133 -12.2456 2.1249 52.5050 -4.1893 0.0014
Cyclist -1 -1 -7.8880 457.0129 182.6127 475.9655 239.2901 1.4103 0.4400 1.3127 -3.8137 1.6747 18.8810 -8.0853 0.0009
Pedestrian -1 -1 -7.0017 1103.5302 156.6138 1140.7661 228.9048 1.8771 0.6335 0.5104 13.4843 1.4551 19.0789 -6.3941 0.0009
Pedestrian -1 -1 -3.7295 1100.8586 159.0646 1130.2334 222.6439 1.6827 0.5581 0.4015 13.5214 1.3175 19.3784 -3.1278 0.0004
Cyclist -1 -1 -7.4535 661.2759 172.1667 679.0711 195.5720 1.8106 0.7280 1.8683 4.7187 1.7571 56.8141 -7.3714 0.0004
Car -1 -1 -4.8698 779.7606 158.8555 836.7876 202.0499 1.7274 1.7140 4.0877 8.3851 1.1673 30.9765 -4.6082 0.0004
Car -1 -1 -5.2196 769.0288 160.5368 861.6415 204.7936 1.7085 1.7914 4.3987 8.4277 1.2327 30.2027 -4.9504 0.0002
Car -1 -1 -5.0214 767.3613 171.7088 830.4109 207.9623 1.4722 1.5271 3.8294 8.0578 1.4253 31.2563 -4.7719 0.0002
Car -1 -1 -5.1310 766.9068 165.7958 850.1923 208.2227 1.6538 1.7283 4.3756 8.2110 1.3784 30.4223 -4.8703 0.0001
