Car -1 -1 -4.5050 552.3454 179.6862 615.4762 225.6723 1.5182 1.5764 3.7015 -0.9253 1.7860 26.3606 -4.5405 0.9998
Car -1 -1 -4.4360 304.5031 188.3196 520.2763 340.0861 1.4939 1.6544 3.8338 -2.3613 1.7378 9.4452 -4.6756 0.9997
Pedestrian -1 -1 -4.8087 870.1298 166.0918 886.7787 209.1789 1.6869 0.5608 0.5951 10.5949 1.4219 28.6077 -4.4578 0.8030
Pedestrian -1 -1 -4.8543 869.6338 165.9044 888.0863 208.8715 1.6745 0.5867 0.7001 10.5781 1.4033 28.5224 -4.5030 0.7372
Pedestrian -1 -1 -4.9334 866.7360 165.8827 886.1918 209.5036 1.7080 0.5933 0.6470 10.5166 1.4348 28.6111 -4.5849 0.6372
Pedestrian -1 -1 -7.8681 660.7000 172.9099 672.2663 205.1069 1.6591 0.5879 0.7344 2.8984 1.6617 37.5659 -7.7923 0.5850
Pedestrian -1 -1 -7.9920 658.2994 173.0860 671.3290 205.2456 1.6567 0.5802 0.7246 2.8107 1.6686 37.5549 -7.9184 0.4710
Pedestrian -1 -1 -8.1478 865.9015 166.9283 886.8848 210.7227 1.7032 0.5839 0.7384 10.4520 1.4725 28.4461 -7.7995 0.4045
Pedestrian -1 -1 -7.8616 661.3663 172.9682 674.2879 205.7617 1.6763 0.6575 0.8255 2.9477 1.6819 37.3197 -7.7840 0.3802
Pedestrian -1 -1 -7.9353 657.3535 173.0251 671.3032 205.8764 1.6773 0.6474 0.8753 2.7638 1.6860 37.2857 -7.8625 0.2044
Pedestrian -1 -1 -7.9036 660.6914 173.0906 672.9668 205.5087 1.6776 0.6037 0.6945 2.9270 1.6897 37.6984 -7.8273 0.2025
Pedestrian -1 -1 -4.9335 656.8510 173.4308 671.1693 205.7731 1.6712 0.6019 0.7164 2.7795 1.7013 37.6957 -4.8610 0.1751
Pedestrian -1 -1 -3.9092 0.0000 222.4220 25.7465 309.8425 1.1738 0.4000 0.3905 -8.6335 1.8855 10.1491 -4.6013 0.0898
Car -1 -1 -4.9117 876.1099 171.3745 917.9023 198.2104 1.4575 1.4762 3.7934 16.2868 1.3768 41.1836 -4.5378 0.0238
Cyclist -1 -1 -5.5547 915.1950 166.2234 957.7158 208.0663 1.5296 0.5538 1.4542 12.2237 1.2869 27.1535 -5.1361 0.0222
Car -1 -1 -5.0364 864.8737 171.9995 915.2873 198.8925 1.4638 1.5192 3.8553 15.8994 1.4170 41.2312 -4.6711 0.0209
Car -1 -1 -4.7927 886.0472 170.2344 921.9230 198.2161 1.5127 1.5535 4.0749 16.6883 1.3708 41.1822 -4.4105 0.0207
Car -1 -1 -5.7469 981.1135 174.4329 1114.2582 222.5491 1.4495 1.5418 3.4335 14.2455 1.5052 23.7357 -5.2123 0.0204
Car -1 -1 -4.4063 478.6679 177.5384 507.5731 194.5927 1.5478 1.5838 4.0114 -11.1175 2.0074 68.7384 -4.5664 0.0184
Car -1 -1 -4.8088 475.9023 178.3788 496.6582 195.6485 1.5584 1.5629 4.0163 -11.8120 2.1000 68.6245 -4.9790 0.0165
Pedestrian -1 -1 -8.6284 925.5828 166.4649 950.7857 209.7328 1.5997 0.6147 0.6020 12.2615 1.3632 27.0649 -8.2075 0.0163
Car -1 -1 -4.6049 478.9326 178.2055 499.9721 195.4158 1.5581 1.5541 4.0042 -11.4575 2.0820 68.6360 -4.7700 0.0137
Cyclist -1 -1 -3.1256 907.4726 166.9519 956.2714 209.4104 1.5591 0.5602 1.6575 12.0325 1.3421 27.0952 -2.7121 0.0137
Car -1 -1 -7.1425 879.5663 168.3947 958.8940 196.6291 1.5246 1.7219 4.3109 17.4093 1.2835 40.6856 -6.7411 0.0133
Car -1 -1 -5.1858 867.6016 168.8111 912.7498 190.1542 1.6478 1.6916 4.0695 22.3646 1.3354 57.8205 -4.8188 0.0131
Car -1 -1 -5.2603 863.8879 169.6663 912.7589 190.7219 1.6216 1.6672 4.2596 22.2084 1.3758 57.8141 -4.8955 0.0130
Car -1 -1 -5.5095 978.9564 171.8413 1107.8605 221.1330 1.4919 1.5485 3.5493 14.0868 1.4610 23.7552 -4.9800 0.0114
Car -1 -1 -4.5525 672.9361 174.7961 701.9071 194.3177 1.4793 1.6437 4.2297 6.1667 1.6395 57.3827 -4.4464 0.0109
Cyclist -1 -1 -3.1840 914.0900 164.7218 960.5822 207.7224 1.5803 0.6186 1.5608 12.2266 1.2811 27.0922 -2.7645 0.0106
Car -1 -1 -5.1967 853.4431 170.6451 918.6269 198.4145 1.5037 1.6805 4.2477 15.6662 1.3838 41.2837 -4.8367 0.0102
Cyclist -1 -1 -8.7248 909.5143 165.8655 955.6754 209.7018 1.6122 0.5601 1.6133 12.1782 1.3548 27.3832 -8.3107 0.0098
Car -1 -1 -4.5056 884.1853 168.8640 915.7278 189.6587 1.5999 1.5785 3.8908 23.1336 1.2926 57.5693 -4.1256 0.0092
Car -1 -1 -5.0073 873.4901 167.9146 911.3580 189.8331 1.6959 1.6879 4.1418 22.6023 1.3134 57.9556 -4.6374 0.0091
Pedestrian -1 -1 -5.8456 308.7940 170.4900 325.1665 226.4363 1.9821 0.5460 0.3441 -10.5390 1.8980 25.8445 -6.2296 0.0090
Car -1 -1 -4.8528 399.3177 180.7181 474.9573 234.5172 1.4397 1.6744 4.2569 -5.4699 1.7070 22.2642 -5.0915 0.0087
Car -1 -1 -4.7118 883.6871 168.2745 907.2457 189.2181 1.6188 1.7023 4.1988 22.9229 1.2645 58.0341 -4.3376 0.0078
Car -1 -1 -4.8138 388.7165 181.2827 468.6865 240.2272 1.4475 1.7734 4.4715 -5.3778 1.7184 20.8104 -5.0642 0.0075
Car -1 -1 -5.0004 663.8638 174.8614 698.2780 194.0321 1.4484 1.6045 4.0969 5.5559 1.6131 57.1319 -4.9044 0.0069
Car -1 -1 -5.1321 870.7469 168.0097 911.7783 188.7449 1.5992 1.6393 3.7862 22.3658 1.2253 57.5802 -4.7636 0.0067
Car -1 -1 -6.2907 825.7037 166.1421 892.4243 190.1491 1.6691 1.7212 4.4459 17.7677 1.2022 51.6856 -5.9616 0.0064
Car -1 -1 -5.0767 659.7358 174.3290 694.5118 194.2845 1.5144 1.5174 3.6801 5.2398 1.6347 57.0240 -4.9859 0.0062
Car -1 -1 -8.0084 871.5097 166.8839 903.1356 186.8514 1.5670 1.7597 4.2674 22.5605 1.0982 58.8954 -7.6445 0.0062
Car -1 -1 -5.2489 654.5495 174.7461 698.8634 193.8838 1.4414 1.5930 4.1243 5.1943 1.5963 56.9845 -5.1588 0.0060
Car -1 -1 -4.7878 398.1097 181.7392 467.2285 236.5820 1.4075 1.6724 4.2167 -5.4202 1.7000 21.5157 -5.0323 0.0060
Car -1 -1 -5.2188 652.7999 174.5591 694.9574 193.8691 1.4553 1.5878 3.9469 4.9650 1.5944 56.8788 -5.1326 0.0058
Car -1 -1 -5.3417 523.8912 175.3062 566.3140 193.3071 1.5843 1.6737 4.2875 -6.0122 1.8165 66.2565 -5.4322 0.0058
Car -1 -1 -4.5134 541.4274 175.5729 566.2462 193.6811 1.6019 1.5595 3.7950 -5.1593 1.8592 66.4005 -4.5910 0.0052
Car -1 -1 -4.8531 882.1651 167.6942 912.5045 188.8572 1.6231 1.6925 3.9575 22.8103 1.2271 57.4597 -4.4772 0.0052
Car -1 -1 -4.5538 349.8761 177.8942 377.2665 198.3390 1.6388 1.6452 3.4888 -20.6901 2.0748 60.6097 -4.8817 0.0051
Car -1 -1 -4.7423 673.7149 174.8999 695.4271 194.3458 1.4731 1.5802 4.0933 5.8527 1.6410 57.1991 -4.6412 0.0051
Car -1 -1 -6.6567 830.0837 165.1789 895.4511 189.9634 1.7334 1.6998 4.0521 17.9386 1.1963 51.3939 -6.3229 0.0050
Car -1 -1 -4.7902 541.5107 175.7588 561.8151 193.5735 1.5737 1.5695 3.7542 -5.4115 1.8486 66.3632 -4.8716 0.0050
Car -1 -1 -4.6068 392.0336 180.1923 471.0111 239.6252 1.4684 1.7267 4.3102 -5.0300 1.7008 20.6322 -4.8435 0.0047
Pedestrian -1 -1 -5.5406 1030.7037 160.1750 1064.2739 216.7808 1.5587 0.6265 0.5173 12.1980 1.2093 20.2061 -5.0042 0.0045
Car -1 -1 -5.1491 600.1891 174.2626 632.4046 190.5670 1.5547 1.7209 3.8247 0.5724 1.6976 71.2612 -5.1414 0.0045
Car -1 -1 -4.7144 701.6190 172.9777 719.5529 188.0339 1.4108 1.6678 4.0250 9.6947 1.4228 69.7498 -4.5771 0.0043
Car -1 -1 -4.7046 349.0518 177.7941 370.7839 198.2597 1.6304 1.6721 3.7755 -20.9843 2.0586 60.5304 -5.0372 0.0043
Car -1 -1 -4.8751 609.1219 175.0536 632.2582 191.3227 1.5522 1.6737 3.9094 1.0111 1.7760 71.4545 -4.8614 0.0042
Car -1 -1 -5.2025 866.8281 168.8858 910.7662 190.2186 1.6411 1.6088 3.9057 22.1523 1.3356 57.5457 -4.8370 0.0042
Car -1 -1 -8.2247 862.6436 167.3446 902.8091 186.7386 1.5320 1.6745 4.1494 22.2479 1.0965 59.0810 -7.8664 0.0041
Car -1 -1 -5.3012 594.2283 174.6671 629.0665 190.4735 1.5045 1.6549 3.7003 0.1176 1.6880 71.1346 -5.2999 0.0041
Car -1 -1 -4.9433 668.3348 174.2601 696.4415 194.5458 1.5469 1.4311 3.5542 5.6724 1.6616 57.1357 -4.8452 0.0040
Car -1 -1 -4.8831 702.2222 172.3457 726.0710 186.7092 1.3620 1.6800 3.7509 10.0998 1.3135 70.3177 -4.7413 0.0033
Car -1 -1 -4.4081 611.3740 175.1601 639.1016 191.1274 1.5219 1.6850 3.8048 1.5197 1.7566 71.4446 -4.3873 0.0032
Car -1 -1 -4.1816 615.6307 173.6637 650.7908 189.4290 1.5025 1.7414 3.8774 2.2967 1.5844 71.0875 -4.1498 0.0032
Car -1 -1 -5.1746 859.9504 166.5961 901.0768 186.0470 1.5342 1.5919 3.8314 22.0052 1.0403 58.9025 -4.8189 0.0031
Car -1 -1 -5.3576 859.6489 170.0917 911.9188 190.7722 1.5858 1.6653 4.2522 21.9239 1.3737 57.6018 -4.9959 0.0030
Car -1 -1 -4.5324 702.2834 173.9219 723.7025 191.5311 1.6318 1.5155 2.9729 9.8052 1.7356 68.7120 -4.3916 0.0030
Car -1 -1 -5.2551 527.8665 175.2565 568.5588 193.0743 1.5680 1.7208 4.3611 -5.7413 1.7963 66.3786 -5.3414 0.0026
Car -1 -1 -5.2221 528.0366 175.3219 564.2133 192.2055 1.4865 1.5960 3.9136 -5.9112 1.7197 66.1971 -5.3112 0.0026
Pedestrian -1 -1 -8.5226 1131.9016 159.6847 1177.2500 233.6048 1.5922 0.5882 0.5342 11.8780 1.3082 15.8181 -7.8878 0.0025
Car -1 -1 -4.1623 613.0261 174.0832 647.1674 190.4101 1.5588 1.6936 3.6841 1.9899 1.6832 71.1959 -4.1348 0.0024
Car -1 -1 -4.5862 705.6463 174.2503 725.3575 191.6096 1.6045 1.4856 3.0659 10.0332 1.7403 68.6371 -4.4420 0.0022
Car -1 -1 -4.7894 676.2697 173.7719 697.8386 194.1879 1.5628 1.4291 3.4455 6.0477 1.6374 57.1299 -4.6848 0.0021
Car -1 -1 -4.6556 699.4973 173.8297 719.6293 191.6866 1.6491 1.6899 3.9604 9.5219 1.7449 68.9703 -4.5194 0.0021
Car -1 -1 -5.4720 57.5229 164.8373 165.2644 201.7843 1.5719 1.6556 3.9601 -22.0706 1.2305 31.9198 -6.0732 0.0018
Cyclist -1 -1 -7.4083 693.4241 172.6587 710.1883 194.0527 1.6328 0.6886 1.5527 7.0908 1.6176 55.9068 -7.2832 0.0017
Cyclist -1 -1 -7.1181 1039.2939 153.3702 1094.4965 203.1791 1.8830 0.8973 1.7058 17.6404 1.1461 27.9412 -6.5599 0.0015
Car -1 -1 -5.0692 861.0093 168.3636 905.3169 189.7852 1.6457 1.8077 4.5987 21.7591 1.3004 57.7326 -4.7108 0.0015
Car -1 -1 -4.9468 417.5751 178.3779 448.6133 201.9011 1.7301 1.4729 3.9159 -13.8178 2.1753 56.1210 -5.1875 0.0014
Pedestrian -1 -1 -4.2514 1204.3000 161.1192 1241.0000 234.5464 1.4848 0.5627 0.5039 12.7325 1.2472 14.9491 -3.5559 0.0013
Car -1 -1 -4.6289 704.0125 172.9935 724.2349 189.1405 1.5071 1.6157 3.8547 10.0245 1.5206 69.4383 -4.4865 0.0013
Car -1 -1 -3.9889 53.3769 159.3105 159.8703 199.2039 1.6549 1.6983 3.9110 -22.2144 1.0928 31.9756 -4.5923 0.0013
Car -1 -1 -4.5855 700.2886 174.0803 722.7805 191.1490 1.5752 1.6517 3.9254 9.7161 1.6958 69.0020 -4.4466 0.0012
Car -1 -1 -4.8904 535.5007 178.4390 563.0580 200.0938 1.5767 1.5188 3.4244 -4.7133 2.0191 55.3407 -4.9754 0.0011
Cyclist -1 -1 -7.0915 1032.3206 155.6440 1088.9098 207.3469 1.9556 0.8270 1.8300 17.3866 1.3043 27.9227 -6.5396 0.0010
Car -1 -1 -4.4791 701.4043 174.0434 725.7034 191.7149 1.6340 1.5124 3.5937 9.8961 1.7506 68.9294 -4.3374 0.0009
Cyclist -1 -1 -7.3679 692.7747 173.3317 710.2397 194.4939 1.6182 0.6867 1.5864 7.0869 1.6556 56.0578 -7.2432 0.0008
Cyclist -1 -1 -8.6380 841.1674 166.4730 924.9697 266.6284 1.7840 0.4716 1.6155 5.0882 1.6700 13.6840 -8.2900 0.0006
Cyclist -1 -1 -7.5576 689.7016 173.1773 705.0590 194.7042 1.6449 0.7383 1.6474 6.7680 1.6701 56.0637 -7.4385 0.0006
Cyclist -1 -1 -8.8903 1099.3176 157.2071 1241.0000 345.6666 1.6705 0.4764 1.7173 5.9000 1.5315 7.2819 -8.2296 0.0006
Cyclist -1 -1 -7.2772 1035.7180 150.1582 1084.9191 204.3269 2.0640 0.8918 1.6354 17.5820 1.1989 28.2462 -6.7253 0.0006
Cyclist -1 -1 -8.9187 1136.6755 152.6817 1241.0000 353.4247 1.6730 0.4114 1.7188 6.0040 1.5046 6.8892 -8.2234 0.0006
Pedestrian -1 -1 -5.3831 694.2227 183.3032 745.5417 302.8015 1.6305 0.4029 0.6518 1.5056 1.7849 10.2953 -5.2435 0.0004
Cyclist -1 -1 -4.6843 661.0240 173.0054 672.1036 205.9808 1.6921 0.5415 1.4548 2.9282 1.6999 37.7835 -4.6080 0.0004
Pedestrian -1 -1 -5.4341 689.9278 187.6573 736.0958 296.2690 1.5141 0.3897 0.5604 1.4383 1.7361 10.4929 -5.3031 0.0004
Cyclist -1 -1 -8.4249 673.1276 173.0175 694.3993 195.8555 1.7467 0.7520 1.8745 5.7084 1.7594 56.2060 -8.3246 0.0003
Pedestrian -1 -1 -5.2290 714.8923 190.7971 758.5969 300.7799 1.4949 0.4007 0.5230 1.7348 1.7567 10.2248 -5.0671 0.0002
Cyclist -1 -1 -4.8268 657.3966 173.8765 671.1663 206.1471 1.6533 0.5510 1.4630 2.7944 1.7076 37.7564 -4.7540 0.0001
Cyclist -1 -1 -8.4585 672.7354 171.6048 694.5640 195.5566 1.8265 0.8043 1.7970 5.6795 1.7309 56.0030 -8.3584 0.0001
