Car -1 -1 -6.6300 738.2982 183.2307 908.3044 243.3337 1.5138 1.6908 4.0711 5.6321 1.8082 19.5009 -6.3537 0.9999
Car -1 -1 -2.8428 141.6864 175.4070 388.9056 269.0969 1.6748 1.6684 4.0268 -6.5787 1.7281 14.0503 -3.2739 0.9998
Car -1 -1 -6.8922 925.4634 182.6929 1241.0000 314.4849 1.5863 1.6474 3.6162 6.3626 1.7309 9.7226 -6.3275 0.9993
Car -1 -1 -5.6863 0.0000 184.3416 336.2656 326.3620 1.5963 1.6497 3.9825 -5.8383 1.7564 9.1653 -6.2408 0.9988
Car -1 -1 -7.9455 635.9874 184.6283 677.2850 215.8775 1.3180 1.5687 3.8971 2.0940 1.9029 33.8901 -7.8850 0.9974
Car -1 -1 -6.0678 374.2519 181.6153 498.2544 223.4156 1.5202 1.5966 4.3417 -6.5788 1.8632 27.4308 -6.3015 0.9937
Car -1 -1 -2.7792 281.6158 185.2646 445.6793 242.6796 1.4302 1.5786 3.8222 -6.5274 1.7751 19.2083 -3.1031 0.9908
Car -1 -1 -5.7713 66.1787 187.6639 378.1871 291.7384 1.4999 1.6146 4.1419 -6.0919 1.7542 11.5271 -6.2485 0.9795
Car -1 -1 -7.0024 1022.9130 196.1159 1241.0000 355.4143 1.4103 1.5571 3.6479 6.4694 1.6768 7.4514 -6.3077 0.9696
Car -1 -1 -5.5772 0.0000 193.9726 202.8444 374.0000 1.5315 1.6168 3.7923 -6.2986 1.7572 6.8847 -6.2991 0.9653
Car -1 -1 -2.7702 216.4684 186.4212 417.8951 253.0345 1.4319 1.5997 4.0004 -6.6966 1.7600 16.6523 -3.1476 0.9171
Car -1 -1 -2.2745 0.0000 201.7186 92.1477 374.0000 1.4423 1.5995 4.1887 -6.0292 1.6592 4.5766 -3.1677 0.8865
Car -1 -1 -6.0809 367.4866 180.7097 496.6495 222.8932 1.5310 1.6647 4.5264 -6.7308 1.8394 27.4421 -6.3197 0.8007
Car -1 -1 -5.5823 0.0000 191.7496 197.9523 374.0000 1.5388 1.6153 3.9399 -6.3934 1.7400 6.8218 -6.3159 0.7982
Car -1 -1 -6.9440 1027.2109 194.2785 1241.0000 360.8125 1.4230 1.6063 3.7838 6.5255 1.6657 7.2895 -6.2345 0.7966
Car -1 -1 -5.5274 0.0000 196.8871 203.9757 374.0000 1.4761 1.5890 3.5902 -6.2279 1.7383 7.0037 -6.2355 0.7689
Car -1 -1 -4.7595 553.8809 178.8170 576.5605 199.0053 1.5333 1.6289 4.0228 -3.6639 2.0306 58.1240 -4.8226 0.6926
Car -1 -1 -2.3196 0.0000 202.7032 87.9558 374.0000 1.4380 1.5925 4.0750 -5.9285 1.6607 4.4390 -3.2185 0.6870
Car -1 -1 -6.9664 1032.6744 192.8232 1241.0000 359.3089 1.4455 1.5457 3.6834 6.5094 1.6694 7.2810 -6.2576 0.6740
Car -1 -1 -4.8297 550.6013 178.7935 576.7354 198.8541 1.5213 1.6279 4.0886 -3.7945 2.0174 58.1530 -4.8950 0.6686
Car -1 -1 -2.7945 279.4887 184.9539 443.6558 242.4037 1.4298 1.5476 3.8129 -6.5478 1.7637 19.1135 -3.1209 0.6637
Car -1 -1 -2.2617 0.0000 209.9331 102.7178 374.0000 1.4048 1.6155 4.1171 -5.9865 1.6876 4.6977 -3.1393 0.6568
Car -1 -1 -2.6766 217.6727 187.1818 421.7608 252.9583 1.4026 1.6452 4.1182 -6.7312 1.7563 16.8258 -3.0522 0.6246
Car -1 -1 -5.0321 542.8149 179.0340 577.6712 198.9529 1.5026 1.5935 4.0550 -4.0617 2.0174 57.9612 -5.1022 0.5659
Car -1 -1 -4.7400 556.1887 179.1059 577.3972 198.6777 1.4765 1.5799 4.0006 -3.5170 1.9950 57.8123 -4.8009 0.5405
Car -1 -1 -5.5842 0.0000 200.0786 202.1518 374.0000 1.4662 1.6046 3.8603 -6.2923 1.7548 6.8006 -6.3114 0.4813
Car -1 -1 -4.6435 554.8893 179.1128 579.6037 198.5458 1.4755 1.7021 4.3746 -3.4492 2.0007 58.3930 -4.7027 0.4785
Car -1 -1 -4.7415 553.1486 179.4135 575.2545 198.9347 1.4588 1.6314 4.0944 -3.7040 2.0001 57.4558 -4.8060 0.4616
Car -1 -1 -7.6807 618.3009 177.3747 643.5182 195.7933 1.4963 1.5345 3.7298 1.7889 1.8941 61.5683 -7.6522 0.4608
Pedestrian -1 -1 -2.9477 489.4468 177.9903 513.7053 219.7647 1.7095 0.5144 0.9116 -4.5286 1.9238 29.8713 -3.0974 0.4394
Car -1 -1 -5.1026 629.3668 180.6007 682.3314 208.6212 1.4672 1.5888 4.0275 2.5166 1.9318 41.1391 -5.0425 0.4294
Car -1 -1 -4.9822 630.0676 181.0840 676.1034 208.9517 1.4568 1.5884 4.0311 2.3609 1.9499 41.1198 -4.9258 0.4251
Car -1 -1 -7.6067 618.9694 177.1303 648.0214 195.7700 1.5116 1.5740 3.9017 2.0136 1.8886 61.5652 -7.5746 0.4217
Car -1 -1 -5.7121 0.0000 190.7753 193.7570 374.0000 1.5502 1.6292 4.0251 -6.3544 1.7419 6.5738 -6.4603 0.4209
Car -1 -1 -7.7970 515.8338 181.6370 542.8992 206.3543 1.4815 1.5265 3.6718 -5.1898 2.0694 46.4528 -7.9081 0.4182
Car -1 -1 -4.9757 543.6072 178.6027 576.9290 198.9827 1.5461 1.6552 4.1420 -4.0785 2.0274 58.2225 -5.0457 0.4161
Car -1 -1 -4.5644 555.3780 179.2762 582.4584 198.6844 1.4691 1.5959 4.0782 -3.2985 2.0047 58.1104 -4.6213 0.4136
Car -1 -1 -4.9446 631.0224 180.9327 674.6970 208.5031 1.4322 1.5834 3.9549 2.3309 1.9119 40.7895 -4.8885 0.4114
Car -1 -1 -7.7619 617.5074 177.5782 639.1432 195.7457 1.4757 1.5242 3.5639 1.5609 1.8898 61.4355 -7.7370 0.3806
Pedestrian -1 -1 -4.7217 946.3514 154.4090 965.8400 204.2998 1.9173 0.6759 0.6057 13.4495 1.2081 28.1449 -4.2802 0.3786
Car -1 -1 -7.9350 506.9930 178.6960 534.8384 202.4437 1.5547 1.6196 3.7526 -6.2646 1.9772 50.2238 -8.0588 0.3753
Car -1 -1 -5.0471 540.6027 178.8842 576.0237 199.3486 1.5464 1.5607 4.1451 -4.2234 2.0497 58.0394 -5.1199 0.3331
Pedestrian -1 -1 -2.6564 492.7919 178.5429 516.2724 220.4114 1.7058 0.4930 0.8275 -4.4082 1.9439 29.8676 -2.8022 0.3310
Pedestrian -1 -1 -4.7486 946.1757 153.7738 967.2807 204.1264 1.9301 0.7171 0.5346 13.4258 1.1984 28.0445 -4.3065 0.2974
Car -1 -1 -7.8800 513.5916 181.7403 539.0386 206.3770 1.4742 1.5271 3.5461 -5.4425 2.0681 46.3837 -7.9966 0.2922
Car -1 -1 -6.1724 436.9780 180.4137 519.5560 214.3378 1.5738 1.6048 3.7653 -6.3443 1.9480 34.8170 -6.3518 0.2508
Car -1 -1 -4.6201 500.3525 182.7325 534.1120 210.3732 1.4594 1.5707 3.9410 -5.3285 2.0550 41.5218 -4.7474 0.2397
Car -1 -1 -6.4821 455.5082 182.4102 536.8329 215.6765 1.5184 1.6569 3.6584 -5.5954 2.0025 35.1601 -6.6393 0.2345
Car -1 -1 -3.0115 429.1339 179.4433 516.2017 214.7603 1.6421 1.7191 3.9446 -6.6213 1.9692 34.8805 -3.1982 0.2206
Car -1 -1 -7.9677 503.7292 178.3559 533.8567 202.3127 1.5672 1.6354 3.9965 -6.4284 1.9669 50.3176 -8.0945 0.2193
Car -1 -1 -3.0001 423.4982 180.1711 512.4094 214.2676 1.5784 1.7145 4.0019 -6.8274 1.9405 34.7729 -3.1930 0.2038
Car -1 -1 -4.9336 544.6149 179.3619 575.9236 199.3027 1.4900 1.6264 4.0900 -4.0302 2.0285 57.5384 -5.0037 0.2013
Car -1 -1 -6.6557 453.3782 182.0477 539.0176 216.2971 1.5565 1.6641 3.8020 -5.6047 2.0282 35.3687 -6.8123 0.1903
Car -1 -1 -7.2551 324.8402 183.9256 452.9699 241.7548 1.4635 1.5944 4.0386 -6.4132 1.8226 21.2562 -7.5453 0.1733
Car -1 -1 -4.7682 553.9190 179.3331 577.9556 200.0812 1.5192 1.6378 4.1179 -3.4989 2.0437 56.3092 -4.8304 0.1620
Car -1 -1 -4.6060 502.4254 182.9666 536.5574 210.1966 1.4371 1.5484 3.8205 -5.1887 2.0445 41.4334 -4.7303 0.1487
Car -1 -1 -6.2508 455.0861 181.7807 534.9320 215.0184 1.5290 1.6619 3.7169 -5.5494 1.9725 34.8158 -6.4082 0.1370
Car -1 -1 -8.0405 505.1715 182.4059 539.2928 207.1529 1.4705 1.5354 3.5489 -5.6982 2.1083 46.2827 -8.1628 0.1244
Car -1 -1 -7.0628 320.9304 184.2235 455.0723 241.3848 1.4856 1.6213 3.7888 -6.5821 1.8583 21.6196 -7.3555 0.1062
Car -1 -1 -2.9598 390.3985 175.9429 488.7107 212.1770 1.6883 1.6567 4.3749 -8.1770 1.8406 34.7111 -3.1899 0.1056
Car -1 -1 -7.8675 474.6222 179.8155 510.5951 219.6748 1.6037 1.4572 2.3444 -5.0626 1.9125 30.7598 -8.0298 0.0998
Car -1 -1 -4.9391 629.6445 180.8154 672.7814 207.9188 1.4516 1.6514 3.9190 2.3051 1.9368 41.9334 -4.8851 0.0983
Car -1 -1 -6.1117 407.8575 179.5374 514.9926 220.5207 1.6594 1.6316 4.2006 -6.2339 1.9486 30.3788 -6.3129 0.0832
Car -1 -1 -4.7874 631.3408 180.1874 664.8887 208.5871 1.4746 1.5699 4.0548 2.0589 1.9074 40.5681 -4.7376 0.0825
Car -1 -1 -4.6668 497.9533 183.1839 531.3397 210.8182 1.4539 1.7266 4.0254 -5.4857 2.0789 41.5958 -4.7976 0.0749
Car -1 -1 -7.4905 350.0921 186.0086 451.5588 241.5431 1.4695 1.6462 4.0438 -6.3384 1.9114 22.1673 -7.7664 0.0713
Car -1 -1 -7.3128 331.8955 185.2774 451.0775 243.7117 1.5021 1.6077 3.9031 -6.4290 1.9084 21.5271 -7.6003 0.0686
Car -1 -1 -6.1284 340.4286 180.2334 458.5368 219.6023 1.5763 1.5960 4.5801 -8.8172 1.8977 30.3739 -6.4091 0.0612
Car -1 -1 -7.9827 368.0353 184.7925 441.6852 239.4798 1.4962 1.7591 3.6752 -6.5607 1.9047 22.6658 -8.2619 0.0581
Car -1 -1 -7.4719 339.6085 184.0900 447.0601 244.2508 1.5968 1.7298 4.0820 -6.5268 1.9729 22.0561 -7.7569 0.0577
Car -1 -1 -6.4166 530.5380 179.7362 577.0656 196.9495 1.5014 1.7290 3.9966 -5.1151 2.1351 65.2109 -6.4950 0.0540
Car -1 -1 -4.4995 631.3011 178.6545 673.3351 206.4415 1.5427 1.6740 4.1752 2.5516 1.9079 43.2281 -4.4415 0.0497
Car -1 -1 -4.6755 632.5675 178.4219 662.7120 206.0840 1.5461 1.6615 4.1045 2.2641 1.8962 43.2981 -4.6241 0.0449
Car -1 -1 -2.2407 312.3054 183.7591 445.9770 237.6977 1.4870 1.7515 4.1947 -7.3051 1.8562 22.5531 -2.5510 0.0385
Car -1 -1 -2.4426 300.6972 184.9747 445.3438 238.4338 1.4767 1.6861 4.1039 -7.3325 1.8751 22.1822 -2.7588 0.0318
Car -1 -1 -2.6980 291.3199 183.7078 445.9590 237.2823 1.5098 1.7043 4.1157 -7.3049 1.8552 21.8810 -3.0171 0.0299
Car -1 -1 -3.0440 288.1905 182.9386 438.6402 239.1567 1.5456 1.6737 4.1052 -7.2871 1.8646 21.5683 -3.3666 0.0288
Car -1 -1 -2.5509 464.9923 184.3013 535.1851 211.1233 1.4121 1.5572 3.6726 -6.2467 2.0817 40.7390 -2.7026 0.0268
Car -1 -1 -4.2254 499.9146 182.5605 555.0522 210.5610 1.4699 1.4933 3.8983 -4.7140 2.0548 41.4124 -4.3385 0.0265
Car -1 -1 -2.3439 466.4418 184.5501 535.5197 211.5840 1.4096 1.5979 3.9183 -6.2601 2.1036 41.0141 -2.4949 0.0251
Cyclist -1 -1 -4.7257 143.2494 183.8609 157.4561 223.1423 1.5843 0.4864 1.6898 -19.4234 2.0608 30.4129 -5.2903 0.0237
Car -1 -1 -4.8253 627.8115 179.4065 661.8972 206.1836 1.4894 1.5762 4.1001 2.0068 1.9010 43.2579 -4.7797 0.0226
Car -1 -1 -2.9142 342.3108 178.1159 460.0154 219.9161 1.6957 1.7359 4.5030 -8.7910 1.9250 30.4997 -3.1930 0.0224
Car -1 -1 -6.0477 409.4082 178.8302 516.3897 220.3363 1.6945 1.7109 4.1692 -6.2351 1.9558 30.6540 -6.2472 0.0214
Car -1 -1 -6.0908 358.7273 178.3937 472.7712 221.3263 1.7478 1.6794 4.4326 -8.2081 1.9902 30.6174 -6.3511 0.0210
Car -1 -1 -3.1314 485.5165 180.0578 537.7639 204.4139 1.6042 1.5563 3.4677 -6.7099 2.1040 49.0981 -3.2670 0.0141
Car -1 -1 -7.9535 468.1057 178.6767 510.9297 219.8003 1.6489 1.4991 3.3206 -5.3013 1.9153 31.2404 -8.1207 0.0118
Car -1 -1 -8.0877 526.1873 179.8224 551.3409 196.1665 1.4124 1.5293 3.4193 -6.5432 2.0657 65.8111 -8.1867 0.0102
Car -1 -1 -7.9956 528.5089 180.3987 552.8503 197.2861 1.4464 1.6459 4.1103 -6.3883 2.1586 65.9500 -8.0921 0.0101
Car -1 -1 -6.6213 630.2153 180.0222 694.8683 206.1286 1.4655 1.5324 3.4729 3.0357 1.8979 42.3590 -6.5508 0.0100
Cyclist -1 -1 -7.8920 147.3594 179.1373 161.2486 219.3177 1.6197 0.4303 1.7044 -19.1026 1.8893 30.1684 -8.4527 0.0094
Car -1 -1 -6.4256 632.2703 180.6891 696.6905 206.4915 1.4521 1.5159 3.5585 3.1080 1.9176 42.0194 -6.3528 0.0089
Car -1 -1 -7.9463 530.4913 180.0343 551.7586 196.7936 1.4450 1.5846 3.8328 -6.3458 2.1215 65.9825 -8.0422 0.0069
Car -1 -1 -3.0623 503.5325 179.4177 551.3737 195.4656 1.4014 1.8349 4.1376 -7.4039 1.9996 64.8063 -3.1759 0.0057
Car -1 -1 -3.2303 499.0099 179.6278 552.9897 196.0783 1.4168 1.8368 4.6583 -7.5646 2.0363 64.6468 -3.3467 0.0052
Car -1 -1 -8.0822 522.7650 179.4520 553.2011 197.2447 1.5214 1.7795 4.5466 -6.6430 2.1464 65.9427 -8.1826 0.0041
Cyclist -1 -1 -6.8223 1194.5308 154.2682 1241.0000 209.8528 2.1080 0.8841 1.9244 23.9609 1.4028 27.9564 -6.1192 0.0040
Car -1 -1 -4.3715 539.2629 175.7157 569.8996 193.2549 1.6461 1.6181 4.4108 -5.4177 1.9359 70.8205 -4.4479 0.0024
Car -1 -1 -3.5580 0.0000 202.0376 94.6921 374.0000 1.4482 1.6287 4.2523 -4.9977 1.6714 3.2808 -4.5101 0.0018
Car -1 -1 -3.8201 0.0000 204.9780 88.7833 374.0000 1.4325 1.5907 4.2275 -4.6582 1.6711 3.2259 -4.7461 0.0015
