Pedestrian -1 -1 -6.0597 190.8316 188.3775 252.6807 319.6214 1.6067 0.6925 0.5635 -4.9166 1.6997 9.2434 -6.5429 0.8587
Pedestrian -1 -1 -6.4791 1174.1139 147.9507 1237.0000 360.6974 1.6215 0.5467 0.5177 4.9916 1.3665 5.8373 -5.7991 0.7321
Pedestrian -1 -1 -8.1650 830.3860 131.9329 913.3813 321.1595 1.8949 0.6756 0.5087 2.7409 1.3993 7.4559 -7.8297 0.6082
Pedestrian -1 -1 -6.7122 1155.5692 156.4739 1237.0000 362.5558 1.5803 0.4784 0.5518 4.8671 1.3891 5.8067 -6.0421 0.5593
Pedestrian -1 -1 -3.2168 980.5688 156.9010 1001.4731 211.9357 1.7213 0.6854 0.5273 12.3775 0.9524 22.8862 -2.7309 0.5366
Pedestrian -1 -1 -3.0762 984.9066 159.2765 1002.3416 214.6264 1.7229 0.6605 0.4499 12.3987 1.0316 22.7586 -2.5872 0.5093
Pedestrian -1 -1 -4.7819 946.8774 153.6172 988.0400 257.7718 1.7444 0.5835 0.5954 6.2716 1.2780 12.4161 -4.3279 0.4575
Pedestrian -1 -1 -6.9803 856.8267 131.9418 933.5727 319.8163 1.9315 0.5943 0.4968 3.1069 1.4227 7.7472 -6.6162 0.4176
Pedestrian -1 -1 -3.6155 999.3423 154.1494 1073.7416 297.1877 1.6072 0.6590 0.4886 5.0277 1.3006 8.4117 -3.0958 0.4137
Pedestrian -1 -1 -8.5979 843.4011 127.7143 928.7664 323.8875 1.9483 0.6567 0.5117 2.9127 1.4149 7.4959 -8.2447 0.3603
Pedestrian -1 -1 -3.8573 1000.3528 154.6719 1075.5227 298.7089 1.6029 0.5845 0.4738 4.9972 1.3051 8.3265 -3.3360 0.3569
Pedestrian -1 -1 -3.2588 1174.8906 142.9002 1237.0000 354.6972 1.6488 0.5262 0.4856 5.0395 1.3491 5.9440 -2.5826 0.3477
Pedestrian -1 -1 -5.2428 884.7670 159.6291 906.0192 204.3699 1.7595 0.5735 0.5639 11.6685 0.8998 28.5721 -4.8633 0.3006
Cyclist -1 -1 -7.4656 1143.1370 150.9110 1237.0000 366.9782 1.6052 0.4809 1.4174 5.0254 1.3787 5.8891 -6.7864 0.2752
Pedestrian -1 -1 -4.2449 943.6282 150.8448 995.4947 257.6247 1.7585 0.6065 0.5516 6.2248 1.2543 12.2381 -3.7883 0.2714
Pedestrian -1 -1 -7.1909 169.4400 175.2443 210.8641 240.9545 1.7875 0.7102 0.7135 -11.4432 1.6178 19.9442 -7.7114 0.1385
Pedestrian -1 -1 -2.9547 884.1523 142.5089 937.1202 317.4521 1.8347 0.4898 0.4589 3.3373 1.4265 7.8636 -2.5709 0.1359
Pedestrian -1 -1 -3.0477 885.0095 142.9246 932.3383 311.3303 1.8185 0.4829 0.4560 3.4076 1.4027 8.0760 -2.6656 0.1242
Pedestrian -1 -1 -2.4651 0.0000 194.1929 21.0200 288.4558 1.6756 0.5058 0.4239 -11.0379 1.9121 13.0950 -3.1613 0.1184
Pedestrian -1 -1 -4.2822 935.5774 152.4658 985.7776 257.9710 1.7316 0.5708 0.5969 6.0560 1.2557 12.1999 -3.8353 0.1130
Pedestrian -1 -1 -3.8078 993.3342 154.2072 1063.3734 298.0627 1.6034 0.4763 0.5061 4.8619 1.2999 8.2807 -3.2961 0.1121
Car -1 -1 -6.1979 90.7853 189.0828 264.0286 254.7450 1.4916 1.5411 3.6382 -10.5634 1.6990 18.1312 -6.7245 0.0940
Car -1 -1 -7.9437 447.2816 172.2406 504.8751 220.3543 1.5641 1.6592 3.5447 -4.4965 1.2635 25.2808 -8.1231 0.0938
Pedestrian -1 -1 -3.9285 935.7064 154.7317 1002.0035 278.1645 1.6726 0.4991 0.6759 5.1031 1.3105 10.0806 -3.4757 0.0934
Pedestrian -1 -1 -3.6828 982.2234 155.7504 1054.5287 295.8181 1.6029 0.5556 0.5239 4.8755 1.3089 8.5084 -3.1811 0.0826
Car -1 -1 -4.8965 439.6323 170.0389 507.2296 221.2971 1.6103 1.6078 3.6469 -4.4686 1.2507 24.5571 -5.0798 0.0759
Car -1 -1 -3.0494 61.1021 196.8419 240.6393 262.5219 1.4218 1.4917 3.6238 -10.9618 1.8321 17.7123 -3.6024 0.0752
Cyclist -1 -1 -4.7976 1172.8733 143.7570 1237.0000 369.7944 1.6273 0.4644 1.4280 5.0050 1.3563 5.8935 -4.1208 0.0707
Car -1 -1 -6.4448 436.1912 171.8390 548.4373 218.6384 1.5327 1.6057 3.6227 -3.8167 1.2167 24.8541 -6.6008 0.0658
Car -1 -1 -7.4543 437.8466 171.5144 522.8992 219.2968 1.5466 1.6518 3.6774 -4.1826 1.2238 25.2303 -7.6221 0.0592
Car -1 -1 -4.9415 433.9095 172.2717 500.7810 220.0347 1.5207 1.4777 3.5456 -4.7149 1.2274 24.7913 -5.1327 0.0583
Car -1 -1 -4.9811 438.2238 171.1548 512.8303 220.0832 1.5520 1.6086 3.6054 -4.4317 1.2243 24.7582 -5.1615 0.0566
Cyclist -1 -1 -8.1790 980.8940 160.1270 1014.2150 207.0980 1.6591 0.5631 1.6126 14.4123 0.9045 26.2143 -7.6855 0.0547
Pedestrian -1 -1 -7.2848 162.9702 175.3131 203.4922 241.5613 1.8049 0.7131 0.6901 -11.6270 1.6369 19.9307 -7.8125 0.0524
Cyclist -1 -1 -2.5196 126.4480 176.6727 219.4397 241.6318 1.7486 0.9205 2.0611 -11.8688 1.6192 19.8823 -3.0573 0.0518
Pedestrian -1 -1 -2.2652 0.0000 190.5910 13.5832 287.5128 1.7119 0.5977 0.4889 -11.2511 1.8824 13.0871 -2.9710 0.0465
Cyclist -1 -1 -7.8143 868.1490 133.3993 914.1243 330.2888 1.8784 0.4114 1.6336 3.0610 1.4202 7.6855 -7.4526 0.0461
Car -1 -1 -8.2365 429.1187 173.3183 509.5656 221.1164 1.5464 1.5518 3.5054 -4.7064 1.2822 25.1348 -8.4249 0.0430
Car -1 -1 -3.0064 396.4826 172.6595 507.6817 217.3806 1.4795 1.4560 3.5713 -5.0784 1.1874 24.6174 -3.2129 0.0389
Car -1 -1 -6.1980 80.4130 191.4594 250.2160 258.2458 1.4936 1.5142 3.5053 -10.7602 1.7630 17.9458 -6.7371 0.0379
Pedestrian -1 -1 -4.1301 944.4111 153.3808 1008.3821 282.8478 1.7141 0.4809 0.7020 5.1161 1.3425 9.8949 -3.6691 0.0364
Cyclist -1 -1 -8.3190 981.4299 155.5626 1090.0093 301.8036 1.5602 0.3829 1.5969 5.0105 1.2842 8.4707 -7.8037 0.0351
Cyclist -1 -1 -5.5000 155.7970 173.6566 236.1348 241.0945 1.8070 0.8675 1.8733 -11.2643 1.5973 19.9144 -6.0144 0.0331
Pedestrian -1 -1 -7.2715 174.7988 174.9975 214.4473 241.4204 1.8302 0.7120 0.6807 -11.4391 1.6516 20.1566 -7.7874 0.0326
Car -1 -1 -6.5163 435.4713 172.4669 550.9712 218.4017 1.5103 1.5542 3.7199 -3.7992 1.2138 25.0411 -6.6705 0.0325
Car -1 -1 -7.1898 433.1153 170.7985 543.2009 218.2921 1.5358 1.8549 3.8696 -3.9308 1.1902 25.3710 -7.3470 0.0271
Pedestrian -1 -1 -7.7643 1013.5463 151.5758 1040.8047 204.3812 1.6710 0.7167 0.5247 13.6938 0.7245 23.1525 -7.2401 0.0268
Pedestrian -1 -1 -7.8511 1018.7340 151.9256 1044.0404 204.2540 1.6582 0.6930 0.5041 13.8255 0.7215 23.1556 -7.3228 0.0233
Car -1 -1 -7.8404 448.6924 171.5157 503.3970 217.5371 1.5374 1.8118 3.6823 -4.5341 1.2043 25.9612 -8.0167 0.0223
Pedestrian -1 -1 -7.8710 1011.1171 152.4281 1037.1520 204.5979 1.6592 0.7110 0.5047 13.6393 0.7350 23.2385 -7.3502 0.0220
Car -1 -1 -2.7229 400.3082 172.5571 510.3186 216.4464 1.4616 1.4420 3.4648 -5.0844 1.1642 24.9954 -2.9266 0.0216
Car -1 -1 -7.7677 447.5807 172.1815 505.1689 221.1264 1.5652 1.6691 3.5774 -4.2737 1.2677 24.8266 -7.9415 0.0209
Car -1 -1 -5.9389 69.2212 188.1362 253.7752 252.7420 1.5104 1.5876 3.6613 -11.0166 1.6893 18.1695 -6.4829 0.0204
Pedestrian -1 -1 -3.5192 824.1748 164.2147 848.9071 215.8335 1.5681 0.6087 0.5333 7.2130 1.0434 22.1442 -3.2128 0.0203
Car -1 -1 -8.0492 432.0851 171.8826 506.0643 219.5225 1.5733 1.8679 3.9245 -4.8707 1.2561 25.8920 -8.2385 0.0194
Cyclist -1 -1 -5.7052 149.7381 175.2103 229.1588 241.3987 1.8082 0.8297 1.7602 -11.5341 1.6369 20.0888 -6.2261 0.0191
Cyclist -1 -1 -5.1125 928.0173 152.3592 1003.0496 263.4242 1.7567 0.5010 1.6622 6.0977 1.2964 12.2041 -4.6630 0.0191
Car -1 -1 -6.8142 438.8497 171.6079 557.7980 218.1579 1.5209 1.6207 3.8632 -3.6105 1.1982 25.3112 -6.9596 0.0183
Car -1 -1 -6.3299 437.7672 172.5195 547.7885 216.5168 1.4825 1.5988 3.7282 -3.8756 1.1803 25.3614 -6.4851 0.0169
Car -1 -1 -7.4996 439.8318 170.4613 525.7787 217.7184 1.5626 1.8106 3.9188 -4.1881 1.1980 25.8477 -7.6638 0.0166
Car -1 -1 -6.0379 63.9795 191.6496 247.9194 256.5347 1.4733 1.5057 3.6540 -11.0185 1.7456 17.9705 -6.5868 0.0160
Car -1 -1 -7.2744 441.6119 169.3601 545.3173 217.7958 1.5933 1.8374 3.9281 -3.8007 1.1944 25.7979 -7.4243 0.0150
Car -1 -1 -6.1691 433.0877 170.5107 536.4149 214.8972 1.5136 1.5793 3.4494 -4.0829 1.1393 25.3683 -6.3322 0.0140
Car -1 -1 -2.3986 402.5369 171.5366 511.4678 215.4359 1.4418 1.6641 3.5547 -5.1114 1.1150 25.2206 -2.6016 0.0136
Cyclist -1 -1 -2.3281 136.7365 176.7028 224.3766 242.1218 1.7486 0.9341 2.0671 -11.7051 1.6209 19.9382 -2.8586 0.0136
Pedestrian -1 -1 -7.8768 1016.2485 149.1680 1044.3120 203.6441 1.7281 0.7588 0.5782 13.8281 0.7029 23.2242 -7.3496 0.0118
Pedestrian -1 -1 -4.3385 971.3736 154.3244 1030.0721 284.5755 1.7037 0.4695 0.7535 5.4133 1.3489 9.8195 -3.8513 0.0115
Car -1 -1 -7.4220 458.0345 173.6653 552.7548 220.5107 1.5219 1.8118 4.0598 -3.3296 1.2678 25.5439 -7.5555 0.0110
Cyclist -1 -1 -5.1449 938.6830 151.1980 1018.5782 260.7126 1.7302 0.5443 1.6155 6.2979 1.2521 12.1644 -4.6813 0.0107
Cyclist -1 -1 -7.4958 149.5343 175.6255 212.6895 244.2881 1.7966 0.8885 1.9197 -11.5836 1.6434 19.8165 -8.0244 0.0103
Car -1 -1 -8.0218 444.1860 166.8925 516.4908 219.8401 1.6561 1.8057 3.7484 -4.2363 1.1997 24.5371 -8.1961 0.0093
Cyclist -1 -1 -4.9779 940.7867 155.4224 1000.7525 260.8881 1.7034 0.5114 1.5249 6.2979 1.2829 12.3992 -4.5217 0.0083
Car -1 -1 -6.7721 433.7774 172.3195 558.8966 217.1738 1.4821 1.6872 4.1102 -3.7280 1.1792 25.6364 -6.9202 0.0081
Car -1 -1 -7.7899 829.7174 163.8959 886.4608 217.2934 1.5836 1.5351 3.5316 8.3240 1.0620 23.2295 -7.4544 0.0076
Cyclist -1 -1 -7.7634 181.9059 174.2454 220.4908 243.1541 1.8099 0.7696 1.8639 -11.0799 1.6199 19.8752 -8.2717 0.0070
Car -1 -1 -3.2273 143.2850 186.3307 325.9244 245.8482 1.3695 1.7784 4.0709 -9.5106 1.5078 18.6562 -3.6983 0.0064
Pedestrian -1 -1 -3.5973 824.2333 167.4058 855.1926 216.6791 1.4771 0.7027 0.6498 7.2376 1.0551 21.9291 -3.2871 0.0062
Car -1 -1 -2.9860 397.6512 171.4376 508.3151 219.2122 1.6211 1.6931 3.6037 -5.1835 1.2801 25.3092 -3.1911 0.0060
Cyclist -1 -1 -7.5368 170.8669 173.1423 230.7778 242.9269 1.8383 0.9052 1.9055 -11.1129 1.6186 19.9438 -8.0449 0.0056
Car -1 -1 -3.0015 389.4528 169.2540 504.4691 215.6039 1.5561 1.6840 3.7331 -5.3432 1.1454 25.0920 -3.2143 0.0049
Car -1 -1 -3.3350 165.2657 182.3276 377.8217 242.0087 1.4095 1.8300 4.9058 -8.7488 1.4346 19.1966 -3.7628 0.0044
Car -1 -1 -7.9199 988.4625 162.3585 1041.7542 199.2771 1.3066 1.4986 3.2358 15.5791 0.6296 27.2065 -7.4090 0.0039
Car -1 -1 -3.1839 136.0624 182.7437 359.1024 244.2942 1.4253 1.9530 4.9929 -9.1343 1.4618 18.7612 -3.6368 0.0034
Car -1 -1 -8.0755 977.8903 161.8489 1042.8717 198.4369 1.2981 1.4990 2.8839 15.3224 0.6013 27.0808 -7.5696 0.0028
Cyclist -1 -1 -6.7142 959.4476 154.8789 1120.5182 295.8661 1.6007 0.4144 1.5943 5.0685 1.2992 8.4346 -6.1921 0.0027
Cyclist -1 -1 -7.5049 157.4680 176.0508 219.3306 243.1258 1.7642 0.8904 1.9033 -11.4361 1.6214 19.9078 -8.0260 0.0026
Cyclist -1 -1 -6.7201 970.2106 155.1362 1125.5936 296.4110 1.5810 0.4528 1.4843 5.0975 1.2866 8.3329 -6.1904 0.0024
Pedestrian -1 -1 -4.0270 952.3206 164.0128 1018.1786 290.4372 1.5172 0.4892 0.5496 4.7311 1.3080 8.9557 -3.5584 0.0020
Pedestrian -1 -1 -2.6117 774.5253 160.4217 789.9699 211.1987 1.8632 0.5290 0.3374 6.6898 1.0902 26.6662 -2.3733 0.0016
Cyclist -1 -1 -8.0048 796.2220 162.2663 819.5893 216.1000 1.7199 0.4898 1.6134 6.7941 1.1058 23.7795 -7.7345 0.0016
Car -1 -1 -7.9392 995.2909 146.3801 1055.3010 192.1855 1.4618 1.4761 3.0588 14.4318 0.3414 24.6226 -7.4186 0.0016
Pedestrian -1 -1 -4.4031 158.8602 185.9877 213.4858 307.4711 1.6184 0.5075 0.5563 -5.7692 1.6831 9.9189 -4.9244 0.0012
Car -1 -1 -8.0470 992.8721 144.4249 1076.1965 199.2529 1.7257 1.6656 4.0193 14.7894 0.5592 24.7814 -7.5185 0.0012
Pedestrian -1 -1 -3.5599 784.7554 162.5352 803.2863 212.5462 1.6621 0.5562 0.4080 6.4533 1.0322 24.1817 -3.3069 0.0011
Pedestrian -1 -1 -3.9473 791.9841 163.2624 816.0517 211.9697 1.5937 0.6478 0.4354 6.7086 0.9974 23.8942 -3.6815 0.0009
Pedestrian -1 -1 -3.7908 161.8764 182.5811 229.0457 306.1190 1.6791 0.4581 0.6932 -5.7896 1.6957 10.1796 -4.3028 0.0008
Car -1 -1 -6.4728 994.6602 157.6137 1126.3372 196.5732 1.3282 1.5203 3.7634 16.3829 0.5143 25.8720 -5.9178 0.0007
Pedestrian -1 -1 -5.4296 804.7386 167.9414 824.8023 207.9448 1.5076 0.6202 0.4056 8.1105 0.9970 27.3860 -5.1493 0.0007
Car -1 -1 -6.8757 983.9883 159.4467 1115.3528 198.9989 1.4045 1.5645 3.8914 16.3746 0.6218 26.3806 -6.3296 0.0004
Pedestrian -1 -1 -3.3679 792.4512 159.9326 809.1137 210.5871 1.6844 0.5491 0.4230 6.6771 0.9677 24.1689 -3.1062 0.0004
