Car -1 -1 -4.4090 318.6809 184.6599 364.8157 208.4233 1.4386 1.7642 3.9127 -17.6901 2.2509 47.6654 -4.7629 0.9558
Car -1 -1 -4.0440 125.5961 193.3422 191.0078 219.8798 1.4883 1.5632 3.6274 -28.2986 2.8272 45.2730 -4.6003 0.9554
Car -1 -1 -4.1680 214.2477 188.8713 275.7311 214.3456 1.5010 1.6604 4.2050 -23.9222 2.6008 47.3938 -4.6335 0.9189
Car -1 -1 -7.8283 556.0515 174.1047 577.6652 193.3056 1.5572 1.7180 4.0766 -3.6325 1.6660 60.8526 -7.8880 0.8378
Car -1 -1 -4.0076 125.9311 193.0374 192.4069 219.5415 1.4852 1.5748 3.5957 -28.2083 2.8026 45.2134 -4.5630 0.7672
Car -1 -1 -7.7770 557.0672 174.6133 579.6424 193.2444 1.5107 1.6127 3.8162 -3.5041 1.6633 60.7906 -7.8347 0.7407
Car -1 -1 -4.1770 213.8053 189.2895 275.3668 215.1800 1.5151 1.6156 4.3116 -23.8647 2.6410 47.2334 -4.6429 0.7238
Car -1 -1 -4.0837 123.6112 192.8549 191.1419 219.8127 1.5114 1.6408 3.8518 -28.4093 2.8237 45.3720 -4.6407 0.6863
Car -1 -1 -4.4258 319.3559 182.7803 365.9964 207.4255 1.5051 1.7542 4.3370 -17.7728 2.1968 48.0761 -4.7784 0.6629
Car -1 -1 -4.4267 320.9557 184.3585 363.0377 208.5643 1.4680 1.6205 3.6737 -17.5990 2.2542 47.4402 -4.7805 0.6382
Car -1 -1 -4.3248 319.1249 182.7835 370.8723 207.6568 1.5205 1.7035 4.3806 -17.6215 2.2127 48.1007 -4.6745 0.6368
Car -1 -1 -4.4128 321.5774 184.8465 364.9990 208.0832 1.4066 1.6411 3.7771 -17.5688 2.2294 47.5964 -4.7649 0.6255
Car -1 -1 -4.0280 123.7766 193.0315 189.4230 219.3030 1.4708 1.6421 3.4680 -28.2507 2.7805 45.0199 -4.5860 0.6030
Car -1 -1 -7.9181 553.8348 174.1032 577.2327 193.6505 1.5832 1.7024 4.1376 -3.8082 1.6921 60.8765 -7.9806 0.5969
Car -1 -1 -4.4739 317.3184 183.7894 361.0248 208.4015 1.4902 1.8157 3.9345 -17.8291 2.2422 47.5781 -4.8310 0.5814
Car -1 -1 -4.1979 210.5735 188.9015 271.3010 214.6438 1.5139 1.7245 4.1162 -24.0606 2.6087 47.1406 -4.6679 0.5645
Car -1 -1 -4.2048 211.2437 188.6959 271.1177 214.7812 1.5298 1.7009 4.0560 -23.9109 2.6038 46.8742 -4.6745 0.5524
Car -1 -1 -4.4606 317.9955 183.7125 359.8302 208.9631 1.5279 1.6892 3.7142 -17.7338 2.2680 47.2618 -4.8181 0.5459
Car -1 -1 -4.0802 120.3454 193.0331 186.4175 219.8460 1.5031 1.6927 3.5850 -28.4834 2.8152 45.0790 -4.6413 0.5112
Car -1 -1 -4.2351 210.1756 189.3590 270.8589 214.6246 1.4873 1.7937 4.2385 -24.2046 2.6193 47.3762 -4.7055 0.4914
Car -1 -1 -7.7440 556.9781 172.7141 582.9595 193.6577 1.7055 1.7214 4.4165 -3.3708 1.6938 61.0081 -7.7993 0.3955
Car -1 -1 -4.5875 557.4435 174.3221 581.8884 192.8278 1.4917 1.6036 3.6255 -3.3676 1.6179 60.3206 -4.6434 0.3944
Car -1 -1 -4.4780 557.0672 173.9400 586.8207 193.0690 1.5486 1.6326 3.9395 -3.1914 1.6428 60.7332 -4.5306 0.3758
Car -1 -1 -4.6824 555.2792 173.8470 576.2372 192.6803 1.5169 1.6368 3.7178 -3.6891 1.6020 60.1977 -4.7436 0.3719
Car -1 -1 -4.1709 119.9722 194.1297 186.7375 220.6947 1.4753 1.7073 4.0291 -28.6449 2.8723 45.3554 -4.7318 0.3624
Car -1 -1 -4.3611 321.2926 185.1612 367.9966 208.6809 1.4116 1.6118 3.9483 -17.3814 2.2525 47.3456 -4.7115 0.3534
Car -1 -1 -4.1388 202.0754 188.7477 266.7742 215.6079 1.5460 1.7248 4.0850 -23.9689 2.6089 46.1506 -4.6158 0.3335
Car -1 -1 -6.8876 960.1571 176.5370 1091.5701 217.3042 1.4592 1.6135 4.0705 15.4538 1.6017 26.9903 -6.3727 0.3223
Car -1 -1 -4.5727 316.7484 183.6051 354.5180 209.0543 1.5291 1.7677 4.0295 -17.9776 2.2664 47.3391 -4.9342 0.3014
Car -1 -1 -7.0002 960.1760 172.0387 1058.6218 213.9858 1.4997 1.5962 2.8725 14.8057 1.4703 26.8877 -6.5019 0.2918
Car -1 -1 -6.1366 963.0617 173.7864 1099.0149 218.1821 1.4934 1.6219 4.0870 15.2137 1.5295 26.2520 -5.6167 0.2740
Car -1 -1 -6.2859 967.1895 171.6194 1069.5095 215.2421 1.5126 1.5710 3.1819 14.8726 1.4695 26.4752 -5.7792 0.2719
Car -1 -1 -6.1014 964.5787 171.4024 1081.5035 215.7847 1.5081 1.5729 3.4686 14.9289 1.4585 26.2312 -5.5892 0.2691
Pedestrian -1 -1 -6.8208 1089.0682 186.3125 1113.3383 223.0579 1.8601 0.6488 0.8137 25.2278 2.5587 37.1242 -6.2283 0.2453
Car -1 -1 -7.1008 959.9308 176.0882 1082.8143 216.9083 1.4522 1.6422 4.1732 15.5082 1.5806 27.3038 -6.5893 0.1992
Car -1 -1 -4.8263 550.4176 174.1271 575.5607 193.8609 1.5910 1.6541 4.0180 -4.0035 1.7013 60.5719 -4.8924 0.1932
Car -1 -1 -6.9104 960.9773 174.5854 1080.9785 215.2741 1.4499 1.6062 3.6279 15.1748 1.5164 26.8076 -6.4004 0.1825
Car -1 -1 -6.0453 968.7228 171.5773 1102.7610 216.8146 1.5019 1.6436 3.8683 15.1581 1.4592 25.8849 -5.5209 0.1391
Car -1 -1 -5.9946 962.6234 172.2776 1100.8965 216.8429 1.4860 1.6305 4.0193 15.1103 1.4665 26.0754 -5.4747 0.1316
Car -1 -1 -5.9752 959.5696 171.1437 1093.7222 216.5411 1.5178 1.6203 3.8977 14.9456 1.4604 26.1038 -5.4605 0.1260
Car -1 -1 -6.7978 963.9133 177.0055 1095.5605 218.9649 1.5007 1.5699 3.9646 15.4457 1.6589 26.7545 -6.2795 0.1232
Pedestrian -1 -1 -6.9821 1091.4072 186.0147 1115.8097 222.7962 1.8592 0.7000 0.7652 25.3616 2.5434 37.1379 -6.3873 0.1169
Car -1 -1 -4.3210 556.1555 174.6989 590.6421 193.1809 1.4757 1.5603 3.7358 -3.0351 1.6341 60.0354 -4.3716 0.1144
Car -1 -1 -6.6027 961.5505 174.5918 1089.2772 215.7673 1.4447 1.6097 3.7553 15.1459 1.5111 26.5638 -6.0896 0.1055
Car -1 -1 -4.3396 559.0559 173.9764 593.7142 193.0100 1.5342 1.5992 3.8867 -2.8060 1.6313 60.5051 -4.3861 0.0829
Car -1 -1 -4.0655 191.2990 189.0719 261.4845 216.9172 1.5707 1.7111 4.2090 -24.1279 2.6428 45.4954 -4.5509 0.0826
Pedestrian -1 -1 -3.7854 839.5779 170.8898 856.7796 211.2138 1.7391 0.5361 0.4868 10.3370 1.6541 31.4514 -3.4712 0.0645
Car -1 -1 -5.7541 955.5615 170.8969 1067.8999 216.1020 1.5389 1.5580 3.2374 14.5489 1.4720 26.3513 -5.2548 0.0569
Pedestrian -1 -1 -8.0336 1226.3583 169.6334 1241.0000 229.7526 1.7820 0.6445 0.4926 19.0153 1.6862 21.7623 -7.3226 0.0551
Car -1 -1 -4.9553 544.2676 173.7927 576.1788 194.2446 1.6525 1.7062 4.2399 -4.2574 1.7342 60.7871 -5.0253 0.0517
Car -1 -1 -5.8280 958.4344 170.9142 1073.8384 215.9222 1.5190 1.5412 3.3014 14.5983 1.4533 26.1463 -5.3240 0.0440
Cyclist -1 -1 -5.2165 1217.1887 170.3656 1241.0000 229.7742 1.7227 0.6255 1.4978 19.0513 1.6502 21.7201 -4.5036 0.0430
Car -1 -1 -8.5738 952.2204 171.8795 1064.9115 216.4204 1.5352 1.5440 3.7842 14.6755 1.5013 26.8867 -8.0792 0.0405
Pedestrian -1 -1 -4.9775 1219.2036 170.6731 1241.0000 229.6282 1.7520 0.6065 0.4726 18.8083 1.6869 21.7854 -4.2724 0.0395
Car -1 -1 -5.6021 953.4343 171.8110 1054.2896 216.1951 1.5154 1.4845 2.9376 14.2233 1.4795 26.2774 -5.1110 0.0360
Cyclist -1 -1 -5.4887 1211.4084 170.9744 1241.0000 231.0597 1.7305 0.5865 1.7655 19.0881 1.6760 21.6796 -4.7739 0.0307
Cyclist -1 -1 -5.1581 1211.4633 172.3972 1241.0000 231.7590 1.7135 0.5763 1.6141 18.8063 1.7000 21.6811 -4.4508 0.0261
Car -1 -1 -6.2178 540.8958 174.3989 591.3437 192.6876 1.4934 1.5917 4.0833 -3.6386 1.6230 59.8613 -6.2786 0.0250
Car -1 -1 -3.5236 550.2776 174.7713 601.0928 193.2479 1.4919 1.6215 3.9075 -2.8826 1.6555 60.1347 -3.5716 0.0240
Car -1 -1 -6.5693 552.3090 174.5536 602.9232 192.6189 1.4624 1.6351 3.9075 -2.7270 1.6070 60.0853 -6.6148 0.0233
Car -1 -1 -9.0060 960.5371 169.9914 1091.8334 215.8098 1.5209 1.6062 3.7587 14.8212 1.4256 25.9384 -8.4922 0.0225
Car -1 -1 -3.3939 549.1114 175.3928 597.8570 193.5813 1.4797 1.6560 3.7832 -3.0913 1.6968 60.4334 -3.4451 0.0217
Car -1 -1 -8.5061 955.7579 171.0746 1042.7546 215.1122 1.5383 1.4266 2.7779 14.2785 1.4758 26.6920 -8.0199 0.0211
Car -1 -1 -6.0670 539.6047 174.1381 590.5414 193.0216 1.5429 1.5701 3.9975 -3.7563 1.6517 60.1845 -6.1294 0.0171
Car -1 -1 -3.6198 552.6404 174.8164 608.3302 194.5500 1.5902 1.6184 4.3992 -2.4767 1.7588 60.2949 -3.6611 0.0164
Car -1 -1 -8.5771 951.2148 170.0544 1039.5989 214.5753 1.5501 1.4234 2.7166 14.0975 1.4523 26.6104 -8.0949 0.0118
Car -1 -1 -6.3938 553.8792 174.1837 598.3448 192.9516 1.5208 1.6068 3.5168 -2.8450 1.6325 59.6893 -6.4416 0.0094
Car -1 -1 -4.0382 478.7667 177.0473 532.0728 198.9049 1.5161 1.6745 4.1232 -7.6753 1.8372 53.0944 -4.1814 0.0091
Car -1 -1 -4.1852 518.9984 176.9342 564.9296 197.5274 1.4864 1.6876 4.0486 -5.1806 1.8103 55.1402 -4.2788 0.0083
Car -1 -1 -4.4916 520.8008 177.3558 552.4665 197.0057 1.4304 1.6250 3.8161 -5.6249 1.7884 55.4289 -4.5926 0.0080
Car -1 -1 -6.4823 551.6824 174.6381 599.7751 192.9213 1.4821 1.4932 3.7667 -2.8797 1.6329 59.9065 -6.5305 0.0079
Car -1 -1 -4.8063 1174.6229 178.5280 1237.8806 222.4269 1.4446 1.4395 3.0570 21.2396 1.6607 25.8472 -4.1244 0.0057
Cyclist -1 -1 -7.8393 1194.1897 174.1802 1214.4938 220.7545 1.6239 0.5513 1.9875 21.5013 1.6734 26.1502 -7.1571 0.0057
Cyclist -1 -1 -8.1603 1215.1118 170.8720 1241.0000 231.0635 1.7335 0.5463 1.6744 18.7757 1.6762 21.6581 -7.4532 0.0056
Car -1 -1 -6.7039 901.5696 181.3350 964.2272 204.2796 1.5542 1.7180 3.6048 22.4778 2.1563 50.3811 -6.2869 0.0055
Car -1 -1 -4.7777 514.2273 177.9498 537.7343 199.7224 1.5925 1.5476 3.9258 -6.5566 2.0010 55.8152 -4.8945 0.0052
Car -1 -1 -4.6821 1178.1611 173.7034 1240.2214 219.2158 1.5223 1.6374 3.7393 21.7079 1.5551 26.1543 -3.9952 0.0052
Car -1 -1 -4.8261 1179.1208 177.4664 1241.0000 221.5923 1.4612 1.4814 3.0321 21.5205 1.6373 25.9193 -4.1392 0.0051
Car -1 -1 -4.7032 1184.8314 172.5953 1241.0000 218.2936 1.5269 1.7961 4.0443 22.0766 1.5179 26.2311 -4.0095 0.0049
Car -1 -1 -4.8826 507.1520 178.3437 534.7682 199.9301 1.5749 1.5070 3.6777 -6.9221 2.0128 55.6256 -5.0062 0.0049
Car -1 -1 -5.0679 497.9761 178.0640 534.7526 199.6501 1.5698 1.5670 3.8312 -7.2680 1.9853 55.5272 -5.1978 0.0048
Pedestrian -1 -1 -3.0959 0.0000 168.1226 25.9613 232.4821 1.9078 0.6917 0.8073 -18.3157 1.7672 21.9071 -3.7864 0.0046
Car -1 -1 -4.4379 223.9962 185.9890 284.0430 217.9968 1.4035 1.6223 3.9618 -17.4435 2.0867 35.4509 -4.8925 0.0045
Car -1 -1 -5.9214 528.6855 173.4853 585.9882 192.6640 1.5542 1.6636 4.4516 -4.3979 1.6076 59.9953 -5.9946 0.0044
Car -1 -1 -4.7681 1170.2719 177.3860 1233.0757 219.9271 1.4177 1.5405 3.7014 21.5293 1.5956 26.4145 -4.0901 0.0044
Car -1 -1 -4.8493 1181.8590 175.5870 1241.0000 220.9875 1.5017 1.6783 3.3865 21.8490 1.6069 25.9732 -4.1559 0.0041
Car -1 -1 -4.8007 1162.5043 177.4061 1224.8386 220.9949 1.4658 1.4589 3.3138 21.2497 1.6434 26.4212 -4.1292 0.0036
Car -1 -1 -4.7748 378.2713 181.0629 432.8918 235.5870 1.5331 1.4344 3.4797 -6.5418 1.8128 22.7331 -5.0525 0.0034
Car -1 -1 -6.5867 906.9642 182.1902 964.1466 205.5105 1.5623 1.5882 3.2919 22.5352 2.2229 50.1014 -6.1668 0.0031
Car -1 -1 -6.3685 555.7336 175.4613 606.0446 195.4541 1.6213 1.6154 4.0446 -2.4591 1.8411 59.8449 -6.4098 0.0021
Car -1 -1 -5.5209 1168.1895 178.6121 1241.0000 222.8828 1.3777 1.5653 3.8220 21.6355 1.5923 24.9492 -4.8127 0.0020
Car -1 -1 -5.4886 1171.0555 180.1546 1241.0000 221.0962 1.2882 1.6146 3.5815 21.8250 1.5615 25.2016 -4.7811 0.0020
Car -1 -1 -4.4027 901.7343 181.7977 953.6661 212.5912 1.4725 1.4457 3.6036 16.4580 1.9584 37.3959 -3.9916 0.0013
Car -1 -1 -5.2157 1171.2495 177.1107 1241.0000 223.2743 1.4591 1.6964 3.7775 21.5827 1.6193 25.1967 -4.5136 0.0012
Car -1 -1 -5.3964 986.1929 181.5258 1081.9995 221.9250 1.4172 1.3519 3.3568 16.2125 1.7727 27.8348 -4.8741 0.0011
Car -1 -1 -4.5026 905.7728 183.6422 949.6468 213.7982 1.4275 1.4905 2.9222 16.2482 2.0038 36.9383 -4.0917 0.0007
Pedestrian -1 -1 -6.9724 1069.5125 162.1691 1096.3843 220.6590 1.9419 0.6669 0.4290 15.8829 1.5869 24.3122 -6.3997 0.0006
Car -1 -1 -5.0939 1166.8649 177.0983 1241.0000 225.6642 1.5317 1.7338 3.7656 21.2178 1.6916 25.1745 -4.3998 0.0005
Pedestrian -1 -1 -6.0752 999.6284 169.6968 1016.1338 208.4913 1.6280 0.5825 0.5076 16.8677 1.4953 30.6663 -5.5768 0.0004
Pedestrian -1 -1 -6.0881 1002.9597 162.7218 1018.9594 207.7758 1.8920 0.6411 0.4830 17.0181 1.4662 30.7008 -5.5864 0.0003
