Car -1 -1 -8.2310 786.4478 192.9769 1141.6210 374.0000 1.3962 1.5834 3.4871 2.7934 1.6311 6.6867 -7.8521 0.9998
Car -1 -1 -2.6413 27.7773 173.8334 320.2675 278.2226 1.5623 1.6288 3.7358 -6.9361 1.5790 11.6774 -3.1676 0.9994
Car -1 -1 -6.7185 860.4305 171.5393 1163.3196 277.9686 1.6110 1.6507 4.0270 6.3462 1.5908 11.8381 -6.2375 0.9991
Car -1 -1 -2.8709 306.7687 167.9804 455.4259 226.9888 1.6556 1.6424 3.8480 -6.6605 1.5186 21.1258 -3.1732 0.9988
Car -1 -1 -2.7516 213.0073 173.4655 419.1450 244.2218 1.5379 1.6298 4.0615 -6.6746 1.5523 16.5349 -3.1301 0.9986
Car -1 -1 -5.6447 0.0000 172.1038 329.1799 312.8445 1.5990 1.6723 4.3708 -6.1293 1.5901 9.1679 -6.2209 0.9978
Car -1 -1 -3.4444 732.9485 176.4713 884.6286 225.6856 1.4425 1.6168 4.2007 5.9866 1.5579 22.1794 -3.1848 0.9919
Car -1 -1 -7.9487 635.9479 173.8869 673.1060 202.8978 1.5462 1.6903 4.1823 2.4230 1.6072 40.7274 -7.8902 0.9909
Car -1 -1 -5.5070 0.0000 174.5904 206.6532 363.4018 1.5344 1.6324 3.5702 -6.0905 1.5527 6.8128 -6.2172 0.9907
Car -1 -1 -6.6398 711.9842 178.3553 842.4816 220.3034 1.3876 1.4936 4.1735 5.7425 1.5869 25.1572 -6.4185 0.9873
Car -1 -1 -6.5287 715.7681 169.7558 823.3456 214.4952 1.6436 1.6215 3.6977 5.9537 1.5295 27.3808 -6.3174 0.9817
Car -1 -1 -6.6608 782.7155 177.1774 952.0069 243.3224 1.4893 1.5614 3.4721 6.0094 1.5974 17.2219 -6.3311 0.9804
Car -1 -1 -6.7381 823.6865 176.5623 1049.8085 255.8815 1.4680 1.5293 3.7981 6.3109 1.5455 14.2872 -6.3305 0.9739
Car -1 -1 -6.1078 441.9995 173.7500 520.7392 205.5051 1.4967 1.5458 3.5257 -6.2070 1.5406 34.8243 -6.2833 0.9731
Car -1 -1 -2.8356 122.9514 178.1360 391.0937 260.1739 1.4326 1.5992 4.3312 -6.6137 1.5414 13.8199 -3.2750 0.9697
Cyclist -1 -1 -4.6184 542.7449 169.5850 558.5610 204.1839 1.7043 0.6372 1.7421 -3.0257 1.5430 36.4170 -4.7012 0.9495
Car -1 -1 -5.9013 454.0320 171.2923 531.1060 201.3422 1.5225 1.5100 3.6769 -6.1563 1.4430 37.6956 -6.0624 0.9028
Car -1 -1 -6.6621 783.3102 177.1088 960.9554 243.1687 1.4862 1.6170 3.6461 6.1199 1.5927 17.2343 -6.3269 0.9020
Car -1 -1 -2.7372 205.1725 174.6284 420.4686 245.8927 1.5392 1.6281 4.2539 -6.7284 1.5815 16.4876 -3.1195 0.8941
Car -1 -1 -2.9180 308.2946 168.7150 453.5577 228.0290 1.6528 1.6394 3.7709 -6.6419 1.5372 21.0714 -3.2202 0.8830
Car -1 -1 -6.7266 772.2297 175.8759 926.6852 232.7553 1.4759 1.5576 3.7264 6.4812 1.5630 19.8496 -6.4161 0.8770
Car -1 -1 -2.6600 23.9517 173.0157 315.5652 276.7834 1.5468 1.5915 3.7087 -6.9805 1.5493 11.6436 -3.1903 0.8680
Car -1 -1 -2.8750 305.0043 167.5119 455.2662 227.0535 1.6675 1.5833 3.9001 -6.6718 1.5176 21.0699 -3.1785 0.8641
Car -1 -1 -7.9472 637.3458 173.3610 674.8150 202.7677 1.5721 1.7127 4.2224 2.5133 1.6019 40.7844 -7.8866 0.8615
Car -1 -1 -6.6596 713.5051 177.3753 843.8759 220.2151 1.4182 1.4139 4.1945 5.7916 1.5817 25.1192 -6.4362 0.8558
Car -1 -1 -5.4725 0.0000 179.2914 215.8892 366.4030 1.5100 1.6335 3.4951 -5.9922 1.5804 6.9042 -6.1684 0.8395
Car -1 -1 -5.8965 451.8257 170.9303 532.5957 201.6001 1.5554 1.5785 3.8660 -6.1900 1.4576 37.7942 -6.0581 0.8235
Car -1 -1 -6.5009 714.0672 169.2220 822.2343 214.1046 1.6483 1.6153 3.7342 5.8836 1.5146 27.3212 -6.2916 0.8211
Car -1 -1 -6.7258 860.7770 171.2800 1159.0215 277.3552 1.6036 1.5794 3.9691 6.2902 1.5795 11.7703 -6.2461 0.8109
Car -1 -1 -6.6670 774.8713 175.6813 934.5699 231.5002 1.4508 1.5444 3.8392 6.5758 1.5314 19.7451 -6.3506 0.8072
Car -1 -1 -6.7020 821.9788 177.0801 1079.2363 257.2923 1.4769 1.6517 4.2825 6.5032 1.5647 14.2031 -6.2812 0.8063
Car -1 -1 -6.6931 825.8439 176.9213 1061.4767 257.3852 1.4786 1.5345 3.8972 6.3461 1.5622 14.1129 -6.2790 0.7711
Car -1 -1 -2.9646 433.4147 173.7312 518.2407 205.4598 1.4936 1.6183 3.8001 -6.4696 1.5366 34.8305 -3.1473 0.7637
Car -1 -1 -7.9584 636.3191 173.9340 673.8315 202.9041 1.5416 1.6904 3.9206 2.4453 1.6050 40.5411 -7.8991 0.7539
Car -1 -1 -6.5074 781.7990 176.1451 941.1325 231.3702 1.4209 1.5677 3.8355 6.6907 1.5146 19.6487 -6.1844 0.7438
Car -1 -1 -6.0294 437.5677 173.8812 522.8057 205.7669 1.4998 1.6539 3.7718 -6.2923 1.5507 34.9709 -6.2065 0.6887
Car -1 -1 -5.8023 0.0000 191.9462 89.1931 374.0000 1.4158 1.5475 3.9665 -5.5803 1.5636 4.0681 -6.7116 0.6793
Car -1 -1 -6.0987 441.3769 173.0396 518.9265 205.8651 1.5463 1.4797 3.4634 -6.2557 1.5552 34.7513 -6.2759 0.6446
Car -1 -1 -6.6303 784.9980 176.0084 960.7131 242.9501 1.5069 1.5294 3.6044 6.0876 1.5848 17.1011 -6.2945 0.6438
Car -1 -1 -6.7732 820.9443 176.1447 1042.0074 254.4973 1.4531 1.5795 3.7353 6.2721 1.5229 14.4115 -6.3708 0.6404
Car -1 -1 -2.4542 0.0000 174.2656 200.2811 366.9532 1.5263 1.6978 4.0806 -6.3920 1.5410 6.6900 -3.1970 0.6256
Car -1 -1 -5.9116 0.0000 191.5482 83.2261 374.0000 1.4230 1.5609 4.1412 -5.5121 1.5683 3.8676 -6.8377 0.5520
Car -1 -1 -6.0963 446.9725 171.8683 529.5647 202.1557 1.5376 1.6008 4.0019 -6.3176 1.4872 37.4709 -6.2626 0.5285
Car -1 -1 -5.6219 0.0000 192.6976 97.9935 374.0000 1.4105 1.5788 3.9371 -5.6965 1.5617 4.2798 -6.5181 0.4450
Car -1 -1 -6.4044 782.5105 175.4753 944.9214 232.3517 1.4295 1.5581 3.9452 6.6418 1.5039 19.4031 -6.0799 0.4375
Car -1 -1 -5.5889 0.0000 203.4008 118.6233 374.0000 1.3727 1.5451 3.4580 -5.3677 1.6037 4.4318 -6.4398 0.4338
Car -1 -1 -6.5945 775.7217 174.2079 955.8386 230.9743 1.4876 1.5994 4.3726 6.8592 1.5260 19.7853 -6.2660 0.4314
Car -1 -1 -6.9197 770.9058 175.4043 927.6969 233.0561 1.4812 1.5768 3.9858 6.5850 1.5567 20.0425 -6.6073 0.4199
Car -1 -1 -6.0042 327.1418 158.9701 476.7019 221.5804 1.9733 1.7552 4.3904 -6.7699 1.5354 23.6233 -6.2808 0.3921
Car -1 -1 -6.1739 0.0000 189.2439 100.2002 374.0000 1.4197 1.5973 4.3033 -5.3668 1.5490 3.5684 -7.1230 0.3707
Car -1 -1 -7.8375 627.0446 171.4650 649.3131 192.9129 1.6047 1.6664 4.1764 2.1950 1.5004 56.1142 -7.7990 0.3351
Car -1 -1 -6.1160 0.0000 182.1917 81.8632 374.0000 1.4933 1.6658 4.3652 -5.5853 1.5682 3.6807 -7.0703 0.3018
Car -1 -1 -6.3556 0.0000 195.7090 115.1135 374.0000 1.3895 1.5626 4.1796 -5.1512 1.5689 3.4852 -7.2956 0.2207
Car -1 -1 -4.9402 619.6863 171.2817 650.6408 192.5306 1.5823 1.5618 3.8119 1.8794 1.4650 55.7519 -4.9071 0.2119
Car -1 -1 -4.8396 625.0786 171.3238 651.5967 192.1160 1.5507 1.5752 3.7603 2.1286 1.4363 55.7572 -4.8020 0.2000
Pedestrian -1 -1 -7.7033 915.5892 167.4747 928.9454 201.4134 1.8204 0.6035 0.4545 16.8633 1.5315 39.0530 -7.2988 0.1937
Car -1 -1 -5.0519 613.3946 170.8842 649.5552 192.4814 1.6049 1.6002 3.8240 1.5897 1.4582 55.6836 -5.0238 0.1800
Car -1 -1 -5.4298 0.0000 189.7424 107.2512 374.0000 1.4566 1.6164 4.3608 -5.9056 1.5808 4.4102 -6.3299 0.1787
Car -1 -1 -5.9956 418.3466 164.0730 485.3685 187.8748 1.5691 1.5551 4.1287 -10.6315 0.9899 48.4910 -6.2105 0.1554
Pedestrian -1 -1 -7.7040 917.1451 168.1078 931.2115 202.4177 1.8372 0.6276 0.5275 16.9555 1.5828 39.0264 -7.2973 0.1473
Car -1 -1 -5.4310 0.0000 198.6417 117.1791 374.0000 1.3811 1.5069 3.7478 -5.5502 1.5703 4.5397 -6.2872 0.1444
Car -1 -1 -6.2839 0.0000 190.7426 87.3092 374.0000 1.4065 1.5625 3.8335 -5.4129 1.5519 3.8788 -7.2000 0.1134
Car -1 -1 -4.6362 629.6642 171.0202 654.4130 192.4697 1.5954 1.6072 4.1324 2.4839 1.4587 55.8160 -4.5924 0.1018
Car -1 -1 -5.1700 609.9296 172.1377 650.1782 193.0415 1.5485 1.5826 3.7760 1.4755 1.4951 55.4956 -5.1440 0.0890
Car -1 -1 -7.6535 714.5658 175.9795 756.1257 203.5363 1.4407 1.5647 3.8062 6.9971 1.6237 40.2472 -7.4831 0.0765
Pedestrian -1 -1 -4.3883 942.4972 153.8716 959.1819 196.0036 1.8587 0.5855 0.3715 15.1523 1.0210 32.1683 -3.9518 0.0763
Car -1 -1 -6.3170 0.0000 190.1344 79.3616 374.0000 1.3944 1.6021 3.9227 -5.6096 1.5388 3.9792 -7.2388 0.0688
Car -1 -1 -2.8638 407.8529 163.0024 477.4133 187.1236 1.5893 1.6159 4.2717 -11.2386 0.9399 48.4555 -3.0907 0.0650
Pedestrian -1 -1 -5.8615 299.6909 143.3024 320.3932 203.9033 2.0467 0.5782 0.4564 -10.2966 1.0483 24.6646 -6.2534 0.0622
Pedestrian -1 -1 -4.2521 942.9700 152.7178 960.4209 195.4069 1.8763 0.6016 0.3647 15.1397 0.9910 32.0626 -3.8147 0.0621
Car -1 -1 -4.3189 526.2816 171.3993 567.7833 194.1304 1.6110 1.6376 4.0230 -4.6331 1.5076 53.3009 -4.4055 0.0461
Car -1 -1 -5.2758 602.7680 170.1225 649.1495 192.3928 1.6514 1.6736 4.0380 1.1614 1.4486 55.6656 -5.2554 0.0449
Car -1 -1 -7.8452 716.7181 176.6391 746.1515 203.8913 1.4285 1.5490 3.7878 6.7660 1.6504 40.3745 -7.6808 0.0445
Car -1 -1 -7.5180 714.7484 176.5027 764.5889 203.5313 1.4039 1.5794 3.7547 7.2025 1.6164 40.0477 -7.3418 0.0427
Car -1 -1 -3.0389 477.8943 168.3686 543.1813 194.0522 1.6891 1.6921 4.1845 -6.6588 1.3938 48.3693 -3.1753 0.0411
Car -1 -1 -6.6535 0.0000 195.0719 116.3575 374.0000 1.3796 1.5974 3.7254 -5.3572 1.5726 4.2533 -7.5225 0.0328
Car -1 -1 -6.8851 701.7762 177.4224 785.0955 205.1417 1.4522 1.7128 4.3403 7.3698 1.7159 40.0220 -6.7048 0.0276
Car -1 -1 -6.9783 710.2673 176.7317 786.2980 205.2820 1.4827 1.6217 3.9894 7.5664 1.7043 39.6062 -6.7914 0.0246
Pedestrian -1 -1 -5.5589 149.7362 146.1479 169.2278 221.2469 2.0902 0.4532 0.2201 -12.7369 1.3466 20.3239 -6.1130 0.0192
Pedestrian -1 -1 -5.7655 312.1501 171.7614 325.5686 194.0906 1.6889 0.6778 0.7048 -22.2013 1.6060 54.9576 -6.1480 0.0191
Car -1 -1 -3.5905 0.0000 197.2174 145.1766 374.0000 1.3657 1.6026 4.3927 -4.6370 1.5522 3.2215 -4.5150 0.0180
Pedestrian -1 -1 -2.4851 145.6638 147.4233 166.7551 218.2092 1.9884 0.4777 0.2721 -12.9514 1.2737 20.5194 -3.0425 0.0180
Car -1 -1 -4.6201 709.2693 175.4475 741.2359 202.1640 1.4137 1.4407 3.7799 6.4811 1.5665 40.5794 -4.4633 0.0141
Car -1 -1 -4.6351 718.4622 177.3750 752.5672 204.8449 1.4076 1.5674 3.7978 6.9027 1.6686 39.6753 -4.4646 0.0126
Pedestrian -1 -1 -2.4210 141.5259 144.8998 162.6326 220.7450 2.1082 0.4818 0.2438 -12.9384 1.3309 20.3134 -2.9824 0.0119
Car -1 -1 -3.9852 245.3732 164.1918 320.0519 198.7257 1.9075 1.8417 3.8774 -18.9968 1.4287 41.9794 -4.4080 0.0086
Pedestrian -1 -1 -5.5135 152.6501 146.0821 175.5175 222.0364 2.1279 0.4778 0.3054 -12.7039 1.3776 20.4810 -6.0631 0.0082
Cyclist -1 -1 -4.4241 313.0174 169.8556 327.2701 193.9691 1.8182 0.6042 1.5188 -22.1911 1.5918 55.1887 -4.8050 0.0049
Pedestrian -1 -1 -7.8678 1151.6271 157.5349 1175.4723 208.0984 1.6458 0.6175 0.2725 18.1899 1.1469 23.7785 -7.2209 0.0046
Car -1 -1 -4.5434 706.3210 174.9139 750.2280 205.6809 1.4683 1.5503 4.1484 6.0683 1.5798 36.9441 -4.3823 0.0033
Pedestrian -1 -1 -7.5726 316.2186 170.0796 328.8643 192.9621 1.7359 0.7227 0.7323 -21.9907 1.5251 55.1352 -7.9507 0.0031
Pedestrian -1 -1 -7.9768 314.4456 169.1888 326.1573 193.5119 1.8409 0.7365 0.8177 -22.1712 1.5632 55.1460 -8.3576 0.0030
Pedestrian -1 -1 -5.2443 1219.3800 207.6517 1241.0000 310.4742 1.1007 0.3978 0.3281 7.0762 1.4981 8.0517 -4.5419 0.0029
Cyclist -1 -1 -4.0953 313.2284 170.0938 332.3217 193.3221 1.7505 0.5950 1.5053 -21.9844 1.5422 55.1773 -4.4731 0.0022
Pedestrian -1 -1 -7.7842 1145.4219 152.9874 1169.7673 208.2295 1.8007 0.6249 0.2645 18.0307 1.1528 23.8232 -7.1425 0.0022
Cyclist -1 -1 -2.4490 304.1507 166.0218 331.2375 192.0049 1.9675 0.7665 1.8644 -22.4235 1.4498 55.2846 -2.8328 0.0019
Pedestrian -1 -1 -5.0482 1235.4747 196.9322 1241.0000 313.7200 1.2051 0.4706 0.3776 7.0947 1.4744 7.8167 -4.3303 0.0015
Car -1 -1 -6.4173 641.6880 173.1140 723.2686 203.3154 1.6138 1.6621 4.2532 3.8853 1.6281 39.4812 -6.3204 0.0014
Cyclist -1 -1 -2.9162 310.0331 167.8638 337.0732 192.9170 1.9004 0.6991 1.8130 -21.9391 1.5216 55.2140 -3.2929 0.0010
Cyclist -1 -1 -5.5921 309.3028 168.0153 329.7252 192.4453 1.8521 0.6471 1.3468 -22.2560 1.4850 55.2147 -5.9738 0.0009
