Car -1 -1 -4.3656 248.6937 196.1709 438.0862 318.0610 1.4437 1.5762 3.3859 -3.8626 1.8508 10.9010 -4.6994 0.9998
Car -1 -1 -7.9384 657.6535 182.2018 710.2556 225.8262 1.4090 1.5337 4.1397 2.5711 1.7761 26.2744 -7.8427 0.9997
Car -1 -1 -3.5696 821.3528 165.6389 1022.5604 228.5224 1.5856 1.7744 4.5835 8.1186 1.4033 19.1560 -3.1748 0.9991
Car -1 -1 -4.0530 0.0000 206.6403 284.9872 374.0000 1.4680 1.6585 4.4768 -3.5641 1.7570 3.9037 -4.7597 0.9936
Car -1 -1 -3.4940 753.4038 168.6929 872.0758 211.7167 1.6384 1.6635 4.1922 7.9052 1.4797 28.4841 -3.2264 0.9851
Car -1 -1 -4.3725 312.6736 192.9906 421.1438 255.4506 1.4026 1.5328 3.9065 -6.4556 2.0000 19.4438 -4.6896 0.9796
Car -1 -1 -7.5962 423.8467 185.0659 487.3674 226.6055 1.5802 1.6948 3.8785 -6.5058 2.1312 30.5905 -7.8046 0.9724
Car -1 -1 -3.5282 793.2826 160.6987 945.6207 220.7901 1.7774 1.6528 4.1042 7.8840 1.4176 22.2722 -3.1926 0.9564
Car -1 -1 -4.5229 477.5570 183.6975 519.4598 212.7699 1.5394 1.6724 3.9946 -6.4300 2.1969 41.7450 -4.6753 0.9478
Car -1 -1 -6.8402 1066.1696 153.1179 1194.4508 188.4268 1.4894 1.6848 4.2924 22.5189 0.6566 31.4072 -6.2226 0.9444
Car -1 -1 -3.4974 795.7256 161.3674 947.2583 221.1205 1.7677 1.6881 4.0519 7.9218 1.4276 22.2267 -3.1597 0.9363
Car -1 -1 -6.7548 1067.8441 152.3754 1204.6162 188.9359 1.5213 1.7118 4.4954 22.6045 0.6689 31.2069 -6.1324 0.8731
Car -1 -1 -6.7907 1017.6506 152.7124 1125.1509 188.2817 1.6640 1.6444 4.0703 22.0711 0.7214 34.6876 -6.2280 0.8342
Car -1 -1 -8.0675 940.8801 160.7860 988.7246 188.6765 1.5298 1.6633 3.9427 20.3927 0.8676 41.6884 -7.6154 0.8333
Car -1 -1 -4.4453 475.0242 183.2363 523.3980 213.6921 1.5960 1.6703 4.3318 -6.3541 2.2265 41.5919 -4.5965 0.8288
Car -1 -1 -3.4711 754.8737 169.0714 872.6321 212.2732 1.6431 1.5846 4.1637 7.9091 1.4989 28.3587 -3.2023 0.8191
Car -1 -1 -7.9971 944.4521 159.3535 989.4915 188.5746 1.5996 1.7318 4.2092 20.5557 0.8603 41.7659 -7.5427 0.8086
Car -1 -1 -6.8253 1017.8942 153.0167 1118.2808 187.7094 1.6259 1.6723 3.7510 21.9183 0.6959 34.6835 -6.2656 0.8011
Car -1 -1 -6.9160 1064.9836 153.8419 1188.9785 188.5034 1.4768 1.6644 4.2647 22.5391 0.6665 31.6122 -6.3010 0.7935
Car -1 -1 -4.0859 0.0000 206.5306 278.3623 374.0000 1.4941 1.6425 4.3317 -3.4982 1.7771 3.8460 -4.7903 0.7661
Car -1 -1 -4.3005 303.5480 191.1133 422.2054 254.9585 1.4373 1.5701 3.8900 -6.5413 1.9788 19.4000 -4.6222 0.7579
Car -1 -1 -4.3539 304.1563 190.7190 420.8016 256.7347 1.4715 1.5990 4.0466 -6.4911 1.9984 19.2443 -4.6757 0.7338
Car -1 -1 -8.1421 937.1151 161.5467 987.2774 188.7431 1.4938 1.5884 3.7244 20.1996 0.8725 41.5977 -7.6930 0.7307
Car -1 -1 -4.3455 476.0643 183.1232 529.4731 213.5231 1.5964 1.6335 4.2488 -6.1584 2.2211 41.6632 -4.4919 0.6833
Car -1 -1 -7.6179 426.2715 183.6925 488.1764 226.1148 1.6228 1.6677 4.0587 -6.4586 2.1146 30.7039 -7.8241 0.6805
Car -1 -1 -7.5516 419.7857 182.9452 488.1762 226.3001 1.6600 1.6755 4.1843 -6.6068 2.1206 30.7935 -7.7618 0.6802
Car -1 -1 -7.6268 420.4025 185.1081 482.0166 226.4530 1.5704 1.7154 3.8392 -6.6701 2.1206 30.4810 -7.8410 0.6788
Car -1 -1 -7.5016 316.1913 192.1656 425.7571 254.7777 1.4429 1.5897 3.8948 -6.4724 2.0261 19.8255 -7.8138 0.6776
Car -1 -1 -7.6264 426.2175 185.0442 487.3581 226.3874 1.5671 1.6884 3.8715 -6.4288 2.1142 30.4533 -7.8332 0.6514
Car -1 -1 -6.8815 1017.3358 153.3114 1120.0858 187.4734 1.6084 1.6270 3.9662 22.0679 0.6880 34.8591 -6.3210 0.6276
Car -1 -1 -6.5947 756.7391 166.9611 876.7669 210.6302 1.6605 1.7057 4.2138 8.0205 1.4361 28.3703 -6.3223 0.6125
Car -1 -1 -7.9410 949.4559 160.0523 988.1599 188.0439 1.5333 1.6563 3.7707 20.5861 0.8318 41.5821 -7.4843 0.5865
Car -1 -1 -6.7991 984.6848 156.4469 1073.9193 186.7931 1.5640 1.6298 3.7499 21.9990 0.7181 38.0108 -6.2779 0.5822
Car -1 -1 -4.4740 473.3828 183.8542 518.9338 213.2904 1.5324 1.6702 3.9900 -6.4700 2.1909 41.1567 -4.6294 0.5788
Car -1 -1 -4.4303 310.1979 189.7291 418.9852 255.7106 1.4480 1.5767 4.2374 -6.3778 1.9441 19.0790 -4.7493 0.5672
Car -1 -1 -6.7709 983.6226 156.6898 1078.4900 186.7108 1.5425 1.6695 3.9977 22.0635 0.7117 37.9775 -6.2480 0.5382
Car -1 -1 -4.5044 473.9261 184.1573 517.9677 213.1879 1.5345 1.7332 3.9712 -6.5763 2.2199 41.7462 -4.6602 0.5224
Car -1 -1 -6.6062 1068.3887 150.8384 1212.0018 189.9597 1.5979 1.6768 4.6741 22.5628 0.6984 30.9670 -5.9811 0.5140
Car -1 -1 -7.2934 0.0000 203.8788 292.5832 374.0000 1.4615 1.6054 3.8127 -3.5318 1.7375 4.4621 -7.9348 0.4804
Car -1 -1 -6.7020 985.2267 156.2446 1077.0532 186.6915 1.5541 1.6106 3.8338 21.9774 0.7060 37.8298 -6.1791 0.4428
Car -1 -1 -7.8853 952.6307 156.3045 989.9479 187.7261 1.7141 1.7681 4.4757 20.8135 0.8110 41.7643 -7.4259 0.3971
Car -1 -1 -7.0246 1062.8547 155.0473 1178.3350 189.1415 1.4549 1.6123 4.1810 22.4637 0.6947 31.8638 -6.4149 0.3677
Car -1 -1 -4.5543 407.9203 189.4729 465.9658 231.7608 1.3806 1.5193 3.9026 -6.4726 2.0513 27.1324 -4.7869 0.3373
Car -1 -1 -4.6832 727.1442 171.6281 749.4301 192.8958 1.5649 1.5718 3.8556 9.8017 1.4744 55.1386 -4.5085 0.3234
Car -1 -1 -3.7347 1017.3703 152.9151 1138.3209 186.5324 1.5873 1.7253 4.7798 22.5778 0.6455 34.9877 -3.1655 0.2982
Car -1 -1 -6.7983 986.8994 156.6609 1073.2539 187.0715 1.5647 1.6117 3.5985 22.0023 0.7312 37.9430 -6.2762 0.2965
Car -1 -1 -4.5362 727.5214 171.1045 757.3201 192.6903 1.5852 1.5791 3.9373 10.1175 1.4564 55.1073 -4.3559 0.2960
Car -1 -1 -7.0479 1016.2073 151.8176 1116.5388 187.4477 1.6725 1.7098 4.0911 22.1465 0.6847 35.1245 -6.4892 0.2950
Car -1 -1 -7.0440 980.5615 154.9811 1071.3917 184.9523 1.5415 1.6720 4.2046 22.0960 0.6220 38.4276 -6.5255 0.2618
Car -1 -1 -4.7333 728.6165 172.3368 750.9701 193.1179 1.5247 1.5864 3.6462 9.8105 1.4865 54.8629 -4.5576 0.2294
Car -1 -1 -4.5761 409.2234 189.3184 464.8813 232.0722 1.3881 1.5113 3.7638 -6.4114 2.0453 26.8707 -4.8087 0.2271
Car -1 -1 -4.5945 407.1516 189.1485 459.1735 232.1848 1.4217 1.5104 3.1141 -6.5334 2.0616 26.7114 -4.8327 0.2065
Car -1 -1 -4.8162 722.2625 171.6077 748.5596 192.6274 1.5514 1.5927 3.7281 9.5255 1.4591 55.1680 -4.6464 0.1799
Car -1 -1 -4.9095 720.2794 172.5686 750.5276 193.4151 1.5301 1.6004 3.4788 9.4456 1.5088 54.7199 -4.7398 0.1715
Car -1 -1 -4.6075 402.3946 188.7031 457.8285 232.0874 1.4098 1.6068 3.8290 -6.6797 2.0448 26.9182 -4.8490 0.1620
Car -1 -1 -5.5476 704.9465 176.6607 759.0536 199.3513 1.4973 1.5448 3.5956 8.4107 1.7715 50.1354 -5.3827 0.1223
Car -1 -1 -8.1013 715.5031 172.1328 748.2513 192.9477 1.5319 1.5986 3.6844 9.2221 1.4785 55.0040 -7.9364 0.0914
Car -1 -1 -4.5908 404.9597 188.1118 462.9842 231.1971 1.4085 1.6194 4.3200 -6.6429 2.0352 27.4121 -4.8269 0.0808
Car -1 -1 -5.3817 704.5215 175.9882 756.5668 198.6851 1.4877 1.5235 3.7815 8.2545 1.7128 49.8755 -5.2190 0.0808
Car -1 -1 -4.5219 447.9004 172.2508 479.6757 194.9527 1.5839 1.5508 3.8707 -10.5822 1.5415 52.2834 -4.7209 0.0704
Car -1 -1 -6.7571 947.7841 159.1408 1036.0107 186.6013 1.5123 1.7287 4.0472 21.4064 0.7568 40.6164 -6.2752 0.0591
Car -1 -1 -6.5866 950.4496 157.8400 1039.9551 185.8214 1.5192 1.7092 4.0921 21.4473 0.7037 40.3847 -6.1015 0.0565
Car -1 -1 -4.6052 735.3069 171.5036 762.5012 192.6975 1.5518 1.6222 4.0115 10.5887 1.4527 54.9867 -4.4163 0.0564
Car -1 -1 -8.2190 711.6081 172.4371 748.6710 193.4017 1.5355 1.5910 3.5854 9.0488 1.5047 54.7645 -8.0565 0.0538
Car -1 -1 -5.7997 1093.7932 163.8262 1241.0000 210.6237 1.4510 1.5920 4.1290 19.0559 1.1707 24.5791 -5.1462 0.0525
Car -1 -1 -4.5596 494.7326 178.7997 528.3373 205.0333 1.6655 1.6221 4.3130 -6.6640 2.0865 48.9620 -4.6946 0.0488
Car -1 -1 -5.6201 700.9683 176.8271 757.8013 200.1842 1.5363 1.5407 3.7211 8.2066 1.8217 49.9910 -5.4588 0.0463
Car -1 -1 -5.6002 705.0934 176.2393 763.7652 198.9932 1.5039 1.6103 3.8772 8.5997 1.7488 50.2687 -5.4322 0.0438
Car -1 -1 -4.3676 447.4035 173.1055 486.2125 196.1664 1.6061 1.4991 3.9998 -10.3767 1.6248 52.3882 -4.5625 0.0407
Car -1 -1 -4.8005 670.7522 173.8408 692.8387 192.2035 1.5428 1.5582 4.0173 6.1996 1.6312 62.8546 -4.7030 0.0398
Car -1 -1 -4.9455 664.1031 173.9916 692.4130 192.3615 1.5397 1.5623 4.0065 5.8832 1.6418 62.8295 -4.8530 0.0344
Car -1 -1 -7.5454 299.1702 165.9337 344.9626 194.4637 1.6676 1.5935 3.5229 -17.5305 1.2628 43.9855 -7.9228 0.0338
Car -1 -1 -9.0328 1103.9872 159.8620 1241.0000 206.8844 1.4661 1.6103 3.8948 19.3356 1.0607 24.5866 -8.3724 0.0299
Car -1 -1 -4.5413 407.2674 188.8544 469.3185 231.7668 1.3922 1.5323 4.5543 -6.4794 2.0521 27.4556 -4.7715 0.0295
Car -1 -1 -8.7814 1078.5990 174.9673 1210.4365 217.8852 1.3825 1.4244 3.5684 18.5933 1.4620 25.3461 -8.1544 0.0232
Car -1 -1 -5.8911 1091.6970 168.2785 1241.0000 212.6913 1.4055 1.5412 3.9125 19.1051 1.2604 24.9111 -5.2428 0.0226
Car -1 -1 -7.5933 459.4308 187.0949 519.8302 226.4659 1.4703 1.5553 3.8999 -5.0405 2.1103 30.4214 -7.7568 0.0203
Car -1 -1 -7.4975 291.7624 164.9891 342.7926 192.6879 1.6166 1.6999 3.6786 -17.8093 1.1573 43.9737 -7.8804 0.0183
Car -1 -1 -4.6354 619.8846 175.0470 640.1649 192.2547 1.4998 1.5462 3.9084 1.8198 1.7045 65.4290 -4.6081 0.0178
Car -1 -1 -4.4477 619.9189 175.0739 647.0674 192.3408 1.5017 1.5203 3.7916 2.1342 1.7087 65.3128 -4.4155 0.0165
Car -1 -1 -5.6895 1093.4456 168.3600 1241.0000 212.8625 1.3875 1.5311 3.9371 18.8830 1.2471 24.6059 -5.0410 0.0149
Car -1 -1 -6.7243 948.7531 160.6317 1035.0968 187.3754 1.4687 1.6206 3.9737 21.3549 0.7972 40.5153 -6.2423 0.0141
Car -1 -1 -4.4456 486.2389 180.2617 529.1306 207.4639 1.7106 1.7280 4.6331 -6.9285 2.2390 49.0922 -4.5855 0.0140
Car -1 -1 -4.5263 404.9447 189.9939 468.2992 232.0024 1.3875 1.6168 4.1114 -6.5924 2.0931 27.6286 -4.7590 0.0135
Car -1 -1 -4.3373 621.0545 174.8085 652.8130 192.1404 1.5048 1.5472 3.9085 2.4449 1.6869 65.2213 -4.3003 0.0131
Pedestrian -1 -1 -4.8175 282.2982 176.9724 305.6790 230.0500 1.8047 0.6956 0.4783 -10.9841 1.9491 24.9711 -5.2284 0.0130
Car -1 -1 -7.7140 490.1778 179.7750 524.1432 204.2321 1.5427 1.6934 4.3084 -6.9494 2.0320 48.8875 -7.8548 0.0129
Car -1 -1 -4.7742 616.5385 175.2890 636.1799 192.5821 1.5069 1.5319 3.9735 1.4353 1.7343 65.4584 -4.7527 0.0126
Car -1 -1 -4.8939 610.4631 175.3724 635.4531 192.8074 1.5142 1.5500 4.0643 1.1200 1.7496 65.4109 -4.8772 0.0114
Car -1 -1 -4.8012 672.1631 173.0966 697.8812 193.7865 1.6843 1.7197 5.0616 6.3076 1.7054 61.3379 -4.6996 0.0100
Car -1 -1 -6.6322 1096.7002 165.6823 1241.0000 206.7681 1.3761 1.5299 3.9310 19.6790 1.1356 25.4828 -5.9804 0.0093
Car -1 -1 -5.0682 604.2888 175.6160 636.5508 193.1057 1.5126 1.5675 4.1466 0.8832 1.7708 65.3194 -5.0551 0.0073
Car -1 -1 -5.3981 1093.9183 145.6192 1210.2383 196.0334 1.8152 1.6103 3.6715 20.7366 0.8343 27.8541 -4.7633 0.0063
Car -1 -1 -7.0991 1100.3702 170.4575 1230.2633 210.7806 1.3853 1.5463 3.7603 19.8191 1.3026 25.8642 -6.4511 0.0058
Car -1 -1 -7.8850 682.9080 162.7273 704.7701 185.4560 2.0699 1.8941 4.7757 7.8629 1.1473 68.1672 -7.7709 0.0057
Car -1 -1 -4.7313 627.6591 174.0448 647.7700 193.9821 1.6061 1.5985 3.9699 2.2654 1.7087 60.3635 -4.6943 0.0047
Car -1 -1 -5.2269 1086.0128 141.7088 1190.7975 197.0409 2.0487 1.7853 3.6068 20.7664 0.8952 28.6049 -4.6039 0.0043
Car -1 -1 -4.7660 678.2302 171.4964 701.6483 192.5000 1.7067 1.7047 4.7623 6.7001 1.5961 61.0548 -4.6576 0.0025
Pedestrian -1 -1 -4.0161 1075.3042 160.4097 1241.0000 374.0000 1.8173 0.6126 0.5307 2.5624 1.7661 3.3190 -3.4021 0.0024
Cyclist -1 -1 -8.4096 978.0060 157.9531 1007.4407 189.6685 1.6465 0.4231 1.9306 20.3296 0.8726 38.4362 -7.9264 0.0008
