Car -1 -1 -8.0806 715.6105 188.5059 880.4785 306.7287 1.4737 1.5771 4.0395 2.7247 1.7678 11.5510 -7.8559 0.9999
Car -1 -1 -4.3222 20.1351 203.4912 426.3811 374.0000 1.4287 1.5890 3.6322 -2.8327 1.7672 6.1406 -4.7393 0.9996
Car -1 -1 -8.0400 686.0597 189.9680 791.2709 262.7151 1.4007 1.6499 4.0231 2.8131 1.8490 16.8801 -7.8787 0.9994
Car -1 -1 -7.5781 307.1201 190.8061 489.3833 313.1704 1.4907 1.6308 4.2287 -3.1752 1.8303 11.5375 -7.8419 0.9987
Car -1 -1 -8.0127 653.7234 175.9425 715.9786 229.6370 1.8168 1.6647 3.9019 2.6362 1.9391 26.6432 -7.9160 0.9984
Car -1 -1 -8.0545 660.0779 185.9076 735.6207 241.6975 1.4853 1.5462 3.7348 2.5409 1.9186 22.0395 -7.9421 0.9981
Car -1 -1 -7.7661 493.6703 185.0868 550.7494 235.7991 1.5092 1.5739 3.9471 -2.9412 1.9570 24.4342 -7.8853 0.9972
Car -1 -1 -7.9005 634.0826 182.0988 662.3967 207.5331 1.4733 1.5802 3.7886 2.3168 2.0747 45.0711 -7.8500 0.9911
Car -1 -1 -4.6740 533.5562 181.9632 569.8732 218.2051 1.6105 1.6103 4.2290 -2.8372 2.0828 35.2885 -4.7542 0.9795
Car -1 -1 -7.7607 493.3442 183.9502 552.2305 235.2920 1.5357 1.6151 3.9324 -2.9186 1.9416 24.4264 -7.8791 0.9581
Car -1 -1 -4.6283 528.7410 182.0904 570.2344 218.2352 1.6090 1.6777 4.1614 -2.9384 2.0868 35.2652 -4.7114 0.9240
Car -1 -1 -8.0423 661.3174 185.8789 736.0607 241.6471 1.4842 1.5554 3.7756 2.5672 1.9170 22.0503 -7.9289 0.9113
Car -1 -1 -4.6401 563.6087 181.3172 586.1602 200.4766 1.5446 1.6491 4.0913 -3.0127 2.2963 62.0557 -4.6889 0.8712
Car -1 -1 -4.2977 6.9470 205.3980 421.6648 374.0000 1.4226 1.6235 3.5369 -2.9116 1.7792 6.1350 -4.7254 0.8547
Car -1 -1 -4.6532 533.2666 182.7818 571.1204 218.1750 1.5721 1.6025 4.2843 -2.8214 2.0888 35.4170 -4.7328 0.8383
Car -1 -1 -7.9065 632.6176 181.6769 661.2894 207.7095 1.5112 1.5812 3.7593 2.2350 2.0847 45.0445 -7.8578 0.8234
Car -1 -1 -7.8961 634.5211 181.3971 663.1236 207.3715 1.5074 1.6107 3.9173 2.3548 2.0647 45.1320 -7.8449 0.7615
Car -1 -1 -4.6574 562.7982 181.5163 584.7912 200.6706 1.5410 1.6649 4.1633 -3.1048 2.3104 62.0218 -4.7077 0.7566
Car -1 -1 -8.0344 689.5331 189.6019 793.8587 262.9896 1.4221 1.6646 3.9283 2.8844 1.8590 16.8603 -7.8689 0.7250
Car -1 -1 -8.0010 656.3682 176.1209 718.3398 228.8316 1.7815 1.6992 3.8518 2.7241 1.9105 26.5928 -7.9008 0.6514
Car -1 -1 -4.5901 528.0881 182.8392 572.1268 218.2738 1.5684 1.6690 3.8897 -2.8900 2.0802 35.0275 -4.6724 0.6499
Car -1 -1 -4.5845 564.5100 181.7705 589.2374 200.7224 1.5194 1.6171 4.0621 -2.8329 2.3099 61.9045 -4.6305 0.6087
Car -1 -1 -4.4332 308.9968 189.8438 488.9893 313.0355 1.4794 1.5739 4.0370 -3.0967 1.7920 11.2557 -4.6967 0.6074
Car -1 -1 -4.6012 562.8986 182.0688 586.7878 200.9729 1.5103 1.6269 3.7731 -2.9891 2.3197 61.4647 -4.6501 0.5617
Car -1 -1 -4.5072 563.8479 182.1273 592.6636 200.3364 1.4583 1.6545 4.2605 -2.7255 2.2874 62.2968 -4.5511 0.5112
Car -1 -1 -4.7692 633.2053 181.8134 662.5773 207.4892 1.4798 1.6075 3.4038 2.2665 2.0531 44.4843 -4.7192 0.4568
Car -1 -1 -4.5200 530.8483 183.1430 578.7653 218.0129 1.5364 1.6195 3.7868 -2.6536 2.0624 34.9315 -4.5959 0.4542
Car -1 -1 -4.6379 561.7750 182.2775 584.6097 201.3383 1.5167 1.6593 3.8159 -3.1191 2.3414 61.2441 -4.6891 0.3525
Car -1 -1 -4.5367 559.7433 181.5303 587.6802 202.0013 1.6099 1.6656 4.0510 -3.0385 2.3643 60.6500 -4.5870 0.1906
Car -1 -1 -4.4596 565.0518 181.9645 595.4575 200.7238 1.4984 1.6133 4.2050 -2.5412 2.3092 62.0177 -4.5009 0.1665
Car -1 -1 -4.6100 564.0956 182.4921 589.2156 202.0527 1.5381 1.7101 4.1045 -2.8044 2.3792 60.8981 -4.6563 0.1430
Car -1 -1 -4.7239 560.6252 182.5030 580.9762 201.3997 1.5139 1.6866 3.8465 -3.4062 2.3664 61.7971 -4.7792 0.1235
Pedestrian -1 -1 -7.2207 719.7047 161.9010 741.1377 209.2412 2.0102 0.7120 0.5697 5.1451 1.5448 31.0920 -7.0588 0.1107
Car -1 -1 -4.4918 554.9865 180.1640 588.3287 201.7018 1.6856 1.8952 4.2669 -3.1829 2.3187 60.2645 -4.5448 0.0964
Car -1 -1 -4.4823 413.5826 187.1143 478.5135 232.2936 1.4355 1.4942 3.5245 -5.8326 1.9803 25.8122 -4.7030 0.0565
Car -1 -1 -4.6204 620.4713 179.6597 643.8669 199.6351 1.5141 1.5334 3.9370 1.7896 2.0814 58.1336 -4.5903 0.0557
Car -1 -1 -4.9178 612.6700 178.9905 644.1722 199.6934 1.5759 1.6661 4.5144 1.4271 2.0949 58.6975 -4.8941 0.0518
Car -1 -1 -4.5300 622.8541 179.0138 650.9965 199.3109 1.5412 1.5841 3.9270 2.1771 2.0551 58.1450 -4.4932 0.0499
Car -1 -1 -4.5216 626.9277 179.7921 655.8469 200.0579 1.5351 1.5964 4.0655 2.5454 2.1162 58.2983 -4.4786 0.0494
Car -1 -1 -5.5010 377.7306 190.0855 474.4167 231.1090 1.3985 1.4788 3.5499 -7.0547 2.0900 27.4278 -5.7510 0.0426
Cyclist -1 -1 -7.5006 434.8720 181.3293 465.1005 230.1593 1.6750 0.4742 1.7863 -5.7913 1.9907 25.9859 -7.7183 0.0404
Car -1 -1 -2.9597 367.2490 188.1431 473.5503 230.4875 1.4828 1.4891 3.6035 -7.0159 2.0682 26.7700 -3.2141 0.0388
Car -1 -1 -4.8653 614.7808 179.8325 641.2922 200.2559 1.5492 1.5507 3.9107 1.3935 2.1312 58.1647 -4.8420 0.0359
Car -1 -1 -4.7026 634.1202 180.0295 663.6158 209.1749 1.5593 1.6209 4.1977 2.2304 1.9960 41.8038 -4.6503 0.0358
Car -1 -1 -4.7272 628.7729 180.9956 648.8315 201.5457 1.5205 1.5171 4.2605 2.2277 2.1903 57.2355 -4.6890 0.0320
Car -1 -1 -4.7391 622.9744 181.3479 642.5627 200.5858 1.4459 1.4600 3.6756 1.7687 2.1464 57.6949 -4.7091 0.0300
Pedestrian -1 -1 -3.6051 953.6397 169.2810 1005.5095 272.1371 1.6984 0.5782 0.5795 6.1864 1.6391 12.2049 -3.1465 0.0265
Car -1 -1 -4.7422 563.1558 179.9413 584.8361 201.5632 1.6748 1.6541 3.9812 -3.0129 2.2769 59.2833 -4.7933 0.0254
Car -1 -1 -5.0647 561.2366 180.7164 597.3611 202.0048 1.6329 1.6431 4.0908 -2.5833 2.3015 59.1772 -5.1086 0.0243
Car -1 -1 -4.4039 402.0505 186.5385 473.2754 232.3264 1.4757 1.5202 3.4642 -6.1996 2.0044 26.1075 -4.6354 0.0216
Car -1 -1 -4.3964 550.0253 179.2439 585.1086 201.7121 1.7335 1.6579 4.1766 -3.4617 2.2770 59.1686 -4.4550 0.0209
Car -1 -1 -2.5130 376.4918 189.6798 474.6443 230.2890 1.3963 1.4306 3.3874 -6.9878 2.0597 27.1697 -2.7629 0.0204
Car -1 -1 -4.2982 627.1568 179.2623 665.4423 199.3802 1.5160 1.5749 4.0524 2.9255 2.0492 57.9137 -4.2485 0.0197
Pedestrian -1 -1 -7.2037 446.1335 183.2623 468.7453 228.3694 1.6547 0.5637 0.6297 -5.7649 2.0506 27.0613 -7.4122 0.0195
Car -1 -1 -5.2082 598.9639 178.9716 641.7662 201.0000 1.6714 1.6141 4.2651 0.7655 2.1843 58.2664 -5.1956 0.0190
Car -1 -1 -5.0651 401.3813 188.9539 470.4228 228.7499 1.3526 1.4670 3.5109 -6.8275 2.0165 27.9010 -5.3035 0.0189
Cyclist -1 -1 -7.5536 443.9013 183.2970 468.2204 229.1647 1.6483 0.4583 1.5387 -5.8093 2.0512 27.0740 -7.7636 0.0151
Car -1 -1 -5.1747 604.3288 179.3790 643.3351 200.6007 1.6052 1.4937 4.0187 1.0453 2.1490 58.0258 -5.1573 0.0148
Car -1 -1 -5.2712 597.2050 178.9182 641.8493 200.8275 1.6558 1.5900 4.2093 0.6958 2.1612 57.9650 -5.2597 0.0136
Car -1 -1 -4.6647 623.5040 178.9048 646.3388 200.8865 1.5705 1.5480 3.9681 1.8914 2.0462 54.7162 -4.6308 0.0134
Pedestrian -1 -1 -7.4493 448.7981 182.6532 468.8931 228.0684 1.6912 0.5603 0.5870 -5.7738 2.0671 27.3598 -7.6560 0.0130
Car -1 -1 -5.1297 391.5473 188.7539 469.8463 229.9107 1.3980 1.5407 3.7836 -7.0566 2.0579 27.9932 -5.3750 0.0122
Cyclist -1 -1 -7.4826 448.8236 181.0396 477.5304 230.0054 1.7250 0.4423 1.7239 -5.4431 2.0366 26.6030 -7.6831 0.0117
Car -1 -1 -4.6186 423.9785 188.5383 472.1382 227.9366 1.3507 1.4871 3.8158 -6.3309 2.0088 28.3030 -4.8373 0.0116
Car -1 -1 -4.3919 489.7086 184.9430 556.3714 224.0983 1.4752 1.5840 4.1667 -3.6615 2.0268 30.7419 -4.5101 0.0102
Pedestrian -1 -1 -5.7388 306.6870 169.7713 339.6118 263.6107 1.7262 0.4581 0.3930 -5.4290 1.6692 13.5315 -6.1142 0.0095
Cyclist -1 -1 -7.3990 449.8775 182.5114 480.7154 229.6230 1.6851 0.4207 1.7216 -5.4554 2.0589 27.0579 -7.5967 0.0093
Car -1 -1 -4.5933 503.9171 185.3749 552.8218 224.1875 1.4607 1.5740 4.1696 -3.4343 2.0276 30.5940 -4.7047 0.0090
Pedestrian -1 -1 -3.7088 937.1074 172.9374 991.5695 271.3919 1.6129 0.6366 0.5680 5.9122 1.6140 12.1721 -3.2669 0.0086
Car -1 -1 -4.9737 629.5752 178.2976 663.6866 199.8457 1.5457 1.5722 4.1461 2.7226 1.9773 55.0572 -4.9250 0.0086
Pedestrian -1 -1 -7.9670 395.0023 179.7426 414.0386 226.9140 1.5511 0.5583 0.5206 -6.9335 1.7849 24.1740 -8.2439 0.0082
Cyclist -1 -1 -7.6308 446.8464 184.2966 468.5712 229.1060 1.6215 0.4582 1.6238 -5.8042 2.0677 27.3416 -7.8387 0.0080
Pedestrian -1 -1 -2.6004 297.6902 181.7594 330.3639 271.2245 1.6671 0.4448 0.4042 -5.6882 1.8396 13.7464 -2.9865 0.0078
Car -1 -1 -4.8112 417.2398 192.1572 468.8788 232.6289 1.3500 1.5713 4.0698 -6.6587 2.1659 28.3270 -5.0406 0.0077
Car -1 -1 -4.7851 629.3032 179.0126 654.1705 200.7092 1.5487 1.5770 4.1990 2.3473 2.0345 54.8310 -4.7430 0.0075
Car -1 -1 -4.9037 630.4531 180.3370 658.2913 201.0783 1.5224 1.4631 3.8332 2.6248 2.1278 56.4063 -4.8579 0.0052
Pedestrian -1 -1 -6.0519 311.1255 174.4427 337.8636 260.7705 1.6139 0.4205 0.3864 -5.4835 1.6443 13.7333 -6.4257 0.0051
Car -1 -1 -6.6422 0.0000 0.0000 1241.0000 374.0000 1.5965 1.5998 3.4979 -3.4147 1.7166 1.2872 -7.7821 0.0049
Car -1 -1 -4.1176 601.0565 179.3613 666.7728 209.7620 1.6353 1.6738 4.3587 1.4146 2.0344 42.0332 -4.0848 0.0045
Car -1 -1 -4.8426 628.7923 180.7928 654.5506 203.1155 1.6203 1.4913 3.8653 2.3871 2.2556 55.7790 -4.8005 0.0041
Car -1 -1 -4.1668 507.5566 178.9194 563.5338 204.2982 1.4500 1.6238 3.9221 -4.5571 1.8404 44.3578 -4.2690 0.0040
Car -1 -1 -4.5602 499.0828 181.4766 531.0402 205.0277 1.4645 1.5276 4.0686 -6.3590 2.0674 48.4206 -4.6905 0.0039
Car -1 -1 -4.3797 615.5326 179.3578 666.9692 209.7080 1.6346 1.6950 4.2981 1.8498 2.0351 42.1596 -4.3367 0.0038
Car -1 -1 -4.9103 630.3105 180.1969 671.3395 209.2800 1.5648 1.5855 4.1797 2.2904 2.0152 42.1066 -4.8569 0.0037
Car -1 -1 -5.1181 627.5874 180.2691 664.5154 201.8187 1.5654 1.5180 3.6704 2.7209 2.1586 55.7641 -5.0701 0.0036
Cyclist -1 -1 -7.2703 407.6531 182.5025 456.2099 233.1071 1.5291 0.7190 1.6423 -5.7116 1.8488 23.0375 -7.5113 0.0033
Car -1 -1 -8.9234 0.0000 0.0000 1241.0000 374.0000 1.5578 1.5856 3.5571 3.4497 1.6044 1.2416 -7.7722 0.0030
Car -1 -1 -7.0651 180.1424 0.0000 1241.0000 374.0000 1.5645 1.6093 3.6175 -1.0046 1.6054 0.8694 -7.7867 0.0030
Car -1 -1 -8.9523 0.0000 0.0000 1241.0000 374.0000 1.5464 1.5910 3.5886 3.8596 1.6046 1.2899 -7.7716 0.0030
Car -1 -1 -6.4985 0.0000 0.0000 1241.0000 374.0000 1.5250 1.6083 3.8302 -2.2198 1.7115 0.4929 -7.7324 0.0030
Car -1 -1 -6.6639 0.0000 0.0000 1241.0000 374.0000 1.5550 1.5775 3.4801 -3.0129 1.6366 1.2169 -7.7732 0.0030
Car -1 -1 -6.7213 0.0000 0.0000 1241.0000 374.0000 1.5546 1.5768 3.4852 -2.6272 1.6298 1.2187 -7.7736 0.0030
Car -1 -1 -6.9215 85.8403 0.0000 1241.0000 374.0000 1.5607 1.6068 3.6045 -1.3954 1.6129 0.9164 -7.7850 0.0030
Car -1 -1 -8.9845 0.0000 0.0000 1241.0000 374.0000 1.5516 1.5883 3.5642 4.2281 1.6044 1.2894 -7.7725 0.0030
Car -1 -1 -6.7789 0.0000 0.0000 1241.0000 374.0000 1.5547 1.5729 3.4668 -2.2264 1.6157 1.1659 -7.7739 0.0030
Car -1 -1 -6.8772 26.5573 0.0000 1241.0000 374.0000 1.5499 1.5741 3.4809 -1.8209 1.6037 1.1775 -7.7739 0.0030
Car -1 -1 -4.4611 490.1115 181.2132 532.5222 206.5030 1.5186 1.7481 4.1830 -6.3963 2.0875 46.9471 -4.5962 0.0026
Car -1 -1 -4.3432 427.8073 186.3228 496.7425 226.5439 1.4256 1.5349 3.4470 -5.8306 1.9938 28.6267 -4.5429 0.0021
Cyclist -1 -1 -2.0982 365.8343 168.1789 412.0471 225.1264 1.7250 0.7527 1.4617 -6.9884 1.5831 22.6293 -2.3948 0.0017
Car -1 -1 -2.9000 621.6958 181.5211 677.2820 201.5266 1.4982 1.3404 4.1347 3.0580 2.1897 56.3535 -2.8466 0.0016
