Car -1 -1 -7.1892 447.2716 169.8466 546.5329 216.3512 1.6638 1.7056 4.0114 -3.9851 1.2473 27.8646 -7.3351 0.9998
Car -1 -1 -5.8612 0.0000 184.2594 78.5290 249.3381 1.5153 1.6587 4.2292 -16.1337 1.5914 18.2619 -6.5829 0.9475
Car -1 -1 -7.8271 545.7371 172.0759 573.4457 197.8637 1.5628 1.6687 3.7601 -2.6060 0.9918 45.4413 -7.8890 0.9459
Car -1 -1 -4.1454 328.1380 178.4508 398.1505 206.5639 1.4120 1.6115 4.0715 -12.6078 1.2591 38.2490 -4.4668 0.8934
Car -1 -1 -4.0796 327.7350 178.8159 398.2810 207.2583 1.4238 1.5594 3.8821 -12.5552 1.2896 38.0448 -4.4014 0.8784
Car -1 -1 -7.8483 545.2675 172.3178 573.2643 197.8436 1.5458 1.6946 3.5696 -2.6567 0.9899 45.3329 -7.9115 0.8711
Car -1 -1 -7.6667 601.6774 170.1940 629.2697 188.0727 1.4546 1.6400 3.9366 1.2431 0.5346 60.5353 -7.6512 0.8621
Car -1 -1 -5.9666 0.0000 184.1130 77.0295 250.4751 1.5160 1.6559 4.2397 -16.0577 1.5882 18.1328 -6.6894 0.8041
Car -1 -1 -5.9294 0.0000 183.2853 77.9659 249.6067 1.5337 1.6796 4.2116 -16.1073 1.5834 18.2350 -6.6510 0.7555
Car -1 -1 -7.9119 542.3234 172.4196 572.6044 197.8841 1.5391 1.6756 3.6421 -2.8065 0.9904 45.3288 -7.9783 0.7013
Car -1 -1 -6.0863 0.0000 183.3935 74.0234 251.6404 1.5286 1.6653 4.3227 -16.0223 1.5813 17.9981 -6.8117 0.6729
Car -1 -1 -7.7201 600.8315 170.2125 626.3440 188.3908 1.4811 1.6587 3.9612 1.0843 0.5613 60.6092 -7.7072 0.6634
Car -1 -1 -5.6254 0.0000 186.2740 85.8964 245.2801 1.4470 1.6090 3.9378 -15.9997 1.5775 18.6615 -6.3324 0.6306
Car -1 -1 -5.6331 0.0000 186.1945 83.5014 246.0196 1.4543 1.6297 4.2286 -16.1581 1.5823 18.5606 -6.3477 0.6257
Car -1 -1 -7.1250 328.2224 179.5636 397.9044 208.2216 1.4308 1.5149 3.5361 -12.4820 1.3343 37.7873 -7.4471 0.5784
Car -1 -1 -2.5623 0.0000 184.7372 80.8516 247.4089 1.5014 1.6775 4.2373 -16.2013 1.5901 18.4501 -3.2811 0.5781
Car -1 -1 -7.5835 601.7897 169.8517 632.7457 187.8703 1.4639 1.6111 4.0174 1.3966 0.5174 60.5168 -7.5654 0.5517
Car -1 -1 -7.7563 545.9907 171.7535 577.7741 198.0266 1.5908 1.6635 3.7925 -2.4556 1.0007 45.4209 -7.8150 0.5449
Car -1 -1 -7.7510 601.2023 169.5814 624.7737 187.6671 1.4708 1.6167 3.8317 1.0273 0.5014 60.4138 -7.7389 0.5033
Car -1 -1 -4.1291 323.4742 179.0862 390.2365 207.6742 1.4183 1.5940 3.6007 -12.7313 1.2988 37.5815 -4.4587 0.4869
Car -1 -1 -4.2225 325.1970 178.6562 391.6695 207.0027 1.4231 1.6624 4.0122 -12.8356 1.2805 38.1766 -4.5499 0.4386
Pedestrian -1 -1 -3.0959 816.8549 143.4418 927.6391 329.7114 1.8165 0.5005 1.0386 2.7408 1.4461 7.4310 -2.7596 0.4347
Car -1 -1 -7.7802 545.3789 171.5818 575.5489 197.1861 1.5416 1.6581 3.3641 -2.5247 0.9445 44.9417 -7.8410 0.4270
Pedestrian -1 -1 -6.1821 832.2894 137.3683 940.3363 326.5286 1.8297 0.4862 0.9981 2.8779 1.4035 7.3860 -5.8282 0.4062
Car -1 -1 -7.8343 600.7969 170.1957 620.4431 188.4843 1.4919 1.6015 3.9174 0.8273 0.5696 60.5779 -7.8256 0.4050
Car -1 -1 -7.6049 601.7371 169.3790 630.2816 187.3915 1.4605 1.5534 3.6687 1.2786 0.4775 60.2197 -7.5886 0.3936
Car -1 -1 -7.7001 578.2397 168.8291 601.4611 186.4425 1.5551 1.5957 3.6013 -0.9930 0.4361 65.3114 -7.7201 0.3860
Car -1 -1 -7.6194 578.3619 168.7299 605.3090 187.1334 1.6232 1.6237 3.8370 -0.8089 0.4966 65.4046 -7.6366 0.3720
Car -1 -1 -7.8517 540.6010 171.9142 567.1818 197.3845 1.5431 1.6091 4.0390 -3.0195 0.9624 45.5894 -7.9224 0.3212
Car -1 -1 -7.6412 603.6859 168.8033 632.9062 187.3239 1.5082 1.6461 4.1671 1.4890 0.4741 60.7154 -7.6216 0.3080
Car -1 -1 -7.6682 577.1551 168.4312 603.2212 187.2613 1.6625 1.6458 4.2501 -0.9587 0.5084 65.6538 -7.6877 0.2974
Car -1 -1 -6.3414 0.0000 184.2920 72.9073 253.7036 1.5107 1.6617 4.3960 -16.0947 1.5892 17.9489 -7.0704 0.2939
Car -1 -1 -8.0035 536.3635 172.2066 572.4693 198.3225 1.5699 1.7179 3.6436 -2.9912 1.0113 45.1455 -8.0743 0.2740
Car -1 -1 -4.0274 317.6426 178.9592 385.9214 207.8931 1.4190 1.5679 3.3516 -12.8302 1.2946 37.0725 -4.3634 0.2506
Car -1 -1 -7.9544 596.5692 169.4366 620.3391 187.9504 1.5047 1.6105 3.6933 0.5859 0.5241 60.2961 -7.9496 0.2340
Car -1 -1 -4.2156 318.1147 179.4227 384.7412 208.0148 1.4170 1.6699 3.8529 -13.0232 1.3142 37.6342 -4.5516 0.2316
Car -1 -1 -4.3536 325.2132 179.0697 387.2196 207.5672 1.4345 1.7095 4.3965 -13.0143 1.3123 38.3805 -4.6835 0.2299
Car -1 -1 -7.4321 529.4927 170.0048 580.6263 196.7358 1.6230 1.7333 4.1274 -2.8970 0.9251 45.8497 -7.4998 0.2220
Car -1 -1 -7.4548 619.0526 165.9229 652.3785 184.9405 1.7439 1.6689 4.2115 3.3245 0.3152 68.1312 -7.4111 0.2159
Car -1 -1 -7.5509 618.4440 166.3924 648.3196 185.1632 1.7246 1.6808 4.1903 3.1081 0.3363 68.2542 -7.5105 0.1990
Car -1 -1 -7.4150 620.0358 165.0909 656.6758 184.5414 1.7845 1.7844 4.4235 3.5860 0.2787 68.2774 -7.3676 0.1982
Car -1 -1 -6.4912 0.0000 183.6447 81.7003 252.3417 1.5062 1.6566 4.1560 -15.8407 1.5670 18.0426 -7.2097 0.1807
Car -1 -1 -7.8155 577.3591 169.0538 596.5364 187.3581 1.6161 1.6200 3.7513 -1.2592 0.5170 65.3113 -7.8396 0.1694
Car -1 -1 -7.7764 618.7512 167.2322 639.3299 185.3830 1.6686 1.6562 4.1717 2.6867 0.3567 68.2016 -7.7420 0.1474
Car -1 -1 -4.1561 311.0692 179.9816 381.9037 208.6664 1.3957 1.7195 3.7538 -13.0474 1.3221 36.9686 -4.4982 0.1454
Car -1 -1 -7.5345 579.0930 168.9875 609.2433 187.0670 1.5917 1.6317 3.8494 -0.5943 0.4899 65.3225 -7.5484 0.1428
Car -1 -1 -3.5211 50.9817 181.2362 161.2458 213.7724 1.4972 1.6163 4.1518 -24.2055 1.4853 35.2307 -4.1247 0.1297
Car -1 -1 -5.1235 404.3507 177.4480 456.9576 203.0439 1.4641 1.5613 4.0741 -10.3079 1.2324 43.1834 -5.3615 0.0954
Car -1 -1 -5.0056 413.9571 177.6624 458.9858 203.0190 1.4576 1.5598 3.9402 -10.0042 1.2371 43.3888 -5.2359 0.0921
Car -1 -1 -4.8782 422.7670 178.3776 458.6162 203.2514 1.4317 1.5007 3.7059 -9.7340 1.2521 43.3457 -5.1028 0.0920
Cyclist -1 -1 -7.7035 155.9056 176.7815 190.4765 249.4857 1.6351 0.4559 1.6953 -10.1664 1.5295 17.0260 -8.2404 0.0884
Car -1 -1 -7.4249 623.3306 164.9914 659.1226 184.7390 1.8089 1.7345 4.4006 3.8511 0.2964 68.1513 -7.3735 0.0860
Pedestrian -1 -1 -4.5199 146.6851 198.3532 171.3964 250.9046 1.1624 0.4105 0.3940 -10.0786 1.5516 16.3103 -5.0716 0.0828
Pedestrian -1 -1 -3.7640 765.9308 164.8061 778.0842 189.3994 1.7953 0.5603 0.6673 12.5578 0.5766 52.8266 -3.5367 0.0810
Car -1 -1 -5.5219 195.4109 184.8943 276.0186 213.7461 1.4007 1.5368 3.5618 -18.5328 1.5789 36.4093 -5.9949 0.0728
Car -1 -1 -2.2995 205.5861 183.2425 283.6063 213.4117 1.4612 1.5740 3.5392 -18.0554 1.5529 36.3367 -2.7629 0.0699
Car -1 -1 -5.9007 174.9385 185.7947 265.6118 215.3094 1.4465 1.4764 3.7847 -19.2702 1.6699 36.4110 -6.3896 0.0663
Car -1 -1 -6.8655 20.3530 184.7685 135.5524 222.3173 1.4712 1.5831 3.6940 -22.1291 1.6194 30.5016 -7.4942 0.0615
Car -1 -1 -6.0354 0.0000 183.2479 121.3385 219.9513 1.4657 1.5977 3.8581 -22.7330 1.5433 30.3078 -6.6798 0.0541
Car -1 -1 -3.5179 46.4826 181.4262 156.5972 213.5170 1.4775 1.6329 4.1259 -24.4389 1.4743 35.2422 -4.1258 0.0517
Car -1 -1 -6.6708 8.8108 184.1638 134.0394 222.7585 1.5051 1.5556 3.9749 -22.3379 1.6259 30.4036 -7.3055 0.0492
Car -1 -1 -6.1443 0.0000 183.6305 105.3280 220.9588 1.4589 1.5285 3.7662 -22.9940 1.5525 29.8535 -6.8015 0.0477
Car -1 -1 -2.2598 391.3723 177.0710 458.2173 203.0241 1.4906 1.6486 4.1140 -10.6342 1.2364 43.1434 -2.5051 0.0413
Pedestrian -1 -1 -4.4328 155.1329 198.3014 181.4006 250.5324 1.1531 0.4076 0.4305 -9.8551 1.5407 16.2875 -4.9752 0.0367
Car -1 -1 -7.9981 571.5580 169.4872 595.6896 187.7351 1.6079 1.6421 3.8065 -1.6154 0.5491 65.3114 -8.0276 0.0355
Car -1 -1 -6.0094 0.0000 183.6896 118.3816 220.5768 1.4618 1.5374 3.8846 -22.7165 1.5581 30.0609 -6.6574 0.0328
Car -1 -1 -4.9659 436.3511 176.6831 487.6943 208.3575 1.4480 1.5238 3.7896 -6.8288 1.2280 34.8753 -5.1630 0.0255
Car -1 -1 -4.2024 38.7757 183.2888 115.7126 214.5926 1.4376 1.5284 3.4817 -25.4658 1.5296 35.0161 -4.8327 0.0238
Car -1 -1 -6.2339 3.0297 182.8457 123.3658 222.9699 1.5798 1.5439 3.9631 -22.4641 1.6398 30.1446 -6.8753 0.0237
Car -1 -1 -2.4633 295.9695 178.4166 376.1196 206.3856 1.4064 1.5455 3.7853 -13.8371 1.2516 37.4533 -2.8199 0.0217
Pedestrian -1 -1 -3.8899 701.9343 162.4402 714.3882 199.6439 1.8425 0.5405 0.3362 5.3221 0.8988 35.8937 -3.7487 0.0205
Car -1 -1 -4.8160 436.1966 176.6654 474.7823 208.0354 1.4373 1.4599 3.4686 -7.1172 1.2160 34.7859 -5.0214 0.0132
Pedestrian -1 -1 -3.2756 1190.0410 137.7420 1237.0000 281.4311 1.5786 0.4699 0.4691 7.0229 1.0986 8.2149 -2.5891 0.0117
Car -1 -1 -5.9366 39.3992 188.1335 128.6861 215.7872 1.5150 1.4407 3.8977 -29.5796 1.9067 41.1708 -6.5617 0.0092
Car -1 -1 -2.8712 29.9476 188.4645 122.6029 216.3258 1.5037 1.5184 4.0017 -29.8090 1.9141 40.8958 -3.5031 0.0080
Pedestrian -1 -1 -3.8067 705.2974 161.5575 718.8706 199.5275 1.8781 0.5445 0.4225 5.5146 0.8919 35.8720 -3.6602 0.0077
Car -1 -1 -4.7763 435.2351 176.9576 470.7076 208.1597 1.4206 1.4371 3.3744 -7.1823 1.2141 34.5237 -4.9849 0.0070
Car -1 -1 -6.2461 53.1259 187.7299 125.9179 217.4720 1.5951 1.5626 3.3115 -28.9588 1.9622 40.7435 -6.8660 0.0063
Car -1 -1 -5.9588 49.9186 188.7620 131.6571 219.0141 1.6487 1.5092 3.5046 -29.0559 2.0754 40.9687 -6.5778 0.0056
Car -1 -1 -4.7946 414.8075 176.4375 453.1491 208.6652 1.4584 1.4861 3.4948 -8.0691 1.2296 34.3993 -5.0284 0.0055
Car -1 -1 -4.9304 416.6590 177.0846 464.4731 207.6452 1.3841 1.4857 3.5529 -7.7709 1.1844 34.4559 -5.1556 0.0052
Pedestrian -1 -1 -2.9024 154.0627 178.1742 163.0443 207.9703 1.7142 0.6004 0.3120 -25.6840 1.5230 41.6596 -3.4571 0.0039
Cyclist -1 -1 -7.8321 631.2828 170.9191 636.1676 191.9169 1.5357 0.3408 1.3284 2.4095 0.7618 53.2086 -7.7920 0.0038
Car -1 -1 -4.8671 87.9741 186.1345 128.0370 217.1723 1.7239 1.3850 3.6485 -29.0355 2.0081 42.2349 -5.4716 0.0035
Car -1 -1 -2.7012 46.4986 190.2312 137.3571 219.7958 1.6213 1.5905 3.9513 -29.1484 2.1359 41.1933 -3.3191 0.0033
Car -1 -1 -4.6963 101.6446 187.7903 129.6257 219.6226 1.7475 1.3102 3.8894 -28.5028 2.1345 42.2023 -5.2926 0.0033
Cyclist -1 -1 -8.0025 626.3729 170.9936 633.4755 191.7244 1.5166 0.3314 1.2848 2.1226 0.7479 53.2066 -7.9678 0.0032
Car -1 -1 -2.6492 288.3805 177.8433 375.5199 207.5505 1.4946 1.6193 3.9265 -13.9301 1.3108 37.1992 -3.0103 0.0029
Pedestrian -1 -1 -3.4233 130.9472 174.1856 145.2235 216.4890 1.8650 0.4826 0.4158 -20.6464 1.5429 31.9844 -3.9979 0.0026
Car -1 -1 -1.8824 70.9977 188.1060 128.3572 220.5454 1.7594 1.5745 3.9444 -29.0218 2.1579 41.5145 -2.4947 0.0026
Cyclist -1 -1 -7.9855 629.9339 170.4031 637.2869 191.4678 1.5352 0.3538 1.3978 2.3887 0.7264 53.0660 -7.9457 0.0023
Car -1 -1 -2.4809 288.9498 177.6109 375.6377 207.6941 1.5110 1.6553 4.0732 -14.0353 1.3158 37.4708 -2.8420 0.0014
Pedestrian -1 -1 -3.8057 1203.7087 154.7523 1237.0000 289.3080 1.3328 0.3897 0.2926 6.3890 1.0686 7.3146 -3.1106 0.0011
Pedestrian -1 -1 -6.6386 627.9026 169.8859 638.4167 190.6154 1.5116 0.7728 0.5335 2.3461 0.6646 52.8295 -6.5994 0.0008
Car -1 -1 -2.7286 279.4741 178.1264 372.6412 208.0673 1.5060 1.6326 4.1839 -14.1608 1.3365 37.0402 -3.0965 0.0008
Pedestrian -1 -1 -6.6558 625.6125 169.7434 636.5186 190.1162 1.4862 0.7593 0.5606 2.1931 0.6285 52.8532 -6.6195 0.0005
Pedestrian -1 -1 -3.6406 648.4347 166.0892 657.7881 186.3503 1.8713 0.6870 0.6112 4.8385 0.4477 66.7843 -3.5734 0.0004
Pedestrian -1 -1 -4.0106 200.4972 202.3153 232.0290 253.0737 1.0898 0.4155 0.4628 -8.5676 1.5593 15.9135 -4.5030 0.0003
Pedestrian -1 -1 -7.8710 670.0906 174.0983 685.5088 209.1601 1.4602 0.6332 0.4119 3.1844 1.1523 30.1481 -7.7717 0.0002
Pedestrian -1 -1 -7.5634 668.8320 174.6920 688.6821 211.8116 1.5262 0.6957 0.5520 3.2042 1.2466 29.9225 -7.4627 0.0002
